1,1,1557.0,491.0,51.0,131.0,1,1,1.0
2,1,1556.0,490.0,49.0,132.0,1,1,1.0
3,1,1556.0,491.0,47.0,132.0,1,1,1.0
4,1,1554.0,491.0,45.0,131.0,1,1,1.0
5,1,1550.0,492.0,47.0,130.0,1,1,1.0
6,1,1546.0,492.0,47.0,130.0,1,1,1.0
7,1,1539.0,492.0,51.0,130.0,1,1,1.0
8,1,1529.0,492.0,57.0,130.0,1,1,1.0
9,1,1517.0,492.0,65.0,131.0,1,1,1.0
10,1,1508.0,492.0,71.0,130.0,1,1,1.0
11,1,1502.0,493.0,73.0,130.0,1,1,1.0
12,1,1499.0,494.0,75.0,129.0,1,1,1.0
13,1,1497.0,495.0,75.0,128.0,1,1,1.0
14,1,1496.0,495.0,74.0,128.0,1,1,1.0
15,1,1496.0,494.0,70.0,128.0,1,1,1.0
16,1,1496.0,494.0,63.0,128.0,1,1,1.0
17,1,1496.0,494.0,55.0,128.0,1,1,1.0
18,1,1496.0,492.0,50.0,131.0,1,1,1.0
19,1,1496.0,492.0,46.0,131.0,1,1,1.0
20,1,1495.0,492.0,44.0,132.0,1,1,1.0
21,1,1488.0,492.0,48.0,133.0,1,1,1.0
22,1,1480.0,493.0,54.0,133.0,1,1,1.0
23,1,1472.0,494.0,58.0,131.0,1,1,1.0
24,1,1465.0,494.0,61.0,131.0,1,1,1.0
25,1,1461.0,495.0,61.0,132.0,1,1,1.0
26,1,1458.0,494.0,62.0,133.0,1,1,1.0
27,1,1456.0,494.0,61.0,135.0,1,1,1.0
28,1,1456.0,493.0,57.0,135.0,1,1,1.0
29,1,1456.0,494.0,53.0,134.0,1,1,1.0
30,1,1455.0,495.0,50.0,134.0,1,1,1.0
31,1,1454.0,497.0,48.0,132.0,1,1,1.0
32,1,1451.0,499.0,47.0,129.0,1,1,1.0
33,1,1444.0,501.0,51.0,127.0,1,1,1.0
34,1,1433.0,503.0,58.0,125.0,1,1,1.0
35,1,1421.0,505.0,67.0,124.0,1,1,1.0
36,1,1410.0,506.0,73.0,122.0,1,1,1.0
37,1,1403.0,507.0,76.0,121.0,1,1,1.0
40,1,1397.0,506.0,75.0,124.0,1,1,1.0
41,1,1397.0,505.0,70.0,124.0,1,1,1.0
42,1,1397.0,504.0,64.0,125.0,1,1,1.0
43,1,1397.0,505.0,57.0,124.0,1,1,1.0
44,1,1397.0,504.0,51.0,125.0,1,1,1.0
45,1,1397.0,504.0,47.0,127.0,1,1,1.0
46,1,1395.0,503.0,45.0,129.0,1,1,1.0
47,1,1387.0,503.0,49.0,130.0,1,1,1.0
48,1,1377.0,503.0,55.0,132.0,1,1,1.0
49,1,1369.0,502.0,60.0,133.0,1,1,1.0
50,1,1362.0,501.0,62.0,134.0,1,1,1.0
51,1,1358.0,500.0,63.0,136.0,1,1,1.0
52,1,1356.0,499.0,64.0,138.0,1,1,1.0
53,1,1354.0,498.0,61.0,140.0,1,1,1.0
54,1,1353.0,497.0,56.0,142.0,1,1,1.0
55,1,1351.0,496.0,52.0,143.0,1,1,1.0
56,1,1348.0,495.0,52.0,144.0,1,1,1.0
57,1,1338.0,496.0,57.0,143.0,1,1,1.0
58,1,1335.0,496.0,56.0,143.0,1,1,1.0
59,1,1329.0,495.0,58.0,144.0,1,1,1.0
60,1,1317.0,495.0,65.0,144.0,1,1,1.0
61,1,1305.0,495.0,73.0,145.0,1,1,1.0
62,1,1296.0,494.0,80.0,145.0,1,1,1.0
63,1,1291.0,493.0,84.0,147.0,1,1,1.0
64,1,1288.0,493.0,87.0,147.0,1,1,1.0
65,1,1286.0,492.0,86.0,148.0,1,1,1.0
66,1,1286.0,492.0,82.0,147.0,1,1,1.0
67,1,1286.0,491.0,77.0,148.0,1,1,1.0
68,1,1287.0,490.0,65.0,149.0,1,1,1.0
69,1,1287.0,489.0,55.0,150.0,1,1,1.0
70,1,1286.0,489.0,49.0,151.0,1,1,1.0
71,1,1282.0,489.0,48.0,153.0,1,1,1.0
72,1,1276.0,488.0,50.0,155.0,1,1,1.0
73,1,1266.0,489.0,56.0,155.0,1,1,1.0
74,1,1255.0,490.0,62.0,155.0,1,1,1.0
75,1,1248.0,492.0,66.0,154.0,1,1,1.0
76,1,1244.0,495.0,69.0,152.0,1,1,1.0
77,1,1241.0,497.0,71.0,151.0,1,1,1.0
78,1,1240.0,498.0,68.0,151.0,1,1,1.0
79,1,1239.0,499.0,62.0,151.0,1,1,1.0
80,1,1238.0,499.0,56.0,150.0,1,1,1.0
81,1,1235.0,500.0,51.0,149.0,1,1,1.0
82,1,1231.0,501.0,52.0,148.0,1,1,1.0
83,1,1227.0,501.0,52.0,148.0,1,1,1.0
84,1,1220.0,502.0,55.0,147.0,1,1,1.0
85,1,1207.0,503.0,63.0,147.0,1,1,1.0
86,1,1192.0,503.0,73.0,147.0,1,1,1.0
87,1,1180.0,503.0,83.0,148.0,1,1,1.0
88,1,1174.0,502.0,88.0,149.0,1,1,1.0
89,1,1170.0,501.0,91.0,150.0,1,1,1.0
90,1,1168.0,501.0,90.0,151.0,1,1,1.0
91,1,1167.0,498.0,86.0,153.0,1,1,1.0
92,1,1167.0,497.0,79.0,154.0,1,1,1.0
93,1,1168.0,496.0,68.0,154.0,1,1,1.0
94,1,1169.0,497.0,58.0,154.0,1,1,1.0
95,1,1168.0,498.0,52.0,153.0,1,1,1.0
96,1,1166.0,501.0,48.0,152.0,1,1,1.0
97,1,1156.0,504.0,54.0,151.0,1,1,1.0
98,1,1143.0,507.0,62.0,148.0,1,1,1.0
99,1,1132.0,510.0,69.0,146.0,1,1,1.0
100,1,1123.0,513.0,75.0,143.0,1,1,1.0
101,1,1117.0,515.0,79.0,142.0,1,1,1.0
102,1,1113.0,516.0,83.0,142.0,1,1,1.0
103,1,1111.0,516.0,82.0,143.0,1,1,1.0
104,1,1110.0,515.0,76.0,144.0,1,1,1.0
105,1,1109.0,514.0,68.0,145.0,1,1,1.0
106,1,1107.0,514.0,58.0,146.0,1,1,1.0
107,1,1105.0,513.0,53.0,146.0,1,1,1.0
108,1,1099.0,513.0,54.0,147.0,1,1,1.0
109,1,1095.0,512.0,54.0,147.0,1,1,1.0
110,1,1085.0,512.0,58.0,147.0,1,1,1.0
111,1,1072.0,513.0,68.0,146.0,1,1,1.0
112,1,1059.0,514.0,79.0,146.0,1,1,1.0
113,1,1050.0,514.0,88.0,145.0,1,1,1.0
114,1,1044.0,515.0,93.0,145.0,1,1,1.0
115,1,1041.0,515.0,96.0,145.0,1,1,1.0
116,1,1039.0,514.0,97.0,145.0,1,1,1.0
117,1,1038.0,514.0,96.0,145.0,1,1,1.0
118,1,1038.0,513.0,92.0,146.0,1,1,1.0
119,1,1038.0,512.0,84.0,146.0,1,1,1.0
120,1,1038.0,511.0,74.0,146.0,1,1,1.0
121,1,1039.0,512.0,62.0,146.0,1,1,1.0
122,1,1039.0,512.0,50.0,146.0,1,1,1.0
123,1,1036.0,514.0,44.0,146.0,1,1,1.0
124,1,1029.0,515.0,46.0,147.0,1,1,1.0
125,1,1016.0,517.0,55.0,146.0,1,1,1.0
126,1,1003.0,518.0,66.0,146.0,1,1,1.0
127,1,992.0,519.0,77.0,146.0,1,1,1.0
128,1,984.0,520.0,84.0,145.0,1,1,1.0
129,1,979.0,520.0,89.0,146.0,1,1,1.0
130,1,975.0,521.0,90.0,146.0,1,1,1.0
131,1,974.0,523.0,87.0,145.0,1,1,1.0
132,1,973.0,524.0,79.0,144.0,1,1,1.0
133,1,973.0,524.0,68.0,144.0,1,1,1.0
134,1,974.0,523.0,57.0,144.0,1,1,1.0
135,1,971.0,524.0,49.0,144.0,1,1,1.0
136,1,965.0,523.0,47.0,144.0,1,1,1.0
137,1,957.0,524.0,50.0,143.0,1,1,1.0
138,1,943.0,524.0,62.0,143.0,1,1,1.0
139,1,928.0,524.0,76.0,144.0,1,1,1.0
140,1,915.0,524.0,88.0,144.0,1,1,1.0
141,1,907.0,524.0,95.0,145.0,1,1,1.0
142,1,905.0,523.0,97.0,146.0,1,1,1.0
143,1,903.0,523.0,98.0,147.0,1,1,1.0
144,1,902.0,522.0,94.0,149.0,1,1,1.0
145,1,902.0,521.0,88.0,151.0,1,1,1.0
146,1,902.0,518.0,77.0,153.0,1,1,1.0
147,1,902.0,517.0,69.0,154.0,1,1,1.0
148,1,902.0,517.0,56.0,155.0,1,1,1.0
149,1,901.0,517.0,45.0,157.0,1,1,1.0
150,1,896.0,517.0,43.0,159.0,1,1,1.0
151,1,884.0,518.0,52.0,160.0,1,1,1.0
152,1,870.0,520.0,64.0,159.0,1,1,1.0
153,1,859.0,522.0,75.0,158.0,1,1,1.0
154,1,852.0,524.0,82.0,157.0,1,1,1.0
155,1,846.0,525.0,87.0,157.0,1,1,1.0
156,1,844.0,525.0,89.0,157.0,1,1,1.0
157,1,842.0,525.0,85.0,159.0,1,1,1.0
158,1,842.0,524.0,77.0,160.0,1,1,1.0
159,1,842.0,522.0,69.0,162.0,1,1,1.0
160,1,840.0,520.0,62.0,164.0,1,1,1.0
161,1,837.0,519.0,51.0,166.0,1,1,1.0
162,1,833.0,518.0,47.0,166.0,1,1,1.0
163,1,827.0,517.0,50.0,167.0,1,1,1.0
164,1,817.0,515.0,58.0,168.0,1,1,1.0
165,1,802.0,515.0,72.0,168.0,1,1,1.0
166,1,788.0,516.0,85.0,168.0,1,1,1.0
167,1,776.0,516.0,97.0,168.0,1,1,1.0
168,1,770.0,519.0,103.0,166.0,1,1,1.0
169,1,766.0,518.0,107.0,167.0,1,1,1.0
170,1,764.0,519.0,108.0,166.0,1,1,1.0
171,1,763.0,519.0,101.0,166.0,1,1,1.0
172,1,763.0,520.0,93.0,165.0,1,1,1.0
173,1,763.0,518.0,81.0,167.0,1,1,1.0
174,1,763.0,518.0,69.0,166.0,1,1,1.0
175,1,761.0,518.0,57.0,168.0,1,1,1.0
176,1,757.0,518.0,47.0,169.0,1,1,1.0
177,1,749.0,518.0,50.0,171.0,1,1,1.0
178,1,735.0,518.0,62.0,172.0,1,1,1.0
179,1,720.0,521.0,77.0,169.0,1,1,1.0
180,1,707.0,522.0,90.0,168.0,1,1,1.0
181,1,698.0,524.0,99.0,166.0,1,1,1.0
182,1,692.0,524.0,104.0,166.0,1,1,1.0
183,1,688.0,525.0,108.0,166.0,1,1,1.0
184,1,687.0,526.0,105.0,167.0,1,1,1.0
185,1,686.0,526.0,97.0,167.0,1,1,1.0
186,1,687.0,526.0,87.0,167.0,1,1,1.0
187,1,687.0,526.0,75.0,167.0,1,1,1.0
188,1,685.0,525.0,64.0,168.0,1,1,1.0
189,1,680.0,525.0,54.0,169.0,1,1,1.0
190,1,675.0,525.0,51.0,168.0,1,1,1.0
191,1,668.0,526.0,54.0,168.0,1,1,1.0
192,1,654.0,528.0,67.0,165.0,1,1,1.0
193,1,639.0,532.0,82.0,162.0,1,1,1.0
194,1,626.0,535.0,95.0,159.0,1,1,1.0
195,1,618.0,536.0,103.0,157.0,1,1,1.0
196,1,614.0,539.0,107.0,155.0,1,1,1.0
197,1,611.0,540.0,108.0,154.0,1,1,1.0
198,1,610.0,540.0,102.0,154.0,1,1,1.0
199,1,610.0,540.0,93.0,154.0,1,1,1.0
200,1,611.0,538.0,81.0,156.0,1,1,1.0
201,1,610.0,536.0,70.0,157.0,1,1,1.0
202,1,606.0,536.0,59.0,158.0,1,1,1.0
203,1,600.0,536.0,50.0,158.0,1,1,1.0
204,1,594.0,537.0,53.0,160.0,1,1,1.0
205,1,581.0,539.0,63.0,159.0,1,1,1.0
206,1,566.0,541.0,78.0,157.0,1,1,1.0
207,1,553.0,543.0,91.0,155.0,1,1,1.0
208,1,545.0,545.0,100.0,153.0,1,1,1.0
209,1,540.0,547.0,105.0,151.0,1,1,1.0
210,1,538.0,548.0,104.0,151.0,1,1,1.0
211,1,537.0,548.0,100.0,151.0,1,1,1.0
212,1,536.0,548.0,91.0,151.0,1,1,1.0
213,1,536.0,547.0,82.0,152.0,1,1,1.0
214,1,533.0,546.0,72.0,153.0,1,1,1.0
215,1,529.0,546.0,63.0,153.0,1,1,1.0
216,1,524.0,544.0,53.0,155.0,1,1,1.0
217,1,518.0,543.0,53.0,156.0,1,1,1.0
218,1,511.0,542.0,57.0,157.0,1,1,1.0
219,1,498.0,542.0,69.0,158.0,1,1,1.0
220,1,485.0,542.0,83.0,159.0,1,1,1.0
221,1,475.0,543.0,94.0,158.0,1,1,1.0
222,1,470.0,544.0,98.0,157.0,1,1,1.0
223,1,468.0,545.0,98.0,157.0,1,1,1.0
224,1,467.0,545.0,95.0,156.0,1,1,1.0
225,1,467.0,546.0,87.0,154.0,1,1,1.0
226,1,463.0,545.0,80.0,153.0,1,1,1.0
227,1,459.0,545.0,73.0,153.0,1,1,1.0
228,1,455.0,545.0,62.0,153.0,1,1,1.0
229,1,450.0,545.0,54.0,154.0,1,1,1.0
230,1,445.0,546.0,56.0,156.0,1,1,1.0
231,1,433.0,546.0,66.0,157.0,1,1,1.0
232,1,419.0,547.0,80.0,156.0,1,1,1.0
233,1,407.0,548.0,93.0,156.0,1,1,1.0
234,1,399.0,549.0,101.0,155.0,1,1,1.0
235,1,395.0,550.0,103.0,155.0,1,1,1.0
236,1,392.0,551.0,102.0,154.0,1,1,1.0
237,1,389.0,551.0,99.0,155.0,1,1,1.0
238,1,388.0,550.0,90.0,156.0,1,1,1.0
239,1,387.0,550.0,81.0,157.0,1,1,1.0
240,1,382.0,549.0,74.0,159.0,1,1,1.0
241,1,378.0,548.0,65.0,160.0,1,1,1.0
242,1,373.0,547.0,60.0,160.0,1,1,1.0
243,1,367.0,548.0,59.0,160.0,1,1,1.0
244,1,361.0,548.0,63.0,160.0,1,1,1.0
245,1,349.0,549.0,75.0,159.0,1,1,1.0
246,1,337.0,549.0,87.0,160.0,1,1,1.0
247,1,328.0,550.0,97.0,159.0,1,1,1.0
248,1,322.0,550.0,100.0,159.0,1,1,1.0
249,1,320.0,551.0,100.0,159.0,1,1,1.0
250,1,320.0,551.0,96.0,160.0,1,1,1.0
251,1,319.0,550.0,88.0,160.0,1,1,1.0
252,1,317.0,549.0,81.0,161.0,1,1,1.0
253,1,313.0,549.0,74.0,161.0,1,1,1.0
255,1,303.0,550.0,57.0,162.0,1,1,1.0
256,1,298.0,550.0,57.0,164.0,1,1,1.0
257,1,292.0,550.0,60.0,166.0,1,1,1.0
258,1,281.0,550.0,71.0,167.0,1,1,1.0
262,1,255.0,554.0,93.0,164.0,1,1,1.0
263,1,253.0,555.0,93.0,164.0,1,1,1.0
264,1,251.0,555.0,89.0,164.0,1,1,1.0
265,1,248.0,554.0,82.0,165.0,1,1,1.0
266,1,243.0,552.0,77.0,167.0,1,1,1.0
267,1,238.0,550.0,68.0,169.0,1,1,1.0
268,1,234.0,549.0,61.0,171.0,1,1,1.0
269,1,228.0,548.0,58.0,172.0,1,1,1.0
270,1,223.0,549.0,60.0,171.0,1,1,1.0
271,1,218.0,546.0,64.0,174.0,1,1,1.0
272,1,209.0,549.0,74.0,171.0,1,1,1.0
273,1,201.0,549.0,82.0,171.0,1,1,1.0
274,1,196.0,551.0,86.0,170.0,1,1,1.0
275,1,193.0,551.0,88.0,170.0,1,1,1.0
276,1,191.0,552.0,87.0,169.0,1,1,1.0
277,1,187.0,550.0,86.0,170.0,1,1,1.0
280,1,176.0,551.0,66.0,167.0,1,1,1.0
281,1,172.0,552.0,58.0,167.0,1,1,1.0
282,1,168.0,552.0,54.0,168.0,1,1,1.0
283,1,164.0,554.0,57.0,167.0,1,1,1.0
284,1,160.0,555.0,61.0,166.0,1,1,1.0
285,1,149.0,557.0,71.0,164.0,1,1,1.0
286,1,141.0,559.0,79.0,162.0,1,1,1.0
287,1,135.0,561.0,86.0,159.0,1,1,1.0
288,1,132.0,563.0,88.0,157.0,1,1,1.0
289,1,131.0,565.0,88.0,155.0,1,1,1.0
290,1,130.0,566.0,87.0,154.0,1,1,1.0
291,1,127.0,565.0,83.0,155.0,1,1,1.0
292,1,123.0,564.0,79.0,156.0,1,1,1.0
293,1,119.0,563.0,74.0,157.0,1,1,1.0
294,1,115.0,562.0,69.0,158.0,1,1,1.0
295,1,110.0,561.0,63.0,159.0,1,1,1.0
296,1,107.0,559.0,57.0,161.0,1,1,1.0
297,1,103.0,558.0,57.0,161.0,1,1,1.0
298,1,100.0,560.0,58.0,160.0,1,1,1.0
299,1,96.0,561.0,61.0,159.0,1,1,1.0
300,1,92.0,560.0,66.0,160.0,1,1,1.0
301,1,87.0,560.0,71.0,160.0,1,1,1.0
302,1,83.0,560.0,74.0,160.0,1,1,1.0
303,1,79.0,561.0,75.0,160.0,1,1,1.0
304,1,74.0,560.0,76.0,160.0,1,1,1.0
306,1,67.0,555.0,68.0,161.0,1,1,1.0
307,1,63.0,553.0,64.0,162.0,1,1,1.0
308,1,59.0,553.0,58.0,163.0,1,1,1.0
309,1,56.0,551.0,54.0,167.0,1,1,1.0
310,1,51.0,552.0,56.0,166.0,1,1,1.0
311,1,46.0,549.0,61.0,169.0,1,1,1.0
312,1,41.0,553.0,66.0,165.0,1,1,1.0
313,1,34.0,555.0,73.0,163.0,1,1,1.0
317,1,18.0,559.0,81.0,160.0,1,1,1.0
325,1,0.0,534.0,52.0,185.0,1,1,1.0
326,1,0.0,533.0,50.0,187.0,1,1,1.0
327,1,0.0,535.0,49.0,185.0,1,1,1.0
328,1,0.0,536.0,48.0,185.0,1,1,1.0
329,1,0.0,537.0,47.0,184.0,1,1,1.0
330,1,0.0,539.0,44.0,182.0,1,1,1.0
413,2,0.0,529.0,25.0,154.0,1,1,1.0
414,2,0.0,527.0,31.0,156.0,1,1,1.0
415,2,0.0,524.0,42.0,158.0,1,1,1.0
417,2,0.0,524.0,60.0,158.0,1,1,1.0
418,2,1.0,525.0,66.0,157.0,1,1,1.0
419,2,1.0,524.0,69.0,157.0,1,1,1.0
420,2,1.0,525.0,71.0,155.0,1,1,1.0
421,2,3.0,525.0,65.0,152.0,1,1,1.0
422,2,6.0,526.0,60.0,150.0,1,1,1.0
423,2,11.0,526.0,55.0,151.0,1,1,1.0
424,2,18.0,524.0,48.0,153.0,1,1,1.0
425,2,23.0,523.0,50.0,156.0,1,1,1.0
426,2,28.0,522.0,47.0,157.0,1,1,1.0
427,2,31.0,521.0,43.0,158.0,1,1,1.0
428,2,34.0,520.0,42.0,159.0,1,1,1.0
429,2,39.0,521.0,46.0,158.0,1,1,1.0
430,2,42.0,520.0,52.0,159.0,1,1,1.0
431,2,45.0,519.0,59.0,159.0,1,1,1.0
432,2,47.0,519.0,65.0,160.0,1,1,1.0
433,2,48.0,518.0,68.0,159.0,1,1,1.0
434,2,51.0,518.0,67.0,157.0,1,1,1.0
435,2,53.0,517.0,65.0,156.0,1,1,1.0
436,2,57.0,517.0,61.0,155.0,1,1,1.0
437,2,63.0,516.0,55.0,154.0,1,1,1.0
438,2,70.0,516.0,48.0,153.0,1,1,1.0
439,2,76.0,517.0,41.0,153.0,1,1,1.0
440,2,80.0,517.0,41.0,152.0,1,1,1.0
441,2,84.0,518.0,42.0,150.0,1,1,1.0
442,2,88.0,518.0,48.0,149.0,1,1,1.0
443,2,91.0,517.0,58.0,150.0,1,1,1.0
444,2,94.0,516.0,66.0,151.0,1,1,1.0
445,2,97.0,514.0,71.0,152.0,1,1,1.0
446,2,98.0,515.0,74.0,151.0,1,1,1.0
447,2,99.0,513.0,77.0,153.0,1,1,1.0
448,2,102.0,515.0,75.0,148.0,1,1,1.0
449,2,105.0,511.0,72.0,152.0,1,1,1.0
450,2,111.0,509.0,66.0,153.0,1,1,1.0
451,2,118.0,507.0,57.0,154.0,1,1,1.0
452,2,125.0,506.0,49.0,155.0,1,1,1.0
453,2,130.0,505.0,42.0,157.0,1,1,1.0
454,2,134.0,506.0,41.0,156.0,1,1,1.0
455,2,138.0,505.0,41.0,157.0,1,1,1.0
456,2,141.0,503.0,48.0,158.0,1,1,1.0
457,2,145.0,502.0,51.0,159.0,1,1,1.0
458,2,147.0,502.0,58.0,159.0,1,1,1.0
459,2,149.0,502.0,61.0,159.0,1,1,1.0
460,2,150.0,503.0,62.0,157.0,1,1,1.0
461,2,152.0,502.0,61.0,156.0,1,1,1.0
462,2,156.0,502.0,57.0,155.0,1,1,1.0
463,2,161.0,505.0,52.0,152.0,1,1,1.0
464,2,168.0,504.0,49.0,149.0,1,1,1.0
465,2,174.0,504.0,44.0,148.0,1,1,1.0
466,2,180.0,505.0,43.0,144.0,1,1,1.0
467,2,184.0,505.0,44.0,144.0,1,1,1.0
468,2,188.0,502.0,47.0,147.0,1,1,1.0
469,2,192.0,502.0,51.0,147.0,1,1,1.0
470,2,195.0,503.0,64.0,146.0,1,1,1.0
471,2,195.0,502.0,73.0,147.0,1,1,1.0
472,2,198.0,503.0,76.0,145.0,1,1,1.0
473,2,199.0,503.0,78.0,143.0,1,1,1.0
474,2,201.0,503.0,78.0,143.0,1,1,1.0
475,2,204.0,501.0,75.0,144.0,1,1,1.0
476,2,209.0,499.0,67.0,144.0,1,1,1.0
477,2,216.0,499.0,57.0,143.0,1,1,1.0
478,2,223.0,497.0,50.0,143.0,1,1,1.0
479,2,228.0,497.0,47.0,143.0,1,1,1.0
480,2,235.0,495.0,44.0,146.0,1,1,1.0
481,2,238.0,493.0,47.0,148.0,1,1,1.0
482,2,242.0,492.0,48.0,150.0,1,1,1.0
483,2,245.0,491.0,55.0,151.0,1,1,1.0
484,2,248.0,490.0,60.0,152.0,1,1,1.0
485,2,249.0,490.0,65.0,152.0,1,1,1.0
486,2,252.0,489.0,68.0,151.0,1,1,1.0
487,2,253.0,490.0,67.0,150.0,1,1,1.0
488,2,255.0,488.0,64.0,151.0,1,1,1.0
489,2,260.0,486.0,57.0,152.0,1,1,1.0
490,2,266.0,486.0,52.0,149.0,1,1,1.0
491,2,274.0,485.0,45.0,148.0,1,1,1.0
492,2,280.0,485.0,41.0,148.0,1,1,1.0
493,2,285.0,483.0,41.0,147.0,1,1,1.0
494,2,289.0,484.0,42.0,146.0,1,1,1.0
495,2,293.0,483.0,45.0,147.0,1,1,1.0
496,2,296.0,484.0,52.0,146.0,1,1,1.0
498,2,300.0,487.0,70.0,142.0,1,1,1.0
499,2,301.0,485.0,75.0,143.0,1,1,1.0
500,2,302.0,483.0,78.0,144.0,1,1,1.0
501,2,304.0,482.0,78.0,145.0,1,1,1.0
502,2,307.0,481.0,75.0,144.0,1,1,1.0
503,2,313.0,480.0,69.0,144.0,1,1,1.0
504,2,321.0,479.0,60.0,143.0,1,1,1.0
505,2,329.0,478.0,51.0,144.0,1,1,1.0
506,2,336.0,478.0,47.0,144.0,1,1,1.0
507,2,340.0,477.0,49.0,145.0,1,1,1.0
508,2,343.0,476.0,52.0,146.0,1,1,1.0
509,2,346.0,476.0,55.0,146.0,1,1,1.0
510,2,351.0,476.0,56.0,146.0,1,1,1.0
511,2,354.0,476.0,61.0,146.0,1,1,1.0
512,2,356.0,476.0,63.0,146.0,1,1,1.0
513,2,356.0,476.0,67.0,145.0,1,1,1.0
514,2,358.0,475.0,68.0,145.0,1,1,1.0
515,2,362.0,474.0,65.0,144.0,1,1,1.0
516,2,368.0,470.0,58.0,145.0,1,1,1.0
518,2,382.0,472.0,46.0,141.0,1,1,1.0
519,2,387.0,470.0,44.0,142.0,1,1,1.0
520,2,391.0,468.0,44.0,144.0,1,1,1.0
521,2,395.0,471.0,44.0,141.0,1,1,1.0
522,2,398.0,473.0,48.0,140.0,1,1,1.0
523,2,400.0,471.0,59.0,142.0,1,1,1.0
524,2,402.0,468.0,67.0,144.0,1,1,1.0
525,2,403.0,469.0,72.0,142.0,1,1,1.0
526,2,404.0,469.0,73.0,141.0,1,1,1.0
527,2,405.0,468.0,73.0,140.0,1,1,1.0
528,2,408.0,468.0,68.0,138.0,1,1,1.0
529,2,415.0,467.0,60.0,136.0,1,1,1.0
530,2,423.0,466.0,53.0,135.0,1,1,1.0
531,2,430.0,466.0,46.0,136.0,1,1,1.0
532,2,434.0,465.0,46.0,136.0,1,1,1.0
533,2,437.0,464.0,49.0,137.0,1,1,1.0
534,2,441.0,464.0,53.0,137.0,1,1,1.0
535,2,444.0,463.0,54.0,138.0,1,1,1.0
536,2,447.0,462.0,54.0,139.0,1,1,1.0
537,2,451.0,463.0,53.0,139.0,1,1,1.0
538,2,452.0,460.0,54.0,142.0,1,1,1.0
539,2,453.0,461.0,55.0,140.0,1,1,1.0
540,2,455.0,462.0,53.0,138.0,1,1,1.0
541,2,459.0,462.0,49.0,137.0,1,1,1.0
542,2,465.0,463.0,41.0,133.0,1,1,1.0
543,2,469.0,463.0,41.0,132.0,1,1,1.0
547,2,483.0,461.0,48.0,132.0,1,1,1.0
548,2,487.0,457.0,55.0,135.0,1,1,1.0
549,2,489.0,451.0,63.0,142.0,1,1,1.0
550,2,489.0,453.0,68.0,139.0,1,1,1.0
551,2,490.0,454.0,71.0,138.0,1,1,1.0
552,2,491.0,453.0,72.0,138.0,1,1,1.0
553,2,492.0,451.0,71.0,139.0,1,1,1.0
554,2,496.0,446.0,68.0,142.0,1,1,1.0
555,2,501.0,446.0,62.0,141.0,1,1,1.0
556,2,508.0,447.0,55.0,139.0,1,1,1.0
557,2,516.0,449.0,49.0,137.0,1,1,1.0
558,2,522.0,449.0,49.0,137.0,1,1,1.0
559,2,527.0,449.0,50.0,137.0,1,1,1.0
560,2,531.0,447.0,51.0,139.0,1,1,1.0
561,2,535.0,448.0,52.0,139.0,1,1,1.0
562,2,538.0,448.0,53.0,139.0,1,1,1.0
563,2,539.0,446.0,56.0,140.0,1,1,1.0
564,2,540.0,449.0,59.0,138.0,1,1,1.0
565,2,541.0,449.0,58.0,137.0,1,1,1.0
566,2,543.0,449.0,57.0,135.0,1,1,1.0
567,2,546.0,449.0,51.0,134.0,1,1,1.0
568,2,552.0,448.0,45.0,132.0,1,1,1.0
569,2,560.0,448.0,39.0,131.0,1,1,1.0
570,2,565.0,448.0,38.0,130.0,1,1,1.0
571,2,570.0,449.0,37.0,128.0,1,1,1.0
572,2,574.0,450.0,38.0,127.0,1,1,1.0
573,2,576.0,449.0,41.0,128.0,1,1,1.0
574,2,579.0,449.0,48.0,127.0,1,1,1.0
575,2,581.0,450.0,56.0,126.0,1,1,1.0
576,2,582.0,451.0,62.0,125.0,1,1,1.0
577,2,582.0,451.0,64.0,124.0,1,1,1.0
578,2,583.0,452.0,65.0,124.0,1,1,1.0
579,2,586.0,451.0,63.0,123.0,1,1,1.0
580,2,589.0,450.0,60.0,124.0,1,1,1.0
581,2,593.0,450.0,55.0,124.0,1,1,1.0
582,2,600.0,451.0,48.0,122.0,1,1,1.0
583,2,606.0,450.0,41.0,122.0,1,1,1.0
584,2,613.0,449.0,34.0,123.0,1,1,1.0
585,2,617.0,448.0,31.0,125.0,1,1,1.0
586,2,620.0,449.0,34.0,124.0,1,1,1.0
587,2,622.0,449.0,39.0,124.0,1,1,1.0
588,2,624.0,448.0,45.0,125.0,1,1,1.0
589,2,624.0,448.0,48.0,125.0,1,1,1.0
590,2,625.0,448.0,49.0,125.0,1,1,1.0
591,2,625.0,448.0,49.0,124.0,1,1,1.0
592,2,626.0,448.0,49.0,124.0,1,1,1.0
593,2,628.0,448.0,46.0,123.0,1,1,1.0
594,2,632.0,446.0,43.0,125.0,1,1,1.0
595,2,635.0,447.0,40.0,124.0,1,1,1.0
596,2,638.0,447.0,36.0,124.0,1,1,1.0
597,2,639.0,448.0,36.0,124.0,1,1,1.0
598,2,641.0,448.0,37.0,125.0,1,1,1.0
599,2,643.0,448.0,40.0,125.0,1,1,1.0
600,2,644.0,449.0,44.0,125.0,1,1,1.0
601,2,645.0,449.0,46.0,125.0,1,1,1.0
602,2,647.0,448.0,46.0,126.0,1,1,1.0
603,2,650.0,450.0,45.0,124.0,1,1,1.0
604,2,651.0,452.0,45.0,124.0,1,1,1.0
605,2,653.0,453.0,43.0,123.0,1,1,1.0
606,2,655.0,453.0,42.0,123.0,1,1,1.0
607,2,659.0,454.0,39.0,123.0,1,1,1.0
608,2,661.0,453.0,37.0,124.0,1,1,1.0
609,2,663.0,453.0,37.0,124.0,1,1,1.0
610,2,666.0,454.0,37.0,124.0,1,1,1.0
611,2,668.0,453.0,38.0,124.0,1,1,1.0
612,2,669.0,452.0,40.0,125.0,1,1,1.0
613,2,672.0,451.0,43.0,126.0,1,1,1.0
614,2,674.0,452.0,49.0,125.0,1,1,1.0
615,2,676.0,452.0,54.0,125.0,1,1,1.0
616,2,677.0,454.0,59.0,124.0,1,1,1.0
617,2,678.0,453.0,62.0,124.0,1,1,1.0
618,2,679.0,453.0,64.0,125.0,1,1,1.0
619,2,679.0,454.0,64.0,125.0,1,1,1.0
620,2,682.0,454.0,62.0,125.0,1,1,1.0
621,2,685.0,454.0,58.0,125.0,1,1,1.0
622,2,690.0,455.0,54.0,125.0,1,1,1.0
623,2,696.0,456.0,47.0,124.0,1,1,1.0
624,2,700.0,457.0,43.0,123.0,1,1,1.0
625,2,703.0,457.0,41.0,124.0,1,1,1.0
626,2,706.0,458.0,40.0,124.0,1,1,1.0
627,2,708.0,459.0,39.0,126.0,1,1,1.0
628,2,711.0,460.0,40.0,127.0,1,1,1.0
629,2,713.0,460.0,43.0,127.0,1,1,1.0
630,2,715.0,461.0,45.0,127.0,1,1,1.0
631,2,718.0,461.0,44.0,128.0,1,1,1.0
632,2,720.0,461.0,43.0,129.0,1,1,1.0
633,2,723.0,460.0,41.0,131.0,1,1,1.0
634,2,726.0,459.0,40.0,132.0,1,1,1.0
635,2,729.0,459.0,38.0,132.0,1,1,1.0
636,2,732.0,457.0,38.0,134.0,1,1,1.0
637,2,735.0,458.0,40.0,133.0,1,1,1.0
638,2,737.0,458.0,41.0,133.0,1,1,1.0
639,2,740.0,457.0,41.0,134.0,1,1,1.0
640,2,743.0,457.0,47.0,134.0,1,1,1.0
641,2,745.0,458.0,56.0,134.0,1,1,1.0
642,2,745.0,458.0,63.0,134.0,1,1,1.0
643,2,745.0,458.0,69.0,134.0,1,1,1.0
644,2,745.0,460.0,72.0,134.0,1,1,1.0
645,2,746.0,460.0,72.0,134.0,1,1,1.0
646,2,748.0,460.0,71.0,135.0,1,1,1.0
647,2,753.0,461.0,66.0,134.0,1,1,1.0
648,2,760.0,460.0,59.0,135.0,1,1,1.0
649,2,767.0,459.0,51.0,136.0,1,1,1.0
650,2,774.0,458.0,45.0,137.0,1,1,1.0
651,2,778.0,459.0,41.0,138.0,1,1,1.0
652,2,780.0,459.0,41.0,141.0,1,1,1.0
653,2,782.0,459.0,41.0,143.0,1,1,1.0
654,2,785.0,459.0,44.0,145.0,1,1,1.0
655,2,788.0,459.0,45.0,146.0,1,1,1.0
656,2,791.0,458.0,45.0,148.0,1,1,1.0
657,2,793.0,458.0,45.0,149.0,1,1,1.0
658,2,795.0,458.0,45.0,151.0,1,1,1.0
659,2,799.0,457.0,44.0,151.0,1,1,1.0
660,2,802.0,457.0,44.0,152.0,1,1,1.0
661,2,805.0,456.0,44.0,152.0,1,1,1.0
662,2,807.0,455.0,45.0,153.0,1,1,1.0
663,2,810.0,456.0,46.0,152.0,1,1,1.0
664,2,813.0,457.0,48.0,152.0,1,1,1.0
665,2,816.0,457.0,53.0,152.0,1,1,1.0
666,2,817.0,459.0,61.0,151.0,1,1,1.0
667,2,818.0,462.0,68.0,148.0,1,1,1.0
668,2,818.0,464.0,73.0,147.0,1,1,1.0
669,2,818.0,464.0,75.0,148.0,1,1,1.0
670,2,820.0,466.0,75.0,146.0,1,1,1.0
671,2,823.0,466.0,72.0,147.0,1,1,1.0
672,2,828.0,463.0,68.0,150.0,1,1,1.0
673,2,834.0,464.0,63.0,149.0,1,1,1.0
674,2,842.0,465.0,55.0,147.0,1,1,1.0
675,2,850.0,464.0,49.0,150.0,1,1,1.0
676,2,858.0,466.0,47.0,149.0,1,1,1.0
677,2,861.0,465.0,45.0,152.0,1,1,1.0
678,2,865.0,469.0,46.0,150.0,1,1,1.0
679,2,868.0,473.0,48.0,148.0,1,1,1.0
680,2,869.0,475.0,53.0,146.0,1,1,1.0
681,2,869.0,477.0,58.0,145.0,1,1,1.0
682,2,870.0,477.0,61.0,146.0,1,1,1.0
683,2,872.0,477.0,61.0,147.0,1,1,1.0
684,2,875.0,477.0,59.0,148.0,1,1,1.0
685,2,880.0,476.0,55.0,149.0,1,1,1.0
686,2,887.0,476.0,50.0,149.0,1,1,1.0
687,2,893.0,476.0,48.0,149.0,1,1,1.0
688,2,899.0,476.0,45.0,149.0,1,1,1.0
689,2,904.0,476.0,44.0,148.0,1,1,1.0
690,2,907.0,476.0,45.0,149.0,1,1,1.0
691,2,909.0,476.0,52.0,149.0,1,1,1.0
692,2,910.0,476.0,62.0,150.0,1,1,1.0
693,2,911.0,476.0,71.0,151.0,1,1,1.0
694,2,911.0,476.0,79.0,152.0,1,1,1.0
695,2,912.0,475.0,83.0,154.0,1,1,1.0
696,2,913.0,475.0,84.0,155.0,1,1,1.0
697,2,915.0,475.0,83.0,155.0,1,1,1.0
698,2,919.0,475.0,79.0,155.0,1,1,1.0
699,2,926.0,477.0,72.0,154.0,1,1,1.0
700,2,935.0,478.0,63.0,153.0,1,1,1.0
701,2,945.0,479.0,54.0,151.0,1,1,1.0
702,2,955.0,481.0,47.0,150.0,1,1,1.0
703,2,961.0,484.0,44.0,150.0,1,1,1.0
704,2,965.0,486.0,45.0,149.0,1,1,1.0
705,2,968.0,488.0,48.0,150.0,1,1,1.0
706,2,969.0,491.0,55.0,149.0,1,1,1.0
707,2,970.0,493.0,61.0,148.0,1,1,1.0
708,2,970.0,494.0,66.0,147.0,1,1,1.0
709,2,972.0,495.0,68.0,147.0,1,1,1.0
710,2,974.0,495.0,68.0,148.0,1,1,1.0
711,2,979.0,497.0,63.0,147.0,1,1,1.0
712,2,986.0,499.0,57.0,145.0,1,1,1.0
713,2,993.0,500.0,53.0,144.0,1,1,1.0
714,2,1001.0,502.0,47.0,142.0,1,1,1.0
715,2,1006.0,504.0,53.0,140.0,1,1,1.0
716,2,1010.0,505.0,49.0,139.0,1,1,1.0
717,2,1014.0,504.0,53.0,140.0,1,1,1.0
718,2,1015.0,504.0,62.0,141.0,1,1,1.0
719,2,1016.0,502.0,74.0,143.0,1,1,1.0
720,2,1016.0,500.0,85.0,145.0,1,1,1.0
721,2,1016.0,498.0,91.0,149.0,1,1,1.0
722,2,1017.0,496.0,92.0,152.0,1,1,1.0
723,2,1018.0,495.0,92.0,155.0,1,1,1.0
724,2,1022.0,494.0,88.0,157.0,1,1,1.0
725,2,1028.0,493.0,82.0,158.0,1,1,1.0
726,2,1036.0,492.0,74.0,159.0,1,1,1.0
727,2,1045.0,491.0,66.0,160.0,1,1,1.0
728,2,1056.0,491.0,60.0,159.0,1,1,1.0
729,2,1066.0,491.0,54.0,160.0,1,1,1.0
730,2,1071.0,492.0,54.0,162.0,1,1,1.0
731,2,1073.0,494.0,56.0,163.0,1,1,1.0
732,2,1073.0,497.0,62.0,164.0,1,1,1.0
733,2,1074.0,499.0,70.0,163.0,1,1,1.0
734,2,1077.0,501.0,76.0,163.0,1,1,1.0
735,2,1081.0,503.0,78.0,162.0,1,1,1.0
736,2,1084.0,504.0,78.0,162.0,1,1,1.0
737,2,1089.0,505.0,75.0,163.0,1,1,1.0
738,2,1097.0,506.0,69.0,163.0,1,1,1.0
739,2,1106.0,506.0,63.0,163.0,1,1,1.0
740,2,1117.0,505.0,55.0,164.0,1,1,1.0
741,2,1127.0,506.0,50.0,164.0,1,1,1.0
742,2,1134.0,507.0,48.0,163.0,1,1,1.0
743,2,1136.0,508.0,52.0,162.0,1,1,1.0
744,2,1136.0,509.0,63.0,161.0,1,1,1.0
745,2,1136.0,511.0,77.0,161.0,1,1,1.0
746,2,1136.0,512.0,89.0,161.0,1,1,1.0
747,2,1137.0,513.0,96.0,162.0,1,1,1.0
748,2,1138.0,514.0,97.0,164.0,1,1,1.0
749,2,1141.0,514.0,94.0,165.0,1,1,1.0
750,2,1149.0,513.0,87.0,166.0,1,1,1.0
751,2,1158.0,512.0,78.0,168.0,1,1,1.0
752,2,1169.0,508.0,70.0,172.0,1,1,1.0
753,2,1180.0,507.0,61.0,173.0,1,1,1.0
754,2,1190.0,508.0,56.0,174.0,1,1,1.0
755,2,1196.0,508.0,57.0,178.0,1,1,1.0
756,2,1199.0,509.0,59.0,180.0,1,1,1.0
757,2,1200.0,510.0,67.0,182.0,1,1,1.0
758,2,1203.0,512.0,73.0,182.0,1,1,1.0
759,2,1205.0,514.0,78.0,181.0,1,1,1.0
760,2,1207.0,513.0,80.0,183.0,1,1,1.0
761,2,1210.0,514.0,79.0,184.0,1,1,1.0
762,2,1217.0,514.0,77.0,185.0,1,1,1.0
763,2,1225.0,515.0,73.0,184.0,1,1,1.0
764,2,1235.0,516.0,68.0,183.0,1,1,1.0
765,2,1245.0,516.0,62.0,182.0,1,1,1.0
766,2,1252.0,518.0,58.0,180.0,1,1,1.0
767,2,1256.0,519.0,60.0,180.0,1,1,1.0
768,2,1257.0,521.0,67.0,179.0,1,1,1.0
769,2,1258.0,522.0,80.0,179.0,1,1,1.0
770,2,1259.0,524.0,92.0,178.0,1,1,1.0
771,2,1259.0,526.0,98.0,178.0,1,1,1.0
772,2,1260.0,527.0,105.0,179.0,1,1,1.0
773,2,1263.0,529.0,101.0,180.0,1,1,1.0
774,2,1269.0,529.0,94.0,180.0,1,1,1.0
775,2,1277.0,529.0,90.0,181.0,1,1,1.0
776,2,1288.0,529.0,83.0,181.0,1,1,1.0
777,2,1300.0,528.0,77.0,182.0,1,1,1.0
778,2,1313.0,528.0,69.0,183.0,1,1,1.0
779,2,1322.0,528.0,66.0,187.0,1,1,1.0
780,2,1326.0,529.0,65.0,190.0,1,1,1.0
781,2,1328.0,530.0,69.0,193.0,1,1,1.0
782,2,1329.0,532.0,75.0,193.0,1,1,1.0
783,2,1330.0,534.0,81.0,192.0,1,1,1.0
784,2,1330.0,535.0,84.0,191.0,1,1,1.0
785,2,1331.0,536.0,87.0,192.0,1,1,1.0
786,2,1334.0,537.0,87.0,192.0,1,1,1.0
787,2,1341.0,537.0,83.0,192.0,1,1,1.0
788,2,1350.0,538.0,79.0,192.0,1,1,1.0
789,2,1360.0,539.0,74.0,191.0,1,1,1.0
790,2,1371.0,538.0,67.0,191.0,1,1,1.0
791,2,1381.0,539.0,62.0,191.0,1,1,1.0
792,2,1385.0,539.0,62.0,191.0,1,1,1.0
793,2,1386.0,539.0,67.0,191.0,1,1,1.0
794,2,1386.0,540.0,75.0,192.0,1,1,1.0
795,2,1387.0,541.0,89.0,192.0,1,1,1.0
796,2,1387.0,543.0,99.0,191.0,1,1,1.0
797,2,1387.0,545.0,103.0,192.0,1,1,1.0
798,2,1390.0,546.0,103.0,192.0,1,1,1.0
799,2,1395.0,547.0,101.0,192.0,1,1,1.0
800,2,1402.0,548.0,98.0,191.0,1,1,1.0
801,2,1411.0,549.0,92.0,190.0,1,1,1.0
802,2,1422.0,550.0,88.0,190.0,1,1,1.0
803,2,1438.0,550.0,78.0,190.0,1,1,1.0
804,2,1448.0,550.0,74.0,192.0,1,1,1.0
805,2,1453.0,550.0,74.0,196.0,1,1,1.0
806,2,1457.0,551.0,75.0,199.0,1,1,1.0
807,2,1459.0,552.0,78.0,201.0,1,1,1.0
808,2,1459.0,553.0,85.0,201.0,1,1,1.0
809,2,1460.0,556.0,91.0,199.0,1,1,1.0
810,2,1460.0,558.0,95.0,198.0,1,1,1.0
811,2,1463.0,560.0,97.0,199.0,1,1,1.0
812,2,1469.0,561.0,95.0,198.0,1,1,1.0
813,2,1477.0,562.0,92.0,198.0,1,1,1.0
814,2,1488.0,562.0,86.0,197.0,1,1,1.0
815,2,1499.0,564.0,79.0,195.0,1,1,1.0
816,2,1511.0,566.0,71.0,193.0,1,1,1.0
817,2,1519.0,568.0,68.0,192.0,1,1,1.0
818,2,1523.0,569.0,71.0,190.0,1,1,1.0
819,2,1524.0,571.0,77.0,189.0,1,1,1.0
820,2,1524.0,571.0,84.0,189.0,1,1,1.0
821,2,1524.0,573.0,93.0,189.0,1,1,1.0
822,2,1525.0,574.0,101.0,189.0,1,1,1.0
823,2,1526.0,576.0,103.0,189.0,1,1,1.0
824,2,1528.0,578.0,104.0,189.0,1,1,1.0
825,2,1531.0,580.0,104.0,187.0,1,1,1.0
826,2,1544.0,581.0,96.0,186.0,1,1,1.0
827,2,1557.0,582.0,88.0,186.0,1,1,1.0
828,2,1569.0,582.0,81.0,185.0,1,1,1.0
829,2,1579.0,582.0,75.0,186.0,1,1,1.0
830,2,1595.0,581.0,65.0,191.0,1,1,1.0
831,2,1597.0,581.0,67.0,194.0,1,1,1.0
832,2,1599.0,581.0,71.0,197.0,1,1,1.0
833,2,1599.0,581.0,81.0,198.0,1,1,1.0
834,2,1598.0,581.0,92.0,198.0,1,1,1.0
835,2,1598.0,582.0,101.0,199.0,1,1,1.0
836,2,1597.0,582.0,103.0,200.0,1,1,1.0
837,2,1599.0,582.0,103.0,200.0,1,1,1.0
838,2,1606.0,582.0,98.0,201.0,1,1,1.0
839,2,1615.0,582.0,93.0,201.0,1,1,1.0
840,2,1625.0,581.0,88.0,202.0,1,1,1.0
841,2,1635.0,581.0,84.0,202.0,1,1,1.0
842,2,1650.0,579.0,74.0,204.0,1,1,1.0
843,2,1660.0,579.0,68.0,204.0,1,1,1.0
844,2,1666.0,579.0,69.0,204.0,1,1,1.0
845,2,1668.0,579.0,76.0,204.0,1,1,1.0
846,2,1669.0,579.0,80.0,203.0,1,1,1.0
847,2,1669.0,579.0,79.0,203.0,1,1,1.0
848,2,1669.0,579.0,80.0,203.0,1,1,1.0
849,2,1669.0,579.0,82.0,203.0,1,1,1.0
850,2,1670.0,579.0,83.0,203.0,1,1,1.0
851,2,1671.0,579.0,83.0,202.0,1,1,1.0
852,2,1675.0,579.0,82.0,201.0,1,1,1.0
853,2,1679.0,580.0,81.0,200.0,1,1,1.0
854,2,1683.0,580.0,78.0,201.0,1,1,1.0
855,2,1687.0,579.0,76.0,203.0,1,1,1.0
856,2,1693.0,580.0,71.0,204.0,1,1,1.0
857,2,1699.0,580.0,65.0,204.0,1,1,1.0
858,2,1703.0,581.0,61.0,204.0,1,1,1.0
