6,1,1883.0,326.0,33.0,140.0,1,1,1.0
7,1,1882.0,325.0,32.0,140.0,1,1,1.0
8,1,1882.0,324.0,31.0,141.0,1,1,1.0
9,1,1879.0,323.0,34.0,141.0,1,1,1.0
9,2,1901.0,363.0,18.0,142.0,1,1,1.0
10,1,1878.0,323.0,35.0,140.0,1,1,1.0
10,2,1899.0,361.0,20.0,143.0,1,1,1.0
11,1,1875.0,322.0,37.0,137.0,1,1,1.0
11,2,1897.0,358.0,22.0,146.0,1,1,1.0
12,1,1874.0,322.0,38.0,136.0,1,1,1.0
12,2,1895.0,358.0,24.0,144.0,1,1,1.0
13,1,1873.0,322.0,40.0,139.0,1,1,1.0
13,2,1895.0,357.0,24.0,138.0,1,1,1.0
14,1,1873.0,322.0,35.0,138.0,1,1,1.0
14,2,1896.0,357.0,23.0,136.0,1,1,1.0
15,1,1873.0,321.0,33.0,138.0,1,1,1.0
15,2,1895.0,356.0,24.0,137.0,1,1,1.0
16,1,1873.0,319.0,30.0,139.0,1,1,1.0
16,2,1894.0,354.0,25.0,138.0,1,1,1.0
17,1,1873.0,319.0,29.0,140.0,1,1,1.0
17,2,1895.0,352.0,24.0,139.0,1,1,1.0
18,1,1873.0,318.0,27.0,142.0,1,1,1.0
18,2,1895.0,348.0,24.0,142.0,1,1,1.0
19,1,1872.0,317.0,28.0,143.0,1,1,1.0
19,2,1895.0,347.0,24.0,142.0,1,1,1.0
20,1,1872.0,317.0,29.0,142.0,1,1,1.0
20,2,1895.0,349.0,24.0,138.0,1,1,1.0
21,1,1871.0,317.0,30.0,142.0,1,1,1.0
21,2,1893.0,351.0,26.0,134.0,1,1,1.0
22,1,1870.0,316.0,30.0,143.0,1,1,1.0
22,2,1893.0,351.0,25.0,132.0,1,1,1.0
23,1,1870.0,316.0,31.0,144.0,1,1,1.0
23,2,1894.0,349.0,25.0,133.0,1,1,1.0
24,1,1870.0,316.0,32.0,145.0,1,1,1.0
24,2,1894.0,346.0,25.0,135.0,1,1,1.0
25,1,1869.0,316.0,34.0,145.0,1,1,1.0
25,2,1895.0,345.0,24.0,135.0,1,1,1.0
26,1,1868.0,316.0,36.0,145.0,1,1,1.0
26,2,1896.0,344.0,23.0,135.0,1,1,1.0
27,1,1867.0,316.0,36.0,145.0,1,1,1.0
27,2,1896.0,344.0,23.0,135.0,1,1,1.0
28,1,1867.0,316.0,36.0,145.0,1,1,1.0
28,2,1895.0,343.0,24.0,135.0,1,1,1.0
29,1,1866.0,316.0,37.0,146.0,1,1,1.0
29,2,1893.0,343.0,26.0,132.0,1,1,1.0
30,1,1866.0,316.0,38.0,145.0,1,1,1.0
30,2,1890.0,343.0,29.0,130.0,1,1,1.0
31,1,1865.0,316.0,37.0,142.0,1,1,1.0
31,2,1889.0,342.0,29.0,130.0,1,1,1.0
32,1,1865.0,317.0,37.0,140.0,1,1,1.0
32,2,1889.0,342.0,30.0,130.0,1,1,1.0
33,1,1864.0,317.0,36.0,140.0,1,1,1.0
33,2,1887.0,341.0,31.0,130.0,1,1,1.0
34,1,1864.0,317.0,37.0,139.0,1,1,1.0
34,2,1887.0,340.0,31.0,131.0,1,1,1.0
35,1,1864.0,318.0,37.0,139.0,1,1,1.0
35,2,1886.0,340.0,31.0,129.0,1,1,1.0
36,1,1863.0,318.0,37.0,138.0,1,1,1.0
36,2,1886.0,341.0,30.0,126.0,1,1,1.0
37,1,1861.0,318.0,40.0,138.0,1,1,1.0
38,1,1859.0,318.0,37.0,138.0,1,1,1.0
38,2,1885.0,339.0,27.0,126.0,1,1,1.0
39,1,1860.0,318.0,32.0,138.0,1,1,1.0
39,2,1884.0,338.0,26.0,127.0,1,1,1.0
40,1,1858.0,318.0,31.0,138.0,1,1,1.0
40,2,1882.0,337.0,25.0,128.0,1,1,1.0
41,1,1853.0,318.0,34.0,137.0,1,1,1.0
41,2,1880.0,337.0,25.0,128.0,1,1,1.0
42,2,1878.0,338.0,26.0,126.0,1,1,1.0
43,2,1873.0,338.0,30.0,124.0,1,1,1.0
44,2,1867.0,338.0,35.0,122.0,1,1,1.0
45,2,1864.0,338.0,36.0,122.0,1,1,1.0
46,2,1860.0,336.0,39.0,124.0,1,1,1.0
47,2,1858.0,336.0,40.0,124.0,1,1,1.0
48,2,1855.0,336.0,42.0,124.0,1,1,1.0
49,2,1853.0,337.0,43.0,124.0,1,1,1.0
50,2,1853.0,341.0,43.0,121.0,1,1,1.0
51,2,1853.0,341.0,42.0,120.0,1,1,1.0
52,1,1826.0,320.0,41.0,131.0,1,1,1.0
52,2,1853.0,342.0,38.0,120.0,1,1,1.0
53,1,1825.0,314.0,37.0,136.0,1,1,1.0
53,2,1853.0,339.0,33.0,123.0,1,1,1.0
54,2,1851.0,340.0,31.0,121.0,1,1,1.0
55,1,1824.0,311.0,34.0,141.0,1,1,1.0
55,2,1848.0,340.0,31.0,122.0,1,1,1.0
56,1,1819.0,311.0,39.0,142.0,1,1,1.0
56,2,1841.0,339.0,36.0,122.0,1,1,1.0
57,1,1813.0,311.0,42.0,141.0,1,1,1.0
57,2,1835.0,339.0,40.0,123.0,1,1,1.0
58,1,1807.0,311.0,46.0,142.0,1,1,1.0
58,2,1828.0,338.0,43.0,124.0,1,1,1.0
59,1,1802.0,311.0,46.0,141.0,1,1,1.0
59,2,1824.0,336.0,45.0,125.0,1,1,1.0
60,1,1798.0,311.0,49.0,141.0,1,1,1.0
60,2,1822.0,335.0,46.0,126.0,1,1,1.0
61,1,1796.0,310.0,48.0,143.0,1,1,1.0
61,2,1822.0,337.0,44.0,125.0,1,1,1.0
62,1,1796.0,310.0,49.0,143.0,1,1,1.0
62,2,1821.0,339.0,41.0,122.0,1,1,1.0
63,1,1795.0,309.0,45.0,144.0,1,1,1.0
63,2,1821.0,339.0,38.0,122.0,1,1,1.0
64,1,1795.0,311.0,39.0,142.0,1,1,1.0
64,2,1820.0,336.0,34.0,125.0,1,1,1.0
65,1,1794.0,310.0,36.0,143.0,1,1,1.0
65,2,1818.0,335.0,34.0,126.0,1,1,1.0
66,1,1792.0,309.0,34.0,144.0,1,1,1.0
66,2,1813.0,333.0,37.0,130.0,1,1,1.0
67,1,1788.0,309.0,37.0,143.0,1,1,1.0
67,2,1808.0,333.0,40.0,131.0,1,1,1.0
68,1,1782.0,311.0,41.0,139.0,1,1,1.0
68,2,1803.0,332.0,43.0,133.0,1,1,1.0
69,1,1772.0,311.0,49.0,141.0,1,1,1.0
69,2,1800.0,332.0,44.0,134.0,1,1,1.0
70,1,1764.0,310.0,52.0,143.0,1,1,1.0
70,2,1795.0,332.0,46.0,135.0,1,1,1.0
71,1,1758.0,310.0,56.0,141.0,1,1,1.0
71,2,1793.0,332.0,45.0,135.0,1,1,1.0
72,1,1755.0,309.0,57.0,143.0,1,1,1.0
72,2,1790.0,331.0,44.0,136.0,1,1,1.0
73,1,1754.0,309.0,57.0,145.0,1,1,1.0
73,2,1790.0,330.0,41.0,137.0,1,1,1.0
74,1,1753.0,307.0,54.0,146.0,1,1,1.0
74,2,1788.0,329.0,39.0,138.0,1,1,1.0
75,1,1753.0,306.0,50.0,147.0,1,1,1.0
75,2,1785.0,329.0,40.0,138.0,1,1,1.0
76,1,1753.0,306.0,46.0,146.0,1,1,1.0
76,2,1779.0,328.0,43.0,138.0,1,1,1.0
77,1,1753.0,306.0,43.0,145.0,1,1,1.0
77,2,1772.0,329.0,47.0,138.0,1,1,1.0
78,1,1754.0,308.0,40.0,143.0,1,1,1.0
78,2,1769.0,329.0,48.0,138.0,1,1,1.0
79,1,1754.0,309.0,38.0,143.0,1,1,1.0
79,2,1768.0,329.0,48.0,138.0,1,1,1.0
80,1,1751.0,308.0,38.0,146.0,1,1,1.0
80,2,1767.0,329.0,46.0,138.0,1,1,1.0
81,1,1746.0,307.0,40.0,148.0,1,1,1.0
81,2,1766.0,329.0,43.0,138.0,1,1,1.0
82,1,1741.0,308.0,42.0,147.0,1,1,1.0
82,2,1766.0,328.0,41.0,139.0,1,1,1.0
83,1,1737.0,307.0,43.0,148.0,1,1,1.0
83,2,1766.0,327.0,39.0,140.0,1,1,1.0
84,1,1734.0,306.0,44.0,150.0,1,1,1.0
84,2,1765.0,327.0,36.0,141.0,1,1,1.0
85,1,1733.0,306.0,43.0,151.0,1,1,1.0
85,2,1762.0,327.0,36.0,142.0,1,1,1.0
86,1,1732.0,305.0,41.0,151.0,1,1,1.0
86,2,1757.0,328.0,40.0,143.0,1,1,1.0
87,1,1730.0,305.0,39.0,152.0,1,1,1.0
87,2,1752.0,328.0,44.0,143.0,1,1,1.0
88,1,1727.0,304.0,39.0,152.0,1,1,1.0
88,2,1748.0,328.0,46.0,142.0,1,1,1.0
89,1,1724.0,304.0,40.0,152.0,1,1,1.0
89,2,1745.0,328.0,47.0,143.0,1,1,1.0
90,1,1720.0,304.0,41.0,152.0,1,1,1.0
90,2,1743.0,328.0,46.0,143.0,1,1,1.0
91,1,1711.0,304.0,46.0,152.0,1,1,1.0
91,2,1739.0,328.0,48.0,143.0,1,1,1.0
92,1,1701.0,305.0,53.0,151.0,1,1,1.0
92,2,1739.0,328.0,45.0,143.0,1,1,1.0
93,1,1692.0,305.0,58.0,150.0,1,1,1.0
93,2,1739.0,328.0,42.0,143.0,1,1,1.0
94,1,1686.0,305.0,64.0,151.0,1,1,1.0
94,2,1739.0,328.0,39.0,143.0,1,1,1.0
95,1,1682.0,305.0,63.0,152.0,1,1,1.0
95,2,1738.0,328.0,37.0,143.0,1,1,1.0
96,1,1681.0,304.0,60.0,152.0,1,1,1.0
96,2,1728.0,329.0,44.0,142.0,1,1,1.0
97,1,1680.0,303.0,57.0,152.0,1,1,1.0
97,2,1721.0,329.0,49.0,143.0,1,1,1.0
98,1,1681.0,303.0,52.0,152.0,1,1,1.0
98,2,1714.0,328.0,52.0,143.0,1,1,1.0
99,1,1681.0,301.0,48.0,153.0,1,1,1.0
99,2,1711.0,328.0,53.0,143.0,1,1,1.0
100,1,1681.0,300.0,46.0,154.0,1,1,1.0
100,2,1710.0,328.0,53.0,143.0,1,1,1.0
101,1,1681.0,300.0,43.0,155.0,1,1,1.0
101,2,1709.0,328.0,52.0,144.0,1,1,1.0
102,1,1680.0,300.0,42.0,155.0,1,1,1.0
102,2,1709.0,327.0,48.0,144.0,1,1,1.0
103,1,1677.0,300.0,41.0,156.0,1,1,1.0
103,2,1709.0,326.0,45.0,145.0,1,1,1.0
104,1,1671.0,300.0,46.0,157.0,1,1,1.0
104,2,1709.0,326.0,41.0,145.0,1,1,1.0
105,1,1664.0,301.0,50.0,157.0,1,1,1.0
105,2,1708.0,326.0,40.0,147.0,1,1,1.0
106,1,1659.0,302.0,52.0,156.0,1,1,1.0
106,2,1705.0,325.0,40.0,148.0,1,1,1.0
107,1,1655.0,302.0,52.0,156.0,1,1,1.0
107,2,1701.0,325.0,42.0,150.0,1,1,1.0
108,1,1654.0,302.0,50.0,156.0,1,1,1.0
108,2,1696.0,326.0,45.0,148.0,1,1,1.0
109,1,1653.0,302.0,48.0,157.0,1,1,1.0
109,2,1691.0,327.0,48.0,148.0,1,1,1.0
110,1,1653.0,302.0,44.0,157.0,1,1,1.0
110,2,1686.0,328.0,51.0,148.0,1,1,1.0
111,1,1650.0,301.0,43.0,158.0,1,1,1.0
111,2,1684.0,328.0,50.0,149.0,1,1,1.0
112,1,1648.0,300.0,42.0,159.0,1,1,1.0
112,2,1686.0,328.0,46.0,149.0,1,1,1.0
113,1,1645.0,300.0,42.0,159.0,1,1,1.0
113,2,1685.0,328.0,43.0,150.0,1,1,1.0
114,1,1639.0,300.0,44.0,159.0,1,1,1.0
114,2,1685.0,328.0,40.0,150.0,1,1,1.0
115,1,1631.0,300.0,49.0,159.0,1,1,1.0
115,2,1681.0,327.0,40.0,151.0,1,1,1.0
116,1,1621.0,300.0,57.0,160.0,1,1,1.0
116,2,1677.0,327.0,41.0,151.0,1,1,1.0
117,1,1612.0,301.0,62.0,159.0,1,1,1.0
117,2,1669.0,327.0,44.0,151.0,1,1,1.0
118,1,1605.0,301.0,65.0,160.0,1,1,1.0
118,2,1659.0,327.0,52.0,151.0,1,1,1.0
119,1,1602.0,301.0,65.0,160.0,1,1,1.0
119,2,1649.0,328.0,58.0,150.0,1,1,1.0
120,1,1600.0,300.0,63.0,159.0,1,1,1.0
120,2,1644.0,328.0,60.0,150.0,1,1,1.0
121,1,1599.0,300.0,61.0,159.0,1,1,1.0
121,2,1641.0,328.0,61.0,150.0,1,1,1.0
122,1,1599.0,299.0,58.0,159.0,1,1,1.0
122,2,1640.0,328.0,60.0,150.0,1,1,1.0
123,1,1599.0,298.0,54.0,160.0,1,1,1.0
123,2,1640.0,328.0,56.0,151.0,1,1,1.0
124,1,1599.0,298.0,51.0,161.0,1,1,1.0
124,2,1640.0,327.0,51.0,151.0,1,1,1.0
125,1,1599.0,298.0,49.0,161.0,1,1,1.0
125,2,1640.0,326.0,45.0,152.0,1,1,1.0
126,1,1599.0,297.0,47.0,163.0,1,1,1.0
126,2,1639.0,325.0,41.0,154.0,1,1,1.0
127,1,1598.0,297.0,45.0,164.0,1,1,1.0
127,2,1637.0,324.0,40.0,155.0,1,1,1.0
128,1,1595.0,298.0,45.0,166.0,1,1,1.0
128,2,1628.0,324.0,45.0,155.0,1,1,1.0
129,1,1591.0,298.0,47.0,166.0,1,1,1.0
129,2,1617.0,325.0,52.0,154.0,1,1,1.0
130,1,1587.0,299.0,49.0,166.0,1,1,1.0
130,2,1609.0,325.0,58.0,153.0,1,1,1.0
131,1,1583.0,300.0,49.0,165.0,1,1,1.0
131,2,1604.0,325.0,60.0,153.0,1,1,1.0
132,1,1580.0,301.0,49.0,165.0,1,1,1.0
132,2,1602.0,326.0,60.0,153.0,1,1,1.0
133,1,1578.0,301.0,48.0,166.0,1,1,1.0
133,2,1602.0,326.0,57.0,153.0,1,1,1.0
134,2,1601.0,325.0,50.0,154.0,1,1,1.0
135,2,1602.0,324.0,42.0,155.0,1,1,1.0
138,1,1565.0,301.0,42.0,170.0,1,1,1.0
138,2,1578.0,323.0,51.0,156.0,1,1,1.0
139,1,1563.0,317.0,56.0,160.0,1,1,1.0
140,1,1556.0,306.0,50.0,163.0,1,1,1.0
140,2,1558.0,324.0,65.0,155.0,1,1,1.0
141,1,1547.0,303.0,53.0,164.0,1,1,1.0
141,2,1553.0,324.0,69.0,155.0,1,1,1.0
142,1,1535.0,303.0,60.0,164.0,1,1,1.0
142,2,1551.0,324.0,70.0,155.0,1,1,1.0
143,2,1550.0,323.0,66.0,155.0,1,1,1.0
144,1,1521.0,303.0,61.0,166.0,1,1,1.0
144,2,1550.0,322.0,59.0,155.0,1,1,1.0
145,1,1517.0,302.0,59.0,166.0,1,1,1.0
145,2,1549.0,321.0,52.0,155.0,1,1,1.0
146,1,1515.0,300.0,56.0,167.0,1,1,1.0
146,2,1549.0,320.0,46.0,156.0,1,1,1.0
147,1,1515.0,300.0,53.0,168.0,1,1,1.0
147,2,1544.0,320.0,46.0,158.0,1,1,1.0
148,1,1514.0,299.0,48.0,168.0,1,1,1.0
148,2,1536.0,320.0,51.0,160.0,1,1,1.0
149,1,1515.0,298.0,44.0,169.0,1,1,1.0
149,2,1531.0,320.0,53.0,160.0,1,1,1.0
150,1,1515.0,298.0,43.0,170.0,1,1,1.0
150,2,1526.0,321.0,55.0,160.0,1,1,1.0
151,1,1514.0,298.0,38.0,170.0,1,1,1.0
151,2,1522.0,322.0,55.0,160.0,1,1,1.0
152,1,1512.0,298.0,35.0,171.0,1,1,1.0
152,2,1520.0,322.0,55.0,160.0,1,1,1.0
153,1,1504.0,298.0,40.0,172.0,1,1,1.0
153,2,1519.0,322.0,53.0,161.0,1,1,1.0
154,1,1494.0,299.0,46.0,172.0,1,1,1.0
154,2,1516.0,323.0,52.0,161.0,1,1,1.0
155,2,1515.0,322.0,47.0,162.0,1,1,1.0
156,2,1514.0,322.0,43.0,162.0,1,1,1.0
157,1,1475.0,301.0,51.0,172.0,1,1,1.0
157,2,1511.0,322.0,41.0,162.0,1,1,1.0
158,1,1472.0,301.0,52.0,173.0,1,1,1.0
159,1,1469.0,301.0,51.0,175.0,1,1,1.0
159,2,1488.0,322.0,55.0,161.0,1,1,1.0
160,1,1469.0,300.0,53.0,172.0,1,1,1.0
160,2,1476.0,323.0,65.0,161.0,1,1,1.0
161,1,1470.0,299.0,46.0,167.0,1,1,1.0
161,2,1468.0,323.0,72.0,161.0,1,1,1.0
162,2,1464.0,323.0,76.0,161.0,1,1,1.0
163,2,1462.0,323.0,76.0,161.0,1,1,1.0
164,1,1452.0,299.0,43.0,169.0,1,1,1.0
164,2,1461.0,323.0,72.0,161.0,1,1,1.0
165,1,1441.0,299.0,48.0,171.0,1,1,1.0
165,2,1461.0,322.0,64.0,161.0,1,1,1.0
166,1,1429.0,299.0,62.0,173.0,1,1,1.0
166,2,1461.0,322.0,56.0,162.0,1,1,1.0
167,1,1418.0,299.0,66.0,174.0,1,1,1.0
167,2,1460.0,321.0,48.0,163.0,1,1,1.0
169,1,1407.0,300.0,63.0,175.0,1,1,1.0
169,2,1444.0,322.0,53.0,165.0,1,1,1.0
170,2,1435.0,322.0,58.0,166.0,1,1,1.0
171,1,1404.0,299.0,56.0,176.0,1,1,1.0
171,2,1427.0,323.0,62.0,165.0,1,1,1.0
172,1,1404.0,298.0,65.0,177.0,1,1,1.0
172,2,1422.0,324.0,66.0,165.0,1,1,1.0
173,1,1403.0,297.0,60.0,178.0,1,1,1.0
173,2,1419.0,325.0,68.0,166.0,1,1,1.0
174,1,1402.0,296.0,61.0,179.0,1,1,1.0
174,2,1418.0,324.0,65.0,166.0,1,1,1.0
175,1,1400.0,296.0,51.0,179.0,1,1,1.0
175,2,1417.0,324.0,58.0,167.0,1,1,1.0
176,1,1391.0,297.0,49.0,180.0,1,1,1.0
176,2,1418.0,323.0,47.0,168.0,1,1,1.0
177,1,1381.0,297.0,51.0,181.0,1,1,1.0
177,2,1414.0,322.0,43.0,169.0,1,1,1.0
178,1,1372.0,298.0,58.0,183.0,1,1,1.0
178,2,1409.0,322.0,42.0,169.0,1,1,1.0
179,1,1362.0,299.0,63.0,184.0,1,1,1.0
179,2,1394.0,322.0,51.0,169.0,1,1,1.0
180,1,1357.0,300.0,68.0,182.0,1,1,1.0
180,2,1380.0,322.0,64.0,169.0,1,1,1.0
181,1,1352.0,315.0,84.0,173.0,1,1,1.0
182,1,1349.0,320.0,90.0,170.0,1,1,1.0
183,1,1350.0,323.0,90.0,169.0,1,1,1.0
184,1,1346.0,308.0,74.0,177.0,1,1,1.0
184,2,1358.0,323.0,76.0,168.0,1,1,1.0
185,2,1355.0,323.0,73.0,168.0,1,1,1.0
186,2,1354.0,322.0,64.0,169.0,1,1,1.0
187,1,1336.0,300.0,44.0,183.0,1,1,1.0
187,2,1355.0,321.0,52.0,170.0,1,1,1.0
188,1,1331.0,299.0,40.0,180.0,1,1,1.0
188,2,1348.0,321.0,50.0,171.0,1,1,1.0
189,1,1317.0,299.0,46.0,179.0,1,1,1.0
189,2,1341.0,321.0,51.0,172.0,1,1,1.0
190,1,1301.0,299.0,57.0,180.0,1,1,1.0
190,2,1332.0,322.0,55.0,173.0,1,1,1.0
191,2,1320.0,322.0,63.0,173.0,1,1,1.0
192,1,1281.0,301.0,80.0,179.0,1,1,1.0
192,2,1312.0,323.0,69.0,173.0,1,1,1.0
193,1,1276.0,302.0,87.0,180.0,1,1,1.0
193,2,1307.0,324.0,73.0,173.0,1,1,1.0
194,1,1274.0,301.0,87.0,181.0,1,1,1.0
194,2,1305.0,324.0,72.0,174.0,1,1,1.0
195,2,1304.0,323.0,66.0,175.0,1,1,1.0
196,2,1304.0,323.0,56.0,175.0,1,1,1.0
197,1,1274.0,299.0,69.0,183.0,1,1,1.0
197,2,1301.0,323.0,46.0,175.0,1,1,1.0
198,1,1273.0,298.0,48.0,183.0,1,1,1.0
198,2,1299.0,323.0,39.0,175.0,1,1,1.0
199,1,1265.0,298.0,45.0,184.0,1,1,1.0
199,2,1286.0,323.0,47.0,175.0,1,1,1.0
200,1,1255.0,299.0,49.0,185.0,1,1,1.0
200,2,1269.0,323.0,62.0,175.0,1,1,1.0
201,1,1245.0,299.0,54.0,183.0,1,1,1.0
201,2,1254.0,323.0,76.0,175.0,1,1,1.0
202,1,1236.0,301.0,70.0,183.0,1,1,1.0
202,2,1244.0,323.0,86.0,174.0,1,1,1.0
203,1,1228.0,302.0,79.0,182.0,1,1,1.0
203,2,1239.0,323.0,89.0,175.0,1,1,1.0
204,1,1221.0,303.0,82.0,182.0,1,1,1.0
204,2,1237.0,323.0,86.0,174.0,1,1,1.0
205,1,1217.0,303.0,78.0,184.0,1,1,1.0
205,2,1237.0,322.0,78.0,174.0,1,1,1.0
206,2,1237.0,321.0,67.0,175.0,1,1,1.0
208,2,1231.0,321.0,50.0,176.0,1,1,1.0
209,2,1223.0,321.0,50.0,178.0,1,1,1.0
210,2,1212.0,322.0,57.0,178.0,1,1,1.0
211,1,1198.0,302.0,55.0,187.0,1,1,1.0
211,2,1200.0,323.0,68.0,178.0,1,1,1.0
212,2,1191.0,323.0,76.0,178.0,1,1,1.0
213,1,1172.0,302.0,68.0,184.0,1,1,1.0
213,2,1186.0,324.0,80.0,178.0,1,1,1.0
214,2,1184.0,324.0,81.0,178.0,1,1,1.0
215,2,1183.0,324.0,74.0,179.0,1,1,1.0
216,2,1182.0,323.0,66.0,180.0,1,1,1.0
219,1,1141.0,299.0,52.0,190.0,1,1,1.0
219,2,1170.0,322.0,48.0,181.0,1,1,1.0
220,2,1157.0,322.0,57.0,180.0,1,1,1.0
221,1,1137.0,298.0,55.0,192.0,1,1,1.0
221,2,1141.0,322.0,72.0,180.0,1,1,1.0
222,2,1127.0,323.0,84.0,180.0,1,1,1.0
223,2,1120.0,324.0,91.0,179.0,1,1,1.0
224,2,1115.0,325.0,93.0,178.0,1,1,1.0
225,1,1102.0,299.0,77.0,194.0,1,1,1.0
225,2,1114.0,324.0,87.0,179.0,1,1,1.0
226,1,1092.0,300.0,82.0,195.0,1,1,1.0
229,1,1076.0,301.0,58.0,192.0,1,1,1.0
230,2,1090.0,323.0,61.0,182.0,1,1,1.0
231,2,1078.0,323.0,70.0,182.0,1,1,1.0
232,2,1066.0,324.0,80.0,184.0,1,1,1.0
233,2,1059.0,326.0,86.0,182.0,1,1,1.0
234,2,1055.0,327.0,88.0,181.0,1,1,1.0
235,2,1053.0,326.0,85.0,182.0,1,1,1.0
236,2,1053.0,326.0,74.0,182.0,1,1,1.0
237,2,1053.0,326.0,64.0,183.0,1,1,1.0
240,2,1033.0,326.0,56.0,183.0,1,1,1.0
241,2,1018.0,326.0,68.0,182.0,1,1,1.0
242,2,1002.0,327.0,81.0,182.0,1,1,1.0
244,2,989.0,328.0,94.0,181.0,1,1,1.0
246,1,976.0,304.0,56.0,196.0,1,1,1.0
246,2,983.0,328.0,86.0,180.0,1,1,1.0
247,2,983.0,328.0,74.0,180.0,1,1,1.0
248,1,954.0,305.0,56.0,195.0,1,1,1.0
248,2,983.0,328.0,57.0,180.0,1,1,1.0
250,1,937.0,306.0,57.0,196.0,1,1,1.0
250,2,967.0,328.0,53.0,180.0,1,1,1.0
252,2,946.0,329.0,69.0,182.0,1,1,1.0
253,2,932.0,329.0,83.0,181.0,1,1,1.0
254,2,924.0,331.0,90.0,180.0,1,1,1.0
255,2,919.0,331.0,95.0,183.0,1,1,1.0
257,2,915.0,331.0,81.0,184.0,1,1,1.0
258,2,917.0,331.0,65.0,183.0,1,1,1.0
262,2,883.0,333.0,81.0,182.0,1,1,1.0
263,2,868.0,333.0,91.0,182.0,1,1,1.0
264,2,861.0,334.0,90.0,182.0,1,1,1.0
265,2,853.0,335.0,91.0,181.0,1,1,1.0
268,2,845.0,337.0,73.0,180.0,1,1,1.0
269,2,835.0,337.0,61.0,180.0,1,1,1.0
272,2,806.0,337.0,78.0,187.0,1,1,1.0
273,2,797.0,339.0,85.0,186.0,1,1,1.0
274,2,788.0,341.0,95.0,184.0,1,1,1.0
275,2,783.0,341.0,98.0,185.0,1,1,1.0
276,2,779.0,343.0,94.0,185.0,1,1,1.0
277,2,776.0,344.0,88.0,185.0,1,1,1.0
278,2,776.0,343.0,75.0,186.0,1,1,1.0
279,2,776.0,325.0,59.0,194.0,1,1,1.0
280,2,771.0,335.0,54.0,190.0,1,1,1.0
281,2,763.0,323.0,57.0,195.0,1,1,1.0
282,2,750.0,320.0,67.0,202.0,1,1,1.0
283,2,734.0,334.0,81.0,192.0,1,1,1.0
284,2,721.0,341.0,97.0,187.0,1,1,1.0
285,2,713.0,328.0,105.0,200.0,1,1,1.0
286,2,709.0,339.0,106.0,190.0,1,1,1.0
287,2,707.0,344.0,100.0,185.0,1,1,1.0
292,2,680.0,347.0,68.0,188.0,1,1,1.0
293,2,666.0,347.0,77.0,189.0,1,1,1.0
294,2,654.0,348.0,88.0,189.0,1,1,1.0
295,2,647.0,349.0,95.0,188.0,1,1,1.0
296,2,642.0,350.0,99.0,188.0,1,1,1.0
297,2,638.0,351.0,98.0,188.0,1,1,1.0
301,2,625.0,352.0,61.0,187.0,1,1,1.0
302,2,620.0,352.0,57.0,187.0,1,1,1.0
303,2,614.0,353.0,60.0,185.0,1,1,1.0
304,2,602.0,354.0,70.0,185.0,1,1,1.0
305,2,589.0,355.0,84.0,184.0,1,1,1.0
307,2,575.0,357.0,96.0,183.0,1,1,1.0
308,2,571.0,358.0,98.0,183.0,1,1,1.0
309,2,570.0,358.0,96.0,183.0,1,1,1.0
310,2,568.0,358.0,90.0,184.0,1,1,1.0
313,2,549.0,357.0,71.0,188.0,1,1,1.0
314,2,536.0,358.0,70.0,190.0,1,1,1.0
315,2,521.0,359.0,82.0,190.0,1,1,1.0
317,2,505.0,363.0,95.0,187.0,1,1,1.0
318,2,500.0,344.0,97.0,206.0,1,1,1.0
319,2,497.0,338.0,95.0,210.0,1,1,1.0
320,2,495.0,337.0,95.0,207.0,1,1,1.0
324,2,474.0,359.0,67.0,191.0,1,1,1.0
325,2,464.0,362.0,71.0,188.0,1,1,1.0
325,3,469.0,338.0,69.0,205.0,1,1,1.0
326,2,452.0,365.0,80.0,186.0,1,1,1.0
327,2,443.0,366.0,88.0,185.0,1,1,1.0
327,3,458.0,339.0,60.0,201.0,1,1,1.0
328,2,439.0,367.0,91.0,184.0,1,1,1.0
329,2,437.0,368.0,87.0,183.0,1,1,1.0
330,2,436.0,352.0,84.0,198.0,1,1,1.0
331,2,432.0,361.0,73.0,189.0,1,1,1.0
335,2,405.0,367.0,66.0,188.0,1,1,1.0
336,2,390.0,368.0,79.0,188.0,1,1,1.0
337,2,378.0,369.0,89.0,187.0,1,1,1.0
338,2,372.0,371.0,95.0,186.0,1,1,1.0
338,3,387.0,344.0,67.0,201.0,1,1,1.0
339,2,369.0,372.0,94.0,187.0,1,1,1.0
341,2,374.0,352.0,79.0,199.0,1,1,1.0
341,3,369.0,369.0,67.0,188.0,1,1,1.0
343,2,356.0,368.0,67.0,190.0,1,1,1.0
344,2,358.0,355.0,80.0,192.0,1,1,1.0
345,2,352.0,352.0,85.0,197.0,1,1,1.0
345,4,345.0,374.0,60.0,185.0,1,1,1.0
346,2,340.0,368.0,75.0,187.0,1,1,1.0
347,2,329.0,374.0,77.0,184.0,1,1,1.0
348,2,319.0,377.0,84.0,182.0,1,1,1.0
349,2,320.0,360.0,70.0,192.0,1,1,1.0
349,4,316.0,379.0,84.0,182.0,1,1,1.0
350,2,313.0,372.0,79.0,185.0,1,1,1.0
351,2,307.0,376.0,78.0,183.0,1,1,1.0
351,4,315.0,357.0,70.0,197.0,1,1,1.0
352,2,309.0,361.0,70.0,197.0,1,1,1.0
352,4,304.0,370.0,63.0,187.0,1,1,1.0
353,2,307.0,357.0,73.0,195.0,1,1,1.0
353,4,296.0,376.0,59.0,183.0,1,1,1.0
354,2,303.0,356.0,77.0,193.0,1,1,1.0
354,4,290.0,377.0,55.0,183.0,1,1,1.0
355,2,297.0,356.0,81.0,192.0,1,1,1.0
355,4,286.0,378.0,56.0,185.0,1,1,1.0
356,2,290.0,357.0,84.0,193.0,1,1,1.0
356,4,279.0,379.0,62.0,186.0,1,1,1.0
357,4,267.0,380.0,75.0,186.0,1,1,1.0
358,4,256.0,382.0,86.0,185.0,1,1,1.0
360,2,268.0,355.0,61.0,196.0,1,1,1.0
360,4,246.0,385.0,92.0,185.0,1,1,1.0
361,2,250.0,377.0,80.0,187.0,1,1,1.0
362,2,251.0,362.0,73.0,198.0,1,1,1.0
362,4,240.0,386.0,77.0,184.0,1,1,1.0
363,2,249.0,360.0,68.0,197.0,1,1,1.0
363,4,235.0,389.0,67.0,181.0,1,1,1.0
364,2,246.0,361.0,70.0,194.0,1,1,1.0
364,4,229.0,384.0,65.0,187.0,1,1,1.0
365,2,242.0,361.0,74.0,192.0,1,1,1.0
365,4,223.0,387.0,59.0,184.0,1,1,1.0
366,2,236.0,364.0,78.0,190.0,1,1,1.0
366,4,218.0,387.0,59.0,183.0,1,1,1.0
367,2,229.0,365.0,82.0,190.0,1,1,1.0
367,4,213.0,387.0,63.0,182.0,1,1,1.0
368,2,219.0,365.0,88.0,194.0,1,1,1.0
368,4,208.0,389.0,67.0,181.0,1,1,1.0
369,4,202.0,390.0,73.0,181.0,1,1,1.0
370,2,212.0,365.0,77.0,196.0,1,1,1.0
370,4,198.0,389.0,75.0,181.0,1,1,1.0
371,4,193.0,391.0,74.0,179.0,1,1,1.0
373,4,185.0,390.0,53.0,179.0,1,1,1.0
374,2,193.0,366.0,59.0,192.0,1,1,1.0
374,4,180.0,389.0,54.0,179.0,1,1,1.0
375,2,187.0,367.0,62.0,195.0,1,1,1.0
375,4,176.0,390.0,50.0,180.0,1,1,1.0
376,2,182.0,368.0,68.0,193.0,1,1,1.0
376,4,170.0,390.0,54.0,181.0,1,1,1.0
377,2,177.0,369.0,72.0,191.0,1,1,1.0
377,4,165.0,391.0,59.0,182.0,1,1,1.0
378,2,173.0,369.0,76.0,190.0,1,1,1.0
378,4,156.0,392.0,69.0,182.0,1,1,1.0
379,2,159.0,370.0,86.0,192.0,1,1,1.0
379,4,150.0,393.0,77.0,181.0,1,1,1.0
381,2,156.0,369.0,76.0,194.0,1,1,1.0
381,4,144.0,395.0,57.0,180.0,1,1,1.0
382,2,155.0,369.0,68.0,196.0,1,1,1.0
383,2,150.0,368.0,62.0,194.0,1,1,1.0
384,2,146.0,369.0,55.0,191.0,1,1,1.0
384,4,132.0,396.0,64.0,180.0,1,1,1.0
385,2,142.0,369.0,52.0,190.0,1,1,1.0
385,4,127.0,396.0,59.0,180.0,1,1,1.0
386,2,137.0,370.0,56.0,190.0,1,1,1.0
386,4,122.0,397.0,56.0,179.0,1,1,1.0
387,2,133.0,371.0,59.0,193.0,1,1,1.0
387,4,117.0,397.0,58.0,179.0,1,1,1.0
388,2,127.0,372.0,64.0,193.0,1,1,1.0
388,4,112.0,397.0,62.0,178.0,1,1,1.0
389,2,122.0,373.0,67.0,191.0,1,1,1.0
389,4,108.0,398.0,65.0,177.0,1,1,1.0
390,2,115.0,374.0,72.0,192.0,1,1,1.0
390,4,105.0,399.0,67.0,176.0,1,1,1.0
391,2,112.0,375.0,73.0,191.0,1,1,1.0
391,4,101.0,400.0,68.0,175.0,1,1,1.0
392,2,108.0,376.0,71.0,188.0,1,1,1.0
392,4,98.0,400.0,65.0,174.0,1,1,1.0
393,2,106.0,377.0,67.0,190.0,1,1,1.0
393,4,95.0,401.0,57.0,172.0,1,1,1.0
394,2,102.0,377.0,62.0,188.0,1,1,1.0
394,4,92.0,400.0,51.0,173.0,1,1,1.0
395,2,99.0,378.0,57.0,186.0,1,1,1.0
395,4,88.0,400.0,49.0,173.0,1,1,1.0
396,2,96.0,378.0,55.0,189.0,1,1,1.0
396,4,84.0,401.0,50.0,174.0,1,1,1.0
397,2,93.0,378.0,56.0,190.0,1,1,1.0
397,4,80.0,401.0,55.0,175.0,1,1,1.0
398,2,90.0,378.0,59.0,191.0,1,1,1.0
398,4,75.0,402.0,59.0,175.0,1,1,1.0
399,2,87.0,379.0,61.0,191.0,1,1,1.0
399,4,68.0,403.0,65.0,174.0,1,1,1.0
400,2,86.0,380.0,65.0,190.0,1,1,1.0
400,4,64.0,404.0,70.0,174.0,1,1,1.0
401,2,83.0,380.0,67.0,189.0,1,1,1.0
401,4,62.0,405.0,72.0,173.0,1,1,1.0
402,2,79.0,381.0,69.0,186.0,1,1,1.0
402,4,60.0,405.0,72.0,173.0,1,1,1.0
403,2,78.0,381.0,69.0,188.0,1,1,1.0
403,4,55.0,406.0,69.0,173.0,1,1,1.0
404,4,51.0,406.0,67.0,173.0,1,1,1.0
405,4,46.0,406.0,63.0,174.0,1,1,1.0
406,4,40.0,406.0,61.0,173.0,1,1,1.0
407,2,69.0,380.0,54.0,184.0,1,1,1.0
407,4,37.0,407.0,57.0,172.0,1,1,1.0
408,2,66.0,380.0,49.0,185.0,1,1,1.0
408,4,29.0,407.0,63.0,171.0,1,1,1.0
409,2,64.0,380.0,45.0,185.0,1,1,1.0
409,4,26.0,408.0,64.0,170.0,1,1,1.0
410,2,61.0,380.0,44.0,186.0,1,1,1.0
410,4,25.0,409.0,62.0,170.0,1,1,1.0
411,2,59.0,381.0,46.0,185.0,1,1,1.0
411,4,25.0,410.0,64.0,170.0,1,1,1.0
412,2,56.0,381.0,48.0,184.0,1,1,1.0
412,4,21.0,410.0,65.0,169.0,1,1,1.0
413,2,54.0,382.0,50.0,183.0,1,1,1.0
413,4,19.0,411.0,63.0,169.0,1,1,1.0
414,2,51.0,383.0,53.0,184.0,1,1,1.0
414,4,16.0,411.0,57.0,168.0,1,1,1.0
415,2,48.0,384.0,57.0,182.0,1,1,1.0
415,4,14.0,409.0,52.0,169.0,1,1,1.0
416,2,45.0,385.0,60.0,181.0,1,1,1.0
416,4,12.0,408.0,46.0,169.0,1,1,1.0
417,2,43.0,386.0,61.0,181.0,1,1,1.0
417,4,10.0,408.0,46.0,169.0,1,1,1.0
418,2,40.0,386.0,62.0,180.0,1,1,1.0
418,4,6.0,408.0,49.0,168.0,1,1,1.0
419,4,2.0,408.0,52.0,168.0,1,1,1.0
420,4,0.0,409.0,54.0,168.0,1,1,1.0
421,4,0.0,409.0,55.0,168.0,1,1,1.0
422,2,28.0,385.0,58.0,180.0,1,1,1.0
422,4,0.0,410.0,54.0,167.0,1,1,1.0
423,2,26.0,385.0,55.0,181.0,1,1,1.0
423,4,0.0,411.0,51.0,165.0,1,1,1.0
424,2,22.0,385.0,51.0,181.0,1,1,1.0
424,4,0.0,410.0,48.0,165.0,1,1,1.0
425,2,20.0,385.0,49.0,181.0,1,1,1.0
425,4,0.0,406.0,42.0,168.0,1,1,1.0
426,2,18.0,385.0,56.0,181.0,1,1,1.0
426,4,0.0,404.0,37.0,170.0,1,1,1.0
427,2,17.0,385.0,59.0,181.0,1,1,1.0
427,4,0.0,405.0,29.0,169.0,1,1,1.0
428,2,16.0,385.0,61.0,180.0,1,1,1.0
428,4,0.0,406.0,27.0,167.0,1,1,1.0
429,2,15.0,385.0,60.0,179.0,1,1,1.0
429,4,0.0,406.0,25.0,168.0,1,1,1.0
430,2,14.0,384.0,57.0,180.0,1,1,1.0
430,4,0.0,405.0,24.0,167.0,1,1,1.0
431,2,13.0,384.0,54.0,179.0,1,1,1.0
431,4,0.0,405.0,23.0,167.0,1,1,1.0
432,2,13.0,383.0,51.0,178.0,1,1,1.0
432,4,0.0,405.0,23.0,167.0,1,1,1.0
433,2,12.0,382.0,48.0,177.0,1,1,1.0
433,4,0.0,402.0,22.0,167.0,1,1,1.0
434,2,11.0,382.0,47.0,178.0,1,1,1.0
434,4,0.0,400.0,21.0,165.0,1,1,1.0
435,2,11.0,381.0,46.0,178.0,1,1,1.0
435,4,0.0,400.0,22.0,164.0,1,1,1.0
436,2,11.0,381.0,45.0,178.0,1,1,1.0
437,2,11.0,381.0,44.0,179.0,1,1,1.0
438,2,11.0,381.0,44.0,179.0,1,1,1.0
439,2,11.0,381.0,44.0,179.0,1,1,1.0
439,4,0.0,400.0,21.0,163.0,1,1,1.0
440,2,11.0,381.0,44.0,178.0,1,1,1.0
440,4,0.0,400.0,22.0,161.0,1,1,1.0
441,2,11.0,381.0,44.0,177.0,1,1,1.0
441,4,0.0,400.0,23.0,159.0,1,1,1.0
442,2,10.0,382.0,45.0,176.0,1,1,1.0
442,4,0.0,400.0,24.0,156.0,1,1,1.0
443,2,11.0,382.0,45.0,175.0,1,1,1.0
443,4,0.0,400.0,23.0,155.0,1,1,1.0
444,2,11.0,382.0,43.0,174.0,1,1,1.0
444,4,0.0,399.0,24.0,154.0,1,1,1.0
445,2,11.0,381.0,41.0,174.0,1,1,1.0
445,4,0.0,399.0,24.0,154.0,1,1,1.0
446,2,11.0,380.0,41.0,174.0,1,1,1.0
446,4,0.0,397.0,24.0,155.0,1,1,1.0
447,2,12.0,379.0,42.0,174.0,1,1,1.0
447,4,0.0,397.0,25.0,155.0,1,1,1.0
448,2,14.0,379.0,43.0,175.0,1,1,1.0
449,2,15.0,379.0,46.0,175.0,1,1,1.0
450,2,17.0,379.0,51.0,174.0,1,1,1.0
453,2,11.0,378.0,51.0,174.0,1,1,1.0
456,2,22.0,375.0,47.0,176.0,1,1,1.0
457,2,23.0,374.0,52.0,174.0,1,1,1.0
458,2,28.0,373.0,48.0,174.0,1,1,1.0
459,2,33.0,372.0,44.0,173.0,1,1,1.0
460,2,37.0,372.0,43.0,172.0,1,1,1.0
462,2,41.0,371.0,54.0,171.0,1,1,1.0
463,2,42.0,370.0,56.0,172.0,1,1,1.0
464,2,47.0,370.0,52.0,173.0,1,1,1.0
465,2,53.0,370.0,48.0,174.0,1,1,1.0
466,2,58.0,370.0,58.0,175.0,1,1,1.0
469,2,65.0,369.0,66.0,176.0,1,1,1.0
470,2,66.0,368.0,67.0,176.0,1,1,1.0
471,2,69.0,367.0,68.0,174.0,1,1,1.0
472,2,71.0,365.0,69.0,174.0,1,1,1.0
473,2,74.0,364.0,68.0,176.0,1,1,1.0
474,2,80.0,362.0,65.0,175.0,1,1,1.0
475,2,84.0,362.0,61.0,175.0,1,1,1.0
476,2,90.0,361.0,55.0,173.0,1,1,1.0
477,2,97.0,361.0,49.0,174.0,1,1,1.0
478,2,101.0,360.0,47.0,174.0,1,1,1.0
479,2,105.0,360.0,47.0,174.0,1,1,1.0
480,2,109.0,361.0,51.0,174.0,1,1,1.0
481,2,111.0,361.0,62.0,175.0,1,1,1.0
482,2,112.0,360.0,66.0,172.0,1,1,1.0
483,2,114.0,359.0,69.0,171.0,1,1,1.0
484,2,117.0,357.0,68.0,169.0,1,1,1.0
485,2,122.0,356.0,65.0,169.0,1,1,1.0
486,2,127.0,355.0,61.0,171.0,1,1,1.0
487,2,132.0,355.0,57.0,170.0,1,1,1.0
488,2,138.0,355.0,52.0,165.0,1,1,1.0
489,2,142.0,354.0,48.0,171.0,1,1,1.0
490,2,145.0,353.0,48.0,173.0,1,1,1.0
491,2,148.0,353.0,51.0,175.0,1,1,1.0
492,2,152.0,353.0,56.0,176.0,1,1,1.0
493,2,155.0,352.0,62.0,176.0,1,1,1.0
494,2,158.0,352.0,68.0,175.0,1,1,1.0
495,2,159.0,351.0,70.0,173.0,1,1,1.0
496,2,162.0,350.0,68.0,172.0,1,1,1.0
497,2,167.0,349.0,64.0,169.0,1,1,1.0
498,2,173.0,348.0,59.0,170.0,1,1,1.0
499,2,178.0,347.0,56.0,169.0,1,1,1.0
500,2,183.0,346.0,52.0,170.0,1,1,1.0
501,2,188.0,346.0,47.0,170.0,1,1,1.0
502,2,190.0,346.0,50.0,169.0,1,1,1.0
503,2,194.0,346.0,58.0,169.0,1,1,1.0
504,2,198.0,346.0,67.0,169.0,1,1,1.0
505,2,200.0,348.0,74.0,167.0,1,1,1.0
506,2,202.0,346.0,79.0,168.0,1,1,1.0
507,2,203.0,345.0,81.0,167.0,1,1,1.0
508,2,205.0,344.0,80.0,167.0,1,1,1.0
509,2,210.0,343.0,75.0,167.0,1,1,1.0
510,2,218.0,341.0,67.0,168.0,1,1,1.0
511,2,227.0,341.0,58.0,167.0,1,1,1.0
512,2,234.0,340.0,51.0,169.0,1,1,1.0
513,2,237.0,339.0,54.0,170.0,1,1,1.0
514,2,244.0,338.0,61.0,172.0,1,1,1.0
515,2,249.0,337.0,68.0,172.0,1,1,1.0
516,2,253.0,337.0,71.0,172.0,1,1,1.0
517,2,255.0,336.0,74.0,172.0,1,1,1.0
518,2,257.0,335.0,77.0,173.0,1,1,1.0
519,2,258.0,334.0,78.0,173.0,1,1,1.0
520,2,260.0,333.0,78.0,173.0,1,1,1.0
521,2,265.0,332.0,73.0,173.0,1,1,1.0
522,2,272.0,331.0,66.0,172.0,1,1,1.0
523,2,283.0,330.0,56.0,170.0,1,1,1.0
524,2,293.0,329.0,51.0,168.0,1,1,1.0
525,2,299.0,328.0,54.0,168.0,1,1,1.0
526,2,304.0,327.0,54.0,168.0,1,1,1.0
527,2,306.0,327.0,62.0,168.0,1,1,1.0
528,2,307.0,327.0,75.0,167.0,1,1,1.0
529,2,310.0,328.0,81.0,167.0,1,1,1.0
530,2,314.0,327.0,83.0,167.0,1,1,1.0
531,2,317.0,326.0,82.0,167.0,1,1,1.0
532,2,322.0,323.0,78.0,169.0,1,1,1.0
533,2,330.0,323.0,71.0,168.0,1,1,1.0
534,2,340.0,321.0,60.0,168.0,1,1,1.0
535,2,348.0,320.0,56.0,167.0,1,1,1.0
536,2,352.0,319.0,61.0,166.0,1,1,1.0
538,2,361.0,320.0,62.0,168.0,1,1,1.0
539,2,359.0,319.0,69.0,169.0,1,1,1.0
540,2,365.0,318.0,69.0,169.0,1,1,1.0
541,2,370.0,318.0,65.0,168.0,1,1,1.0
542,2,375.0,317.0,60.0,168.0,1,1,1.0
543,2,381.0,315.0,56.0,167.0,1,1,1.0
544,2,389.0,314.0,48.0,167.0,1,1,1.0
545,2,396.0,313.0,46.0,166.0,1,1,1.0
546,2,401.0,312.0,50.0,164.0,1,1,1.0
547,2,404.0,313.0,53.0,164.0,1,1,1.0
548,2,406.0,312.0,59.0,164.0,1,1,1.0
549,2,409.0,312.0,69.0,165.0,1,1,1.0
550,2,415.0,312.0,75.0,164.0,1,1,1.0
551,2,417.0,312.0,81.0,163.0,1,1,1.0
552,2,420.0,312.0,81.0,161.0,1,1,1.0
553,2,423.0,311.0,74.0,162.0,1,1,1.0
554,2,430.0,311.0,67.0,161.0,1,1,1.0
555,2,439.0,310.0,57.0,159.0,1,1,1.0
556,2,446.0,309.0,53.0,159.0,1,1,1.0
557,2,450.0,309.0,57.0,159.0,1,1,1.0
558,2,451.0,309.0,58.0,159.0,1,1,1.0
559,2,451.0,308.0,64.0,159.0,1,1,1.0
560,2,463.0,308.0,61.0,160.0,1,1,1.0
561,2,458.0,308.0,70.0,160.0,1,1,1.0
562,2,467.0,308.0,66.0,160.0,1,1,1.0
563,2,473.0,308.0,64.0,160.0,1,1,1.0
564,2,478.0,307.0,61.0,158.0,1,1,1.0
565,2,484.0,306.0,55.0,158.0,1,1,1.0
566,2,490.0,305.0,52.0,157.0,1,1,1.0
567,2,495.0,304.0,48.0,156.0,1,1,1.0
568,2,498.0,304.0,52.0,155.0,1,1,1.0
572,2,517.0,303.0,65.0,159.0,1,1,1.0
574,2,524.0,303.0,72.0,157.0,1,1,1.0
575,2,525.0,303.0,75.0,159.0,1,1,1.0
576,2,528.0,301.0,73.0,156.0,1,1,1.0
577,2,535.0,299.0,67.0,153.0,1,1,1.0
578,2,538.0,298.0,64.0,152.0,1,1,1.0
580,2,552.0,297.0,52.0,152.0,1,1,1.0
583,2,566.0,296.0,57.0,154.0,1,1,1.0
584,2,571.0,296.0,57.0,154.0,1,1,1.0
585,2,573.0,296.0,59.0,153.0,1,1,1.0
586,2,576.0,295.0,59.0,153.0,1,1,1.0
587,2,579.0,295.0,58.0,153.0,1,1,1.0
588,2,584.0,293.0,54.0,150.0,1,1,1.0
589,2,588.0,292.0,51.0,150.0,1,1,1.0
590,2,592.0,292.0,47.0,149.0,1,1,1.0
591,2,596.0,291.0,47.0,147.0,1,1,1.0
592,2,599.0,290.0,49.0,148.0,1,1,1.0
593,2,603.0,290.0,50.0,149.0,1,1,1.0
594,2,606.0,289.0,57.0,149.0,1,1,1.0
595,2,608.0,289.0,66.0,150.0,1,1,1.0
596,2,611.0,289.0,70.0,150.0,1,1,1.0
597,2,614.0,289.0,71.0,150.0,1,1,1.0
598,2,618.0,289.0,70.0,148.0,1,1,1.0
599,2,621.0,287.0,66.0,148.0,1,1,1.0
600,2,625.0,287.0,63.0,146.0,1,1,1.0
601,2,629.0,287.0,57.0,145.0,1,1,1.0
602,2,634.0,287.0,50.0,145.0,1,1,1.0
602,5,613.0,298.0,41.0,132.0,1,1,1.0
603,2,641.0,287.0,47.0,145.0,1,1,1.0
603,5,615.0,299.0,43.0,131.0,1,1,1.0
604,2,643.0,286.0,49.0,144.0,1,1,1.0
604,5,621.0,299.0,41.0,130.0,1,1,1.0
605,2,646.0,287.0,51.0,144.0,1,1,1.0
605,5,629.0,301.0,35.0,127.0,1,1,1.0
606,2,651.0,287.0,51.0,144.0,1,1,1.0
607,2,654.0,286.0,52.0,146.0,1,1,1.0
608,2,656.0,286.0,55.0,146.0,1,1,1.0
608,5,645.0,296.0,28.0,133.0,1,1,1.0
609,2,659.0,286.0,57.0,146.0,1,1,1.0
609,5,647.0,295.0,28.0,134.0,1,1,1.0
610,2,663.0,287.0,58.0,145.0,1,1,1.0
611,2,664.0,286.0,59.0,145.0,1,1,1.0
612,2,666.0,285.0,59.0,145.0,1,1,1.0
613,2,670.0,285.0,56.0,142.0,1,1,1.0
613,5,651.0,295.0,35.0,132.0,1,1,1.0
614,2,674.0,284.0,55.0,141.0,1,1,1.0
614,5,652.0,295.0,38.0,132.0,1,1,1.0
615,2,676.0,284.0,56.0,142.0,1,1,1.0
615,5,654.0,295.0,38.0,132.0,1,1,1.0
616,2,678.0,283.0,56.0,143.0,1,1,1.0
616,5,658.0,294.0,36.0,132.0,1,1,1.0
617,2,680.0,282.0,56.0,143.0,1,1,1.0
617,5,664.0,293.0,34.0,130.0,1,1,1.0
618,2,683.0,282.0,56.0,143.0,1,1,1.0
618,5,671.0,292.0,30.0,130.0,1,1,1.0
619,2,685.0,282.0,55.0,142.0,1,1,1.0
619,5,676.0,292.0,28.0,129.0,1,1,1.0
620,2,689.0,282.0,57.0,141.0,1,1,1.0
620,5,678.0,292.0,27.0,129.0,1,1,1.0
621,2,691.0,282.0,61.0,141.0,1,1,1.0
621,5,679.0,292.0,40.0,129.0,1,1,1.0
622,2,695.0,283.0,62.0,141.0,1,1,1.0
623,2,698.0,283.0,61.0,141.0,1,1,1.0
623,5,681.0,292.0,41.0,129.0,1,1,1.0
624,2,701.0,282.0,57.0,140.0,1,1,1.0
624,5,681.0,293.0,42.0,128.0,1,1,1.0
626,2,707.0,281.0,52.0,140.0,1,1,1.0
626,5,686.0,294.0,43.0,125.0,1,1,1.0
627,2,712.0,281.0,46.0,140.0,1,1,1.0
627,5,691.0,293.0,38.0,125.0,1,1,1.0
630,2,715.0,279.0,43.0,140.0,1,1,1.0
632,2,716.0,279.0,49.0,140.0,1,1,1.0
633,2,716.0,279.0,54.0,140.0,1,1,1.0
635,2,725.0,280.0,56.0,140.0,1,1,1.0
636,2,730.0,280.0,57.0,140.0,1,1,1.0
637,2,732.0,281.0,58.0,140.0,1,1,1.0
638,2,733.0,281.0,60.0,140.0,1,1,1.0
639,2,733.0,282.0,60.0,140.0,1,1,1.0
640,2,734.0,282.0,59.0,140.0,1,1,1.0
641,2,735.0,282.0,58.0,141.0,1,1,1.0
642,2,736.0,281.0,58.0,142.0,1,1,1.0
643,2,737.0,281.0,56.0,142.0,1,1,1.0
644,2,740.0,280.0,54.0,143.0,1,1,1.0
645,2,744.0,280.0,50.0,143.0,1,1,1.0
647,2,754.0,280.0,44.0,143.0,1,1,1.0
652,2,765.0,283.0,39.0,144.0,1,1,1.0
653,2,768.0,283.0,41.0,145.0,1,1,1.0
653,6,783.0,285.0,56.0,134.0,1,1,1.0
654,2,769.0,282.0,41.0,142.0,1,1,1.0
654,6,782.0,285.0,57.0,135.0,1,1,1.0
655,6,788.0,287.0,52.0,132.0,1,1,1.0
656,2,771.0,282.0,39.0,143.0,1,1,1.0
656,6,794.0,287.0,48.0,135.0,1,1,1.0
657,2,772.0,281.0,40.0,145.0,1,1,1.0
657,6,799.0,287.0,47.0,135.0,1,1,1.0
658,6,806.0,287.0,44.0,132.0,1,1,1.0
659,2,778.0,281.0,38.0,148.0,1,1,1.0
659,6,810.0,287.0,45.0,132.0,1,1,1.0
660,2,781.0,281.0,37.0,149.0,1,1,1.0
660,6,811.0,286.0,46.0,134.0,1,1,1.0
661,2,783.0,281.0,38.0,149.0,1,1,1.0
661,6,815.0,286.0,46.0,134.0,1,1,1.0
662,2,785.0,280.0,44.0,149.0,1,1,1.0
662,6,818.0,286.0,46.0,135.0,1,1,1.0
663,2,788.0,280.0,44.0,149.0,1,1,1.0
663,6,821.0,287.0,48.0,136.0,1,1,1.0
664,2,790.0,280.0,47.0,150.0,1,1,1.0
664,6,823.0,288.0,49.0,137.0,1,1,1.0
665,2,792.0,280.0,53.0,150.0,1,1,1.0
665,6,823.0,288.0,51.0,137.0,1,1,1.0
666,2,794.0,282.0,57.0,148.0,1,1,1.0
666,6,827.0,289.0,48.0,138.0,1,1,1.0
667,2,795.0,282.0,62.0,148.0,1,1,1.0
667,6,829.0,288.0,48.0,140.0,1,1,1.0
668,2,796.0,282.0,65.0,148.0,1,1,1.0
668,6,834.0,288.0,45.0,140.0,1,1,1.0
669,2,796.0,282.0,70.0,149.0,1,1,1.0
669,6,838.0,289.0,44.0,136.0,1,1,1.0
670,2,798.0,283.0,71.0,149.0,1,1,1.0
670,6,841.0,290.0,49.0,135.0,1,1,1.0
671,2,800.0,283.0,70.0,149.0,1,1,1.0
671,6,845.0,291.0,55.0,134.0,1,1,1.0
672,2,804.0,283.0,66.0,149.0,1,1,1.0
672,6,848.0,292.0,58.0,134.0,1,1,1.0
673,2,809.0,282.0,61.0,149.0,1,1,1.0
673,6,851.0,293.0,59.0,134.0,1,1,1.0
674,2,817.0,282.0,53.0,150.0,1,1,1.0
674,6,850.0,294.0,60.0,136.0,1,1,1.0
675,2,824.0,282.0,46.0,151.0,1,1,1.0
675,6,856.0,293.0,55.0,136.0,1,1,1.0
676,2,829.0,282.0,41.0,151.0,1,1,1.0
676,6,860.0,291.0,51.0,137.0,1,1,1.0
677,2,834.0,283.0,37.0,152.0,1,1,1.0
677,6,866.0,290.0,46.0,137.0,1,1,1.0
678,2,837.0,283.0,37.0,153.0,1,1,1.0
678,6,870.0,290.0,44.0,138.0,1,1,1.0
679,2,840.0,284.0,38.0,154.0,1,1,1.0
679,6,872.0,290.0,44.0,140.0,1,1,1.0
680,2,843.0,285.0,41.0,153.0,1,1,1.0
680,6,875.0,291.0,45.0,141.0,1,1,1.0
681,2,845.0,286.0,40.0,149.0,1,1,1.0
681,6,877.0,291.0,47.0,143.0,1,1,1.0
682,2,846.0,287.0,40.0,147.0,1,1,1.0
682,6,879.0,292.0,50.0,144.0,1,1,1.0
683,2,848.0,287.0,41.0,146.0,1,1,1.0
683,6,880.0,292.0,52.0,146.0,1,1,1.0
684,2,849.0,286.0,45.0,150.0,1,1,1.0
684,6,883.0,293.0,51.0,146.0,1,1,1.0
685,2,854.0,287.0,43.0,153.0,1,1,1.0
685,6,889.0,293.0,47.0,144.0,1,1,1.0
686,2,858.0,286.0,40.0,155.0,1,1,1.0
686,6,893.0,293.0,45.0,143.0,1,1,1.0
687,2,862.0,285.0,39.0,157.0,1,1,1.0
687,6,897.0,293.0,43.0,143.0,1,1,1.0
688,2,864.0,285.0,41.0,157.0,1,1,1.0
688,6,900.0,293.0,44.0,142.0,1,1,1.0
689,2,868.0,285.0,43.0,156.0,1,1,1.0
689,6,904.0,293.0,46.0,142.0,1,1,1.0
690,2,871.0,285.0,45.0,157.0,1,1,1.0
690,6,907.0,294.0,50.0,141.0,1,1,1.0
691,2,874.0,286.0,52.0,157.0,1,1,1.0
691,6,910.0,295.0,56.0,142.0,1,1,1.0
692,2,876.0,287.0,60.0,156.0,1,1,1.0
692,6,915.0,296.0,58.0,141.0,1,1,1.0
693,2,878.0,287.0,67.0,156.0,1,1,1.0
693,6,917.0,296.0,60.0,143.0,1,1,1.0
694,2,878.0,287.0,73.0,157.0,1,1,1.0
694,6,920.0,296.0,59.0,144.0,1,1,1.0
695,2,879.0,288.0,75.0,157.0,1,1,1.0
695,6,922.0,297.0,57.0,145.0,1,1,1.0
696,2,881.0,288.0,75.0,158.0,1,1,1.0
696,6,926.0,297.0,54.0,145.0,1,1,1.0
697,2,885.0,288.0,72.0,159.0,1,1,1.0
697,6,932.0,296.0,48.0,146.0,1,1,1.0
698,2,890.0,288.0,66.0,159.0,1,1,1.0
698,6,936.0,296.0,46.0,148.0,1,1,1.0
699,2,897.0,288.0,60.0,159.0,1,1,1.0
699,6,940.0,296.0,47.0,148.0,1,1,1.0
700,2,902.0,288.0,54.0,158.0,1,1,1.0
700,6,944.0,296.0,48.0,148.0,1,1,1.0
701,2,905.0,288.0,55.0,159.0,1,1,1.0
701,6,948.0,297.0,52.0,148.0,1,1,1.0
702,2,903.0,289.0,59.0,160.0,1,1,1.0
702,6,951.0,298.0,55.0,148.0,1,1,1.0
703,2,907.0,291.0,59.0,160.0,1,1,1.0
703,6,954.0,299.0,58.0,148.0,1,1,1.0
704,2,911.0,292.0,63.0,160.0,1,1,1.0
704,6,958.0,299.0,58.0,148.0,1,1,1.0
705,2,916.0,294.0,66.0,160.0,1,1,1.0
705,6,962.0,299.0,55.0,151.0,1,1,1.0
706,2,922.0,294.0,60.0,157.0,1,1,1.0
706,6,966.0,299.0,52.0,154.0,1,1,1.0
707,2,927.0,294.0,64.0,160.0,1,1,1.0
707,6,971.0,300.0,50.0,151.0,1,1,1.0
708,2,933.0,294.0,62.0,161.0,1,1,1.0
708,6,975.0,300.0,49.0,150.0,1,1,1.0
709,2,940.0,294.0,56.0,158.0,1,1,1.0
709,6,975.0,299.0,50.0,155.0,1,1,1.0
710,2,948.0,293.0,49.0,161.0,1,1,1.0
710,6,982.0,299.0,47.0,152.0,1,1,1.0
711,2,954.0,293.0,46.0,163.0,1,1,1.0
711,6,987.0,300.0,52.0,150.0,1,1,1.0
712,2,959.0,293.0,46.0,164.0,1,1,1.0
712,6,990.0,300.0,61.0,150.0,1,1,1.0
713,2,963.0,293.0,47.0,164.0,1,1,1.0
713,6,995.0,301.0,63.0,149.0,1,1,1.0
714,2,965.0,294.0,50.0,164.0,1,1,1.0
714,6,994.0,303.0,69.0,150.0,1,1,1.0
715,2,968.0,294.0,59.0,164.0,1,1,1.0
715,6,993.0,303.0,71.0,151.0,1,1,1.0
716,2,971.0,295.0,67.0,164.0,1,1,1.0
716,6,996.0,303.0,69.0,150.0,1,1,1.0
717,2,973.0,296.0,75.0,163.0,1,1,1.0
717,6,1000.0,303.0,65.0,151.0,1,1,1.0
718,2,974.0,296.0,79.0,164.0,1,1,1.0
718,6,1009.0,301.0,57.0,153.0,1,1,1.0
719,2,975.0,297.0,78.0,165.0,1,1,1.0
719,6,1019.0,301.0,48.0,153.0,1,1,1.0
720,2,978.0,297.0,77.0,166.0,1,1,1.0
720,6,1027.0,302.0,47.0,151.0,1,1,1.0
721,2,983.0,297.0,72.0,166.0,1,1,1.0
721,6,1032.0,303.0,48.0,154.0,1,1,1.0
722,2,990.0,296.0,65.0,168.0,1,1,1.0
722,6,1036.0,304.0,50.0,154.0,1,1,1.0
723,2,1000.0,296.0,56.0,168.0,1,1,1.0
723,6,1040.0,305.0,55.0,154.0,1,1,1.0
724,2,1006.0,296.0,53.0,168.0,1,1,1.0
724,6,1043.0,306.0,54.0,155.0,1,1,1.0
725,2,1007.0,296.0,55.0,169.0,1,1,1.0
725,6,1043.0,307.0,57.0,156.0,1,1,1.0
726,2,1007.0,298.0,59.0,170.0,1,1,1.0
726,6,1049.0,307.0,54.0,156.0,1,1,1.0
727,2,1007.0,299.0,63.0,171.0,1,1,1.0
727,6,1055.0,307.0,53.0,156.0,1,1,1.0
728,2,1007.0,299.0,71.0,171.0,1,1,1.0
728,6,1060.0,307.0,52.0,157.0,1,1,1.0
729,2,1012.0,301.0,77.0,171.0,1,1,1.0
729,6,1065.0,307.0,52.0,157.0,1,1,1.0
730,2,1018.0,301.0,76.0,171.0,1,1,1.0
730,6,1070.0,307.0,49.0,155.0,1,1,1.0
731,2,1024.0,301.0,74.0,172.0,1,1,1.0
731,6,1075.0,307.0,47.0,155.0,1,1,1.0
732,2,1030.0,301.0,69.0,174.0,1,1,1.0
732,6,1078.0,307.0,53.0,156.0,1,1,1.0
733,2,1038.0,300.0,61.0,175.0,1,1,1.0
733,6,1080.0,307.0,62.0,158.0,1,1,1.0
734,2,1045.0,300.0,55.0,174.0,1,1,1.0
734,6,1079.0,308.0,72.0,164.0,1,1,1.0
735,2,1053.0,299.0,51.0,176.0,1,1,1.0
735,6,1080.0,309.0,75.0,162.0,1,1,1.0
736,2,1061.0,299.0,49.0,177.0,1,1,1.0
737,2,1066.0,299.0,48.0,177.0,1,1,1.0
737,6,1099.0,309.0,59.0,159.0,1,1,1.0
738,2,1070.0,299.0,52.0,177.0,1,1,1.0
738,6,1097.0,309.0,61.0,159.0,1,1,1.0
739,2,1073.0,300.0,61.0,177.0,1,1,1.0
739,6,1108.0,309.0,51.0,159.0,1,1,1.0
740,2,1075.0,301.0,73.0,177.0,1,1,1.0
740,6,1115.0,309.0,48.0,159.0,1,1,1.0
741,2,1076.0,302.0,84.0,176.0,1,1,1.0
741,6,1121.0,310.0,49.0,155.0,1,1,1.0
742,2,1076.0,303.0,90.0,177.0,1,1,1.0
742,6,1126.0,311.0,52.0,157.0,1,1,1.0
743,2,1077.0,303.0,93.0,177.0,1,1,1.0
743,6,1131.0,312.0,56.0,160.0,1,1,1.0
744,2,1081.0,303.0,91.0,179.0,1,1,1.0
744,6,1135.0,312.0,60.0,162.0,1,1,1.0
745,2,1087.0,303.0,85.0,179.0,1,1,1.0
745,6,1137.0,314.0,64.0,163.0,1,1,1.0
746,2,1095.0,302.0,77.0,180.0,1,1,1.0
746,6,1141.0,314.0,63.0,163.0,1,1,1.0
747,2,1106.0,302.0,68.0,180.0,1,1,1.0
747,6,1151.0,314.0,57.0,163.0,1,1,1.0
748,2,1117.0,302.0,60.0,180.0,1,1,1.0
748,6,1157.0,314.0,54.0,163.0,1,1,1.0
749,2,1124.0,303.0,58.0,181.0,1,1,1.0
749,6,1163.0,314.0,49.0,164.0,1,1,1.0
750,2,1126.0,304.0,61.0,182.0,1,1,1.0
750,6,1170.0,314.0,43.0,164.0,1,1,1.0
751,2,1129.0,305.0,64.0,184.0,1,1,1.0
751,6,1175.0,314.0,41.0,163.0,1,1,1.0
752,2,1132.0,307.0,71.0,184.0,1,1,1.0
752,6,1181.0,314.0,44.0,162.0,1,1,1.0
753,2,1137.0,308.0,77.0,184.0,1,1,1.0
753,6,1177.0,315.0,59.0,162.0,1,1,1.0
754,2,1140.0,309.0,81.0,184.0,1,1,1.0
754,6,1175.0,316.0,72.0,163.0,1,1,1.0
755,2,1144.0,310.0,83.0,186.0,1,1,1.0
757,2,1161.0,310.0,70.0,188.0,1,1,1.0
758,2,1169.0,310.0,64.0,189.0,1,1,1.0
759,2,1180.0,309.0,56.0,190.0,1,1,1.0
759,6,1216.0,317.0,47.0,166.0,1,1,1.0
760,2,1190.0,309.0,51.0,190.0,1,1,1.0
760,6,1221.0,316.0,45.0,167.0,1,1,1.0
761,2,1196.0,309.0,49.0,190.0,1,1,1.0
761,6,1227.0,316.0,46.0,167.0,1,1,1.0
762,2,1199.0,309.0,54.0,190.0,1,1,1.0
762,6,1232.0,317.0,51.0,172.0,1,1,1.0
763,2,1199.0,311.0,65.0,189.0,1,1,1.0
763,6,1238.0,317.0,55.0,174.0,1,1,1.0
764,2,1200.0,311.0,80.0,190.0,1,1,1.0
764,6,1233.0,318.0,71.0,173.0,1,1,1.0
765,2,1200.0,313.0,93.0,190.0,1,1,1.0
765,6,1231.0,319.0,83.0,171.0,1,1,1.0
766,2,1201.0,314.0,99.0,190.0,1,1,1.0
766,6,1234.0,321.0,85.0,172.0,1,1,1.0
767,2,1203.0,315.0,100.0,190.0,1,1,1.0
767,6,1239.0,322.0,85.0,174.0,1,1,1.0
768,2,1208.0,315.0,97.0,192.0,1,1,1.0
768,6,1249.0,323.0,76.0,175.0,1,1,1.0
769,2,1216.0,315.0,89.0,192.0,1,1,1.0
769,6,1268.0,323.0,60.0,176.0,1,1,1.0
770,2,1226.0,315.0,80.0,193.0,1,1,1.0
770,6,1280.0,323.0,47.0,176.0,1,1,1.0
771,2,1239.0,315.0,70.0,191.0,1,1,1.0
771,6,1275.0,323.0,53.0,182.0,1,1,1.0
772,2,1252.0,315.0,62.0,192.0,1,1,1.0
772,6,1289.0,323.0,46.0,177.0,1,1,1.0
773,2,1258.0,316.0,61.0,194.0,1,1,1.0
773,6,1294.0,324.0,54.0,176.0,1,1,1.0
774,2,1261.0,316.0,65.0,198.0,1,1,1.0
775,2,1264.0,318.0,70.0,201.0,1,1,1.0
775,6,1281.0,327.0,89.0,176.0,1,1,1.0
776,2,1268.0,320.0,77.0,201.0,1,1,1.0
776,6,1283.0,328.0,92.0,177.0,1,1,1.0
777,2,1271.0,321.0,84.0,200.0,1,1,1.0
778,2,1274.0,322.0,87.0,202.0,1,1,1.0
778,6,1293.0,329.0,86.0,178.0,1,1,1.0
779,2,1277.0,323.0,86.0,203.0,1,1,1.0
780,2,1285.0,323.0,79.0,203.0,1,1,1.0
782,2,1309.0,323.0,63.0,204.0,1,1,1.0
783,2,1318.0,323.0,59.0,204.0,1,1,1.0
784,2,1326.0,323.0,57.0,204.0,1,1,1.0
784,6,1351.0,334.0,72.0,183.0,1,1,1.0
785,2,1331.0,324.0,58.0,203.0,1,1,1.0
785,6,1353.0,335.0,75.0,186.0,1,1,1.0
786,2,1333.0,325.0,66.0,204.0,1,1,1.0
786,6,1354.0,336.0,81.0,185.0,1,1,1.0
787,2,1334.0,326.0,80.0,204.0,1,1,1.0
787,6,1355.0,337.0,86.0,185.0,1,1,1.0
788,6,1342.0,331.0,94.0,197.0,1,1,1.0
789,2,1336.0,329.0,97.0,205.0,1,1,1.0
789,6,1362.0,336.0,82.0,182.0,1,1,1.0
791,2,1341.0,331.0,99.0,207.0,1,1,1.0
792,2,1347.0,332.0,94.0,208.0,1,1,1.0
