1,1,1311.0,273.0,211.0,584.0,1,1,1.0
2,1,1307.0,271.0,208.0,586.0,1,1,1.0
3,1,1304.0,269.0,206.0,585.0,1,1,1.0
4,1,1299.0,266.0,203.0,580.0,1,1,1.0
5,1,1294.0,262.0,203.0,574.0,1,1,1.0
6,1,1291.0,257.0,201.0,569.0,1,1,1.0
7,1,1289.0,251.0,198.0,566.0,1,1,1.0
8,1,1288.0,244.0,194.0,562.0,1,1,1.0
9,1,1289.0,237.0,187.0,549.0,1,1,1.0
10,1,1292.0,232.0,178.0,530.0,1,1,1.0
11,1,1293.0,227.0,170.0,518.0,1,1,1.0
12,1,1289.0,224.0,167.0,515.0,1,1,1.0
13,1,1278.0,221.0,170.0,516.0,1,1,1.0
14,1,1261.0,219.0,179.0,518.0,1,1,1.0
15,1,1243.0,216.0,188.0,521.0,1,1,1.0
16,1,1228.0,214.0,194.0,524.0,1,1,1.0
17,1,1221.0,211.0,191.0,517.0,1,1,1.0
18,1,1220.0,208.0,182.0,512.0,1,1,1.0
19,1,1218.0,204.0,174.0,510.0,1,1,1.0
20,1,1218.0,199.0,166.0,507.0,1,1,1.0
21,1,1218.0,194.0,158.0,500.0,1,1,1.0
22,1,1213.0,192.0,156.0,485.0,1,1,1.0
23,1,1203.0,188.0,159.0,472.0,1,1,1.0
24,1,1194.0,186.0,162.0,467.0,1,1,1.0
25,1,1186.0,184.0,164.0,466.0,1,1,1.0
26,1,1181.0,182.0,165.0,467.0,1,1,1.0
27,1,1175.0,181.0,165.0,468.0,1,1,1.0
28,1,1172.0,179.0,164.0,468.0,1,1,1.0
29,1,1169.0,179.0,162.0,466.0,1,1,1.0
30,1,1167.0,178.0,160.0,462.0,1,1,1.0
31,1,1165.0,175.0,158.0,460.0,1,1,1.0
32,1,1165.0,172.0,155.0,458.0,1,1,1.0
33,1,1165.0,167.0,151.0,460.0,1,1,1.0
34,1,1166.0,162.0,147.0,452.0,1,1,1.0
35,1,1167.0,159.0,141.0,438.0,1,1,1.0
36,1,1170.0,154.0,134.0,426.0,1,1,1.0
37,1,1171.0,151.0,127.0,421.0,1,1,1.0
38,1,1168.0,149.0,125.0,421.0,1,1,1.0
39,1,1159.0,149.0,129.0,420.0,1,1,1.0
40,1,1146.0,148.0,136.0,421.0,1,1,1.0
41,1,1135.0,148.0,141.0,419.0,1,1,1.0
42,1,1130.0,148.0,139.0,413.0,1,1,1.0
43,1,1128.0,147.0,133.0,410.0,1,1,1.0
44,1,1128.0,144.0,128.0,409.0,1,1,1.0
45,1,1128.0,141.0,122.0,405.0,1,1,1.0
46,1,1120.0,138.0,125.0,395.0,1,1,1.0
47,1,1111.0,135.0,129.0,385.0,1,1,1.0
48,1,1103.0,133.0,133.0,381.0,1,1,1.0
49,1,1096.0,131.0,136.0,380.0,1,1,1.0
50,1,1092.0,130.0,137.0,380.0,1,1,1.0
51,1,1089.0,129.0,135.0,381.0,1,1,1.0
52,1,1087.0,129.0,133.0,381.0,1,1,1.0
53,1,1085.0,129.0,131.0,381.0,1,1,1.0
54,1,1083.0,129.0,130.0,378.0,1,1,1.0
55,1,1080.0,129.0,129.0,375.0,1,1,1.0
56,1,1078.0,127.0,127.0,372.0,1,1,1.0
57,1,1076.0,124.0,126.0,373.0,1,1,1.0
58,1,1075.0,121.0,125.0,369.0,1,1,1.0
59,1,1074.0,118.0,124.0,360.0,1,1,1.0
60,1,1074.0,115.0,122.0,350.0,1,1,1.0
61,1,1074.0,113.0,118.0,348.0,1,1,1.0
62,1,1075.0,111.0,114.0,348.0,1,1,1.0
63,1,1077.0,110.0,109.0,348.0,1,1,1.0
64,1,1076.0,110.0,106.0,348.0,1,1,1.0
65,1,1073.0,109.0,106.0,348.0,1,1,1.0
66,1,1068.0,109.0,106.0,348.0,1,1,1.0
67,1,1069.0,109.0,101.0,344.0,1,1,1.0
68,1,1068.0,108.0,97.0,342.0,1,1,1.0
69,1,1065.0,105.0,97.0,340.0,1,1,1.0
70,1,1060.0,103.0,100.0,336.0,1,1,1.0
71,1,1053.0,101.0,104.0,328.0,1,1,1.0
72,1,1047.0,99.0,109.0,320.0,1,1,1.0
73,1,1042.0,97.0,112.0,318.0,1,1,1.0
74,1,1038.0,95.0,115.0,318.0,1,1,1.0
75,1,1035.0,95.0,116.0,317.0,1,1,1.0
76,1,1033.0,95.0,116.0,317.0,1,1,1.0
77,1,1033.0,95.0,115.0,317.0,1,1,1.0
78,1,1033.0,95.0,114.0,314.0,1,1,1.0
79,1,1033.0,95.0,113.0,311.0,1,1,1.0
80,1,1035.0,94.0,112.0,310.0,1,1,1.0
81,1,1036.0,92.0,110.0,309.0,1,1,1.0
82,1,1038.0,89.0,108.0,304.0,1,1,1.0
83,1,1040.0,87.0,105.0,298.0,1,1,1.0
84,1,1042.0,85.0,103.0,293.0,1,1,1.0
85,1,1044.0,83.0,100.0,292.0,1,1,1.0
86,1,1046.0,83.0,96.0,291.0,1,1,1.0
87,1,1048.0,82.0,93.0,292.0,1,1,1.0
88,1,1049.0,83.0,91.0,291.0,1,1,1.0
89,1,1048.0,83.0,89.0,291.0,1,1,1.0
90,1,1047.0,83.0,86.0,289.0,1,1,1.0
91,1,1045.0,83.0,84.0,286.0,1,1,1.0
92,1,1041.0,81.0,84.0,287.0,1,1,1.0
93,1,1036.0,79.0,86.0,285.0,1,1,1.0
94,1,1029.0,76.0,90.0,280.0,1,1,1.0
95,1,1023.0,75.0,94.0,273.0,1,1,1.0
96,1,1019.0,74.0,96.0,270.0,1,1,1.0
97,1,1015.0,73.0,97.0,269.0,1,1,1.0
98,1,1013.0,72.0,97.0,269.0,1,1,1.0
99,1,1011.0,72.0,97.0,269.0,1,1,1.0
100,1,1011.0,72.0,97.0,269.0,1,1,1.0
101,1,1011.0,72.0,95.0,269.0,1,1,1.0
102,1,1011.0,72.0,94.0,267.0,1,1,1.0
103,1,1011.0,71.0,92.0,266.0,1,1,1.0
104,1,1011.0,70.0,91.0,265.0,1,1,1.0
105,1,1012.0,67.0,89.0,263.0,1,1,1.0
106,1,1013.0,66.0,87.0,256.0,1,1,1.0
107,1,1013.0,64.0,86.0,252.0,1,1,1.0
108,1,1013.0,62.0,85.0,250.0,1,1,1.0
109,1,1014.0,61.0,84.0,250.0,1,1,1.0
110,1,1014.0,60.0,82.0,250.0,1,1,1.0
111,1,1015.0,60.0,80.0,250.0,1,1,1.0
112,1,1015.0,60.0,79.0,250.0,1,1,1.0
113,1,1013.0,60.0,78.0,249.0,1,1,1.0
114,1,1012.0,60.0,76.0,248.0,1,1,1.0
115,1,1009.0,59.0,75.0,248.0,1,1,1.0
116,1,1006.0,57.0,75.0,247.0,1,1,1.0
117,1,1002.0,56.0,76.0,244.0,1,1,1.0
118,1,998.0,55.0,78.0,238.0,1,1,1.0
119,1,994.0,54.0,80.0,236.0,1,1,1.0
120,1,991.0,53.0,81.0,235.0,1,1,1.0
121,1,990.0,52.0,81.0,235.0,1,1,1.0
122,1,989.0,52.0,80.0,235.0,1,1,1.0
123,1,989.0,52.0,79.0,236.0,1,1,1.0
124,1,989.0,52.0,78.0,235.0,1,1,1.0
125,1,989.0,52.0,77.0,234.0,1,1,1.0
126,1,989.0,51.0,76.0,234.0,1,1,1.0
127,1,989.0,50.0,75.0,234.0,1,1,1.0
128,1,988.0,48.0,75.0,234.0,1,1,1.0
129,1,988.0,46.0,75.0,231.0,1,1,1.0
130,1,988.0,44.0,75.0,227.0,1,1,1.0
131,1,987.0,42.0,75.0,224.0,1,1,1.0
132,1,987.0,41.0,75.0,224.0,1,1,1.0
133,1,986.0,41.0,74.0,224.0,1,1,1.0
134,1,986.0,40.0,74.0,223.0,1,1,1.0
135,1,986.0,40.0,72.0,224.0,1,1,1.0
136,1,986.0,40.0,70.0,223.0,1,1,1.0
137,1,986.0,40.0,69.0,222.0,1,1,1.0
138,1,985.0,40.0,68.0,221.0,1,1,1.0
139,1,983.0,39.0,68.0,220.0,1,1,1.0
140,1,981.0,38.0,67.0,219.0,1,1,1.0
141,1,980.0,36.0,67.0,215.0,1,1,1.0
142,1,978.0,35.0,69.0,212.0,1,1,1.0
143,1,976.0,34.0,70.0,211.0,1,1,1.0
144,1,976.0,33.0,70.0,210.0,1,1,1.0
145,1,976.0,33.0,69.0,210.0,1,1,1.0
146,1,977.0,33.0,68.0,210.0,1,1,1.0
147,1,977.0,34.0,67.0,210.0,1,1,1.0
148,1,978.0,34.0,67.0,209.0,1,1,1.0
149,1,979.0,34.0,66.0,208.0,1,1,1.0
150,1,980.0,34.0,65.0,207.0,1,1,1.0
151,1,981.0,33.0,66.0,207.0,1,1,1.0
152,1,981.0,32.0,67.0,205.0,1,1,1.0
153,1,982.0,30.0,67.0,201.0,1,1,1.0
154,1,983.0,29.0,66.0,199.0,1,1,1.0
155,1,984.0,28.0,66.0,200.0,1,1,1.0
156,1,985.0,27.0,65.0,200.0,1,1,1.0
157,1,987.0,27.0,63.0,200.0,1,1,1.0
158,1,988.0,28.0,62.0,199.0,1,1,1.0
159,1,989.0,28.0,60.0,199.0,1,1,1.0
160,1,990.0,28.0,59.0,198.0,1,1,1.0
161,1,990.0,28.0,58.0,198.0,1,1,1.0
162,1,990.0,28.0,57.0,197.0,1,1,1.0
163,1,989.0,27.0,58.0,196.0,1,1,1.0
164,1,988.0,27.0,58.0,195.0,1,1,1.0
165,1,987.0,26.0,59.0,191.0,1,1,1.0
166,1,986.0,25.0,60.0,189.0,1,1,1.0
167,1,985.0,24.0,61.0,189.0,1,1,1.0
168,1,985.0,24.0,61.0,188.0,1,1,1.0
169,1,984.0,24.0,61.0,188.0,1,1,1.0
170,1,985.0,24.0,60.0,187.0,1,1,1.0
171,1,985.0,25.0,60.0,187.0,1,1,1.0
172,1,985.0,26.0,59.0,186.0,1,1,1.0
173,1,986.0,26.0,59.0,185.0,1,1,1.0
174,1,986.0,26.0,59.0,184.0,1,1,1.0
175,1,986.0,26.0,60.0,183.0,1,1,1.0
176,1,986.0,25.0,60.0,183.0,1,1,1.0
177,1,986.0,24.0,60.0,179.0,1,1,1.0
178,1,985.0,23.0,61.0,177.0,1,1,1.0
179,1,983.0,22.0,63.0,177.0,1,1,1.0
180,1,982.0,22.0,63.0,178.0,1,1,1.0
181,1,982.0,22.0,62.0,178.0,1,1,1.0
182,1,982.0,22.0,62.0,178.0,1,1,1.0
183,1,982.0,22.0,61.0,177.0,1,1,1.0
184,1,982.0,23.0,59.0,176.0,1,1,1.0
185,1,980.0,24.0,59.0,175.0,1,1,1.0
186,1,979.0,24.0,59.0,174.0,1,1,1.0
187,1,977.0,23.0,59.0,174.0,1,1,1.0
188,1,975.0,23.0,60.0,173.0,1,1,1.0
189,1,973.0,22.0,61.0,170.0,1,1,1.0
190,1,971.0,21.0,61.0,169.0,1,1,1.0
191,1,970.0,20.0,62.0,169.0,1,1,1.0
192,1,970.0,20.0,61.0,168.0,1,1,1.0
193,1,968.0,20.0,61.0,168.0,1,1,1.0
194,1,969.0,20.0,60.0,168.0,1,1,1.0
195,1,969.0,20.0,59.0,168.0,1,1,1.0
196,1,969.0,21.0,58.0,167.0,1,1,1.0
197,1,969.0,21.0,58.0,166.0,1,1,1.0
198,1,969.0,21.0,57.0,165.0,1,1,1.0
199,1,969.0,21.0,58.0,165.0,1,1,1.0
200,1,968.0,20.0,58.0,163.0,1,1,1.0
201,1,967.0,20.0,58.0,160.0,1,1,1.0
202,1,966.0,19.0,58.0,161.0,1,1,1.0
203,1,967.0,18.0,57.0,161.0,1,1,1.0
204,1,967.0,18.0,56.0,161.0,1,1,1.0
205,1,967.0,18.0,55.0,161.0,1,1,1.0
206,1,968.0,19.0,53.0,160.0,1,1,1.0
207,1,968.0,19.0,52.0,160.0,1,1,1.0
208,1,966.0,20.0,52.0,159.0,1,1,1.0
209,1,964.0,20.0,53.0,158.0,1,1,1.0
210,1,962.0,20.0,54.0,157.0,1,1,1.0
211,1,960.0,19.0,55.0,156.0,1,1,1.0
212,1,958.0,18.0,56.0,154.0,1,1,1.0
213,1,956.0,17.0,57.0,153.0,1,1,1.0
214,1,955.0,17.0,57.0,153.0,1,1,1.0
215,1,955.0,17.0,57.0,153.0,1,1,1.0
216,1,956.0,16.0,55.0,153.0,1,1,1.0
217,1,957.0,16.0,53.0,153.0,1,1,1.0
218,1,958.0,17.0,52.0,153.0,1,1,1.0
219,1,958.0,17.0,51.0,152.0,1,1,1.0
220,1,958.0,17.0,51.0,151.0,1,1,1.0
221,1,959.0,17.0,51.0,151.0,1,1,1.0
222,1,959.0,17.0,50.0,150.0,1,1,1.0
223,1,959.0,16.0,51.0,147.0,1,1,1.0
224,1,959.0,15.0,50.0,146.0,1,1,1.0
225,1,959.0,15.0,50.0,146.0,1,1,1.0
226,1,959.0,15.0,49.0,146.0,1,1,1.0
227,1,959.0,15.0,49.0,146.0,1,1,1.0
228,1,959.0,15.0,49.0,146.0,1,1,1.0
229,1,958.0,16.0,49.0,145.0,1,1,1.0
230,1,958.0,16.0,49.0,145.0,1,1,1.0
231,1,957.0,16.0,49.0,144.0,1,1,1.0
232,1,956.0,16.0,49.0,144.0,1,1,1.0
233,1,955.0,16.0,49.0,143.0,1,1,1.0
234,1,954.0,15.0,49.0,140.0,1,1,1.0
235,1,954.0,15.0,50.0,139.0,1,1,1.0
236,1,954.0,14.0,49.0,139.0,1,1,1.0
237,1,953.0,14.0,50.0,139.0,1,1,1.0
238,1,953.0,13.0,50.0,140.0,1,1,1.0
239,1,953.0,13.0,49.0,140.0,1,1,1.0
240,1,953.0,13.0,49.0,140.0,1,1,1.0
241,1,953.0,14.0,49.0,139.0,1,1,1.0
242,1,952.0,14.0,48.0,138.0,1,1,1.0
243,1,952.0,14.0,49.0,138.0,1,1,1.0
244,1,952.0,14.0,49.0,137.0,1,1,1.0
245,1,952.0,13.0,49.0,137.0,1,1,1.0
246,1,952.0,12.0,48.0,135.0,1,1,1.0
247,1,952.0,11.0,48.0,135.0,1,1,1.0
248,1,951.0,10.0,48.0,136.0,1,1,1.0
249,1,950.0,9.0,48.0,136.0,1,1,1.0
250,1,950.0,9.0,48.0,136.0,1,1,1.0
251,1,949.0,10.0,48.0,136.0,1,1,1.0
252,1,948.0,10.0,48.0,136.0,1,1,1.0
253,1,947.0,10.0,47.0,135.0,1,1,1.0
254,1,947.0,11.0,46.0,134.0,1,1,1.0
255,1,947.0,11.0,46.0,134.0,1,1,1.0
256,1,946.0,10.0,45.0,133.0,1,1,1.0
257,1,945.0,9.0,45.0,132.0,1,1,1.0
258,1,945.0,9.0,45.0,131.0,1,1,1.0
259,1,944.0,8.0,44.0,131.0,1,1,1.0
260,1,945.0,8.0,43.0,131.0,1,1,1.0
261,1,945.0,8.0,42.0,130.0,1,1,1.0
262,1,945.0,8.0,42.0,131.0,1,1,1.0
263,1,945.0,8.0,42.0,131.0,1,1,1.0
264,1,944.0,8.0,42.0,130.0,1,1,1.0
265,1,943.0,9.0,44.0,130.0,1,1,1.0
266,1,941.0,9.0,46.0,130.0,1,1,1.0
267,1,939.0,8.0,48.0,129.0,1,1,1.0
268,1,938.0,8.0,49.0,128.0,1,1,1.0
269,1,938.0,8.0,49.0,127.0,1,1,1.0
270,1,938.0,7.0,48.0,126.0,1,1,1.0
271,1,940.0,7.0,47.0,126.0,1,1,1.0
272,1,941.0,7.0,45.0,126.0,1,1,1.0
273,1,942.0,8.0,43.0,125.0,1,1,1.0
274,1,943.0,8.0,41.0,125.0,1,1,1.0
275,1,944.0,9.0,40.0,125.0,1,1,1.0
276,1,944.0,9.0,40.0,124.0,1,1,1.0
277,1,943.0,9.0,40.0,124.0,1,1,1.0
278,1,941.0,9.0,41.0,123.0,1,1,1.0
279,1,939.0,9.0,42.0,123.0,1,1,1.0
280,1,937.0,9.0,43.0,120.0,1,1,1.0
281,1,935.0,8.0,45.0,120.0,1,1,1.0
282,1,934.0,7.0,45.0,120.0,1,1,1.0
283,1,933.0,7.0,45.0,120.0,1,1,1.0
284,1,933.0,7.0,45.0,120.0,1,1,1.0
285,1,934.0,7.0,44.0,121.0,1,1,1.0
286,1,935.0,7.0,43.0,121.0,1,1,1.0
287,1,936.0,7.0,42.0,120.0,1,1,1.0
288,1,936.0,7.0,42.0,120.0,1,1,1.0
289,1,936.0,7.0,42.0,119.0,1,1,1.0
290,1,937.0,7.0,42.0,118.0,1,1,1.0
291,1,937.0,6.0,42.0,118.0,1,1,1.0
292,1,936.0,5.0,42.0,117.0,1,1,1.0
293,1,936.0,4.0,43.0,117.0,1,1,1.0
294,1,936.0,4.0,43.0,118.0,1,1,1.0
295,1,936.0,3.0,43.0,118.0,1,1,1.0
296,1,937.0,3.0,42.0,118.0,1,1,1.0
297,1,937.0,3.0,42.0,118.0,1,1,1.0
298,1,937.0,4.0,41.0,117.0,1,1,1.0
299,1,937.0,5.0,40.0,116.0,1,1,1.0
300,1,937.0,5.0,39.0,115.0,1,1,1.0
301,1,937.0,4.0,39.0,115.0,1,1,1.0
302,1,936.0,4.0,39.0,114.0,1,1,1.0
303,1,935.0,3.0,40.0,113.0,1,1,1.0
304,1,935.0,3.0,40.0,113.0,1,1,1.0
305,1,934.0,3.0,40.0,113.0,1,1,1.0
306,1,934.0,3.0,40.0,114.0,1,1,1.0
307,1,935.0,3.0,39.0,114.0,1,1,1.0
308,1,936.0,3.0,38.0,113.0,1,1,1.0
309,1,936.0,3.0,38.0,113.0,1,1,1.0
310,1,937.0,3.0,37.0,113.0,1,1,1.0
311,1,938.0,2.0,37.0,112.0,1,1,1.0
312,1,938.0,2.0,38.0,112.0,1,1,1.0
313,1,939.0,2.0,38.0,112.0,1,1,1.0
314,1,939.0,1.0,38.0,110.0,1,1,1.0
315,1,939.0,1.0,38.0,109.0,1,1,1.0
316,1,939.0,1.0,38.0,109.0,1,1,1.0
317,1,940.0,1.0,38.0,108.0,1,1,1.0
318,1,941.0,1.0,37.0,109.0,1,1,1.0
319,1,942.0,1.0,37.0,109.0,1,1,1.0
320,1,942.0,1.0,37.0,109.0,1,1,1.0
321,1,942.0,1.0,37.0,110.0,1,1,1.0
322,1,942.0,1.0,37.0,110.0,1,1,1.0
323,1,942.0,1.0,37.0,109.0,1,1,1.0
324,1,942.0,1.0,37.0,109.0,1,1,1.0
325,1,942.0,1.0,38.0,108.0,1,1,1.0
326,1,941.0,1.0,38.0,107.0,1,1,1.0
327,1,941.0,1.0,38.0,106.0,1,1,1.0
328,1,941.0,1.0,38.0,106.0,1,1,1.0
329,1,942.0,1.0,37.0,106.0,1,1,1.0
330,1,943.0,1.0,36.0,106.0,1,1,1.0
331,1,945.0,0.0,35.0,106.0,1,1,1.0
332,1,946.0,0.0,35.0,106.0,1,1,1.0
333,1,948.0,1.0,34.0,106.0,1,1,1.0
334,1,949.0,1.0,34.0,105.0,1,1,1.0
335,1,950.0,1.0,34.0,105.0,1,1,1.0
336,1,951.0,1.0,35.0,104.0,1,1,1.0
337,1,951.0,1.0,36.0,103.0,1,1,1.0
338,1,951.0,1.0,38.0,102.0,1,1,1.0
339,1,951.0,0.0,39.0,102.0,1,1,1.0
340,1,952.0,0.0,40.0,103.0,1,1,1.0
341,1,953.0,0.0,40.0,103.0,1,1,1.0
342,1,954.0,0.0,39.0,103.0,1,1,1.0
343,1,957.0,0.0,37.0,103.0,1,1,1.0
344,1,959.0,0.0,35.0,103.0,1,1,1.0
345,1,961.0,0.0,34.0,102.0,1,1,1.0
346,1,962.0,0.0,35.0,102.0,1,1,1.0
347,1,964.0,1.0,36.0,102.0,1,1,1.0
348,1,965.0,1.0,37.0,102.0,1,1,1.0
349,1,965.0,1.0,39.0,102.0,1,1,1.0
350,1,966.0,2.0,40.0,101.0,1,1,1.0
351,1,966.0,2.0,42.0,101.0,1,1,1.0
352,1,968.0,2.0,42.0,100.0,1,1,1.0
353,1,970.0,2.0,41.0,99.0,1,1,1.0
354,1,974.0,1.0,39.0,100.0,1,1,1.0
355,1,979.0,1.0,36.0,99.0,1,1,1.0
356,1,981.0,1.0,35.0,99.0,1,1,1.0
357,1,985.0,1.0,32.0,98.0,1,1,1.0
358,1,987.0,1.0,34.0,99.0,1,1,1.0
359,1,988.0,1.0,38.0,99.0,1,1,1.0
360,1,989.0,1.0,40.0,100.0,1,1,1.0
361,1,990.0,1.0,42.0,100.0,1,1,1.0
362,1,990.0,1.0,44.0,101.0,1,1,1.0
363,1,992.0,1.0,44.0,100.0,1,1,1.0
364,1,994.0,1.0,43.0,100.0,1,1,1.0
365,1,998.0,1.0,39.0,100.0,1,1,1.0
366,1,1001.0,1.0,36.0,100.0,1,1,1.0
367,1,1004.0,1.0,34.0,101.0,1,1,1.0
368,1,1006.0,1.0,33.0,101.0,1,1,1.0
369,1,1007.0,1.0,34.0,100.0,1,1,1.0
370,1,1009.0,1.0,36.0,100.0,1,1,1.0
371,1,1011.0,1.0,39.0,100.0,1,1,1.0
372,1,1013.0,1.0,44.0,103.0,1,1,1.0
373,1,1015.0,1.0,47.0,104.0,1,1,1.0
374,1,1017.0,2.0,48.0,105.0,1,1,1.0
375,1,1019.0,2.0,47.0,106.0,1,1,1.0
376,1,1021.0,2.0,45.0,107.0,1,1,1.0
377,1,1024.0,2.0,43.0,107.0,1,1,1.0
378,1,1028.0,1.0,40.0,107.0,1,1,1.0
379,1,1031.0,1.0,39.0,107.0,1,1,1.0
380,1,1034.0,1.0,41.0,107.0,1,1,1.0
381,1,1037.0,2.0,43.0,107.0,1,1,1.0
382,1,1040.0,2.0,44.0,107.0,1,1,1.0
383,1,1042.0,2.0,45.0,107.0,1,1,1.0
384,1,1044.0,3.0,47.0,106.0,1,1,1.0
385,1,1047.0,4.0,47.0,104.0,1,1,1.0
386,1,1050.0,5.0,47.0,106.0,1,1,1.0
387,1,1052.0,5.0,46.0,107.0,1,1,1.0
388,1,1054.0,4.0,45.0,108.0,1,1,1.0
389,1,1057.0,4.0,43.0,107.0,1,1,1.0
390,1,1060.0,3.0,40.0,108.0,1,1,1.0
391,1,1063.0,3.0,38.0,110.0,1,1,1.0
392,1,1066.0,3.0,37.0,109.0,1,1,1.0
393,1,1067.0,3.0,38.0,108.0,1,1,1.0
394,1,1069.0,4.0,40.0,108.0,1,1,1.0
395,1,1070.0,5.0,43.0,109.0,1,1,1.0
396,1,1071.0,6.0,51.0,110.0,1,1,1.0
397,1,1072.0,6.0,54.0,111.0,1,1,1.0
398,1,1074.0,7.0,54.0,111.0,1,1,1.0
399,1,1076.0,7.0,53.0,111.0,1,1,1.0
400,1,1079.0,7.0,49.0,110.0,1,1,1.0
401,1,1084.0,7.0,45.0,111.0,1,1,1.0
402,1,1090.0,6.0,41.0,112.0,1,1,1.0
403,1,1094.0,6.0,41.0,112.0,1,1,1.0
404,1,1097.0,6.0,44.0,113.0,1,1,1.0
405,1,1100.0,7.0,47.0,112.0,1,1,1.0
406,1,1101.0,7.0,49.0,113.0,1,1,1.0
407,1,1103.0,7.0,51.0,113.0,1,1,1.0
408,1,1105.0,8.0,51.0,112.0,1,1,1.0
410,1,1109.0,9.0,49.0,114.0,1,1,1.0
411,1,1111.0,9.0,47.0,115.0,1,1,1.0
412,1,1112.0,9.0,46.0,116.0,1,1,1.0
413,1,1114.0,8.0,44.0,117.0,1,1,1.0
414,1,1116.0,8.0,41.0,117.0,1,1,1.0
415,1,1118.0,7.0,37.0,117.0,1,1,1.0
416,1,1120.0,7.0,35.0,118.0,1,1,1.0
417,1,1121.0,7.0,35.0,118.0,1,1,1.0
418,1,1123.0,8.0,36.0,116.0,1,1,1.0
419,1,1124.0,9.0,40.0,117.0,1,1,1.0
420,1,1125.0,9.0,46.0,117.0,1,1,1.0
421,1,1126.0,10.0,51.0,117.0,1,1,1.0
422,1,1127.0,10.0,50.0,118.0,1,1,1.0
423,1,1129.0,10.0,48.0,118.0,1,1,1.0
424,1,1132.0,10.0,47.0,119.0,1,1,1.0
425,1,1135.0,9.0,44.0,120.0,1,1,1.0
426,1,1139.0,9.0,40.0,120.0,1,1,1.0
427,1,1144.0,9.0,41.0,119.0,1,1,1.0
428,1,1148.0,9.0,43.0,119.0,1,1,1.0
429,1,1151.0,10.0,47.0,119.0,1,1,1.0
430,1,1154.0,11.0,48.0,121.0,1,1,1.0
431,1,1157.0,12.0,50.0,120.0,1,1,1.0
432,1,1160.0,13.0,51.0,120.0,1,1,1.0
433,1,1161.0,14.0,53.0,120.0,1,1,1.0
434,1,1162.0,14.0,54.0,121.0,1,1,1.0
435,1,1165.0,14.0,52.0,121.0,1,1,1.0
436,1,1169.0,14.0,48.0,121.0,1,1,1.0
437,1,1173.0,13.0,43.0,121.0,1,1,1.0
438,1,1177.0,13.0,39.0,120.0,1,1,1.0
439,1,1180.0,13.0,36.0,121.0,1,1,1.0
440,1,1183.0,13.0,36.0,122.0,1,1,1.0
441,1,1185.0,13.0,39.0,122.0,1,1,1.0
443,1,1189.0,15.0,50.0,123.0,1,1,1.0
444,1,1190.0,16.0,58.0,123.0,1,1,1.0
445,1,1190.0,16.0,62.0,123.0,1,1,1.0
446,1,1192.0,17.0,62.0,124.0,1,1,1.0
447,1,1195.0,17.0,60.0,125.0,1,1,1.0
448,1,1199.0,17.0,56.0,126.0,1,1,1.0
449,1,1205.0,16.0,49.0,127.0,1,1,1.0
450,1,1212.0,16.0,43.0,128.0,1,1,1.0
451,1,1218.0,16.0,39.0,129.0,1,1,1.0
452,1,1224.0,17.0,39.0,127.0,1,1,1.0
453,1,1228.0,17.0,41.0,124.0,1,1,1.0
454,1,1231.0,19.0,44.0,124.0,1,1,1.0
455,1,1234.0,20.0,47.0,126.0,1,1,1.0
456,1,1235.0,20.0,49.0,127.0,1,1,1.0
457,1,1236.0,21.0,50.0,128.0,1,1,1.0
458,1,1239.0,21.0,52.0,125.0,1,1,1.0
459,1,1242.0,21.0,52.0,125.0,1,1,1.0
460,1,1247.0,21.0,48.0,126.0,1,1,1.0
461,1,1252.0,21.0,42.0,126.0,1,1,1.0
462,1,1256.0,21.0,40.0,127.0,1,1,1.0
463,1,1259.0,22.0,39.0,128.0,1,1,1.0
464,1,1262.0,22.0,38.0,127.0,1,1,1.0
465,1,1264.0,23.0,39.0,125.0,1,1,1.0
466,1,1265.0,24.0,47.0,127.0,1,1,1.0
467,1,1266.0,25.0,56.0,129.0,1,1,1.0
468,1,1267.0,27.0,60.0,128.0,1,1,1.0
469,1,1268.0,27.0,60.0,129.0,1,1,1.0
470,1,1271.0,28.0,58.0,128.0,1,1,1.0
471,1,1275.0,27.0,54.0,128.0,1,1,1.0
472,1,1280.0,27.0,49.0,128.0,1,1,1.0
473,1,1286.0,27.0,45.0,128.0,1,1,1.0
474,1,1293.0,27.0,42.0,127.0,1,1,1.0
475,1,1298.0,27.0,42.0,126.0,1,1,1.0
476,1,1302.0,28.0,45.0,128.0,1,1,1.0
477,1,1304.0,29.0,48.0,126.0,1,1,1.0
478,1,1305.0,30.0,53.0,129.0,1,1,1.0
479,1,1305.0,31.0,56.0,131.0,1,1,1.0
480,1,1306.0,32.0,57.0,131.0,1,1,1.0
481,1,1306.0,32.0,59.0,132.0,1,1,1.0
482,1,1317.0,32.0,50.0,133.0,1,1,1.0
483,1,1323.0,32.0,44.0,134.0,1,1,1.0
484,1,1326.0,32.0,42.0,134.0,1,1,1.0
485,1,1328.0,32.0,42.0,134.0,1,1,1.0
486,1,1328.0,32.0,46.0,134.0,1,1,1.0
487,1,1332.0,32.0,46.0,134.0,1,1,1.0
488,1,1337.0,33.0,46.0,134.0,1,1,1.0
489,1,1340.0,35.0,49.0,133.0,1,1,1.0
490,1,1341.0,36.0,61.0,134.0,1,1,1.0
491,1,1342.0,38.0,65.0,133.0,1,1,1.0
492,1,1342.0,39.0,68.0,133.0,1,1,1.0
493,1,1342.0,39.0,69.0,133.0,1,1,1.0
494,1,1345.0,40.0,70.0,134.0,1,1,1.0
495,1,1351.0,41.0,66.0,134.0,1,1,1.0
496,1,1362.0,40.0,56.0,135.0,1,1,1.0
497,1,1371.0,40.0,49.0,134.0,1,1,1.0
498,1,1380.0,41.0,44.0,134.0,1,1,1.0
499,1,1385.0,41.0,45.0,133.0,1,1,1.0
500,1,1387.0,43.0,49.0,132.0,1,1,1.0
501,1,1391.0,44.0,52.0,134.0,1,1,1.0
502,1,1394.0,44.0,54.0,135.0,1,1,1.0
503,1,1395.0,45.0,58.0,135.0,1,1,1.0
504,1,1396.0,46.0,61.0,136.0,1,1,1.0
505,1,1398.0,46.0,62.0,136.0,1,1,1.0
506,1,1401.0,47.0,60.0,136.0,1,1,1.0
507,1,1406.0,47.0,57.0,136.0,1,1,1.0
508,1,1413.0,47.0,51.0,134.0,1,1,1.0
509,1,1418.0,47.0,47.0,135.0,1,1,1.0
510,1,1425.0,46.0,42.0,135.0,1,1,1.0
511,1,1428.0,47.0,43.0,137.0,1,1,1.0
512,1,1429.0,48.0,45.0,137.0,1,1,1.0
513,1,1431.0,49.0,47.0,136.0,1,1,1.0
514,1,1433.0,49.0,53.0,137.0,1,1,1.0
515,1,1436.0,51.0,59.0,138.0,1,1,1.0
516,1,1437.0,51.0,62.0,139.0,1,1,1.0
517,1,1438.0,52.0,63.0,139.0,1,1,1.0
518,1,1440.0,53.0,59.0,140.0,1,1,1.0
519,1,1441.0,54.0,56.0,141.0,1,1,1.0
520,1,1442.0,54.0,55.0,141.0,1,1,1.0
521,1,1443.0,54.0,56.0,142.0,1,1,1.0
522,1,1445.0,54.0,58.0,142.0,1,1,1.0
523,1,1447.0,54.0,59.0,142.0,1,1,1.0
524,1,1450.0,54.0,59.0,142.0,1,1,1.0
525,1,1453.0,55.0,60.0,141.0,1,1,1.0
526,1,1454.0,56.0,60.0,140.0,1,1,1.0
527,1,1455.0,56.0,60.0,140.0,1,1,1.0
528,1,1456.0,57.0,60.0,140.0,1,1,1.0
529,1,1455.0,57.0,60.0,140.0,1,1,1.0
530,1,1455.0,57.0,59.0,141.0,1,1,1.0
531,1,1454.0,58.0,59.0,141.0,1,1,1.0
532,1,1453.0,57.0,58.0,141.0,1,1,1.0
533,1,1451.0,56.0,57.0,142.0,1,1,1.0
534,1,1448.0,55.0,57.0,144.0,1,1,1.0
535,1,1443.0,54.0,60.0,144.0,1,1,1.0
536,1,1438.0,54.0,62.0,144.0,1,1,1.0
537,1,1435.0,53.0,61.0,146.0,1,1,1.0
538,1,1433.0,53.0,61.0,147.0,1,1,1.0
539,1,1431.0,53.0,61.0,147.0,1,1,1.0
540,1,1430.0,53.0,60.0,149.0,1,1,1.0
541,1,1429.0,54.0,60.0,149.0,1,1,1.0
542,1,1429.0,54.0,58.0,149.0,1,1,1.0
543,1,1430.0,55.0,56.0,148.0,1,1,1.0
544,1,1429.0,55.0,55.0,148.0,1,1,1.0
545,1,1429.0,56.0,55.0,148.0,1,1,1.0
546,1,1428.0,56.0,54.0,148.0,1,1,1.0
547,1,1426.0,55.0,54.0,150.0,1,1,1.0
548,1,1425.0,55.0,54.0,150.0,1,1,1.0
549,1,1423.0,54.0,54.0,151.0,1,1,1.0
550,1,1420.0,54.0,54.0,152.0,1,1,1.0
551,1,1417.0,53.0,55.0,152.0,1,1,1.0
552,1,1414.0,53.0,55.0,152.0,1,1,1.0
553,1,1410.0,53.0,56.0,153.0,1,1,1.0
554,1,1403.0,53.0,60.0,153.0,1,1,1.0
555,1,1395.0,53.0,66.0,153.0,1,1,1.0
556,1,1388.0,54.0,71.0,153.0,1,1,1.0
557,1,1384.0,54.0,70.0,153.0,1,1,1.0
558,1,1383.0,53.0,68.0,153.0,1,1,1.0
559,1,1382.0,52.0,66.0,155.0,1,1,1.0
560,1,1382.0,50.0,64.0,156.0,1,1,1.0
561,1,1381.0,49.0,61.0,157.0,1,1,1.0
562,1,1379.0,48.0,59.0,158.0,1,1,1.0
563,1,1375.0,47.0,60.0,159.0,1,1,1.0
564,1,1371.0,47.0,61.0,160.0,1,1,1.0
565,1,1367.0,47.0,61.0,161.0,1,1,1.0
566,1,1363.0,47.0,63.0,162.0,1,1,1.0
567,1,1359.0,48.0,63.0,162.0,1,1,1.0
568,1,1355.0,49.0,64.0,160.0,1,1,1.0
569,1,1353.0,49.0,63.0,160.0,1,1,1.0
570,1,1350.0,50.0,63.0,161.0,1,1,1.0
571,1,1349.0,50.0,61.0,162.0,1,1,1.0
572,1,1346.0,49.0,61.0,163.0,1,1,1.0
573,1,1344.0,48.0,62.0,164.0,1,1,1.0
574,1,1340.0,47.0,62.0,164.0,1,1,1.0
575,1,1337.0,47.0,62.0,165.0,1,1,1.0
576,1,1334.0,46.0,61.0,165.0,1,1,1.0
577,1,1329.0,46.0,62.0,165.0,1,1,1.0
578,1,1321.0,47.0,66.0,165.0,1,1,1.0
579,1,1311.0,47.0,72.0,166.0,1,1,1.0
580,1,1304.0,48.0,75.0,165.0,1,1,1.0
581,1,1301.0,48.0,74.0,166.0,1,1,1.0
582,1,1301.0,48.0,71.0,167.0,1,1,1.0
583,1,1300.0,47.0,69.0,168.0,1,1,1.0
584,1,1299.0,46.0,66.0,169.0,1,1,1.0
585,1,1299.0,46.0,63.0,170.0,1,1,1.0
586,1,1297.0,44.0,62.0,171.0,1,1,1.0
587,1,1294.0,43.0,61.0,172.0,1,1,1.0
588,1,1293.0,43.0,59.0,172.0,1,1,1.0
589,1,1289.0,44.0,58.0,174.0,1,1,1.0
590,1,1285.0,44.0,59.0,172.0,1,1,1.0
591,1,1280.0,44.0,59.0,172.0,1,1,1.0
592,1,1274.0,46.0,61.0,170.0,1,1,1.0
593,1,1270.0,47.0,61.0,170.0,1,1,1.0
594,1,1267.0,47.0,61.0,169.0,1,1,1.0
595,1,1263.0,46.0,62.0,170.0,1,1,1.0
596,1,1259.0,46.0,63.0,169.0,1,1,1.0
597,1,1253.0,45.0,65.0,169.0,1,1,1.0
598,1,1247.0,44.0,67.0,170.0,1,1,1.0
599,1,1241.0,44.0,70.0,173.0,1,1,1.0
600,1,1236.0,43.0,72.0,176.0,1,1,1.0
601,1,1231.0,44.0,73.0,177.0,1,1,1.0
602,1,1223.0,44.0,76.0,178.0,1,1,1.0
603,1,1211.0,45.0,83.0,179.0,1,1,1.0
604,1,1204.0,45.0,84.0,179.0,1,1,1.0
605,1,1202.0,45.0,83.0,180.0,1,1,1.0
606,1,1201.0,45.0,81.0,182.0,1,1,1.0
607,1,1199.0,44.0,79.0,184.0,1,1,1.0
608,1,1200.0,43.0,73.0,184.0,1,1,1.0
609,1,1199.0,42.0,67.0,185.0,1,1,1.0
610,1,1195.0,41.0,68.0,185.0,1,1,1.0
611,1,1189.0,41.0,70.0,185.0,1,1,1.0
612,1,1181.0,41.0,74.0,186.0,1,1,1.0
613,1,1174.0,42.0,78.0,187.0,1,1,1.0
614,1,1168.0,43.0,80.0,188.0,1,1,1.0
615,1,1163.0,44.0,82.0,188.0,1,1,1.0
616,1,1159.0,45.0,82.0,188.0,1,1,1.0
617,1,1156.0,45.0,81.0,189.0,1,1,1.0
618,1,1153.0,44.0,78.0,191.0,1,1,1.0
619,1,1151.0,43.0,75.0,192.0,1,1,1.0
620,1,1149.0,43.0,72.0,192.0,1,1,1.0
621,1,1145.0,42.0,69.0,193.0,1,1,1.0
622,1,1140.0,41.0,68.0,194.0,1,1,1.0
623,1,1136.0,41.0,67.0,194.0,1,1,1.0
624,1,1130.0,42.0,67.0,194.0,1,1,1.0
625,1,1119.0,42.0,74.0,194.0,1,1,1.0
626,1,1105.0,43.0,83.0,194.0,1,1,1.0
627,1,1095.0,43.0,89.0,195.0,1,1,1.0
628,1,1090.0,44.0,90.0,195.0,1,1,1.0
629,1,1088.0,43.0,90.0,197.0,1,1,1.0
630,1,1087.0,42.0,85.0,198.0,1,1,1.0
631,1,1087.0,41.0,78.0,200.0,1,1,1.0
632,1,1084.0,39.0,71.0,201.0,1,1,1.0
633,1,1076.0,39.0,74.0,201.0,1,1,1.0
634,1,1065.0,39.0,81.0,202.0,1,1,1.0
635,1,1059.0,39.0,83.0,205.0,1,1,1.0
636,1,1057.0,40.0,82.0,206.0,1,1,1.0
637,1,1055.0,42.0,80.0,207.0,1,1,1.0
638,1,1051.0,43.0,80.0,207.0,1,1,1.0
639,1,1048.0,44.0,78.0,208.0,1,1,1.0
640,1,1042.0,44.0,77.0,210.0,1,1,1.0
641,1,1040.0,44.0,73.0,211.0,1,1,1.0
642,1,1035.0,43.0,71.0,213.0,1,1,1.0
643,1,1031.0,43.0,68.0,213.0,1,1,1.0
644,1,1024.0,42.0,68.0,214.0,1,1,1.0
645,1,1015.0,43.0,71.0,213.0,1,1,1.0
646,1,1007.0,43.0,75.0,213.0,1,1,1.0
647,1,995.0,44.0,82.0,214.0,1,1,1.0
648,1,977.0,45.0,94.0,216.0,1,1,1.0
649,1,964.0,47.0,102.0,216.0,1,1,1.0
650,1,958.0,48.0,105.0,217.0,1,1,1.0
651,1,957.0,48.0,103.0,218.0,1,1,1.0
652,1,954.0,49.0,98.0,218.0,1,1,1.0
653,1,953.0,48.0,88.0,219.0,1,1,1.0
654,1,949.0,48.0,81.0,219.0,1,1,1.0
655,1,942.0,47.0,79.0,220.0,1,1,1.0
656,1,935.0,48.0,79.0,221.0,1,1,1.0
657,1,930.0,49.0,80.0,223.0,1,1,1.0
658,1,924.0,50.0,81.0,226.0,1,1,1.0
659,1,919.0,52.0,82.0,227.0,1,1,1.0
660,1,913.0,53.0,83.0,228.0,1,1,1.0
661,1,909.0,55.0,81.0,230.0,1,1,1.0
662,1,906.0,55.0,78.0,231.0,1,1,1.0
663,1,904.0,55.0,73.0,232.0,1,1,1.0
664,1,899.0,55.0,69.0,233.0,1,1,1.0
665,1,893.0,55.0,66.0,233.0,1,1,1.0
666,1,885.0,55.0,67.0,233.0,1,1,1.0
667,1,876.0,55.0,68.0,232.0,1,1,1.0
668,1,869.0,56.0,68.0,232.0,1,1,1.0
669,1,859.0,57.0,74.0,234.0,1,1,1.0
670,1,840.0,59.0,93.0,235.0,1,1,1.0
671,1,827.0,61.0,104.0,237.0,1,1,1.0
672,1,823.0,62.0,107.0,238.0,1,1,1.0
673,1,822.0,63.0,105.0,239.0,1,1,1.0
674,1,820.0,63.0,101.0,240.0,1,1,1.0
675,1,814.0,63.0,96.0,240.0,1,1,1.0
676,1,805.0,63.0,91.0,240.0,1,1,1.0
677,1,796.0,63.0,89.0,241.0,1,1,1.0
678,1,789.0,63.0,89.0,241.0,1,1,1.0
679,1,782.0,64.0,91.0,245.0,1,1,1.0
680,1,774.0,65.0,94.0,248.0,1,1,1.0
681,1,764.0,67.0,98.0,248.0,1,1,1.0
682,1,755.0,69.0,102.0,249.0,1,1,1.0
683,1,748.0,71.0,106.0,250.0,1,1,1.0
684,1,745.0,72.0,106.0,251.0,1,1,1.0
685,1,742.0,72.0,100.0,251.0,1,1,1.0
686,1,737.0,72.0,93.0,251.0,1,1,1.0
687,1,730.0,72.0,86.0,251.0,1,1,1.0
688,1,724.0,72.0,80.0,252.0,1,1,1.0
689,1,716.0,72.0,75.0,252.0,1,1,1.0
690,1,709.0,73.0,74.0,250.0,1,1,1.0
691,1,695.0,74.0,85.0,251.0,1,1,1.0
692,1,677.0,76.0,101.0,252.0,1,1,1.0
693,1,667.0,78.0,111.0,252.0,1,1,1.0
694,1,658.0,79.0,119.0,253.0,1,1,1.0
695,1,652.0,80.0,122.0,255.0,1,1,1.0
696,1,649.0,81.0,115.0,255.0,1,1,1.0
697,1,646.0,81.0,104.0,256.0,1,1,1.0
698,1,640.0,82.0,93.0,256.0,1,1,1.0
699,1,632.0,83.0,82.0,255.0,1,1,1.0
700,1,623.0,84.0,77.0,257.0,1,1,1.0
