1,1,1311.0,279.0,206.0,575.0,1,1,1.0
2,1,1313.0,272.0,201.0,570.0,1,1,1.0
3,1,1317.0,264.0,193.0,566.0,1,1,1.0
4,1,1323.0,256.0,185.0,546.0,1,1,1.0
5,1,1328.0,249.0,173.0,526.0,1,1,1.0
6,1,1330.0,244.0,164.0,513.0,1,1,1.0
7,1,1328.0,240.0,160.0,512.0,1,1,1.0
8,1,1322.0,237.0,160.0,514.0,1,1,1.0
9,1,1311.0,235.0,164.0,515.0,1,1,1.0
10,1,1300.0,233.0,168.0,514.0,1,1,1.0
11,1,1293.0,231.0,168.0,511.0,1,1,1.0
12,1,1293.0,228.0,160.0,505.0,1,1,1.0
13,1,1293.0,224.0,153.0,501.0,1,1,1.0
14,1,1293.0,218.0,148.0,499.0,1,1,1.0
15,1,1292.0,212.0,143.0,490.0,1,1,1.0
16,1,1289.0,207.0,142.0,474.0,1,1,1.0
17,1,1279.0,202.0,148.0,459.0,1,1,1.0
18,1,1268.0,198.0,155.0,453.0,1,1,1.0
19,1,1260.0,196.0,158.0,452.0,1,1,1.0
20,1,1254.0,194.0,160.0,454.0,1,1,1.0
21,1,1250.0,193.0,160.0,455.0,1,1,1.0
22,1,1247.0,193.0,159.0,455.0,1,1,1.0
23,1,1245.0,192.0,158.0,450.0,1,1,1.0
24,1,1245.0,190.0,155.0,443.0,1,1,1.0
25,1,1245.0,188.0,152.0,442.0,1,1,1.0
26,1,1247.0,184.0,148.0,439.0,1,1,1.0
27,1,1249.0,179.0,143.0,428.0,1,1,1.0
28,1,1252.0,174.0,135.0,416.0,1,1,1.0
29,1,1254.0,169.0,129.0,406.0,1,1,1.0
30,1,1257.0,166.0,121.0,404.0,1,1,1.0
31,1,1254.0,164.0,120.0,405.0,1,1,1.0
32,1,1244.0,161.0,123.0,406.0,1,1,1.0
33,1,1228.0,160.0,133.0,405.0,1,1,1.0
34,1,1219.0,158.0,135.0,402.0,1,1,1.0
35,1,1217.0,156.0,131.0,400.0,1,1,1.0
36,1,1215.0,154.0,125.0,400.0,1,1,1.0
37,1,1215.0,150.0,120.0,398.0,1,1,1.0
38,1,1215.0,145.0,114.0,391.0,1,1,1.0
39,1,1215.0,142.0,110.0,381.0,1,1,1.0
40,1,1211.0,138.0,110.0,371.0,1,1,1.0
41,1,1203.0,137.0,114.0,367.0,1,1,1.0
42,1,1195.0,136.0,120.0,366.0,1,1,1.0
43,1,1188.0,136.0,124.0,365.0,1,1,1.0
44,1,1183.0,136.0,126.0,365.0,1,1,1.0
45,1,1178.0,135.0,128.0,364.0,1,1,1.0
46,1,1175.0,134.0,128.0,360.0,1,1,1.0
47,1,1174.0,132.0,128.0,359.0,1,1,1.0
48,1,1173.0,130.0,127.0,357.0,1,1,1.0
49,1,1175.0,126.0,124.0,353.0,1,1,1.0
50,1,1179.0,123.0,117.0,343.0,1,1,1.0
51,1,1181.0,119.0,112.0,335.0,1,1,1.0
52,1,1185.0,117.0,106.0,331.0,1,1,1.0
53,1,1188.0,115.0,100.0,332.0,1,1,1.0
54,1,1190.0,115.0,95.0,332.0,1,1,1.0
55,1,1188.0,115.0,93.0,333.0,1,1,1.0
56,1,1180.0,115.0,97.0,333.0,1,1,1.0
57,1,1176.0,114.0,98.0,330.0,1,1,1.0
58,1,1176.0,112.0,94.0,328.0,1,1,1.0
59,1,1176.0,109.0,89.0,329.0,1,1,1.0
60,1,1173.0,105.0,87.0,328.0,1,1,1.0
61,1,1168.0,102.0,88.0,321.0,1,1,1.0
62,1,1161.0,100.0,92.0,312.0,1,1,1.0
63,1,1154.0,97.0,97.0,308.0,1,1,1.0
64,1,1148.0,96.0,100.0,306.0,1,1,1.0
65,1,1143.0,96.0,102.0,306.0,1,1,1.0
66,1,1139.0,96.0,103.0,306.0,1,1,1.0
67,1,1137.0,96.0,102.0,306.0,1,1,1.0
68,1,1136.0,96.0,101.0,304.0,1,1,1.0
69,1,1135.0,95.0,100.0,302.0,1,1,1.0
70,1,1135.0,94.0,98.0,301.0,1,1,1.0
71,1,1135.0,92.0,97.0,300.0,1,1,1.0
72,1,1135.0,90.0,95.0,295.0,1,1,1.0
73,1,1136.0,87.0,91.0,287.0,1,1,1.0
74,1,1137.0,86.0,88.0,282.0,1,1,1.0
75,1,1138.0,84.0,84.0,281.0,1,1,1.0
76,1,1139.0,83.0,81.0,281.0,1,1,1.0
77,1,1138.0,83.0,79.0,282.0,1,1,1.0
78,1,1134.0,83.0,79.0,281.0,1,1,1.0
79,1,1126.0,83.0,84.0,280.0,1,1,1.0
80,1,1124.0,82.0,82.0,278.0,1,1,1.0
81,1,1125.0,81.0,77.0,277.0,1,1,1.0
82,1,1124.0,78.0,75.0,278.0,1,1,1.0
83,1,1120.0,76.0,77.0,272.0,1,1,1.0
84,1,1115.0,73.0,80.0,266.0,1,1,1.0
85,1,1110.0,71.0,83.0,264.0,1,1,1.0
86,1,1105.0,69.0,86.0,264.0,1,1,1.0
87,1,1103.0,69.0,87.0,263.0,1,1,1.0
88,1,1101.0,69.0,87.0,263.0,1,1,1.0
89,1,1101.0,69.0,86.0,262.0,1,1,1.0
90,1,1101.0,69.0,85.0,260.0,1,1,1.0
91,1,1102.0,69.0,84.0,258.0,1,1,1.0
92,1,1102.0,68.0,84.0,257.0,1,1,1.0
93,1,1103.0,66.0,83.0,254.0,1,1,1.0
94,1,1104.0,64.0,82.0,248.0,1,1,1.0
95,1,1105.0,62.0,80.0,245.0,1,1,1.0
96,1,1107.0,61.0,78.0,245.0,1,1,1.0
97,1,1109.0,60.0,75.0,245.0,1,1,1.0
98,1,1111.0,59.0,72.0,246.0,1,1,1.0
99,1,1112.0,60.0,68.0,245.0,1,1,1.0
100,1,1112.0,61.0,66.0,244.0,1,1,1.0
101,1,1111.0,61.0,65.0,243.0,1,1,1.0
102,1,1108.0,61.0,66.0,241.0,1,1,1.0
103,1,1104.0,60.0,67.0,240.0,1,1,1.0
104,1,1099.0,58.0,69.0,239.0,1,1,1.0
105,1,1094.0,56.0,72.0,235.0,1,1,1.0
106,1,1089.0,54.0,75.0,230.0,1,1,1.0
107,1,1084.0,53.0,78.0,227.0,1,1,1.0
108,1,1082.0,52.0,79.0,227.0,1,1,1.0
109,1,1081.0,51.0,78.0,227.0,1,1,1.0
110,1,1081.0,51.0,76.0,224.0,1,1,1.0
111,1,1082.0,51.0,74.0,225.0,1,1,1.0
112,1,1082.0,52.0,72.0,226.0,1,1,1.0
113,1,1083.0,52.0,71.0,224.0,1,1,1.0
114,1,1083.0,51.0,70.0,224.0,1,1,1.0
115,1,1082.0,50.0,70.0,223.0,1,1,1.0
116,1,1081.0,48.0,70.0,219.0,1,1,1.0
117,1,1080.0,46.0,70.0,215.0,1,1,1.0
118,1,1080.0,44.0,70.0,213.0,1,1,1.0
119,1,1079.0,43.0,70.0,214.0,1,1,1.0
120,1,1080.0,42.0,68.0,214.0,1,1,1.0
121,1,1080.0,42.0,66.0,214.0,1,1,1.0
122,1,1081.0,43.0,63.0,213.0,1,1,1.0
123,1,1080.0,43.0,61.0,211.0,1,1,1.0
124,1,1080.0,44.0,59.0,210.0,1,1,1.0
125,1,1077.0,43.0,59.0,208.0,1,1,1.0
126,1,1075.0,43.0,60.0,207.0,1,1,1.0
127,1,1071.0,42.0,61.0,204.0,1,1,1.0
128,1,1069.0,41.0,62.0,200.0,1,1,1.0
129,1,1065.0,39.0,64.0,199.0,1,1,1.0
130,1,1063.0,38.0,65.0,200.0,1,1,1.0
131,1,1061.0,38.0,64.0,200.0,1,1,1.0
132,1,1061.0,38.0,64.0,200.0,1,1,1.0
133,1,1060.0,38.0,63.0,200.0,1,1,1.0
134,1,1060.0,38.0,63.0,200.0,1,1,1.0
135,1,1059.0,38.0,63.0,198.0,1,1,1.0
136,1,1058.0,38.0,62.0,198.0,1,1,1.0
137,1,1058.0,38.0,62.0,197.0,1,1,1.0
138,1,1057.0,36.0,62.0,195.0,1,1,1.0
139,1,1056.0,35.0,61.0,191.0,1,1,1.0
140,1,1056.0,34.0,60.0,191.0,1,1,1.0
141,1,1056.0,32.0,59.0,192.0,1,1,1.0
142,1,1057.0,32.0,58.0,192.0,1,1,1.0
143,1,1058.0,32.0,55.0,192.0,1,1,1.0
144,1,1058.0,33.0,53.0,191.0,1,1,1.0
145,1,1057.0,34.0,52.0,190.0,1,1,1.0
146,1,1056.0,34.0,51.0,188.0,1,1,1.0
147,1,1055.0,34.0,49.0,187.0,1,1,1.0
148,1,1053.0,34.0,49.0,186.0,1,1,1.0
149,1,1050.0,32.0,52.0,183.0,1,1,1.0
150,1,1046.0,31.0,54.0,180.0,1,1,1.0
151,1,1043.0,30.0,56.0,180.0,1,1,1.0
152,1,1039.0,29.0,57.0,180.0,1,1,1.0
153,1,1036.0,29.0,59.0,180.0,1,1,1.0
154,1,1034.0,28.0,59.0,180.0,1,1,1.0
155,1,1033.0,29.0,60.0,180.0,1,1,1.0
156,1,1032.0,29.0,60.0,179.0,1,1,1.0
157,1,1031.0,30.0,60.0,178.0,1,1,1.0
158,1,1031.0,29.0,60.0,177.0,1,1,1.0
159,1,1031.0,28.0,60.0,177.0,1,1,1.0
160,1,1031.0,27.0,59.0,174.0,1,1,1.0
161,1,1032.0,26.0,57.0,172.0,1,1,1.0
162,1,1033.0,25.0,54.0,172.0,1,1,1.0
163,1,1035.0,24.0,52.0,173.0,1,1,1.0
164,1,1036.0,24.0,49.0,173.0,1,1,1.0
165,1,1037.0,25.0,47.0,172.0,1,1,1.0
166,1,1036.0,25.0,46.0,172.0,1,1,1.0
167,1,1035.0,26.0,46.0,171.0,1,1,1.0
168,1,1034.0,26.0,46.0,170.0,1,1,1.0
169,1,1032.0,25.0,45.0,169.0,1,1,1.0
170,1,1029.0,25.0,46.0,168.0,1,1,1.0
171,1,1026.0,24.0,47.0,164.0,1,1,1.0
172,1,1023.0,24.0,49.0,163.0,1,1,1.0
173,1,1020.0,23.0,51.0,163.0,1,1,1.0
174,1,1016.0,23.0,54.0,163.0,1,1,1.0
175,1,1013.0,22.0,55.0,163.0,1,1,1.0
176,1,1011.0,23.0,56.0,163.0,1,1,1.0
177,1,1010.0,23.0,56.0,163.0,1,1,1.0
178,1,1009.0,23.0,55.0,162.0,1,1,1.0
179,1,1008.0,24.0,55.0,161.0,1,1,1.0
180,1,1007.0,23.0,55.0,161.0,1,1,1.0
181,1,1007.0,23.0,54.0,160.0,1,1,1.0
182,1,1007.0,21.0,52.0,157.0,1,1,1.0
183,1,1007.0,20.0,51.0,155.0,1,1,1.0
184,1,1007.0,20.0,50.0,156.0,1,1,1.0
185,1,1006.0,20.0,49.0,156.0,1,1,1.0
186,1,1006.0,20.0,48.0,156.0,1,1,1.0
187,1,1005.0,20.0,47.0,155.0,1,1,1.0
188,1,1004.0,21.0,46.0,155.0,1,1,1.0
189,1,1003.0,21.0,45.0,154.0,1,1,1.0
190,1,1003.0,21.0,43.0,153.0,1,1,1.0
191,1,1002.0,21.0,42.0,153.0,1,1,1.0
192,1,1000.0,20.0,42.0,153.0,1,1,1.0
193,1,997.0,19.0,44.0,151.0,1,1,1.0
194,1,995.0,18.0,44.0,150.0,1,1,1.0
195,1,992.0,17.0,47.0,151.0,1,1,1.0
196,1,989.0,16.0,48.0,151.0,1,1,1.0
197,1,986.0,16.0,50.0,151.0,1,1,1.0
198,1,984.0,17.0,50.0,150.0,1,1,1.0
199,1,983.0,17.0,51.0,150.0,1,1,1.0
200,1,982.0,18.0,51.0,149.0,1,1,1.0
201,1,982.0,18.0,51.0,148.0,1,1,1.0
202,1,981.0,17.0,50.0,147.0,1,1,1.0
203,1,981.0,17.0,49.0,146.0,1,1,1.0
204,1,981.0,16.0,48.0,143.0,1,1,1.0
205,1,982.0,16.0,46.0,142.0,1,1,1.0
206,1,982.0,15.0,45.0,143.0,1,1,1.0
207,1,983.0,15.0,44.0,143.0,1,1,1.0
208,1,983.0,15.0,42.0,143.0,1,1,1.0
209,1,983.0,15.0,41.0,143.0,1,1,1.0
210,1,982.0,15.0,40.0,142.0,1,1,1.0
211,1,981.0,16.0,39.0,141.0,1,1,1.0
212,1,980.0,16.0,38.0,141.0,1,1,1.0
213,1,981.0,16.0,35.0,140.0,1,1,1.0
214,1,978.0,15.0,36.0,138.0,1,1,1.0
215,1,976.0,15.0,38.0,137.0,1,1,1.0
216,1,973.0,14.0,39.0,137.0,1,1,1.0
217,1,971.0,13.0,41.0,138.0,1,1,1.0
218,1,968.0,13.0,42.0,138.0,1,1,1.0
219,1,966.0,13.0,44.0,138.0,1,1,1.0
220,1,964.0,13.0,46.0,138.0,1,1,1.0
221,1,962.0,13.0,47.0,138.0,1,1,1.0
222,1,962.0,13.0,47.0,137.0,1,1,1.0
223,1,962.0,13.0,47.0,136.0,1,1,1.0
224,1,962.0,13.0,47.0,135.0,1,1,1.0
225,1,963.0,12.0,45.0,134.0,1,1,1.0
226,1,964.0,11.0,43.0,132.0,1,1,1.0
227,1,965.0,10.0,42.0,133.0,1,1,1.0
228,1,967.0,9.0,40.0,134.0,1,1,1.0
229,1,967.0,9.0,39.0,134.0,1,1,1.0
230,1,968.0,9.0,37.0,134.0,1,1,1.0
231,1,968.0,10.0,36.0,133.0,1,1,1.0
232,1,967.0,10.0,36.0,132.0,1,1,1.0
233,1,966.0,11.0,36.0,131.0,1,1,1.0
234,1,965.0,11.0,35.0,131.0,1,1,1.0
235,1,963.0,10.0,36.0,130.0,1,1,1.0
236,1,962.0,10.0,37.0,129.0,1,1,1.0
237,1,960.0,9.0,37.0,128.0,1,1,1.0
238,1,958.0,9.0,39.0,128.0,1,1,1.0
239,1,955.0,9.0,40.0,128.0,1,1,1.0
240,1,953.0,9.0,41.0,128.0,1,1,1.0
241,1,952.0,9.0,43.0,128.0,1,1,1.0
242,1,951.0,9.0,43.0,127.0,1,1,1.0
243,1,950.0,9.0,43.0,127.0,1,1,1.0
244,1,950.0,9.0,44.0,126.0,1,1,1.0
245,1,950.0,9.0,43.0,126.0,1,1,1.0
246,1,950.0,9.0,43.0,126.0,1,1,1.0
247,1,951.0,9.0,42.0,124.0,1,1,1.0
248,1,952.0,8.0,41.0,124.0,1,1,1.0
249,1,953.0,8.0,40.0,124.0,1,1,1.0
250,1,954.0,8.0,39.0,124.0,1,1,1.0
251,1,954.0,8.0,38.0,124.0,1,1,1.0
252,1,955.0,8.0,37.0,123.0,1,1,1.0
253,1,955.0,8.0,36.0,123.0,1,1,1.0
254,1,954.0,8.0,35.0,123.0,1,1,1.0
255,1,954.0,8.0,35.0,122.0,1,1,1.0
256,1,953.0,8.0,35.0,122.0,1,1,1.0
257,1,953.0,8.0,35.0,121.0,1,1,1.0
258,1,952.0,8.0,34.0,119.0,1,1,1.0
259,1,951.0,8.0,35.0,118.0,1,1,1.0
260,1,950.0,7.0,35.0,119.0,1,1,1.0
261,1,947.0,7.0,37.0,119.0,1,1,1.0
262,1,945.0,7.0,39.0,118.0,1,1,1.0
263,1,944.0,7.0,40.0,119.0,1,1,1.0
264,1,943.0,7.0,41.0,119.0,1,1,1.0
265,1,943.0,8.0,41.0,118.0,1,1,1.0
266,1,942.0,8.0,41.0,118.0,1,1,1.0
267,1,943.0,7.0,41.0,117.0,1,1,1.0
268,1,943.0,7.0,40.0,117.0,1,1,1.0
269,1,944.0,6.0,39.0,117.0,1,1,1.0
270,1,944.0,6.0,38.0,116.0,1,1,1.0
271,1,945.0,5.0,36.0,115.0,1,1,1.0
272,1,946.0,5.0,35.0,116.0,1,1,1.0
273,1,947.0,5.0,34.0,115.0,1,1,1.0
274,1,947.0,5.0,33.0,115.0,1,1,1.0
275,1,948.0,5.0,32.0,115.0,1,1,1.0
276,1,947.0,5.0,31.0,115.0,1,1,1.0
277,1,946.0,6.0,31.0,114.0,1,1,1.0
278,1,945.0,6.0,31.0,114.0,1,1,1.0
279,1,944.0,5.0,32.0,114.0,1,1,1.0
280,1,943.0,4.0,33.0,114.0,1,1,1.0
281,1,941.0,3.0,33.0,113.0,1,1,1.0
282,1,939.0,3.0,34.0,113.0,1,1,1.0
283,1,937.0,3.0,35.0,113.0,1,1,1.0
284,1,936.0,3.0,36.0,113.0,1,1,1.0
285,1,935.0,3.0,36.0,113.0,1,1,1.0
286,1,935.0,3.0,36.0,113.0,1,1,1.0
287,1,935.0,3.0,36.0,113.0,1,1,1.0
288,1,935.0,3.0,36.0,113.0,1,1,1.0
289,1,936.0,3.0,36.0,112.0,1,1,1.0
290,1,936.0,2.0,36.0,112.0,1,1,1.0
291,1,937.0,1.0,36.0,112.0,1,1,1.0
292,1,938.0,1.0,36.0,111.0,1,1,1.0
293,1,939.0,0.0,35.0,110.0,1,1,1.0
294,1,940.0,0.0,34.0,110.0,1,1,1.0
295,1,942.0,0.0,33.0,109.0,1,1,1.0
296,1,943.0,0.0,33.0,109.0,1,1,1.0
297,1,944.0,0.0,32.0,109.0,1,1,1.0
298,1,944.0,0.0,31.0,109.0,1,1,1.0
299,1,945.0,0.0,31.0,109.0,1,1,1.0
300,1,945.0,0.0,31.0,110.0,1,1,1.0
301,1,945.0,0.0,31.0,110.0,1,1,1.0
302,1,945.0,0.0,31.0,109.0,1,1,1.0
303,1,944.0,0.0,32.0,109.0,1,1,1.0
304,1,944.0,0.0,33.0,108.0,1,1,1.0
305,1,943.0,0.0,34.0,107.0,1,1,1.0
306,1,942.0,0.0,35.0,106.0,1,1,1.0
307,1,943.0,0.0,36.0,106.0,1,1,1.0
308,1,943.0,0.0,36.0,106.0,1,1,1.0
309,1,944.0,0.0,35.0,107.0,1,1,1.0
310,1,946.0,0.0,33.0,107.0,1,1,1.0
311,1,948.0,0.0,33.0,106.0,1,1,1.0
312,1,949.0,0.0,33.0,106.0,1,1,1.0
313,1,950.0,1.0,33.0,106.0,1,1,1.0
314,1,951.0,0.0,33.0,105.0,1,1,1.0
315,1,951.0,0.0,34.0,105.0,1,1,1.0
316,1,951.0,0.0,36.0,104.0,1,1,1.0
317,1,953.0,0.0,36.0,103.0,1,1,1.0
318,1,955.0,0.0,36.0,103.0,1,1,1.0
319,1,956.0,0.0,36.0,103.0,1,1,1.0
320,1,957.0,0.0,36.0,102.0,1,1,1.0
321,1,959.0,0.0,36.0,101.0,1,1,1.0
322,1,961.0,0.0,36.0,101.0,1,1,1.0
324,1,965.0,0.0,35.0,102.0,1,1,1.0
325,1,967.0,0.0,35.0,102.0,1,1,1.0
326,1,968.0,0.0,36.0,101.0,1,1,1.0
327,1,968.0,0.0,38.0,101.0,1,1,1.0
328,1,968.0,1.0,39.0,100.0,1,1,1.0
330,1,978.0,1.0,35.0,99.0,1,1,1.0
331,1,982.0,0.0,33.0,100.0,1,1,1.0
332,1,986.0,1.0,31.0,99.0,1,1,1.0
333,1,992.0,0.0,27.0,94.0,1,1,1.0
334,1,993.0,1.0,28.0,97.0,1,1,1.0
335,1,993.0,1.0,31.0,98.0,1,1,1.0
336,1,993.0,1.0,36.0,100.0,1,1,1.0
337,1,993.0,2.0,41.0,100.0,1,1,1.0
338,1,994.0,2.0,44.0,101.0,1,1,1.0
339,1,998.0,1.0,43.0,101.0,1,1,1.0
340,1,1003.0,2.0,38.0,100.0,1,1,1.0
341,1,1008.0,1.0,33.0,101.0,1,1,1.0
342,1,1012.0,1.0,28.0,102.0,1,1,1.0
343,1,1015.0,1.0,27.0,102.0,1,1,1.0
344,1,1017.0,1.0,28.0,102.0,1,1,1.0
345,1,1018.0,1.0,31.0,102.0,1,1,1.0
346,1,1019.0,1.0,35.0,102.0,1,1,1.0
347,1,1019.0,1.0,41.0,102.0,1,1,1.0
348,1,1019.0,2.0,49.0,104.0,1,1,1.0
349,1,1020.0,2.0,47.0,102.0,1,1,1.0
350,1,1023.0,2.0,43.0,100.0,1,1,1.0
351,1,1028.0,2.0,38.0,98.0,1,1,1.0
352,1,1033.0,2.0,35.0,99.0,1,1,1.0
353,1,1036.0,1.0,36.0,100.0,1,1,1.0
354,1,1041.0,1.0,37.0,101.0,1,1,1.0
355,1,1046.0,2.0,38.0,101.0,1,1,1.0
356,1,1049.0,3.0,39.0,104.0,1,1,1.0
357,1,1052.0,3.0,41.0,105.0,1,1,1.0
358,1,1053.0,4.0,42.0,103.0,1,1,1.0
359,1,1055.0,5.0,43.0,105.0,1,1,1.0
360,1,1055.0,5.0,43.0,106.0,1,1,1.0
361,1,1057.0,5.0,42.0,107.0,1,1,1.0
362,1,1060.0,5.0,38.0,108.0,1,1,1.0
363,1,1063.0,4.0,34.0,109.0,1,1,1.0
364,1,1065.0,3.0,30.0,110.0,1,1,1.0
365,1,1066.0,3.0,28.0,111.0,1,1,1.0
366,1,1068.0,3.0,29.0,110.0,1,1,1.0
367,1,1069.0,4.0,30.0,110.0,1,1,1.0
368,1,1070.0,5.0,32.0,109.0,1,1,1.0
369,1,1071.0,5.0,34.0,108.0,1,1,1.0
370,1,1072.0,6.0,43.0,109.0,1,1,1.0
371,1,1072.0,7.0,48.0,109.0,1,1,1.0
372,1,1073.0,7.0,49.0,109.0,1,1,1.0
373,1,1074.0,7.0,49.0,110.0,1,1,1.0
374,1,1076.0,7.0,46.0,110.0,1,1,1.0
375,1,1080.0,7.0,42.0,110.0,1,1,1.0
376,1,1083.0,7.0,39.0,109.0,1,1,1.0
377,1,1089.0,7.0,36.0,108.0,1,1,1.0
378,1,1095.0,7.0,35.0,109.0,1,1,1.0
379,1,1098.0,6.0,36.0,110.0,1,1,1.0
380,1,1101.0,7.0,38.0,112.0,1,1,1.0
381,1,1102.0,7.0,40.0,113.0,1,1,1.0
382,1,1104.0,7.0,42.0,114.0,1,1,1.0
383,1,1106.0,8.0,43.0,114.0,1,1,1.0
384,1,1108.0,8.0,42.0,115.0,1,1,1.0
385,1,1110.0,8.0,42.0,115.0,1,1,1.0
386,1,1113.0,8.0,40.0,115.0,1,1,1.0
387,1,1115.0,7.0,37.0,117.0,1,1,1.0
388,1,1118.0,7.0,35.0,117.0,1,1,1.0
389,1,1121.0,7.0,34.0,117.0,1,1,1.0
390,1,1123.0,7.0,34.0,117.0,1,1,1.0
391,1,1126.0,8.0,36.0,117.0,1,1,1.0
392,1,1127.0,8.0,42.0,117.0,1,1,1.0
393,1,1128.0,9.0,47.0,117.0,1,1,1.0
394,1,1129.0,9.0,50.0,117.0,1,1,1.0
395,1,1131.0,10.0,50.0,118.0,1,1,1.0
396,1,1132.0,9.0,48.0,118.0,1,1,1.0
397,1,1136.0,9.0,43.0,117.0,1,1,1.0
398,1,1140.0,9.0,39.0,116.0,1,1,1.0
399,1,1145.0,10.0,37.0,114.0,1,1,1.0
400,1,1151.0,10.0,35.0,116.0,1,1,1.0
401,1,1155.0,10.0,35.0,114.0,1,1,1.0
402,1,1158.0,10.0,37.0,117.0,1,1,1.0
403,1,1160.0,11.0,38.0,119.0,1,1,1.0
404,1,1162.0,13.0,39.0,119.0,1,1,1.0
405,1,1163.0,13.0,40.0,119.0,1,1,1.0
406,1,1164.0,14.0,41.0,120.0,1,1,1.0
407,1,1166.0,14.0,40.0,121.0,1,1,1.0
408,1,1169.0,13.0,38.0,122.0,1,1,1.0
409,1,1171.0,13.0,36.0,122.0,1,1,1.0
410,1,1174.0,12.0,33.0,123.0,1,1,1.0
411,1,1177.0,12.0,31.0,123.0,1,1,1.0
412,1,1179.0,12.0,32.0,123.0,1,1,1.0
413,1,1180.0,13.0,34.0,122.0,1,1,1.0
414,1,1181.0,13.0,36.0,121.0,1,1,1.0
415,1,1181.0,14.0,41.0,122.0,1,1,1.0
417,1,1183.0,15.0,46.0,133.0,1,1,1.0
418,1,1183.0,16.0,47.0,135.0,1,1,1.0
419,1,1185.0,16.0,48.0,135.0,1,1,1.0
420,1,1188.0,16.0,47.0,135.0,1,1,1.0
421,1,1192.0,16.0,46.0,136.0,1,1,1.0
422,1,1198.0,16.0,43.0,136.0,1,1,1.0
423,1,1206.0,16.0,38.0,125.0,1,1,1.0
424,1,1214.0,16.0,39.0,123.0,1,1,1.0
426,1,1223.0,17.0,42.0,124.0,1,1,1.0
427,1,1223.0,18.0,48.0,127.0,1,1,1.0
428,1,1225.0,19.0,51.0,127.0,1,1,1.0
429,1,1226.0,19.0,54.0,127.0,1,1,1.0
430,1,1227.0,20.0,56.0,127.0,1,1,1.0
431,1,1229.0,20.0,59.0,128.0,1,1,1.0
432,1,1235.0,20.0,56.0,128.0,1,1,1.0
433,1,1240.0,19.0,51.0,128.0,1,1,1.0
434,1,1246.0,19.0,45.0,128.0,1,1,1.0
435,1,1251.0,19.0,40.0,128.0,1,1,1.0
436,1,1253.0,20.0,38.0,128.0,1,1,1.0
437,1,1256.0,20.0,38.0,127.0,1,1,1.0
438,1,1256.0,21.0,40.0,127.0,1,1,1.0
439,1,1257.0,22.0,43.0,127.0,1,1,1.0
440,1,1258.0,23.0,48.0,128.0,1,1,1.0
442,1,1262.0,24.0,58.0,129.0,1,1,1.0
443,1,1266.0,24.0,58.0,131.0,1,1,1.0
444,1,1270.0,24.0,57.0,131.0,1,1,1.0
445,1,1277.0,25.0,51.0,130.0,1,1,1.0
446,1,1285.0,25.0,44.0,125.0,1,1,1.0
447,1,1294.0,26.0,38.0,117.0,1,1,1.0
448,1,1297.0,26.0,43.0,124.0,1,1,1.0
449,1,1299.0,27.0,48.0,128.0,1,1,1.0
450,1,1299.0,28.0,54.0,130.0,1,1,1.0
451,1,1300.0,28.0,57.0,132.0,1,1,1.0
452,1,1301.0,29.0,60.0,132.0,1,1,1.0
453,1,1305.0,30.0,58.0,132.0,1,1,1.0
454,1,1306.0,30.0,57.0,131.0,1,1,1.0
455,1,1316.0,30.0,47.0,132.0,1,1,1.0
456,1,1323.0,30.0,40.0,133.0,1,1,1.0
457,1,1328.0,30.0,38.0,133.0,1,1,1.0
458,1,1332.0,30.0,39.0,133.0,1,1,1.0
459,1,1334.0,31.0,43.0,133.0,1,1,1.0
460,1,1335.0,32.0,45.0,131.0,1,1,1.0
461,1,1337.0,33.0,49.0,133.0,1,1,1.0
462,1,1337.0,34.0,55.0,133.0,1,1,1.0
463,1,1338.0,35.0,58.0,133.0,1,1,1.0
464,1,1340.0,36.0,62.0,134.0,1,1,1.0
465,1,1343.0,36.0,64.0,134.0,1,1,1.0
466,1,1349.0,36.0,58.0,134.0,1,1,1.0
467,1,1357.0,36.0,51.0,131.0,1,1,1.0
468,1,1368.0,36.0,43.0,129.0,1,1,1.0
469,1,1377.0,35.0,40.0,131.0,1,1,1.0
470,1,1384.0,35.0,41.0,134.0,1,1,1.0
471,1,1387.0,37.0,45.0,135.0,1,1,1.0
472,1,1388.0,38.0,52.0,138.0,1,1,1.0
473,1,1389.0,40.0,56.0,138.0,1,1,1.0
474,1,1390.0,42.0,61.0,138.0,1,1,1.0
475,1,1391.0,42.0,64.0,138.0,1,1,1.0
476,1,1396.0,43.0,63.0,138.0,1,1,1.0
477,1,1401.0,44.0,60.0,138.0,1,1,1.0
478,1,1408.0,45.0,52.0,138.0,1,1,1.0
479,1,1417.0,44.0,42.0,138.0,1,1,1.0
480,1,1420.0,44.0,41.0,138.0,1,1,1.0
481,1,1424.0,44.0,40.0,138.0,1,1,1.0
482,1,1428.0,44.0,39.0,138.0,1,1,1.0
483,1,1430.0,45.0,40.0,137.0,1,1,1.0
484,1,1431.0,46.0,48.0,138.0,1,1,1.0
485,1,1432.0,48.0,54.0,138.0,1,1,1.0
486,1,1433.0,49.0,57.0,139.0,1,1,1.0
487,1,1434.0,51.0,56.0,140.0,1,1,1.0
488,1,1437.0,51.0,53.0,140.0,1,1,1.0
489,1,1440.0,52.0,49.0,141.0,1,1,1.0
490,1,1445.0,52.0,44.0,140.0,1,1,1.0
491,1,1447.0,52.0,43.0,141.0,1,1,1.0
492,1,1449.0,52.0,48.0,138.0,1,1,1.0
493,1,1450.0,52.0,53.0,139.0,1,1,1.0
494,1,1451.0,52.0,54.0,141.0,1,1,1.0
495,1,1449.0,52.0,60.0,142.0,1,1,1.0
496,1,1448.0,53.0,62.0,143.0,1,1,1.0
497,1,1449.0,53.0,61.0,143.0,1,1,1.0
498,1,1450.0,53.0,58.0,144.0,1,1,1.0
499,1,1451.0,52.0,53.0,145.0,1,1,1.0
500,1,1449.0,52.0,52.0,145.0,1,1,1.0
501,1,1448.0,52.0,48.0,145.0,1,1,1.0
502,1,1447.0,52.0,45.0,145.0,1,1,1.0
503,1,1446.0,52.0,43.0,146.0,1,1,1.0
504,1,1445.0,52.0,42.0,147.0,1,1,1.0
505,1,1445.0,52.0,41.0,148.0,1,1,1.0
506,1,1445.0,52.0,41.0,148.0,1,1,1.0
507,1,1444.0,53.0,42.0,147.0,1,1,1.0
508,1,1444.0,54.0,43.0,146.0,1,1,1.0
509,1,1443.0,54.0,44.0,146.0,1,1,1.0
510,1,1442.0,54.0,45.0,147.0,1,1,1.0
511,1,1441.0,54.0,46.0,147.0,1,1,1.0
512,1,1439.0,53.0,46.0,149.0,1,1,1.0
513,1,1436.0,52.0,46.0,150.0,1,1,1.0
514,1,1433.0,52.0,47.0,151.0,1,1,1.0
515,1,1431.0,52.0,47.0,151.0,1,1,1.0
516,1,1429.0,52.0,46.0,151.0,1,1,1.0
517,1,1426.0,53.0,45.0,150.0,1,1,1.0
518,1,1423.0,54.0,46.0,150.0,1,1,1.0
519,1,1417.0,53.0,49.0,151.0,1,1,1.0
520,1,1413.0,53.0,52.0,151.0,1,1,1.0
521,1,1412.0,53.0,51.0,152.0,1,1,1.0
522,1,1411.0,53.0,50.0,153.0,1,1,1.0
523,1,1410.0,51.0,49.0,155.0,1,1,1.0
524,1,1410.0,50.0,47.0,156.0,1,1,1.0
525,1,1409.0,49.0,47.0,157.0,1,1,1.0
526,1,1408.0,48.0,48.0,158.0,1,1,1.0
527,1,1405.0,48.0,49.0,158.0,1,1,1.0
528,1,1403.0,48.0,49.0,158.0,1,1,1.0
529,1,1400.0,48.0,51.0,161.0,1,1,1.0
530,1,1398.0,49.0,50.0,162.0,1,1,1.0
531,1,1395.0,49.0,50.0,161.0,1,1,1.0
532,1,1391.0,50.0,52.0,160.0,1,1,1.0
533,1,1385.0,50.0,54.0,159.0,1,1,1.0
534,1,1382.0,50.0,54.0,160.0,1,1,1.0
535,1,1381.0,49.0,51.0,161.0,1,1,1.0
536,1,1380.0,48.0,49.0,162.0,1,1,1.0
537,1,1379.0,47.0,48.0,163.0,1,1,1.0
538,1,1376.0,46.0,47.0,164.0,1,1,1.0
539,1,1372.0,46.0,48.0,164.0,1,1,1.0
540,1,1366.0,46.0,51.0,164.0,1,1,1.0
541,1,1360.0,47.0,53.0,164.0,1,1,1.0
542,1,1353.0,47.0,57.0,164.0,1,1,1.0
543,1,1342.0,47.0,64.0,165.0,1,1,1.0
544,1,1336.0,48.0,66.0,164.0,1,1,1.0
545,1,1334.0,48.0,65.0,165.0,1,1,1.0
546,1,1332.0,47.0,65.0,166.0,1,1,1.0
547,1,1331.0,46.0,62.0,168.0,1,1,1.0
548,1,1331.0,45.0,58.0,169.0,1,1,1.0
549,1,1331.0,44.0,55.0,170.0,1,1,1.0
550,1,1330.0,43.0,53.0,170.0,1,1,1.0
551,1,1329.0,44.0,51.0,170.0,1,1,1.0
552,1,1327.0,44.0,51.0,171.0,1,1,1.0
553,1,1323.0,45.0,52.0,171.0,1,1,1.0
554,1,1318.0,45.0,54.0,172.0,1,1,1.0
555,1,1312.0,45.0,56.0,172.0,1,1,1.0
556,1,1308.0,46.0,57.0,173.0,1,1,1.0
557,1,1305.0,46.0,56.0,174.0,1,1,1.0
558,1,1303.0,46.0,54.0,175.0,1,1,1.0
559,1,1302.0,45.0,51.0,176.0,1,1,1.0
560,1,1299.0,44.0,51.0,178.0,1,1,1.0
561,1,1293.0,43.0,53.0,178.0,1,1,1.0
562,1,1288.0,44.0,54.0,178.0,1,1,1.0
563,1,1283.0,44.0,54.0,178.0,1,1,1.0
564,1,1278.0,44.0,56.0,178.0,1,1,1.0
565,1,1270.0,44.0,59.0,178.0,1,1,1.0
566,1,1266.0,45.0,60.0,177.0,1,1,1.0
568,1,1261.0,45.0,59.0,177.0,1,1,1.0
569,1,1255.0,45.0,62.0,178.0,1,1,1.0
570,1,1253.0,44.0,61.0,179.0,1,1,1.0
571,1,1252.0,43.0,54.0,178.0,1,1,1.0
572,1,1250.0,41.0,52.0,179.0,1,1,1.0
573,1,1247.0,41.0,52.0,182.0,1,1,1.0
574,1,1244.0,41.0,52.0,183.0,1,1,1.0
575,1,1240.0,41.0,54.0,182.0,1,1,1.0
576,1,1236.0,41.0,56.0,183.0,1,1,1.0
577,1,1230.0,42.0,59.0,187.0,1,1,1.0
578,1,1223.0,43.0,62.0,187.0,1,1,1.0
579,1,1217.0,43.0,64.0,188.0,1,1,1.0
580,1,1211.0,43.0,65.0,188.0,1,1,1.0
581,1,1209.0,43.0,63.0,190.0,1,1,1.0
582,1,1208.0,42.0,59.0,191.0,1,1,1.0
583,1,1206.0,42.0,56.0,192.0,1,1,1.0
584,1,1202.0,41.0,55.0,193.0,1,1,1.0
585,1,1195.0,41.0,56.0,193.0,1,1,1.0
586,1,1188.0,41.0,58.0,193.0,1,1,1.0
587,1,1181.0,41.0,59.0,193.0,1,1,1.0
588,1,1170.0,42.0,64.0,192.0,1,1,1.0
589,1,1156.0,43.0,75.0,193.0,1,1,1.0
590,1,1145.0,44.0,84.0,192.0,1,1,1.0
591,1,1140.0,44.0,88.0,193.0,1,1,1.0
592,1,1136.0,44.0,89.0,194.0,1,1,1.0
593,1,1135.0,43.0,86.0,195.0,1,1,1.0
594,1,1135.0,42.0,80.0,196.0,1,1,1.0
595,1,1135.0,41.0,70.0,198.0,1,1,1.0
596,1,1135.0,40.0,62.0,199.0,1,1,1.0
597,1,1133.0,40.0,58.0,199.0,1,1,1.0
598,1,1128.0,40.0,59.0,199.0,1,1,1.0
599,1,1124.0,41.0,59.0,199.0,1,1,1.0
600,1,1114.0,42.0,64.0,201.0,1,1,1.0
601,1,1104.0,43.0,70.0,201.0,1,1,1.0
602,1,1095.0,44.0,74.0,202.0,1,1,1.0
603,1,1088.0,44.0,76.0,203.0,1,1,1.0
604,1,1086.0,44.0,74.0,204.0,1,1,1.0
605,1,1086.0,44.0,67.0,205.0,1,1,1.0
606,1,1085.0,44.0,60.0,206.0,1,1,1.0
607,1,1079.0,43.0,58.0,206.0,1,1,1.0
608,1,1071.0,43.0,60.0,206.0,1,1,1.0
609,1,1062.0,43.0,62.0,206.0,1,1,1.0
610,1,1055.0,44.0,63.0,207.0,1,1,1.0
611,1,1045.0,45.0,68.0,206.0,1,1,1.0
612,1,1026.0,46.0,84.0,208.0,1,1,1.0
613,1,1013.0,47.0,95.0,208.0,1,1,1.0
614,1,1009.0,48.0,99.0,209.0,1,1,1.0
615,1,1006.0,47.0,98.0,211.0,1,1,1.0
616,1,1006.0,47.0,93.0,213.0,1,1,1.0
617,1,1005.0,46.0,83.0,214.0,1,1,1.0
618,1,1005.0,46.0,71.0,215.0,1,1,1.0
619,1,1002.0,45.0,67.0,216.0,1,1,1.0
620,1,997.0,46.0,67.0,216.0,1,1,1.0
621,1,991.0,47.0,68.0,219.0,1,1,1.0
622,1,981.0,49.0,73.0,220.0,1,1,1.0
623,1,972.0,50.0,77.0,222.0,1,1,1.0
624,1,966.0,52.0,77.0,224.0,1,1,1.0
625,1,961.0,54.0,76.0,226.0,1,1,1.0
626,1,958.0,55.0,72.0,226.0,1,1,1.0
627,1,955.0,55.0,66.0,226.0,1,1,1.0
628,1,949.0,56.0,62.0,226.0,1,1,1.0
629,1,941.0,55.0,61.0,226.0,1,1,1.0
630,1,932.0,54.0,62.0,227.0,1,1,1.0
631,1,925.0,54.0,62.0,227.0,1,1,1.0
632,1,913.0,54.0,71.0,227.0,1,1,1.0
633,1,897.0,55.0,87.0,227.0,1,1,1.0
634,1,883.0,56.0,101.0,227.0,1,1,1.0
635,1,874.0,58.0,108.0,226.0,1,1,1.0
636,1,870.0,59.0,111.0,228.0,1,1,1.0
637,1,869.0,59.0,110.0,229.0,1,1,1.0
638,1,868.0,59.0,104.0,230.0,1,1,1.0
639,1,867.0,59.0,93.0,231.0,1,1,1.0
640,1,863.0,59.0,83.0,230.0,1,1,1.0
641,1,858.0,60.0,73.0,229.0,1,1,1.0
642,1,851.0,61.0,72.0,231.0,1,1,1.0
643,1,845.0,62.0,75.0,234.0,1,1,1.0
644,1,838.0,63.0,78.0,238.0,1,1,1.0
645,1,829.0,64.0,82.0,238.0,1,1,1.0
646,1,819.0,66.0,88.0,239.0,1,1,1.0
647,1,813.0,68.0,90.0,240.0,1,1,1.0
648,1,805.0,69.0,93.0,241.0,1,1,1.0
649,1,802.0,70.0,86.0,241.0,1,1,1.0
650,1,798.0,70.0,79.0,242.0,1,1,1.0
651,1,792.0,70.0,72.0,242.0,1,1,1.0
652,1,784.0,69.0,67.0,243.0,1,1,1.0
653,1,774.0,69.0,66.0,242.0,1,1,1.0
654,1,766.0,70.0,71.0,242.0,1,1,1.0
655,1,753.0,72.0,82.0,242.0,1,1,1.0
656,1,742.0,73.0,93.0,243.0,1,1,1.0
657,1,724.0,75.0,110.0,243.0,1,1,1.0
658,1,717.0,76.0,115.0,244.0,1,1,1.0
659,1,715.0,77.0,116.0,245.0,1,1,1.0
660,1,713.0,77.0,114.0,246.0,1,1,1.0
