1,1,1087.0,568.0,134.0,306.0,1,1,1.0
2,1,1084.0,565.0,134.0,308.0,1,1,1.0
3,1,1085.0,561.0,128.0,304.0,1,1,1.0
4,1,1088.0,558.0,121.0,301.0,1,1,1.0
5,1,1087.0,554.0,118.0,299.0,1,1,1.0
6,1,1085.0,548.0,117.0,291.0,1,1,1.0
7,1,1082.0,543.0,118.0,281.0,1,1,1.0
8,1,1079.0,537.0,118.0,277.0,1,1,1.0
9,1,1077.0,532.0,118.0,274.0,1,1,1.0
10,1,1075.0,528.0,118.0,275.0,1,1,1.0
11,1,1074.0,527.0,118.0,277.0,1,1,1.0
12,1,1072.0,525.0,118.0,280.0,1,1,1.0
13,1,1071.0,522.0,118.0,280.0,1,1,1.0
14,1,1070.0,521.0,116.0,278.0,1,1,1.0
15,1,1070.0,517.0,114.0,277.0,1,1,1.0
16,1,1070.0,511.0,112.0,278.0,1,1,1.0
17,1,1070.0,504.0,111.0,276.0,1,1,1.0
18,1,1069.0,500.0,111.0,269.0,1,1,1.0
19,1,1069.0,496.0,111.0,260.0,1,1,1.0
20,1,1068.0,492.0,109.0,258.0,1,1,1.0
21,1,1068.0,488.0,108.0,259.0,1,1,1.0
22,1,1067.0,486.0,106.0,260.0,1,1,1.0
23,1,1064.0,484.0,106.0,262.0,1,1,1.0
24,1,1062.0,483.0,104.0,263.0,1,1,1.0
25,1,1060.0,481.0,103.0,264.0,1,1,1.0
26,1,1057.0,480.0,101.0,260.0,1,1,1.0
27,1,1054.0,479.0,101.0,255.0,1,1,1.0
28,1,1051.0,477.0,101.0,248.0,1,1,1.0
29,1,1049.0,473.0,102.0,240.0,1,1,1.0
30,1,1047.0,468.0,102.0,235.0,1,1,1.0
31,1,1045.0,465.0,102.0,235.0,1,1,1.0
32,1,1044.0,463.0,102.0,236.0,1,1,1.0
33,1,1043.0,461.0,103.0,238.0,1,1,1.0
34,1,1042.0,459.0,102.0,240.0,1,1,1.0
35,1,1042.0,458.0,101.0,240.0,1,1,1.0
36,1,1043.0,457.0,100.0,239.0,1,1,1.0
37,1,1042.0,457.0,99.0,237.0,1,1,1.0
38,1,1041.0,455.0,101.0,235.0,1,1,1.0
39,1,1040.0,451.0,101.0,233.0,1,1,1.0
40,1,1042.0,448.0,99.0,226.0,1,1,1.0
41,1,1044.0,444.0,97.0,220.0,1,1,1.0
42,1,1044.0,439.0,95.0,217.0,1,1,1.0
43,1,1045.0,433.0,94.0,222.0,1,1,1.0
44,1,1045.0,429.0,92.0,227.0,1,1,1.0
45,1,1044.0,425.0,91.0,232.0,1,1,1.0
46,1,1043.0,422.0,90.0,236.0,1,1,1.0
47,1,1042.0,419.0,90.0,239.0,1,1,1.0
48,1,1040.0,418.0,90.0,236.0,1,1,1.0
49,1,1038.0,419.0,89.0,232.0,1,1,1.0
50,1,1036.0,418.0,89.0,228.0,1,1,1.0
51,1,1035.0,416.0,89.0,222.0,1,1,1.0
52,1,1033.0,412.0,88.0,217.0,1,1,1.0
53,1,1033.0,410.0,87.0,212.0,1,1,1.0
54,1,1032.0,408.0,87.0,210.0,1,1,1.0
55,1,1031.0,406.0,86.0,211.0,1,1,1.0
56,1,1031.0,404.0,85.0,212.0,1,1,1.0
57,1,1030.0,403.0,85.0,213.0,1,1,1.0
58,1,1029.0,402.0,85.0,214.0,1,1,1.0
59,1,1028.0,400.0,84.0,215.0,1,1,1.0
60,1,1028.0,399.0,83.0,213.0,1,1,1.0
61,1,1029.0,396.0,82.0,213.0,1,1,1.0
62,1,1029.0,393.0,81.0,208.0,1,1,1.0
64,1,1028.0,387.0,81.0,201.0,1,1,1.0
65,1,1028.0,384.0,80.0,202.0,1,1,1.0
66,1,1028.0,381.0,80.0,204.0,1,1,1.0
67,1,1027.0,380.0,80.0,205.0,1,1,1.0
68,1,1027.0,378.0,79.0,207.0,1,1,1.0
69,1,1025.0,376.0,79.0,207.0,1,1,1.0
70,1,1024.0,371.0,79.0,209.0,1,1,1.0
71,1,1024.0,372.0,77.0,206.0,1,1,1.0
72,1,1023.0,367.0,74.0,208.0,1,1,1.0
73,1,1023.0,367.0,72.0,200.0,1,1,1.0
74,1,1023.0,367.0,72.0,192.0,1,1,1.0
75,1,1023.0,367.0,72.0,188.0,1,1,1.0
76,1,1022.0,367.0,71.0,186.0,1,1,1.0
77,1,1022.0,367.0,70.0,187.0,1,1,1.0
78,1,1022.0,368.0,70.0,186.0,1,1,1.0
79,1,1022.0,369.0,70.0,185.0,1,1,1.0
80,1,1023.0,370.0,69.0,182.0,1,1,1.0
81,1,1023.0,371.0,68.0,179.0,1,1,1.0
82,1,1023.0,370.0,69.0,178.0,1,1,1.0
83,1,1023.0,370.0,69.0,173.0,1,1,1.0
84,1,1023.0,369.0,69.0,167.0,1,1,1.0
85,1,1023.0,368.0,68.0,163.0,1,1,1.0
86,1,1022.0,367.0,66.0,163.0,1,1,1.0
87,1,1021.0,366.0,66.0,163.0,1,1,1.0
88,1,1021.0,364.0,65.0,164.0,1,1,1.0
89,1,1021.0,363.0,64.0,165.0,1,1,1.0
90,1,1020.0,363.0,64.0,165.0,1,1,1.0
91,1,1020.0,363.0,62.0,163.0,1,1,1.0
92,1,1019.0,362.0,61.0,161.0,1,1,1.0
93,1,1017.0,362.0,61.0,160.0,1,1,1.0
94,1,1016.0,362.0,62.0,156.0,1,1,1.0
95,1,1016.0,361.0,62.0,150.0,1,1,1.0
96,1,1021.0,359.0,57.0,147.0,1,1,1.0
97,1,1022.0,356.0,55.0,148.0,1,1,1.0
98,1,1021.0,353.0,56.0,151.0,1,1,1.0
99,1,1015.0,349.0,64.0,155.0,1,1,1.0
100,1,1012.0,346.0,68.0,158.0,1,1,1.0
101,1,1011.0,343.0,69.0,161.0,1,1,1.0
102,1,1010.0,341.0,68.0,162.0,1,1,1.0
103,1,1010.0,340.0,67.0,162.0,1,1,1.0
104,1,1011.0,340.0,66.0,160.0,1,1,1.0
105,1,1011.0,340.0,65.0,156.0,1,1,1.0
106,1,1010.0,339.0,66.0,151.0,1,1,1.0
107,1,1009.0,338.0,65.0,148.0,1,1,1.0
108,1,1009.0,337.0,62.0,146.0,1,1,1.0
109,1,1010.0,336.0,60.0,147.0,1,1,1.0
110,1,1010.0,336.0,59.0,148.0,1,1,1.0
111,1,1009.0,335.0,60.0,147.0,1,1,1.0
112,1,1009.0,336.0,61.0,148.0,1,1,1.0
113,1,1008.0,335.0,61.0,148.0,1,1,1.0
114,1,1007.0,335.0,61.0,147.0,1,1,1.0
115,1,1005.0,335.0,62.0,146.0,1,1,1.0
116,1,1004.0,334.0,62.0,144.0,1,1,1.0
117,1,1003.0,332.0,63.0,141.0,1,1,1.0
118,1,1003.0,330.0,63.0,138.0,1,1,1.0
119,1,1002.0,327.0,63.0,140.0,1,1,1.0
120,1,1002.0,326.0,63.0,140.0,1,1,1.0
121,1,1001.0,325.0,62.0,142.0,1,1,1.0
122,1,1001.0,325.0,61.0,142.0,1,1,1.0
123,1,1001.0,325.0,60.0,141.0,1,1,1.0
124,1,1000.0,326.0,59.0,140.0,1,1,1.0
125,1,1000.0,325.0,59.0,139.0,1,1,1.0
126,1,1000.0,324.0,58.0,138.0,1,1,1.0
127,1,999.0,323.0,57.0,135.0,1,1,1.0
128,1,999.0,320.0,56.0,133.0,1,1,1.0
129,1,998.0,318.0,55.0,134.0,1,1,1.0
130,1,997.0,317.0,54.0,134.0,1,1,1.0
131,1,996.0,317.0,53.0,135.0,1,1,1.0
132,1,995.0,317.0,53.0,135.0,1,1,1.0
133,1,992.0,316.0,53.0,135.0,1,1,1.0
134,1,991.0,315.0,53.0,136.0,1,1,1.0
135,1,989.0,314.0,52.0,136.0,1,1,1.0
136,1,988.0,313.0,51.0,136.0,1,1,1.0
137,1,986.0,312.0,50.0,135.0,1,1,1.0
138,1,985.0,310.0,49.0,131.0,1,1,1.0
139,1,983.0,309.0,49.0,129.0,1,1,1.0
140,1,983.0,307.0,50.0,129.0,1,1,1.0
141,1,982.0,306.0,50.0,130.0,1,1,1.0
142,1,982.0,306.0,54.0,130.0,1,1,1.0
143,1,982.0,305.0,54.0,131.0,1,1,1.0
144,1,982.0,304.0,52.0,131.0,1,1,1.0
145,1,982.0,302.0,51.0,133.0,1,1,1.0
146,1,983.0,300.0,49.0,132.0,1,1,1.0
147,1,984.0,300.0,48.0,130.0,1,1,1.0
148,1,984.0,299.0,50.0,127.0,1,1,1.0
149,1,984.0,299.0,50.0,126.0,1,1,1.0
150,1,984.0,297.0,50.0,127.0,1,1,1.0
151,1,984.0,295.0,49.0,128.0,1,1,1.0
152,1,984.0,295.0,50.0,129.0,1,1,1.0
153,1,983.0,295.0,50.0,129.0,1,1,1.0
154,1,982.0,296.0,50.0,127.0,1,1,1.0
155,1,982.0,298.0,49.0,126.0,1,1,1.0
156,1,981.0,298.0,48.0,125.0,1,1,1.0
157,1,980.0,297.0,48.0,125.0,1,1,1.0
158,1,979.0,295.0,48.0,123.0,1,1,1.0
159,1,978.0,294.0,47.0,120.0,1,1,1.0
160,1,976.0,293.0,50.0,119.0,1,1,1.0
161,1,977.0,292.0,51.0,118.0,1,1,1.0
162,1,976.0,293.0,51.0,118.0,1,1,1.0
163,1,977.0,293.0,51.0,118.0,1,1,1.0
164,1,977.0,294.0,50.0,117.0,1,1,1.0
165,1,975.0,296.0,50.0,116.0,1,1,1.0
166,1,975.0,296.0,50.0,114.0,1,1,1.0
167,1,976.0,295.0,49.0,114.0,1,1,1.0
168,1,976.0,295.0,51.0,113.0,1,1,1.0
169,1,977.0,294.0,50.0,110.0,1,1,1.0
170,1,977.0,293.0,49.0,109.0,1,1,1.0
171,1,977.0,292.0,48.0,108.0,1,1,1.0
172,1,976.0,291.0,48.0,108.0,1,1,1.0
173,1,976.0,291.0,48.0,108.0,1,1,1.0
174,1,976.0,290.0,47.0,109.0,1,1,1.0
175,1,975.0,290.0,46.0,109.0,1,1,1.0
176,1,975.0,289.0,45.0,110.0,1,1,1.0
177,1,974.0,287.0,44.0,111.0,1,1,1.0
178,1,974.0,286.0,43.0,112.0,1,1,1.0
179,1,973.0,284.0,43.0,113.0,1,1,1.0
180,1,972.0,282.0,44.0,112.0,1,1,1.0
181,1,972.0,281.0,43.0,111.0,1,1,1.0
182,1,972.0,279.0,43.0,112.0,1,1,1.0
185,1,971.0,273.0,44.0,117.0,1,1,1.0
186,1,969.0,273.0,45.0,117.0,1,1,1.0
187,1,969.0,273.0,46.0,117.0,1,1,1.0
188,1,969.0,272.0,47.0,117.0,1,1,1.0
189,1,969.0,272.0,48.0,116.0,1,1,1.0
190,1,970.0,272.0,48.0,115.0,1,1,1.0
195,1,972.0,271.0,43.0,110.0,1,1,1.0
196,1,972.0,270.0,42.0,111.0,1,1,1.0
197,1,972.0,269.0,41.0,111.0,1,1,1.0
198,1,972.0,270.0,41.0,111.0,1,1,1.0
199,1,971.0,270.0,41.0,111.0,1,1,1.0
200,1,970.0,271.0,41.0,110.0,1,1,1.0
201,1,968.0,271.0,42.0,109.0,1,1,1.0
202,1,966.0,270.0,43.0,108.0,1,1,1.0
203,1,965.0,270.0,43.0,106.0,1,1,1.0
204,1,964.0,269.0,43.0,104.0,1,1,1.0
205,1,964.0,269.0,42.0,104.0,1,1,1.0
206,1,963.0,268.0,43.0,104.0,1,1,1.0
207,1,962.0,267.0,43.0,105.0,1,1,1.0
208,1,961.0,265.0,44.0,107.0,1,1,1.0
209,1,961.0,264.0,44.0,108.0,1,1,1.0
210,1,961.0,263.0,45.0,109.0,1,1,1.0
211,1,960.0,261.0,44.0,110.0,1,1,1.0
212,1,961.0,259.0,43.0,110.0,1,1,1.0
213,1,962.0,259.0,42.0,109.0,1,1,1.0
214,1,963.0,259.0,42.0,109.0,1,1,1.0
215,1,964.0,260.0,41.0,106.0,1,1,1.0
216,1,964.0,258.0,41.0,106.0,1,1,1.0
217,1,964.0,252.0,42.0,112.0,1,1,1.0
218,1,963.0,251.0,43.0,112.0,1,1,1.0
219,1,963.0,253.0,44.0,109.0,1,1,1.0
220,1,964.0,253.0,44.0,110.0,1,1,1.0
221,1,964.0,253.0,43.0,111.0,1,1,1.0
222,1,964.0,253.0,43.0,111.0,1,1,1.0
223,1,964.0,253.0,42.0,111.0,1,1,1.0
224,1,964.0,253.0,41.0,110.0,1,1,1.0
225,1,964.0,252.0,41.0,109.0,1,1,1.0
226,1,964.0,252.0,40.0,106.0,1,1,1.0
227,1,964.0,252.0,39.0,105.0,1,1,1.0
228,1,963.0,253.0,39.0,103.0,1,1,1.0
229,1,963.0,254.0,41.0,102.0,1,1,1.0
230,1,963.0,254.0,41.0,101.0,1,1,1.0
231,1,963.0,254.0,40.0,102.0,1,1,1.0
232,1,964.0,251.0,37.0,105.0,1,1,1.0
233,1,966.0,250.0,35.0,105.0,1,1,1.0
234,1,967.0,248.0,34.0,107.0,1,1,1.0
235,1,968.0,249.0,35.0,105.0,1,1,1.0
236,1,968.0,250.0,37.0,103.0,1,1,1.0
237,1,969.0,251.0,38.0,100.0,1,1,1.0
238,1,970.0,250.0,39.0,100.0,1,1,1.0
239,1,970.0,250.0,40.0,100.0,1,1,1.0
240,1,971.0,249.0,40.0,100.0,1,1,1.0
241,1,971.0,250.0,39.0,100.0,1,1,1.0
242,1,972.0,250.0,37.0,99.0,1,1,1.0
243,1,972.0,250.0,37.0,99.0,1,1,1.0
244,1,972.0,251.0,37.0,99.0,1,1,1.0
245,1,972.0,250.0,37.0,99.0,1,1,1.0
246,1,972.0,250.0,37.0,99.0,1,1,1.0
247,1,972.0,250.0,37.0,98.0,1,1,1.0
248,1,972.0,250.0,36.0,97.0,1,1,1.0
249,1,973.0,250.0,36.0,94.0,1,1,1.0
250,1,973.0,249.0,35.0,93.0,1,1,1.0
251,1,974.0,249.0,35.0,93.0,1,1,1.0
252,1,974.0,249.0,35.0,94.0,1,1,1.0
253,1,975.0,248.0,35.0,95.0,1,1,1.0
254,1,975.0,248.0,36.0,94.0,1,1,1.0
255,1,976.0,248.0,36.0,94.0,1,1,1.0
256,1,977.0,248.0,36.0,93.0,1,1,1.0
257,1,978.0,248.0,36.0,93.0,1,1,1.0
258,1,979.0,248.0,36.0,93.0,1,1,1.0
259,1,980.0,247.0,36.0,94.0,1,1,1.0
260,1,980.0,245.0,37.0,95.0,1,1,1.0
261,1,982.0,245.0,37.0,93.0,1,1,1.0
262,1,983.0,245.0,37.0,94.0,1,1,1.0
273,1,1002.0,246.0,31.0,90.0,1,1,1.0
274,1,1003.0,245.0,34.0,90.0,1,1,1.0
275,1,1004.0,244.0,37.0,92.0,1,1,1.0
276,1,1004.0,243.0,38.0,94.0,1,1,1.0
277,1,1004.0,243.0,40.0,94.0,1,1,1.0
278,1,1003.0,244.0,43.0,94.0,1,1,1.0
279,1,1003.0,245.0,46.0,94.0,1,1,1.0
280,1,1005.0,245.0,44.0,95.0,1,1,1.0
281,1,1008.0,246.0,42.0,93.0,1,1,1.0
282,1,1015.0,247.0,37.0,92.0,1,1,1.0
283,1,1019.0,248.0,36.0,91.0,1,1,1.0
286,1,1027.0,245.0,33.0,94.0,1,1,1.0
287,1,1029.0,247.0,34.0,93.0,1,1,1.0
288,1,1030.0,247.0,35.0,93.0,1,1,1.0
289,1,1030.0,248.0,41.0,93.0,1,1,1.0
290,1,1031.0,251.0,46.0,92.0,1,1,1.0
291,1,1032.0,251.0,48.0,92.0,1,1,1.0
292,1,1033.0,254.0,47.0,89.0,1,1,1.0
293,1,1033.0,256.0,48.0,88.0,1,1,1.0
294,1,1035.0,257.0,47.0,88.0,1,1,1.0
295,1,1039.0,257.0,44.0,87.0,1,1,1.0
296,1,1045.0,254.0,40.0,89.0,1,1,1.0
298,1,1054.0,255.0,36.0,90.0,1,1,1.0
299,1,1058.0,257.0,35.0,89.0,1,1,1.0
300,1,1060.0,260.0,34.0,87.0,1,1,1.0
301,1,1062.0,263.0,33.0,87.0,1,1,1.0
302,1,1065.0,266.0,33.0,85.0,1,1,1.0
303,1,1066.0,268.0,35.0,83.0,1,1,1.0
307,1,1075.0,271.0,33.0,82.0,1,1,1.0
308,1,1078.0,271.0,32.0,83.0,1,1,1.0
309,1,1082.0,271.0,32.0,83.0,1,1,1.0
310,1,1085.0,272.0,34.0,82.0,1,1,1.0
312,1,1089.0,275.0,35.0,79.0,1,1,1.0
313,1,1091.0,274.0,36.0,82.0,1,1,1.0
314,1,1091.0,274.0,42.0,83.0,1,1,1.0
315,1,1092.0,276.0,47.0,82.0,1,1,1.0
316,1,1092.0,275.0,49.0,84.0,1,1,1.0
317,1,1094.0,275.0,48.0,85.0,1,1,1.0
318,1,1097.0,274.0,46.0,87.0,1,1,1.0
319,1,1100.0,274.0,45.0,88.0,1,1,1.0
320,1,1104.0,274.0,43.0,88.0,1,1,1.0
321,1,1110.0,275.0,39.0,86.0,1,1,1.0
322,1,1114.0,276.0,38.0,85.0,1,1,1.0
323,1,1116.0,279.0,37.0,84.0,1,1,1.0
324,1,1120.0,280.0,37.0,84.0,1,1,1.0
325,1,1123.0,284.0,34.0,82.0,1,1,1.0
326,1,1125.0,287.0,35.0,80.0,1,1,1.0
327,1,1126.0,289.0,36.0,79.0,1,1,1.0
328,1,1127.0,290.0,37.0,79.0,1,1,1.0
329,1,1130.0,291.0,36.0,79.0,1,1,1.0
330,1,1133.0,291.0,36.0,79.0,1,1,1.0
331,1,1136.0,290.0,34.0,80.0,1,1,1.0
332,1,1139.0,290.0,34.0,81.0,1,1,1.0
333,1,1142.0,289.0,36.0,81.0,1,1,1.0
334,1,1144.0,287.0,35.0,84.0,1,1,1.0
335,1,1145.0,285.0,37.0,86.0,1,1,1.0
336,1,1146.0,285.0,40.0,89.0,1,1,1.0
337,1,1147.0,284.0,46.0,91.0,1,1,1.0
338,1,1148.0,283.0,52.0,92.0,1,1,1.0
339,1,1149.0,285.0,53.0,92.0,1,1,1.0
340,1,1151.0,286.0,51.0,92.0,1,1,1.0
341,1,1155.0,286.0,48.0,92.0,1,1,1.0
342,1,1159.0,287.0,47.0,92.0,1,1,1.0
343,1,1165.0,288.0,43.0,91.0,1,1,1.0
344,1,1171.0,288.0,42.0,90.0,1,1,1.0
345,1,1174.0,288.0,44.0,91.0,1,1,1.0
346,1,1177.0,288.0,43.0,92.0,1,1,1.0
347,1,1180.0,289.0,40.0,93.0,1,1,1.0
348,1,1182.0,289.0,40.0,95.0,1,1,1.0
349,1,1184.0,289.0,40.0,96.0,1,1,1.0
350,1,1185.0,289.0,41.0,97.0,1,1,1.0
351,1,1188.0,289.0,42.0,98.0,1,1,1.0
352,1,1190.0,289.0,42.0,98.0,1,1,1.0
353,1,1194.0,289.0,41.0,98.0,1,1,1.0
354,1,1197.0,289.0,40.0,98.0,1,1,1.0
355,1,1200.0,291.0,39.0,97.0,1,1,1.0
356,1,1202.0,292.0,40.0,95.0,1,1,1.0
357,1,1204.0,294.0,40.0,94.0,1,1,1.0
358,1,1206.0,295.0,41.0,93.0,1,1,1.0
359,1,1207.0,296.0,43.0,94.0,1,1,1.0
360,1,1207.0,297.0,47.0,93.0,1,1,1.0
363,1,1213.0,299.0,52.0,96.0,1,1,1.0
366,1,1227.0,297.0,46.0,112.0,1,1,1.0
367,1,1234.0,296.0,42.0,116.0,1,1,1.0
368,1,1239.0,295.0,40.0,117.0,1,1,1.0
370,1,1244.0,298.0,41.0,111.0,1,1,1.0
371,1,1244.0,299.0,44.0,112.0,1,1,1.0
372,1,1244.0,301.0,46.0,111.0,1,1,1.0
373,1,1244.0,302.0,49.0,111.0,1,1,1.0
374,1,1245.0,302.0,51.0,110.0,1,1,1.0
375,1,1245.0,303.0,53.0,109.0,1,1,1.0
376,1,1249.0,301.0,53.0,108.0,1,1,1.0
377,1,1258.0,301.0,48.0,106.0,1,1,1.0
378,1,1265.0,300.0,44.0,107.0,1,1,1.0
379,1,1271.0,300.0,41.0,108.0,1,1,1.0
380,1,1274.0,299.0,42.0,108.0,1,1,1.0
381,1,1276.0,299.0,43.0,108.0,1,1,1.0
382,1,1276.0,299.0,43.0,107.0,1,1,1.0
383,1,1277.0,298.0,48.0,110.0,1,1,1.0
385,1,1278.0,306.0,61.0,107.0,1,1,1.0
386,1,1280.0,308.0,62.0,106.0,1,1,1.0
387,1,1282.0,311.0,62.0,104.0,1,1,1.0
388,1,1286.0,313.0,62.0,102.0,1,1,1.0
389,1,1292.0,315.0,57.0,100.0,1,1,1.0
390,1,1299.0,317.0,50.0,98.0,1,1,1.0
391,1,1310.0,319.0,42.0,94.0,1,1,1.0
393,1,1318.0,321.0,42.0,92.0,1,1,1.0
395,1,1322.0,322.0,45.0,98.0,1,1,1.0
396,1,1323.0,322.0,48.0,101.0,1,1,1.0
405,1,1358.0,327.0,45.0,103.0,1,1,1.0
410,1,1361.0,337.0,69.0,100.0,1,1,1.0
415,1,1393.0,343.0,46.0,98.0,1,1,1.0
416,1,1400.0,342.0,41.0,98.0,1,1,1.0
417,1,1407.0,344.0,37.0,97.0,1,1,1.0
421,2,1407.0,305.0,73.0,146.0,1,1,1.0
422,2,1409.0,305.0,74.0,147.0,1,1,1.0
423,2,1412.0,306.0,74.0,147.0,1,1,1.0
427,2,1425.0,304.0,72.0,151.0,1,1,1.0
428,2,1428.0,307.0,71.0,148.0,1,1,1.0
431,2,1435.0,312.0,71.0,146.0,1,1,1.0
432,2,1439.0,313.0,70.0,146.0,1,1,1.0
435,2,1450.0,348.0,58.0,118.0,1,1,1.0
440,2,1466.0,345.0,53.0,125.0,1,1,1.0
445,2,1466.0,337.0,51.0,136.0,1,1,1.0
452,3,1459.0,347.0,46.0,128.0,1,1,1.0
453,3,1459.0,349.0,44.0,127.0,1,1,1.0
454,3,1456.0,352.0,45.0,126.0,1,1,1.0
455,3,1453.0,353.0,46.0,127.0,1,1,1.0
456,3,1451.0,355.0,47.0,126.0,1,1,1.0
457,3,1449.0,357.0,46.0,121.0,1,1,1.0
458,3,1447.0,358.0,47.0,120.0,1,1,1.0
459,3,1443.0,358.0,48.0,120.0,1,1,1.0
460,3,1439.0,358.0,48.0,123.0,1,1,1.0
461,3,1437.0,358.0,50.0,125.0,1,1,1.0
462,3,1435.0,357.0,49.0,127.0,1,1,1.0
464,3,1433.0,357.0,49.0,126.0,1,1,1.0
465,3,1431.0,358.0,50.0,125.0,1,1,1.0
466,3,1426.0,359.0,51.0,124.0,1,1,1.0
467,3,1422.0,360.0,53.0,122.0,1,1,1.0
468,3,1415.0,363.0,57.0,120.0,1,1,1.0
469,3,1407.0,367.0,63.0,117.0,1,1,1.0
470,3,1397.0,370.0,70.0,115.0,1,1,1.0
471,3,1390.0,372.0,74.0,113.0,1,1,1.0
472,3,1386.0,374.0,75.0,111.0,1,1,1.0
473,3,1386.0,376.0,72.0,109.0,1,1,1.0
474,3,1384.0,377.0,70.0,108.0,1,1,1.0
475,3,1384.0,377.0,67.0,108.0,1,1,1.0
476,3,1384.0,375.0,63.0,110.0,1,1,1.0
477,3,1384.0,373.0,59.0,111.0,1,1,1.0
478,3,1384.0,372.0,57.0,113.0,1,1,1.0
479,3,1383.0,372.0,55.0,114.0,1,1,1.0
480,3,1383.0,371.0,53.0,118.0,1,1,1.0
481,3,1382.0,371.0,52.0,120.0,1,1,1.0
482,3,1380.0,372.0,52.0,123.0,1,1,1.0
483,3,1377.0,371.0,52.0,123.0,1,1,1.0
484,3,1374.0,370.0,52.0,126.0,1,1,1.0
485,3,1372.0,369.0,53.0,129.0,1,1,1.0
486,3,1370.0,368.0,53.0,130.0,1,1,1.0
487,3,1368.0,368.0,53.0,130.0,1,1,1.0
488,3,1364.0,368.0,55.0,130.0,1,1,1.0
489,3,1361.0,369.0,57.0,129.0,1,1,1.0
490,3,1358.0,370.0,58.0,128.0,1,1,1.0
491,3,1354.0,371.0,58.0,127.0,1,1,1.0
492,3,1349.0,373.0,60.0,125.0,1,1,1.0
493,3,1342.0,375.0,65.0,125.0,1,1,1.0
494,3,1334.0,376.0,72.0,124.0,1,1,1.0
495,3,1329.0,376.0,74.0,126.0,1,1,1.0
496,3,1326.0,374.0,73.0,129.0,1,1,1.0
497,3,1327.0,373.0,69.0,131.0,1,1,1.0
498,3,1326.0,372.0,66.0,133.0,1,1,1.0
499,3,1326.0,371.0,63.0,135.0,1,1,1.0
500,3,1325.0,369.0,62.0,136.0,1,1,1.0
501,3,1324.0,369.0,54.0,136.0,1,1,1.0
502,3,1324.0,367.0,54.0,139.0,1,1,1.0
503,3,1323.0,366.0,53.0,140.0,1,1,1.0
504,3,1322.0,367.0,51.0,141.0,1,1,1.0
505,3,1319.0,368.0,51.0,143.0,1,1,1.0
506,3,1316.0,370.0,51.0,138.0,1,1,1.0
507,3,1310.0,373.0,54.0,134.0,1,1,1.0
508,3,1304.0,376.0,56.0,131.0,1,1,1.0
509,3,1298.0,379.0,57.0,131.0,1,1,1.0
510,3,1295.0,381.0,57.0,133.0,1,1,1.0
511,3,1293.0,383.0,57.0,134.0,1,1,1.0
512,3,1292.0,382.0,55.0,135.0,1,1,1.0
513,3,1289.0,383.0,55.0,134.0,1,1,1.0
514,3,1283.0,385.0,57.0,132.0,1,1,1.0
515,3,1276.0,385.0,62.0,131.0,1,1,1.0
516,3,1268.0,384.0,67.0,132.0,1,1,1.0
517,3,1255.0,384.0,76.0,134.0,1,1,1.0
518,3,1242.0,383.0,87.0,136.0,1,1,1.0
519,3,1231.0,381.0,93.0,138.0,1,1,1.0
520,3,1226.0,380.0,93.0,139.0,1,1,1.0
521,3,1224.0,377.0,89.0,141.0,1,1,1.0
522,3,1225.0,375.0,82.0,144.0,1,1,1.0
523,3,1224.0,372.0,76.0,146.0,1,1,1.0
524,3,1223.0,370.0,71.0,148.0,1,1,1.0
525,3,1222.0,367.0,67.0,152.0,1,1,1.0
526,3,1221.0,364.0,63.0,155.0,1,1,1.0
527,3,1221.0,363.0,59.0,158.0,1,1,1.0
528,3,1218.0,363.0,58.0,160.0,1,1,1.0
529,3,1210.0,365.0,61.0,161.0,1,1,1.0
530,3,1200.0,367.0,66.0,159.0,1,1,1.0
531,3,1192.0,373.0,70.0,155.0,1,1,1.0
532,3,1186.0,379.0,71.0,151.0,1,1,1.0
533,3,1183.0,382.0,71.0,149.0,1,1,1.0
534,3,1181.0,383.0,69.0,149.0,1,1,1.0
535,3,1180.0,380.0,65.0,152.0,1,1,1.0
536,3,1180.0,376.0,62.0,155.0,1,1,1.0
537,3,1176.0,373.0,62.0,158.0,1,1,1.0
538,3,1170.0,371.0,65.0,160.0,1,1,1.0
539,3,1162.0,369.0,70.0,161.0,1,1,1.0
540,3,1150.0,369.0,79.0,162.0,1,1,1.0
541,3,1136.0,369.0,89.0,163.0,1,1,1.0
542,3,1121.0,368.0,98.0,164.0,1,1,1.0
543,3,1111.0,368.0,102.0,164.0,1,1,1.0
544,3,1106.0,366.0,101.0,166.0,1,1,1.0
545,3,1104.0,366.0,97.0,167.0,1,1,1.0
546,3,1104.0,363.0,90.0,170.0,1,1,1.0
547,3,1104.0,362.0,82.0,171.0,1,1,1.0
548,3,1104.0,362.0,75.0,171.0,1,1,1.0
551,3,1103.0,370.0,62.0,168.0,1,1,1.0
552,3,1098.0,373.0,62.0,167.0,1,1,1.0
553,3,1088.0,379.0,68.0,164.0,1,1,1.0
554,3,1079.0,384.0,72.0,161.0,1,1,1.0
555,3,1073.0,389.0,74.0,160.0,1,1,1.0
556,3,1068.0,392.0,74.0,160.0,1,1,1.0
557,3,1065.0,392.0,73.0,162.0,1,1,1.0
558,3,1064.0,390.0,70.0,165.0,1,1,1.0
559,3,1064.0,387.0,67.0,169.0,1,1,1.0
560,3,1060.0,383.0,66.0,172.0,1,1,1.0
561,3,1053.0,379.0,69.0,176.0,1,1,1.0
562,3,1046.0,376.0,73.0,179.0,1,1,1.0
563,3,1039.0,376.0,75.0,179.0,1,1,1.0
564,3,1030.0,376.0,80.0,179.0,1,1,1.0
565,3,1018.0,380.0,88.0,177.0,1,1,1.0
566,3,1003.0,383.0,98.0,173.0,1,1,1.0
567,3,992.0,385.0,104.0,173.0,1,1,1.0
568,3,989.0,387.0,102.0,175.0,1,1,1.0
569,3,989.0,388.0,97.0,174.0,1,1,1.0
570,3,988.0,390.0,94.0,175.0,1,1,1.0
571,3,987.0,389.0,88.0,177.0,1,1,1.0
572,3,988.0,388.0,79.0,177.0,1,1,1.0
573,3,988.0,389.0,71.0,176.0,1,1,1.0
574,3,986.0,391.0,66.0,174.0,1,1,1.0
575,3,982.0,394.0,65.0,173.0,1,1,1.0
576,3,977.0,397.0,65.0,175.0,1,1,1.0
577,3,969.0,400.0,68.0,177.0,1,1,1.0
578,3,955.0,402.0,76.0,176.0,1,1,1.0
579,3,944.0,404.0,82.0,174.0,1,1,1.0
580,3,935.0,405.0,85.0,175.0,1,1,1.0
581,3,930.0,406.0,86.0,176.0,1,1,1.0
582,3,929.0,407.0,81.0,178.0,1,1,1.0
583,3,927.0,406.0,76.0,180.0,1,1,1.0
584,3,926.0,405.0,71.0,181.0,1,1,1.0
585,3,920.0,405.0,71.0,182.0,1,1,1.0
586,3,912.0,404.0,74.0,182.0,1,1,1.0
587,3,903.0,404.0,77.0,182.0,1,1,1.0
588,3,889.0,405.0,84.0,182.0,1,1,1.0
589,3,871.0,407.0,98.0,181.0,1,1,1.0
590,3,859.0,410.0,103.0,178.0,1,1,1.0
591,3,851.0,414.0,106.0,177.0,1,1,1.0
592,3,846.0,418.0,108.0,175.0,1,1,1.0
593,3,843.0,421.0,107.0,174.0,1,1,1.0
594,3,842.0,421.0,101.0,176.0,1,1,1.0
595,3,841.0,420.0,89.0,177.0,1,1,1.0
596,3,841.0,420.0,80.0,178.0,1,1,1.0
597,3,839.0,419.0,72.0,180.0,1,1,1.0
598,3,836.0,419.0,68.0,181.0,1,1,1.0
599,3,829.0,422.0,68.0,184.0,1,1,1.0
600,3,816.0,427.0,74.0,184.0,1,1,1.0
601,3,799.0,433.0,87.0,180.0,1,1,1.0
602,3,788.0,437.0,91.0,177.0,1,1,1.0
603,3,781.0,440.0,93.0,177.0,1,1,1.0
604,3,779.0,441.0,91.0,180.0,1,1,1.0
605,3,779.0,442.0,86.0,180.0,1,1,1.0
606,3,778.0,443.0,77.0,179.0,1,1,1.0
607,3,776.0,445.0,71.0,177.0,1,1,1.0
608,3,767.0,450.0,74.0,173.0,1,1,1.0
609,3,758.0,452.0,77.0,170.0,1,1,1.0
610,3,751.0,453.0,79.0,170.0,1,1,1.0
611,3,744.0,452.0,80.0,174.0,1,1,1.0
612,3,733.0,450.0,84.0,179.0,1,1,1.0
613,3,721.0,447.0,93.0,184.0,1,1,1.0
614,3,711.0,443.0,98.0,190.0,1,1,1.0
615,3,702.0,441.0,105.0,196.0,1,1,1.0
616,3,701.0,437.0,104.0,204.0,1,1,1.0
617,3,700.0,435.0,100.0,208.0,1,1,1.0
618,3,700.0,435.0,92.0,209.0,1,1,1.0
619,3,699.0,437.0,83.0,208.0,1,1,1.0
620,3,692.0,438.0,76.0,207.0,1,1,1.0
621,3,683.0,439.0,77.0,206.0,1,1,1.0
622,3,674.0,439.0,77.0,206.0,1,1,1.0
623,3,668.0,440.0,75.0,209.0,1,1,1.0
624,3,651.0,443.0,86.0,212.0,1,1,1.0
625,3,635.0,442.0,101.0,215.0,1,1,1.0
626,3,623.0,441.0,111.0,218.0,1,1,1.0
627,3,615.0,441.0,117.0,222.0,1,1,1.0
628,3,611.0,441.0,115.0,224.0,1,1,1.0
629,3,610.0,439.0,103.0,226.0,1,1,1.0
630,3,606.0,437.0,90.0,229.0,1,1,1.0
631,3,600.0,435.0,80.0,230.0,1,1,1.0
632,3,590.0,433.0,76.0,232.0,1,1,1.0
633,3,578.0,429.0,79.0,236.0,1,1,1.0
634,3,568.0,425.0,84.0,239.0,1,1,1.0
635,3,549.0,423.0,101.0,244.0,1,1,1.0
636,3,531.0,421.0,118.0,247.0,1,1,1.0
637,3,517.0,420.0,129.0,249.0,1,1,1.0
638,3,512.0,419.0,133.0,252.0,1,1,1.0
639,3,509.0,418.0,130.0,254.0,1,1,1.0
640,3,506.0,415.0,121.0,256.0,1,1,1.0
641,3,499.0,412.0,112.0,260.0,1,1,1.0
642,3,491.0,410.0,101.0,263.0,1,1,1.0
643,3,483.0,409.0,91.0,264.0,1,1,1.0
644,3,474.0,415.0,88.0,260.0,1,1,1.0
645,3,466.0,421.0,91.0,259.0,1,1,1.0
646,3,451.0,425.0,100.0,260.0,1,1,1.0
647,3,434.0,429.0,114.0,256.0,1,1,1.0
650,3,406.0,433.0,135.0,259.0,1,1,1.0
651,3,394.0,429.0,137.0,266.0,1,1,1.0
652,3,384.0,426.0,134.0,270.0,1,1,1.0
654,3,364.0,425.0,121.0,271.0,1,1,1.0
655,3,355.0,424.0,110.0,272.0,1,1,1.0
656,3,346.0,423.0,107.0,273.0,1,1,1.0
657,3,340.0,425.0,107.0,271.0,1,1,1.0
658,3,334.0,427.0,111.0,268.0,1,1,1.0
659,3,329.0,430.0,116.0,266.0,1,1,1.0
660,3,321.0,432.0,124.0,265.0,1,1,1.0
