1,1,919.0,214.0,36.0,98.0,1,1,1.0
1,2,946.0,219.0,34.0,94.0,1,1,1.0
2,1,918.0,215.0,37.0,98.0,1,1,1.0
2,2,947.0,219.0,32.0,95.0,1,1,1.0
3,1,918.0,215.0,35.0,98.0,1,1,1.0
3,2,948.0,219.0,31.0,96.0,1,1,1.0
4,1,918.0,217.0,34.0,99.0,1,1,1.0
4,2,948.0,219.0,30.0,97.0,1,1,1.0
5,1,918.0,219.0,33.0,99.0,1,1,1.0
5,2,947.0,219.0,31.0,98.0,1,1,1.0
6,1,917.0,219.0,34.0,99.0,1,1,1.0
6,2,947.0,220.0,31.0,99.0,1,1,1.0
7,1,915.0,219.0,35.0,100.0,1,1,1.0
7,2,947.0,220.0,32.0,100.0,1,1,1.0
8,1,913.0,218.0,37.0,101.0,1,1,1.0
8,2,948.0,221.0,33.0,100.0,1,1,1.0
9,1,912.0,218.0,38.0,101.0,1,1,1.0
9,2,948.0,222.0,34.0,100.0,1,1,1.0
10,1,912.0,220.0,38.0,102.0,1,1,1.0
10,2,947.0,222.0,36.0,101.0,1,1,1.0
11,1,911.0,221.0,37.0,102.0,1,1,1.0
11,2,947.0,224.0,37.0,101.0,1,1,1.0
12,1,912.0,222.0,36.0,102.0,1,1,1.0
12,2,947.0,224.0,37.0,102.0,1,1,1.0
13,1,912.0,223.0,35.0,102.0,1,1,1.0
13,2,946.0,224.0,38.0,102.0,1,1,1.0
14,1,911.0,223.0,35.0,103.0,1,1,1.0
14,2,946.0,224.0,38.0,102.0,1,1,1.0
15,1,910.0,223.0,37.0,104.0,1,1,1.0
15,2,947.0,224.0,36.0,102.0,1,1,1.0
16,1,908.0,222.0,40.0,105.0,1,1,1.0
16,2,948.0,224.0,36.0,103.0,1,1,1.0
17,1,906.0,222.0,43.0,105.0,1,1,1.0
17,2,948.0,225.0,35.0,103.0,1,1,1.0
18,1,905.0,225.0,46.0,105.0,1,1,1.0
18,2,950.0,226.0,34.0,103.0,1,1,1.0
19,1,903.0,226.0,49.0,106.0,1,1,1.0
19,2,950.0,227.0,33.0,105.0,1,1,1.0
20,1,904.0,227.0,52.0,107.0,1,1,1.0
20,2,951.0,227.0,33.0,106.0,1,1,1.0
21,1,905.0,228.0,51.0,107.0,1,1,1.0
21,2,950.0,228.0,33.0,106.0,1,1,1.0
22,1,905.0,227.0,50.0,108.0,1,1,1.0
22,2,951.0,227.0,33.0,107.0,1,1,1.0
23,1,904.0,226.0,48.0,109.0,1,1,1.0
23,2,950.0,227.0,35.0,107.0,1,1,1.0
24,1,904.0,226.0,46.0,109.0,1,1,1.0
24,2,949.0,227.0,36.0,108.0,1,1,1.0
25,1,906.0,228.0,42.0,112.0,1,1,1.0
25,2,948.0,229.0,39.0,109.0,1,1,1.0
26,1,906.0,230.0,42.0,112.0,1,1,1.0
26,2,948.0,230.0,41.0,110.0,1,1,1.0
27,1,907.0,231.0,42.0,112.0,1,1,1.0
27,2,948.0,232.0,41.0,110.0,1,1,1.0
28,1,909.0,233.0,41.0,112.0,1,1,1.0
28,2,949.0,233.0,40.0,109.0,1,1,1.0
29,1,910.0,233.0,40.0,112.0,1,1,1.0
29,2,948.0,233.0,40.0,109.0,1,1,1.0
30,1,911.0,232.0,42.0,114.0,1,1,1.0
30,2,950.0,233.0,38.0,110.0,1,1,1.0
31,1,910.0,231.0,45.0,114.0,1,1,1.0
31,2,950.0,232.0,37.0,110.0,1,1,1.0
32,1,909.0,231.0,47.0,116.0,1,1,1.0
32,2,951.0,232.0,35.0,111.0,1,1,1.0
33,1,909.0,231.0,49.0,118.0,1,1,1.0
33,2,953.0,234.0,34.0,112.0,1,1,1.0
34,1,908.0,232.0,51.0,119.0,1,1,1.0
34,2,953.0,235.0,34.0,111.0,1,1,1.0
35,1,907.0,234.0,51.0,119.0,1,1,1.0
35,2,953.0,236.0,35.0,113.0,1,1,1.0
36,1,907.0,235.0,51.0,118.0,1,1,1.0
36,2,953.0,236.0,36.0,115.0,1,1,1.0
37,1,907.0,236.0,49.0,118.0,1,1,1.0
37,2,951.0,237.0,39.0,115.0,1,1,1.0
38,1,908.0,236.0,48.0,118.0,1,1,1.0
38,2,950.0,237.0,44.0,115.0,1,1,1.0
39,1,909.0,236.0,47.0,118.0,1,1,1.0
39,2,952.0,237.0,44.0,116.0,1,1,1.0
40,1,911.0,236.0,44.0,117.0,1,1,1.0
40,2,954.0,237.0,41.0,115.0,1,1,1.0
41,1,915.0,236.0,41.0,118.0,1,1,1.0
41,2,955.0,238.0,39.0,115.0,1,1,1.0
42,1,917.0,237.0,40.0,119.0,1,1,1.0
42,2,956.0,239.0,38.0,116.0,1,1,1.0
43,1,919.0,238.0,40.0,120.0,1,1,1.0
43,2,956.0,240.0,38.0,117.0,1,1,1.0
44,1,920.0,239.0,40.0,121.0,1,1,1.0
44,2,957.0,241.0,37.0,118.0,1,1,1.0
45,1,922.0,241.0,39.0,121.0,1,1,1.0
45,2,959.0,242.0,37.0,119.0,1,1,1.0
46,1,924.0,242.0,39.0,122.0,1,1,1.0
46,2,958.0,242.0,39.0,119.0,1,1,1.0
47,1,926.0,242.0,39.0,122.0,1,1,1.0
47,2,959.0,242.0,41.0,119.0,1,1,1.0
48,1,926.0,242.0,39.0,121.0,1,1,1.0
48,2,961.0,242.0,42.0,119.0,1,1,1.0
49,1,926.0,242.0,41.0,121.0,1,1,1.0
49,2,964.0,243.0,41.0,120.0,1,1,1.0
50,1,924.0,242.0,43.0,123.0,1,1,1.0
50,2,967.0,244.0,39.0,121.0,1,1,1.0
51,1,923.0,243.0,46.0,124.0,1,1,1.0
51,2,968.0,246.0,38.0,121.0,1,1,1.0
52,1,924.0,245.0,47.0,124.0,1,1,1.0
52,2,969.0,248.0,38.0,121.0,1,1,1.0
53,1,925.0,246.0,48.0,124.0,1,1,1.0
53,2,971.0,249.0,38.0,121.0,1,1,1.0
54,1,926.0,246.0,48.0,125.0,1,1,1.0
54,2,971.0,249.0,39.0,122.0,1,1,1.0
55,1,927.0,247.0,47.0,126.0,1,1,1.0
55,2,972.0,249.0,39.0,122.0,1,1,1.0
56,1,927.0,247.0,47.0,126.0,1,1,1.0
56,2,972.0,249.0,41.0,122.0,1,1,1.0
57,1,929.0,246.0,47.0,127.0,1,1,1.0
57,2,971.0,249.0,44.0,122.0,1,1,1.0
58,1,930.0,246.0,46.0,127.0,1,1,1.0
58,2,972.0,250.0,43.0,122.0,1,1,1.0
59,1,932.0,246.0,46.0,127.0,1,1,1.0
59,2,972.0,251.0,43.0,123.0,1,1,1.0
60,1,935.0,247.0,45.0,129.0,1,1,1.0
60,2,974.0,253.0,40.0,123.0,1,1,1.0
61,1,938.0,249.0,44.0,129.0,1,1,1.0
61,2,977.0,254.0,38.0,123.0,1,1,1.0
62,1,939.0,251.0,45.0,129.0,1,1,1.0
62,2,979.0,256.0,36.0,125.0,1,1,1.0
63,1,940.0,252.0,46.0,128.0,1,1,1.0
63,2,981.0,257.0,35.0,126.0,1,1,1.0
64,1,942.0,253.0,46.0,129.0,1,1,1.0
64,2,983.0,258.0,34.0,126.0,1,1,1.0
65,1,944.0,253.0,45.0,130.0,1,1,1.0
65,2,983.0,258.0,36.0,126.0,1,1,1.0
66,1,946.0,253.0,46.0,131.0,1,1,1.0
66,2,986.0,258.0,36.0,126.0,1,1,1.0
67,1,946.0,252.0,46.0,132.0,1,1,1.0
67,2,987.0,258.0,37.0,126.0,1,1,1.0
68,1,947.0,252.0,47.0,132.0,1,1,1.0
68,2,988.0,259.0,39.0,126.0,1,1,1.0
69,1,947.0,253.0,47.0,133.0,1,1,1.0
69,2,990.0,259.0,41.0,128.0,1,1,1.0
70,1,948.0,255.0,47.0,133.0,1,1,1.0
70,2,992.0,261.0,41.0,127.0,1,1,1.0
71,1,950.0,257.0,47.0,134.0,1,1,1.0
71,2,993.0,263.0,42.0,125.0,1,1,1.0
72,1,951.0,259.0,46.0,135.0,1,1,1.0
72,2,995.0,263.0,42.0,129.0,1,1,1.0
73,1,952.0,259.0,45.0,136.0,1,1,1.0
73,2,997.0,263.0,42.0,131.0,1,1,1.0
74,1,952.0,260.0,44.0,136.0,1,1,1.0
74,2,998.0,264.0,43.0,132.0,1,1,1.0
75,1,951.0,260.0,45.0,136.0,1,1,1.0
75,2,998.0,264.0,44.0,132.0,1,1,1.0
76,1,951.0,260.0,50.0,137.0,1,1,1.0
76,2,998.0,264.0,45.0,132.0,1,1,1.0
77,1,950.0,259.0,53.0,137.0,1,1,1.0
77,2,999.0,264.0,44.0,131.0,1,1,1.0
78,1,951.0,259.0,55.0,137.0,1,1,1.0
78,2,1000.0,266.0,42.0,133.0,1,1,1.0
79,1,951.0,260.0,55.0,139.0,1,1,1.0
79,2,1001.0,267.0,41.0,135.0,1,1,1.0
80,1,952.0,262.0,55.0,139.0,1,1,1.0
80,2,1003.0,269.0,38.0,136.0,1,1,1.0
81,1,952.0,264.0,57.0,141.0,1,1,1.0
81,2,1005.0,271.0,36.0,137.0,1,1,1.0
82,1,953.0,265.0,57.0,141.0,1,1,1.0
82,2,1006.0,272.0,36.0,138.0,1,1,1.0
83,1,954.0,267.0,56.0,141.0,1,1,1.0
83,2,1007.0,272.0,36.0,138.0,1,1,1.0
84,1,955.0,267.0,54.0,141.0,1,1,1.0
84,2,1007.0,272.0,37.0,138.0,1,1,1.0
85,1,955.0,268.0,54.0,141.0,1,1,1.0
85,2,1007.0,273.0,40.0,137.0,1,1,1.0
86,1,955.0,267.0,55.0,142.0,1,1,1.0
86,2,1007.0,273.0,42.0,136.0,1,1,1.0
87,1,955.0,267.0,55.0,143.0,1,1,1.0
87,2,1006.0,273.0,44.0,138.0,1,1,1.0
88,1,956.0,269.0,56.0,144.0,1,1,1.0
88,2,1007.0,276.0,43.0,140.0,1,1,1.0
89,1,956.0,271.0,55.0,145.0,1,1,1.0
89,2,1008.0,277.0,44.0,141.0,1,1,1.0
90,1,957.0,273.0,53.0,146.0,1,1,1.0
90,2,1009.0,278.0,43.0,142.0,1,1,1.0
91,1,958.0,274.0,52.0,148.0,1,1,1.0
91,2,1009.0,280.0,42.0,144.0,1,1,1.0
92,1,958.0,275.0,50.0,149.0,1,1,1.0
92,2,1008.0,281.0,42.0,144.0,1,1,1.0
93,1,957.0,274.0,48.0,150.0,1,1,1.0
93,2,1008.0,281.0,43.0,144.0,1,1,1.0
94,1,955.0,274.0,52.0,150.0,1,1,1.0
94,2,1007.0,281.0,43.0,144.0,1,1,1.0
95,1,954.0,274.0,53.0,150.0,1,1,1.0
95,2,1005.0,281.0,46.0,144.0,1,1,1.0
96,1,952.0,274.0,56.0,151.0,1,1,1.0
96,2,1005.0,281.0,46.0,145.0,1,1,1.0
97,1,952.0,274.0,58.0,154.0,1,1,1.0
97,2,1006.0,281.0,46.0,148.0,1,1,1.0
98,1,951.0,275.0,58.0,157.0,1,1,1.0
98,2,1006.0,282.0,47.0,150.0,1,1,1.0
99,1,950.0,279.0,57.0,156.0,1,1,1.0
99,2,1006.0,283.0,48.0,153.0,1,1,1.0
100,1,949.0,282.0,56.0,155.0,1,1,1.0
100,2,1001.0,286.0,54.0,153.0,1,1,1.0
101,1,950.0,284.0,55.0,155.0,1,1,1.0
101,2,1001.0,287.0,54.0,152.0,1,1,1.0
102,1,950.0,284.0,55.0,155.0,1,1,1.0
102,2,999.0,288.0,55.0,153.0,1,1,1.0
103,1,949.0,284.0,55.0,156.0,1,1,1.0
103,2,997.0,288.0,57.0,153.0,1,1,1.0
104,1,949.0,284.0,54.0,157.0,1,1,1.0
104,2,994.0,288.0,58.0,153.0,1,1,1.0
105,1,949.0,283.0,54.0,157.0,1,1,1.0
105,2,994.0,288.0,57.0,152.0,1,1,1.0
106,1,949.0,285.0,54.0,157.0,1,1,1.0
106,2,997.0,290.0,53.0,154.0,1,1,1.0
107,1,950.0,287.0,54.0,159.0,1,1,1.0
107,2,998.0,291.0,51.0,157.0,1,1,1.0
108,1,949.0,289.0,55.0,161.0,1,1,1.0
108,2,997.0,293.0,50.0,153.0,1,1,1.0
109,1,949.0,291.0,54.0,162.0,1,1,1.0
109,2,998.0,295.0,48.0,157.0,1,1,1.0
110,1,949.0,293.0,53.0,163.0,1,1,1.0
110,2,998.0,296.0,47.0,160.0,1,1,1.0
111,1,947.0,294.0,52.0,164.0,1,1,1.0
111,2,996.0,296.0,49.0,162.0,1,1,1.0
112,1,945.0,294.0,52.0,164.0,1,1,1.0
112,2,995.0,296.0,51.0,163.0,1,1,1.0
113,1,941.0,293.0,55.0,165.0,1,1,1.0
113,2,992.0,296.0,55.0,163.0,1,1,1.0
114,1,936.0,293.0,60.0,165.0,1,1,1.0
114,2,991.0,296.0,56.0,164.0,1,1,1.0
115,1,933.0,293.0,62.0,165.0,1,1,1.0
115,2,991.0,297.0,55.0,164.0,1,1,1.0
116,1,931.0,295.0,62.0,169.0,1,1,1.0
116,2,985.0,298.0,59.0,168.0,1,1,1.0
117,1,929.0,297.0,64.0,171.0,1,1,1.0
117,2,985.0,301.0,56.0,169.0,1,1,1.0
118,1,927.0,300.0,65.0,173.0,1,1,1.0
118,2,985.0,303.0,54.0,172.0,1,1,1.0
119,1,926.0,303.0,65.0,173.0,1,1,1.0
119,2,983.0,305.0,57.0,173.0,1,1,1.0
120,1,924.0,305.0,63.0,174.0,1,1,1.0
120,2,981.0,307.0,56.0,173.0,1,1,1.0
121,1,923.0,306.0,62.0,174.0,1,1,1.0
121,2,979.0,307.0,57.0,173.0,1,1,1.0
122,1,921.0,306.0,61.0,175.0,1,1,1.0
122,2,978.0,307.0,57.0,173.0,1,1,1.0
123,1,921.0,306.0,60.0,175.0,1,1,1.0
123,2,977.0,307.0,56.0,174.0,1,1,1.0
124,1,921.0,306.0,59.0,175.0,1,1,1.0
124,2,976.0,307.0,55.0,173.0,1,1,1.0
125,1,922.0,309.0,58.0,179.0,1,1,1.0
125,2,974.0,311.0,56.0,178.0,1,1,1.0
126,1,923.0,313.0,57.0,180.0,1,1,1.0
126,2,972.0,315.0,56.0,179.0,1,1,1.0
127,1,922.0,316.0,57.0,182.0,1,1,1.0
127,2,971.0,318.0,54.0,180.0,1,1,1.0
128,1,921.0,319.0,54.0,182.0,1,1,1.0
128,2,969.0,321.0,54.0,181.0,1,1,1.0
129,1,918.0,321.0,52.0,184.0,1,1,1.0
129,2,966.0,321.0,56.0,183.0,1,1,1.0
130,1,913.0,322.0,54.0,184.0,1,1,1.0
130,2,964.0,322.0,59.0,183.0,1,1,1.0
131,1,908.0,323.0,59.0,184.0,1,1,1.0
131,2,963.0,322.0,60.0,183.0,1,1,1.0
132,1,903.0,323.0,65.0,184.0,1,1,1.0
132,2,960.0,323.0,61.0,182.0,1,1,1.0
133,1,899.0,324.0,70.0,185.0,1,1,1.0
133,2,960.0,324.0,61.0,185.0,1,1,1.0
134,1,896.0,326.0,73.0,189.0,1,1,1.0
134,2,959.0,327.0,61.0,190.0,1,1,1.0
135,1,895.0,329.0,76.0,192.0,1,1,1.0
135,2,956.0,330.0,63.0,192.0,1,1,1.0
136,1,893.0,332.0,75.0,194.0,1,1,1.0
136,2,954.0,333.0,64.0,194.0,1,1,1.0
137,1,892.0,336.0,70.0,196.0,1,1,1.0
137,2,953.0,336.0,65.0,195.0,1,1,1.0
138,1,892.0,338.0,67.0,196.0,1,1,1.0
138,2,952.0,338.0,66.0,195.0,1,1,1.0
139,1,891.0,339.0,67.0,197.0,1,1,1.0
139,2,955.0,338.0,65.0,195.0,1,1,1.0
140,1,890.0,338.0,67.0,198.0,1,1,1.0
140,2,954.0,338.0,66.0,196.0,1,1,1.0
141,1,891.0,338.0,67.0,197.0,1,1,1.0
141,2,956.0,338.0,64.0,195.0,1,1,1.0
142,1,891.0,340.0,66.0,198.0,1,1,1.0
142,2,956.0,340.0,62.0,197.0,1,1,1.0
143,1,892.0,344.0,69.0,202.0,1,1,1.0
143,2,956.0,342.0,61.0,202.0,1,1,1.0
144,1,893.0,349.0,69.0,205.0,1,1,1.0
144,2,954.0,346.0,62.0,204.0,1,1,1.0
145,1,893.0,356.0,70.0,207.0,1,1,1.0
145,2,951.0,352.0,63.0,207.0,1,1,1.0
146,1,891.0,360.0,71.0,209.0,1,1,1.0
146,2,948.0,355.0,64.0,210.0,1,1,1.0
147,1,886.0,362.0,74.0,210.0,1,1,1.0
147,2,946.0,357.0,66.0,211.0,1,1,1.0
148,1,879.0,362.0,78.0,210.0,1,1,1.0
148,2,946.0,358.0,68.0,211.0,1,1,1.0
149,1,874.0,362.0,83.0,210.0,1,1,1.0
149,2,945.0,359.0,68.0,210.0,1,1,1.0
150,1,871.0,364.0,85.0,212.0,1,1,1.0
150,2,944.0,361.0,68.0,210.0,1,1,1.0
151,1,869.0,367.0,88.0,218.0,1,1,1.0
151,2,942.0,364.0,70.0,215.0,1,1,1.0
152,1,868.0,373.0,90.0,220.0,1,1,1.0
152,2,940.0,368.0,70.0,216.0,1,1,1.0
153,1,866.0,377.0,92.0,223.0,1,1,1.0
153,2,936.0,373.0,71.0,219.0,1,1,1.0
154,1,866.0,381.0,92.0,225.0,1,1,1.0
154,2,934.0,377.0,71.0,222.0,1,1,1.0
155,1,864.0,384.0,92.0,225.0,1,1,1.0
155,2,934.0,380.0,70.0,223.0,1,1,1.0
156,1,863.0,384.0,92.0,225.0,1,1,1.0
156,2,934.0,382.0,71.0,223.0,1,1,1.0
157,1,862.0,384.0,91.0,225.0,1,1,1.0
157,2,936.0,383.0,70.0,222.0,1,1,1.0
158,1,862.0,385.0,91.0,224.0,1,1,1.0
158,2,938.0,384.0,68.0,221.0,1,1,1.0
159,1,862.0,388.0,90.0,229.0,1,1,1.0
159,2,938.0,386.0,67.0,225.0,1,1,1.0
160,1,863.0,393.0,89.0,233.0,1,1,1.0
160,2,935.0,390.0,68.0,227.0,1,1,1.0
161,1,864.0,397.0,85.0,237.0,1,1,1.0
161,2,932.0,395.0,70.0,230.0,1,1,1.0
162,1,865.0,403.0,83.0,240.0,1,1,1.0
162,2,931.0,400.0,68.0,234.0,1,1,1.0
163,1,863.0,407.0,81.0,243.0,1,1,1.0
163,2,930.0,404.0,68.0,237.0,1,1,1.0
164,1,860.0,410.0,81.0,243.0,1,1,1.0
164,2,928.0,407.0,68.0,240.0,1,1,1.0
165,1,854.0,411.0,85.0,244.0,1,1,1.0
165,2,927.0,409.0,70.0,241.0,1,1,1.0
166,1,849.0,411.0,90.0,244.0,1,1,1.0
166,2,924.0,410.0,72.0,241.0,1,1,1.0
167,1,844.0,413.0,94.0,243.0,1,1,1.0
167,2,923.0,412.0,72.0,240.0,1,1,1.0
168,1,840.0,417.0,98.0,249.0,1,1,1.0
168,2,921.0,414.0,73.0,244.0,1,1,1.0
169,1,836.0,422.0,103.0,256.0,1,1,1.0
169,2,919.0,418.0,75.0,251.0,1,1,1.0
170,1,833.0,428.0,106.0,259.0,1,1,1.0
170,2,915.0,424.0,78.0,252.0,1,1,1.0
171,1,831.0,434.0,109.0,263.0,1,1,1.0
171,2,911.0,430.0,82.0,255.0,1,1,1.0
172,1,830.0,438.0,115.0,265.0,1,1,1.0
172,2,909.0,434.0,87.0,260.0,1,1,1.0
173,1,829.0,441.0,118.0,263.0,1,1,1.0
173,2,908.0,437.0,92.0,261.0,1,1,1.0
174,1,830.0,442.0,116.0,263.0,1,1,1.0
174,2,907.0,439.0,97.0,260.0,1,1,1.0
175,1,831.0,443.0,114.0,262.0,1,1,1.0
175,2,908.0,440.0,99.0,260.0,1,1,1.0
176,1,831.0,444.0,114.0,261.0,1,1,1.0
176,2,910.0,443.0,96.0,258.0,1,1,1.0
177,1,832.0,448.0,113.0,269.0,1,1,1.0
177,2,910.0,444.0,91.0,266.0,1,1,1.0
178,1,833.0,455.0,112.0,275.0,1,1,1.0
179,1,835.0,461.0,110.0,278.0,1,1,1.0
179,2,911.0,454.0,84.0,276.0,1,1,1.0
180,1,836.0,468.0,108.0,285.0,1,1,1.0
180,2,909.0,462.0,82.0,277.0,1,1,1.0
181,1,833.0,472.0,110.0,287.0,1,1,1.0
181,2,907.0,469.0,84.0,282.0,1,1,1.0
182,1,828.0,475.0,114.0,287.0,1,1,1.0
182,2,905.0,473.0,85.0,282.0,1,1,1.0
183,1,820.0,477.0,120.0,286.0,1,1,1.0
183,2,905.0,476.0,86.0,281.0,1,1,1.0
184,1,814.0,477.0,122.0,286.0,1,1,1.0
184,2,904.0,479.0,88.0,279.0,1,1,1.0
185,1,807.0,480.0,127.0,284.0,1,1,1.0
185,2,903.0,482.0,90.0,276.0,1,1,1.0
186,1,800.0,484.0,133.0,293.0,1,1,1.0
186,2,901.0,487.0,92.0,279.0,1,1,1.0
187,1,797.0,491.0,135.0,300.0,1,1,1.0
187,2,899.0,493.0,93.0,290.0,1,1,1.0
188,1,796.0,498.0,133.0,302.0,1,1,1.0
188,2,898.0,501.0,93.0,292.0,1,1,1.0
189,1,796.0,506.0,132.0,306.0,1,1,1.0
189,2,899.0,510.0,90.0,294.0,1,1,1.0
190,1,798.0,511.0,128.0,311.0,1,1,1.0
190,2,898.0,516.0,92.0,299.0,1,1,1.0
191,1,799.0,516.0,127.0,312.0,1,1,1.0
191,2,897.0,521.0,94.0,301.0,1,1,1.0
192,1,799.0,519.0,129.0,311.0,1,1,1.0
192,2,898.0,525.0,97.0,300.0,1,1,1.0
193,1,800.0,521.0,125.0,310.0,1,1,1.0
193,2,893.0,528.0,107.0,297.0,1,1,1.0
194,1,799.0,523.0,130.0,307.0,1,1,1.0
194,2,897.0,531.0,105.0,294.0,1,1,1.0
195,1,798.0,528.0,133.0,316.0,1,1,1.0
195,2,899.0,536.0,102.0,298.0,1,1,1.0
196,1,797.0,535.0,134.0,327.0,1,1,1.0
196,2,899.0,543.0,101.0,307.0,1,1,1.0
197,1,794.0,544.0,138.0,331.0,1,1,1.0
197,2,898.0,552.0,101.0,311.0,1,1,1.0
198,1,794.0,552.0,136.0,335.0,1,1,1.0
198,2,898.0,563.0,100.0,313.0,1,1,1.0
199,1,793.0,559.0,136.0,343.0,1,1,1.0
199,2,896.0,573.0,101.0,315.0,1,1,1.0
200,1,793.0,565.0,131.0,344.0,1,1,1.0
200,2,890.0,583.0,107.0,320.0,1,1,1.0
201,1,791.0,569.0,130.0,342.0,1,1,1.0
201,2,889.0,590.0,109.0,318.0,1,1,1.0
202,1,790.0,571.0,129.0,341.0,1,1,1.0
202,2,888.0,597.0,110.0,313.0,1,1,1.0
203,1,790.0,574.0,127.0,340.0,1,1,1.0
203,2,887.0,603.0,110.0,308.0,1,1,1.0
204,1,790.0,578.0,125.0,346.0,1,1,1.0
204,2,887.0,609.0,110.0,302.0,1,1,1.0
205,1,790.0,586.0,125.0,359.0,1,1,1.0
205,2,886.0,615.0,111.0,316.0,1,1,1.0
206,1,788.0,595.0,127.0,367.0,1,1,1.0
206,2,880.0,624.0,117.0,327.0,1,1,1.0
207,1,785.0,606.0,129.0,370.0,1,1,1.0
207,2,881.0,633.0,115.0,331.0,1,1,1.0
208,1,783.0,616.0,132.0,377.0,1,1,1.0
208,2,885.0,642.0,112.0,337.0,1,1,1.0
209,1,782.0,624.0,134.0,378.0,1,1,1.0
209,2,886.0,650.0,109.0,344.0,1,1,1.0
210,1,776.0,630.0,141.0,375.0,1,1,1.0
210,2,879.0,657.0,116.0,345.0,1,1,1.0
211,1,770.0,635.0,146.0,371.0,1,1,1.0
211,2,876.0,663.0,120.0,342.0,1,1,1.0
212,1,766.0,640.0,150.0,367.0,1,1,1.0
212,2,872.0,668.0,130.0,338.0,1,1,1.0
213,1,762.0,646.0,153.0,364.0,1,1,1.0
213,2,874.0,674.0,132.0,332.0,1,1,1.0
214,1,759.0,655.0,155.0,379.0,1,1,1.0
214,2,877.0,681.0,130.0,336.0,1,1,1.0
215,1,756.0,667.0,156.0,392.0,1,1,1.0
215,2,877.0,691.0,130.0,357.0,1,1,1.0
216,1,746.0,679.0,165.0,396.0,1,1,1.0
216,2,871.0,701.0,136.0,368.0,1,1,1.0
217,1,736.0,692.0,172.0,390.0,1,1,1.0
217,2,866.0,712.0,139.0,367.0,1,1,1.0
218,1,728.0,702.0,174.0,381.0,1,1,1.0
218,2,861.0,723.0,142.0,360.0,1,1,1.0
219,1,723.0,711.0,173.0,373.0,1,1,1.0
219,2,862.0,731.0,139.0,353.0,1,1,1.0
220,1,720.0,718.0,168.0,365.0,1,1,1.0
220,2,853.0,738.0,146.0,345.0,1,1,1.0
221,1,720.0,723.0,164.0,359.0,1,1,1.0
221,2,854.0,745.0,146.0,338.0,1,1,1.0
222,1,715.0,730.0,166.0,352.0,1,1,1.0
222,2,851.0,752.0,150.0,331.0,1,1,1.0
223,1,709.0,739.0,172.0,343.0,1,1,1.0
223,2,848.0,759.0,152.0,324.0,1,1,1.0
224,1,704.0,750.0,175.0,331.0,1,1,1.0
224,2,846.0,769.0,152.0,313.0,1,1,1.0
225,1,700.0,764.0,176.0,316.0,1,1,1.0
225,2,843.0,780.0,151.0,301.0,1,1,1.0
226,1,696.0,780.0,179.0,301.0,1,1,1.0
226,2,842.0,783.0,151.0,298.0,1,1,1.0
227,1,692.0,795.0,181.0,285.0,1,1,1.0
227,2,840.0,795.0,145.0,285.0,1,1,1.0
228,1,688.0,807.0,180.0,272.0,1,1,1.0
228,2,838.0,806.0,144.0,274.0,1,1,1.0
229,1,687.0,817.0,179.0,263.0,1,1,1.0
229,2,834.0,827.0,152.0,253.0,1,1,1.0
230,1,685.0,824.0,178.0,255.0,1,1,1.0
230,2,834.0,845.0,157.0,234.0,1,1,1.0
231,1,684.0,831.0,170.0,248.0,1,1,1.0
231,2,826.0,860.0,162.0,220.0,1,1,1.0
232,1,682.0,840.0,167.0,239.0,1,1,1.0
232,2,823.0,872.0,160.0,208.0,1,1,1.0
233,1,683.0,852.0,164.0,227.0,1,1,1.0
233,2,822.0,884.0,156.0,195.0,1,1,1.0
234,1,684.0,862.0,157.0,217.0,1,1,1.0
234,2,819.0,899.0,155.0,181.0,1,1,1.0
235,1,683.0,880.0,151.0,199.0,1,1,1.0
235,2,812.0,904.0,157.0,175.0,1,1,1.0
236,1,678.0,901.0,148.0,178.0,1,1,1.0
236,2,810.0,917.0,153.0,162.0,1,1,1.0
237,1,668.0,918.0,148.0,161.0,1,1,1.0
237,2,804.0,935.0,152.0,144.0,1,1,1.0
238,1,657.0,934.0,148.0,145.0,1,1,1.0
238,2,790.0,960.0,154.0,119.0,1,1,1.0
239,1,640.0,947.0,163.0,131.0,1,1,1.0
239,2,785.0,983.0,146.0,96.0,1,1,1.0
240,1,635.0,958.0,159.0,121.0,1,1,1.0
240,2,773.0,998.0,135.0,81.0,1,1,1.0
364,3,0.0,542.0,47.0,246.0,1,1,1.0
365,3,0.0,538.0,47.0,241.0,1,1,1.0
366,3,0.0,528.0,44.0,240.0,1,1,1.0
367,3,0.0,519.0,47.0,238.0,1,1,1.0
368,3,0.0,515.0,53.0,238.0,1,1,1.0
369,3,0.0,512.0,61.0,239.0,1,1,1.0
370,3,0.0,511.0,72.0,241.0,1,1,1.0
371,3,0.0,510.0,80.0,241.0,1,1,1.0
372,3,0.0,507.0,84.0,241.0,1,1,1.0
373,3,0.0,505.0,87.0,241.0,1,1,1.0
374,3,0.0,502.0,88.0,237.0,1,1,1.0
375,3,1.0,495.0,87.0,227.0,1,1,1.0
376,3,8.0,491.0,80.0,226.0,1,1,1.0
377,3,13.0,487.0,77.0,226.0,1,1,1.0
377,4,0.0,496.0,41.0,218.0,1,1,1.0
378,3,20.0,483.0,74.0,228.0,1,1,1.0
378,4,0.0,493.0,43.0,219.0,1,1,1.0
379,3,23.0,482.0,82.0,229.0,1,1,1.0
379,4,0.0,491.0,56.0,221.0,1,1,1.0
380,3,30.0,481.0,80.0,230.0,1,1,1.0
380,4,1.0,489.0,60.0,223.0,1,1,1.0
381,3,37.0,480.0,82.0,231.0,1,1,1.0
381,4,2.0,487.0,66.0,222.0,1,1,1.0
382,3,46.0,478.0,83.0,231.0,1,1,1.0
382,4,8.0,485.0,78.0,223.0,1,1,1.0
383,3,47.0,476.0,87.0,231.0,1,1,1.0
383,4,14.0,480.0,70.0,224.0,1,1,1.0
384,3,55.0,472.0,82.0,229.0,1,1,1.0
384,4,18.0,476.0,68.0,223.0,1,1,1.0
385,3,59.0,468.0,81.0,224.0,1,1,1.0
385,4,27.0,471.0,67.0,218.0,1,1,1.0
386,3,63.0,463.0,77.0,224.0,1,1,1.0
386,4,37.0,467.0,61.0,209.0,1,1,1.0
387,3,68.0,458.0,75.0,219.0,1,1,1.0
387,4,45.0,463.0,58.0,207.0,1,1,1.0
388,3,76.0,457.0,77.0,217.0,1,1,1.0
389,3,81.0,455.0,89.0,214.0,1,1,1.0
389,4,62.0,461.0,66.0,209.0,1,1,1.0
390,3,90.0,454.0,96.0,216.0,1,1,1.0
390,4,66.0,458.0,86.0,210.0,1,1,1.0
391,3,101.0,454.0,99.0,217.0,1,1,1.0
391,4,72.0,458.0,93.0,207.0,1,1,1.0
392,3,107.0,451.0,101.0,216.0,1,1,1.0
393,3,113.0,447.0,96.0,216.0,1,1,1.0
394,3,122.0,444.0,90.0,209.0,1,1,1.0
395,3,128.0,438.0,83.0,209.0,1,1,1.0
396,3,135.0,434.0,75.0,212.0,1,1,1.0
397,3,146.0,432.0,71.0,215.0,1,1,1.0
398,3,151.0,430.0,76.0,216.0,1,1,1.0
399,3,157.0,429.0,87.0,217.0,1,1,1.0
400,3,165.0,430.0,95.0,216.0,1,1,1.0
401,3,174.0,430.0,98.0,215.0,1,1,1.0
402,3,181.0,427.0,96.0,215.0,1,1,1.0
402,4,154.0,426.0,89.0,204.0,1,1,1.0
404,3,205.0,419.0,74.0,205.0,1,1,1.0
404,4,179.0,420.0,64.0,203.0,1,1,1.0
405,3,212.0,415.0,73.0,206.0,1,1,1.0
406,3,220.0,412.0,71.0,206.0,1,1,1.0
406,4,203.0,413.0,45.0,193.0,1,1,1.0
407,3,228.0,410.0,75.0,207.0,1,1,1.0
409,3,242.0,410.0,101.0,205.0,1,1,1.0
415,3,290.0,395.0,76.0,205.0,1,1,1.0
417,3,311.0,391.0,80.0,208.0,1,1,1.0
418,3,321.0,392.0,88.0,207.0,1,1,1.0
419,3,326.0,391.0,96.0,206.0,1,1,1.0
420,3,323.0,390.0,111.0,206.0,1,1,1.0
422,3,338.0,387.0,104.0,207.0,1,1,1.0
423,3,352.0,382.0,88.0,201.0,1,1,1.0
424,3,362.0,378.0,79.0,199.0,1,1,1.0
427,3,394.0,374.0,87.0,198.0,1,1,1.0
428,3,400.0,374.0,101.0,198.0,1,1,1.0
429,3,401.0,375.0,113.0,197.0,1,1,1.0
430,3,408.0,374.0,116.0,195.0,1,1,1.0
431,3,408.0,372.0,121.0,193.0,1,1,1.0
432,3,419.0,369.0,112.0,191.0,1,1,1.0
434,3,448.0,363.0,84.0,192.0,1,1,1.0
435,3,469.0,361.0,63.0,193.0,1,1,1.0
436,3,479.0,360.0,63.0,194.0,1,1,1.0
437,3,486.0,359.0,74.0,194.0,1,1,1.0
438,3,494.0,359.0,82.0,194.0,1,1,1.0
439,3,499.0,358.0,91.0,193.0,1,1,1.0
440,3,502.0,357.0,97.0,194.0,1,1,1.0
440,5,479.0,357.0,87.0,174.0,1,1,1.0
442,3,528.0,351.0,75.0,185.0,1,1,1.0
442,5,504.0,352.0,66.0,178.0,1,1,1.0
443,3,535.0,347.0,66.0,186.0,1,1,1.0
443,5,521.0,349.0,45.0,176.0,1,1,1.0
444,3,549.0,345.0,59.0,187.0,1,1,1.0
444,5,531.0,347.0,41.0,176.0,1,1,1.0
445,3,555.0,343.0,66.0,186.0,1,1,1.0
446,3,562.0,343.0,78.0,186.0,1,1,1.0
447,3,570.0,344.0,88.0,185.0,1,1,1.0
448,3,574.0,344.0,99.0,185.0,1,1,1.0
449,3,573.0,344.0,108.0,184.0,1,1,1.0
451,3,593.0,339.0,93.0,180.0,1,1,1.0
452,3,608.0,336.0,78.0,179.0,1,1,1.0
452,5,584.0,339.0,60.0,168.0,1,1,1.0
453,3,623.0,334.0,62.0,180.0,1,1,1.0
453,5,596.0,337.0,54.0,170.0,1,1,1.0
454,3,629.0,332.0,61.0,181.0,1,1,1.0
454,5,610.0,335.0,47.0,171.0,1,1,1.0
456,3,644.0,331.0,72.0,182.0,1,1,1.0
457,3,649.0,332.0,79.0,182.0,1,1,1.0
457,5,625.0,334.0,73.0,168.0,1,1,1.0
458,3,653.0,332.0,86.0,182.0,1,1,1.0
459,3,657.0,331.0,90.0,182.0,1,1,1.0
460,3,663.0,330.0,91.0,182.0,1,1,1.0
460,5,641.0,331.0,76.0,167.0,1,1,1.0
462,3,688.0,325.0,67.0,176.0,1,1,1.0
463,3,700.0,321.0,57.0,176.0,1,1,1.0
463,5,683.0,324.0,47.0,166.0,1,1,1.0
464,3,704.0,320.0,56.0,176.0,1,1,1.0
466,3,716.0,321.0,79.0,174.0,1,1,1.0
466,5,695.0,322.0,75.0,165.0,1,1,1.0
467,3,718.0,319.0,91.0,173.0,1,1,1.0
467,5,696.0,320.0,84.0,165.0,1,1,1.0
468,3,721.0,319.0,97.0,173.0,1,1,1.0
468,5,699.0,319.0,90.0,163.0,1,1,1.0
469,3,726.0,320.0,98.0,171.0,1,1,1.0
469,5,702.0,319.0,93.0,164.0,1,1,1.0
470,5,710.0,316.0,86.0,164.0,1,1,1.0
471,3,754.0,317.0,73.0,169.0,1,1,1.0
471,5,724.0,316.0,75.0,164.0,1,1,1.0
472,3,767.0,314.0,60.0,170.0,1,1,1.0
472,5,741.0,313.0,58.0,162.0,1,1,1.0
474,3,781.0,310.0,58.0,173.0,1,1,1.0
478,3,798.0,311.0,91.0,171.0,1,1,1.0
480,3,812.0,307.0,80.0,171.0,1,1,1.0
480,5,794.0,306.0,57.0,161.0,1,1,1.0
481,3,826.0,305.0,67.0,168.0,1,1,1.0
481,5,805.0,305.0,53.0,162.0,1,1,1.0
482,3,838.0,303.0,59.0,168.0,1,1,1.0
482,5,821.0,301.0,44.0,163.0,1,1,1.0
483,3,845.0,301.0,56.0,169.0,1,1,1.0
484,3,852.0,301.0,58.0,169.0,1,1,1.0
485,3,856.0,301.0,70.0,168.0,1,1,1.0
485,5,837.0,303.0,69.0,158.0,1,1,1.0
486,3,859.0,301.0,82.0,167.0,1,1,1.0
486,5,841.0,302.0,80.0,157.0,1,1,1.0
487,3,858.0,302.0,92.0,166.0,1,1,1.0
487,5,839.0,304.0,87.0,155.0,1,1,1.0
488,3,861.0,300.0,96.0,168.0,1,1,1.0
488,5,841.0,305.0,91.0,153.0,1,1,1.0
490,3,888.0,297.0,74.0,167.0,1,1,1.0
490,5,861.0,302.0,80.0,153.0,1,1,1.0
491,3,900.0,294.0,61.0,169.0,1,1,1.0
491,5,872.0,298.0,64.0,155.0,1,1,1.0
492,3,908.0,289.0,57.0,172.0,1,1,1.0
492,5,888.0,294.0,50.0,157.0,1,1,1.0
493,3,920.0,290.0,59.0,172.0,1,1,1.0
493,5,901.0,296.0,45.0,157.0,1,1,1.0
494,3,926.0,291.0,62.0,169.0,1,1,1.0
494,5,903.0,296.0,46.0,156.0,1,1,1.0
495,3,931.0,287.0,67.0,169.0,1,1,1.0
496,3,938.0,295.0,74.0,166.0,1,1,1.0
496,5,911.0,299.0,66.0,153.0,1,1,1.0
497,3,937.0,294.0,81.0,165.0,1,1,1.0
499,3,957.0,293.0,79.0,160.0,1,1,1.0
500,3,961.0,288.0,74.0,159.0,1,1,1.0
500,5,932.0,293.0,56.0,152.0,1,1,1.0
501,3,970.0,290.0,71.0,161.0,1,1,1.0
501,5,946.0,294.0,49.0,149.0,1,1,1.0
502,3,977.0,286.0,67.0,166.0,1,1,1.0
503,3,975.0,284.0,63.0,162.0,1,1,1.0
503,5,959.0,290.0,34.0,145.0,1,1,1.0
504,3,985.0,284.0,64.0,163.0,1,1,1.0
504,5,967.0,289.0,49.0,147.0,1,1,1.0
505,3,988.0,288.0,72.0,161.0,1,1,1.0
506,3,987.0,288.0,81.0,159.0,1,1,1.0
506,5,968.0,292.0,69.0,146.0,1,1,1.0
507,3,990.0,288.0,82.0,158.0,1,1,1.0
507,5,970.0,291.0,72.0,145.0,1,1,1.0
508,3,1000.0,288.0,78.0,157.0,1,1,1.0
508,5,975.0,290.0,75.0,147.0,1,1,1.0
509,3,1009.0,286.0,70.0,156.0,1,1,1.0
509,5,979.0,288.0,69.0,148.0,1,1,1.0
510,3,1019.0,284.0,69.0,156.0,1,1,1.0
510,5,987.0,285.0,60.0,148.0,1,1,1.0
511,3,1029.0,284.0,70.0,157.0,1,1,1.0
511,5,1001.0,282.0,50.0,150.0,1,1,1.0
512,3,1032.0,282.0,72.0,157.0,1,1,1.0
512,5,1010.0,279.0,41.0,150.0,1,1,1.0
513,3,1038.0,279.0,74.0,159.0,1,1,1.0
514,3,1043.0,283.0,73.0,158.0,1,1,1.0
514,5,1020.0,284.0,45.0,146.0,1,1,1.0
515,3,1045.0,283.0,76.0,156.0,1,1,1.0
515,5,1020.0,283.0,51.0,146.0,1,1,1.0
516,3,1051.0,284.0,76.0,155.0,1,1,1.0
517,3,1059.0,284.0,71.0,155.0,1,1,1.0
517,5,1029.0,284.0,57.0,144.0,1,1,1.0
518,3,1067.0,281.0,60.0,150.0,1,1,1.0
518,5,1032.0,283.0,57.0,147.0,1,1,1.0
519,3,1070.0,278.0,56.0,150.0,1,1,1.0
519,5,1039.0,280.0,52.0,147.0,1,1,1.0
520,3,1079.0,282.0,52.0,147.0,1,1,1.0
520,5,1051.0,282.0,46.0,144.0,1,1,1.0
521,3,1081.0,278.0,49.0,150.0,1,1,1.0
521,5,1059.0,279.0,40.0,143.0,1,1,1.0
522,3,1085.0,277.0,50.0,150.0,1,1,1.0
522,5,1066.0,278.0,39.0,142.0,1,1,1.0
523,3,1091.0,277.0,56.0,151.0,1,1,1.0
523,5,1071.0,279.0,42.0,143.0,1,1,1.0
524,3,1091.0,276.0,67.0,150.0,1,1,1.0
524,5,1070.0,278.0,54.0,142.0,1,1,1.0
525,3,1093.0,279.0,75.0,148.0,1,1,1.0
525,5,1072.0,281.0,64.0,139.0,1,1,1.0
526,3,1096.0,283.0,78.0,144.0,1,1,1.0
526,5,1074.0,282.0,68.0,137.0,1,1,1.0
527,3,1098.0,279.0,75.0,144.0,1,1,1.0
527,5,1072.0,279.0,68.0,138.0,1,1,1.0
528,3,1109.0,280.0,66.0,143.0,1,1,1.0
528,5,1079.0,279.0,64.0,139.0,1,1,1.0
529,3,1119.0,278.0,60.0,145.0,1,1,1.0
529,5,1087.0,277.0,58.0,140.0,1,1,1.0
530,3,1129.0,276.0,53.0,146.0,1,1,1.0
530,5,1098.0,274.0,49.0,140.0,1,1,1.0
531,3,1136.0,274.0,55.0,147.0,1,1,1.0
531,5,1108.0,273.0,44.0,140.0,1,1,1.0
532,3,1141.0,277.0,60.0,145.0,1,1,1.0
532,5,1112.0,272.0,45.0,141.0,1,1,1.0
533,3,1147.0,281.0,58.0,140.0,1,1,1.0
533,5,1113.0,272.0,48.0,141.0,1,1,1.0
534,3,1148.0,280.0,65.0,140.0,1,1,1.0
534,5,1114.0,273.0,51.0,140.0,1,1,1.0
535,3,1154.0,282.0,66.0,139.0,1,1,1.0
535,5,1118.0,274.0,54.0,139.0,1,1,1.0
536,3,1157.0,281.0,59.0,139.0,1,1,1.0
536,5,1121.0,274.0,53.0,140.0,1,1,1.0
537,3,1163.0,280.0,56.0,136.0,1,1,1.0
537,5,1126.0,276.0,51.0,142.0,1,1,1.0
538,3,1169.0,270.0,54.0,144.0,1,1,1.0
540,3,1182.0,271.0,47.0,142.0,1,1,1.0
540,5,1152.0,273.0,40.0,136.0,1,1,1.0
541,3,1186.0,269.0,45.0,142.0,1,1,1.0
541,5,1159.0,266.0,36.0,140.0,1,1,1.0
542,3,1184.0,270.0,49.0,141.0,1,1,1.0
542,5,1159.0,265.0,40.0,141.0,1,1,1.0
543,3,1189.0,272.0,55.0,139.0,1,1,1.0
543,5,1163.0,261.0,51.0,145.0,1,1,1.0
544,3,1190.0,273.0,62.0,138.0,1,1,1.0
545,3,1191.0,273.0,66.0,136.0,1,1,1.0
545,5,1164.0,264.0,61.0,140.0,1,1,1.0
546,3,1195.0,273.0,67.0,137.0,1,1,1.0
546,5,1167.0,266.0,63.0,138.0,1,1,1.0
547,3,1199.0,271.0,63.0,136.0,1,1,1.0
547,5,1170.0,269.0,59.0,134.0,1,1,1.0
548,3,1206.0,269.0,58.0,136.0,1,1,1.0
548,5,1176.0,269.0,53.0,131.0,1,1,1.0
549,3,1218.0,274.0,52.0,132.0,1,1,1.0
549,5,1188.0,270.0,45.0,129.0,1,1,1.0
550,3,1225.0,274.0,53.0,131.0,1,1,1.0
550,5,1198.0,268.0,41.0,128.0,1,1,1.0
551,3,1228.0,270.0,55.0,135.0,1,1,1.0
551,5,1200.0,267.0,43.0,131.0,1,1,1.0
552,3,1232.0,269.0,58.0,137.0,1,1,1.0
552,5,1204.0,268.0,42.0,131.0,1,1,1.0
553,3,1235.0,269.0,60.0,136.0,1,1,1.0
553,5,1207.0,270.0,44.0,127.0,1,1,1.0
554,3,1237.0,269.0,62.0,136.0,1,1,1.0
554,5,1210.0,269.0,46.0,127.0,1,1,1.0
555,3,1243.0,270.0,62.0,134.0,1,1,1.0
555,5,1213.0,269.0,48.0,128.0,1,1,1.0
556,3,1247.0,270.0,60.0,134.0,1,1,1.0
556,5,1215.0,269.0,48.0,129.0,1,1,1.0
557,3,1254.0,267.0,54.0,132.0,1,1,1.0
557,5,1222.0,268.0,44.0,128.0,1,1,1.0
558,3,1259.0,267.0,50.0,132.0,1,1,1.0
558,5,1230.0,268.0,40.0,128.0,1,1,1.0
559,3,1265.0,267.0,43.0,130.0,1,1,1.0
559,5,1236.0,267.0,36.0,125.0,1,1,1.0
560,3,1268.0,267.0,42.0,130.0,1,1,1.0
560,5,1242.0,266.0,34.0,126.0,1,1,1.0
