44,1,1867.0,348.0,42.0,115.0,1,1,1.0
45,1,1866.0,348.0,39.0,112.0,1,1,1.0
47,1,1864.0,349.0,30.0,110.0,1,1,1.0
48,1,1860.0,336.0,30.0,110.0,1,1,1.0
51,1,1841.0,331.0,42.0,121.0,1,1,1.0
53,1,1841.0,333.0,38.0,121.0,1,1,1.0
54,1,1838.0,338.0,39.0,116.0,1,1,1.0
55,1,1835.0,339.0,42.0,115.0,1,1,1.0
58,1,1817.0,329.0,54.0,124.0,1,1,1.0
60,1,1807.0,336.0,50.0,115.0,1,1,1.0
61,1,1806.0,338.0,45.0,114.0,1,1,1.0
65,1,1787.0,335.0,34.0,114.0,1,1,1.0
71,1,1758.0,328.0,32.0,116.0,1,1,1.0
72,2,1780.0,333.0,31.0,118.0,1,1,1.0
73,1,1740.0,327.0,41.0,124.0,1,1,1.0
73,2,1778.0,333.0,30.0,117.0,1,1,1.0
74,1,1731.0,326.0,46.0,128.0,1,1,1.0
74,2,1773.0,333.0,31.0,117.0,1,1,1.0
75,1,1726.0,327.0,49.0,124.0,1,1,1.0
75,2,1764.0,334.0,36.0,119.0,1,1,1.0
76,1,1721.0,327.0,51.0,122.0,1,1,1.0
76,2,1760.0,333.0,36.0,121.0,1,1,1.0
77,1,1716.0,326.0,49.0,122.0,1,1,1.0
77,2,1757.0,332.0,34.0,123.0,1,1,1.0
78,1,1712.0,324.0,48.0,123.0,1,1,1.0
78,2,1754.0,331.0,33.0,125.0,1,1,1.0
79,1,1710.0,322.0,46.0,125.0,1,1,1.0
79,2,1745.0,332.0,38.0,124.0,1,1,1.0
80,1,1707.0,322.0,45.0,127.0,1,1,1.0
80,2,1733.0,332.0,46.0,124.0,1,1,1.0
81,1,1696.0,322.0,49.0,128.0,1,1,1.0
81,2,1724.0,333.0,52.0,124.0,1,1,1.0
82,1,1686.0,322.0,53.0,130.0,1,1,1.0
82,2,1719.0,333.0,55.0,124.0,1,1,1.0
83,1,1679.0,323.0,55.0,128.0,1,1,1.0
83,2,1716.0,333.0,55.0,124.0,1,1,1.0
84,1,1676.0,323.0,54.0,126.0,1,1,1.0
84,2,1715.0,332.0,51.0,124.0,1,1,1.0
85,1,1675.0,322.0,50.0,125.0,1,1,1.0
85,2,1714.0,331.0,44.0,125.0,1,1,1.0
86,1,1674.0,320.0,44.0,126.0,1,1,1.0
86,2,1714.0,330.0,38.0,126.0,1,1,1.0
87,1,1672.0,319.0,42.0,129.0,1,1,1.0
87,2,1712.0,330.0,35.0,127.0,1,1,1.0
88,1,1662.0,318.0,47.0,130.0,1,1,1.0
88,2,1702.0,330.0,40.0,128.0,1,1,1.0
89,1,1655.0,319.0,50.0,131.0,1,1,1.0
89,2,1691.0,330.0,47.0,127.0,1,1,1.0
90,1,1648.0,321.0,53.0,132.0,1,1,1.0
90,2,1684.0,331.0,51.0,126.0,1,1,1.0
91,1,1640.0,322.0,56.0,134.0,1,1,1.0
91,2,1682.0,332.0,50.0,125.0,1,1,1.0
92,1,1634.0,323.0,60.0,135.0,1,1,1.0
92,2,1677.0,332.0,50.0,126.0,1,1,1.0
93,1,1630.0,323.0,57.0,133.0,1,1,1.0
93,2,1675.0,331.0,46.0,127.0,1,1,1.0
94,1,1628.0,321.0,55.0,132.0,1,1,1.0
94,2,1675.0,330.0,42.0,129.0,1,1,1.0
95,1,1626.0,320.0,54.0,133.0,1,1,1.0
95,2,1674.0,329.0,38.0,130.0,1,1,1.0
96,1,1624.0,319.0,52.0,134.0,1,1,1.0
96,2,1664.0,328.0,43.0,130.0,1,1,1.0
97,1,1615.0,319.0,57.0,136.0,1,1,1.0
97,2,1650.0,329.0,52.0,130.0,1,1,1.0
98,1,1604.0,319.0,63.0,135.0,1,1,1.0
98,2,1642.0,330.0,57.0,130.0,1,1,1.0
99,1,1599.0,321.0,63.0,135.0,1,1,1.0
99,2,1636.0,330.0,58.0,130.0,1,1,1.0
100,1,1596.0,321.0,62.0,136.0,1,1,1.0
100,2,1634.0,331.0,58.0,130.0,1,1,1.0
101,1,1594.0,321.0,59.0,137.0,1,1,1.0
101,2,1632.0,331.0,56.0,130.0,1,1,1.0
102,1,1594.0,321.0,54.0,135.0,1,1,1.0
102,2,1631.0,330.0,51.0,132.0,1,1,1.0
103,1,1593.0,320.0,48.0,135.0,1,1,1.0
103,2,1631.0,329.0,45.0,133.0,1,1,1.0
104,1,1587.0,320.0,51.0,135.0,1,1,1.0
104,2,1630.0,328.0,44.0,135.0,1,1,1.0
105,1,1583.0,319.0,51.0,137.0,1,1,1.0
105,2,1627.0,329.0,45.0,136.0,1,1,1.0
106,1,1575.0,320.0,55.0,138.0,1,1,1.0
106,2,1620.0,329.0,51.0,137.0,1,1,1.0
107,1,1571.0,321.0,57.0,138.0,1,1,1.0
107,2,1612.0,330.0,58.0,136.0,1,1,1.0
108,1,1569.0,322.0,56.0,139.0,1,1,1.0
108,2,1606.0,331.0,63.0,136.0,1,1,1.0
109,1,1566.0,322.0,55.0,139.0,1,1,1.0
109,2,1601.0,332.0,62.0,137.0,1,1,1.0
110,1,1564.0,323.0,52.0,139.0,1,1,1.0
110,2,1599.0,332.0,60.0,137.0,1,1,1.0
111,1,1562.0,323.0,49.0,139.0,1,1,1.0
111,2,1598.0,332.0,53.0,138.0,1,1,1.0
112,1,1558.0,322.0,46.0,139.0,1,1,1.0
112,2,1597.0,331.0,47.0,139.0,1,1,1.0
113,1,1555.0,322.0,45.0,140.0,1,1,1.0
114,1,1554.0,321.0,45.0,141.0,1,1,1.0
114,2,1585.0,331.0,47.0,139.0,1,1,1.0
115,1,1550.0,321.0,47.0,141.0,1,1,1.0
115,2,1574.0,332.0,52.0,138.0,1,1,1.0
116,1,1540.0,322.0,53.0,142.0,1,1,1.0
116,2,1562.0,333.0,59.0,137.0,1,1,1.0
117,1,1530.0,322.0,59.0,141.0,1,1,1.0
117,2,1555.0,333.0,63.0,137.0,1,1,1.0
118,1,1523.0,324.0,61.0,140.0,1,1,1.0
118,2,1551.0,334.0,65.0,137.0,1,1,1.0
119,1,1520.0,325.0,62.0,139.0,1,1,1.0
119,2,1549.0,334.0,64.0,138.0,1,1,1.0
120,1,1517.0,324.0,57.0,142.0,1,1,1.0
120,2,1548.0,334.0,60.0,138.0,1,1,1.0
121,1,1516.0,324.0,55.0,141.0,1,1,1.0
121,2,1548.0,333.0,52.0,139.0,1,1,1.0
122,1,1516.0,322.0,48.0,143.0,1,1,1.0
122,2,1548.0,333.0,45.0,140.0,1,1,1.0
123,1,1516.0,322.0,44.0,143.0,1,1,1.0
123,2,1545.0,333.0,43.0,142.0,1,1,1.0
124,1,1512.0,322.0,43.0,145.0,1,1,1.0
124,2,1539.0,333.0,46.0,143.0,1,1,1.0
125,1,1504.0,322.0,45.0,147.0,1,1,1.0
125,2,1529.0,333.0,55.0,144.0,1,1,1.0
126,1,1495.0,323.0,50.0,147.0,1,1,1.0
126,2,1521.0,334.0,61.0,143.0,1,1,1.0
127,1,1488.0,325.0,53.0,147.0,1,1,1.0
127,2,1514.0,336.0,66.0,142.0,1,1,1.0
128,1,1483.0,327.0,53.0,147.0,1,1,1.0
128,2,1509.0,338.0,66.0,143.0,1,1,1.0
129,1,1480.0,327.0,51.0,147.0,1,1,1.0
129,2,1507.0,338.0,61.0,143.0,1,1,1.0
130,1,1478.0,327.0,49.0,147.0,1,1,1.0
130,2,1506.0,338.0,53.0,143.0,1,1,1.0
131,1,1479.0,326.0,42.0,148.0,1,1,1.0
131,2,1505.0,337.0,47.0,144.0,1,1,1.0
132,1,1478.0,324.0,37.0,150.0,1,1,1.0
132,2,1503.0,337.0,42.0,145.0,1,1,1.0
133,1,1473.0,324.0,37.0,145.0,1,1,1.0
133,2,1493.0,336.0,47.0,145.0,1,1,1.0
134,1,1466.0,324.0,40.0,147.0,1,1,1.0
134,2,1484.0,337.0,50.0,145.0,1,1,1.0
135,1,1454.0,326.0,50.0,146.0,1,1,1.0
135,2,1471.0,338.0,59.0,144.0,1,1,1.0
136,1,1441.0,327.0,61.0,147.0,1,1,1.0
137,1,1431.0,328.0,69.0,148.0,1,1,1.0
137,2,1459.0,340.0,67.0,146.0,1,1,1.0
138,1,1426.0,329.0,69.0,149.0,1,1,1.0
139,1,1423.0,329.0,62.0,151.0,1,1,1.0
139,2,1455.0,339.0,63.0,147.0,1,1,1.0
140,1,1422.0,328.0,54.0,150.0,1,1,1.0
140,2,1454.0,338.0,55.0,149.0,1,1,1.0
141,1,1422.0,326.0,48.0,151.0,1,1,1.0
141,2,1451.0,338.0,48.0,149.0,1,1,1.0
142,1,1421.0,325.0,40.0,151.0,1,1,1.0
142,2,1444.0,338.0,48.0,151.0,1,1,1.0
143,1,1418.0,325.0,37.0,154.0,1,1,1.0
143,2,1437.0,339.0,49.0,152.0,1,1,1.0
144,1,1409.0,325.0,40.0,155.0,1,1,1.0
144,2,1428.0,340.0,55.0,152.0,1,1,1.0
145,1,1399.0,326.0,45.0,155.0,1,1,1.0
145,2,1418.0,341.0,65.0,151.0,1,1,1.0
146,2,1408.0,342.0,71.0,150.0,1,1,1.0
147,2,1401.0,343.0,74.0,150.0,1,1,1.0
148,1,1377.0,329.0,63.0,153.0,1,1,1.0
148,2,1398.0,343.0,70.0,151.0,1,1,1.0
149,1,1372.0,330.0,53.0,154.0,1,1,1.0
149,2,1397.0,342.0,63.0,152.0,1,1,1.0
150,2,1393.0,341.0,53.0,152.0,1,1,1.0
151,1,1361.0,327.0,46.0,156.0,1,1,1.0
151,2,1388.0,340.0,50.0,153.0,1,1,1.0
152,1,1359.0,326.0,41.0,158.0,1,1,1.0
152,2,1380.0,341.0,50.0,153.0,1,1,1.0
153,1,1352.0,327.0,43.0,156.0,1,1,1.0
153,2,1364.0,341.0,60.0,153.0,1,1,1.0
154,1,1336.0,328.0,60.0,157.0,1,1,1.0
154,2,1344.0,342.0,78.0,152.0,1,1,1.0
155,1,1321.0,329.0,76.0,156.0,1,1,1.0
155,2,1336.0,343.0,84.0,151.0,1,1,1.0
156,2,1328.0,343.0,90.0,151.0,1,1,1.0
157,1,1305.0,331.0,85.0,154.0,1,1,1.0
157,2,1324.0,343.0,90.0,152.0,1,1,1.0
158,1,1302.0,330.0,63.0,157.0,1,1,1.0
158,2,1323.0,342.0,81.0,153.0,1,1,1.0
159,1,1302.0,329.0,51.0,156.0,1,1,1.0
159,2,1323.0,341.0,66.0,154.0,1,1,1.0
160,2,1322.0,341.0,51.0,155.0,1,1,1.0
161,1,1296.0,325.0,40.0,159.0,1,1,1.0
161,2,1318.0,340.0,44.0,157.0,1,1,1.0
162,1,1291.0,325.0,39.0,163.0,1,1,1.0
162,2,1306.0,340.0,48.0,158.0,1,1,1.0
163,1,1274.0,327.0,53.0,159.0,1,1,1.0
163,2,1286.0,341.0,64.0,157.0,1,1,1.0
164,1,1260.0,329.0,67.0,158.0,1,1,1.0
164,2,1273.0,342.0,76.0,155.0,1,1,1.0
165,1,1247.0,330.0,79.0,157.0,1,1,1.0
165,2,1263.0,343.0,85.0,155.0,1,1,1.0
166,2,1257.0,342.0,88.0,156.0,1,1,1.0
167,2,1254.0,342.0,81.0,158.0,1,1,1.0
168,1,1233.0,329.0,56.0,160.0,1,1,1.0
168,2,1254.0,341.0,68.0,158.0,1,1,1.0
169,1,1235.0,328.0,41.0,161.0,1,1,1.0
169,2,1254.0,340.0,52.0,160.0,1,1,1.0
170,1,1231.0,326.0,40.0,163.0,1,1,1.0
170,2,1253.0,339.0,43.0,161.0,1,1,1.0
171,1,1222.0,326.0,42.0,163.0,1,1,1.0
174,3,1173.0,330.0,92.0,159.0,1,1,1.0
176,3,1165.0,330.0,89.0,158.0,1,1,1.0
177,1,1164.0,329.0,49.0,160.0,1,1,1.0
177,2,1179.0,338.0,78.0,161.0,1,1,1.0
178,1,1160.0,328.0,44.0,161.0,1,1,1.0
178,2,1174.0,336.0,71.0,163.0,1,1,1.0
179,1,1159.0,326.0,37.0,161.0,1,1,1.0
179,2,1173.0,335.0,56.0,164.0,1,1,1.0
180,1,1154.0,325.0,34.0,165.0,1,1,1.0
180,2,1168.0,335.0,47.0,165.0,1,1,1.0
181,1,1144.0,326.0,45.0,166.0,1,1,1.0
181,2,1154.0,334.0,53.0,167.0,1,1,1.0
182,1,1130.0,328.0,59.0,162.0,1,1,1.0
182,3,1129.0,335.0,78.0,164.0,1,1,1.0
183,3,1112.0,334.0,92.0,166.0,1,1,1.0
184,1,1102.0,330.0,83.0,161.0,1,1,1.0
184,3,1106.0,338.0,96.0,162.0,1,1,1.0
185,3,1102.0,339.0,95.0,162.0,1,1,1.0
186,3,1101.0,338.0,86.0,164.0,1,1,1.0
187,2,1103.0,337.0,64.0,165.0,1,1,1.0
188,2,1100.0,336.0,53.0,165.0,1,1,1.0
190,2,1078.0,333.0,54.0,169.0,1,1,1.0
191,1,1052.0,329.0,67.0,165.0,1,1,1.0
192,3,1037.0,338.0,96.0,164.0,1,1,1.0
193,3,1024.0,336.0,104.0,167.0,1,1,1.0
194,1,1015.0,333.0,91.0,159.0,1,1,1.0
194,3,1020.0,338.0,104.0,165.0,1,1,1.0
195,3,1019.0,339.0,95.0,164.0,1,1,1.0
196,3,1019.0,339.0,80.0,163.0,1,1,1.0
198,2,1009.0,331.0,50.0,171.0,1,1,1.0
199,2,998.0,331.0,53.0,173.0,1,1,1.0
200,2,985.0,330.0,62.0,173.0,1,1,1.0
202,1,946.0,334.0,102.0,169.0,1,1,1.0
203,1,940.0,336.0,105.0,169.0,1,1,1.0
204,1,941.0,340.0,96.0,166.0,1,1,1.0
208,2,928.0,338.0,44.0,167.0,1,1,1.0
209,2,914.0,340.0,57.0,166.0,1,1,1.0
210,1,889.0,342.0,84.0,165.0,1,1,1.0
213,1,864.0,345.0,95.0,164.0,1,1,1.0
213,2,853.0,342.0,87.0,159.0,1,1,1.0
214,2,854.0,344.0,80.0,162.0,1,1,1.0
215,2,854.0,344.0,70.0,163.0,1,1,1.0
216,2,853.0,343.0,56.0,166.0,1,1,1.0
217,2,845.0,343.0,49.0,168.0,1,1,1.0
218,2,833.0,345.0,55.0,169.0,1,1,1.0
219,1,806.0,345.0,84.0,168.0,1,1,1.0
219,2,804.0,343.0,72.0,166.0,1,1,1.0
220,1,785.0,345.0,90.0,165.0,1,1,1.0
220,2,796.0,347.0,84.0,165.0,1,1,1.0
221,1,782.0,349.0,96.0,165.0,1,1,1.0
222,1,779.0,351.0,96.0,165.0,1,1,1.0
223,1,779.0,350.0,80.0,166.0,1,1,1.0
224,1,779.0,350.0,64.0,167.0,1,1,1.0
225,1,772.0,349.0,49.0,167.0,1,1,1.0
226,1,766.0,349.0,44.0,166.0,1,1,1.0
227,1,746.0,350.0,61.0,167.0,1,1,1.0
228,1,720.0,350.0,85.0,167.0,1,1,1.0
229,1,701.0,350.0,102.0,168.0,1,1,1.0
231,1,692.0,354.0,99.0,165.0,1,1,1.0
232,1,693.0,354.0,83.0,164.0,1,1,1.0
233,1,693.0,354.0,66.0,164.0,1,1,1.0
234,1,677.0,348.0,63.0,169.0,1,1,1.0
235,1,674.0,351.0,52.0,169.0,1,1,1.0
236,1,661.0,352.0,61.0,170.0,1,1,1.0
237,1,638.0,353.0,82.0,170.0,1,1,1.0
238,1,622.0,355.0,96.0,168.0,1,1,1.0
239,1,613.0,357.0,102.0,166.0,1,1,1.0
240,1,612.0,362.0,97.0,163.0,1,1,1.0
241,1,611.0,360.0,83.0,165.0,1,1,1.0
246,1,557.0,358.0,89.0,168.0,1,1,1.0
247,1,545.0,358.0,99.0,170.0,1,1,1.0
248,1,538.0,362.0,103.0,166.0,1,1,1.0
249,1,536.0,364.0,97.0,163.0,1,1,1.0
250,1,531.0,359.0,87.0,169.0,1,1,1.0
251,1,526.0,356.0,75.0,172.0,1,1,1.0
252,1,518.0,354.0,62.0,175.0,1,1,1.0
253,1,511.0,354.0,58.0,177.0,1,1,1.0
254,1,503.0,356.0,63.0,177.0,1,1,1.0
255,1,486.0,359.0,79.0,175.0,1,1,1.0
256,1,473.0,361.0,91.0,173.0,1,1,1.0
257,1,463.0,363.0,99.0,173.0,1,1,1.0
258,1,458.0,364.0,99.0,172.0,1,1,1.0
259,1,456.0,365.0,89.0,171.0,1,1,1.0
260,1,450.0,364.0,80.0,172.0,1,1,1.0
261,1,443.0,363.0,68.0,174.0,1,1,1.0
262,1,438.0,368.0,57.0,169.0,1,1,1.0
263,1,427.0,366.0,63.0,172.0,1,1,1.0
264,1,411.0,365.0,78.0,172.0,1,1,1.0
265,1,396.0,373.0,92.0,165.0,1,1,1.0
266,1,384.0,372.0,102.0,167.0,1,1,1.0
267,1,375.0,375.0,107.0,164.0,1,1,1.0
268,1,368.0,379.0,105.0,161.0,1,1,1.0
269,1,365.0,382.0,92.0,158.0,1,1,1.0
270,1,367.0,382.0,71.0,158.0,1,1,1.0
271,1,360.0,372.0,61.0,168.0,1,1,1.0
272,1,355.0,379.0,60.0,163.0,1,1,1.0
273,1,346.0,383.0,67.0,160.0,1,1,1.0
275,1,322.0,382.0,91.0,165.0,1,1,1.0
276,1,315.0,379.0,97.0,169.0,1,1,1.0
277,1,312.0,381.0,94.0,167.0,1,1,1.0
278,1,308.0,378.0,87.0,171.0,1,1,1.0
279,1,301.0,377.0,78.0,172.0,1,1,1.0
280,1,295.0,379.0,66.0,170.0,1,1,1.0
281,1,288.0,381.0,62.0,168.0,1,1,1.0
282,1,279.0,384.0,68.0,165.0,1,1,1.0
283,1,266.0,386.0,79.0,163.0,1,1,1.0
284,1,254.0,392.0,88.0,158.0,1,1,1.0
285,1,244.0,394.0,97.0,156.0,1,1,1.0
286,1,234.0,395.0,102.0,155.0,1,1,1.0
287,1,227.0,396.0,98.0,153.0,1,1,1.0
288,1,224.0,395.0,89.0,155.0,1,1,1.0
289,1,224.0,392.0,74.0,158.0,1,1,1.0
290,1,225.0,387.0,62.0,164.0,1,1,1.0
293,1,200.0,388.0,74.0,164.0,1,1,1.0
294,1,189.0,389.0,91.0,163.0,1,1,1.0
295,1,183.0,391.0,98.0,163.0,1,1,1.0
296,1,180.0,392.0,95.0,162.0,1,1,1.0
297,1,179.0,390.0,85.0,165.0,1,1,1.0
298,1,174.0,395.0,68.0,160.0,1,1,1.0
300,1,161.0,397.0,67.0,157.0,1,1,1.0
302,1,148.0,400.0,61.0,155.0,1,1,1.0
304,1,132.0,401.0,70.0,154.0,1,1,1.0
305,4,153.0,392.0,66.0,156.0,1,1,1.0
306,4,150.0,392.0,60.0,156.0,1,1,1.0
307,1,119.0,402.0,63.0,152.0,1,1,1.0
308,1,115.0,402.0,55.0,152.0,1,1,1.0
308,4,141.0,392.0,47.0,160.0,1,1,1.0
310,1,109.0,402.0,46.0,154.0,1,1,1.0
310,4,130.0,390.0,45.0,156.0,1,1,1.0
311,1,105.0,403.0,45.0,153.0,1,1,1.0
311,4,124.0,390.0,50.0,155.0,1,1,1.0
313,1,86.0,405.0,59.0,151.0,1,1,1.0
313,4,112.0,393.0,62.0,157.0,1,1,1.0
314,1,80.0,406.0,66.0,150.0,1,1,1.0
314,4,110.0,396.0,63.0,154.0,1,1,1.0
315,1,76.0,407.0,68.0,149.0,1,1,1.0
315,4,107.0,397.0,62.0,152.0,1,1,1.0
317,1,73.0,408.0,56.0,148.0,1,1,1.0
317,4,101.0,397.0,53.0,146.0,1,1,1.0
318,1,71.0,407.0,47.0,149.0,1,1,1.0
318,4,98.0,396.0,45.0,151.0,1,1,1.0
319,1,65.0,405.0,45.0,151.0,1,1,1.0
319,4,96.0,394.0,42.0,154.0,1,1,1.0
320,1,60.0,405.0,44.0,152.0,1,1,1.0
320,4,94.0,393.0,44.0,155.0,1,1,1.0
321,1,57.0,405.0,45.0,152.0,1,1,1.0
321,4,91.0,393.0,48.0,155.0,1,1,1.0
322,1,52.0,405.0,47.0,151.0,1,1,1.0
322,4,89.0,397.0,51.0,151.0,1,1,1.0
323,1,48.0,405.0,49.0,152.0,1,1,1.0
323,4,87.0,397.0,53.0,151.0,1,1,1.0
324,1,49.0,405.0,47.0,151.0,1,1,1.0
324,4,86.0,397.0,49.0,150.0,1,1,1.0
325,1,49.0,405.0,46.0,150.0,1,1,1.0
325,4,85.0,394.0,49.0,152.0,1,1,1.0
326,1,49.0,404.0,43.0,145.0,1,1,1.0
326,4,83.0,393.0,48.0,151.0,1,1,1.0
327,1,49.0,403.0,41.0,145.0,1,1,1.0
327,4,82.0,391.0,49.0,149.0,1,1,1.0
329,1,49.0,400.0,42.0,146.0,1,1,1.0
329,4,81.0,390.0,50.0,148.0,1,1,1.0
330,1,49.0,399.0,42.0,146.0,1,1,1.0
330,4,81.0,390.0,50.0,148.0,1,1,1.0
331,1,49.0,399.0,41.0,146.0,1,1,1.0
331,4,81.0,390.0,50.0,148.0,1,1,1.0
332,1,50.0,399.0,41.0,147.0,1,1,1.0
332,4,81.0,391.0,51.0,147.0,1,1,1.0
333,1,51.0,399.0,40.0,146.0,1,1,1.0
333,4,82.0,391.0,51.0,147.0,1,1,1.0
334,1,53.0,399.0,43.0,145.0,1,1,1.0
334,4,86.0,391.0,49.0,147.0,1,1,1.0
335,1,55.0,399.0,42.0,142.0,1,1,1.0
335,4,88.0,391.0,49.0,146.0,1,1,1.0
336,1,58.0,398.0,41.0,141.0,1,1,1.0
336,4,91.0,390.0,48.0,145.0,1,1,1.0
337,1,61.0,397.0,39.0,139.0,1,1,1.0
337,4,93.0,388.0,47.0,142.0,1,1,1.0
338,1,65.0,394.0,37.0,138.0,1,1,1.0
338,4,95.0,387.0,45.0,142.0,1,1,1.0
339,1,68.0,392.0,37.0,138.0,1,1,1.0
339,4,97.0,385.0,42.0,142.0,1,1,1.0
340,1,71.0,390.0,37.0,140.0,1,1,1.0
340,4,99.0,383.0,42.0,143.0,1,1,1.0
341,1,75.0,390.0,37.0,140.0,1,1,1.0
341,4,103.0,383.0,42.0,143.0,1,1,1.0
342,1,77.0,389.0,43.0,141.0,1,1,1.0
342,4,105.0,382.0,48.0,144.0,1,1,1.0
343,1,78.0,388.0,54.0,141.0,1,1,1.0
343,4,106.0,381.0,52.0,144.0,1,1,1.0
344,1,80.0,387.0,53.0,140.0,1,1,1.0
344,4,109.0,381.0,54.0,143.0,1,1,1.0
345,1,84.0,385.0,47.0,138.0,1,1,1.0
345,4,111.0,380.0,55.0,143.0,1,1,1.0
346,1,90.0,383.0,42.0,136.0,1,1,1.0
346,4,115.0,379.0,53.0,137.0,1,1,1.0
347,1,99.0,381.0,33.0,134.0,1,1,1.0
347,4,121.0,379.0,48.0,136.0,1,1,1.0
348,1,106.0,379.0,30.0,135.0,1,1,1.0
348,4,125.0,375.0,45.0,138.0,1,1,1.0
349,1,111.0,376.0,30.0,137.0,1,1,1.0
349,4,128.0,374.0,44.0,139.0,1,1,1.0
350,1,114.0,376.0,35.0,137.0,1,1,1.0
350,4,131.0,373.0,44.0,139.0,1,1,1.0
351,4,136.0,373.0,39.0,139.0,1,1,1.0
352,4,140.0,373.0,41.0,139.0,1,1,1.0
353,4,143.0,374.0,46.0,138.0,1,1,1.0
354,4,147.0,375.0,50.0,137.0,1,1,1.0
355,4,150.0,376.0,51.0,135.0,1,1,1.0
357,1,148.0,370.0,30.0,123.0,1,1,1.0
357,4,157.0,372.0,45.0,133.0,1,1,1.0
358,1,151.0,369.0,28.0,128.0,1,1,1.0
358,4,159.0,370.0,44.0,132.0,1,1,1.0
359,1,156.0,368.0,27.0,130.0,1,1,1.0
359,4,164.0,368.0,42.0,132.0,1,1,1.0
360,4,171.0,369.0,43.0,130.0,1,1,1.0
363,4,164.0,369.0,62.0,129.0,1,1,1.0
364,4,175.0,367.0,67.0,130.0,1,1,1.0
366,1,183.0,364.0,36.0,127.0,1,1,1.0
366,4,194.0,365.0,57.0,127.0,1,1,1.0
367,1,188.0,360.0,36.0,128.0,1,1,1.0
367,4,204.0,362.0,48.0,128.0,1,1,1.0
368,4,210.0,359.0,42.0,130.0,1,1,1.0
369,1,200.0,357.0,34.0,129.0,1,1,1.0
369,4,210.0,357.0,43.0,131.0,1,1,1.0
371,4,223.0,358.0,48.0,130.0,1,1,1.0
372,1,209.0,356.0,45.0,129.0,1,1,1.0
372,4,229.0,360.0,51.0,127.0,1,1,1.0
373,4,232.0,359.0,55.0,128.0,1,1,1.0
374,1,217.0,359.0,53.0,125.0,1,1,1.0
374,4,235.0,357.0,57.0,129.0,1,1,1.0
375,1,223.0,354.0,41.0,129.0,1,1,1.0
375,4,241.0,354.0,54.0,129.0,1,1,1.0
376,1,231.0,351.0,39.0,129.0,1,1,1.0
376,4,248.0,353.0,47.0,127.0,1,1,1.0
377,1,237.0,349.0,34.0,127.0,1,1,1.0
377,4,254.0,352.0,40.0,125.0,1,1,1.0
378,1,242.0,349.0,33.0,126.0,1,1,1.0
378,4,259.0,349.0,38.0,126.0,1,1,1.0
379,1,246.0,348.0,31.0,125.0,1,1,1.0
379,4,263.0,351.0,41.0,123.0,1,1,1.0
380,4,268.0,347.0,50.0,127.0,1,1,1.0
381,4,272.0,346.0,56.0,128.0,1,1,1.0
382,4,273.0,346.0,62.0,129.0,1,1,1.0
383,4,275.0,346.0,64.0,128.0,1,1,1.0
384,1,258.0,345.0,50.0,125.0,1,1,1.0
384,4,279.0,346.0,62.0,125.0,1,1,1.0
385,1,265.0,343.0,45.0,126.0,1,1,1.0
385,4,287.0,344.0,54.0,123.0,1,1,1.0
386,1,274.0,341.0,41.0,124.0,1,1,1.0
386,4,296.0,342.0,46.0,123.0,1,1,1.0
387,1,283.0,339.0,33.0,123.0,1,1,1.0
387,4,302.0,340.0,40.0,123.0,1,1,1.0
388,4,306.0,339.0,36.0,124.0,1,1,1.0
389,1,295.0,339.0,29.0,122.0,1,1,1.0
389,4,312.0,339.0,35.0,124.0,1,1,1.0
391,4,318.0,338.0,48.0,126.0,1,1,1.0
393,1,304.0,338.0,47.0,122.0,1,1,1.0
393,4,324.0,341.0,51.0,121.0,1,1,1.0
398,1,335.0,333.0,28.0,118.0,1,1,1.0
398,4,350.0,330.0,42.0,122.0,1,1,1.0
399,1,341.0,331.0,26.0,119.0,1,1,1.0
399,4,355.0,329.0,49.0,122.0,1,1,1.0
400,4,358.0,330.0,57.0,122.0,1,1,1.0
401,4,359.0,330.0,64.0,122.0,1,1,1.0
402,4,361.0,329.0,66.0,122.0,1,1,1.0
404,4,373.0,327.0,57.0,119.0,1,1,1.0
405,4,381.0,326.0,48.0,118.0,1,1,1.0
406,1,372.0,330.0,37.0,111.0,1,1,1.0
406,4,390.0,325.0,39.0,119.0,1,1,1.0
407,4,397.0,323.0,34.0,120.0,1,1,1.0
408,1,386.0,328.0,29.0,111.0,1,1,1.0
408,4,403.0,323.0,33.0,120.0,1,1,1.0
409,1,391.0,327.0,30.0,112.0,1,1,1.0
409,4,406.0,323.0,42.0,119.0,1,1,1.0
410,1,394.0,327.0,39.0,112.0,1,1,1.0
410,4,408.0,324.0,51.0,119.0,1,1,1.0
411,4,410.0,326.0,58.0,118.0,1,1,1.0
412,4,412.0,324.0,59.0,119.0,1,1,1.0
414,1,410.0,322.0,45.0,114.0,1,1,1.0
414,4,425.0,321.0,50.0,117.0,1,1,1.0
415,1,417.0,321.0,39.0,115.0,1,1,1.0
415,4,435.0,321.0,43.0,114.0,1,1,1.0
416,1,426.0,321.0,30.0,112.0,1,1,1.0
416,4,442.0,317.0,37.0,117.0,1,1,1.0
417,1,434.0,321.0,24.0,110.0,1,1,1.0
417,4,449.0,315.0,35.0,119.0,1,1,1.0
418,1,439.0,320.0,23.0,111.0,1,1,1.0
418,4,453.0,314.0,38.0,119.0,1,1,1.0
420,1,444.0,318.0,30.0,112.0,1,1,1.0
420,4,456.0,315.0,48.0,117.0,1,1,1.0
421,4,454.0,315.0,55.0,119.0,1,1,1.0
426,4,485.0,309.0,44.0,104.0,1,1,1.0
427,4,495.0,308.0,40.0,101.0,1,1,1.0
430,4,506.0,308.0,60.0,110.0,1,1,1.0
431,4,509.0,309.0,65.0,112.0,1,1,1.0
433,4,516.0,307.0,61.0,115.0,1,1,1.0
434,4,526.0,306.0,51.0,115.0,1,1,1.0
435,4,532.0,305.0,44.0,116.0,1,1,1.0
436,4,540.0,306.0,40.0,116.0,1,1,1.0
437,4,547.0,305.0,40.0,116.0,1,1,1.0
438,4,551.0,304.0,47.0,116.0,1,1,1.0
439,4,554.0,305.0,57.0,116.0,1,1,1.0
440,4,554.0,305.0,65.0,115.0,1,1,1.0
441,4,555.0,305.0,69.0,115.0,1,1,1.0
442,4,557.0,305.0,67.0,115.0,1,1,1.0
443,4,566.0,304.0,60.0,115.0,1,1,1.0
444,4,577.0,303.0,48.0,115.0,1,1,1.0
445,4,589.0,301.0,37.0,117.0,1,1,1.0
446,4,596.0,299.0,34.0,118.0,1,1,1.0
447,4,600.0,300.0,40.0,117.0,1,1,1.0
448,4,603.0,301.0,50.0,116.0,1,1,1.0
449,4,604.0,304.0,60.0,114.0,1,1,1.0
450,4,606.0,305.0,66.0,113.0,1,1,1.0
451,4,607.0,306.0,68.0,112.0,1,1,1.0
452,4,610.0,306.0,66.0,111.0,1,1,1.0
453,4,617.0,303.0,60.0,113.0,1,1,1.0
454,4,627.0,301.0,50.0,115.0,1,1,1.0
455,4,638.0,299.0,41.0,117.0,1,1,1.0
456,4,644.0,299.0,44.0,117.0,1,1,1.0
457,4,646.0,299.0,48.0,117.0,1,1,1.0
458,4,648.0,300.0,56.0,116.0,1,1,1.0
459,4,650.0,302.0,64.0,115.0,1,1,1.0
460,4,653.0,302.0,69.0,116.0,1,1,1.0
461,4,658.0,301.0,71.0,116.0,1,1,1.0
462,4,663.0,300.0,70.0,118.0,1,1,1.0
463,4,670.0,299.0,63.0,118.0,1,1,1.0
464,4,678.0,297.0,56.0,120.0,1,1,1.0
465,4,683.0,296.0,48.0,122.0,1,1,1.0
467,4,693.0,296.0,53.0,122.0,1,1,1.0
468,4,695.0,297.0,61.0,121.0,1,1,1.0
469,4,696.0,299.0,71.0,120.0,1,1,1.0
470,4,697.0,300.0,68.0,119.0,1,1,1.0
471,4,701.0,300.0,64.0,119.0,1,1,1.0
472,4,708.0,299.0,56.0,119.0,1,1,1.0
475,4,726.0,301.0,41.0,120.0,1,1,1.0
476,4,728.0,301.0,42.0,121.0,1,1,1.0
477,4,729.0,303.0,48.0,121.0,1,1,1.0
478,4,730.0,303.0,54.0,121.0,1,1,1.0
479,4,741.0,302.0,63.0,119.0,1,1,1.0
481,4,744.0,302.0,55.0,122.0,1,1,1.0
483,4,756.0,300.0,51.0,125.0,1,1,1.0
484,4,762.0,300.0,47.0,125.0,1,1,1.0
484,5,790.0,301.0,31.0,118.0,1,1,1.0
485,4,767.0,299.0,46.0,126.0,1,1,1.0
485,5,793.0,301.0,34.0,118.0,1,1,1.0
486,4,772.0,300.0,51.0,125.0,1,1,1.0
486,5,791.0,302.0,48.0,119.0,1,1,1.0
487,4,775.0,303.0,59.0,123.0,1,1,1.0
487,5,793.0,303.0,58.0,118.0,1,1,1.0
488,4,776.0,304.0,65.0,123.0,1,1,1.0
488,5,793.0,305.0,65.0,117.0,1,1,1.0
489,4,777.0,303.0,66.0,124.0,1,1,1.0
489,5,795.0,306.0,67.0,117.0,1,1,1.0
490,4,780.0,303.0,64.0,125.0,1,1,1.0
490,5,799.0,307.0,64.0,118.0,1,1,1.0
491,4,786.0,302.0,61.0,126.0,1,1,1.0
492,4,795.0,301.0,57.0,127.0,1,1,1.0
493,4,803.0,304.0,46.0,125.0,1,1,1.0
494,4,806.0,302.0,44.0,127.0,1,1,1.0
494,5,832.0,305.0,41.0,120.0,1,1,1.0
495,4,807.0,303.0,46.0,129.0,1,1,1.0
495,5,841.0,306.0,41.0,121.0,1,1,1.0
496,4,809.0,307.0,52.0,125.0,1,1,1.0
496,5,845.0,307.0,44.0,122.0,1,1,1.0
497,4,812.0,308.0,57.0,125.0,1,1,1.0
498,4,815.0,311.0,61.0,123.0,1,1,1.0
499,4,820.0,309.0,60.0,126.0,1,1,1.0
500,4,825.0,308.0,57.0,128.0,1,1,1.0
500,5,865.0,308.0,43.0,121.0,1,1,1.0
501,4,831.0,309.0,52.0,128.0,1,1,1.0
503,4,846.0,307.0,46.0,129.0,1,1,1.0
503,5,879.0,308.0,35.0,120.0,1,1,1.0
504,4,853.0,306.0,46.0,130.0,1,1,1.0
504,5,886.0,308.0,36.0,120.0,1,1,1.0
505,4,859.0,307.0,51.0,129.0,1,1,1.0
505,5,886.0,308.0,47.0,121.0,1,1,1.0
506,4,862.0,309.0,60.0,128.0,1,1,1.0
506,5,886.0,309.0,58.0,122.0,1,1,1.0
507,4,864.0,311.0,67.0,126.0,1,1,1.0
507,5,886.0,309.0,64.0,123.0,1,1,1.0
508,4,866.0,310.0,70.0,128.0,1,1,1.0
508,5,886.0,310.0,67.0,124.0,1,1,1.0
509,4,869.0,310.0,68.0,128.0,1,1,1.0
509,5,890.0,310.0,64.0,125.0,1,1,1.0
510,4,876.0,309.0,61.0,130.0,1,1,1.0
511,4,886.0,308.0,52.0,131.0,1,1,1.0
512,4,894.0,306.0,46.0,133.0,1,1,1.0
513,4,898.0,306.0,45.0,135.0,1,1,1.0
513,5,925.0,307.0,40.0,128.0,1,1,1.0
514,4,900.0,308.0,48.0,135.0,1,1,1.0
514,5,934.0,308.0,40.0,129.0,1,1,1.0
515,4,903.0,309.0,56.0,136.0,1,1,1.0
517,4,910.0,311.0,64.0,136.0,1,1,1.0
517,5,930.0,312.0,64.0,127.0,1,1,1.0
518,4,915.0,311.0,63.0,136.0,1,1,1.0
519,4,921.0,318.0,59.0,129.0,1,1,1.0
520,4,927.0,313.0,53.0,135.0,1,1,1.0
521,4,935.0,317.0,48.0,131.0,1,1,1.0
522,4,942.0,314.0,44.0,135.0,1,1,1.0
523,4,949.0,316.0,43.0,133.0,1,1,1.0
523,5,972.0,313.0,40.0,128.0,1,1,1.0
525,4,958.0,318.0,59.0,132.0,1,1,1.0
525,5,974.0,315.0,63.0,127.0,1,1,1.0
526,4,960.0,321.0,66.0,130.0,1,1,1.0
526,5,977.0,316.0,69.0,128.0,1,1,1.0
527,4,961.0,319.0,71.0,132.0,1,1,1.0
527,5,972.0,317.0,77.0,129.0,1,1,1.0
528,4,963.0,318.0,71.0,135.0,1,1,1.0
528,5,979.0,317.0,72.0,129.0,1,1,1.0
529,4,968.0,317.0,67.0,136.0,1,1,1.0
530,4,976.0,316.0,58.0,137.0,1,1,1.0
531,4,985.0,314.0,51.0,139.0,1,1,1.0
531,6,1023.0,315.0,35.0,131.0,1,1,1.0
532,4,991.0,319.0,47.0,135.0,1,1,1.0
532,6,1027.0,315.0,35.0,133.0,1,1,1.0
533,4,994.0,316.0,49.0,141.0,1,1,1.0
533,6,1030.0,316.0,36.0,135.0,1,1,1.0
534,4,996.0,317.0,54.0,141.0,1,1,1.0
535,4,996.0,324.0,63.0,136.0,1,1,1.0
536,4,1000.0,325.0,69.0,135.0,1,1,1.0
536,5,1023.0,319.0,72.0,136.0,1,1,1.0
537,4,1007.0,324.0,67.0,138.0,1,1,1.0
538,4,1010.0,322.0,66.0,141.0,1,1,1.0
540,4,1024.0,319.0,57.0,145.0,1,1,1.0
540,5,1064.0,318.0,41.0,139.0,1,1,1.0
541,4,1034.0,318.0,49.0,146.0,1,1,1.0
541,5,1070.0,317.0,37.0,139.0,1,1,1.0
542,4,1042.0,322.0,47.0,142.0,1,1,1.0
542,5,1075.0,317.0,37.0,139.0,1,1,1.0
543,4,1048.0,324.0,52.0,141.0,1,1,1.0
543,5,1078.0,318.0,45.0,139.0,1,1,1.0
544,4,1052.0,326.0,60.0,139.0,1,1,1.0
544,5,1075.0,320.0,60.0,139.0,1,1,1.0
545,4,1055.0,330.0,66.0,137.0,1,1,1.0
545,5,1074.0,322.0,72.0,139.0,1,1,1.0
546,4,1056.0,328.0,69.0,140.0,1,1,1.0
547,4,1057.0,325.0,71.0,144.0,1,1,1.0
547,5,1079.0,323.0,73.0,140.0,1,1,1.0
548,4,1061.0,327.0,67.0,143.0,1,1,1.0
549,4,1069.0,325.0,59.0,145.0,1,1,1.0
550,6,1080.0,329.0,47.0,141.0,1,1,1.0
551,4,1085.0,324.0,50.0,147.0,1,1,1.0
552,4,1088.0,329.0,49.0,145.0,1,1,1.0
552,5,1124.0,322.0,45.0,147.0,1,1,1.0
553,4,1090.0,331.0,53.0,146.0,1,1,1.0
553,5,1132.0,324.0,44.0,148.0,1,1,1.0
554,4,1092.0,329.0,62.0,151.0,1,1,1.0
555,4,1094.0,327.0,68.0,154.0,1,1,1.0
555,5,1116.0,328.0,74.0,146.0,1,1,1.0
556,4,1097.0,326.0,70.0,157.0,1,1,1.0
557,4,1102.0,325.0,67.0,159.0,1,1,1.0
557,5,1145.0,331.0,55.0,146.0,1,1,1.0
558,4,1108.0,324.0,65.0,160.0,1,1,1.0
559,4,1116.0,323.0,67.0,161.0,1,1,1.0
559,5,1162.0,330.0,41.0,145.0,1,1,1.0
560,4,1125.0,322.0,64.0,162.0,1,1,1.0
562,4,1141.0,329.0,58.0,157.0,1,1,1.0
562,5,1170.0,332.0,46.0,146.0,1,1,1.0
563,4,1144.0,328.0,68.0,159.0,1,1,1.0
563,5,1168.0,333.0,59.0,145.0,1,1,1.0
564,4,1145.0,330.0,79.0,159.0,1,1,1.0
564,5,1169.0,334.0,72.0,145.0,1,1,1.0
565,4,1147.0,332.0,84.0,158.0,1,1,1.0
565,5,1170.0,337.0,81.0,145.0,1,1,1.0
566,4,1150.0,335.0,84.0,156.0,1,1,1.0
567,4,1156.0,334.0,80.0,158.0,1,1,1.0
568,4,1167.0,339.0,69.0,154.0,1,1,1.0
569,4,1177.0,334.0,64.0,159.0,1,1,1.0
570,4,1194.0,339.0,51.0,155.0,1,1,1.0
571,5,1232.0,337.0,48.0,151.0,1,1,1.0
572,4,1206.0,340.0,55.0,161.0,1,1,1.0
572,5,1244.0,338.0,47.0,153.0,1,1,1.0
573,4,1208.0,341.0,67.0,162.0,1,1,1.0
573,5,1240.0,340.0,60.0,153.0,1,1,1.0
574,4,1209.0,340.0,78.0,165.0,1,1,1.0
574,5,1239.0,341.0,72.0,151.0,1,1,1.0
575,4,1211.0,346.0,83.0,162.0,1,1,1.0
575,5,1235.0,342.0,83.0,154.0,1,1,1.0
576,4,1216.0,344.0,85.0,166.0,1,1,1.0
576,5,1241.0,343.0,82.0,156.0,1,1,1.0
577,4,1226.0,343.0,82.0,168.0,1,1,1.0
577,5,1261.0,343.0,64.0,157.0,1,1,1.0
579,4,1257.0,341.0,63.0,170.0,1,1,1.0
579,5,1284.0,344.0,50.0,156.0,1,1,1.0
580,4,1268.0,348.0,54.0,163.0,1,1,1.0
580,5,1293.0,343.0,48.0,157.0,1,1,1.0
581,4,1272.0,349.0,57.0,163.0,1,1,1.0
582,4,1272.0,346.0,73.0,167.0,1,1,1.0
582,5,1298.0,346.0,61.0,156.0,1,1,1.0
583,4,1274.0,349.0,87.0,166.0,1,1,1.0
583,5,1299.0,347.0,75.0,155.0,1,1,1.0
584,4,1275.0,350.0,98.0,166.0,1,1,1.0
584,5,1299.0,349.0,89.0,155.0,1,1,1.0
585,4,1279.0,352.0,100.0,166.0,1,1,1.0
585,5,1303.0,351.0,92.0,156.0,1,1,1.0
586,4,1286.0,351.0,95.0,168.0,1,1,1.0
586,5,1309.0,353.0,90.0,158.0,1,1,1.0
587,5,1306.0,351.0,85.0,166.0,1,1,1.0
588,5,1315.0,350.0,78.0,170.0,1,1,1.0
589,5,1332.0,349.0,65.0,172.0,1,1,1.0
590,5,1340.0,353.0,61.0,172.0,1,1,1.0
591,4,1341.0,360.0,69.0,169.0,1,1,1.0
591,5,1360.0,353.0,59.0,168.0,1,1,1.0
593,4,1351.0,355.0,94.0,179.0,1,1,1.0
594,4,1354.0,358.0,104.0,179.0,1,1,1.0
596,4,1371.0,360.0,101.0,180.0,1,1,1.0
597,4,1387.0,360.0,89.0,181.0,1,1,1.0
598,5,1415.0,359.0,58.0,181.0,1,1,1.0
599,5,1420.0,359.0,60.0,181.0,1,1,1.0
600,5,1422.0,360.0,66.0,181.0,1,1,1.0
601,4,1421.0,363.0,80.0,180.0,1,1,1.0
602,4,1423.0,364.0,94.0,180.0,1,1,1.0
603,4,1425.0,366.0,103.0,181.0,1,1,1.0
604,4,1428.0,368.0,107.0,181.0,1,1,1.0
605,4,1436.0,368.0,101.0,181.0,1,1,1.0
606,4,1448.0,369.0,93.0,181.0,1,1,1.0
607,5,1469.0,367.0,77.0,182.0,1,1,1.0
608,5,1483.0,368.0,72.0,182.0,1,1,1.0
609,5,1496.0,369.0,65.0,186.0,1,1,1.0
610,5,1501.0,370.0,69.0,189.0,1,1,1.0
611,4,1499.0,372.0,83.0,189.0,1,1,1.0
612,4,1502.0,375.0,94.0,189.0,1,1,1.0
613,4,1505.0,377.0,100.0,189.0,1,1,1.0
614,4,1510.0,379.0,103.0,190.0,1,1,1.0
615,4,1521.0,381.0,98.0,190.0,1,1,1.0
616,5,1539.0,381.0,79.0,189.0,1,1,1.0
