1,1,1507.0,494.0,61.0,142.0,1,1,1.0
2,1,1505.0,497.0,59.0,140.0,1,1,1.0
3,1,1504.0,498.0,55.0,138.0,1,1,1.0
4,1,1504.0,498.0,49.0,139.0,1,1,1.0
5,1,1503.0,498.0,44.0,139.0,1,1,1.0
6,1,1498.0,498.0,44.0,140.0,1,1,1.0
7,1,1492.0,498.0,45.0,140.0,1,1,1.0
8,1,1480.0,498.0,51.0,140.0,1,1,1.0
9,1,1466.0,498.0,61.0,140.0,1,1,1.0
10,1,1455.0,498.0,69.0,140.0,1,1,1.0
11,1,1448.0,499.0,73.0,138.0,1,1,1.0
12,1,1444.0,497.0,75.0,140.0,1,1,1.0
13,1,1442.0,498.0,72.0,139.0,1,1,1.0
14,1,1442.0,497.0,65.0,139.0,1,1,1.0
15,1,1443.0,496.0,55.0,139.0,1,1,1.0
16,1,1443.0,495.0,46.0,140.0,1,1,1.0
17,1,1443.0,494.0,41.0,142.0,1,1,1.0
18,1,1436.0,494.0,45.0,143.0,1,1,1.0
19,1,1423.0,495.0,53.0,143.0,1,1,1.0
20,1,1411.0,495.0,60.0,142.0,1,1,1.0
21,1,1402.0,496.0,65.0,142.0,1,1,1.0
22,1,1398.0,497.0,67.0,142.0,1,1,1.0
23,1,1395.0,496.0,67.0,143.0,1,1,1.0
24,1,1394.0,496.0,61.0,143.0,1,1,1.0
25,1,1394.0,496.0,53.0,144.0,1,1,1.0
26,1,1394.0,496.0,47.0,144.0,1,1,1.0
27,1,1390.0,496.0,45.0,144.0,1,1,1.0
28,1,1383.0,496.0,47.0,144.0,1,1,1.0
29,1,1371.0,497.0,54.0,143.0,1,1,1.0
30,1,1357.0,498.0,62.0,142.0,1,1,1.0
31,1,1346.0,499.0,70.0,142.0,1,1,1.0
32,1,1341.0,501.0,74.0,141.0,1,1,1.0
33,1,1339.0,501.0,74.0,142.0,1,1,1.0
34,1,1338.0,501.0,71.0,142.0,1,1,1.0
35,1,1337.0,501.0,64.0,142.0,1,1,1.0
36,1,1335.0,501.0,55.0,142.0,1,1,1.0
37,1,1332.0,501.0,50.0,142.0,1,1,1.0
38,1,1325.0,501.0,52.0,143.0,1,1,1.0
39,1,1318.0,501.0,53.0,144.0,1,1,1.0
40,1,1308.0,502.0,60.0,143.0,1,1,1.0
41,1,1297.0,502.0,69.0,143.0,1,1,1.0
42,1,1291.0,503.0,73.0,142.0,1,1,1.0
43,1,1287.0,504.0,73.0,142.0,1,1,1.0
44,1,1286.0,504.0,66.0,142.0,1,1,1.0
45,1,1285.0,503.0,59.0,143.0,1,1,1.0
46,1,1284.0,502.0,48.0,144.0,1,1,1.0
47,1,1279.0,502.0,43.0,144.0,1,1,1.0
48,1,1269.0,502.0,45.0,145.0,1,1,1.0
49,1,1253.0,502.0,58.0,144.0,1,1,1.0
50,1,1237.0,502.0,72.0,145.0,1,1,1.0
51,1,1227.0,502.0,82.0,144.0,1,1,1.0
52,1,1220.0,502.0,88.0,145.0,1,1,1.0
53,1,1217.0,501.0,85.0,145.0,1,1,1.0
54,1,1216.0,500.0,76.0,145.0,1,1,1.0
55,1,1216.0,499.0,64.0,145.0,1,1,1.0
56,1,1212.0,497.0,54.0,145.0,1,1,1.0
57,1,1207.0,496.0,49.0,146.0,1,1,1.0
58,1,1202.0,496.0,49.0,146.0,1,1,1.0
59,1,1189.0,497.0,57.0,146.0,1,1,1.0
60,1,1175.0,498.0,69.0,145.0,1,1,1.0
61,1,1166.0,499.0,76.0,144.0,1,1,1.0
62,1,1160.0,500.0,80.0,143.0,1,1,1.0
63,1,1158.0,500.0,76.0,143.0,1,1,1.0
64,1,1157.0,500.0,67.0,144.0,1,1,1.0
65,1,1157.0,498.0,55.0,145.0,1,1,1.0
66,1,1158.0,497.0,44.0,147.0,1,1,1.0
67,1,1151.0,497.0,44.0,148.0,1,1,1.0
68,1,1140.0,497.0,49.0,147.0,1,1,1.0
69,1,1123.0,497.0,63.0,147.0,1,1,1.0
70,1,1110.0,498.0,73.0,147.0,1,1,1.0
71,1,1103.0,498.0,80.0,147.0,1,1,1.0
72,1,1098.0,499.0,83.0,146.0,1,1,1.0
73,1,1097.0,498.0,81.0,147.0,1,1,1.0
74,1,1096.0,498.0,73.0,147.0,1,1,1.0
75,1,1096.0,496.0,62.0,148.0,1,1,1.0
76,1,1090.0,496.0,56.0,149.0,1,1,1.0
77,1,1093.0,496.0,45.0,150.0,1,1,1.0
78,1,1088.0,496.0,43.0,151.0,1,1,1.0
79,1,1075.0,497.0,51.0,152.0,1,1,1.0
80,1,1061.0,498.0,63.0,152.0,1,1,1.0
81,1,1052.0,499.0,71.0,152.0,1,1,1.0
82,1,1047.0,500.0,75.0,152.0,1,1,1.0
83,1,1044.0,500.0,75.0,152.0,1,1,1.0
84,1,1043.0,501.0,69.0,153.0,1,1,1.0
85,1,1043.0,500.0,59.0,153.0,1,1,1.0
86,1,1042.0,500.0,48.0,154.0,1,1,1.0
87,1,1038.0,500.0,45.0,154.0,1,1,1.0
88,1,1030.0,500.0,47.0,154.0,1,1,1.0
89,1,1016.0,501.0,55.0,153.0,1,1,1.0
90,1,1000.0,501.0,70.0,153.0,1,1,1.0
91,1,988.0,503.0,80.0,152.0,1,1,1.0
92,1,983.0,504.0,85.0,153.0,1,1,1.0
93,1,979.0,505.0,86.0,153.0,1,1,1.0
94,1,978.0,505.0,81.0,154.0,1,1,1.0
95,1,978.0,505.0,72.0,154.0,1,1,1.0
96,1,978.0,504.0,59.0,155.0,1,1,1.0
97,1,977.0,504.0,48.0,155.0,1,1,1.0
98,1,973.0,504.0,45.0,157.0,1,1,1.0
99,1,963.0,505.0,48.0,159.0,1,1,1.0
100,1,947.0,506.0,59.0,159.0,1,1,1.0
101,1,934.0,507.0,71.0,158.0,1,1,1.0
102,1,926.0,507.0,77.0,158.0,1,1,1.0
103,1,922.0,508.0,79.0,159.0,1,1,1.0
104,1,920.0,509.0,74.0,159.0,1,1,1.0
105,1,920.0,508.0,64.0,159.0,1,1,1.0
106,1,916.0,507.0,55.0,160.0,1,1,1.0
107,1,913.0,507.0,49.0,160.0,1,1,1.0
108,1,905.0,507.0,49.0,160.0,1,1,1.0
109,1,894.0,509.0,55.0,159.0,1,1,1.0
110,1,877.0,510.0,71.0,158.0,1,1,1.0
111,1,864.0,511.0,82.0,158.0,1,1,1.0
112,1,856.0,513.0,89.0,157.0,1,1,1.0
113,1,852.0,513.0,90.0,157.0,1,1,1.0
114,1,851.0,513.0,83.0,157.0,1,1,1.0
115,1,851.0,513.0,71.0,158.0,1,1,1.0
116,1,851.0,512.0,57.0,158.0,1,1,1.0
117,1,848.0,512.0,47.0,160.0,1,1,1.0
118,1,842.0,512.0,44.0,162.0,1,1,1.0
119,1,830.0,514.0,52.0,163.0,1,1,1.0
120,1,815.0,514.0,65.0,164.0,1,1,1.0
121,1,803.0,516.0,75.0,162.0,1,1,1.0
122,1,797.0,517.0,81.0,164.0,1,1,1.0
123,1,793.0,518.0,82.0,164.0,1,1,1.0
124,1,791.0,518.0,75.0,164.0,1,1,1.0
125,1,791.0,518.0,64.0,164.0,1,1,1.0
126,1,790.0,517.0,50.0,165.0,1,1,1.0
127,1,784.0,517.0,45.0,165.0,1,1,1.0
128,1,776.0,518.0,46.0,165.0,1,1,1.0
129,1,761.0,518.0,59.0,165.0,1,1,1.0
130,1,744.0,519.0,74.0,165.0,1,1,1.0
131,1,732.0,520.0,85.0,166.0,1,1,1.0
132,1,726.0,522.0,90.0,166.0,1,1,1.0
133,1,722.0,523.0,93.0,166.0,1,1,1.0
134,1,720.0,523.0,86.0,166.0,1,1,1.0
135,1,720.0,523.0,74.0,166.0,1,1,1.0
136,1,720.0,522.0,59.0,167.0,1,1,1.0
137,1,717.0,522.0,46.0,167.0,1,1,1.0
138,1,711.0,522.0,43.0,169.0,1,1,1.0
139,1,696.0,523.0,55.0,170.0,1,1,1.0
140,1,678.0,524.0,72.0,170.0,1,1,1.0
141,1,664.0,525.0,84.0,168.0,1,1,1.0
142,1,655.0,527.0,91.0,167.0,1,1,1.0
143,1,651.0,527.0,93.0,168.0,1,1,1.0
144,1,650.0,527.0,86.0,168.0,1,1,1.0
146,1,647.0,526.0,60.0,169.0,1,1,1.0
147,1,645.0,526.0,45.0,169.0,1,1,1.0
148,1,639.0,526.0,44.0,169.0,1,1,1.0
149,1,624.0,527.0,57.0,168.0,1,1,1.0
150,1,605.0,528.0,74.0,168.0,1,1,1.0
151,1,592.0,529.0,86.0,167.0,1,1,1.0
152,1,583.0,530.0,94.0,166.0,1,1,1.0
153,1,578.0,530.0,94.0,165.0,1,1,1.0
154,1,576.0,530.0,85.0,166.0,1,1,1.0
155,1,576.0,529.0,71.0,166.0,1,1,1.0
156,1,575.0,529.0,56.0,167.0,1,1,1.0
157,1,571.0,528.0,43.0,168.0,1,1,1.0
158,1,562.0,528.0,47.0,170.0,1,1,1.0
159,1,547.0,529.0,59.0,169.0,1,1,1.0
160,1,530.0,530.0,74.0,169.0,1,1,1.0
161,1,518.0,532.0,86.0,167.0,1,1,1.0
162,1,511.0,533.0,92.0,167.0,1,1,1.0
163,1,506.0,534.0,92.0,167.0,1,1,1.0
164,1,505.0,534.0,84.0,167.0,1,1,1.0
165,1,504.0,534.0,73.0,167.0,1,1,1.0
166,1,503.0,533.0,56.0,168.0,1,1,1.0
167,1,498.0,533.0,46.0,168.0,1,1,1.0
168,1,490.0,533.0,50.0,168.0,1,1,1.0
169,1,476.0,534.0,62.0,167.0,1,1,1.0
170,1,460.0,535.0,77.0,166.0,1,1,1.0
171,1,449.0,537.0,87.0,165.0,1,1,1.0
172,1,442.0,538.0,93.0,165.0,1,1,1.0
173,1,438.0,539.0,92.0,165.0,1,1,1.0
174,1,436.0,538.0,82.0,165.0,1,1,1.0
175,1,431.0,537.0,72.0,166.0,1,1,1.0
176,1,430.0,537.0,58.0,167.0,1,1,1.0
177,1,426.0,537.0,47.0,169.0,1,1,1.0
178,1,418.0,537.0,50.0,171.0,1,1,1.0
179,1,404.0,539.0,63.0,171.0,1,1,1.0
180,1,389.0,540.0,76.0,170.0,1,1,1.0
181,1,379.0,541.0,86.0,169.0,1,1,1.0
182,1,372.0,542.0,91.0,168.0,1,1,1.0
183,1,367.0,542.0,91.0,169.0,1,1,1.0
184,1,365.0,542.0,86.0,170.0,1,1,1.0
185,1,365.0,542.0,74.0,170.0,1,1,1.0
186,1,361.0,542.0,59.0,170.0,1,1,1.0
187,1,358.0,542.0,48.0,170.0,1,1,1.0
188,1,352.0,542.0,48.0,170.0,1,1,1.0
189,1,339.0,543.0,60.0,168.0,1,1,1.0
190,1,325.0,544.0,73.0,168.0,1,1,1.0
191,1,317.0,545.0,81.0,167.0,1,1,1.0
192,1,311.0,545.0,84.0,167.0,1,1,1.0
193,1,307.0,546.0,83.0,165.0,1,1,1.0
194,1,306.0,546.0,75.0,165.0,1,1,1.0
195,1,303.0,545.0,65.0,166.0,1,1,1.0
196,1,299.0,545.0,54.0,165.0,1,1,1.0
197,1,293.0,544.0,47.0,167.0,1,1,1.0
198,1,286.0,545.0,49.0,169.0,1,1,1.0
199,1,276.0,545.0,58.0,169.0,1,1,1.0
200,1,262.0,547.0,70.0,168.0,1,1,1.0
201,1,253.0,548.0,78.0,167.0,1,1,1.0
202,1,248.0,549.0,83.0,166.0,1,1,1.0
203,1,245.0,550.0,84.0,165.0,1,1,1.0
206,1,234.0,550.0,58.0,165.0,1,1,1.0
207,1,229.0,550.0,49.0,165.0,1,1,1.0
208,1,224.0,550.0,49.0,166.0,1,1,1.0
209,1,219.0,550.0,53.0,166.0,1,1,1.0
210,1,207.0,550.0,64.0,166.0,1,1,1.0
211,1,199.0,551.0,71.0,165.0,1,1,1.0
212,1,191.0,552.0,78.0,164.0,1,1,1.0
213,1,186.0,554.0,80.0,163.0,1,1,1.0
214,1,181.0,554.0,75.0,162.0,1,1,1.0
215,1,175.0,553.0,69.0,162.0,1,1,1.0
216,1,170.0,553.0,60.0,163.0,1,1,1.0
217,1,165.0,552.0,53.0,164.0,1,1,1.0
218,1,159.0,552.0,54.0,165.0,1,1,1.0
219,1,153.0,552.0,58.0,164.0,1,1,1.0
220,1,145.0,553.0,66.0,164.0,1,1,1.0
221,1,138.0,555.0,72.0,162.0,1,1,1.0
222,1,135.0,557.0,75.0,159.0,1,1,1.0
223,1,133.0,558.0,74.0,158.0,1,1,1.0
224,1,131.0,558.0,69.0,158.0,1,1,1.0
226,1,123.0,558.0,53.0,158.0,1,1,1.0
227,1,118.0,558.0,47.0,158.0,1,1,1.0
228,1,113.0,558.0,46.0,158.0,1,1,1.0
229,1,108.0,558.0,49.0,158.0,1,1,1.0
230,1,103.0,559.0,53.0,157.0,1,1,1.0
231,1,96.0,561.0,59.0,155.0,1,1,1.0
232,1,91.0,561.0,63.0,155.0,1,1,1.0
233,1,87.0,561.0,65.0,154.0,1,1,1.0
235,1,77.0,560.0,59.0,152.0,1,1,1.0
236,1,71.0,560.0,54.0,151.0,1,1,1.0
237,1,67.0,559.0,49.0,152.0,1,1,1.0
238,1,63.0,558.0,47.0,154.0,1,1,1.0
239,1,58.0,559.0,51.0,154.0,1,1,1.0
240,1,54.0,560.0,54.0,152.0,1,1,1.0
241,1,47.0,560.0,60.0,152.0,1,1,1.0
242,1,43.0,560.0,64.0,151.0,1,1,1.0
243,1,40.0,560.0,66.0,150.0,1,1,1.0
244,1,36.0,560.0,66.0,151.0,1,1,1.0
245,1,32.0,560.0,65.0,151.0,1,1,1.0
247,1,23.0,560.0,55.0,151.0,1,1,1.0
248,1,20.0,560.0,48.0,151.0,1,1,1.0
249,1,16.0,559.0,49.0,152.0,1,1,1.0
250,1,12.0,559.0,50.0,152.0,1,1,1.0
251,1,9.0,559.0,52.0,151.0,1,1,1.0
252,1,6.0,559.0,53.0,150.0,1,1,1.0
253,1,2.0,559.0,56.0,149.0,1,1,1.0
254,1,0.0,559.0,55.0,150.0,1,1,1.0
256,1,0.0,557.0,43.0,149.0,1,1,1.0
257,1,0.0,557.0,35.0,149.0,1,1,1.0
258,1,0.0,558.0,31.0,148.0,1,1,1.0
259,1,0.0,559.0,27.0,147.0,1,1,1.0
260,1,0.0,563.0,26.0,142.0,1,1,1.0
290,2,0.0,536.0,38.0,131.0,1,1,1.0
291,2,0.0,535.0,40.0,133.0,1,1,1.0
292,2,0.0,534.0,41.0,134.0,1,1,1.0
293,2,0.0,533.0,41.0,135.0,1,1,1.0
294,2,0.0,531.0,41.0,134.0,1,1,1.0
295,2,3.0,529.0,39.0,133.0,1,1,1.0
296,2,7.0,527.0,36.0,133.0,1,1,1.0
297,2,9.0,526.0,35.0,135.0,1,1,1.0
298,2,13.0,525.0,36.0,136.0,1,1,1.0
299,2,15.0,525.0,43.0,136.0,1,1,1.0
300,2,18.0,524.0,48.0,136.0,1,1,1.0
301,2,21.0,524.0,50.0,135.0,1,1,1.0
302,2,24.0,524.0,50.0,134.0,1,1,1.0
303,2,28.0,523.0,48.0,134.0,1,1,1.0
304,2,32.0,521.0,44.0,132.0,1,1,1.0
305,2,40.0,518.0,39.0,130.0,1,1,1.0
306,2,44.0,516.0,39.0,131.0,1,1,1.0
307,2,48.0,516.0,43.0,131.0,1,1,1.0
308,2,51.0,515.0,51.0,132.0,1,1,1.0
309,2,54.0,515.0,57.0,132.0,1,1,1.0
310,2,56.0,516.0,58.0,130.0,1,1,1.0
311,2,58.0,515.0,59.0,129.0,1,1,1.0
312,2,62.0,516.0,56.0,128.0,1,1,1.0
313,2,68.0,512.0,50.0,130.0,1,1,1.0
314,2,75.0,511.0,43.0,127.0,1,1,1.0
315,2,79.0,511.0,39.0,126.0,1,1,1.0
316,2,80.0,510.0,38.0,126.0,1,1,1.0
317,2,86.0,511.0,37.0,125.0,1,1,1.0
318,2,90.0,512.0,44.0,124.0,1,1,1.0
319,2,94.0,509.0,49.0,126.0,1,1,1.0
320,2,97.0,509.0,52.0,126.0,1,1,1.0
321,2,99.0,511.0,54.0,124.0,1,1,1.0
322,2,102.0,512.0,53.0,122.0,1,1,1.0
323,2,108.0,511.0,49.0,123.0,1,1,1.0
324,2,114.0,511.0,39.0,120.0,1,1,1.0
325,2,123.0,506.0,36.0,122.0,1,1,1.0
326,2,127.0,504.0,41.0,122.0,1,1,1.0
327,2,132.0,504.0,48.0,121.0,1,1,1.0
328,2,135.0,502.0,54.0,123.0,1,1,1.0
329,2,136.0,502.0,59.0,124.0,1,1,1.0
330,2,138.0,500.0,60.0,125.0,1,1,1.0
331,2,140.0,500.0,60.0,124.0,1,1,1.0
332,2,145.0,502.0,56.0,120.0,1,1,1.0
333,2,152.0,499.0,49.0,122.0,1,1,1.0
334,2,158.0,497.0,43.0,122.0,1,1,1.0
335,2,161.0,496.0,41.0,121.0,1,1,1.0
336,2,168.0,495.0,37.0,122.0,1,1,1.0
337,2,172.0,493.0,43.0,124.0,1,1,1.0
338,2,178.0,494.0,49.0,123.0,1,1,1.0
339,2,180.0,496.0,55.0,121.0,1,1,1.0
340,2,182.0,494.0,59.0,123.0,1,1,1.0
341,2,184.0,497.0,59.0,119.0,1,1,1.0
342,2,189.0,495.0,56.0,121.0,1,1,1.0
343,2,196.0,490.0,49.0,124.0,1,1,1.0
344,2,203.0,488.0,40.0,124.0,1,1,1.0
345,2,212.0,485.0,39.0,124.0,1,1,1.0
346,2,216.0,486.0,45.0,122.0,1,1,1.0
347,2,219.0,485.0,54.0,123.0,1,1,1.0
348,2,222.0,484.0,61.0,124.0,1,1,1.0
349,2,225.0,486.0,64.0,122.0,1,1,1.0
350,2,226.0,486.0,66.0,121.0,1,1,1.0
351,2,230.0,486.0,64.0,121.0,1,1,1.0
352,2,237.0,488.0,57.0,117.0,1,1,1.0
353,2,245.0,487.0,48.0,116.0,1,1,1.0
354,2,252.0,486.0,41.0,116.0,1,1,1.0
355,2,257.0,488.0,37.0,114.0,1,1,1.0
356,2,261.0,486.0,38.0,115.0,1,1,1.0
357,2,264.0,482.0,46.0,120.0,1,1,1.0
358,2,269.0,480.0,53.0,123.0,1,1,1.0
359,2,272.0,481.0,57.0,121.0,1,1,1.0
360,2,274.0,479.0,60.0,123.0,1,1,1.0
361,2,276.0,480.0,60.0,121.0,1,1,1.0
362,2,280.0,479.0,57.0,122.0,1,1,1.0
363,2,288.0,479.0,49.0,120.0,1,1,1.0
364,2,296.0,480.0,40.0,118.0,1,1,1.0
365,2,305.0,476.0,37.0,121.0,1,1,1.0
366,2,310.0,474.0,41.0,122.0,1,1,1.0
367,2,315.0,477.0,48.0,119.0,1,1,1.0
368,2,317.0,479.0,56.0,116.0,1,1,1.0
369,2,318.0,481.0,61.0,115.0,1,1,1.0
370,2,320.0,479.0,63.0,116.0,1,1,1.0
371,2,321.0,476.0,63.0,118.0,1,1,1.0
372,2,326.0,475.0,59.0,119.0,1,1,1.0
373,2,333.0,473.0,51.0,120.0,1,1,1.0
374,2,342.0,470.0,42.0,121.0,1,1,1.0
375,2,350.0,469.0,34.0,121.0,1,1,1.0
376,2,354.0,469.0,31.0,122.0,1,1,1.0
377,2,358.0,469.0,31.0,121.0,1,1,1.0
378,2,362.0,469.0,31.0,122.0,1,1,1.0
379,2,363.0,470.0,34.0,121.0,1,1,1.0
380,2,364.0,469.0,36.0,121.0,1,1,1.0
381,2,365.0,468.0,38.0,122.0,1,1,1.0
382,2,369.0,467.0,38.0,122.0,1,1,1.0
383,2,376.0,466.0,34.0,109.0,1,1,1.0
384,2,385.0,465.0,30.0,103.0,1,1,1.0
385,2,394.0,466.0,32.0,98.0,1,1,1.0
386,2,400.0,466.0,32.0,97.0,1,1,1.0
387,2,402.0,464.0,35.0,100.0,1,1,1.0
388,2,403.0,463.0,51.0,108.0,1,1,1.0
389,2,406.0,463.0,46.0,104.0,1,1,1.0
390,2,409.0,464.0,52.0,109.0,1,1,1.0
391,2,415.0,463.0,49.0,112.0,1,1,1.0
392,2,422.0,461.0,45.0,114.0,1,1,1.0
393,2,428.0,461.0,39.0,115.0,1,1,1.0
394,2,434.0,460.0,34.0,116.0,1,1,1.0
395,2,439.0,460.0,31.0,116.0,1,1,1.0
396,2,443.0,459.0,30.0,117.0,1,1,1.0
397,2,446.0,459.0,35.0,118.0,1,1,1.0
398,2,447.0,458.0,45.0,118.0,1,1,1.0
399,2,448.0,458.0,52.0,118.0,1,1,1.0
400,2,450.0,459.0,57.0,117.0,1,1,1.0
401,2,451.0,458.0,60.0,117.0,1,1,1.0
402,2,456.0,457.0,57.0,118.0,1,1,1.0
403,2,464.0,457.0,49.0,118.0,1,1,1.0
404,2,473.0,457.0,40.0,117.0,1,1,1.0
405,2,485.0,455.0,34.0,117.0,1,1,1.0
406,2,490.0,455.0,37.0,116.0,1,1,1.0
407,2,492.0,456.0,47.0,116.0,1,1,1.0
408,2,493.0,456.0,56.0,115.0,1,1,1.0
409,2,494.0,456.0,61.0,114.0,1,1,1.0
410,2,495.0,456.0,64.0,114.0,1,1,1.0
411,2,498.0,456.0,62.0,113.0,1,1,1.0
412,2,504.0,454.0,57.0,114.0,1,1,1.0
413,2,513.0,454.0,47.0,114.0,1,1,1.0
414,2,524.0,454.0,37.0,114.0,1,1,1.0
415,2,530.0,453.0,31.0,114.0,1,1,1.0
416,2,536.0,453.0,32.0,115.0,1,1,1.0
417,2,539.0,454.0,40.0,114.0,1,1,1.0
418,2,540.0,454.0,50.0,113.0,1,1,1.0
419,2,541.0,455.0,58.0,113.0,1,1,1.0
420,2,542.0,454.0,62.0,113.0,1,1,1.0
421,2,543.0,456.0,63.0,111.0,1,1,1.0
422,2,546.0,456.0,60.0,111.0,1,1,1.0
423,2,553.0,456.0,53.0,111.0,1,1,1.0
424,2,562.0,456.0,45.0,111.0,1,1,1.0
425,2,571.0,455.0,36.0,111.0,1,1,1.0
426,2,576.0,455.0,33.0,112.0,1,1,1.0
427,2,578.0,456.0,38.0,112.0,1,1,1.0
428,2,581.0,456.0,43.0,112.0,1,1,1.0
429,2,585.0,457.0,48.0,112.0,1,1,1.0
430,2,587.0,457.0,53.0,112.0,1,1,1.0
431,2,588.0,457.0,55.0,112.0,1,1,1.0
432,2,591.0,458.0,55.0,113.0,1,1,1.0
433,2,598.0,457.0,49.0,113.0,1,1,1.0
434,2,604.0,457.0,43.0,114.0,1,1,1.0
435,2,609.0,457.0,38.0,114.0,1,1,1.0
436,2,613.0,456.0,36.0,115.0,1,1,1.0
437,2,616.0,456.0,39.0,115.0,1,1,1.0
438,2,620.0,458.0,44.0,114.0,1,1,1.0
439,2,624.0,458.0,49.0,114.0,1,1,1.0
440,2,626.0,459.0,53.0,113.0,1,1,1.0
441,2,628.0,459.0,56.0,114.0,1,1,1.0
442,2,630.0,460.0,56.0,114.0,1,1,1.0
443,2,631.0,460.0,54.0,115.0,1,1,1.0
444,2,636.0,459.0,50.0,116.0,1,1,1.0
445,2,643.0,459.0,43.0,116.0,1,1,1.0
446,2,649.0,458.0,36.0,117.0,1,1,1.0
447,2,654.0,458.0,35.0,117.0,1,1,1.0
448,2,657.0,459.0,41.0,118.0,1,1,1.0
449,2,661.0,460.0,44.0,119.0,1,1,1.0
450,2,665.0,461.0,47.0,118.0,1,1,1.0
451,2,667.0,461.0,50.0,117.0,1,1,1.0
452,2,669.0,462.0,53.0,118.0,1,1,1.0
453,2,671.0,463.0,53.0,117.0,1,1,1.0
454,2,676.0,463.0,49.0,118.0,1,1,1.0
455,2,683.0,463.0,43.0,118.0,1,1,1.0
456,2,687.0,462.0,39.0,119.0,1,1,1.0
457,2,690.0,461.0,38.0,120.0,1,1,1.0
458,2,694.0,462.0,39.0,119.0,1,1,1.0
459,2,698.0,463.0,45.0,119.0,1,1,1.0
460,2,702.0,464.0,51.0,119.0,1,1,1.0
461,2,705.0,464.0,55.0,120.0,1,1,1.0
462,2,707.0,465.0,57.0,120.0,1,1,1.0
463,2,709.0,466.0,57.0,119.0,1,1,1.0
464,2,711.0,467.0,55.0,120.0,1,1,1.0
465,2,717.0,466.0,50.0,120.0,1,1,1.0
466,2,723.0,466.0,43.0,120.0,1,1,1.0
467,2,729.0,466.0,38.0,120.0,1,1,1.0
468,2,733.0,466.0,37.0,121.0,1,1,1.0
469,2,736.0,466.0,40.0,123.0,1,1,1.0
470,2,740.0,468.0,42.0,123.0,1,1,1.0
471,2,743.0,469.0,47.0,123.0,1,1,1.0
472,2,746.0,471.0,49.0,122.0,1,1,1.0
473,2,749.0,472.0,51.0,122.0,1,1,1.0
474,2,753.0,472.0,48.0,123.0,1,1,1.0
475,2,757.0,471.0,44.0,124.0,1,1,1.0
476,2,761.0,472.0,41.0,124.0,1,1,1.0
477,2,764.0,471.0,40.0,124.0,1,1,1.0
478,2,768.0,471.0,40.0,124.0,1,1,1.0
479,2,771.0,471.0,43.0,124.0,1,1,1.0
480,2,775.0,472.0,48.0,124.0,1,1,1.0
481,2,780.0,474.0,54.0,123.0,1,1,1.0
482,2,783.0,475.0,58.0,124.0,1,1,1.0
483,2,784.0,476.0,59.0,124.0,1,1,1.0
484,2,786.0,477.0,59.0,124.0,1,1,1.0
485,2,789.0,477.0,56.0,124.0,1,1,1.0
486,2,795.0,475.0,50.0,126.0,1,1,1.0
487,2,802.0,476.0,44.0,126.0,1,1,1.0
488,2,808.0,476.0,41.0,126.0,1,1,1.0
489,2,812.0,476.0,40.0,128.0,1,1,1.0
490,2,816.0,477.0,46.0,130.0,1,1,1.0
491,2,820.0,478.0,49.0,131.0,1,1,1.0
492,2,823.0,478.0,51.0,131.0,1,1,1.0
493,2,825.0,479.0,54.0,130.0,1,1,1.0
494,2,828.0,479.0,55.0,131.0,1,1,1.0
495,2,834.0,479.0,53.0,132.0,1,1,1.0
496,2,841.0,479.0,47.0,132.0,1,1,1.0
497,2,846.0,479.0,42.0,132.0,1,1,1.0
498,2,850.0,479.0,39.0,132.0,1,1,1.0
499,2,855.0,480.0,41.0,131.0,1,1,1.0
500,2,859.0,481.0,47.0,131.0,1,1,1.0
501,2,862.0,482.0,56.0,131.0,1,1,1.0
502,2,864.0,482.0,63.0,131.0,1,1,1.0
503,2,866.0,483.0,65.0,132.0,1,1,1.0
504,2,867.0,483.0,66.0,133.0,1,1,1.0
505,2,871.0,483.0,63.0,133.0,1,1,1.0
506,2,878.0,482.0,56.0,134.0,1,1,1.0
507,2,887.0,481.0,47.0,135.0,1,1,1.0
508,2,894.0,482.0,45.0,136.0,1,1,1.0
509,2,899.0,482.0,50.0,137.0,1,1,1.0
510,2,903.0,483.0,54.0,139.0,1,1,1.0
511,2,907.0,484.0,54.0,139.0,1,1,1.0
512,2,909.0,485.0,58.0,138.0,1,1,1.0
513,2,911.0,487.0,60.0,138.0,1,1,1.0
514,2,914.0,487.0,61.0,139.0,1,1,1.0
515,2,919.0,487.0,58.0,139.0,1,1,1.0
516,2,926.0,487.0,55.0,139.0,1,1,1.0
517,2,933.0,487.0,53.0,140.0,1,1,1.0
518,2,938.0,486.0,51.0,140.0,1,1,1.0
519,2,943.0,487.0,49.0,140.0,1,1,1.0
520,2,948.0,488.0,50.0,140.0,1,1,1.0
521,2,953.0,489.0,55.0,141.0,1,1,1.0
522,2,952.0,491.0,65.0,140.0,1,1,1.0
523,2,956.0,492.0,67.0,140.0,1,1,1.0
524,2,958.0,493.0,67.0,141.0,1,1,1.0
525,2,961.0,494.0,66.0,141.0,1,1,1.0
526,2,966.0,493.0,60.0,142.0,1,1,1.0
527,2,974.0,494.0,54.0,141.0,1,1,1.0
528,2,982.0,493.0,51.0,142.0,1,1,1.0
529,2,988.0,494.0,51.0,143.0,1,1,1.0
530,2,993.0,495.0,50.0,145.0,1,1,1.0
531,2,997.0,496.0,49.0,147.0,1,1,1.0
532,2,1001.0,498.0,52.0,146.0,1,1,1.0
533,2,1002.0,499.0,58.0,145.0,1,1,1.0
534,2,1003.0,501.0,60.0,146.0,1,1,1.0
535,2,1008.0,501.0,60.0,147.0,1,1,1.0
536,2,1015.0,501.0,56.0,147.0,1,1,1.0
537,2,1023.0,501.0,52.0,147.0,1,1,1.0
538,2,1029.0,501.0,49.0,147.0,1,1,1.0
539,2,1035.0,501.0,47.0,147.0,1,1,1.0
540,2,1040.0,502.0,47.0,147.0,1,1,1.0
541,2,1044.0,503.0,52.0,148.0,1,1,1.0
542,2,1045.0,504.0,62.0,148.0,1,1,1.0
543,2,1046.0,506.0,71.0,148.0,1,1,1.0
544,2,1047.0,508.0,75.0,148.0,1,1,1.0
545,2,1048.0,509.0,76.0,149.0,1,1,1.0
546,2,1053.0,509.0,72.0,150.0,1,1,1.0
547,2,1061.0,509.0,67.0,151.0,1,1,1.0
548,2,1074.0,509.0,59.0,151.0,1,1,1.0
549,2,1085.0,509.0,51.0,151.0,1,1,1.0
550,2,1092.0,509.0,51.0,154.0,1,1,1.0
551,2,1098.0,510.0,50.0,157.0,1,1,1.0
552,2,1100.0,512.0,58.0,156.0,1,1,1.0
553,2,1101.0,514.0,66.0,156.0,1,1,1.0
554,2,1102.0,516.0,71.0,156.0,1,1,1.0
555,2,1104.0,518.0,72.0,157.0,1,1,1.0
556,2,1112.0,518.0,68.0,157.0,1,1,1.0
557,2,1124.0,518.0,59.0,158.0,1,1,1.0
558,2,1138.0,517.0,50.0,158.0,1,1,1.0
559,2,1147.0,518.0,47.0,158.0,1,1,1.0
560,2,1152.0,518.0,51.0,158.0,1,1,1.0
561,2,1154.0,519.0,59.0,159.0,1,1,1.0
562,2,1155.0,520.0,72.0,160.0,1,1,1.0
563,2,1153.0,523.0,84.0,159.0,1,1,1.0
564,2,1155.0,525.0,87.0,160.0,1,1,1.0
565,2,1165.0,526.0,80.0,161.0,1,1,1.0
566,2,1176.0,526.0,74.0,161.0,1,1,1.0
567,2,1196.0,527.0,60.0,160.0,1,1,1.0
568,2,1208.0,528.0,52.0,160.0,1,1,1.0
569,2,1215.0,529.0,50.0,163.0,1,1,1.0
570,2,1217.0,531.0,55.0,167.0,1,1,1.0
571,2,1218.0,533.0,67.0,167.0,1,1,1.0
572,2,1219.0,535.0,75.0,167.0,1,1,1.0
573,2,1220.0,537.0,85.0,168.0,1,1,1.0
574,2,1227.0,538.0,81.0,168.0,1,1,1.0
575,2,1240.0,538.0,68.0,168.0,1,1,1.0
576,2,1256.0,538.0,55.0,169.0,1,1,1.0
577,2,1270.0,538.0,46.0,169.0,1,1,1.0
578,2,1275.0,538.0,47.0,169.0,1,1,1.0
579,2,1277.0,539.0,53.0,169.0,1,1,1.0
580,2,1278.0,541.0,66.0,170.0,1,1,1.0
581,2,1278.0,543.0,80.0,169.0,1,1,1.0
582,2,1278.0,544.0,89.0,170.0,1,1,1.0
583,2,1280.0,547.0,92.0,171.0,1,1,1.0
584,2,1286.0,548.0,87.0,171.0,1,1,1.0
585,2,1296.0,548.0,78.0,171.0,1,1,1.0
586,2,1313.0,549.0,64.0,171.0,1,1,1.0
587,2,1331.0,549.0,51.0,171.0,1,1,1.0
588,2,1340.0,549.0,52.0,174.0,1,1,1.0
589,2,1343.0,550.0,66.0,177.0,1,1,1.0
590,2,1344.0,552.0,79.0,179.0,1,1,1.0
591,2,1345.0,554.0,90.0,178.0,1,1,1.0
592,2,1345.0,556.0,99.0,178.0,1,1,1.0
593,2,1351.0,557.0,101.0,178.0,1,1,1.0
594,2,1361.0,558.0,95.0,177.0,1,1,1.0
595,2,1375.0,558.0,80.0,177.0,1,1,1.0
596,2,1389.0,558.0,64.0,177.0,1,1,1.0
597,2,1402.0,559.0,52.0,177.0,1,1,1.0
598,2,1407.0,559.0,54.0,176.0,1,1,1.0
599,2,1408.0,560.0,63.0,177.0,1,1,1.0
600,2,1409.0,562.0,78.0,178.0,1,1,1.0
601,2,1410.0,564.0,89.0,179.0,1,1,1.0
602,2,1411.0,567.0,94.0,179.0,1,1,1.0
603,2,1413.0,568.0,95.0,179.0,1,1,1.0
604,2,1421.0,569.0,88.0,179.0,1,1,1.0
605,2,1434.0,569.0,77.0,179.0,1,1,1.0
606,2,1451.0,569.0,64.0,179.0,1,1,1.0
607,2,1468.0,570.0,53.0,179.0,1,1,1.0
608,2,1475.0,571.0,56.0,182.0,1,1,1.0
609,2,1478.0,572.0,67.0,185.0,1,1,1.0
610,2,1479.0,574.0,80.0,185.0,1,1,1.0
611,2,1479.0,577.0,92.0,184.0,1,1,1.0
612,2,1479.0,579.0,101.0,184.0,1,1,1.0
613,2,1485.0,581.0,103.0,185.0,1,1,1.0
614,2,1499.0,582.0,92.0,185.0,1,1,1.0
615,2,1512.0,582.0,80.0,185.0,1,1,1.0
616,2,1527.0,582.0,64.0,185.0,1,1,1.0
617,2,1542.0,582.0,53.0,184.0,1,1,1.0
618,2,1547.0,583.0,56.0,183.0,1,1,1.0
619,2,1548.0,585.0,63.0,183.0,1,1,1.0
620,2,1550.0,587.0,79.0,182.0,1,1,1.0
621,2,1551.0,589.0,92.0,182.0,1,1,1.0
622,2,1553.0,591.0,97.0,181.0,1,1,1.0
623,2,1556.0,592.0,98.0,180.0,1,1,1.0
624,2,1565.0,593.0,90.0,180.0,1,1,1.0
625,2,1580.0,593.0,79.0,180.0,1,1,1.0
626,2,1597.0,593.0,70.0,180.0,1,1,1.0
627,2,1614.0,593.0,60.0,181.0,1,1,1.0
628,2,1622.0,594.0,59.0,183.0,1,1,1.0
629,2,1625.0,596.0,65.0,183.0,1,1,1.0
630,2,1625.0,598.0,78.0,183.0,1,1,1.0
631,2,1626.0,600.0,88.0,182.0,1,1,1.0
632,2,1627.0,602.0,94.0,182.0,1,1,1.0
633,2,1633.0,604.0,95.0,182.0,1,1,1.0
634,2,1651.0,604.0,82.0,182.0,1,1,1.0
635,2,1674.0,604.0,66.0,182.0,1,1,1.0
636,2,1681.0,604.0,67.0,182.0,1,1,1.0
637,2,1688.0,604.0,68.0,182.0,1,1,1.0
638,2,1690.0,605.0,75.0,181.0,1,1,1.0
639,2,1691.0,608.0,83.0,179.0,1,1,1.0
640,2,1691.0,610.0,90.0,176.0,1,1,1.0
