1,1,1615.0,106.0,52.0,109.0,1,1,1.0
2,1,1611.0,105.0,55.0,110.0,1,1,1.0
3,1,1609.0,103.0,56.0,113.0,1,1,1.0
4,1,1607.0,104.0,56.0,112.0,1,1,1.0
5,1,1605.0,103.0,54.0,112.0,1,1,1.0
6,1,1605.0,99.0,48.0,114.0,1,1,1.0
7,1,1605.0,101.0,42.0,111.0,1,1,1.0
8,1,1604.0,99.0,37.0,113.0,1,1,1.0
9,1,1604.0,98.0,35.0,113.0,1,1,1.0
10,1,1598.0,96.0,38.0,115.0,1,1,1.0
11,1,1590.0,95.0,42.0,117.0,1,1,1.0
12,1,1584.0,95.0,44.0,116.0,1,1,1.0
13,1,1579.0,94.0,46.0,118.0,1,1,1.0
14,1,1576.0,94.0,46.0,118.0,1,1,1.0
15,1,1575.0,93.0,44.0,120.0,1,1,1.0
16,1,1574.0,92.0,41.0,120.0,1,1,1.0
17,1,1573.0,90.0,38.0,122.0,1,1,1.0
18,1,1570.0,89.0,38.0,123.0,1,1,1.0
19,1,1566.0,89.0,39.0,123.0,1,1,1.0
20,1,1559.0,89.0,43.0,123.0,1,1,1.0
21,1,1550.0,89.0,48.0,123.0,1,1,1.0
22,1,1542.0,88.0,53.0,124.0,1,1,1.0
23,1,1537.0,89.0,56.0,123.0,1,1,1.0
24,1,1534.0,88.0,56.0,124.0,1,1,1.0
25,1,1533.0,88.0,54.0,124.0,1,1,1.0
26,1,1532.0,87.0,50.0,125.0,1,1,1.0
27,1,1532.0,87.0,44.0,124.0,1,1,1.0
28,1,1531.0,89.0,40.0,123.0,1,1,1.0
29,1,1528.0,86.0,40.0,125.0,1,1,1.0
30,1,1524.0,86.0,41.0,126.0,1,1,1.0
31,1,1516.0,86.0,46.0,126.0,1,1,1.0
32,1,1507.0,85.0,50.0,127.0,1,1,1.0
33,1,1501.0,86.0,53.0,125.0,1,1,1.0
34,1,1496.0,87.0,54.0,124.0,1,1,1.0
35,1,1495.0,86.0,51.0,126.0,1,1,1.0
36,1,1494.0,84.0,46.0,128.0,1,1,1.0
37,1,1493.0,83.0,41.0,128.0,1,1,1.0
38,1,1489.0,82.0,41.0,130.0,1,1,1.0
39,1,1484.0,81.0,42.0,130.0,1,1,1.0
40,1,1475.0,81.0,46.0,130.0,1,1,1.0
41,1,1463.0,80.0,54.0,131.0,1,1,1.0
42,1,1454.0,81.0,60.0,130.0,1,1,1.0
43,1,1447.0,82.0,65.0,130.0,1,1,1.0
44,1,1444.0,81.0,66.0,130.0,1,1,1.0
45,1,1442.0,81.0,64.0,130.0,1,1,1.0
46,1,1441.0,80.0,58.0,130.0,1,1,1.0
47,1,1441.0,79.0,50.0,131.0,1,1,1.0
48,1,1440.0,76.0,46.0,134.0,1,1,1.0
49,1,1441.0,76.0,41.0,134.0,1,1,1.0
50,1,1435.0,76.0,44.0,135.0,1,1,1.0
51,1,1426.0,78.0,50.0,134.0,1,1,1.0
52,1,1417.0,77.0,56.0,134.0,1,1,1.0
53,1,1412.0,78.0,58.0,134.0,1,1,1.0
54,1,1408.0,77.0,58.0,135.0,1,1,1.0
55,1,1406.0,77.0,55.0,135.0,1,1,1.0
56,1,1405.0,76.0,50.0,136.0,1,1,1.0
57,1,1405.0,76.0,45.0,137.0,1,1,1.0
58,1,1403.0,76.0,43.0,136.0,1,1,1.0
59,1,1399.0,76.0,44.0,136.0,1,1,1.0
60,1,1392.0,77.0,48.0,136.0,1,1,1.0
61,1,1383.0,78.0,54.0,135.0,1,1,1.0
62,1,1375.0,79.0,58.0,135.0,1,1,1.0
63,1,1370.0,79.0,59.0,135.0,1,1,1.0
64,1,1366.0,78.0,60.0,136.0,1,1,1.0
65,1,1365.0,79.0,58.0,136.0,1,1,1.0
66,1,1365.0,78.0,54.0,137.0,1,1,1.0
67,1,1365.0,77.0,49.0,138.0,1,1,1.0
68,1,1364.0,78.0,46.0,137.0,1,1,1.0
69,1,1364.0,78.0,43.0,137.0,1,1,1.0
70,1,1364.0,79.0,40.0,137.0,1,1,1.0
71,1,1359.0,80.0,44.0,138.0,1,1,1.0
72,1,1351.0,79.0,51.0,141.0,1,1,1.0
73,1,1344.0,79.0,57.0,142.0,1,1,1.0
74,1,1340.0,80.0,56.0,142.0,1,1,1.0
75,1,1337.0,80.0,56.0,142.0,1,1,1.0
76,1,1336.0,80.0,52.0,142.0,1,1,1.0
77,1,1336.0,81.0,46.0,142.0,1,1,1.0
78,1,1334.0,80.0,44.0,142.0,1,1,1.0
79,1,1329.0,80.0,45.0,143.0,1,1,1.0
80,1,1324.0,80.0,47.0,142.0,1,1,1.0
81,1,1316.0,81.0,53.0,142.0,1,1,1.0
82,1,1306.0,81.0,56.0,142.0,1,1,1.0
83,1,1295.0,81.0,63.0,142.0,1,1,1.0
84,1,1289.0,82.0,67.0,142.0,1,1,1.0
85,1,1286.0,83.0,69.0,142.0,1,1,1.0
86,1,1285.0,84.0,68.0,141.0,1,1,1.0
87,1,1284.0,83.0,64.0,142.0,1,1,1.0
88,1,1283.0,83.0,57.0,142.0,1,1,1.0
89,1,1283.0,83.0,48.0,142.0,1,1,1.0
90,1,1280.0,82.0,46.0,143.0,1,1,1.0
91,1,1276.0,82.0,45.0,144.0,1,1,1.0
92,1,1267.0,83.0,48.0,144.0,1,1,1.0
93,1,1253.0,83.0,59.0,144.0,1,1,1.0
94,1,1242.0,83.0,68.0,143.0,1,1,1.0
95,1,1236.0,83.0,72.0,143.0,1,1,1.0
96,1,1232.0,84.0,72.0,143.0,1,1,1.0
97,1,1231.0,83.0,68.0,144.0,1,1,1.0
98,1,1231.0,82.0,59.0,145.0,1,1,1.0
99,1,1230.0,81.0,52.0,146.0,1,1,1.0
100,1,1225.0,80.0,50.0,146.0,1,1,1.0
101,1,1219.0,80.0,49.0,146.0,1,1,1.0
102,1,1207.0,80.0,55.0,146.0,1,1,1.0
103,1,1193.0,80.0,65.0,146.0,1,1,1.0
104,1,1180.0,81.0,76.0,146.0,1,1,1.0
105,1,1173.0,81.0,81.0,146.0,1,1,1.0
106,1,1168.0,81.0,85.0,146.0,1,1,1.0
107,1,1166.0,81.0,83.0,146.0,1,1,1.0
108,1,1165.0,79.0,74.0,147.0,1,1,1.0
109,1,1165.0,78.0,63.0,148.0,1,1,1.0
110,1,1165.0,78.0,51.0,148.0,1,1,1.0
111,1,1161.0,77.0,45.0,149.0,1,1,1.0
112,1,1155.0,77.0,45.0,149.0,1,1,1.0
113,1,1141.0,77.0,56.0,150.0,1,1,1.0
114,1,1128.0,78.0,66.0,149.0,1,1,1.0
115,1,1118.0,78.0,74.0,148.0,1,1,1.0
116,1,1112.0,79.0,79.0,148.0,1,1,1.0
117,1,1109.0,79.0,79.0,149.0,1,1,1.0
118,1,1107.0,79.0,73.0,149.0,1,1,1.0
119,1,1107.0,78.0,62.0,149.0,1,1,1.0
120,1,1107.0,77.0,50.0,150.0,1,1,1.0
121,1,1102.0,77.0,46.0,150.0,1,1,1.0
122,1,1096.0,77.0,46.0,150.0,1,1,1.0
123,1,1085.0,77.0,52.0,150.0,1,1,1.0
124,1,1069.0,77.0,65.0,150.0,1,1,1.0
125,1,1057.0,78.0,76.0,150.0,1,1,1.0
126,1,1050.0,79.0,83.0,149.0,1,1,1.0
127,1,1045.0,79.0,86.0,149.0,1,1,1.0
128,1,1044.0,79.0,83.0,150.0,1,1,1.0
129,1,1043.0,79.0,74.0,150.0,1,1,1.0
130,1,1043.0,78.0,62.0,150.0,1,1,1.0
131,1,1043.0,78.0,49.0,150.0,1,1,1.0
132,1,1040.0,78.0,48.0,152.0,1,1,1.0
133,1,1034.0,78.0,47.0,152.0,1,1,1.0
134,1,1021.0,78.0,56.0,153.0,1,1,1.0
135,1,1007.0,79.0,67.0,153.0,1,1,1.0
136,1,998.0,80.0,74.0,152.0,1,1,1.0
137,1,993.0,81.0,77.0,152.0,1,1,1.0
138,1,989.0,81.0,77.0,153.0,1,1,1.0
139,1,988.0,82.0,71.0,153.0,1,1,1.0
140,1,988.0,81.0,61.0,154.0,1,1,1.0
141,1,986.0,80.0,52.0,155.0,1,1,1.0
142,1,981.0,80.0,50.0,155.0,1,1,1.0
143,1,974.0,80.0,50.0,155.0,1,1,1.0
144,1,963.0,80.0,57.0,155.0,1,1,1.0
145,1,947.0,81.0,69.0,154.0,1,1,1.0
146,1,936.0,82.0,78.0,154.0,1,1,1.0
147,1,931.0,84.0,82.0,153.0,1,1,1.0
148,1,927.0,84.0,84.0,154.0,1,1,1.0
149,1,926.0,85.0,80.0,154.0,1,1,1.0
150,1,925.0,84.0,72.0,155.0,1,1,1.0
151,1,925.0,84.0,59.0,155.0,1,1,1.0
152,1,923.0,84.0,47.0,155.0,1,1,1.0
153,1,918.0,84.0,43.0,157.0,1,1,1.0
154,1,909.0,84.0,47.0,158.0,1,1,1.0
155,1,895.0,85.0,59.0,159.0,1,1,1.0
156,1,882.0,87.0,71.0,158.0,1,1,1.0
157,1,874.0,88.0,78.0,158.0,1,1,1.0
158,1,870.0,90.0,80.0,158.0,1,1,1.0
159,1,867.0,91.0,78.0,158.0,1,1,1.0
160,1,867.0,91.0,68.0,159.0,1,1,1.0
161,1,867.0,91.0,56.0,159.0,1,1,1.0
162,1,862.0,91.0,49.0,159.0,1,1,1.0
163,1,853.0,91.0,51.0,158.0,1,1,1.0
164,1,846.0,92.0,51.0,158.0,1,1,1.0
165,1,833.0,93.0,63.0,158.0,1,1,1.0
166,1,819.0,95.0,76.0,156.0,1,1,1.0
167,1,810.0,97.0,84.0,155.0,1,1,1.0
168,1,805.0,99.0,87.0,155.0,1,1,1.0
169,1,803.0,100.0,85.0,155.0,1,1,1.0
170,1,802.0,101.0,76.0,154.0,1,1,1.0
171,1,801.0,100.0,64.0,155.0,1,1,1.0
172,1,797.0,100.0,54.0,155.0,1,1,1.0
173,1,792.0,100.0,50.0,156.0,1,1,1.0
174,1,785.0,100.0,51.0,159.0,1,1,1.0
175,1,772.0,101.0,60.0,158.0,1,1,1.0
176,1,758.0,103.0,72.0,157.0,1,1,1.0
177,1,750.0,104.0,80.0,156.0,1,1,1.0
178,1,745.0,106.0,83.0,155.0,1,1,1.0
179,1,743.0,107.0,79.0,155.0,1,1,1.0
180,1,743.0,107.0,70.0,156.0,1,1,1.0
181,1,740.0,106.0,60.0,156.0,1,1,1.0
182,1,735.0,107.0,53.0,155.0,1,1,1.0
183,1,728.0,107.0,51.0,156.0,1,1,1.0
184,1,722.0,108.0,51.0,155.0,1,1,1.0
185,1,707.0,109.0,63.0,156.0,1,1,1.0
186,1,692.0,111.0,77.0,156.0,1,1,1.0
187,1,683.0,113.0,85.0,155.0,1,1,1.0
188,1,678.0,114.0,90.0,155.0,1,1,1.0
189,1,675.0,115.0,88.0,156.0,1,1,1.0
190,1,674.0,115.0,78.0,156.0,1,1,1.0
191,1,673.0,115.0,66.0,157.0,1,1,1.0
192,1,669.0,115.0,56.0,157.0,1,1,1.0
193,1,663.0,114.0,51.0,158.0,1,1,1.0
194,1,657.0,114.0,50.0,159.0,1,1,1.0
195,1,645.0,115.0,59.0,160.0,1,1,1.0
196,1,630.0,117.0,73.0,160.0,1,1,1.0
197,1,619.0,118.0,83.0,160.0,1,1,1.0
198,1,613.0,119.0,87.0,159.0,1,1,1.0
199,1,610.0,120.0,87.0,160.0,1,1,1.0
200,1,609.0,120.0,79.0,161.0,1,1,1.0
201,1,608.0,120.0,66.0,162.0,1,1,1.0
202,1,605.0,119.0,55.0,163.0,1,1,1.0
203,1,598.0,119.0,49.0,162.0,1,1,1.0
204,1,590.0,119.0,51.0,162.0,1,1,1.0
205,1,578.0,120.0,61.0,163.0,1,1,1.0
206,1,562.0,122.0,76.0,162.0,1,1,1.0
207,1,552.0,123.0,86.0,161.0,1,1,1.0
208,1,545.0,125.0,91.0,161.0,1,1,1.0
209,1,540.0,126.0,92.0,163.0,1,1,1.0
210,1,538.0,126.0,85.0,163.0,1,1,1.0
211,1,538.0,125.0,73.0,164.0,1,1,1.0
212,1,534.0,125.0,63.0,164.0,1,1,1.0
213,1,529.0,125.0,54.0,165.0,1,1,1.0
214,1,522.0,125.0,52.0,167.0,1,1,1.0
215,1,514.0,127.0,57.0,168.0,1,1,1.0
216,1,498.0,129.0,70.0,167.0,1,1,1.0
217,1,486.0,131.0,82.0,167.0,1,1,1.0
218,1,480.0,133.0,87.0,167.0,1,1,1.0
219,1,477.0,135.0,86.0,167.0,1,1,1.0
220,1,476.0,136.0,79.0,167.0,1,1,1.0
221,1,473.0,135.0,70.0,168.0,1,1,1.0
222,1,467.0,135.0,61.0,168.0,1,1,1.0
223,1,460.0,135.0,54.0,168.0,1,1,1.0
224,1,454.0,136.0,53.0,167.0,1,1,1.0
225,1,446.0,136.0,59.0,167.0,1,1,1.0
226,1,431.0,139.0,73.0,167.0,1,1,1.0
227,1,419.0,142.0,83.0,166.0,1,1,1.0
228,1,412.0,143.0,89.0,166.0,1,1,1.0
229,1,410.0,144.0,89.0,168.0,1,1,1.0
230,1,409.0,145.0,82.0,167.0,1,1,1.0
231,1,406.0,145.0,73.0,168.0,1,1,1.0
232,1,403.0,145.0,65.0,167.0,1,1,1.0
233,1,398.0,146.0,53.0,167.0,1,1,1.0
234,1,391.0,147.0,51.0,168.0,1,1,1.0
235,1,384.0,148.0,55.0,171.0,1,1,1.0
236,1,372.0,149.0,67.0,174.0,1,1,1.0
237,1,359.0,151.0,78.0,172.0,1,1,1.0
238,1,353.0,154.0,84.0,171.0,1,1,1.0
239,1,349.0,156.0,85.0,172.0,1,1,1.0
240,1,345.0,157.0,83.0,172.0,1,1,1.0
241,1,342.0,159.0,77.0,170.0,1,1,1.0
242,1,338.0,159.0,69.0,170.0,1,1,1.0
243,1,335.0,159.0,56.0,170.0,1,1,1.0
244,1,328.0,160.0,53.0,170.0,1,1,1.0
245,1,322.0,161.0,56.0,170.0,1,1,1.0
246,1,311.0,162.0,67.0,169.0,1,1,1.0
247,1,298.0,164.0,79.0,169.0,1,1,1.0
248,1,291.0,167.0,85.0,168.0,1,1,1.0
249,1,286.0,168.0,88.0,168.0,1,1,1.0
250,1,284.0,169.0,85.0,169.0,1,1,1.0
251,1,283.0,170.0,78.0,168.0,1,1,1.0
252,1,280.0,171.0,68.0,167.0,1,1,1.0
253,1,276.0,171.0,56.0,167.0,1,1,1.0
254,1,271.0,172.0,49.0,167.0,1,1,1.0
255,1,264.0,173.0,51.0,169.0,1,1,1.0
256,1,256.0,174.0,57.0,171.0,1,1,1.0
257,1,244.0,176.0,69.0,171.0,1,1,1.0
258,1,233.0,178.0,79.0,169.0,1,1,1.0
259,1,227.0,180.0,83.0,168.0,1,1,1.0
260,1,225.0,182.0,84.0,167.0,1,1,1.0
261,1,223.0,183.0,81.0,168.0,1,1,1.0
262,1,219.0,183.0,75.0,168.0,1,1,1.0
263,1,214.0,184.0,68.0,167.0,1,1,1.0
264,1,209.0,185.0,57.0,166.0,1,1,1.0
265,1,202.0,187.0,54.0,164.0,1,1,1.0
266,1,197.0,188.0,56.0,163.0,1,1,1.0
267,1,190.0,190.0,61.0,162.0,1,1,1.0
268,1,181.0,192.0,70.0,160.0,1,1,1.0
269,1,175.0,194.0,75.0,160.0,1,1,1.0
270,1,170.0,196.0,77.0,159.0,1,1,1.0
271,1,166.0,197.0,74.0,158.0,1,1,1.0
272,1,162.0,198.0,69.0,159.0,1,1,1.0
273,1,157.0,198.0,60.0,159.0,1,1,1.0
274,1,150.0,198.0,55.0,159.0,1,1,1.0
275,1,146.0,199.0,53.0,160.0,1,1,1.0
276,1,142.0,202.0,54.0,161.0,1,1,1.0
277,1,134.0,202.0,61.0,162.0,1,1,1.0
278,1,124.0,205.0,71.0,160.0,1,1,1.0
279,1,118.0,206.0,76.0,160.0,1,1,1.0
280,1,115.0,208.0,77.0,160.0,1,1,1.0
281,1,113.0,210.0,74.0,159.0,1,1,1.0
282,1,109.0,212.0,70.0,157.0,1,1,1.0
283,1,103.0,212.0,62.0,156.0,1,1,1.0
284,1,100.0,217.0,52.0,152.0,1,1,1.0
285,1,96.0,221.0,49.0,148.0,1,1,1.0
286,1,89.0,221.0,53.0,148.0,1,1,1.0
287,1,83.0,222.0,58.0,149.0,1,1,1.0
288,1,73.0,226.0,66.0,147.0,1,1,1.0
289,1,68.0,227.0,70.0,147.0,1,1,1.0
290,1,65.0,228.0,72.0,147.0,1,1,1.0
291,1,61.0,229.0,72.0,147.0,1,1,1.0
292,1,59.0,229.0,62.0,147.0,1,1,1.0
293,1,55.0,233.0,54.0,143.0,1,1,1.0
294,1,50.0,229.0,49.0,147.0,1,1,1.0
295,1,43.0,228.0,50.0,150.0,1,1,1.0
296,1,40.0,228.0,51.0,153.0,1,1,1.0
297,1,35.0,229.0,56.0,154.0,1,1,1.0
298,1,27.0,230.0,63.0,155.0,1,1,1.0
299,1,22.0,233.0,68.0,153.0,1,1,1.0
300,1,19.0,235.0,71.0,154.0,1,1,1.0
301,1,17.0,235.0,72.0,154.0,1,1,1.0
302,1,14.0,237.0,66.0,153.0,1,1,1.0
303,1,10.0,237.0,60.0,153.0,1,1,1.0
304,1,7.0,238.0,52.0,152.0,1,1,1.0
305,1,3.0,239.0,46.0,151.0,1,1,1.0
306,1,0.0,239.0,45.0,151.0,1,1,1.0
307,1,0.0,240.0,44.0,150.0,1,1,1.0
308,1,0.0,242.0,44.0,149.0,1,1,1.0
309,1,0.0,243.0,44.0,149.0,1,1,1.0
310,1,0.0,247.0,43.0,145.0,1,1,1.0
311,1,0.0,251.0,44.0,142.0,1,1,1.0
368,2,0.0,226.0,24.0,134.0,1,1,1.0
369,2,0.0,225.0,27.0,133.0,1,1,1.0
370,2,0.0,224.0,30.0,131.0,1,1,1.0
371,2,0.0,223.0,35.0,132.0,1,1,1.0
372,2,0.0,221.0,43.0,134.0,1,1,1.0
373,2,0.0,220.0,52.0,135.0,1,1,1.0
374,2,1.0,221.0,57.0,135.0,1,1,1.0
375,2,5.0,219.0,57.0,136.0,1,1,1.0
376,2,8.0,216.0,55.0,137.0,1,1,1.0
377,2,11.0,216.0,52.0,135.0,1,1,1.0
378,2,15.0,215.0,48.0,133.0,1,1,1.0
379,2,21.0,215.0,41.0,129.0,1,1,1.0
380,2,26.0,215.0,36.0,125.0,1,1,1.0
381,2,27.0,211.0,37.0,128.0,1,1,1.0
382,2,29.0,210.0,38.0,128.0,1,1,1.0
383,2,34.0,210.0,42.0,129.0,1,1,1.0
384,2,36.0,211.0,50.0,128.0,1,1,1.0
385,2,40.0,212.0,52.0,127.0,1,1,1.0
386,2,42.0,213.0,53.0,125.0,1,1,1.0
387,2,43.0,210.0,54.0,125.0,1,1,1.0
388,2,43.0,208.0,55.0,126.0,1,1,1.0
389,2,43.0,207.0,55.0,124.0,1,1,1.0
391,2,56.0,202.0,45.0,122.0,1,1,1.0
392,2,60.0,201.0,44.0,122.0,1,1,1.0
393,2,65.0,202.0,48.0,121.0,1,1,1.0
394,2,68.0,200.0,56.0,123.0,1,1,1.0
395,2,71.0,197.0,60.0,126.0,1,1,1.0
396,2,75.0,197.0,62.0,126.0,1,1,1.0
397,2,78.0,196.0,61.0,125.0,1,1,1.0
398,2,81.0,195.0,60.0,124.0,1,1,1.0
399,2,87.0,195.0,54.0,123.0,1,1,1.0
400,2,93.0,196.0,48.0,118.0,1,1,1.0
401,2,96.0,188.0,43.0,123.0,1,1,1.0
402,2,98.0,184.0,42.0,125.0,1,1,1.0
403,2,101.0,183.0,44.0,126.0,1,1,1.0
404,2,104.0,182.0,52.0,127.0,1,1,1.0
405,2,108.0,181.0,57.0,128.0,1,1,1.0
406,2,113.0,181.0,59.0,128.0,1,1,1.0
407,2,117.0,180.0,58.0,128.0,1,1,1.0
408,2,121.0,179.0,57.0,128.0,1,1,1.0
409,2,125.0,176.0,53.0,129.0,1,1,1.0
410,2,130.0,175.0,48.0,128.0,1,1,1.0
411,2,133.0,173.0,45.0,127.0,1,1,1.0
412,2,136.0,171.0,44.0,126.0,1,1,1.0
413,2,140.0,170.0,43.0,125.0,1,1,1.0
414,2,144.0,171.0,48.0,123.0,1,1,1.0
415,2,148.0,174.0,54.0,120.0,1,1,1.0
416,2,152.0,170.0,59.0,125.0,1,1,1.0
417,2,156.0,168.0,61.0,127.0,1,1,1.0
418,2,158.0,166.0,62.0,128.0,1,1,1.0
419,2,160.0,165.0,62.0,128.0,1,1,1.0
420,2,164.0,167.0,59.0,125.0,1,1,1.0
421,2,170.0,162.0,53.0,128.0,1,1,1.0
422,2,177.0,159.0,45.0,127.0,1,1,1.0
423,2,182.0,159.0,40.0,125.0,1,1,1.0
424,2,184.0,160.0,39.0,121.0,1,1,1.0
425,2,188.0,161.0,39.0,120.0,1,1,1.0
426,2,192.0,158.0,45.0,122.0,1,1,1.0
427,2,191.0,160.0,54.0,122.0,1,1,1.0
428,2,195.0,157.0,57.0,124.0,1,1,1.0
429,2,200.0,156.0,57.0,125.0,1,1,1.0
430,2,202.0,154.0,57.0,126.0,1,1,1.0
431,2,206.0,152.0,54.0,125.0,1,1,1.0
432,2,214.0,151.0,48.0,125.0,1,1,1.0
433,2,219.0,151.0,43.0,122.0,1,1,1.0
434,2,224.0,150.0,39.0,120.0,1,1,1.0
435,2,227.0,150.0,40.0,119.0,1,1,1.0
436,2,232.0,149.0,42.0,119.0,1,1,1.0
437,2,235.0,148.0,51.0,120.0,1,1,1.0
438,2,237.0,147.0,59.0,121.0,1,1,1.0
439,2,240.0,146.0,61.0,122.0,1,1,1.0
440,2,242.0,144.0,63.0,123.0,1,1,1.0
441,2,244.0,140.0,63.0,126.0,1,1,1.0
442,2,249.0,139.0,58.0,125.0,1,1,1.0
443,2,256.0,139.0,51.0,123.0,1,1,1.0
444,2,264.0,139.0,43.0,121.0,1,1,1.0
445,2,269.0,138.0,38.0,120.0,1,1,1.0
446,2,273.0,137.0,37.0,120.0,1,1,1.0
447,2,280.0,141.0,37.0,116.0,1,1,1.0
448,2,281.0,139.0,45.0,118.0,1,1,1.0
449,2,283.0,136.0,47.0,121.0,1,1,1.0
450,2,286.0,135.0,46.0,122.0,1,1,1.0
451,2,288.0,134.0,46.0,122.0,1,1,1.0
452,2,290.0,130.0,44.0,125.0,1,1,1.0
453,2,296.0,130.0,39.0,124.0,1,1,1.0
454,2,302.0,129.0,37.0,123.0,1,1,1.0
455,2,306.0,128.0,39.0,123.0,1,1,1.0
456,2,314.0,128.0,36.0,104.0,1,1,1.0
457,2,319.0,127.0,37.0,98.0,1,1,1.0
458,2,323.0,126.0,38.0,97.0,1,1,1.0
459,2,326.0,126.0,38.0,95.0,1,1,1.0
460,2,329.0,127.0,38.0,95.0,1,1,1.0
461,2,333.0,126.0,38.0,95.0,1,1,1.0
462,2,338.0,125.0,36.0,95.0,1,1,1.0
463,2,343.0,124.0,34.0,94.0,1,1,1.0
464,2,348.0,125.0,33.0,92.0,1,1,1.0
466,2,354.0,120.0,39.0,122.0,1,1,1.0
467,2,359.0,118.0,38.0,129.0,1,1,1.0
468,2,363.0,118.0,41.0,121.0,1,1,1.0
469,2,367.0,118.0,48.0,116.0,1,1,1.0
470,2,370.0,118.0,54.0,114.0,1,1,1.0
471,2,373.0,117.0,58.0,113.0,1,1,1.0
472,2,376.0,117.0,59.0,112.0,1,1,1.0
473,2,380.0,116.0,58.0,113.0,1,1,1.0
474,2,384.0,115.0,55.0,115.0,1,1,1.0
475,2,388.0,113.0,51.0,117.0,1,1,1.0
476,2,393.0,111.0,45.0,118.0,1,1,1.0
477,2,398.0,111.0,40.0,117.0,1,1,1.0
478,2,403.0,111.0,39.0,117.0,1,1,1.0
479,2,406.0,111.0,41.0,116.0,1,1,1.0
480,2,410.0,110.0,48.0,117.0,1,1,1.0
481,2,414.0,109.0,55.0,119.0,1,1,1.0
482,2,416.0,109.0,59.0,118.0,1,1,1.0
483,2,417.0,108.0,62.0,119.0,1,1,1.0
484,2,420.0,107.0,62.0,119.0,1,1,1.0
485,2,424.0,107.0,59.0,118.0,1,1,1.0
486,2,431.0,107.0,52.0,117.0,1,1,1.0
487,2,439.0,105.0,44.0,117.0,1,1,1.0
488,2,445.0,105.0,38.0,118.0,1,1,1.0
489,2,450.0,103.0,38.0,119.0,1,1,1.0
490,2,454.0,103.0,40.0,119.0,1,1,1.0
491,2,456.0,103.0,49.0,119.0,1,1,1.0
492,2,459.0,103.0,57.0,119.0,1,1,1.0
493,2,461.0,103.0,61.0,118.0,1,1,1.0
494,2,463.0,104.0,64.0,117.0,1,1,1.0
495,2,464.0,102.0,64.0,118.0,1,1,1.0
496,2,468.0,99.0,61.0,121.0,1,1,1.0
497,2,475.0,99.0,54.0,120.0,1,1,1.0
498,2,482.0,97.0,47.0,120.0,1,1,1.0
499,2,488.0,96.0,41.0,120.0,1,1,1.0
500,2,492.0,96.0,40.0,120.0,1,1,1.0
501,2,496.0,95.0,42.0,120.0,1,1,1.0
502,2,502.0,96.0,47.0,119.0,1,1,1.0
503,2,505.0,96.0,55.0,119.0,1,1,1.0
504,2,507.0,96.0,59.0,119.0,1,1,1.0
505,2,509.0,96.0,62.0,119.0,1,1,1.0
506,2,512.0,95.0,61.0,119.0,1,1,1.0
507,2,516.0,94.0,57.0,119.0,1,1,1.0
508,2,524.0,93.0,50.0,119.0,1,1,1.0
509,2,532.0,93.0,42.0,119.0,1,1,1.0
510,2,536.0,92.0,39.0,120.0,1,1,1.0
511,2,539.0,92.0,42.0,120.0,1,1,1.0
512,2,542.0,92.0,46.0,120.0,1,1,1.0
513,2,546.0,90.0,54.0,122.0,1,1,1.0
514,2,549.0,90.0,60.0,122.0,1,1,1.0
515,2,552.0,91.0,64.0,121.0,1,1,1.0
516,2,554.0,92.0,65.0,120.0,1,1,1.0
517,2,557.0,90.0,65.0,121.0,1,1,1.0
518,2,561.0,90.0,62.0,121.0,1,1,1.0
519,2,568.0,89.0,55.0,120.0,1,1,1.0
520,2,576.0,89.0,46.0,120.0,1,1,1.0
521,2,581.0,91.0,41.0,117.0,1,1,1.0
522,2,584.0,88.0,43.0,119.0,1,1,1.0
523,2,588.0,87.0,45.0,120.0,1,1,1.0
524,2,591.0,88.0,50.0,119.0,1,1,1.0
525,2,594.0,87.0,55.0,119.0,1,1,1.0
526,2,599.0,88.0,56.0,119.0,1,1,1.0
527,2,601.0,88.0,56.0,119.0,1,1,1.0
528,2,605.0,88.0,54.0,120.0,1,1,1.0
529,2,610.0,87.0,50.0,120.0,1,1,1.0
530,2,614.0,87.0,46.0,120.0,1,1,1.0
531,2,617.0,86.0,42.0,120.0,1,1,1.0
532,2,621.0,86.0,41.0,121.0,1,1,1.0
533,2,624.0,87.0,42.0,120.0,1,1,1.0
534,2,628.0,87.0,47.0,121.0,1,1,1.0
535,2,631.0,87.0,53.0,120.0,1,1,1.0
536,2,634.0,87.0,59.0,121.0,1,1,1.0
537,2,638.0,87.0,60.0,121.0,1,1,1.0
538,2,640.0,87.0,59.0,121.0,1,1,1.0
539,2,642.0,86.0,58.0,122.0,1,1,1.0
540,2,646.0,85.0,54.0,123.0,1,1,1.0
541,2,651.0,83.0,50.0,124.0,1,1,1.0
542,2,655.0,83.0,46.0,124.0,1,1,1.0
543,2,659.0,83.0,42.0,125.0,1,1,1.0
544,2,661.0,83.0,45.0,125.0,1,1,1.0
545,2,664.0,83.0,48.0,126.0,1,1,1.0
546,2,667.0,84.0,51.0,126.0,1,1,1.0
547,2,670.0,83.0,53.0,126.0,1,1,1.0
548,2,673.0,84.0,54.0,126.0,1,1,1.0
549,2,676.0,83.0,54.0,126.0,1,1,1.0
550,2,678.0,84.0,53.0,126.0,1,1,1.0
551,2,681.0,85.0,51.0,126.0,1,1,1.0
552,2,684.0,84.0,47.0,127.0,1,1,1.0
553,2,687.0,83.0,44.0,127.0,1,1,1.0
554,2,691.0,84.0,43.0,127.0,1,1,1.0
555,2,693.0,83.0,44.0,127.0,1,1,1.0
556,2,696.0,84.0,48.0,126.0,1,1,1.0
557,2,699.0,83.0,52.0,127.0,1,1,1.0
558,2,702.0,84.0,57.0,127.0,1,1,1.0
559,2,705.0,84.0,58.0,128.0,1,1,1.0
560,2,708.0,83.0,58.0,129.0,1,1,1.0
561,2,711.0,85.0,55.0,128.0,1,1,1.0
562,2,714.0,85.0,53.0,128.0,1,1,1.0
563,2,718.0,82.0,49.0,131.0,1,1,1.0
564,2,722.0,79.0,45.0,134.0,1,1,1.0
565,2,726.0,81.0,45.0,132.0,1,1,1.0
566,2,728.0,82.0,48.0,132.0,1,1,1.0
567,2,730.0,83.0,51.0,132.0,1,1,1.0
568,2,734.0,84.0,53.0,132.0,1,1,1.0
569,2,738.0,83.0,54.0,132.0,1,1,1.0
570,2,742.0,84.0,54.0,132.0,1,1,1.0
571,2,745.0,84.0,54.0,132.0,1,1,1.0
572,2,748.0,84.0,53.0,133.0,1,1,1.0
573,2,752.0,85.0,51.0,133.0,1,1,1.0
574,2,756.0,84.0,48.0,134.0,1,1,1.0
575,2,759.0,83.0,44.0,135.0,1,1,1.0
576,2,763.0,81.0,44.0,137.0,1,1,1.0
577,2,767.0,79.0,45.0,138.0,1,1,1.0
578,2,770.0,82.0,49.0,136.0,1,1,1.0
579,2,774.0,83.0,56.0,135.0,1,1,1.0
580,2,777.0,84.0,62.0,135.0,1,1,1.0
581,2,780.0,85.0,66.0,134.0,1,1,1.0
582,2,781.0,85.0,67.0,134.0,1,1,1.0
583,2,784.0,85.0,66.0,134.0,1,1,1.0
584,2,789.0,84.0,62.0,135.0,1,1,1.0
585,2,795.0,83.0,59.0,136.0,1,1,1.0
586,2,802.0,83.0,59.0,137.0,1,1,1.0
587,2,806.0,82.0,58.0,138.0,1,1,1.0
588,2,810.0,82.0,51.0,139.0,1,1,1.0
589,2,814.0,82.0,48.0,140.0,1,1,1.0
590,2,817.0,82.0,54.0,139.0,1,1,1.0
591,2,820.0,83.0,60.0,138.0,1,1,1.0
592,2,821.0,84.0,64.0,139.0,1,1,1.0
593,2,824.0,84.0,63.0,139.0,1,1,1.0
594,2,830.0,84.0,59.0,140.0,1,1,1.0
595,2,836.0,83.0,54.0,141.0,1,1,1.0
596,2,841.0,83.0,53.0,141.0,1,1,1.0
597,2,845.0,83.0,51.0,142.0,1,1,1.0
598,2,850.0,82.0,51.0,142.0,1,1,1.0
599,2,854.0,81.0,54.0,143.0,1,1,1.0
600,2,858.0,82.0,59.0,143.0,1,1,1.0
601,2,862.0,83.0,67.0,142.0,1,1,1.0
602,2,865.0,84.0,72.0,141.0,1,1,1.0
603,2,866.0,85.0,75.0,140.0,1,1,1.0
604,2,869.0,85.0,73.0,141.0,1,1,1.0
605,2,873.0,84.0,70.0,142.0,1,1,1.0
606,2,880.0,83.0,63.0,144.0,1,1,1.0
607,2,889.0,82.0,55.0,145.0,1,1,1.0
608,2,895.0,83.0,53.0,144.0,1,1,1.0
609,2,900.0,82.0,52.0,146.0,1,1,1.0
610,2,905.0,83.0,51.0,146.0,1,1,1.0
611,2,909.0,84.0,56.0,146.0,1,1,1.0
612,2,914.0,84.0,62.0,146.0,1,1,1.0
613,2,916.0,86.0,67.0,145.0,1,1,1.0
614,2,917.0,86.0,69.0,145.0,1,1,1.0
615,2,922.0,86.0,65.0,146.0,1,1,1.0
616,2,931.0,85.0,57.0,147.0,1,1,1.0
617,2,938.0,83.0,53.0,148.0,1,1,1.0
618,2,943.0,83.0,51.0,149.0,1,1,1.0
619,2,948.0,82.0,51.0,149.0,1,1,1.0
620,2,952.0,82.0,51.0,150.0,1,1,1.0
621,2,956.0,83.0,60.0,149.0,1,1,1.0
622,2,961.0,84.0,68.0,149.0,1,1,1.0
623,2,963.0,84.0,75.0,148.0,1,1,1.0
624,2,964.0,85.0,78.0,148.0,1,1,1.0
625,2,965.0,86.0,79.0,149.0,1,1,1.0
626,2,971.0,85.0,74.0,150.0,1,1,1.0
627,2,979.0,85.0,66.0,151.0,1,1,1.0
628,2,990.0,84.0,58.0,152.0,1,1,1.0
629,2,997.0,84.0,56.0,152.0,1,1,1.0
630,2,1003.0,84.0,55.0,153.0,1,1,1.0
631,2,1009.0,85.0,54.0,153.0,1,1,1.0
632,2,1014.0,86.0,58.0,153.0,1,1,1.0
633,2,1018.0,87.0,64.0,152.0,1,1,1.0
634,2,1020.0,88.0,68.0,152.0,1,1,1.0
635,2,1021.0,89.0,73.0,153.0,1,1,1.0
636,2,1026.0,89.0,69.0,154.0,1,1,1.0
637,2,1035.0,89.0,62.0,155.0,1,1,1.0
638,2,1044.0,88.0,55.0,157.0,1,1,1.0
639,2,1051.0,87.0,50.0,158.0,1,1,1.0
640,2,1056.0,86.0,51.0,158.0,1,1,1.0
641,2,1062.0,86.0,53.0,159.0,1,1,1.0
642,2,1067.0,87.0,62.0,159.0,1,1,1.0
643,2,1070.0,88.0,73.0,157.0,1,1,1.0
644,2,1071.0,89.0,81.0,157.0,1,1,1.0
645,2,1069.0,90.0,88.0,157.0,1,1,1.0
646,2,1072.0,91.0,88.0,158.0,1,1,1.0
647,2,1080.0,91.0,81.0,159.0,1,1,1.0
648,2,1092.0,91.0,69.0,159.0,1,1,1.0
649,2,1106.0,90.0,56.0,160.0,1,1,1.0
650,2,1114.0,90.0,51.0,160.0,1,1,1.0
651,2,1120.0,92.0,49.0,162.0,1,1,1.0
652,2,1126.0,92.0,55.0,164.0,1,1,1.0
653,2,1131.0,93.0,64.0,163.0,1,1,1.0
654,2,1133.0,95.0,72.0,162.0,1,1,1.0
655,2,1136.0,96.0,75.0,162.0,1,1,1.0
656,2,1139.0,97.0,75.0,162.0,1,1,1.0
657,2,1147.0,97.0,68.0,163.0,1,1,1.0
658,2,1158.0,97.0,58.0,163.0,1,1,1.0
659,2,1170.0,97.0,49.0,164.0,1,1,1.0
660,2,1178.0,97.0,48.0,163.0,1,1,1.0
661,2,1182.0,97.0,52.0,163.0,1,1,1.0
662,2,1186.0,97.0,60.0,164.0,1,1,1.0
663,2,1188.0,98.0,73.0,164.0,1,1,1.0
664,2,1189.0,99.0,83.0,164.0,1,1,1.0
665,2,1190.0,100.0,89.0,165.0,1,1,1.0
666,2,1187.0,101.0,94.0,166.0,1,1,1.0
667,2,1196.0,102.0,87.0,166.0,1,1,1.0
668,2,1207.0,102.0,75.0,166.0,1,1,1.0
669,2,1223.0,102.0,63.0,166.0,1,1,1.0
670,2,1235.0,101.0,55.0,166.0,1,1,1.0
671,2,1243.0,102.0,58.0,169.0,1,1,1.0
672,2,1246.0,103.0,64.0,170.0,1,1,1.0
673,2,1251.0,104.0,72.0,170.0,1,1,1.0
674,2,1253.0,106.0,79.0,170.0,1,1,1.0
675,2,1255.0,107.0,84.0,170.0,1,1,1.0
676,2,1258.0,108.0,85.0,170.0,1,1,1.0
677,2,1265.0,109.0,82.0,170.0,1,1,1.0
678,2,1276.0,109.0,72.0,171.0,1,1,1.0
679,2,1289.0,109.0,56.0,171.0,1,1,1.0
680,2,1298.0,109.0,53.0,171.0,1,1,1.0
681,2,1307.0,110.0,52.0,170.0,1,1,1.0
682,2,1312.0,110.0,56.0,170.0,1,1,1.0
683,2,1315.0,112.0,69.0,171.0,1,1,1.0
684,2,1316.0,112.0,81.0,171.0,1,1,1.0
685,2,1317.0,114.0,88.0,171.0,1,1,1.0
686,2,1316.0,115.0,93.0,172.0,1,1,1.0
687,2,1320.0,115.0,91.0,173.0,1,1,1.0
688,2,1330.0,115.0,82.0,174.0,1,1,1.0
689,2,1343.0,115.0,68.0,174.0,1,1,1.0
690,2,1358.0,116.0,55.0,174.0,1,1,1.0
691,2,1371.0,116.0,50.0,175.0,1,1,1.0
692,2,1374.0,116.0,61.0,179.0,1,1,1.0
693,2,1378.0,118.0,70.0,181.0,1,1,1.0
694,2,1380.0,119.0,80.0,180.0,1,1,1.0
695,2,1382.0,121.0,89.0,180.0,1,1,1.0
696,2,1384.0,123.0,95.0,180.0,1,1,1.0
697,2,1388.0,124.0,97.0,181.0,1,1,1.0
698,2,1397.0,124.0,91.0,182.0,1,1,1.0
699,2,1409.0,124.0,78.0,182.0,1,1,1.0
700,2,1422.0,124.0,62.0,182.0,1,1,1.0
