1,1,1721.0,335.0,51.0,129.0,1,1,1.0
2,1,1716.0,336.0,53.0,129.0,1,1,1.0
3,1,1713.0,336.0,55.0,130.0,1,1,1.0
4,1,1710.0,336.0,54.0,131.0,1,1,1.0
5,1,1709.0,336.0,50.0,131.0,1,1,1.0
6,1,1709.0,335.0,46.0,132.0,1,1,1.0
7,1,1708.0,333.0,41.0,133.0,1,1,1.0
8,1,1706.0,332.0,38.0,134.0,1,1,1.0
9,1,1702.0,332.0,37.0,134.0,1,1,1.0
10,1,1692.0,332.0,44.0,134.0,1,1,1.0
11,1,1681.0,332.0,52.0,134.0,1,1,1.0
12,1,1672.0,333.0,56.0,133.0,1,1,1.0
13,1,1667.0,333.0,58.0,134.0,1,1,1.0
14,1,1663.0,333.0,60.0,134.0,1,1,1.0
15,1,1661.0,332.0,61.0,134.0,1,1,1.0
16,1,1661.0,331.0,61.0,133.0,1,1,1.0
17,1,1661.0,330.0,56.0,133.0,1,1,1.0
18,1,1661.0,329.0,50.0,134.0,1,1,1.0
19,1,1659.0,329.0,45.0,135.0,1,1,1.0
20,1,1656.0,329.0,41.0,136.0,1,1,1.0
21,1,1649.0,329.0,44.0,137.0,1,1,1.0
22,1,1639.0,330.0,51.0,136.0,1,1,1.0
23,1,1632.0,331.0,56.0,134.0,1,1,1.0
24,1,1627.0,331.0,58.0,135.0,1,1,1.0
25,1,1623.0,331.0,58.0,135.0,1,1,1.0
26,1,1621.0,331.0,55.0,136.0,1,1,1.0
27,1,1620.0,331.0,50.0,137.0,1,1,1.0
28,1,1620.0,330.0,45.0,137.0,1,1,1.0
29,1,1617.0,329.0,42.0,138.0,1,1,1.0
30,1,1610.0,328.0,44.0,139.0,1,1,1.0
31,1,1599.0,328.0,54.0,140.0,1,1,1.0
32,1,1586.0,328.0,65.0,139.0,1,1,1.0
33,1,1576.0,330.0,69.0,139.0,1,1,1.0
34,1,1570.0,330.0,71.0,138.0,1,1,1.0
35,1,1567.0,330.0,72.0,138.0,1,1,1.0
36,1,1565.0,329.0,71.0,138.0,1,1,1.0
37,1,1564.0,328.0,66.0,138.0,1,1,1.0
38,1,1564.0,327.0,58.0,138.0,1,1,1.0
39,1,1563.0,326.0,49.0,139.0,1,1,1.0
40,1,1558.0,326.0,47.0,140.0,1,1,1.0
41,1,1552.0,326.0,49.0,141.0,1,1,1.0
42,1,1545.0,327.0,51.0,140.0,1,1,1.0
43,1,1534.0,328.0,57.0,139.0,1,1,1.0
44,1,1527.0,328.0,61.0,138.0,1,1,1.0
45,1,1521.0,329.0,64.0,138.0,1,1,1.0
46,1,1518.0,329.0,65.0,139.0,1,1,1.0
47,1,1516.0,328.0,60.0,140.0,1,1,1.0
48,1,1516.0,327.0,53.0,141.0,1,1,1.0
49,1,1515.0,326.0,46.0,142.0,1,1,1.0
50,1,1514.0,325.0,42.0,143.0,1,1,1.0
51,1,1508.0,325.0,42.0,144.0,1,1,1.0
52,1,1496.0,325.0,52.0,144.0,1,1,1.0
53,1,1482.0,325.0,64.0,143.0,1,1,1.0
54,1,1471.0,326.0,75.0,142.0,1,1,1.0
55,1,1465.0,327.0,79.0,142.0,1,1,1.0
56,1,1461.0,327.0,80.0,142.0,1,1,1.0
57,1,1459.0,326.0,78.0,142.0,1,1,1.0
58,1,1459.0,326.0,72.0,143.0,1,1,1.0
59,1,1458.0,325.0,62.0,144.0,1,1,1.0
60,1,1458.0,324.0,51.0,145.0,1,1,1.0
61,1,1458.0,323.0,45.0,146.0,1,1,1.0
62,1,1453.0,324.0,44.0,148.0,1,1,1.0
63,1,1442.0,324.0,51.0,148.0,1,1,1.0
64,1,1430.0,325.0,59.0,145.0,1,1,1.0
65,1,1421.0,327.0,65.0,145.0,1,1,1.0
66,1,1415.0,328.0,68.0,145.0,1,1,1.0
67,1,1411.0,328.0,69.0,145.0,1,1,1.0
68,1,1409.0,327.0,65.0,146.0,1,1,1.0
69,1,1409.0,326.0,56.0,147.0,1,1,1.0
70,1,1407.0,325.0,49.0,148.0,1,1,1.0
71,1,1404.0,325.0,45.0,149.0,1,1,1.0
72,1,1398.0,324.0,48.0,149.0,1,1,1.0
73,1,1384.0,325.0,56.0,149.0,1,1,1.0
74,1,1369.0,325.0,69.0,148.0,1,1,1.0
75,1,1357.0,326.0,79.0,148.0,1,1,1.0
76,1,1350.0,327.0,83.0,147.0,1,1,1.0
77,1,1346.0,327.0,84.0,146.0,1,1,1.0
78,1,1345.0,326.0,82.0,147.0,1,1,1.0
79,1,1344.0,325.0,76.0,148.0,1,1,1.0
80,1,1345.0,324.0,64.0,149.0,1,1,1.0
81,1,1345.0,323.0,54.0,150.0,1,1,1.0
82,1,1342.0,323.0,47.0,152.0,1,1,1.0
83,1,1337.0,323.0,47.0,153.0,1,1,1.0
84,1,1323.0,324.0,57.0,152.0,1,1,1.0
85,1,1309.0,325.0,68.0,151.0,1,1,1.0
86,1,1300.0,327.0,73.0,150.0,1,1,1.0
87,1,1294.0,328.0,76.0,150.0,1,1,1.0
88,1,1291.0,328.0,75.0,150.0,1,1,1.0
89,1,1289.0,327.0,70.0,151.0,1,1,1.0
90,1,1289.0,327.0,61.0,152.0,1,1,1.0
91,1,1289.0,326.0,50.0,153.0,1,1,1.0
92,1,1288.0,325.0,46.0,154.0,1,1,1.0
93,1,1280.0,325.0,46.0,155.0,1,1,1.0
94,1,1266.0,324.0,55.0,155.0,1,1,1.0
95,1,1249.0,325.0,68.0,154.0,1,1,1.0
96,1,1237.0,327.0,79.0,153.0,1,1,1.0
97,1,1229.0,327.0,87.0,152.0,1,1,1.0
98,1,1225.0,328.0,93.0,151.0,1,1,1.0
99,1,1223.0,328.0,92.0,151.0,1,1,1.0
100,1,1222.0,327.0,87.0,151.0,1,1,1.0
101,1,1223.0,326.0,72.0,152.0,1,1,1.0
102,1,1223.0,325.0,57.0,153.0,1,1,1.0
103,1,1223.0,324.0,49.0,155.0,1,1,1.0
104,1,1216.0,325.0,50.0,156.0,1,1,1.0
105,1,1203.0,326.0,58.0,155.0,1,1,1.0
106,1,1187.0,326.0,68.0,155.0,1,1,1.0
107,1,1176.0,328.0,75.0,153.0,1,1,1.0
108,1,1170.0,328.0,80.0,153.0,1,1,1.0
109,1,1166.0,329.0,81.0,153.0,1,1,1.0
110,1,1164.0,329.0,77.0,153.0,1,1,1.0
111,1,1164.0,328.0,68.0,153.0,1,1,1.0
112,1,1164.0,327.0,56.0,154.0,1,1,1.0
113,1,1164.0,327.0,46.0,155.0,1,1,1.0
114,1,1156.0,326.0,48.0,156.0,1,1,1.0
115,1,1147.0,326.0,52.0,156.0,1,1,1.0
116,1,1132.0,327.0,64.0,156.0,1,1,1.0
117,1,1117.0,328.0,77.0,155.0,1,1,1.0
118,1,1107.0,329.0,87.0,154.0,1,1,1.0
119,1,1101.0,330.0,95.0,153.0,1,1,1.0
120,1,1098.0,330.0,100.0,153.0,1,1,1.0
121,1,1096.0,330.0,94.0,154.0,1,1,1.0
122,1,1096.0,329.0,84.0,155.0,1,1,1.0
123,1,1097.0,328.0,73.0,156.0,1,1,1.0
124,1,1096.0,328.0,57.0,157.0,1,1,1.0
125,1,1091.0,329.0,53.0,158.0,1,1,1.0
126,1,1082.0,330.0,54.0,158.0,1,1,1.0
127,1,1065.0,331.0,64.0,159.0,1,1,1.0
128,1,1051.0,333.0,75.0,157.0,1,1,1.0
129,1,1042.0,334.0,81.0,156.0,1,1,1.0
130,1,1037.0,334.0,84.0,157.0,1,1,1.0
131,1,1035.0,335.0,81.0,158.0,1,1,1.0
132,1,1034.0,334.0,71.0,158.0,1,1,1.0
133,1,1034.0,333.0,61.0,159.0,1,1,1.0
134,1,1033.0,332.0,53.0,160.0,1,1,1.0
135,1,1027.0,332.0,51.0,160.0,1,1,1.0
136,1,1017.0,333.0,54.0,159.0,1,1,1.0
137,1,1000.0,334.0,66.0,159.0,1,1,1.0
138,1,984.0,335.0,80.0,158.0,1,1,1.0
139,1,974.0,337.0,89.0,157.0,1,1,1.0
140,1,968.0,338.0,96.0,156.0,1,1,1.0
141,1,965.0,338.0,96.0,156.0,1,1,1.0
142,1,964.0,338.0,90.0,156.0,1,1,1.0
143,1,964.0,337.0,77.0,158.0,1,1,1.0
144,1,965.0,336.0,64.0,159.0,1,1,1.0
145,1,963.0,336.0,55.0,159.0,1,1,1.0
146,1,956.0,336.0,54.0,160.0,1,1,1.0
147,1,946.0,337.0,55.0,161.0,1,1,1.0
148,1,928.0,338.0,68.0,161.0,1,1,1.0
149,1,915.0,339.0,79.0,159.0,1,1,1.0
150,1,907.0,341.0,85.0,160.0,1,1,1.0
151,1,902.0,342.0,88.0,160.0,1,1,1.0
152,1,900.0,342.0,86.0,160.0,1,1,1.0
153,1,899.0,342.0,76.0,161.0,1,1,1.0
154,1,899.0,341.0,64.0,162.0,1,1,1.0
155,1,894.0,340.0,60.0,162.0,1,1,1.0
156,1,888.0,341.0,58.0,161.0,1,1,1.0
157,1,883.0,342.0,56.0,160.0,1,1,1.0
158,1,866.0,342.0,68.0,161.0,1,1,1.0
159,1,849.0,343.0,85.0,159.0,1,1,1.0
160,1,839.0,345.0,93.0,158.0,1,1,1.0
161,1,833.0,346.0,107.0,157.0,1,1,1.0
162,1,830.0,346.0,105.0,157.0,1,1,1.0
163,1,823.0,346.0,103.0,158.0,1,1,1.0
164,1,813.0,345.0,98.0,158.0,1,1,1.0
165,1,815.0,344.0,80.0,159.0,1,1,1.0
166,1,805.0,343.0,73.0,161.0,1,1,1.0
167,1,808.0,343.0,61.0,164.0,1,1,1.0
168,1,803.0,343.0,58.0,165.0,1,1,1.0
169,1,788.0,344.0,71.0,164.0,1,1,1.0
170,1,776.0,345.0,82.0,163.0,1,1,1.0
171,1,769.0,347.0,88.0,162.0,1,1,1.0
172,1,765.0,348.0,90.0,161.0,1,1,1.0
173,1,763.0,348.0,87.0,162.0,1,1,1.0
174,1,760.0,348.0,78.0,162.0,1,1,1.0
175,1,758.0,347.0,69.0,163.0,1,1,1.0
176,1,751.0,347.0,64.0,163.0,1,1,1.0
177,1,739.0,347.0,65.0,163.0,1,1,1.0
178,1,725.0,348.0,76.0,162.0,1,1,1.0
179,1,712.0,350.0,87.0,161.0,1,1,1.0
180,1,701.0,351.0,95.0,160.0,1,1,1.0
181,1,694.0,352.0,98.0,159.0,1,1,1.0
182,1,682.0,353.0,108.0,158.0,1,1,1.0
183,1,674.0,353.0,109.0,158.0,1,1,1.0
184,1,669.0,353.0,103.0,159.0,1,1,1.0
185,1,668.0,352.0,92.0,160.0,1,1,1.0
186,1,668.0,352.0,77.0,160.0,1,1,1.0
187,1,667.0,352.0,64.0,162.0,1,1,1.0
188,1,666.0,352.0,57.0,162.0,1,1,1.0
189,1,655.0,353.0,65.0,162.0,1,1,1.0
190,1,642.0,354.0,78.0,160.0,1,1,1.0
191,1,634.0,355.0,85.0,160.0,1,1,1.0
192,1,628.0,356.0,90.0,160.0,1,1,1.0
193,1,626.0,357.0,87.0,160.0,1,1,1.0
194,1,626.0,357.0,79.0,160.0,1,1,1.0
195,1,625.0,356.0,65.0,161.0,1,1,1.0
196,1,620.0,355.0,55.0,162.0,1,1,1.0
197,1,613.0,355.0,54.0,162.0,1,1,1.0
198,1,605.0,355.0,54.0,162.0,1,1,1.0
199,1,594.0,356.0,63.0,161.0,1,1,1.0
200,1,578.0,357.0,77.0,161.0,1,1,1.0
201,1,568.0,358.0,87.0,160.0,1,1,1.0
202,1,562.0,360.0,95.0,160.0,1,1,1.0
203,1,558.0,361.0,98.0,160.0,1,1,1.0
204,1,557.0,361.0,91.0,160.0,1,1,1.0
205,1,555.0,361.0,83.0,160.0,1,1,1.0
206,1,548.0,361.0,76.0,161.0,1,1,1.0
207,1,540.0,360.0,65.0,162.0,1,1,1.0
208,1,534.0,360.0,57.0,164.0,1,1,1.0
209,1,529.0,361.0,58.0,165.0,1,1,1.0
210,1,514.0,362.0,72.0,165.0,1,1,1.0
211,1,502.0,363.0,83.0,163.0,1,1,1.0
212,1,496.0,364.0,88.0,163.0,1,1,1.0
213,1,493.0,366.0,89.0,162.0,1,1,1.0
214,1,491.0,366.0,86.0,162.0,1,1,1.0
215,1,486.0,367.0,80.0,162.0,1,1,1.0
216,1,480.0,366.0,72.0,162.0,1,1,1.0
217,1,473.0,365.0,64.0,163.0,1,1,1.0
218,1,468.0,366.0,59.0,162.0,1,1,1.0
219,1,461.0,366.0,62.0,162.0,1,1,1.0
220,1,454.0,368.0,68.0,161.0,1,1,1.0
221,1,446.0,369.0,77.0,160.0,1,1,1.0
222,1,437.0,371.0,85.0,160.0,1,1,1.0
223,1,429.0,371.0,90.0,160.0,1,1,1.0
224,1,426.0,371.0,87.0,161.0,1,1,1.0
225,1,421.0,371.0,80.0,161.0,1,1,1.0
226,1,416.0,372.0,71.0,160.0,1,1,1.0
227,1,409.0,371.0,64.0,161.0,1,1,1.0
228,1,404.0,372.0,60.0,162.0,1,1,1.0
229,1,398.0,372.0,58.0,165.0,1,1,1.0
230,1,391.0,373.0,62.0,165.0,1,1,1.0
231,1,379.0,375.0,73.0,163.0,1,1,1.0
232,1,371.0,376.0,81.0,162.0,1,1,1.0
233,1,365.0,378.0,86.0,161.0,1,1,1.0
234,1,363.0,378.0,84.0,162.0,1,1,1.0
235,1,353.0,379.0,85.0,161.0,1,1,1.0
236,1,351.0,378.0,76.0,163.0,1,1,1.0
237,1,347.0,377.0,66.0,164.0,1,1,1.0
238,1,343.0,376.0,60.0,165.0,1,1,1.0
239,1,337.0,376.0,58.0,165.0,1,1,1.0
240,1,332.0,378.0,59.0,163.0,1,1,1.0
241,1,324.0,380.0,68.0,162.0,1,1,1.0
242,1,315.0,382.0,76.0,159.0,1,1,1.0
243,1,308.0,383.0,82.0,159.0,1,1,1.0
244,1,305.0,384.0,82.0,158.0,1,1,1.0
245,1,303.0,383.0,73.0,160.0,1,1,1.0
247,1,287.0,384.0,64.0,161.0,1,1,1.0
248,1,282.0,383.0,58.0,162.0,1,1,1.0
249,1,276.0,383.0,57.0,164.0,1,1,1.0
250,1,272.0,385.0,58.0,164.0,1,1,1.0
251,1,263.0,387.0,66.0,162.0,1,1,1.0
252,1,251.0,388.0,77.0,161.0,1,1,1.0
253,1,245.0,391.0,83.0,159.0,1,1,1.0
254,1,241.0,391.0,84.0,159.0,1,1,1.0
255,1,239.0,392.0,80.0,158.0,1,1,1.0
256,1,237.0,392.0,73.0,158.0,1,1,1.0
257,1,231.0,392.0,67.0,159.0,1,1,1.0
258,1,229.0,393.0,53.0,158.0,1,1,1.0
259,1,225.0,395.0,47.0,156.0,1,1,1.0
260,1,220.0,397.0,48.0,154.0,1,1,1.0
261,1,214.0,397.0,53.0,155.0,1,1,1.0
262,1,206.0,397.0,61.0,155.0,1,1,1.0
263,1,200.0,397.0,67.0,155.0,1,1,1.0
264,1,195.0,397.0,70.0,155.0,1,1,1.0
265,1,192.0,399.0,66.0,151.0,1,1,1.0
266,1,190.0,398.0,54.0,151.0,1,1,1.0
267,1,185.0,398.0,53.0,151.0,1,1,1.0
268,1,180.0,397.0,48.0,152.0,1,1,1.0
269,1,172.0,395.0,49.0,155.0,1,1,1.0
270,1,168.0,395.0,49.0,156.0,1,1,1.0
271,1,158.0,396.0,58.0,156.0,1,1,1.0
272,1,152.0,397.0,64.0,154.0,1,1,1.0
273,1,148.0,398.0,67.0,152.0,1,1,1.0
274,1,146.0,399.0,69.0,151.0,1,1,1.0
275,1,144.0,399.0,68.0,150.0,1,1,1.0
276,1,142.0,399.0,66.0,151.0,1,1,1.0
277,1,141.0,399.0,51.0,151.0,1,1,1.0
278,1,136.0,398.0,50.0,152.0,1,1,1.0
279,1,132.0,398.0,48.0,152.0,1,1,1.0
280,1,128.0,397.0,47.0,153.0,1,1,1.0
281,1,124.0,397.0,48.0,153.0,1,1,1.0
282,1,121.0,397.0,51.0,153.0,1,1,1.0
283,1,117.0,398.0,52.0,152.0,1,1,1.0
284,1,114.0,398.0,56.0,151.0,1,1,1.0
285,1,111.0,399.0,55.0,151.0,1,1,1.0
286,1,109.0,398.0,53.0,151.0,1,1,1.0
287,1,107.0,397.0,48.0,150.0,1,1,1.0
288,1,104.0,396.0,47.0,149.0,1,1,1.0
289,1,102.0,396.0,48.0,149.0,1,1,1.0
290,1,101.0,395.0,48.0,149.0,1,1,1.0
291,1,99.0,394.0,49.0,149.0,1,1,1.0
292,1,98.0,393.0,50.0,150.0,1,1,1.0
293,1,98.0,393.0,46.0,150.0,1,1,1.0
294,1,99.0,393.0,46.0,150.0,1,1,1.0
295,1,99.0,394.0,44.0,149.0,1,1,1.0
296,1,99.0,394.0,44.0,149.0,1,1,1.0
297,1,98.0,392.0,44.0,149.0,1,1,1.0
298,1,99.0,391.0,43.0,147.0,1,1,1.0
299,1,98.0,389.0,44.0,146.0,1,1,1.0
300,1,96.0,387.0,46.0,145.0,1,1,1.0
301,1,95.0,387.0,50.0,145.0,1,1,1.0
302,1,95.0,386.0,51.0,145.0,1,1,1.0
303,1,98.0,386.0,52.0,145.0,1,1,1.0
304,1,101.0,386.0,51.0,145.0,1,1,1.0
305,1,106.0,387.0,51.0,144.0,1,1,1.0
306,1,108.0,386.0,51.0,143.0,1,1,1.0
307,1,112.0,384.0,50.0,144.0,1,1,1.0
308,1,118.0,383.0,47.0,144.0,1,1,1.0
309,1,122.0,381.0,45.0,142.0,1,1,1.0
310,1,126.0,380.0,42.0,140.0,1,1,1.0
311,1,129.0,379.0,43.0,139.0,1,1,1.0
312,1,131.0,378.0,45.0,139.0,1,1,1.0
314,1,138.0,378.0,52.0,139.0,1,1,1.0
315,1,141.0,377.0,57.0,139.0,1,1,1.0
316,1,145.0,377.0,58.0,139.0,1,1,1.0
317,1,149.0,377.0,57.0,138.0,1,1,1.0
318,1,153.0,375.0,54.0,138.0,1,1,1.0
319,1,155.0,373.0,52.0,137.0,1,1,1.0
320,1,159.0,371.0,50.0,135.0,1,1,1.0
321,1,165.0,369.0,47.0,137.0,1,1,1.0
322,1,172.0,368.0,46.0,136.0,1,1,1.0
323,1,174.0,367.0,58.0,137.0,1,1,1.0
324,1,177.0,367.0,52.0,136.0,1,1,1.0
325,1,182.0,366.0,63.0,137.0,1,1,1.0
326,1,187.0,367.0,66.0,136.0,1,1,1.0
327,1,191.0,367.0,65.0,135.0,1,1,1.0
328,1,196.0,365.0,60.0,134.0,1,1,1.0
329,1,202.0,362.0,52.0,133.0,1,1,1.0
330,1,209.0,362.0,45.0,130.0,1,1,1.0
331,1,214.0,363.0,42.0,129.0,1,1,1.0
332,1,219.0,361.0,42.0,131.0,1,1,1.0
333,1,223.0,361.0,45.0,131.0,1,1,1.0
334,1,227.0,360.0,52.0,131.0,1,1,1.0
335,1,231.0,358.0,54.0,133.0,1,1,1.0
336,1,234.0,354.0,55.0,137.0,1,1,1.0
337,1,235.0,352.0,54.0,136.0,1,1,1.0
338,1,236.0,352.0,55.0,134.0,1,1,1.0
339,1,240.0,351.0,53.0,133.0,1,1,1.0
340,1,247.0,349.0,49.0,133.0,1,1,1.0
341,1,252.0,347.0,48.0,133.0,1,1,1.0
342,1,257.0,347.0,52.0,133.0,1,1,1.0
343,1,260.0,347.0,61.0,132.0,1,1,1.0
344,1,262.0,347.0,67.0,132.0,1,1,1.0
345,1,265.0,348.0,70.0,131.0,1,1,1.0
346,1,270.0,347.0,69.0,131.0,1,1,1.0
347,1,275.0,345.0,64.0,131.0,1,1,1.0
348,1,283.0,344.0,57.0,132.0,1,1,1.0
349,1,291.0,342.0,49.0,131.0,1,1,1.0
350,1,296.0,341.0,45.0,130.0,1,1,1.0
351,1,302.0,341.0,42.0,129.0,1,1,1.0
352,1,305.0,341.0,42.0,128.0,1,1,1.0
353,1,309.0,340.0,46.0,129.0,1,1,1.0
354,1,314.0,341.0,50.0,128.0,1,1,1.0
355,1,317.0,340.0,54.0,129.0,1,1,1.0
356,1,319.0,340.0,57.0,128.0,1,1,1.0
357,1,322.0,340.0,67.0,128.0,1,1,1.0
358,1,327.0,339.0,70.0,128.0,1,1,1.0
359,1,332.0,336.0,67.0,128.0,1,1,1.0
360,1,339.0,334.0,59.0,126.0,1,1,1.0
361,1,343.0,333.0,54.0,126.0,1,1,1.0
362,1,348.0,332.0,49.0,126.0,1,1,1.0
363,1,352.0,332.0,55.0,126.0,1,1,1.0
364,1,357.0,332.0,61.0,126.0,1,1,1.0
365,1,360.0,332.0,66.0,125.0,1,1,1.0
366,1,362.0,332.0,68.0,125.0,1,1,1.0
367,1,364.0,331.0,69.0,126.0,1,1,1.0
368,1,368.0,331.0,66.0,124.0,1,1,1.0
369,1,375.0,330.0,59.0,122.0,1,1,1.0
370,1,385.0,328.0,50.0,121.0,1,1,1.0
371,1,391.0,327.0,44.0,122.0,1,1,1.0
372,1,396.0,327.0,46.0,122.0,1,1,1.0
373,1,400.0,326.0,49.0,123.0,1,1,1.0
374,1,405.0,325.0,51.0,124.0,1,1,1.0
375,1,409.0,325.0,56.0,124.0,1,1,1.0
376,1,411.0,325.0,60.0,123.0,1,1,1.0
377,1,413.0,325.0,63.0,123.0,1,1,1.0
378,1,419.0,324.0,61.0,122.0,1,1,1.0
379,1,424.0,323.0,59.0,122.0,1,1,1.0
380,1,431.0,322.0,49.0,123.0,1,1,1.0
381,1,436.0,321.0,44.0,122.0,1,1,1.0
382,1,442.0,320.0,40.0,121.0,1,1,1.0
383,1,446.0,318.0,41.0,122.0,1,1,1.0
384,1,451.0,318.0,36.0,121.0,1,1,1.0
385,1,455.0,318.0,35.0,122.0,1,1,1.0
386,1,458.0,318.0,36.0,121.0,1,1,1.0
387,1,460.0,318.0,40.0,121.0,1,1,1.0
388,1,461.0,318.0,43.0,120.0,1,1,1.0
389,1,464.0,317.0,45.0,120.0,1,1,1.0
390,1,471.0,317.0,43.0,120.0,1,1,1.0
391,1,479.0,316.0,42.0,104.0,1,1,1.0
392,1,486.0,314.0,37.0,97.0,1,1,1.0
393,1,492.0,313.0,37.0,95.0,1,1,1.0
394,1,498.0,312.0,44.0,95.0,1,1,1.0
395,1,502.0,312.0,53.0,118.0,1,1,1.0
397,1,512.0,313.0,57.0,118.0,1,1,1.0
398,1,517.0,314.0,55.0,122.0,1,1,1.0
399,1,522.0,313.0,52.0,126.0,1,1,1.0
400,1,527.0,312.0,47.0,130.0,1,1,1.0
401,1,532.0,311.0,43.0,130.0,1,1,1.0
402,1,536.0,309.0,38.0,132.0,1,1,1.0
403,1,539.0,308.0,39.0,131.0,1,1,1.0
404,1,542.0,308.0,32.0,131.0,1,1,1.0
405,1,548.0,307.0,44.0,123.0,1,1,1.0
407,1,552.0,308.0,60.0,118.0,1,1,1.0
408,1,553.0,308.0,66.0,116.0,1,1,1.0
409,1,556.0,308.0,67.0,116.0,1,1,1.0
410,1,561.0,307.0,63.0,116.0,1,1,1.0
411,1,569.0,307.0,56.0,115.0,1,1,1.0
412,1,578.0,306.0,47.0,115.0,1,1,1.0
413,1,584.0,306.0,43.0,115.0,1,1,1.0
414,1,585.0,305.0,45.0,116.0,1,1,1.0
415,1,593.0,305.0,44.0,116.0,1,1,1.0
416,1,597.0,306.0,53.0,115.0,1,1,1.0
417,1,600.0,306.0,60.0,115.0,1,1,1.0
418,1,603.0,306.0,63.0,114.0,1,1,1.0
419,1,605.0,307.0,66.0,113.0,1,1,1.0
420,1,608.0,305.0,65.0,114.0,1,1,1.0
421,1,611.0,305.0,61.0,114.0,1,1,1.0
422,1,618.0,304.0,55.0,114.0,1,1,1.0
423,1,627.0,304.0,46.0,114.0,1,1,1.0
424,1,635.0,303.0,39.0,115.0,1,1,1.0
425,1,641.0,303.0,38.0,116.0,1,1,1.0
426,1,644.0,302.0,44.0,117.0,1,1,1.0
427,1,647.0,301.0,52.0,117.0,1,1,1.0
428,1,648.0,303.0,57.0,116.0,1,1,1.0
429,1,650.0,303.0,60.0,116.0,1,1,1.0
430,1,652.0,303.0,60.0,118.0,1,1,1.0
431,1,656.0,303.0,58.0,118.0,1,1,1.0
432,1,662.0,302.0,52.0,119.0,1,1,1.0
433,1,669.0,302.0,44.0,120.0,1,1,1.0
434,1,676.0,301.0,39.0,120.0,1,1,1.0
435,1,680.0,301.0,40.0,120.0,1,1,1.0
436,1,685.0,301.0,45.0,120.0,1,1,1.0
437,1,688.0,302.0,53.0,120.0,1,1,1.0
438,1,689.0,303.0,62.0,119.0,1,1,1.0
439,1,690.0,304.0,67.0,118.0,1,1,1.0
440,1,692.0,304.0,67.0,118.0,1,1,1.0
441,1,696.0,305.0,66.0,117.0,1,1,1.0
442,1,700.0,304.0,63.0,118.0,1,1,1.0
443,1,707.0,303.0,56.0,119.0,1,1,1.0
444,1,717.0,302.0,47.0,120.0,1,1,1.0
445,1,723.0,302.0,42.0,121.0,1,1,1.0
446,1,727.0,303.0,39.0,121.0,1,1,1.0
447,1,729.0,303.0,43.0,122.0,1,1,1.0
448,1,729.0,303.0,50.0,122.0,1,1,1.0
449,1,730.0,304.0,55.0,122.0,1,1,1.0
450,1,730.0,304.0,59.0,122.0,1,1,1.0
451,1,732.0,305.0,60.0,123.0,1,1,1.0
452,1,735.0,305.0,58.0,123.0,1,1,1.0
453,1,740.0,304.0,55.0,124.0,1,1,1.0
454,1,746.0,304.0,52.0,125.0,1,1,1.0
455,1,755.0,304.0,47.0,125.0,1,1,1.0
456,1,762.0,303.0,44.0,125.0,1,1,1.0
457,1,767.0,303.0,46.0,125.0,1,1,1.0
458,1,771.0,304.0,49.0,125.0,1,1,1.0
459,1,775.0,305.0,54.0,125.0,1,1,1.0
460,1,777.0,306.0,56.0,125.0,1,1,1.0
461,1,779.0,306.0,56.0,125.0,1,1,1.0
462,1,780.0,306.0,57.0,126.0,1,1,1.0
463,1,785.0,305.0,54.0,127.0,1,1,1.0
464,1,791.0,305.0,49.0,128.0,1,1,1.0
465,1,797.0,304.0,45.0,129.0,1,1,1.0
466,1,800.0,304.0,43.0,130.0,1,1,1.0
467,1,802.0,305.0,42.0,129.0,1,1,1.0
468,1,802.0,307.0,47.0,129.0,1,1,1.0
469,1,803.0,308.0,54.0,128.0,1,1,1.0
470,1,804.0,309.0,59.0,129.0,1,1,1.0
471,1,806.0,309.0,61.0,130.0,1,1,1.0
472,1,808.0,309.0,60.0,130.0,1,1,1.0
473,1,813.0,309.0,56.0,130.0,1,1,1.0
474,1,820.0,308.0,52.0,131.0,1,1,1.0
475,1,829.0,308.0,47.0,131.0,1,1,1.0
476,1,837.0,308.0,43.0,132.0,1,1,1.0
477,1,844.0,307.0,45.0,132.0,1,1,1.0
478,1,849.0,309.0,51.0,131.0,1,1,1.0
479,1,851.0,310.0,59.0,130.0,1,1,1.0
480,1,852.0,311.0,65.0,131.0,1,1,1.0
481,1,853.0,311.0,66.0,132.0,1,1,1.0
482,1,856.0,311.0,66.0,133.0,1,1,1.0
483,1,860.0,310.0,62.0,134.0,1,1,1.0
484,1,866.0,310.0,57.0,135.0,1,1,1.0
485,1,873.0,309.0,51.0,135.0,1,1,1.0
486,1,881.0,309.0,45.0,136.0,1,1,1.0
487,1,887.0,309.0,44.0,137.0,1,1,1.0
488,1,890.0,310.0,49.0,137.0,1,1,1.0
489,1,894.0,311.0,54.0,137.0,1,1,1.0
490,1,898.0,312.0,58.0,137.0,1,1,1.0
491,1,900.0,313.0,61.0,137.0,1,1,1.0
492,1,905.0,313.0,59.0,137.0,1,1,1.0
493,1,911.0,313.0,55.0,138.0,1,1,1.0
494,1,917.0,312.0,48.0,139.0,1,1,1.0
495,1,921.0,312.0,45.0,139.0,1,1,1.0
496,1,925.0,311.0,48.0,140.0,1,1,1.0
497,1,929.0,312.0,53.0,140.0,1,1,1.0
498,1,935.0,313.0,60.0,139.0,1,1,1.0
499,1,939.0,314.0,68.0,139.0,1,1,1.0
500,1,941.0,314.0,73.0,139.0,1,1,1.0
501,1,943.0,314.0,74.0,140.0,1,1,1.0
502,1,946.0,314.0,72.0,141.0,1,1,1.0
503,1,949.0,315.0,69.0,141.0,1,1,1.0
504,1,953.0,313.0,65.0,143.0,1,1,1.0
505,1,961.0,313.0,58.0,144.0,1,1,1.0
506,1,970.0,312.0,51.0,145.0,1,1,1.0
507,1,975.0,312.0,48.0,147.0,1,1,1.0
508,1,977.0,312.0,57.0,148.0,1,1,1.0
509,1,978.0,314.0,69.0,147.0,1,1,1.0
510,1,983.0,315.0,71.0,146.0,1,1,1.0
511,1,989.0,317.0,69.0,145.0,1,1,1.0
512,1,992.0,318.0,69.0,145.0,1,1,1.0
513,1,998.0,318.0,64.0,146.0,1,1,1.0
514,1,1004.0,318.0,58.0,146.0,1,1,1.0
515,1,1012.0,317.0,51.0,148.0,1,1,1.0
516,1,1021.0,317.0,47.0,147.0,1,1,1.0
517,1,1028.0,317.0,48.0,147.0,1,1,1.0
518,1,1038.0,319.0,48.0,146.0,1,1,1.0
519,1,1027.0,319.0,73.0,147.0,1,1,1.0
520,1,1024.0,321.0,86.0,147.0,1,1,1.0
521,1,1028.0,322.0,88.0,146.0,1,1,1.0
522,1,1029.0,322.0,89.0,147.0,1,1,1.0
523,1,1040.0,322.0,80.0,148.0,1,1,1.0
524,1,1052.0,321.0,67.0,149.0,1,1,1.0
525,1,1062.0,320.0,57.0,150.0,1,1,1.0
526,1,1070.0,320.0,51.0,151.0,1,1,1.0
527,1,1079.0,320.0,46.0,153.0,1,1,1.0
528,1,1085.0,320.0,49.0,155.0,1,1,1.0
529,1,1090.0,321.0,59.0,153.0,1,1,1.0
530,1,1093.0,323.0,67.0,152.0,1,1,1.0
531,1,1095.0,324.0,71.0,152.0,1,1,1.0
532,1,1098.0,325.0,73.0,153.0,1,1,1.0
533,1,1104.0,326.0,69.0,153.0,1,1,1.0
534,1,1112.0,325.0,60.0,154.0,1,1,1.0
535,1,1123.0,324.0,50.0,155.0,1,1,1.0
536,1,1131.0,323.0,44.0,156.0,1,1,1.0
537,1,1138.0,323.0,45.0,156.0,1,1,1.0
538,1,1142.0,324.0,54.0,156.0,1,1,1.0
539,1,1145.0,325.0,65.0,154.0,1,1,1.0
540,1,1148.0,327.0,76.0,154.0,1,1,1.0
541,1,1150.0,329.0,80.0,153.0,1,1,1.0
542,1,1151.0,329.0,82.0,154.0,1,1,1.0
543,1,1155.0,329.0,79.0,156.0,1,1,1.0
544,1,1163.0,329.0,72.0,157.0,1,1,1.0
545,1,1174.0,329.0,62.0,158.0,1,1,1.0
546,1,1186.0,328.0,54.0,158.0,1,1,1.0
547,1,1196.0,328.0,50.0,161.0,1,1,1.0
548,1,1203.0,329.0,49.0,163.0,1,1,1.0
549,1,1206.0,330.0,55.0,164.0,1,1,1.0
550,1,1208.0,331.0,65.0,164.0,1,1,1.0
551,1,1208.0,333.0,72.0,164.0,1,1,1.0
552,1,1208.0,335.0,77.0,164.0,1,1,1.0
553,1,1213.0,336.0,74.0,164.0,1,1,1.0
554,1,1218.0,337.0,71.0,165.0,1,1,1.0
555,1,1224.0,336.0,66.0,165.0,1,1,1.0
556,1,1231.0,335.0,65.0,167.0,1,1,1.0
558,1,1253.0,337.0,57.0,165.0,1,1,1.0
559,1,1260.0,338.0,66.0,165.0,1,1,1.0
560,1,1262.0,340.0,78.0,164.0,1,1,1.0
561,1,1263.0,342.0,85.0,166.0,1,1,1.0
562,1,1261.0,343.0,90.0,167.0,1,1,1.0
563,1,1267.0,344.0,86.0,167.0,1,1,1.0
564,1,1276.0,345.0,78.0,168.0,1,1,1.0
565,1,1286.0,345.0,68.0,168.0,1,1,1.0
566,1,1293.0,344.0,63.0,169.0,1,1,1.0
567,1,1307.0,344.0,53.0,171.0,1,1,1.0
568,1,1318.0,345.0,54.0,174.0,1,1,1.0
569,1,1323.0,346.0,59.0,175.0,1,1,1.0
570,1,1325.0,349.0,68.0,174.0,1,1,1.0
571,1,1326.0,351.0,74.0,174.0,1,1,1.0
572,1,1327.0,353.0,79.0,174.0,1,1,1.0
573,1,1332.0,355.0,77.0,174.0,1,1,1.0
574,1,1344.0,355.0,66.0,174.0,1,1,1.0
575,1,1358.0,355.0,55.0,174.0,1,1,1.0
576,1,1365.0,355.0,53.0,174.0,1,1,1.0
577,1,1366.0,355.0,61.0,174.0,1,1,1.0
578,1,1365.0,355.0,72.0,175.0,1,1,1.0
579,1,1367.0,356.0,83.0,176.0,1,1,1.0
580,1,1370.0,359.0,95.0,175.0,1,1,1.0
581,1,1375.0,361.0,100.0,174.0,1,1,1.0
582,1,1382.0,364.0,99.0,175.0,1,1,1.0
583,1,1388.0,365.0,95.0,175.0,1,1,1.0
584,1,1396.0,365.0,89.0,176.0,1,1,1.0
585,1,1404.0,364.0,87.0,177.0,1,1,1.0
586,1,1415.0,364.0,75.0,177.0,1,1,1.0
587,1,1422.0,364.0,76.0,178.0,1,1,1.0
588,1,1433.0,365.0,72.0,181.0,1,1,1.0
589,1,1444.0,366.0,71.0,184.0,1,1,1.0
590,1,1450.0,368.0,79.0,182.0,1,1,1.0
591,1,1451.0,370.0,89.0,182.0,1,1,1.0
592,1,1451.0,372.0,95.0,182.0,1,1,1.0
593,1,1456.0,374.0,94.0,182.0,1,1,1.0
594,1,1469.0,374.0,86.0,181.0,1,1,1.0
595,1,1483.0,374.0,76.0,182.0,1,1,1.0
596,1,1487.0,374.0,78.0,182.0,1,1,1.0
597,1,1491.0,374.0,81.0,182.0,1,1,1.0
598,1,1498.0,375.0,80.0,181.0,1,1,1.0
599,1,1502.0,377.0,84.0,181.0,1,1,1.0
600,1,1513.0,380.0,88.0,180.0,1,1,1.0
601,1,1519.0,382.0,93.0,179.0,1,1,1.0
602,1,1523.0,384.0,96.0,180.0,1,1,1.0
603,1,1526.0,386.0,97.0,181.0,1,1,1.0
604,1,1535.0,386.0,91.0,182.0,1,1,1.0
605,1,1546.0,387.0,85.0,182.0,1,1,1.0
606,1,1560.0,387.0,78.0,182.0,1,1,1.0
607,1,1572.0,386.0,72.0,184.0,1,1,1.0
608,1,1582.0,387.0,68.0,186.0,1,1,1.0
609,1,1583.0,389.0,77.0,188.0,1,1,1.0
610,1,1588.0,391.0,86.0,187.0,1,1,1.0
611,1,1593.0,393.0,93.0,185.0,1,1,1.0
612,1,1597.0,396.0,97.0,184.0,1,1,1.0
613,1,1603.0,397.0,94.0,185.0,1,1,1.0
614,1,1613.0,398.0,87.0,185.0,1,1,1.0
615,1,1626.0,398.0,80.0,185.0,1,1,1.0
616,1,1643.0,398.0,68.0,185.0,1,1,1.0
