1,1,1716.0,330.0,51.0,129.0,1,1,1.0
1,2,1755.0,340.0,43.0,128.0,1,1,1.0
2,1,1717.0,330.0,48.0,128.0,1,1,1.0
2,2,1754.0,340.0,43.0,128.0,1,1,1.0
3,1,1718.0,337.0,45.0,121.0,1,1,1.0
3,2,1756.0,340.0,39.0,128.0,1,1,1.0
4,1,1720.0,332.0,42.0,126.0,1,1,1.0
4,2,1749.0,339.0,46.0,129.0,1,1,1.0
5,1,1720.0,330.0,41.0,128.0,1,1,1.0
5,2,1753.0,339.0,40.0,129.0,1,1,1.0
6,1,1718.0,329.0,40.0,129.0,1,1,1.0
6,2,1748.0,339.0,43.0,130.0,1,1,1.0
7,1,1711.0,329.0,44.0,128.0,1,1,1.0
7,2,1743.0,338.0,45.0,130.0,1,1,1.0
8,1,1704.0,330.0,49.0,127.0,1,1,1.0
8,2,1741.0,338.0,46.0,130.0,1,1,1.0
9,1,1698.0,330.0,52.0,127.0,1,1,1.0
9,2,1737.0,338.0,48.0,130.0,1,1,1.0
10,1,1694.0,331.0,53.0,130.0,1,1,1.0
10,2,1733.0,339.0,50.0,129.0,1,1,1.0
11,1,1692.0,331.0,53.0,129.0,1,1,1.0
11,2,1727.0,339.0,53.0,128.0,1,1,1.0
12,1,1692.0,331.0,51.0,130.0,1,1,1.0
12,2,1724.0,340.0,53.0,128.0,1,1,1.0
13,1,1691.0,330.0,49.0,132.0,1,1,1.0
13,2,1723.0,340.0,51.0,128.0,1,1,1.0
14,1,1691.0,329.0,44.0,131.0,1,1,1.0
14,2,1721.0,340.0,50.0,128.0,1,1,1.0
15,1,1691.0,329.0,40.0,131.0,1,1,1.0
15,2,1720.0,340.0,49.0,128.0,1,1,1.0
16,1,1689.0,329.0,38.0,129.0,1,1,1.0
16,2,1719.0,338.0,46.0,130.0,1,1,1.0
17,1,1683.0,328.0,41.0,131.0,1,1,1.0
17,2,1719.0,337.0,42.0,131.0,1,1,1.0
18,1,1676.0,327.0,46.0,132.0,1,1,1.0
18,2,1717.0,336.0,42.0,132.0,1,1,1.0
19,1,1671.0,328.0,48.0,132.0,1,1,1.0
19,2,1716.0,336.0,41.0,133.0,1,1,1.0
20,1,1666.0,328.0,51.0,132.0,1,1,1.0
20,2,1714.0,336.0,43.0,134.0,1,1,1.0
21,1,1662.0,328.0,54.0,132.0,1,1,1.0
21,2,1709.0,337.0,46.0,135.0,1,1,1.0
22,1,1658.0,328.0,54.0,133.0,1,1,1.0
22,2,1702.0,337.0,51.0,134.0,1,1,1.0
23,1,1657.0,327.0,53.0,133.0,1,1,1.0
23,2,1698.0,338.0,53.0,134.0,1,1,1.0
24,1,1655.0,327.0,52.0,134.0,1,1,1.0
24,2,1693.0,339.0,52.0,133.0,1,1,1.0
25,1,1655.0,327.0,50.0,134.0,1,1,1.0
25,2,1691.0,339.0,50.0,133.0,1,1,1.0
26,1,1655.0,327.0,46.0,134.0,1,1,1.0
26,2,1690.0,338.0,45.0,134.0,1,1,1.0
27,1,1656.0,326.0,44.0,134.0,1,1,1.0
27,2,1688.0,337.0,41.0,135.0,1,1,1.0
28,1,1653.0,326.0,44.0,133.0,1,1,1.0
28,2,1684.0,336.0,40.0,137.0,1,1,1.0
29,1,1648.0,326.0,45.0,133.0,1,1,1.0
29,2,1682.0,335.0,37.0,138.0,1,1,1.0
30,1,1638.0,326.0,51.0,133.0,1,1,1.0
30,2,1671.0,335.0,45.0,137.0,1,1,1.0
31,1,1630.0,326.0,56.0,133.0,1,1,1.0
31,2,1660.0,335.0,53.0,137.0,1,1,1.0
32,1,1624.0,327.0,58.0,132.0,1,1,1.0
32,2,1650.0,336.0,60.0,137.0,1,1,1.0
33,1,1622.0,327.0,55.0,134.0,1,1,1.0
33,2,1647.0,336.0,61.0,136.0,1,1,1.0
34,1,1620.0,326.0,54.0,135.0,1,1,1.0
34,2,1642.0,337.0,66.0,136.0,1,1,1.0
35,1,1620.0,325.0,49.0,137.0,1,1,1.0
35,2,1642.0,336.0,64.0,136.0,1,1,1.0
36,1,1619.0,324.0,45.0,137.0,1,1,1.0
36,2,1639.0,335.0,62.0,137.0,1,1,1.0
37,1,1619.0,323.0,41.0,138.0,1,1,1.0
37,2,1636.0,334.0,59.0,136.0,1,1,1.0
38,1,1618.0,323.0,39.0,138.0,1,1,1.0
38,2,1636.0,333.0,50.0,136.0,1,1,1.0
39,1,1610.0,322.0,42.0,139.0,1,1,1.0
39,2,1636.0,333.0,42.0,136.0,1,1,1.0
40,1,1603.0,323.0,44.0,140.0,1,1,1.0
40,2,1635.0,333.0,38.0,138.0,1,1,1.0
41,2,1631.0,333.0,38.0,138.0,1,1,1.0
42,1,1590.0,323.0,49.0,139.0,1,1,1.0
42,2,1621.0,333.0,44.0,138.0,1,1,1.0
43,1,1583.0,325.0,53.0,142.0,1,1,1.0
44,1,1578.0,325.0,55.0,141.0,1,1,1.0
44,2,1605.0,334.0,53.0,136.0,1,1,1.0
45,1,1575.0,325.0,53.0,139.0,1,1,1.0
45,2,1599.0,335.0,57.0,136.0,1,1,1.0
46,1,1573.0,325.0,51.0,139.0,1,1,1.0
46,2,1596.0,335.0,58.0,136.0,1,1,1.0
47,1,1573.0,325.0,46.0,139.0,1,1,1.0
47,2,1595.0,336.0,57.0,135.0,1,1,1.0
48,1,1575.0,324.0,41.0,140.0,1,1,1.0
48,2,1594.0,334.0,49.0,137.0,1,1,1.0
49,1,1572.0,323.0,39.0,141.0,1,1,1.0
49,2,1595.0,333.0,43.0,138.0,1,1,1.0
50,1,1567.0,322.0,40.0,140.0,1,1,1.0
50,2,1593.0,333.0,40.0,139.0,1,1,1.0
51,1,1558.0,322.0,47.0,140.0,1,1,1.0
51,2,1590.0,332.0,38.0,139.0,1,1,1.0
52,1,1547.0,323.0,52.0,139.0,1,1,1.0
52,2,1576.0,332.0,48.0,140.0,1,1,1.0
53,1,1537.0,324.0,57.0,137.0,1,1,1.0
53,2,1563.0,333.0,58.0,140.0,1,1,1.0
54,1,1532.0,325.0,59.0,137.0,1,1,1.0
54,2,1555.0,333.0,64.0,139.0,1,1,1.0
55,1,1529.0,324.0,57.0,138.0,1,1,1.0
55,2,1549.0,334.0,67.0,139.0,1,1,1.0
56,1,1528.0,323.0,53.0,139.0,1,1,1.0
56,2,1545.0,334.0,69.0,139.0,1,1,1.0
57,1,1527.0,322.0,49.0,140.0,1,1,1.0
57,2,1544.0,333.0,68.0,140.0,1,1,1.0
58,1,1527.0,321.0,44.0,140.0,1,1,1.0
58,2,1543.0,332.0,64.0,140.0,1,1,1.0
59,1,1526.0,320.0,42.0,141.0,1,1,1.0
59,2,1543.0,331.0,58.0,140.0,1,1,1.0
60,1,1520.0,320.0,44.0,142.0,1,1,1.0
60,2,1543.0,330.0,54.0,141.0,1,1,1.0
61,1,1511.0,320.0,48.0,143.0,1,1,1.0
61,2,1544.0,330.0,45.0,143.0,1,1,1.0
62,1,1503.0,320.0,54.0,144.0,1,1,1.0
62,2,1543.0,330.0,41.0,143.0,1,1,1.0
63,1,1496.0,321.0,56.0,143.0,1,1,1.0
63,2,1533.0,330.0,45.0,144.0,1,1,1.0
64,1,1491.0,322.0,58.0,143.0,1,1,1.0
64,2,1522.0,331.0,51.0,143.0,1,1,1.0
65,1,1485.0,322.0,59.0,142.0,1,1,1.0
65,2,1513.0,331.0,56.0,142.0,1,1,1.0
66,1,1481.0,322.0,59.0,146.0,1,1,1.0
66,2,1508.0,332.0,59.0,141.0,1,1,1.0
67,1,1480.0,322.0,56.0,149.0,1,1,1.0
67,2,1502.0,333.0,63.0,142.0,1,1,1.0
68,1,1483.0,322.0,50.0,153.0,1,1,1.0
68,2,1503.0,332.0,59.0,142.0,1,1,1.0
69,1,1481.0,321.0,46.0,153.0,1,1,1.0
69,2,1504.0,332.0,52.0,144.0,1,1,1.0
70,1,1474.0,321.0,48.0,149.0,1,1,1.0
70,2,1500.0,331.0,48.0,146.0,1,1,1.0
71,1,1470.0,320.0,47.0,145.0,1,1,1.0
71,2,1499.0,330.0,44.0,147.0,1,1,1.0
72,1,1464.0,320.0,48.0,142.0,1,1,1.0
72,2,1493.0,329.0,47.0,148.0,1,1,1.0
73,1,1455.0,321.0,52.0,141.0,1,1,1.0
73,2,1486.0,329.0,50.0,148.0,1,1,1.0
74,1,1444.0,322.0,57.0,141.0,1,1,1.0
74,2,1473.0,330.0,61.0,147.0,1,1,1.0
75,1,1434.0,322.0,62.0,141.0,1,1,1.0
75,2,1458.0,330.0,72.0,146.0,1,1,1.0
76,1,1430.0,322.0,60.0,141.0,1,1,1.0
76,2,1453.0,331.0,75.0,146.0,1,1,1.0
77,1,1428.0,322.0,57.0,141.0,1,1,1.0
77,2,1447.0,331.0,77.0,146.0,1,1,1.0
78,1,1426.0,321.0,53.0,141.0,1,1,1.0
78,2,1442.0,331.0,78.0,147.0,1,1,1.0
79,1,1426.0,320.0,50.0,144.0,1,1,1.0
79,2,1440.0,331.0,77.0,147.0,1,1,1.0
80,1,1426.0,319.0,45.0,144.0,1,1,1.0
80,2,1439.0,330.0,72.0,147.0,1,1,1.0
81,1,1425.0,319.0,41.0,144.0,1,1,1.0
81,2,1439.0,329.0,64.0,149.0,1,1,1.0
82,1,1423.0,318.0,38.0,146.0,1,1,1.0
82,2,1439.0,328.0,58.0,149.0,1,1,1.0
83,1,1415.0,318.0,41.0,147.0,1,1,1.0
83,2,1437.0,328.0,53.0,150.0,1,1,1.0
84,1,1403.0,318.0,48.0,147.0,1,1,1.0
84,2,1432.0,328.0,49.0,151.0,1,1,1.0
85,1,1392.0,319.0,53.0,146.0,1,1,1.0
85,2,1423.0,328.0,54.0,150.0,1,1,1.0
86,1,1385.0,321.0,56.0,145.0,1,1,1.0
86,2,1410.0,328.0,65.0,150.0,1,1,1.0
87,1,1380.0,321.0,54.0,146.0,1,1,1.0
87,2,1400.0,329.0,69.0,149.0,1,1,1.0
88,1,1378.0,322.0,52.0,146.0,1,1,1.0
88,2,1393.0,330.0,74.0,149.0,1,1,1.0
89,1,1377.0,321.0,46.0,146.0,1,1,1.0
89,2,1390.0,330.0,73.0,149.0,1,1,1.0
90,1,1377.0,321.0,42.0,148.0,1,1,1.0
90,2,1384.0,329.0,73.0,150.0,1,1,1.0
91,1,1376.0,320.0,36.0,148.0,1,1,1.0
91,2,1386.0,329.0,63.0,150.0,1,1,1.0
92,1,1372.0,319.0,35.0,147.0,1,1,1.0
92,2,1388.0,328.0,52.0,151.0,1,1,1.0
93,1,1366.0,319.0,36.0,148.0,1,1,1.0
93,2,1386.0,327.0,46.0,152.0,1,1,1.0
94,1,1358.0,319.0,38.0,146.0,1,1,1.0
94,2,1378.0,326.0,47.0,153.0,1,1,1.0
95,1,1346.0,319.0,43.0,145.0,1,1,1.0
95,2,1369.0,326.0,52.0,153.0,1,1,1.0
96,1,1332.0,320.0,52.0,145.0,1,1,1.0
96,2,1355.0,327.0,62.0,151.0,1,1,1.0
97,2,1346.0,328.0,69.0,150.0,1,1,1.0
99,1,1317.0,321.0,58.0,146.0,1,1,1.0
99,2,1329.0,330.0,83.0,149.0,1,1,1.0
100,1,1314.0,319.0,51.0,147.0,1,1,1.0
100,2,1325.0,330.0,85.0,149.0,1,1,1.0
101,1,1313.0,318.0,42.0,148.0,1,1,1.0
101,2,1323.0,329.0,81.0,149.0,1,1,1.0
102,1,1312.0,317.0,35.0,148.0,1,1,1.0
102,2,1323.0,328.0,72.0,150.0,1,1,1.0
103,1,1310.0,316.0,31.0,148.0,1,1,1.0
103,2,1322.0,327.0,61.0,150.0,1,1,1.0
104,1,1306.0,316.0,31.0,143.0,1,1,1.0
104,2,1318.0,325.0,53.0,151.0,1,1,1.0
105,1,1294.0,316.0,39.0,148.0,1,1,1.0
105,2,1312.0,324.0,51.0,154.0,1,1,1.0
106,1,1281.0,317.0,46.0,147.0,1,1,1.0
106,2,1299.0,323.0,58.0,154.0,1,1,1.0
107,1,1271.0,318.0,52.0,147.0,1,1,1.0
107,2,1291.0,324.0,61.0,154.0,1,1,1.0
108,1,1263.0,319.0,53.0,147.0,1,1,1.0
108,2,1279.0,325.0,70.0,151.0,1,1,1.0
109,1,1260.0,319.0,49.0,146.0,1,1,1.0
109,2,1266.0,326.0,82.0,150.0,1,1,1.0
110,1,1258.0,320.0,45.0,150.0,1,1,1.0
110,2,1261.0,327.0,86.0,148.0,1,1,1.0
111,1,1257.0,319.0,39.0,150.0,1,1,1.0
111,2,1258.0,328.0,86.0,147.0,1,1,1.0
112,1,1257.0,318.0,33.0,147.0,1,1,1.0
112,2,1258.0,327.0,79.0,147.0,1,1,1.0
113,1,1253.0,318.0,31.0,146.0,1,1,1.0
113,2,1258.0,325.0,69.0,148.0,1,1,1.0
114,1,1245.0,317.0,33.0,147.0,1,1,1.0
114,2,1260.0,324.0,55.0,150.0,1,1,1.0
115,1,1237.0,317.0,34.0,144.0,1,1,1.0
115,2,1258.0,323.0,47.0,151.0,1,1,1.0
116,1,1224.0,317.0,40.0,144.0,1,1,1.0
116,2,1252.0,323.0,47.0,152.0,1,1,1.0
117,1,1209.0,318.0,48.0,143.0,1,1,1.0
117,2,1240.0,323.0,53.0,152.0,1,1,1.0
118,1,1200.0,319.0,52.0,143.0,1,1,1.0
118,2,1223.0,324.0,65.0,150.0,1,1,1.0
119,1,1195.0,319.0,52.0,148.0,1,1,1.0
119,2,1216.0,325.0,71.0,149.0,1,1,1.0
120,1,1192.0,318.0,48.0,149.0,1,1,1.0
120,2,1214.0,325.0,72.0,148.0,1,1,1.0
121,1,1193.0,318.0,41.0,147.0,1,1,1.0
121,2,1205.0,326.0,80.0,148.0,1,1,1.0
122,1,1193.0,317.0,35.0,146.0,1,1,1.0
122,2,1200.0,325.0,80.0,148.0,1,1,1.0
123,2,1198.0,324.0,72.0,149.0,1,1,1.0
124,2,1193.0,323.0,64.0,150.0,1,1,1.0
125,1,1174.0,316.0,38.0,147.0,1,1,1.0
125,2,1187.0,323.0,57.0,149.0,1,1,1.0
126,1,1164.0,317.0,41.0,149.0,1,1,1.0
126,2,1183.0,323.0,53.0,151.0,1,1,1.0
127,1,1153.0,317.0,45.0,148.0,1,1,1.0
127,2,1179.0,322.0,51.0,152.0,1,1,1.0
128,1,1143.0,320.0,49.0,146.0,1,1,1.0
128,2,1165.0,322.0,62.0,151.0,1,1,1.0
129,2,1146.0,323.0,80.0,151.0,1,1,1.0
130,2,1137.0,325.0,87.0,150.0,1,1,1.0
131,2,1136.0,326.0,87.0,149.0,1,1,1.0
132,2,1135.0,326.0,83.0,149.0,1,1,1.0
133,2,1134.0,326.0,74.0,150.0,1,1,1.0
134,2,1132.0,324.0,64.0,151.0,1,1,1.0
135,2,1127.0,323.0,56.0,153.0,1,1,1.0
136,1,1110.0,317.0,34.0,145.0,1,1,1.0
136,2,1122.0,322.0,50.0,154.0,1,1,1.0
137,1,1099.0,318.0,37.0,145.0,1,1,1.0
137,2,1117.0,322.0,49.0,153.0,1,1,1.0
138,1,1086.0,319.0,45.0,145.0,1,1,1.0
138,2,1102.0,322.0,62.0,153.0,1,1,1.0
139,1,1076.0,320.0,49.0,145.0,1,1,1.0
139,2,1092.0,324.0,71.0,152.0,1,1,1.0
141,1,1067.0,320.0,45.0,146.0,1,1,1.0
141,2,1073.0,326.0,87.0,150.0,1,1,1.0
142,1,1064.0,321.0,41.0,145.0,1,1,1.0
142,2,1069.0,326.0,87.0,150.0,1,1,1.0
143,2,1067.0,326.0,79.0,150.0,1,1,1.0
144,2,1064.0,325.0,71.0,151.0,1,1,1.0
145,2,1059.0,323.0,62.0,153.0,1,1,1.0
146,1,1045.0,320.0,34.0,145.0,1,1,1.0
146,2,1055.0,322.0,53.0,155.0,1,1,1.0
147,2,1046.0,322.0,56.0,156.0,1,1,1.0
148,2,1041.0,323.0,56.0,156.0,1,1,1.0
149,2,1022.0,323.0,74.0,156.0,1,1,1.0
150,2,1010.0,324.0,84.0,155.0,1,1,1.0
151,2,1005.0,327.0,88.0,152.0,1,1,1.0
152,2,1000.0,327.0,89.0,153.0,1,1,1.0
154,2,985.0,324.0,82.0,156.0,1,1,1.0
156,2,973.0,322.0,70.0,158.0,1,1,1.0
157,2,970.0,322.0,65.0,159.0,1,1,1.0
158,2,958.0,322.0,73.0,158.0,1,1,1.0
159,2,948.0,323.0,82.0,158.0,1,1,1.0
160,2,940.0,324.0,89.0,157.0,1,1,1.0
161,2,934.0,326.0,94.0,156.0,1,1,1.0
162,2,931.0,326.0,95.0,156.0,1,1,1.0
163,2,930.0,326.0,89.0,156.0,1,1,1.0
164,2,928.0,329.0,78.0,153.0,1,1,1.0
165,2,927.0,330.0,66.0,152.0,1,1,1.0
166,2,925.0,331.0,53.0,152.0,1,1,1.0
167,1,917.0,324.0,50.0,160.0,1,1,1.0
170,1,882.0,335.0,82.0,149.0,1,1,1.0
171,1,875.0,338.0,88.0,147.0,1,1,1.0
172,1,871.0,340.0,90.0,147.0,1,1,1.0
173,1,869.0,340.0,87.0,148.0,1,1,1.0
174,1,869.0,339.0,74.0,148.0,1,1,1.0
175,1,868.0,339.0,64.0,149.0,1,1,1.0
176,1,862.0,334.0,59.0,154.0,1,1,1.0
177,1,856.0,334.0,56.0,154.0,1,1,1.0
178,1,847.0,332.0,56.0,156.0,1,1,1.0
179,1,832.0,334.0,67.0,156.0,1,1,1.0
180,1,818.0,331.0,79.0,158.0,1,1,1.0
181,1,810.0,331.0,86.0,159.0,1,1,1.0
182,1,805.0,331.0,89.0,158.0,1,1,1.0
183,1,803.0,334.0,86.0,157.0,1,1,1.0
184,1,802.0,331.0,76.0,159.0,1,1,1.0
185,1,799.0,330.0,69.0,159.0,1,1,1.0
186,1,795.0,329.0,65.0,161.0,1,1,1.0
187,1,790.0,329.0,59.0,162.0,1,1,1.0
188,1,782.0,330.0,56.0,163.0,1,1,1.0
189,1,769.0,331.0,64.0,162.0,1,1,1.0
190,1,755.0,332.0,76.0,161.0,1,1,1.0
191,1,745.0,335.0,84.0,158.0,1,1,1.0
192,1,739.0,334.0,89.0,160.0,1,1,1.0
193,1,736.0,336.0,87.0,160.0,1,1,1.0
194,1,734.0,340.0,81.0,156.0,1,1,1.0
195,1,734.0,338.0,58.0,158.0,1,1,1.0
196,1,730.0,336.0,51.0,160.0,1,1,1.0
197,1,724.0,334.0,48.0,162.0,1,1,1.0
198,1,714.0,334.0,53.0,162.0,1,1,1.0
199,1,704.0,334.0,62.0,160.0,1,1,1.0
200,1,691.0,336.0,74.0,158.0,1,1,1.0
201,1,681.0,339.0,84.0,157.0,1,1,1.0
202,1,674.0,341.0,90.0,155.0,1,1,1.0
203,1,670.0,341.0,91.0,156.0,1,1,1.0
204,1,668.0,340.0,86.0,158.0,1,1,1.0
205,1,666.0,338.0,78.0,160.0,1,1,1.0
206,1,662.0,339.0,68.0,160.0,1,1,1.0
207,1,657.0,339.0,61.0,160.0,1,1,1.0
208,1,651.0,339.0,54.0,161.0,1,1,1.0
209,1,643.0,340.0,57.0,162.0,1,1,1.0
210,1,630.0,341.0,69.0,162.0,1,1,1.0
211,1,617.0,344.0,80.0,158.0,1,1,1.0
212,1,609.0,344.0,87.0,158.0,1,1,1.0
213,1,605.0,344.0,90.0,159.0,1,1,1.0
214,1,603.0,344.0,87.0,159.0,1,1,1.0
216,1,597.0,345.0,63.0,158.0,1,1,1.0
217,1,591.0,344.0,57.0,160.0,1,1,1.0
218,1,585.0,343.0,54.0,161.0,1,1,1.0
219,1,577.0,343.0,57.0,161.0,1,1,1.0
220,1,566.0,343.0,66.0,161.0,1,1,1.0
221,1,555.0,344.0,77.0,159.0,1,1,1.0
222,1,542.0,346.0,89.0,158.0,1,1,1.0
223,1,536.0,348.0,94.0,158.0,1,1,1.0
224,1,532.0,348.0,94.0,157.0,1,1,1.0
225,1,531.0,347.0,88.0,159.0,1,1,1.0
226,1,530.0,347.0,76.0,160.0,1,1,1.0
227,1,529.0,346.0,63.0,161.0,1,1,1.0
228,1,524.0,346.0,50.0,162.0,1,1,1.0
229,1,517.0,346.0,52.0,164.0,1,1,1.0
230,1,507.0,347.0,60.0,165.0,1,1,1.0
231,1,492.0,347.0,74.0,165.0,1,1,1.0
232,1,480.0,351.0,84.0,162.0,1,1,1.0
233,1,472.0,352.0,91.0,162.0,1,1,1.0
234,1,469.0,353.0,92.0,161.0,1,1,1.0
235,1,465.0,354.0,87.0,161.0,1,1,1.0
237,1,461.0,352.0,61.0,163.0,1,1,1.0
238,1,458.0,351.0,48.0,164.0,1,1,1.0
239,1,451.0,351.0,50.0,164.0,1,1,1.0
240,1,443.0,352.0,57.0,163.0,1,1,1.0
241,1,428.0,354.0,71.0,162.0,1,1,1.0
242,1,417.0,356.0,82.0,161.0,1,1,1.0
243,1,411.0,357.0,87.0,160.0,1,1,1.0
244,1,407.0,359.0,87.0,159.0,1,1,1.0
245,1,405.0,364.0,80.0,154.0,1,1,1.0
246,1,402.0,361.0,69.0,158.0,1,1,1.0
247,1,397.0,364.0,60.0,155.0,1,1,1.0
248,1,390.0,360.0,55.0,160.0,1,1,1.0
249,1,384.0,360.0,53.0,162.0,1,1,1.0
250,1,377.0,358.0,57.0,165.0,1,1,1.0
251,1,364.0,359.0,69.0,164.0,1,1,1.0
252,1,352.0,366.0,80.0,158.0,1,1,1.0
253,1,346.0,368.0,86.0,158.0,1,1,1.0
254,1,342.0,369.0,87.0,157.0,1,1,1.0
255,1,340.0,367.0,83.0,160.0,1,1,1.0
256,1,338.0,367.0,72.0,160.0,1,1,1.0
257,1,333.0,365.0,66.0,162.0,1,1,1.0
258,1,328.0,365.0,55.0,163.0,1,1,1.0
259,1,320.0,365.0,53.0,162.0,1,1,1.0
260,1,312.0,367.0,58.0,161.0,1,1,1.0
261,1,301.0,369.0,68.0,159.0,1,1,1.0
262,1,291.0,370.0,78.0,158.0,1,1,1.0
263,1,284.0,373.0,84.0,158.0,1,1,1.0
264,1,277.0,373.0,88.0,158.0,1,1,1.0
265,1,275.0,373.0,83.0,158.0,1,1,1.0
266,1,274.0,372.0,73.0,159.0,1,1,1.0
267,1,271.0,373.0,58.0,159.0,1,1,1.0
268,1,268.0,375.0,53.0,158.0,1,1,1.0
269,1,261.0,373.0,53.0,162.0,1,1,1.0
270,1,253.0,370.0,55.0,167.0,1,1,1.0
271,1,240.0,370.0,68.0,167.0,1,1,1.0
272,1,229.0,373.0,79.0,164.0,1,1,1.0
273,1,224.0,376.0,83.0,160.0,1,1,1.0
274,1,220.0,384.0,87.0,153.0,1,1,1.0
275,1,219.0,384.0,83.0,153.0,1,1,1.0
276,1,217.0,382.0,75.0,156.0,1,1,1.0
277,1,213.0,380.0,61.0,158.0,1,1,1.0
278,1,207.0,387.0,58.0,152.0,1,1,1.0
279,1,198.0,390.0,55.0,149.0,1,1,1.0
280,1,188.0,388.0,62.0,150.0,1,1,1.0
281,1,180.0,390.0,68.0,148.0,1,1,1.0
282,1,164.0,389.0,84.0,149.0,1,1,1.0
284,1,159.0,385.0,87.0,153.0,1,1,1.0
285,1,158.0,383.0,85.0,155.0,1,1,1.0
286,1,156.0,384.0,78.0,155.0,1,1,1.0
287,1,157.0,383.0,64.0,155.0,1,1,1.0
288,1,156.0,382.0,53.0,156.0,1,1,1.0
289,1,155.0,382.0,49.0,158.0,1,1,1.0
290,1,151.0,382.0,49.0,160.0,1,1,1.0
291,1,143.0,382.0,56.0,160.0,1,1,1.0
292,1,133.0,383.0,64.0,158.0,1,1,1.0
293,1,125.0,385.0,73.0,157.0,1,1,1.0
295,1,120.0,388.0,76.0,155.0,1,1,1.0
296,1,118.0,389.0,73.0,155.0,1,1,1.0
301,1,94.0,403.0,63.0,141.0,1,1,1.0
303,1,85.0,401.0,57.0,143.0,1,1,1.0
304,3,103.0,390.0,54.0,149.0,1,1,1.0
305,1,77.0,402.0,60.0,142.0,1,1,1.0
306,3,98.0,391.0,52.0,146.0,1,1,1.0
306,1,72.0,402.0,58.0,141.0,1,1,1.0
311,1,59.0,399.0,46.0,145.0,1,1,1.0
312,3,80.0,391.0,42.0,143.0,1,1,1.0
312,1,56.0,400.0,44.0,145.0,1,1,1.0
313,3,77.0,391.0,43.0,143.0,1,1,1.0
313,1,51.0,401.0,45.0,144.0,1,1,1.0
314,3,74.0,392.0,45.0,142.0,1,1,1.0
314,1,48.0,402.0,46.0,142.0,1,1,1.0
315,3,71.0,393.0,47.0,141.0,1,1,1.0
315,1,45.0,403.0,49.0,141.0,1,1,1.0
316,3,68.0,394.0,49.0,145.0,1,1,1.0
316,1,42.0,403.0,47.0,140.0,1,1,1.0
317,3,67.0,394.0,48.0,144.0,1,1,1.0
317,1,40.0,404.0,47.0,139.0,1,1,1.0
318,3,66.0,394.0,46.0,146.0,1,1,1.0
318,1,36.0,403.0,44.0,139.0,1,1,1.0
319,3,64.0,393.0,43.0,141.0,1,1,1.0
319,1,32.0,403.0,45.0,139.0,1,1,1.0
320,3,62.0,392.0,39.0,140.0,1,1,1.0
320,1,27.0,403.0,47.0,140.0,1,1,1.0
321,3,60.0,392.0,39.0,143.0,1,1,1.0
321,1,23.0,402.0,45.0,140.0,1,1,1.0
322,3,59.0,391.0,42.0,144.0,1,1,1.0
322,1,21.0,402.0,47.0,141.0,1,1,1.0
323,3,58.0,391.0,45.0,145.0,1,1,1.0
323,1,21.0,402.0,46.0,141.0,1,1,1.0
324,3,58.0,391.0,46.0,146.0,1,1,1.0
324,1,21.0,402.0,46.0,141.0,1,1,1.0
325,3,58.0,391.0,46.0,146.0,1,1,1.0
325,1,21.0,402.0,47.0,140.0,1,1,1.0
326,3,58.0,390.0,47.0,146.0,1,1,1.0
326,1,22.0,402.0,47.0,140.0,1,1,1.0
327,3,59.0,390.0,47.0,145.0,1,1,1.0
327,1,22.0,403.0,47.0,140.0,1,1,1.0
328,3,59.0,389.0,47.0,143.0,1,1,1.0
328,1,20.0,403.0,47.0,139.0,1,1,1.0
329,3,60.0,389.0,47.0,142.0,1,1,1.0
329,1,20.0,402.0,45.0,138.0,1,1,1.0
330,3,61.0,389.0,46.0,141.0,1,1,1.0
330,1,19.0,400.0,49.0,135.0,1,1,1.0
331,3,61.0,388.0,46.0,140.0,1,1,1.0
331,1,20.0,399.0,47.0,133.0,1,1,1.0
332,3,62.0,388.0,45.0,140.0,1,1,1.0
332,1,20.0,399.0,47.0,135.0,1,1,1.0
333,3,63.0,387.0,44.0,141.0,1,1,1.0
333,1,20.0,398.0,48.0,135.0,1,1,1.0
334,3,64.0,387.0,43.0,141.0,1,1,1.0
334,1,21.0,397.0,47.0,136.0,1,1,1.0
335,3,63.0,386.0,46.0,142.0,1,1,1.0
335,1,23.0,396.0,42.0,137.0,1,1,1.0
336,3,62.0,386.0,52.0,141.0,1,1,1.0
336,1,25.0,396.0,39.0,136.0,1,1,1.0
337,3,62.0,387.0,53.0,141.0,1,1,1.0
337,1,24.0,395.0,42.0,135.0,1,1,1.0
338,3,63.0,386.0,55.0,141.0,1,1,1.0
338,1,29.0,395.0,44.0,135.0,1,1,1.0
339,3,65.0,385.0,55.0,141.0,1,1,1.0
339,1,31.0,395.0,44.0,135.0,1,1,1.0
340,3,70.0,384.0,51.0,140.0,1,1,1.0
340,1,36.0,393.0,41.0,133.0,1,1,1.0
341,3,73.0,383.0,48.0,140.0,1,1,1.0
341,1,38.0,391.0,39.0,132.0,1,1,1.0
342,3,76.0,381.0,48.0,140.0,1,1,1.0
342,1,42.0,389.0,38.0,132.0,1,1,1.0
343,3,80.0,380.0,46.0,138.0,1,1,1.0
343,1,47.0,387.0,37.0,132.0,1,1,1.0
344,3,86.0,380.0,44.0,137.0,1,1,1.0
344,1,49.0,386.0,41.0,133.0,1,1,1.0
345,3,91.0,379.0,44.0,137.0,1,1,1.0
346,3,95.0,379.0,48.0,137.0,1,1,1.0
346,1,55.0,386.0,44.0,133.0,1,1,1.0
347,3,98.0,379.0,54.0,137.0,1,1,1.0
347,1,57.0,386.0,49.0,133.0,1,1,1.0
348,3,101.0,379.0,59.0,137.0,1,1,1.0
348,1,58.0,386.0,52.0,132.0,1,1,1.0
349,3,104.0,379.0,59.0,136.0,1,1,1.0
349,1,59.0,384.0,55.0,132.0,1,1,1.0
350,3,105.0,378.0,60.0,136.0,1,1,1.0
350,1,65.0,383.0,53.0,131.0,1,1,1.0
351,3,109.0,375.0,57.0,136.0,1,1,1.0
351,1,73.0,380.0,47.0,130.0,1,1,1.0
352,3,115.0,374.0,51.0,135.0,1,1,1.0
352,1,80.0,379.0,42.0,129.0,1,1,1.0
353,3,121.0,373.0,46.0,135.0,1,1,1.0
353,1,85.0,378.0,41.0,129.0,1,1,1.0
354,3,123.0,372.0,44.0,135.0,1,1,1.0
354,1,90.0,377.0,40.0,129.0,1,1,1.0
355,3,129.0,371.0,40.0,136.0,1,1,1.0
355,1,96.0,376.0,44.0,130.0,1,1,1.0
356,3,132.0,370.0,42.0,136.0,1,1,1.0
357,3,132.0,370.0,48.0,136.0,1,1,1.0
357,1,103.0,375.0,56.0,131.0,1,1,1.0
358,3,139.0,370.0,50.0,137.0,1,1,1.0
358,1,105.0,375.0,59.0,131.0,1,1,1.0
359,3,143.0,371.0,52.0,135.0,1,1,1.0
359,1,109.0,374.0,57.0,131.0,1,1,1.0
360,3,145.0,370.0,55.0,136.0,1,1,1.0
360,1,117.0,372.0,52.0,131.0,1,1,1.0
361,3,146.0,371.0,56.0,134.0,1,1,1.0
361,1,125.0,371.0,43.0,125.0,1,1,1.0
362,3,150.0,368.0,53.0,134.0,1,1,1.0
362,1,131.0,369.0,37.0,124.0,1,1,1.0
363,3,154.0,368.0,49.0,132.0,1,1,1.0
364,3,161.0,371.0,42.0,127.0,1,1,1.0
364,1,142.0,367.0,37.0,128.0,1,1,1.0
365,3,165.0,366.0,40.0,130.0,1,1,1.0
365,1,146.0,367.0,33.0,129.0,1,1,1.0
366,3,168.0,364.0,42.0,132.0,1,1,1.0
366,1,149.0,366.0,32.0,130.0,1,1,1.0
367,3,173.0,367.0,48.0,129.0,1,1,1.0
367,1,150.0,366.0,33.0,129.0,1,1,1.0
368,3,173.0,367.0,59.0,130.0,1,1,1.0
369,3,178.0,366.0,62.0,130.0,1,1,1.0
370,3,180.0,367.0,64.0,130.0,1,1,1.0
371,3,182.0,365.0,64.0,128.0,1,1,1.0
372,3,187.0,364.0,61.0,129.0,1,1,1.0
373,3,195.0,362.0,53.0,128.0,1,1,1.0
373,1,179.0,362.0,32.0,122.0,1,1,1.0
378,3,220.0,358.0,51.0,131.0,1,1,1.0
379,3,223.0,361.0,55.0,127.0,1,1,1.0
381,3,226.0,355.0,60.0,132.0,1,1,1.0
382,3,229.0,354.0,59.0,132.0,1,1,1.0
383,3,237.0,355.0,52.0,128.0,1,1,1.0
384,3,243.0,353.0,44.0,127.0,1,1,1.0
384,1,232.0,351.0,32.0,126.0,1,1,1.0
385,3,248.0,351.0,41.0,127.0,1,1,1.0
385,1,236.0,350.0,31.0,126.0,1,1,1.0
386,3,255.0,352.0,39.0,126.0,1,1,1.0
386,1,240.0,351.0,30.0,125.0,1,1,1.0
387,3,259.0,355.0,44.0,123.0,1,1,1.0
388,3,263.0,350.0,52.0,128.0,1,1,1.0
389,3,267.0,349.0,59.0,129.0,1,1,1.0
390,3,269.0,350.0,63.0,126.0,1,1,1.0
390,1,250.0,351.0,37.0,124.0,1,1,1.0
391,3,270.0,349.0,65.0,127.0,1,1,1.0
392,3,275.0,347.0,62.0,126.0,1,1,1.0
392,1,262.0,346.0,35.0,127.0,1,1,1.0
393,3,285.0,347.0,52.0,123.0,1,1,1.0
393,1,269.0,345.0,31.0,125.0,1,1,1.0
394,3,292.0,347.0,44.0,122.0,1,1,1.0
394,1,275.0,344.0,28.0,122.0,1,1,1.0
395,3,298.0,344.0,39.0,125.0,1,1,1.0
396,3,302.0,343.0,36.0,126.0,1,1,1.0
397,3,305.0,340.0,37.0,128.0,1,1,1.0
397,1,286.0,340.0,30.0,126.0,1,1,1.0
398,3,309.0,340.0,46.0,128.0,1,1,1.0
399,3,312.0,340.0,52.0,129.0,1,1,1.0
400,3,314.0,339.0,55.0,129.0,1,1,1.0
400,1,294.0,339.0,48.0,126.0,1,1,1.0
402,3,320.0,338.0,52.0,126.0,1,1,1.0
402,1,305.0,338.0,38.0,125.0,1,1,1.0
403,3,329.0,338.0,42.0,123.0,1,1,1.0
403,1,311.0,337.0,34.0,125.0,1,1,1.0
404,3,336.0,335.0,35.0,124.0,1,1,1.0
404,1,315.0,336.0,35.0,123.0,1,1,1.0
405,3,339.0,334.0,37.0,124.0,1,1,1.0
405,1,319.0,334.0,33.0,123.0,1,1,1.0
406,3,343.0,333.0,38.0,123.0,1,1,1.0
406,1,321.0,334.0,31.0,122.0,1,1,1.0
407,3,345.0,334.0,44.0,123.0,1,1,1.0
407,1,325.0,333.0,30.0,122.0,1,1,1.0
408,3,348.0,333.0,52.0,123.0,1,1,1.0
409,3,352.0,334.0,58.0,123.0,1,1,1.0
410,3,354.0,333.0,62.0,124.0,1,1,1.0
411,3,355.0,333.0,64.0,122.0,1,1,1.0
411,1,334.0,332.0,37.0,122.0,1,1,1.0
412,3,358.0,332.0,63.0,122.0,1,1,1.0
412,1,337.0,333.0,41.0,120.0,1,1,1.0
413,3,365.0,331.0,57.0,121.0,1,1,1.0
413,1,343.0,330.0,39.0,122.0,1,1,1.0
414,3,373.0,330.0,49.0,119.0,1,1,1.0
414,1,351.0,327.0,35.0,121.0,1,1,1.0
415,3,380.0,329.0,42.0,120.0,1,1,1.0
415,1,358.0,327.0,32.0,119.0,1,1,1.0
416,3,384.0,328.0,38.0,120.0,1,1,1.0
416,1,365.0,326.0,31.0,118.0,1,1,1.0
417,3,389.0,328.0,38.0,121.0,1,1,1.0
417,1,370.0,325.0,29.0,120.0,1,1,1.0
418,3,393.0,328.0,41.0,120.0,1,1,1.0
419,3,397.0,327.0,47.0,121.0,1,1,1.0
421,3,401.0,326.0,54.0,122.0,1,1,1.0
423,3,407.0,324.0,53.0,122.0,1,1,1.0
423,1,388.0,326.0,37.0,118.0,1,1,1.0
424,3,417.0,324.0,42.0,118.0,1,1,1.0
424,1,395.0,323.0,36.0,119.0,1,1,1.0
425,3,424.0,322.0,34.0,119.0,1,1,1.0
426,3,428.0,321.0,34.0,119.0,1,1,1.0
426,1,409.0,320.0,31.0,117.0,1,1,1.0
427,3,433.0,320.0,35.0,119.0,1,1,1.0
427,1,415.0,319.0,28.0,117.0,1,1,1.0
428,3,437.0,321.0,38.0,118.0,1,1,1.0
428,1,419.0,319.0,26.0,118.0,1,1,1.0
429,3,439.0,319.0,47.0,119.0,1,1,1.0
430,3,440.0,320.0,52.0,119.0,1,1,1.0
430,1,425.0,319.0,30.0,118.0,1,1,1.0
431,3,441.0,320.0,53.0,118.0,1,1,1.0
431,1,426.0,319.0,41.0,117.0,1,1,1.0
434,3,457.0,320.0,41.0,115.0,1,1,1.0
434,1,436.0,317.0,40.0,116.0,1,1,1.0
435,3,466.0,318.0,35.0,116.0,1,1,1.0
435,1,442.0,316.0,38.0,116.0,1,1,1.0
436,3,473.0,316.0,32.0,117.0,1,1,1.0
436,1,453.0,315.0,32.0,115.0,1,1,1.0
437,3,475.0,315.0,34.0,117.0,1,1,1.0
437,1,462.0,315.0,25.0,109.0,1,1,1.0
440,1,473.0,313.0,28.0,115.0,1,1,1.0
446,3,514.0,309.0,45.0,132.0,1,1,1.0
447,3,516.0,308.0,46.0,133.0,1,1,1.0
448,3,518.0,308.0,44.0,134.0,1,1,1.0
449,3,522.0,307.0,48.0,125.0,1,1,1.0
450,3,525.0,307.0,55.0,120.0,1,1,1.0
451,3,528.0,307.0,60.0,129.0,1,1,1.0
452,3,532.0,307.0,60.0,131.0,1,1,1.0
453,3,535.0,307.0,58.0,132.0,1,1,1.0
454,3,541.0,306.0,54.0,122.0,1,1,1.0
455,3,542.0,306.0,52.0,118.0,1,1,1.0
456,3,547.0,306.0,47.0,117.0,1,1,1.0
457,3,556.0,304.0,39.0,118.0,1,1,1.0
458,3,562.0,304.0,38.0,119.0,1,1,1.0
459,3,569.0,303.0,39.0,119.0,1,1,1.0
460,3,572.0,303.0,48.0,119.0,1,1,1.0
461,3,573.0,304.0,57.0,119.0,1,1,1.0
462,3,574.0,305.0,63.0,118.0,1,1,1.0
463,3,575.0,305.0,66.0,117.0,1,1,1.0
464,3,578.0,305.0,65.0,117.0,1,1,1.0
465,3,584.0,303.0,60.0,117.0,1,1,1.0
466,3,592.0,303.0,52.0,117.0,1,1,1.0
467,3,602.0,303.0,42.0,116.0,1,1,1.0
468,3,608.0,303.0,42.0,116.0,1,1,1.0
469,3,610.0,302.0,49.0,116.0,1,1,1.0
470,3,611.0,302.0,52.0,117.0,1,1,1.0
471,3,611.0,302.0,60.0,116.0,1,1,1.0
472,3,612.0,302.0,67.0,116.0,1,1,1.0
473,3,614.0,303.0,68.0,116.0,1,1,1.0
474,3,620.0,303.0,65.0,116.0,1,1,1.0
475,3,626.0,302.0,61.0,118.0,1,1,1.0
476,3,634.0,300.0,55.0,119.0,1,1,1.0
478,3,647.0,299.0,45.0,120.0,1,1,1.0
479,3,652.0,301.0,41.0,118.0,1,1,1.0
481,3,658.0,305.0,57.0,114.0,1,1,1.0
483,3,661.0,309.0,62.0,110.0,1,1,1.0
484,3,662.0,307.0,62.0,112.0,1,1,1.0
485,3,667.0,309.0,58.0,111.0,1,1,1.0
486,3,672.0,307.0,53.0,112.0,1,1,1.0
487,3,680.0,306.0,46.0,113.0,1,1,1.0
488,1,686.0,304.0,39.0,114.0,1,1,1.0
490,3,687.0,305.0,52.0,116.0,1,1,1.0
491,3,689.0,305.0,52.0,117.0,1,1,1.0
492,3,689.0,305.0,55.0,118.0,1,1,1.0
493,3,689.0,305.0,57.0,118.0,1,1,1.0
497,3,709.0,309.0,47.0,116.0,1,1,1.0
498,3,716.0,309.0,50.0,116.0,1,1,1.0
499,3,721.0,310.0,43.0,115.0,1,1,1.0
499,4,748.0,303.0,31.0,115.0,1,1,1.0
500,3,724.0,310.0,42.0,115.0,1,1,1.0
500,4,750.0,302.0,32.0,116.0,1,1,1.0
501,3,728.0,308.0,44.0,117.0,1,1,1.0
501,4,754.0,301.0,37.0,118.0,1,1,1.0
502,3,730.0,310.0,49.0,115.0,1,1,1.0
502,4,757.0,302.0,44.0,118.0,1,1,1.0
503,3,731.0,313.0,55.0,113.0,1,1,1.0
503,4,758.0,304.0,52.0,118.0,1,1,1.0
504,3,731.0,311.0,58.0,115.0,1,1,1.0
504,4,758.0,304.0,57.0,118.0,1,1,1.0
505,3,733.0,310.0,58.0,117.0,1,1,1.0
506,3,736.0,312.0,56.0,115.0,1,1,1.0
506,4,768.0,305.0,50.0,118.0,1,1,1.0
507,3,742.0,310.0,51.0,117.0,1,1,1.0
507,4,779.0,304.0,40.0,118.0,1,1,1.0
508,3,749.0,311.0,47.0,116.0,1,1,1.0
508,4,785.0,304.0,35.0,118.0,1,1,1.0
509,3,751.0,311.0,47.0,116.0,1,1,1.0
509,4,789.0,304.0,34.0,118.0,1,1,1.0
510,3,750.0,310.0,52.0,118.0,1,1,1.0
510,4,791.0,303.0,35.0,120.0,1,1,1.0
511,3,750.0,311.0,54.0,118.0,1,1,1.0
511,4,791.0,304.0,38.0,121.0,1,1,1.0
512,3,750.0,313.0,56.0,118.0,1,1,1.0
512,4,796.0,303.0,36.0,123.0,1,1,1.0
514,3,754.0,313.0,60.0,119.0,1,1,1.0
515,3,758.0,314.0,59.0,120.0,1,1,1.0
516,3,763.0,315.0,58.0,120.0,1,1,1.0
516,4,782.0,307.0,62.0,122.0,1,1,1.0
517,3,769.0,315.0,55.0,120.0,1,1,1.0
518,3,775.0,314.0,53.0,122.0,1,1,1.0
518,4,809.0,307.0,41.0,122.0,1,1,1.0
519,3,782.0,312.0,48.0,123.0,1,1,1.0
519,4,819.0,307.0,33.0,122.0,1,1,1.0
520,3,787.0,311.0,46.0,125.0,1,1,1.0
520,4,824.0,307.0,31.0,122.0,1,1,1.0
521,3,792.0,312.0,47.0,123.0,1,1,1.0
521,4,828.0,308.0,32.0,121.0,1,1,1.0
522,3,796.0,313.0,50.0,123.0,1,1,1.0
522,4,831.0,308.0,38.0,122.0,1,1,1.0
523,3,799.0,314.0,56.0,123.0,1,1,1.0
523,4,831.0,308.0,46.0,122.0,1,1,1.0
524,3,801.0,314.0,59.0,124.0,1,1,1.0
524,4,831.0,310.0,54.0,122.0,1,1,1.0
525,3,802.0,314.0,61.0,124.0,1,1,1.0
525,4,832.0,310.0,57.0,123.0,1,1,1.0
526,3,806.0,313.0,59.0,125.0,1,1,1.0
527,3,811.0,312.0,53.0,126.0,1,1,1.0
527,4,850.0,309.0,44.0,124.0,1,1,1.0
528,3,819.0,311.0,49.0,127.0,1,1,1.0
528,4,857.0,309.0,39.0,125.0,1,1,1.0
529,3,823.0,310.0,47.0,128.0,1,1,1.0
529,4,858.0,308.0,40.0,126.0,1,1,1.0
530,3,826.0,310.0,48.0,130.0,1,1,1.0
530,4,860.0,308.0,41.0,126.0,1,1,1.0
531,3,827.0,310.0,49.0,132.0,1,1,1.0
531,4,865.0,308.0,38.0,127.0,1,1,1.0
532,3,828.0,310.0,52.0,134.0,1,1,1.0
532,4,869.0,308.0,37.0,128.0,1,1,1.0
533,3,830.0,311.0,57.0,134.0,1,1,1.0
534,3,833.0,311.0,59.0,135.0,1,1,1.0
535,3,837.0,312.0,58.0,135.0,1,1,1.0
535,4,880.0,311.0,36.0,129.0,1,1,1.0
536,3,841.0,312.0,57.0,136.0,1,1,1.0
539,3,859.0,310.0,47.0,138.0,1,1,1.0
539,4,895.0,311.0,33.0,132.0,1,1,1.0
540,3,866.0,310.0,44.0,137.0,1,1,1.0
540,4,899.0,311.0,34.0,132.0,1,1,1.0
541,3,871.0,311.0,45.0,137.0,1,1,1.0
541,4,902.0,311.0,35.0,129.0,1,1,1.0
542,3,875.0,311.0,50.0,137.0,1,1,1.0
542,4,905.0,312.0,35.0,129.0,1,1,1.0
543,3,877.0,313.0,56.0,137.0,1,1,1.0
544,3,878.0,314.0,63.0,136.0,1,1,1.0
545,3,878.0,315.0,66.0,136.0,1,1,1.0
546,3,880.0,315.0,66.0,137.0,1,1,1.0
546,4,923.0,316.0,44.0,131.0,1,1,1.0
547,3,885.0,315.0,62.0,138.0,1,1,1.0
547,4,929.0,316.0,42.0,131.0,1,1,1.0
548,3,892.0,314.0,56.0,139.0,1,1,1.0
548,4,934.0,316.0,38.0,132.0,1,1,1.0
549,3,901.0,313.0,49.0,141.0,1,1,1.0
549,4,937.0,315.0,35.0,133.0,1,1,1.0
550,3,906.0,312.0,46.0,143.0,1,1,1.0
550,4,942.0,314.0,33.0,133.0,1,1,1.0
551,3,907.0,312.0,48.0,144.0,1,1,1.0
551,4,943.0,314.0,38.0,134.0,1,1,1.0
552,3,908.0,314.0,49.0,144.0,1,1,1.0
552,4,947.0,314.0,39.0,137.0,1,1,1.0
555,3,913.0,318.0,64.0,142.0,1,1,1.0
556,3,917.0,319.0,64.0,142.0,1,1,1.0
557,3,922.0,320.0,62.0,143.0,1,1,1.0
558,3,930.0,319.0,57.0,144.0,1,1,1.0
559,3,937.0,318.0,53.0,145.0,1,1,1.0
560,3,947.0,317.0,49.0,146.0,1,1,1.0
560,4,984.0,316.0,33.0,140.0,1,1,1.0
561,3,954.0,317.0,45.0,147.0,1,1,1.0
561,4,988.0,317.0,32.0,139.0,1,1,1.0
562,3,960.0,317.0,47.0,147.0,1,1,1.0
562,4,992.0,318.0,31.0,138.0,1,1,1.0
563,3,963.0,318.0,55.0,147.0,1,1,1.0
564,3,964.0,320.0,64.0,146.0,1,1,1.0
565,3,964.0,321.0,71.0,146.0,1,1,1.0
566,3,965.0,322.0,74.0,146.0,1,1,1.0
567,3,968.0,322.0,73.0,147.0,1,1,1.0
568,3,974.0,321.0,67.0,148.0,1,1,1.0
568,4,1020.0,321.0,38.0,141.0,1,1,1.0
569,3,984.0,321.0,59.0,148.0,1,1,1.0
569,4,1026.0,321.0,34.0,142.0,1,1,1.0
570,3,994.0,321.0,50.0,148.0,1,1,1.0
570,4,1031.0,320.0,30.0,142.0,1,1,1.0
571,3,1001.0,320.0,48.0,150.0,1,1,1.0
571,4,1033.0,320.0,34.0,142.0,1,1,1.0
572,3,1003.0,320.0,51.0,152.0,1,1,1.0
572,4,1038.0,320.0,37.0,144.0,1,1,1.0
573,3,1004.0,322.0,56.0,152.0,1,1,1.0
574,3,1004.0,324.0,66.0,151.0,1,1,1.0
575,3,1006.0,327.0,72.0,149.0,1,1,1.0
576,3,1009.0,328.0,73.0,151.0,1,1,1.0
577,3,1015.0,327.0,72.0,152.0,1,1,1.0
578,3,1023.0,327.0,67.0,153.0,1,1,1.0
578,4,1070.0,326.0,40.0,144.0,1,1,1.0
579,3,1033.0,327.0,60.0,153.0,1,1,1.0
580,3,1044.0,325.0,55.0,155.0,1,1,1.0
581,3,1053.0,324.0,58.0,156.0,1,1,1.0
582,3,1058.0,325.0,60.0,155.0,1,1,1.0
583,3,1061.0,326.0,63.0,155.0,1,1,1.0
584,3,1063.0,326.0,76.0,155.0,1,1,1.0
585,3,1063.0,327.0,86.0,156.0,1,1,1.0
586,3,1064.0,328.0,89.0,156.0,1,1,1.0
587,3,1067.0,329.0,90.0,155.0,1,1,1.0
588,3,1074.0,330.0,82.0,154.0,1,1,1.0
589,3,1084.0,328.0,77.0,155.0,1,1,1.0
590,3,1097.0,334.0,62.0,150.0,1,1,1.0
590,4,1131.0,326.0,34.0,150.0,1,1,1.0
592,3,1111.0,339.0,53.0,148.0,1,1,1.0
593,3,1112.0,330.0,74.0,159.0,1,1,1.0
595,3,1117.0,341.0,80.0,152.0,1,1,1.0
596,3,1118.0,346.0,84.0,149.0,1,1,1.0
597,3,1136.0,339.0,79.0,150.0,1,1,1.0
598,3,1138.0,337.0,74.0,158.0,1,1,1.0
599,3,1149.0,337.0,74.0,154.0,1,1,1.0
600,3,1159.0,335.0,61.0,161.0,1,1,1.0
601,4,1175.0,334.0,48.0,165.0,1,1,1.0
602,4,1179.0,334.0,51.0,165.0,1,1,1.0
603,3,1180.0,335.0,59.0,164.0,1,1,1.0
605,3,1183.0,338.0,88.0,165.0,1,1,1.0
606,3,1184.0,340.0,93.0,165.0,1,1,1.0
607,3,1186.0,341.0,98.0,165.0,1,1,1.0
608,3,1192.0,343.0,93.0,165.0,1,1,1.0
609,3,1202.0,343.0,88.0,166.0,1,1,1.0
610,3,1216.0,349.0,73.0,160.0,1,1,1.0
611,3,1231.0,344.0,65.0,166.0,1,1,1.0
614,3,1243.0,345.0,86.0,172.0,1,1,1.0
615,3,1246.0,348.0,91.0,172.0,1,1,1.0
616,3,1250.0,355.0,93.0,167.0,1,1,1.0
