57,1,1158.0,984.0,166.0,95.0,1,1,1.0
58,1,1156.0,977.0,162.0,101.0,1,1,1.0
59,1,1153.0,970.0,164.0,109.0,1,1,1.0
60,1,1148.0,960.0,171.0,119.0,1,1,1.0
61,1,1147.0,950.0,206.0,129.0,1,1,1.0
62,1,1150.0,938.0,220.0,140.0,1,1,1.0
63,1,1156.0,928.0,225.0,151.0,1,1,1.0
64,1,1160.0,917.0,227.0,162.0,1,1,1.0
65,1,1165.0,909.0,226.0,170.0,1,1,1.0
66,1,1171.0,900.0,222.0,179.0,1,1,1.0
67,1,1176.0,891.0,219.0,188.0,1,1,1.0
68,1,1179.0,883.0,214.0,196.0,1,1,1.0
69,1,1182.0,877.0,208.0,202.0,1,1,1.0
70,1,1184.0,870.0,206.0,208.0,1,1,1.0
71,1,1186.0,862.0,199.0,217.0,1,1,1.0
72,1,1186.0,854.0,194.0,225.0,1,1,1.0
73,1,1188.0,844.0,190.0,235.0,1,1,1.0
74,1,1188.0,833.0,188.0,245.0,1,1,1.0
75,1,1187.0,822.0,187.0,256.0,1,1,1.0
76,1,1186.0,812.0,183.0,267.0,1,1,1.0
77,1,1187.0,804.0,180.0,274.0,1,1,1.0
78,1,1187.0,798.0,181.0,281.0,1,1,1.0
79,1,1187.0,792.0,181.0,287.0,1,1,1.0
80,1,1188.0,786.0,182.0,292.0,1,1,1.0
81,1,1190.0,780.0,181.0,299.0,1,1,1.0
82,1,1191.0,773.0,180.0,306.0,1,1,1.0
83,1,1193.0,765.0,177.0,314.0,1,1,1.0
84,1,1194.0,756.0,173.0,322.0,1,1,1.0
85,1,1194.0,747.0,170.0,331.0,1,1,1.0
86,1,1194.0,739.0,166.0,339.0,1,1,1.0
87,1,1193.0,733.0,161.0,345.0,1,1,1.0
88,1,1191.0,727.0,159.0,351.0,1,1,1.0
89,1,1192.0,724.0,163.0,354.0,1,1,1.0
90,1,1191.0,716.0,159.0,362.0,1,1,1.0
91,1,1188.0,703.0,152.0,374.0,1,1,1.0
92,1,1185.0,691.0,152.0,379.0,1,1,1.0
93,1,1182.0,688.0,152.0,372.0,1,1,1.0
94,1,1177.0,686.0,151.0,368.0,1,1,1.0
95,1,1173.0,684.0,150.0,358.0,1,1,1.0
96,1,1168.0,679.0,151.0,346.0,1,1,1.0
97,1,1164.0,674.0,153.0,328.0,1,1,1.0
98,1,1160.0,670.0,157.0,325.0,1,1,1.0
99,1,1157.0,666.0,160.0,328.0,1,1,1.0
100,1,1156.0,661.0,162.0,331.0,1,1,1.0
101,1,1156.0,658.0,162.0,336.0,1,1,1.0
102,1,1156.0,654.0,161.0,334.0,1,1,1.0
103,1,1157.0,649.0,159.0,330.0,1,1,1.0
104,1,1158.0,644.0,156.0,326.0,1,1,1.0
105,1,1158.0,638.0,154.0,319.0,1,1,1.0
106,1,1158.0,632.0,150.0,307.0,1,1,1.0
107,1,1158.0,626.0,147.0,297.0,1,1,1.0
108,1,1158.0,621.0,143.0,296.0,1,1,1.0
109,1,1159.0,618.0,137.0,299.0,1,1,1.0
110,1,1159.0,613.0,131.0,302.0,1,1,1.0
111,1,1156.0,610.0,129.0,306.0,1,1,1.0
112,1,1155.0,606.0,127.0,308.0,1,1,1.0
113,1,1155.0,603.0,123.0,310.0,1,1,1.0
114,1,1154.0,600.0,122.0,309.0,1,1,1.0
115,1,1153.0,597.0,123.0,307.0,1,1,1.0
116,1,1151.0,591.0,124.0,302.0,1,1,1.0
117,1,1149.0,585.0,125.0,294.0,1,1,1.0
118,1,1147.0,580.0,127.0,281.0,1,1,1.0
119,1,1144.0,575.0,128.0,278.0,1,1,1.0
120,1,1138.0,570.0,133.0,281.0,1,1,1.0
121,1,1132.0,567.0,135.0,285.0,1,1,1.0
122,1,1128.0,563.0,137.0,288.0,1,1,1.0
123,1,1125.0,560.0,137.0,291.0,1,1,1.0
124,1,1124.0,559.0,136.0,288.0,1,1,1.0
125,1,1126.0,556.0,133.0,286.0,1,1,1.0
126,1,1129.0,552.0,128.0,284.0,1,1,1.0
127,1,1137.0,547.0,119.0,280.0,1,1,1.0
128,1,1140.0,543.0,113.0,269.0,1,1,1.0
129,1,1142.0,539.0,109.0,262.0,1,1,1.0
130,1,1142.0,535.0,106.0,262.0,1,1,1.0
131,1,1144.0,531.0,102.0,265.0,1,1,1.0
132,1,1140.0,528.0,104.0,267.0,1,1,1.0
133,1,1139.0,527.0,103.0,268.0,1,1,1.0
134,1,1136.0,527.0,103.0,269.0,1,1,1.0
135,1,1135.0,525.0,101.0,268.0,1,1,1.0
136,1,1136.0,521.0,96.0,268.0,1,1,1.0
137,1,1138.0,517.0,90.0,265.0,1,1,1.0
138,1,1138.0,512.0,90.0,254.0,1,1,1.0
139,1,1136.0,507.0,92.0,249.0,1,1,1.0
140,1,1134.0,503.0,94.0,246.0,1,1,1.0
141,1,1132.0,500.0,99.0,245.0,1,1,1.0
142,1,1126.0,498.0,108.0,245.0,1,1,1.0
143,1,1119.0,495.0,115.0,248.0,1,1,1.0
144,1,1118.0,494.0,114.0,250.0,1,1,1.0
145,1,1122.0,493.0,103.0,250.0,1,1,1.0
146,1,1125.0,491.0,96.0,249.0,1,1,1.0
147,1,1126.0,488.0,93.0,248.0,1,1,1.0
148,1,1127.0,484.0,91.0,246.0,1,1,1.0
149,1,1128.0,480.0,88.0,238.0,1,1,1.0
150,1,1129.0,476.0,85.0,232.0,1,1,1.0
151,1,1129.0,472.0,84.0,229.0,1,1,1.0
152,1,1129.0,469.0,87.0,232.0,1,1,1.0
153,1,1128.0,467.0,93.0,234.0,1,1,1.0
154,1,1127.0,465.0,95.0,236.0,1,1,1.0
155,1,1126.0,464.0,93.0,236.0,1,1,1.0
156,1,1124.0,463.0,90.0,237.0,1,1,1.0
157,1,1122.0,462.0,86.0,235.0,1,1,1.0
158,1,1121.0,459.0,84.0,233.0,1,1,1.0
159,1,1120.0,455.0,81.0,228.0,1,1,1.0
160,1,1119.0,452.0,82.0,221.0,1,1,1.0
161,1,1119.0,448.0,87.0,218.0,1,1,1.0
162,1,1119.0,445.0,87.0,218.0,1,1,1.0
163,1,1119.0,443.0,86.0,219.0,1,1,1.0
164,1,1119.0,442.0,81.0,220.0,1,1,1.0
165,1,1120.0,441.0,79.0,221.0,1,1,1.0
166,1,1120.0,440.0,78.0,221.0,1,1,1.0
167,1,1122.0,438.0,77.0,220.0,1,1,1.0
168,1,1123.0,434.0,77.0,218.0,1,1,1.0
169,1,1123.0,431.0,76.0,212.0,1,1,1.0
170,1,1124.0,427.0,75.0,206.0,1,1,1.0
171,1,1124.0,424.0,74.0,205.0,1,1,1.0
172,1,1124.0,422.0,74.0,205.0,1,1,1.0
173,1,1123.0,422.0,74.0,206.0,1,1,1.0
174,1,1123.0,421.0,73.0,207.0,1,1,1.0
175,1,1122.0,420.0,73.0,208.0,1,1,1.0
176,1,1120.0,419.0,74.0,208.0,1,1,1.0
177,1,1119.0,417.0,74.0,208.0,1,1,1.0
178,1,1118.0,415.0,73.0,206.0,1,1,1.0
179,1,1116.0,412.0,73.0,201.0,1,1,1.0
180,1,1116.0,409.0,73.0,196.0,1,1,1.0
181,1,1116.0,406.0,72.0,193.0,1,1,1.0
182,1,1117.0,404.0,72.0,193.0,1,1,1.0
183,1,1117.0,402.0,71.0,193.0,1,1,1.0
184,1,1118.0,402.0,71.0,194.0,1,1,1.0
185,1,1118.0,402.0,71.0,194.0,1,1,1.0
186,1,1118.0,401.0,70.0,196.0,1,1,1.0
187,1,1118.0,399.0,71.0,194.0,1,1,1.0
188,1,1117.0,398.0,72.0,194.0,1,1,1.0
189,1,1117.0,395.0,73.0,190.0,1,1,1.0
190,1,1117.0,393.0,73.0,183.0,1,1,1.0
191,1,1117.0,390.0,72.0,181.0,1,1,1.0
192,1,1115.0,389.0,72.0,180.0,1,1,1.0
193,1,1114.0,388.0,72.0,181.0,1,1,1.0
194,1,1112.0,387.0,72.0,182.0,1,1,1.0
195,1,1111.0,387.0,71.0,182.0,1,1,1.0
196,1,1110.0,386.0,70.0,183.0,1,1,1.0
197,1,1109.0,385.0,69.0,182.0,1,1,1.0
198,1,1107.0,383.0,69.0,181.0,1,1,1.0
199,1,1106.0,380.0,68.0,179.0,1,1,1.0
200,1,1105.0,377.0,67.0,174.0,1,1,1.0
201,1,1104.0,375.0,66.0,171.0,1,1,1.0
202,1,1103.0,374.0,66.0,170.0,1,1,1.0
203,1,1104.0,373.0,65.0,171.0,1,1,1.0
204,1,1104.0,373.0,65.0,171.0,1,1,1.0
205,1,1104.0,372.0,65.0,172.0,1,1,1.0
206,1,1104.0,371.0,65.0,172.0,1,1,1.0
207,1,1103.0,370.0,66.0,172.0,1,1,1.0
208,1,1102.0,369.0,67.0,172.0,1,1,1.0
209,1,1101.0,367.0,68.0,171.0,1,1,1.0
210,1,1101.0,365.0,68.0,166.0,1,1,1.0
211,1,1100.0,363.0,67.0,164.0,1,1,1.0
212,1,1099.0,361.0,70.0,163.0,1,1,1.0
213,1,1097.0,360.0,73.0,164.0,1,1,1.0
214,1,1096.0,358.0,72.0,165.0,1,1,1.0
215,1,1095.0,358.0,67.0,166.0,1,1,1.0
216,1,1094.0,358.0,64.0,166.0,1,1,1.0
217,1,1093.0,357.0,62.0,166.0,1,1,1.0
218,1,1092.0,356.0,61.0,164.0,1,1,1.0
219,1,1090.0,354.0,60.0,163.0,1,1,1.0
220,1,1089.0,352.0,59.0,160.0,1,1,1.0
221,1,1089.0,350.0,58.0,157.0,1,1,1.0
222,1,1088.0,348.0,58.0,156.0,1,1,1.0
223,1,1088.0,347.0,58.0,156.0,1,1,1.0
224,1,1088.0,346.0,58.0,157.0,1,1,1.0
225,1,1088.0,346.0,58.0,157.0,1,1,1.0
226,1,1087.0,345.0,57.0,158.0,1,1,1.0
227,1,1086.0,345.0,58.0,158.0,1,1,1.0
228,1,1085.0,345.0,60.0,158.0,1,1,1.0
229,1,1085.0,343.0,61.0,157.0,1,1,1.0
230,1,1084.0,342.0,62.0,153.0,1,1,1.0
231,1,1083.0,340.0,63.0,150.0,1,1,1.0
232,1,1082.0,338.0,62.0,150.0,1,1,1.0
233,1,1080.0,336.0,60.0,150.0,1,1,1.0
234,1,1079.0,336.0,59.0,150.0,1,1,1.0
235,1,1078.0,336.0,57.0,150.0,1,1,1.0
236,1,1077.0,337.0,56.0,150.0,1,1,1.0
237,1,1076.0,336.0,55.0,150.0,1,1,1.0
238,1,1074.0,335.0,55.0,151.0,1,1,1.0
239,1,1073.0,333.0,56.0,151.0,1,1,1.0
240,1,1071.0,332.0,57.0,148.0,1,1,1.0
241,1,1069.0,329.0,58.0,145.0,1,1,1.0
242,1,1069.0,328.0,57.0,144.0,1,1,1.0
243,1,1069.0,327.0,56.0,144.0,1,1,1.0
244,1,1069.0,327.0,55.0,144.0,1,1,1.0
245,1,1069.0,326.0,55.0,145.0,1,1,1.0
246,1,1068.0,326.0,55.0,145.0,1,1,1.0
247,1,1068.0,326.0,55.0,144.0,1,1,1.0
248,1,1068.0,326.0,56.0,144.0,1,1,1.0
249,1,1068.0,325.0,58.0,143.0,1,1,1.0
250,1,1067.0,324.0,60.0,141.0,1,1,1.0
251,1,1063.0,323.0,63.0,137.0,1,1,1.0
252,1,1062.0,321.0,65.0,136.0,1,1,1.0
253,1,1061.0,320.0,64.0,136.0,1,1,1.0
254,1,1062.0,319.0,61.0,136.0,1,1,1.0
255,1,1063.0,319.0,57.0,137.0,1,1,1.0
256,1,1062.0,319.0,56.0,137.0,1,1,1.0
257,1,1062.0,319.0,54.0,137.0,1,1,1.0
258,1,1061.0,319.0,53.0,137.0,1,1,1.0
259,1,1061.0,319.0,53.0,137.0,1,1,1.0
260,1,1060.0,317.0,53.0,135.0,1,1,1.0
261,1,1059.0,315.0,52.0,132.0,1,1,1.0
262,1,1059.0,313.0,53.0,133.0,1,1,1.0
263,1,1058.0,311.0,54.0,133.0,1,1,1.0
264,1,1058.0,310.0,55.0,133.0,1,1,1.0
265,1,1057.0,310.0,55.0,133.0,1,1,1.0
266,1,1057.0,310.0,54.0,133.0,1,1,1.0
267,1,1057.0,310.0,53.0,132.0,1,1,1.0
268,1,1057.0,310.0,53.0,132.0,1,1,1.0
269,1,1057.0,310.0,54.0,132.0,1,1,1.0
270,1,1057.0,309.0,55.0,131.0,1,1,1.0
271,1,1056.0,307.0,55.0,127.0,1,1,1.0
272,1,1056.0,306.0,54.0,126.0,1,1,1.0
273,1,1056.0,305.0,51.0,126.0,1,1,1.0
274,1,1055.0,305.0,50.0,127.0,1,1,1.0
275,1,1054.0,305.0,48.0,127.0,1,1,1.0
276,1,1053.0,305.0,48.0,127.0,1,1,1.0
277,1,1053.0,305.0,47.0,127.0,1,1,1.0
278,1,1052.0,305.0,47.0,126.0,1,1,1.0
279,1,1051.0,304.0,47.0,126.0,1,1,1.0
280,1,1050.0,303.0,48.0,125.0,1,1,1.0
281,1,1049.0,302.0,48.0,124.0,1,1,1.0
282,1,1049.0,301.0,48.0,122.0,1,1,1.0
283,1,1048.0,299.0,49.0,122.0,1,1,1.0
284,1,1048.0,299.0,50.0,121.0,1,1,1.0
285,1,1048.0,298.0,50.0,122.0,1,1,1.0
286,1,1048.0,297.0,50.0,122.0,1,1,1.0
287,1,1048.0,297.0,49.0,122.0,1,1,1.0
288,1,1048.0,297.0,49.0,122.0,1,1,1.0
289,1,1049.0,297.0,49.0,122.0,1,1,1.0
290,1,1050.0,296.0,48.0,122.0,1,1,1.0
291,1,1050.0,295.0,48.0,120.0,1,1,1.0
292,1,1049.0,294.0,49.0,118.0,1,1,1.0
293,1,1047.0,292.0,51.0,118.0,1,1,1.0
294,1,1047.0,291.0,50.0,118.0,1,1,1.0
295,1,1047.0,291.0,49.0,118.0,1,1,1.0
296,1,1048.0,291.0,48.0,118.0,1,1,1.0
297,1,1048.0,291.0,45.0,119.0,1,1,1.0
298,1,1048.0,291.0,44.0,119.0,1,1,1.0
299,1,1048.0,291.0,43.0,119.0,1,1,1.0
300,1,1047.0,290.0,42.0,119.0,1,1,1.0
301,1,1047.0,288.0,40.0,118.0,1,1,1.0
302,1,1045.0,287.0,40.0,115.0,1,1,1.0
303,1,1044.0,287.0,40.0,114.0,1,1,1.0
304,1,1043.0,286.0,41.0,114.0,1,1,1.0
305,1,1041.0,285.0,42.0,114.0,1,1,1.0
306,1,1040.0,285.0,43.0,115.0,1,1,1.0
307,1,1039.0,285.0,44.0,115.0,1,1,1.0
308,1,1038.0,285.0,45.0,115.0,1,1,1.0
309,1,1037.0,285.0,46.0,114.0,1,1,1.0
310,1,1037.0,284.0,46.0,114.0,1,1,1.0
311,1,1036.0,283.0,46.0,113.0,1,1,1.0
312,1,1036.0,282.0,46.0,111.0,1,1,1.0
313,1,1036.0,281.0,45.0,111.0,1,1,1.0
314,1,1036.0,280.0,43.0,110.0,1,1,1.0
315,1,1035.0,280.0,42.0,110.0,1,1,1.0
316,1,1034.0,281.0,41.0,109.0,1,1,1.0
317,1,1034.0,281.0,40.0,110.0,1,1,1.0
318,1,1032.0,280.0,40.0,110.0,1,1,1.0
319,1,1030.0,279.0,40.0,110.0,1,1,1.0
320,1,1029.0,278.0,39.0,110.0,1,1,1.0
321,1,1028.0,277.0,39.0,110.0,1,1,1.0
322,1,1025.0,276.0,40.0,108.0,1,1,1.0
323,1,1023.0,276.0,41.0,107.0,1,1,1.0
324,1,1021.0,276.0,42.0,107.0,1,1,1.0
325,1,1020.0,275.0,43.0,107.0,1,1,1.0
326,1,1020.0,275.0,43.0,107.0,1,1,1.0
327,1,1020.0,274.0,42.0,107.0,1,1,1.0
328,1,1020.0,274.0,42.0,107.0,1,1,1.0
329,1,1020.0,274.0,41.0,107.0,1,1,1.0
330,1,1020.0,274.0,42.0,107.0,1,1,1.0
331,1,1019.0,273.0,42.0,106.0,1,1,1.0
332,1,1019.0,273.0,42.0,105.0,1,1,1.0
333,1,1019.0,272.0,42.0,104.0,1,1,1.0
334,1,1018.0,271.0,42.0,103.0,1,1,1.0
335,1,1018.0,271.0,42.0,103.0,1,1,1.0
336,1,1017.0,270.0,41.0,103.0,1,1,1.0
337,1,1017.0,270.0,42.0,103.0,1,1,1.0
338,1,1016.0,270.0,42.0,103.0,1,1,1.0
339,1,1014.0,270.0,42.0,103.0,1,1,1.0
340,1,1013.0,270.0,40.0,102.0,1,1,1.0
341,1,1011.0,270.0,39.0,102.0,1,1,1.0
342,1,1010.0,269.0,38.0,100.0,1,1,1.0
344,1,1010.0,267.0,40.0,99.0,1,1,1.0
345,1,1010.0,267.0,41.0,99.0,1,1,1.0
346,1,1010.0,266.0,43.0,99.0,1,1,1.0
347,1,1009.0,267.0,44.0,99.0,1,1,1.0
348,1,1010.0,267.0,44.0,99.0,1,1,1.0
349,1,1011.0,267.0,43.0,98.0,1,1,1.0
350,1,1012.0,267.0,43.0,99.0,1,1,1.0
351,1,1012.0,266.0,42.0,98.0,1,1,1.0
352,1,1013.0,265.0,42.0,97.0,1,1,1.0
353,1,1014.0,265.0,41.0,95.0,1,1,1.0
354,1,1014.0,264.0,41.0,95.0,1,1,1.0
355,1,1015.0,264.0,41.0,95.0,1,1,1.0
356,1,1016.0,264.0,40.0,95.0,1,1,1.0
357,1,1017.0,264.0,39.0,95.0,1,1,1.0
358,1,1018.0,264.0,39.0,95.0,1,1,1.0
359,1,1018.0,263.0,38.0,95.0,1,1,1.0
360,1,1019.0,263.0,38.0,95.0,1,1,1.0
361,1,1019.0,262.0,39.0,95.0,1,1,1.0
362,1,1019.0,262.0,40.0,95.0,1,1,1.0
363,1,1020.0,261.0,41.0,94.0,1,1,1.0
364,1,1020.0,260.0,41.0,94.0,1,1,1.0
365,1,1021.0,259.0,42.0,94.0,1,1,1.0
366,1,1023.0,258.0,42.0,95.0,1,1,1.0
367,1,1026.0,258.0,40.0,95.0,1,1,1.0
368,1,1028.0,258.0,39.0,94.0,1,1,1.0
369,1,1030.0,258.0,38.0,94.0,1,1,1.0
370,1,1031.0,259.0,40.0,93.0,1,1,1.0
371,1,1032.0,259.0,40.0,94.0,1,1,1.0
372,1,1033.0,259.0,40.0,93.0,1,1,1.0
373,1,1033.0,258.0,40.0,92.0,1,1,1.0
374,1,1035.0,257.0,39.0,92.0,1,1,1.0
375,1,1036.0,256.0,39.0,93.0,1,1,1.0
376,1,1037.0,255.0,38.0,93.0,1,1,1.0
377,1,1038.0,255.0,36.0,93.0,1,1,1.0
378,1,1040.0,256.0,36.0,92.0,1,1,1.0
379,1,1042.0,256.0,36.0,92.0,1,1,1.0
380,1,1043.0,257.0,37.0,91.0,1,1,1.0
381,1,1045.0,257.0,39.0,91.0,1,1,1.0
382,1,1047.0,256.0,39.0,91.0,1,1,1.0
383,1,1049.0,256.0,39.0,90.0,1,1,1.0
384,1,1052.0,255.0,40.0,89.0,1,1,1.0
385,1,1056.0,255.0,37.0,89.0,1,1,1.0
386,1,1058.0,254.0,35.0,89.0,1,1,1.0
387,1,1061.0,254.0,34.0,90.0,1,1,1.0
388,1,1062.0,255.0,35.0,90.0,1,1,1.0
389,1,1063.0,256.0,39.0,89.0,1,1,1.0
390,1,1064.0,257.0,45.0,88.0,1,1,1.0
391,1,1064.0,257.0,48.0,88.0,1,1,1.0
392,1,1065.0,257.0,48.0,88.0,1,1,1.0
393,1,1069.0,257.0,45.0,87.0,1,1,1.0
396,1,1086.0,257.0,35.0,89.0,1,1,1.0
397,1,1093.0,257.0,33.0,89.0,1,1,1.0
398,1,1097.0,257.0,32.0,89.0,1,1,1.0
399,1,1098.0,258.0,37.0,89.0,1,1,1.0
400,1,1099.0,258.0,44.0,88.0,1,1,1.0
401,1,1101.0,259.0,46.0,89.0,1,1,1.0
402,1,1101.0,260.0,48.0,89.0,1,1,1.0
403,1,1105.0,260.0,46.0,89.0,1,1,1.0
404,1,1110.0,260.0,43.0,90.0,1,1,1.0
405,1,1118.0,259.0,37.0,90.0,1,1,1.0
406,1,1125.0,259.0,33.0,90.0,1,1,1.0
407,1,1131.0,260.0,32.0,89.0,1,1,1.0
408,1,1134.0,260.0,34.0,90.0,1,1,1.0
409,1,1136.0,261.0,38.0,91.0,1,1,1.0
410,1,1136.0,262.0,41.0,90.0,1,1,1.0
411,1,1137.0,263.0,45.0,91.0,1,1,1.0
412,1,1140.0,264.0,46.0,91.0,1,1,1.0
413,1,1147.0,264.0,41.0,91.0,1,1,1.0
414,1,1154.0,264.0,35.0,91.0,1,1,1.0
415,1,1159.0,264.0,30.0,92.0,1,1,1.0
416,1,1162.0,264.0,29.0,92.0,1,1,1.0
417,1,1164.0,264.0,30.0,92.0,1,1,1.0
418,1,1164.0,265.0,36.0,92.0,1,1,1.0
419,1,1165.0,266.0,43.0,92.0,1,1,1.0
420,1,1166.0,268.0,47.0,92.0,1,1,1.0
421,1,1168.0,269.0,46.0,92.0,1,1,1.0
423,1,1177.0,269.0,42.0,92.0,1,1,1.0
425,1,1188.0,268.0,38.0,93.0,1,1,1.0
426,1,1188.0,269.0,43.0,93.0,1,1,1.0
427,1,1191.0,269.0,43.0,94.0,1,1,1.0
428,1,1194.0,270.0,44.0,93.0,1,1,1.0
429,1,1197.0,272.0,44.0,94.0,1,1,1.0
430,1,1200.0,273.0,44.0,94.0,1,1,1.0
431,1,1205.0,273.0,41.0,94.0,1,1,1.0
432,1,1208.0,274.0,39.0,94.0,1,1,1.0
433,1,1214.0,273.0,35.0,95.0,1,1,1.0
434,1,1218.0,273.0,33.0,95.0,1,1,1.0
435,1,1222.0,274.0,31.0,94.0,1,1,1.0
436,1,1225.0,274.0,34.0,95.0,1,1,1.0
437,1,1226.0,275.0,40.0,95.0,1,1,1.0
438,1,1227.0,277.0,44.0,94.0,1,1,1.0
441,1,1230.0,278.0,47.0,97.0,1,1,1.0
442,1,1236.0,278.0,44.0,97.0,1,1,1.0
445,1,1246.0,280.0,43.0,97.0,1,1,1.0
446,1,1251.0,281.0,48.0,97.0,1,1,1.0
447,1,1253.0,282.0,46.0,96.0,1,1,1.0
448,1,1256.0,284.0,45.0,96.0,1,1,1.0
449,1,1260.0,285.0,43.0,97.0,1,1,1.0
450,1,1264.0,285.0,43.0,97.0,1,1,1.0
451,1,1270.0,285.0,40.0,98.0,1,1,1.0
452,1,1276.0,285.0,39.0,98.0,1,1,1.0
453,1,1280.0,285.0,38.0,98.0,1,1,1.0
454,1,1284.0,286.0,36.0,98.0,1,1,1.0
455,1,1287.0,286.0,37.0,99.0,1,1,1.0
456,1,1289.0,287.0,41.0,99.0,1,1,1.0
457,1,1290.0,288.0,45.0,99.0,1,1,1.0
458,1,1291.0,288.0,44.0,99.0,1,1,1.0
459,1,1293.0,289.0,43.0,99.0,1,1,1.0
460,1,1295.0,290.0,42.0,99.0,1,1,1.0
461,1,1299.0,291.0,41.0,98.0,1,1,1.0
462,1,1306.0,291.0,38.0,98.0,1,1,1.0
463,1,1312.0,291.0,37.0,99.0,1,1,1.0
464,1,1316.0,292.0,38.0,98.0,1,1,1.0
465,1,1319.0,293.0,40.0,97.0,1,1,1.0
466,1,1320.0,292.0,39.0,96.0,1,1,1.0
467,1,1322.0,293.0,40.0,94.0,1,1,1.0
468,1,1323.0,295.0,41.0,90.0,1,1,1.0
469,1,1325.0,297.0,42.0,88.0,1,1,1.0
471,1,1334.0,299.0,39.0,84.0,1,1,1.0
472,1,1337.0,299.0,39.0,84.0,1,1,1.0
473,1,1340.0,299.0,39.0,85.0,1,1,1.0
475,1,1337.0,299.0,47.0,88.0,1,1,1.0
477,1,1344.0,302.0,47.0,98.0,1,1,1.0
478,1,1347.0,304.0,48.0,103.0,1,1,1.0
480,1,1361.0,307.0,38.0,104.0,1,1,1.0
481,1,1368.0,307.0,35.0,104.0,1,1,1.0
482,1,1372.0,307.0,34.0,104.0,1,1,1.0
483,1,1375.0,306.0,34.0,103.0,1,1,1.0
484,1,1377.0,307.0,36.0,103.0,1,1,1.0
485,1,1379.0,309.0,38.0,103.0,1,1,1.0
486,1,1380.0,311.0,40.0,103.0,1,1,1.0
487,1,1381.0,312.0,41.0,103.0,1,1,1.0
488,1,1382.0,313.0,43.0,105.0,1,1,1.0
489,1,1384.0,314.0,43.0,105.0,1,1,1.0
490,1,1386.0,314.0,45.0,105.0,1,1,1.0
491,1,1389.0,313.0,44.0,107.0,1,1,1.0
492,1,1393.0,314.0,42.0,107.0,1,1,1.0
493,1,1397.0,313.0,39.0,107.0,1,1,1.0
494,1,1401.0,314.0,38.0,107.0,1,1,1.0
495,1,1404.0,314.0,39.0,109.0,1,1,1.0
497,1,1406.0,319.0,47.0,108.0,1,1,1.0
498,1,1408.0,321.0,45.0,107.0,1,1,1.0
499,1,1409.0,323.0,45.0,107.0,1,1,1.0
500,1,1411.0,323.0,45.0,107.0,1,1,1.0
501,1,1414.0,324.0,44.0,107.0,1,1,1.0
502,1,1418.0,324.0,43.0,107.0,1,1,1.0
503,1,1422.0,323.0,41.0,107.0,1,1,1.0
504,1,1424.0,323.0,41.0,108.0,1,1,1.0
505,1,1425.0,322.0,43.0,110.0,1,1,1.0
506,1,1425.0,323.0,44.0,112.0,1,1,1.0
507,1,1425.0,322.0,43.0,115.0,1,1,1.0
508,1,1425.0,323.0,46.0,116.0,1,1,1.0
509,1,1426.0,325.0,45.0,115.0,1,1,1.0
510,1,1427.0,326.0,44.0,114.0,1,1,1.0
511,1,1428.0,327.0,44.0,113.0,1,1,1.0
512,1,1429.0,327.0,44.0,114.0,1,1,1.0
513,1,1430.0,327.0,45.0,114.0,1,1,1.0
514,1,1431.0,327.0,44.0,114.0,1,1,1.0
515,1,1431.0,327.0,44.0,116.0,1,1,1.0
516,1,1432.0,328.0,44.0,118.0,1,1,1.0
517,1,1433.0,328.0,44.0,119.0,1,1,1.0
518,1,1433.0,329.0,43.0,119.0,1,1,1.0
519,1,1433.0,330.0,43.0,119.0,1,1,1.0
520,1,1432.0,333.0,43.0,118.0,1,1,1.0
521,1,1432.0,335.0,43.0,116.0,1,1,1.0
522,1,1432.0,335.0,43.0,116.0,1,1,1.0
523,1,1431.0,335.0,44.0,117.0,1,1,1.0
524,1,1431.0,335.0,44.0,116.0,1,1,1.0
525,1,1430.0,336.0,42.0,115.0,1,1,1.0
526,1,1429.0,337.0,41.0,116.0,1,1,1.0
527,1,1425.0,337.0,45.0,118.0,1,1,1.0
528,1,1422.0,338.0,49.0,118.0,1,1,1.0
529,1,1420.0,338.0,50.0,118.0,1,1,1.0
530,1,1420.0,339.0,49.0,119.0,1,1,1.0
531,1,1419.0,338.0,47.0,119.0,1,1,1.0
532,1,1418.0,338.0,44.0,120.0,1,1,1.0
533,1,1414.0,337.0,45.0,121.0,1,1,1.0
534,1,1412.0,337.0,47.0,121.0,1,1,1.0
535,1,1410.0,337.0,47.0,121.0,1,1,1.0
536,1,1407.0,337.0,49.0,124.0,1,1,1.0
537,1,1406.0,338.0,49.0,123.0,1,1,1.0
538,1,1403.0,340.0,49.0,123.0,1,1,1.0
539,1,1400.0,341.0,50.0,122.0,1,1,1.0
540,1,1397.0,342.0,50.0,123.0,1,1,1.0
541,1,1395.0,342.0,50.0,123.0,1,1,1.0
542,1,1393.0,342.0,49.0,122.0,1,1,1.0
543,1,1391.0,341.0,48.0,123.0,1,1,1.0
544,1,1388.0,340.0,49.0,124.0,1,1,1.0
545,1,1386.0,339.0,49.0,124.0,1,1,1.0
546,1,1382.0,339.0,51.0,125.0,1,1,1.0
547,1,1377.0,338.0,54.0,127.0,1,1,1.0
548,1,1371.0,339.0,58.0,127.0,1,1,1.0
549,1,1367.0,340.0,60.0,128.0,1,1,1.0
550,1,1365.0,340.0,59.0,128.0,1,1,1.0
551,1,1365.0,340.0,56.0,128.0,1,1,1.0
552,1,1365.0,340.0,53.0,129.0,1,1,1.0
553,1,1363.0,340.0,53.0,129.0,1,1,1.0
554,1,1362.0,339.0,51.0,129.0,1,1,1.0
555,1,1359.0,340.0,52.0,129.0,1,1,1.0
556,1,1356.0,340.0,53.0,130.0,1,1,1.0
557,1,1351.0,341.0,56.0,132.0,1,1,1.0
559,1,1339.0,343.0,65.0,132.0,1,1,1.0
560,1,1340.0,344.0,61.0,132.0,1,1,1.0
561,1,1340.0,344.0,59.0,133.0,1,1,1.0
562,1,1338.0,344.0,58.0,134.0,1,1,1.0
563,1,1337.0,343.0,57.0,135.0,1,1,1.0
564,1,1334.0,342.0,57.0,135.0,1,1,1.0
565,1,1332.0,342.0,55.0,135.0,1,1,1.0
566,1,1329.0,342.0,56.0,135.0,1,1,1.0
567,1,1323.0,343.0,59.0,135.0,1,1,1.0
568,1,1316.0,343.0,63.0,135.0,1,1,1.0
569,1,1309.0,344.0,66.0,135.0,1,1,1.0
570,1,1306.0,345.0,66.0,135.0,1,1,1.0
571,1,1300.0,345.0,68.0,136.0,1,1,1.0
572,1,1303.0,345.0,63.0,136.0,1,1,1.0
573,1,1302.0,345.0,60.0,137.0,1,1,1.0
574,1,1304.0,344.0,56.0,138.0,1,1,1.0
575,1,1304.0,344.0,54.0,138.0,1,1,1.0
576,1,1301.0,344.0,55.0,139.0,1,1,1.0
577,1,1297.0,344.0,55.0,140.0,1,1,1.0
578,1,1292.0,345.0,57.0,142.0,1,1,1.0
579,1,1288.0,347.0,61.0,142.0,1,1,1.0
580,1,1284.0,348.0,64.0,143.0,1,1,1.0
581,1,1280.0,349.0,65.0,144.0,1,1,1.0
582,1,1276.0,349.0,69.0,144.0,1,1,1.0
583,1,1272.0,349.0,68.0,145.0,1,1,1.0
584,1,1270.0,348.0,66.0,145.0,1,1,1.0
585,1,1270.0,348.0,62.0,145.0,1,1,1.0
586,1,1270.0,348.0,57.0,145.0,1,1,1.0
587,1,1269.0,349.0,55.0,144.0,1,1,1.0
588,1,1260.0,350.0,60.0,145.0,1,1,1.0
589,1,1252.0,351.0,66.0,145.0,1,1,1.0
590,1,1247.0,352.0,68.0,145.0,1,1,1.0
591,1,1245.0,353.0,66.0,145.0,1,1,1.0
592,1,1243.0,353.0,63.0,145.0,1,1,1.0
593,1,1243.0,353.0,60.0,146.0,1,1,1.0
594,1,1243.0,352.0,56.0,148.0,1,1,1.0
595,1,1243.0,351.0,53.0,148.0,1,1,1.0
596,1,1238.0,351.0,55.0,148.0,1,1,1.0
597,1,1233.0,351.0,57.0,150.0,1,1,1.0
598,1,1228.0,352.0,60.0,151.0,1,1,1.0
599,1,1223.0,354.0,64.0,151.0,1,1,1.0
600,1,1217.0,355.0,66.0,152.0,1,1,1.0
601,1,1213.0,356.0,68.0,151.0,1,1,1.0
602,1,1209.0,357.0,68.0,152.0,1,1,1.0
603,1,1207.0,357.0,68.0,152.0,1,1,1.0
604,1,1205.0,356.0,65.0,153.0,1,1,1.0
605,1,1204.0,356.0,60.0,153.0,1,1,1.0
606,1,1203.0,356.0,56.0,153.0,1,1,1.0
607,1,1200.0,356.0,55.0,153.0,1,1,1.0
608,1,1190.0,357.0,61.0,153.0,1,1,1.0
609,1,1179.0,358.0,69.0,152.0,1,1,1.0
610,1,1168.0,359.0,78.0,153.0,1,1,1.0
611,1,1163.0,360.0,79.0,153.0,1,1,1.0
612,1,1161.0,361.0,77.0,153.0,1,1,1.0
613,1,1160.0,361.0,70.0,153.0,1,1,1.0
614,1,1160.0,361.0,64.0,154.0,1,1,1.0
615,1,1160.0,360.0,59.0,154.0,1,1,1.0
616,1,1157.0,359.0,58.0,155.0,1,1,1.0
617,1,1151.0,360.0,60.0,156.0,1,1,1.0
618,1,1144.0,361.0,64.0,157.0,1,1,1.0
619,1,1137.0,362.0,66.0,158.0,1,1,1.0
620,1,1130.0,364.0,69.0,159.0,1,1,1.0
621,1,1125.0,365.0,70.0,159.0,1,1,1.0
622,1,1120.0,366.0,71.0,159.0,1,1,1.0
623,1,1117.0,366.0,69.0,160.0,1,1,1.0
624,1,1114.0,366.0,67.0,160.0,1,1,1.0
625,1,1113.0,365.0,63.0,161.0,1,1,1.0
626,1,1112.0,364.0,59.0,162.0,1,1,1.0
627,1,1109.0,363.0,57.0,163.0,1,1,1.0
628,1,1101.0,364.0,61.0,162.0,1,1,1.0
629,1,1088.0,365.0,71.0,161.0,1,1,1.0
630,1,1074.0,367.0,83.0,161.0,1,1,1.0
631,1,1064.0,368.0,91.0,162.0,1,1,1.0
632,1,1060.0,370.0,91.0,162.0,1,1,1.0
633,1,1059.0,370.0,87.0,164.0,1,1,1.0
634,1,1059.0,369.0,80.0,165.0,1,1,1.0
635,1,1059.0,369.0,69.0,166.0,1,1,1.0
636,1,1059.0,368.0,62.0,167.0,1,1,1.0
637,1,1058.0,367.0,59.0,168.0,1,1,1.0
638,1,1051.0,367.0,60.0,171.0,1,1,1.0
639,1,1042.0,369.0,65.0,171.0,1,1,1.0
640,1,1033.0,371.0,70.0,171.0,1,1,1.0
