1,1,832.0,197.0,48.0,97.0,1,1,1.0
1,2,795.0,195.0,45.0,98.0,1,1,1.0
2,1,833.0,198.0,45.0,97.0,1,1,1.0
2,2,791.0,194.0,44.0,98.0,1,1,1.0
3,1,831.0,198.0,43.0,97.0,1,1,1.0
3,2,789.0,194.0,41.0,98.0,1,1,1.0
4,1,828.0,198.0,40.0,97.0,1,1,1.0
4,2,787.0,194.0,40.0,98.0,1,1,1.0
5,1,824.0,197.0,33.0,98.0,1,1,1.0
5,2,784.0,195.0,41.0,98.0,1,1,1.0
6,1,820.0,196.0,32.0,99.0,1,1,1.0
6,2,782.0,196.0,41.0,97.0,1,1,1.0
7,1,816.0,196.0,34.0,99.0,1,1,1.0
7,2,781.0,196.0,41.0,98.0,1,1,1.0
8,1,810.0,196.0,40.0,99.0,1,1,1.0
8,2,781.0,197.0,41.0,97.0,1,1,1.0
9,1,800.0,197.0,49.0,98.0,1,1,1.0
9,2,780.0,197.0,38.0,98.0,1,1,1.0
10,1,794.0,198.0,53.0,98.0,1,1,1.0
10,2,780.0,197.0,36.0,94.0,1,1,1.0
11,1,792.0,198.0,55.0,98.0,1,1,1.0
11,2,779.0,196.0,34.0,97.0,1,1,1.0
12,1,792.0,199.0,49.0,98.0,1,1,1.0
12,2,778.0,196.0,33.0,98.0,1,1,1.0
13,1,792.0,198.0,44.0,98.0,1,1,1.0
13,2,775.0,196.0,34.0,99.0,1,1,1.0
14,1,793.0,198.0,37.0,98.0,1,1,1.0
14,2,772.0,196.0,32.0,99.0,1,1,1.0
15,1,792.0,198.0,34.0,99.0,1,1,1.0
15,2,767.0,197.0,35.0,99.0,1,1,1.0
16,1,790.0,197.0,33.0,100.0,1,1,1.0
16,2,762.0,198.0,37.0,98.0,1,1,1.0
17,1,790.0,198.0,34.0,101.0,1,1,1.0
17,2,758.0,199.0,41.0,98.0,1,1,1.0
18,1,789.0,199.0,37.0,99.0,1,1,1.0
18,2,756.0,200.0,41.0,99.0,1,1,1.0
19,1,787.0,200.0,40.0,99.0,1,1,1.0
19,2,753.0,200.0,42.0,101.0,1,1,1.0
20,1,785.0,201.0,42.0,100.0,1,1,1.0
20,2,751.0,199.0,43.0,102.0,1,1,1.0
21,1,784.0,202.0,42.0,97.0,1,1,1.0
21,2,751.0,200.0,43.0,103.0,1,1,1.0
22,1,782.0,202.0,41.0,97.0,1,1,1.0
22,2,749.0,200.0,43.0,103.0,1,1,1.0
23,1,780.0,202.0,40.0,100.0,1,1,1.0
23,2,749.0,200.0,39.0,102.0,1,1,1.0
24,1,777.0,201.0,39.0,102.0,1,1,1.0
24,2,746.0,200.0,37.0,102.0,1,1,1.0
25,1,775.0,201.0,35.0,103.0,1,1,1.0
25,2,742.0,201.0,38.0,102.0,1,1,1.0
26,1,773.0,202.0,34.0,103.0,1,1,1.0
26,2,741.0,202.0,36.0,102.0,1,1,1.0
27,1,770.0,202.0,35.0,103.0,1,1,1.0
27,2,740.0,203.0,36.0,102.0,1,1,1.0
28,1,767.0,203.0,36.0,103.0,1,1,1.0
28,2,739.0,203.0,36.0,102.0,1,1,1.0
29,1,765.0,204.0,36.0,103.0,1,1,1.0
29,2,739.0,204.0,35.0,103.0,1,1,1.0
30,1,764.0,205.0,36.0,104.0,1,1,1.0
30,2,738.0,204.0,33.0,103.0,1,1,1.0
31,1,763.0,205.0,35.0,104.0,1,1,1.0
31,2,737.0,203.0,32.0,103.0,1,1,1.0
32,1,762.0,205.0,34.0,104.0,1,1,1.0
32,2,735.0,203.0,32.0,104.0,1,1,1.0
33,1,761.0,205.0,35.0,104.0,1,1,1.0
33,2,733.0,203.0,33.0,105.0,1,1,1.0
34,1,759.0,205.0,36.0,104.0,1,1,1.0
34,2,731.0,203.0,33.0,105.0,1,1,1.0
35,1,759.0,205.0,37.0,105.0,1,1,1.0
35,2,728.0,203.0,35.0,105.0,1,1,1.0
36,1,757.0,205.0,39.0,106.0,1,1,1.0
36,2,724.0,204.0,37.0,105.0,1,1,1.0
37,1,755.0,205.0,41.0,108.0,1,1,1.0
37,2,724.0,206.0,36.0,104.0,1,1,1.0
38,1,753.0,207.0,43.0,109.0,1,1,1.0
38,2,722.0,207.0,35.0,105.0,1,1,1.0
39,1,752.0,208.0,44.0,109.0,1,1,1.0
39,2,721.0,208.0,34.0,105.0,1,1,1.0
40,1,751.0,210.0,45.0,109.0,1,1,1.0
40,2,720.0,209.0,34.0,105.0,1,1,1.0
41,1,751.0,210.0,46.0,108.0,1,1,1.0
41,2,720.0,209.0,34.0,106.0,1,1,1.0
42,1,749.0,211.0,47.0,108.0,1,1,1.0
42,2,718.0,208.0,35.0,106.0,1,1,1.0
43,1,749.0,211.0,45.0,108.0,1,1,1.0
43,2,717.0,208.0,35.0,107.0,1,1,1.0
44,1,748.0,211.0,43.0,108.0,1,1,1.0
44,2,715.0,208.0,36.0,107.0,1,1,1.0
45,1,745.0,212.0,41.0,107.0,1,1,1.0
45,2,714.0,209.0,35.0,108.0,1,1,1.0
46,1,743.0,213.0,39.0,106.0,1,1,1.0
46,2,713.0,211.0,35.0,109.0,1,1,1.0
47,1,742.0,214.0,38.0,107.0,1,1,1.0
47,2,713.0,212.0,34.0,109.0,1,1,1.0
48,1,741.0,215.0,38.0,106.0,1,1,1.0
48,2,712.0,213.0,34.0,109.0,1,1,1.0
49,1,739.0,217.0,37.0,106.0,1,1,1.0
49,2,711.0,214.0,33.0,109.0,1,1,1.0
50,1,738.0,218.0,37.0,108.0,1,1,1.0
50,2,709.0,214.0,33.0,109.0,1,1,1.0
51,1,735.0,218.0,38.0,108.0,1,1,1.0
51,2,706.0,214.0,35.0,108.0,1,1,1.0
52,1,733.0,218.0,40.0,109.0,1,1,1.0
52,2,705.0,214.0,36.0,109.0,1,1,1.0
53,1,729.0,217.0,41.0,109.0,1,1,1.0
53,2,704.0,213.0,35.0,109.0,1,1,1.0
54,1,727.0,218.0,42.0,109.0,1,1,1.0
54,2,701.0,213.0,37.0,110.0,1,1,1.0
55,1,726.0,218.0,45.0,109.0,1,1,1.0
55,2,698.0,214.0,38.0,111.0,1,1,1.0
56,1,724.0,218.0,48.0,112.0,1,1,1.0
56,2,696.0,214.0,39.0,113.0,1,1,1.0
57,1,723.0,219.0,49.0,113.0,1,1,1.0
57,2,695.0,216.0,39.0,112.0,1,1,1.0
58,1,724.0,220.0,47.0,113.0,1,1,1.0
58,2,696.0,217.0,39.0,113.0,1,1,1.0
59,1,723.0,221.0,46.0,114.0,1,1,1.0
59,2,697.0,218.0,36.0,113.0,1,1,1.0
60,1,723.0,221.0,47.0,114.0,1,1,1.0
60,2,698.0,220.0,35.0,112.0,1,1,1.0
61,1,723.0,221.0,47.0,115.0,1,1,1.0
61,2,697.0,221.0,35.0,112.0,1,1,1.0
62,1,723.0,221.0,44.0,115.0,1,1,1.0
62,2,695.0,221.0,36.0,111.0,1,1,1.0
63,1,723.0,221.0,43.0,115.0,1,1,1.0
63,2,694.0,222.0,37.0,111.0,1,1,1.0
64,1,721.0,221.0,43.0,114.0,1,1,1.0
64,2,694.0,222.0,37.0,111.0,1,1,1.0
65,1,718.0,221.0,42.0,115.0,1,1,1.0
65,2,694.0,222.0,35.0,113.0,1,1,1.0
66,1,717.0,221.0,41.0,116.0,1,1,1.0
66,2,695.0,222.0,34.0,117.0,1,1,1.0
67,1,716.0,221.0,41.0,117.0,1,1,1.0
67,2,695.0,223.0,35.0,119.0,1,1,1.0
68,1,716.0,224.0,40.0,117.0,1,1,1.0
68,2,695.0,224.0,33.0,119.0,1,1,1.0
69,1,715.0,227.0,40.0,116.0,1,1,1.0
69,2,694.0,225.0,31.0,119.0,1,1,1.0
70,1,715.0,226.0,40.0,119.0,1,1,1.0
70,2,692.0,225.0,32.0,118.0,1,1,1.0
71,1,715.0,228.0,39.0,117.0,1,1,1.0
71,2,691.0,226.0,33.0,117.0,1,1,1.0
72,1,715.0,226.0,40.0,119.0,1,1,1.0
72,2,689.0,226.0,33.0,117.0,1,1,1.0
73,1,714.0,228.0,42.0,118.0,1,1,1.0
73,2,688.0,226.0,34.0,117.0,1,1,1.0
74,1,714.0,227.0,44.0,119.0,1,1,1.0
74,2,686.0,226.0,36.0,117.0,1,1,1.0
75,1,713.0,228.0,47.0,120.0,1,1,1.0
75,2,685.0,227.0,37.0,118.0,1,1,1.0
76,1,713.0,228.0,48.0,123.0,1,1,1.0
76,2,684.0,228.0,38.0,118.0,1,1,1.0
77,1,713.0,229.0,49.0,124.0,1,1,1.0
77,2,683.0,230.0,38.0,119.0,1,1,1.0
78,1,713.0,231.0,49.0,123.0,1,1,1.0
78,2,681.0,232.0,39.0,120.0,1,1,1.0
79,1,713.0,232.0,49.0,122.0,1,1,1.0
79,2,680.0,232.0,40.0,121.0,1,1,1.0
80,1,714.0,233.0,48.0,122.0,1,1,1.0
80,2,678.0,233.0,41.0,120.0,1,1,1.0
81,1,716.0,232.0,47.0,123.0,1,1,1.0
81,2,676.0,233.0,43.0,120.0,1,1,1.0
82,1,716.0,232.0,48.0,123.0,1,1,1.0
82,2,674.0,233.0,46.0,120.0,1,1,1.0
83,1,715.0,233.0,47.0,122.0,1,1,1.0
83,2,673.0,233.0,47.0,120.0,1,1,1.0
84,1,715.0,233.0,46.0,122.0,1,1,1.0
84,2,673.0,232.0,46.0,122.0,1,1,1.0
85,1,714.0,240.0,45.0,118.0,1,1,1.0
85,2,675.0,235.0,43.0,125.0,1,1,1.0
86,1,714.0,241.0,43.0,120.0,1,1,1.0
86,2,677.0,236.0,41.0,125.0,1,1,1.0
87,1,714.0,241.0,42.0,120.0,1,1,1.0
87,2,678.0,238.0,40.0,125.0,1,1,1.0
88,1,713.0,241.0,42.0,123.0,1,1,1.0
88,2,679.0,239.0,39.0,126.0,1,1,1.0
89,1,713.0,241.0,42.0,120.0,1,1,1.0
89,2,679.0,240.0,38.0,125.0,1,1,1.0
90,1,711.0,241.0,43.0,123.0,1,1,1.0
90,2,680.0,240.0,38.0,125.0,1,1,1.0
91,1,710.0,241.0,44.0,125.0,1,1,1.0
91,2,680.0,241.0,38.0,123.0,1,1,1.0
92,1,710.0,242.0,44.0,125.0,1,1,1.0
92,2,679.0,240.0,40.0,125.0,1,1,1.0
93,1,710.0,243.0,45.0,124.0,1,1,1.0
93,2,679.0,240.0,44.0,125.0,1,1,1.0
94,1,711.0,242.0,46.0,127.0,1,1,1.0
94,2,678.0,241.0,44.0,126.0,1,1,1.0
95,1,712.0,242.0,46.0,131.0,1,1,1.0
95,2,677.0,242.0,43.0,127.0,1,1,1.0
96,1,713.0,243.0,45.0,132.0,1,1,1.0
96,2,677.0,244.0,43.0,124.0,1,1,1.0
97,1,713.0,245.0,45.0,132.0,1,1,1.0
97,2,677.0,246.0,43.0,126.0,1,1,1.0
98,1,714.0,246.0,47.0,132.0,1,1,1.0
98,2,677.0,247.0,43.0,129.0,1,1,1.0
99,1,715.0,247.0,48.0,131.0,1,1,1.0
99,2,677.0,248.0,44.0,130.0,1,1,1.0
100,1,716.0,247.0,50.0,131.0,1,1,1.0
100,2,676.0,248.0,46.0,131.0,1,1,1.0
101,1,717.0,247.0,51.0,133.0,1,1,1.0
101,2,676.0,248.0,47.0,131.0,1,1,1.0
102,1,717.0,247.0,52.0,134.0,1,1,1.0
102,2,679.0,248.0,45.0,131.0,1,1,1.0
103,1,717.0,247.0,52.0,135.0,1,1,1.0
103,2,682.0,248.0,42.0,130.0,1,1,1.0
104,1,718.0,247.0,50.0,136.0,1,1,1.0
104,2,685.0,249.0,42.0,129.0,1,1,1.0
105,1,720.0,249.0,48.0,137.0,1,1,1.0
105,2,688.0,251.0,41.0,132.0,1,1,1.0
106,1,723.0,252.0,45.0,136.0,1,1,1.0
106,2,690.0,253.0,41.0,134.0,1,1,1.0
107,1,724.0,253.0,43.0,136.0,1,1,1.0
107,2,692.0,254.0,41.0,135.0,1,1,1.0
108,1,725.0,255.0,43.0,136.0,1,1,1.0
108,2,694.0,255.0,43.0,135.0,1,1,1.0
109,1,726.0,255.0,42.0,136.0,1,1,1.0
109,2,694.0,256.0,45.0,135.0,1,1,1.0
110,1,726.0,256.0,42.0,134.0,1,1,1.0
110,2,694.0,256.0,48.0,135.0,1,1,1.0
111,1,727.0,257.0,43.0,134.0,1,1,1.0
111,2,694.0,256.0,45.0,135.0,1,1,1.0
112,1,727.0,257.0,46.0,134.0,1,1,1.0
112,2,696.0,256.0,44.0,136.0,1,1,1.0
113,1,727.0,258.0,48.0,135.0,1,1,1.0
113,2,696.0,257.0,42.0,136.0,1,1,1.0
114,1,728.0,259.0,49.0,138.0,1,1,1.0
114,2,695.0,257.0,42.0,137.0,1,1,1.0
115,1,730.0,261.0,50.0,139.0,1,1,1.0
115,2,695.0,259.0,43.0,139.0,1,1,1.0
116,1,731.0,262.0,49.0,141.0,1,1,1.0
116,2,695.0,260.0,43.0,141.0,1,1,1.0
117,1,733.0,264.0,50.0,141.0,1,1,1.0
117,2,695.0,262.0,44.0,142.0,1,1,1.0
118,1,734.0,265.0,52.0,142.0,1,1,1.0
118,2,695.0,263.0,47.0,141.0,1,1,1.0
119,1,736.0,265.0,54.0,143.0,1,1,1.0
119,2,696.0,264.0,47.0,141.0,1,1,1.0
120,1,737.0,266.0,56.0,143.0,1,1,1.0
120,2,698.0,263.0,45.0,141.0,1,1,1.0
121,1,739.0,266.0,56.0,143.0,1,1,1.0
121,2,700.0,263.0,43.0,142.0,1,1,1.0
122,1,739.0,266.0,55.0,143.0,1,1,1.0
122,2,701.0,263.0,43.0,143.0,1,1,1.0
123,1,740.0,266.0,53.0,143.0,1,1,1.0
123,2,701.0,263.0,43.0,144.0,1,1,1.0
124,1,740.0,267.0,51.0,143.0,1,1,1.0
124,2,701.0,264.0,43.0,145.0,1,1,1.0
125,1,740.0,271.0,50.0,145.0,1,1,1.0
125,2,702.0,267.0,43.0,149.0,1,1,1.0
126,1,740.0,273.0,49.0,145.0,1,1,1.0
126,2,702.0,269.0,43.0,149.0,1,1,1.0
127,1,739.0,275.0,49.0,147.0,1,1,1.0
127,2,702.0,271.0,46.0,149.0,1,1,1.0
128,1,740.0,275.0,49.0,142.0,1,1,1.0
128,2,702.0,272.0,50.0,149.0,1,1,1.0
129,1,739.0,276.0,51.0,145.0,1,1,1.0
130,1,739.0,276.0,53.0,147.0,1,1,1.0
130,2,698.0,273.0,50.0,148.0,1,1,1.0
131,1,738.0,276.0,55.0,147.0,1,1,1.0
131,2,695.0,273.0,52.0,148.0,1,1,1.0
132,1,738.0,277.0,55.0,147.0,1,1,1.0
132,2,692.0,274.0,54.0,147.0,1,1,1.0
133,1,736.0,279.0,56.0,149.0,1,1,1.0
133,2,690.0,275.0,59.0,150.0,1,1,1.0
134,1,736.0,281.0,56.0,151.0,1,1,1.0
134,2,690.0,276.0,65.0,153.0,1,1,1.0
135,1,735.0,283.0,54.0,152.0,1,1,1.0
135,2,689.0,278.0,59.0,153.0,1,1,1.0
136,1,735.0,285.0,53.0,152.0,1,1,1.0
136,2,688.0,280.0,57.0,155.0,1,1,1.0
137,1,736.0,287.0,52.0,153.0,1,1,1.0
137,2,686.0,282.0,56.0,155.0,1,1,1.0
138,1,736.0,287.0,52.0,153.0,1,1,1.0
138,2,683.0,282.0,58.0,155.0,1,1,1.0
139,1,735.0,287.0,54.0,154.0,1,1,1.0
139,2,681.0,283.0,59.0,155.0,1,1,1.0
140,1,734.0,287.0,57.0,155.0,1,1,1.0
140,2,681.0,283.0,58.0,155.0,1,1,1.0
141,1,732.0,287.0,59.0,155.0,1,1,1.0
141,2,683.0,284.0,54.0,155.0,1,1,1.0
142,1,730.0,287.0,59.0,155.0,1,1,1.0
142,2,686.0,285.0,51.0,154.0,1,1,1.0
143,1,729.0,287.0,58.0,156.0,1,1,1.0
143,2,687.0,287.0,51.0,157.0,1,1,1.0
144,1,728.0,288.0,56.0,159.0,1,1,1.0
144,2,687.0,288.0,47.0,161.0,1,1,1.0
145,1,725.0,292.0,54.0,162.0,1,1,1.0
145,2,686.0,292.0,46.0,162.0,1,1,1.0
146,1,723.0,294.0,53.0,163.0,1,1,1.0
146,2,684.0,295.0,45.0,162.0,1,1,1.0
147,1,720.0,295.0,54.0,165.0,1,1,1.0
147,2,683.0,297.0,46.0,162.0,1,1,1.0
148,1,718.0,296.0,54.0,165.0,1,1,1.0
148,2,680.0,297.0,46.0,161.0,1,1,1.0
149,1,717.0,297.0,54.0,165.0,1,1,1.0
149,2,677.0,298.0,47.0,160.0,1,1,1.0
150,1,715.0,297.0,55.0,165.0,1,1,1.0
150,2,673.0,299.0,49.0,160.0,1,1,1.0
151,1,714.0,298.0,57.0,165.0,1,1,1.0
151,2,670.0,301.0,52.0,159.0,1,1,1.0
152,1,713.0,299.0,59.0,167.0,1,1,1.0
152,2,668.0,303.0,53.0,161.0,1,1,1.0
153,1,712.0,301.0,60.0,171.0,1,1,1.0
153,2,667.0,305.0,53.0,164.0,1,1,1.0
154,1,711.0,304.0,62.0,171.0,1,1,1.0
154,2,666.0,308.0,52.0,162.0,1,1,1.0
155,1,710.0,306.0,63.0,170.0,1,1,1.0
155,2,665.0,310.0,52.0,164.0,1,1,1.0
156,1,708.0,309.0,64.0,172.0,1,1,1.0
156,2,659.0,312.0,57.0,166.0,1,1,1.0
157,1,707.0,311.0,66.0,174.0,1,1,1.0
157,2,657.0,314.0,58.0,167.0,1,1,1.0
158,1,706.0,313.0,67.0,173.0,1,1,1.0
158,2,655.0,314.0,59.0,167.0,1,1,1.0
159,1,705.0,312.0,69.0,174.0,1,1,1.0
159,2,655.0,315.0,58.0,167.0,1,1,1.0
160,1,704.0,312.0,67.0,174.0,1,1,1.0
160,2,653.0,315.0,58.0,167.0,1,1,1.0
161,1,703.0,313.0,63.0,174.0,1,1,1.0
161,2,649.0,316.0,60.0,166.0,1,1,1.0
162,1,702.0,314.0,60.0,175.0,1,1,1.0
162,2,648.0,317.0,59.0,170.0,1,1,1.0
163,1,700.0,316.0,57.0,178.0,1,1,1.0
163,2,647.0,319.0,59.0,174.0,1,1,1.0
164,1,698.0,318.0,57.0,179.0,1,1,1.0
164,2,647.0,321.0,57.0,175.0,1,1,1.0
165,1,696.0,321.0,56.0,180.0,1,1,1.0
165,2,646.0,324.0,56.0,177.0,1,1,1.0
166,1,694.0,324.0,56.0,181.0,1,1,1.0
166,2,644.0,326.0,55.0,178.0,1,1,1.0
167,1,692.0,326.0,55.0,183.0,1,1,1.0
167,2,642.0,328.0,55.0,178.0,1,1,1.0
168,1,689.0,327.0,56.0,184.0,1,1,1.0
168,2,639.0,329.0,56.0,178.0,1,1,1.0
169,1,687.0,328.0,56.0,184.0,1,1,1.0
169,2,635.0,330.0,58.0,178.0,1,1,1.0
170,1,685.0,329.0,60.0,184.0,1,1,1.0
170,2,631.0,330.0,59.0,177.0,1,1,1.0
171,1,683.0,330.0,64.0,182.0,1,1,1.0
171,2,627.0,331.0,61.0,177.0,1,1,1.0
172,1,680.0,332.0,69.0,183.0,1,1,1.0
172,2,625.0,333.0,61.0,181.0,1,1,1.0
173,1,677.0,333.0,74.0,189.0,1,1,1.0
173,2,623.0,335.0,61.0,185.0,1,1,1.0
174,1,674.0,335.0,77.0,190.0,1,1,1.0
174,2,621.0,339.0,61.0,186.0,1,1,1.0
175,1,672.0,339.0,78.0,191.0,1,1,1.0
175,2,619.0,341.0,61.0,187.0,1,1,1.0
176,1,671.0,342.0,76.0,192.0,1,1,1.0
176,2,617.0,343.0,61.0,189.0,1,1,1.0
177,1,670.0,344.0,74.0,194.0,1,1,1.0
177,2,611.0,345.0,63.0,189.0,1,1,1.0
178,1,668.0,346.0,74.0,194.0,1,1,1.0
178,2,604.0,346.0,69.0,189.0,1,1,1.0
179,1,666.0,346.0,73.0,194.0,1,1,1.0
179,2,597.0,346.0,74.0,189.0,1,1,1.0
180,1,663.0,347.0,72.0,193.0,1,1,1.0
180,2,592.0,347.0,77.0,188.0,1,1,1.0
181,1,661.0,348.0,69.0,193.0,1,1,1.0
181,2,590.0,348.0,76.0,186.0,1,1,1.0
182,1,658.0,349.0,65.0,191.0,1,1,1.0
182,2,591.0,350.0,72.0,191.0,1,1,1.0
183,1,653.0,351.0,66.0,195.0,1,1,1.0
183,2,593.0,350.0,67.0,198.0,1,1,1.0
184,1,650.0,354.0,66.0,197.0,1,1,1.0
184,2,594.0,348.0,63.0,205.0,1,1,1.0
185,1,646.0,357.0,66.0,199.0,1,1,1.0
185,2,594.0,347.0,62.0,211.0,1,1,1.0
186,1,642.0,361.0,70.0,200.0,1,1,1.0
186,2,592.0,355.0,60.0,206.0,1,1,1.0
187,1,639.0,364.0,70.0,202.0,1,1,1.0
187,2,588.0,361.0,62.0,201.0,1,1,1.0
188,1,636.0,365.0,70.0,202.0,1,1,1.0
188,2,583.0,364.0,64.0,199.0,1,1,1.0
189,1,632.0,366.0,69.0,201.0,1,1,1.0
189,2,577.0,366.0,67.0,197.0,1,1,1.0
190,1,630.0,367.0,66.0,200.0,1,1,1.0
190,2,572.0,367.0,70.0,196.0,1,1,1.0
191,1,627.0,370.0,69.0,198.0,1,1,1.0
191,2,569.0,368.0,71.0,195.0,1,1,1.0
192,1,625.0,373.0,75.0,198.0,1,1,1.0
192,2,569.0,370.0,69.0,199.0,1,1,1.0
193,1,622.0,375.0,79.0,205.0,1,1,1.0
193,2,569.0,373.0,67.0,201.0,1,1,1.0
194,1,619.0,378.0,81.0,207.0,1,1,1.0
194,2,568.0,377.0,66.0,203.0,1,1,1.0
195,1,617.0,382.0,84.0,207.0,1,1,1.0
195,2,566.0,380.0,65.0,204.0,1,1,1.0
196,1,615.0,385.0,85.0,211.0,1,1,1.0
196,2,561.0,383.0,70.0,208.0,1,1,1.0
197,1,614.0,388.0,86.0,212.0,1,1,1.0
197,2,554.0,385.0,75.0,209.0,1,1,1.0
198,1,612.0,389.0,86.0,213.0,1,1,1.0
198,2,544.0,386.0,81.0,209.0,1,1,1.0
199,1,610.0,389.0,85.0,213.0,1,1,1.0
199,2,535.0,387.0,88.0,209.0,1,1,1.0
200,1,609.0,390.0,82.0,212.0,1,1,1.0
200,2,529.0,387.0,89.0,208.0,1,1,1.0
201,1,605.0,392.0,78.0,211.0,1,1,1.0
201,2,528.0,388.0,87.0,207.0,1,1,1.0
202,1,602.0,393.0,75.0,211.0,1,1,1.0
202,2,529.0,391.0,84.0,212.0,1,1,1.0
203,1,600.0,396.0,72.0,217.0,1,1,1.0
203,2,533.0,394.0,76.0,213.0,1,1,1.0
204,1,598.0,401.0,70.0,217.0,1,1,1.0
204,2,535.0,399.0,72.0,213.0,1,1,1.0
205,1,594.0,406.0,71.0,219.0,1,1,1.0
205,2,535.0,404.0,70.0,217.0,1,1,1.0
206,1,590.0,410.0,74.0,220.0,1,1,1.0
206,2,533.0,408.0,69.0,220.0,1,1,1.0
207,1,587.0,413.0,75.0,224.0,1,1,1.0
207,2,530.0,412.0,69.0,220.0,1,1,1.0
208,1,583.0,416.0,76.0,224.0,1,1,1.0
208,2,526.0,414.0,70.0,219.0,1,1,1.0
209,1,581.0,418.0,74.0,223.0,1,1,1.0
209,2,520.0,416.0,73.0,219.0,1,1,1.0
210,1,578.0,420.0,75.0,222.0,1,1,1.0
210,2,515.0,417.0,76.0,220.0,1,1,1.0
211,1,576.0,422.0,80.0,220.0,1,1,1.0
211,2,512.0,419.0,77.0,216.0,1,1,1.0
212,1,575.0,425.0,86.0,223.0,1,1,1.0
212,2,512.0,422.0,76.0,220.0,1,1,1.0
213,1,573.0,429.0,92.0,229.0,1,1,1.0
213,2,513.0,426.0,74.0,224.0,1,1,1.0
214,1,574.0,434.0,95.0,232.0,1,1,1.0
214,2,514.0,432.0,72.0,225.0,1,1,1.0
215,1,573.0,438.0,98.0,233.0,1,1,1.0
215,2,512.0,437.0,72.0,228.0,1,1,1.0
216,1,573.0,442.0,97.0,237.0,1,1,1.0
216,2,508.0,441.0,74.0,231.0,1,1,1.0
217,1,574.0,445.0,95.0,239.0,1,1,1.0
217,2,499.0,444.0,85.0,231.0,1,1,1.0
218,1,572.0,447.0,96.0,238.0,1,1,1.0
218,2,489.0,446.0,92.0,230.0,1,1,1.0
219,1,571.0,449.0,95.0,237.0,1,1,1.0
219,2,479.0,447.0,100.0,230.0,1,1,1.0
220,1,569.0,451.0,90.0,235.0,1,1,1.0
220,2,474.0,448.0,104.0,228.0,1,1,1.0
221,1,568.0,454.0,85.0,232.0,1,1,1.0
221,2,473.0,450.0,102.0,230.0,1,1,1.0
222,1,566.0,458.0,82.0,234.0,1,1,1.0
222,2,475.0,454.0,98.0,238.0,1,1,1.0
223,1,563.0,463.0,82.0,239.0,1,1,1.0
223,2,479.0,459.0,92.0,240.0,1,1,1.0
224,1,561.0,469.0,82.0,243.0,1,1,1.0
224,2,483.0,465.0,87.0,242.0,1,1,1.0
225,1,559.0,474.0,82.0,245.0,1,1,1.0
225,2,483.0,470.0,85.0,244.0,1,1,1.0
226,1,557.0,479.0,82.0,249.0,1,1,1.0
226,2,479.0,475.0,86.0,247.0,1,1,1.0
227,1,554.0,483.0,84.0,251.0,1,1,1.0
227,2,474.0,478.0,89.0,248.0,1,1,1.0
228,1,552.0,488.0,85.0,249.0,1,1,1.0
228,2,470.0,480.0,92.0,247.0,1,1,1.0
229,1,549.0,491.0,88.0,247.0,1,1,1.0
229,2,465.0,481.0,95.0,247.0,1,1,1.0
230,1,547.0,493.0,92.0,245.0,1,1,1.0
230,2,462.0,483.0,101.0,244.0,1,1,1.0
231,1,545.0,495.0,96.0,242.0,1,1,1.0
231,2,461.0,486.0,103.0,249.0,1,1,1.0
232,1,543.0,499.0,100.0,247.0,1,1,1.0
232,2,463.0,491.0,102.0,261.0,1,1,1.0
233,1,541.0,504.0,101.0,257.0,1,1,1.0
233,2,468.0,496.0,99.0,262.0,1,1,1.0
234,1,540.0,510.0,100.0,258.0,1,1,1.0
234,2,473.0,502.0,92.0,263.0,1,1,1.0
235,1,541.0,515.0,98.0,259.0,1,1,1.0
235,2,473.0,508.0,92.0,268.0,1,1,1.0
236,1,542.0,520.0,96.0,264.0,1,1,1.0
236,2,469.0,512.0,91.0,268.0,1,1,1.0
237,1,544.0,523.0,96.0,266.0,1,1,1.0
237,2,461.0,516.0,95.0,267.0,1,1,1.0
238,1,545.0,527.0,98.0,265.0,1,1,1.0
238,2,452.0,518.0,101.0,266.0,1,1,1.0
239,1,544.0,529.0,103.0,263.0,1,1,1.0
239,2,447.0,520.0,106.0,264.0,1,1,1.0
240,1,542.0,531.0,105.0,261.0,1,1,1.0
240,2,445.0,522.0,107.0,261.0,1,1,1.0
241,1,541.0,535.0,104.0,257.0,1,1,1.0
241,2,446.0,526.0,105.0,267.0,1,1,1.0
242,1,540.0,538.0,102.0,261.0,1,1,1.0
242,2,449.0,532.0,108.0,273.0,1,1,1.0
243,1,538.0,544.0,100.0,272.0,1,1,1.0
243,2,453.0,538.0,109.0,276.0,1,1,1.0
244,1,537.0,550.0,97.0,276.0,1,1,1.0
244,2,456.0,545.0,109.0,279.0,1,1,1.0
245,1,535.0,557.0,98.0,277.0,1,1,1.0
245,2,456.0,552.0,109.0,285.0,1,1,1.0
246,1,533.0,564.0,99.0,281.0,1,1,1.0
246,2,455.0,558.0,110.0,284.0,1,1,1.0
247,1,531.0,570.0,101.0,284.0,1,1,1.0
247,2,450.0,561.0,114.0,282.0,1,1,1.0
248,1,529.0,575.0,105.0,283.0,1,1,1.0
248,2,442.0,563.0,121.0,280.0,1,1,1.0
249,1,527.0,580.0,111.0,279.0,1,1,1.0
249,2,435.0,566.0,127.0,277.0,1,1,1.0
250,1,525.0,585.0,114.0,274.0,1,1,1.0
250,2,432.0,571.0,127.0,278.0,1,1,1.0
251,1,523.0,590.0,116.0,270.0,1,1,1.0
251,2,433.0,577.0,117.0,290.0,1,1,1.0
252,1,523.0,596.0,115.0,274.0,1,1,1.0
252,2,437.0,584.0,108.0,296.0,1,1,1.0
253,1,524.0,603.0,111.0,285.0,1,1,1.0
253,2,442.0,593.0,100.0,300.0,1,1,1.0
254,1,524.0,612.0,106.0,289.0,1,1,1.0
254,2,443.0,600.0,94.0,308.0,1,1,1.0
255,1,525.0,620.0,102.0,291.0,1,1,1.0
255,2,440.0,606.0,94.0,309.0,1,1,1.0
256,1,525.0,627.0,101.0,296.0,1,1,1.0
256,2,434.0,611.0,100.0,307.0,1,1,1.0
257,1,526.0,632.0,103.0,295.0,1,1,1.0
257,2,426.0,614.0,108.0,305.0,1,1,1.0
258,1,526.0,637.0,108.0,293.0,1,1,1.0
258,2,420.0,616.0,117.0,303.0,1,1,1.0
259,1,526.0,640.0,114.0,290.0,1,1,1.0
259,2,419.0,620.0,116.0,299.0,1,1,1.0
260,1,526.0,643.0,124.0,287.0,1,1,1.0
260,2,421.0,624.0,114.0,292.0,1,1,1.0
261,1,525.0,647.0,130.0,287.0,1,1,1.0
261,2,423.0,630.0,110.0,304.0,1,1,1.0
262,1,524.0,653.0,134.0,301.0,1,1,1.0
262,2,425.0,637.0,108.0,317.0,1,1,1.0
263,1,522.0,660.0,135.0,317.0,1,1,1.0
263,2,426.0,645.0,114.0,327.0,1,1,1.0
264,1,522.0,669.0,136.0,320.0,1,1,1.0
264,2,426.0,652.0,119.0,332.0,1,1,1.0
265,1,520.0,677.0,138.0,327.0,1,1,1.0
265,2,423.0,659.0,128.0,330.0,1,1,1.0
266,1,518.0,684.0,138.0,329.0,1,1,1.0
266,2,417.0,664.0,139.0,328.0,1,1,1.0
267,1,515.0,691.0,140.0,325.0,1,1,1.0
267,2,411.0,668.0,147.0,325.0,1,1,1.0
268,1,512.0,697.0,140.0,321.0,1,1,1.0
269,1,511.0,702.0,139.0,316.0,1,1,1.0
270,1,511.0,708.0,135.0,310.0,1,1,1.0
270,2,406.0,686.0,127.0,322.0,1,1,1.0
271,1,510.0,715.0,132.0,315.0,1,1,1.0
271,2,409.0,695.0,119.0,335.0,1,1,1.0
272,1,508.0,723.0,129.0,330.0,1,1,1.0
272,2,416.0,705.0,113.0,342.0,1,1,1.0
273,1,507.0,732.0,128.0,339.0,1,1,1.0
273,2,421.0,715.0,109.0,344.0,1,1,1.0
274,1,508.0,742.0,127.0,337.0,1,1,1.0
275,1,510.0,752.0,127.0,330.0,1,1,1.0
275,2,420.0,732.0,110.0,343.0,1,1,1.0
276,1,511.0,760.0,131.0,323.0,1,1,1.0
276,2,416.0,739.0,115.0,339.0,1,1,1.0
277,1,513.0,766.0,139.0,317.0,1,1,1.0
277,2,408.0,745.0,122.0,334.0,1,1,1.0
278,1,513.0,771.0,151.0,311.0,1,1,1.0
278,2,402.0,751.0,132.0,329.0,1,1,1.0
279,1,513.0,776.0,160.0,305.0,1,1,1.0
279,2,398.0,758.0,140.0,321.0,1,1,1.0
280,1,512.0,782.0,166.0,299.0,1,1,1.0
280,2,395.0,768.0,145.0,312.0,1,1,1.0
281,1,511.0,790.0,166.0,291.0,1,1,1.0
281,2,393.0,780.0,156.0,300.0,1,1,1.0
282,1,510.0,800.0,164.0,281.0,1,1,1.0
282,2,392.0,792.0,158.0,288.0,1,1,1.0
283,1,507.0,811.0,160.0,269.0,1,1,1.0
283,2,391.0,803.0,161.0,276.0,1,1,1.0
284,1,504.0,824.0,153.0,256.0,1,1,1.0
285,1,498.0,835.0,151.0,245.0,1,1,1.0
285,2,387.0,823.0,159.0,257.0,1,1,1.0
286,1,493.0,844.0,154.0,235.0,1,1,1.0
287,1,489.0,854.0,160.0,225.0,1,1,1.0
287,2,384.0,842.0,147.0,239.0,1,1,1.0
288,1,487.0,863.0,168.0,216.0,1,1,1.0
288,2,385.0,851.0,138.0,230.0,1,1,1.0
289,1,486.0,871.0,173.0,208.0,1,1,1.0
289,2,387.0,860.0,136.0,220.0,1,1,1.0
290,1,485.0,881.0,176.0,198.0,1,1,1.0
291,1,482.0,894.0,176.0,185.0,1,1,1.0
292,1,480.0,910.0,171.0,169.0,1,1,1.0
293,1,483.0,926.0,156.0,153.0,1,1,1.0
293,2,386.0,884.0,117.0,196.0,1,1,1.0
294,1,485.0,941.0,150.0,138.0,1,1,1.0
294,2,382.0,904.0,119.0,176.0,1,1,1.0
295,1,492.0,954.0,144.0,125.0,1,1,1.0
295,2,374.0,924.0,125.0,156.0,1,1,1.0
296,1,493.0,964.0,148.0,115.0,1,1,1.0
296,2,368.0,937.0,128.0,143.0,1,1,1.0
297,1,444.0,973.0,203.0,106.0,1,1,1.0
297,2,360.0,945.0,134.0,134.0,1,1,1.0
298,1,467.0,981.0,178.0,98.0,1,1,1.0
298,2,352.0,953.0,140.0,126.0,1,1,1.0
299,1,480.0,991.0,159.0,88.0,1,1,1.0
299,2,346.0,956.0,144.0,123.0,1,1,1.0
300,1,486.0,1002.0,146.0,76.0,1,1,1.0
300,2,340.0,959.0,143.0,120.0,1,1,1.0
301,2,336.0,970.0,138.0,109.0,1,1,1.0
303,2,330.0,1006.0,122.0,74.0,1,1,1.0
526,3,49.0,439.0,84.0,199.0,1,1,1.0
527,3,49.0,437.0,85.0,202.0,1,1,1.0
528,3,56.0,434.0,81.0,202.0,1,1,1.0
529,3,64.0,430.0,76.0,193.0,1,1,1.0
530,3,77.0,428.0,64.0,188.0,1,1,1.0
531,3,84.0,422.0,59.0,191.0,1,1,1.0
538,3,117.0,395.0,95.0,210.0,1,1,1.0
540,3,141.0,401.0,77.0,195.0,1,1,1.0
541,3,151.0,401.0,67.0,192.0,1,1,1.0
542,3,160.0,401.0,61.0,191.0,1,1,1.0
543,3,166.0,400.0,64.0,192.0,1,1,1.0
544,3,173.0,398.0,69.0,194.0,1,1,1.0
545,3,181.0,398.0,78.0,194.0,1,1,1.0
546,3,184.0,397.0,87.0,195.0,1,1,1.0
547,3,186.0,394.0,92.0,196.0,1,1,1.0
548,3,195.0,392.0,86.0,195.0,1,1,1.0
549,3,206.0,387.0,77.0,194.0,1,1,1.0
556,3,243.0,378.0,99.0,187.0,1,1,1.0
557,3,245.0,375.0,102.0,186.0,1,1,1.0
558,3,255.0,373.0,94.0,185.0,1,1,1.0
559,3,268.0,371.0,82.0,181.0,1,1,1.0
560,3,284.0,369.0,67.0,181.0,1,1,1.0
561,3,292.0,368.0,60.0,180.0,1,1,1.0
562,3,300.0,365.0,60.0,183.0,1,1,1.0
563,3,308.0,364.0,70.0,184.0,1,1,1.0
564,3,314.0,364.0,78.0,184.0,1,1,1.0
565,3,319.0,363.0,88.0,184.0,1,1,1.0
566,3,317.0,361.0,99.0,186.0,1,1,1.0
567,3,325.0,360.0,97.0,185.0,1,1,1.0
568,3,338.0,358.0,87.0,186.0,1,1,1.0
570,3,363.0,354.0,62.0,182.0,1,1,1.0
571,3,373.0,354.0,58.0,182.0,1,1,1.0
572,3,381.0,353.0,65.0,180.0,1,1,1.0
573,3,386.0,353.0,80.0,180.0,1,1,1.0
576,3,390.0,350.0,101.0,179.0,1,1,1.0
577,3,397.0,349.0,97.0,178.0,1,1,1.0
578,3,416.0,348.0,79.0,175.0,1,1,1.0
579,3,429.0,347.0,65.0,175.0,1,1,1.0
580,3,437.0,345.0,56.0,176.0,1,1,1.0
580,4,420.0,329.0,45.0,176.0,1,1,1.0
581,3,445.0,345.0,55.0,176.0,1,1,1.0
581,4,424.0,329.0,46.0,177.0,1,1,1.0
582,3,449.0,344.0,65.0,177.0,1,1,1.0
583,3,456.0,343.0,74.0,178.0,1,1,1.0
583,4,428.0,329.0,59.0,176.0,1,1,1.0
584,3,461.0,343.0,84.0,178.0,1,1,1.0
584,4,431.0,328.0,63.0,175.0,1,1,1.0
585,3,468.0,341.0,88.0,178.0,1,1,1.0
586,3,481.0,339.0,83.0,175.0,1,1,1.0
586,4,457.0,323.0,58.0,171.0,1,1,1.0
587,3,492.0,337.0,75.0,174.0,1,1,1.0
587,4,471.0,322.0,52.0,172.0,1,1,1.0
588,3,505.0,335.0,63.0,171.0,1,1,1.0
588,4,482.0,320.0,48.0,166.0,1,1,1.0
589,3,513.0,333.0,55.0,173.0,1,1,1.0
589,4,485.0,319.0,53.0,168.0,1,1,1.0
590,3,519.0,331.0,56.0,173.0,1,1,1.0
590,4,485.0,319.0,60.0,170.0,1,1,1.0
591,3,527.0,330.0,62.0,172.0,1,1,1.0
591,4,486.0,320.0,66.0,170.0,1,1,1.0
592,3,531.0,330.0,77.0,172.0,1,1,1.0
592,4,490.0,319.0,70.0,171.0,1,1,1.0
593,3,533.0,330.0,88.0,172.0,1,1,1.0
593,4,495.0,319.0,72.0,171.0,1,1,1.0
594,3,535.0,330.0,92.0,171.0,1,1,1.0
594,4,504.0,317.0,70.0,172.0,1,1,1.0
595,3,536.0,329.0,96.0,171.0,1,1,1.0
595,4,515.0,315.0,66.0,172.0,1,1,1.0
596,4,531.0,313.0,58.0,159.0,1,1,1.0
598,3,569.0,323.0,66.0,170.0,1,1,1.0
598,4,548.0,311.0,54.0,160.0,1,1,1.0
599,3,573.0,322.0,62.0,170.0,1,1,1.0
599,4,543.0,311.0,65.0,163.0,1,1,1.0
600,3,575.0,320.0,69.0,171.0,1,1,1.0
600,4,542.0,311.0,74.0,164.0,1,1,1.0
601,3,578.0,320.0,80.0,171.0,1,1,1.0
601,4,556.0,312.0,67.0,163.0,1,1,1.0
602,3,582.0,320.0,96.0,171.0,1,1,1.0
602,4,563.0,312.0,68.0,162.0,1,1,1.0
603,3,590.0,320.0,98.0,171.0,1,1,1.0
604,3,598.0,319.0,94.0,170.0,1,1,1.0
604,4,571.0,311.0,74.0,161.0,1,1,1.0
605,3,612.0,317.0,86.0,169.0,1,1,1.0
605,4,588.0,309.0,70.0,156.0,1,1,1.0
606,3,626.0,315.0,76.0,166.0,1,1,1.0
606,4,605.0,306.0,62.0,156.0,1,1,1.0
607,3,636.0,312.0,67.0,167.0,1,1,1.0
607,4,619.0,304.0,55.0,151.0,1,1,1.0
608,3,648.0,310.0,57.0,167.0,1,1,1.0
608,4,624.0,303.0,55.0,156.0,1,1,1.0
609,3,656.0,310.0,51.0,166.0,1,1,1.0
609,4,625.0,301.0,58.0,160.0,1,1,1.0
610,3,661.0,309.0,61.0,165.0,1,1,1.0
610,4,626.0,300.0,63.0,162.0,1,1,1.0
611,3,664.0,310.0,73.0,164.0,1,1,1.0
611,4,628.0,299.0,66.0,163.0,1,1,1.0
612,3,666.0,310.0,82.0,164.0,1,1,1.0
612,4,634.0,298.0,66.0,164.0,1,1,1.0
613,3,667.0,310.0,88.0,163.0,1,1,1.0
613,4,639.0,296.0,67.0,166.0,1,1,1.0
614,3,671.0,308.0,87.0,162.0,1,1,1.0
614,4,648.0,294.0,66.0,169.0,1,1,1.0
615,3,678.0,307.0,81.0,162.0,1,1,1.0
615,4,660.0,292.0,60.0,166.0,1,1,1.0
616,3,689.0,305.0,69.0,159.0,1,1,1.0
617,3,700.0,303.0,58.0,159.0,1,1,1.0
617,4,682.0,287.0,46.0,163.0,1,1,1.0
618,3,707.0,302.0,55.0,160.0,1,1,1.0
618,4,688.0,287.0,46.0,162.0,1,1,1.0
619,3,712.0,301.0,59.0,161.0,1,1,1.0
619,4,693.0,287.0,47.0,162.0,1,1,1.0
620,3,718.0,301.0,63.0,161.0,1,1,1.0
621,3,721.0,301.0,71.0,161.0,1,1,1.0
621,4,695.0,288.0,58.0,160.0,1,1,1.0
622,3,725.0,301.0,77.0,161.0,1,1,1.0
622,4,696.0,288.0,64.0,159.0,1,1,1.0
623,3,730.0,301.0,79.0,160.0,1,1,1.0
623,4,698.0,287.0,68.0,158.0,1,1,1.0
624,3,734.0,300.0,81.0,160.0,1,1,1.0
624,4,704.0,286.0,69.0,159.0,1,1,1.0
625,3,747.0,297.0,77.0,160.0,1,1,1.0
625,4,721.0,284.0,62.0,155.0,1,1,1.0
626,3,749.0,295.0,77.0,157.0,1,1,1.0
626,4,736.0,282.0,55.0,150.0,1,1,1.0
627,3,754.0,293.0,73.0,157.0,1,1,1.0
627,4,739.0,282.0,57.0,152.0,1,1,1.0
628,3,769.0,292.0,58.0,157.0,1,1,1.0
628,4,740.0,281.0,60.0,155.0,1,1,1.0
629,3,772.0,291.0,66.0,155.0,1,1,1.0
629,4,742.0,282.0,64.0,155.0,1,1,1.0
630,3,776.0,292.0,76.0,154.0,1,1,1.0
630,4,745.0,283.0,67.0,152.0,1,1,1.0
631,3,777.0,292.0,84.0,153.0,1,1,1.0
631,4,749.0,283.0,69.0,153.0,1,1,1.0
632,3,784.0,293.0,83.0,152.0,1,1,1.0
632,4,754.0,283.0,70.0,154.0,1,1,1.0
633,3,788.0,292.0,81.0,152.0,1,1,1.0
633,4,762.0,283.0,69.0,155.0,1,1,1.0
634,3,795.0,292.0,75.0,151.0,1,1,1.0
634,4,771.0,281.0,66.0,154.0,1,1,1.0
635,3,804.0,291.0,66.0,150.0,1,1,1.0
635,4,782.0,279.0,61.0,153.0,1,1,1.0
636,3,815.0,289.0,62.0,150.0,1,1,1.0
636,4,794.0,277.0,53.0,152.0,1,1,1.0
637,3,826.0,288.0,59.0,151.0,1,1,1.0
637,4,806.0,277.0,45.0,151.0,1,1,1.0
638,3,833.0,288.0,62.0,151.0,1,1,1.0
638,4,813.0,276.0,45.0,152.0,1,1,1.0
639,3,836.0,288.0,68.0,151.0,1,1,1.0
639,4,814.0,276.0,48.0,151.0,1,1,1.0
640,3,839.0,288.0,73.0,151.0,1,1,1.0
640,4,815.0,277.0,53.0,150.0,1,1,1.0
641,3,843.0,288.0,76.0,150.0,1,1,1.0
641,4,816.0,278.0,59.0,149.0,1,1,1.0
642,3,844.0,288.0,81.0,149.0,1,1,1.0
642,4,817.0,279.0,63.0,148.0,1,1,1.0
643,3,850.0,288.0,79.0,148.0,1,1,1.0
643,4,820.0,279.0,65.0,146.0,1,1,1.0
644,3,859.0,287.0,75.0,148.0,1,1,1.0
644,4,827.0,278.0,64.0,145.0,1,1,1.0
645,3,870.0,284.0,65.0,146.0,1,1,1.0
645,4,845.0,276.0,55.0,145.0,1,1,1.0
646,3,877.0,283.0,58.0,147.0,1,1,1.0
646,4,855.0,274.0,52.0,145.0,1,1,1.0
647,3,878.0,282.0,61.0,147.0,1,1,1.0
647,4,856.0,273.0,57.0,140.0,1,1,1.0
648,3,882.0,282.0,70.0,146.0,1,1,1.0
648,4,857.0,272.0,63.0,142.0,1,1,1.0
649,3,886.0,282.0,77.0,146.0,1,1,1.0
649,4,858.0,273.0,66.0,145.0,1,1,1.0
650,3,891.0,283.0,78.0,145.0,1,1,1.0
651,3,894.0,283.0,77.0,144.0,1,1,1.0
651,4,867.0,274.0,66.0,146.0,1,1,1.0
654,3,916.0,280.0,62.0,143.0,1,1,1.0
654,4,895.0,271.0,51.0,146.0,1,1,1.0
655,3,917.0,279.0,68.0,144.0,1,1,1.0
655,4,907.0,269.0,45.0,143.0,1,1,1.0
656,3,923.0,277.0,71.0,145.0,1,1,1.0
656,4,915.0,268.0,39.0,144.0,1,1,1.0
657,3,933.0,277.0,69.0,145.0,1,1,1.0
657,4,919.0,267.0,40.0,144.0,1,1,1.0
658,3,944.0,278.0,66.0,145.0,1,1,1.0
658,4,921.0,268.0,44.0,144.0,1,1,1.0
659,3,948.0,278.0,68.0,144.0,1,1,1.0
659,4,923.0,269.0,47.0,143.0,1,1,1.0
660,3,949.0,278.0,73.0,144.0,1,1,1.0
660,4,924.0,270.0,61.0,142.0,1,1,1.0
