1,1,973.0,223.0,40.0,104.0,1,1,1.0
1,2,1011.0,224.0,41.0,102.0,1,1,1.0
2,1,973.0,223.0,42.0,104.0,1,1,1.0
2,2,1010.0,224.0,37.0,102.0,1,1,1.0
3,1,973.0,223.0,43.0,104.0,1,1,1.0
3,2,1010.0,224.0,35.0,102.0,1,1,1.0
4,1,973.0,223.0,44.0,104.0,1,1,1.0
4,2,1011.0,224.0,33.0,102.0,1,1,1.0
5,1,973.0,223.0,44.0,103.0,1,1,1.0
5,2,1010.0,225.0,34.0,103.0,1,1,1.0
6,1,973.0,223.0,45.0,103.0,1,1,1.0
6,2,1009.0,226.0,34.0,103.0,1,1,1.0
7,1,973.0,225.0,44.0,103.0,1,1,1.0
7,2,1009.0,226.0,34.0,103.0,1,1,1.0
8,1,974.0,226.0,43.0,103.0,1,1,1.0
8,2,1009.0,227.0,33.0,104.0,1,1,1.0
9,1,975.0,227.0,43.0,104.0,1,1,1.0
9,2,1006.0,228.0,35.0,105.0,1,1,1.0
10,1,976.0,228.0,42.0,104.0,1,1,1.0
10,2,1006.0,228.0,34.0,105.0,1,1,1.0
11,1,976.0,228.0,41.0,105.0,1,1,1.0
11,2,1007.0,228.0,34.0,106.0,1,1,1.0
12,1,976.0,229.0,41.0,105.0,1,1,1.0
12,2,1007.0,228.0,34.0,106.0,1,1,1.0
13,1,975.0,229.0,39.0,105.0,1,1,1.0
13,2,1006.0,228.0,36.0,106.0,1,1,1.0
14,1,973.0,229.0,42.0,105.0,1,1,1.0
14,2,1006.0,228.0,39.0,105.0,1,1,1.0
15,1,970.0,229.0,44.0,105.0,1,1,1.0
15,2,1006.0,229.0,41.0,105.0,1,1,1.0
16,1,969.0,229.0,45.0,104.0,1,1,1.0
16,2,1006.0,230.0,43.0,106.0,1,1,1.0
17,1,968.0,230.0,45.0,105.0,1,1,1.0
17,2,1006.0,231.0,44.0,107.0,1,1,1.0
18,1,967.0,231.0,46.0,106.0,1,1,1.0
18,2,1006.0,231.0,45.0,108.0,1,1,1.0
19,1,967.0,232.0,46.0,106.0,1,1,1.0
19,2,1007.0,232.0,44.0,108.0,1,1,1.0
20,1,967.0,233.0,46.0,107.0,1,1,1.0
20,2,1007.0,233.0,45.0,108.0,1,1,1.0
21,1,967.0,234.0,46.0,107.0,1,1,1.0
21,2,1007.0,233.0,45.0,107.0,1,1,1.0
22,1,967.0,234.0,46.0,107.0,1,1,1.0
22,2,1006.0,234.0,46.0,107.0,1,1,1.0
23,1,968.0,234.0,46.0,107.0,1,1,1.0
23,2,1007.0,234.0,45.0,107.0,1,1,1.0
24,1,970.0,234.0,45.0,107.0,1,1,1.0
24,2,1008.0,234.0,43.0,107.0,1,1,1.0
25,1,971.0,234.0,44.0,106.0,1,1,1.0
25,2,1008.0,234.0,42.0,107.0,1,1,1.0
26,1,973.0,235.0,43.0,105.0,1,1,1.0
26,2,1007.0,235.0,40.0,106.0,1,1,1.0
27,1,974.0,237.0,41.0,106.0,1,1,1.0
27,2,1006.0,236.0,39.0,107.0,1,1,1.0
28,1,974.0,237.0,40.0,107.0,1,1,1.0
28,2,1006.0,237.0,38.0,107.0,1,1,1.0
29,1,974.0,238.0,37.0,107.0,1,1,1.0
29,2,1006.0,237.0,37.0,109.0,1,1,1.0
30,1,973.0,238.0,37.0,108.0,1,1,1.0
30,2,1005.0,238.0,37.0,109.0,1,1,1.0
31,1,972.0,239.0,38.0,109.0,1,1,1.0
31,2,1005.0,238.0,36.0,109.0,1,1,1.0
32,1,970.0,239.0,40.0,109.0,1,1,1.0
32,2,1005.0,238.0,35.0,109.0,1,1,1.0
33,1,968.0,238.0,42.0,109.0,1,1,1.0
33,2,1005.0,238.0,35.0,110.0,1,1,1.0
34,1,967.0,238.0,43.0,109.0,1,1,1.0
34,2,1005.0,239.0,35.0,110.0,1,1,1.0
35,1,966.0,239.0,44.0,109.0,1,1,1.0
35,2,1005.0,239.0,36.0,110.0,1,1,1.0
36,1,964.0,239.0,46.0,109.0,1,1,1.0
36,2,1005.0,239.0,37.0,112.0,1,1,1.0
37,1,964.0,240.0,47.0,111.0,1,1,1.0
37,2,1004.0,240.0,38.0,112.0,1,1,1.0
38,1,964.0,241.0,47.0,110.0,1,1,1.0
38,2,1005.0,241.0,38.0,113.0,1,1,1.0
39,1,964.0,242.0,47.0,111.0,1,1,1.0
39,2,1005.0,243.0,38.0,114.0,1,1,1.0
40,1,964.0,242.0,47.0,112.0,1,1,1.0
40,2,1006.0,243.0,40.0,114.0,1,1,1.0
41,1,964.0,243.0,49.0,113.0,1,1,1.0
41,2,1007.0,244.0,41.0,113.0,1,1,1.0
42,1,965.0,243.0,48.0,112.0,1,1,1.0
42,2,1008.0,244.0,41.0,113.0,1,1,1.0
43,1,966.0,243.0,49.0,112.0,1,1,1.0
43,2,1009.0,245.0,41.0,113.0,1,1,1.0
44,1,967.0,243.0,49.0,112.0,1,1,1.0
44,2,1009.0,245.0,41.0,113.0,1,1,1.0
45,1,968.0,243.0,48.0,111.0,1,1,1.0
45,2,1009.0,244.0,42.0,113.0,1,1,1.0
46,1,969.0,245.0,48.0,113.0,1,1,1.0
46,2,1008.0,245.0,43.0,113.0,1,1,1.0
47,1,971.0,246.0,48.0,114.0,1,1,1.0
47,2,1009.0,245.0,43.0,115.0,1,1,1.0
48,1,972.0,247.0,47.0,115.0,1,1,1.0
48,2,1009.0,246.0,44.0,117.0,1,1,1.0
49,1,973.0,249.0,47.0,115.0,1,1,1.0
49,2,1009.0,248.0,44.0,117.0,1,1,1.0
50,1,973.0,249.0,47.0,115.0,1,1,1.0
50,2,1009.0,248.0,46.0,118.0,1,1,1.0
51,1,972.0,250.0,46.0,116.0,1,1,1.0
51,2,1009.0,249.0,46.0,119.0,1,1,1.0
52,1,971.0,250.0,46.0,116.0,1,1,1.0
52,2,1010.0,249.0,46.0,119.0,1,1,1.0
53,1,969.0,249.0,46.0,116.0,1,1,1.0
53,2,1010.0,248.0,47.0,119.0,1,1,1.0
54,1,967.0,249.0,47.0,117.0,1,1,1.0
54,2,1010.0,248.0,48.0,120.0,1,1,1.0
55,1,966.0,248.0,48.0,117.0,1,1,1.0
55,2,1009.0,248.0,49.0,120.0,1,1,1.0
56,1,965.0,248.0,50.0,119.0,1,1,1.0
56,2,1009.0,248.0,49.0,120.0,1,1,1.0
57,1,963.0,248.0,53.0,121.0,1,1,1.0
57,2,1010.0,249.0,49.0,120.0,1,1,1.0
58,1,963.0,249.0,54.0,122.0,1,1,1.0
58,2,1010.0,250.0,49.0,122.0,1,1,1.0
59,1,963.0,250.0,54.0,123.0,1,1,1.0
59,2,1011.0,251.0,50.0,123.0,1,1,1.0
60,1,964.0,251.0,55.0,125.0,1,1,1.0
60,2,1012.0,252.0,49.0,124.0,1,1,1.0
61,1,964.0,251.0,57.0,125.0,1,1,1.0
61,2,1012.0,253.0,49.0,124.0,1,1,1.0
62,1,964.0,251.0,58.0,126.0,1,1,1.0
62,2,1013.0,254.0,48.0,123.0,1,1,1.0
63,1,965.0,251.0,58.0,126.0,1,1,1.0
63,2,1012.0,253.0,49.0,124.0,1,1,1.0
64,1,966.0,251.0,57.0,126.0,1,1,1.0
64,2,1013.0,253.0,49.0,125.0,1,1,1.0
65,1,967.0,251.0,55.0,126.0,1,1,1.0
65,2,1014.0,253.0,48.0,125.0,1,1,1.0
66,1,971.0,251.0,52.0,127.0,1,1,1.0
66,2,1014.0,253.0,47.0,124.0,1,1,1.0
67,1,972.0,252.0,50.0,128.0,1,1,1.0
67,2,1014.0,253.0,46.0,126.0,1,1,1.0
68,1,972.0,254.0,51.0,128.0,1,1,1.0
68,2,1013.0,254.0,47.0,128.0,1,1,1.0
69,1,972.0,255.0,50.0,129.0,1,1,1.0
69,2,1013.0,255.0,48.0,128.0,1,1,1.0
70,1,972.0,256.0,51.0,130.0,1,1,1.0
70,2,1013.0,258.0,48.0,128.0,1,1,1.0
71,1,970.0,256.0,51.0,132.0,1,1,1.0
71,2,1013.0,259.0,46.0,129.0,1,1,1.0
72,1,967.0,256.0,52.0,132.0,1,1,1.0
72,2,1013.0,260.0,44.0,129.0,1,1,1.0
73,1,963.0,256.0,54.0,132.0,1,1,1.0
73,2,1012.0,259.0,45.0,129.0,1,1,1.0
74,1,961.0,255.0,56.0,133.0,1,1,1.0
74,2,1010.0,259.0,47.0,130.0,1,1,1.0
75,1,961.0,255.0,55.0,133.0,1,1,1.0
75,2,1009.0,258.0,47.0,130.0,1,1,1.0
76,1,960.0,256.0,55.0,134.0,1,1,1.0
76,2,1008.0,258.0,49.0,130.0,1,1,1.0
77,1,960.0,258.0,56.0,134.0,1,1,1.0
77,2,1007.0,259.0,50.0,131.0,1,1,1.0
78,1,960.0,260.0,56.0,135.0,1,1,1.0
78,2,1007.0,260.0,51.0,133.0,1,1,1.0
79,1,961.0,262.0,56.0,136.0,1,1,1.0
79,2,1007.0,262.0,53.0,134.0,1,1,1.0
80,1,961.0,262.0,56.0,136.0,1,1,1.0
80,2,1006.0,263.0,55.0,134.0,1,1,1.0
81,1,960.0,263.0,57.0,137.0,1,1,1.0
81,2,1007.0,265.0,53.0,135.0,1,1,1.0
82,1,959.0,263.0,57.0,137.0,1,1,1.0
82,2,1007.0,265.0,52.0,135.0,1,1,1.0
83,1,960.0,263.0,56.0,137.0,1,1,1.0
83,2,1007.0,265.0,52.0,136.0,1,1,1.0
84,1,959.0,263.0,56.0,137.0,1,1,1.0
84,2,1007.0,265.0,54.0,136.0,1,1,1.0
85,1,959.0,264.0,55.0,136.0,1,1,1.0
85,2,1005.0,265.0,55.0,136.0,1,1,1.0
86,1,958.0,267.0,54.0,136.0,1,1,1.0
86,2,1004.0,266.0,56.0,134.0,1,1,1.0
87,1,959.0,269.0,53.0,135.0,1,1,1.0
87,2,1003.0,267.0,56.0,134.0,1,1,1.0
88,1,958.0,271.0,53.0,136.0,1,1,1.0
88,2,1001.0,269.0,55.0,135.0,1,1,1.0
89,1,958.0,272.0,52.0,138.0,1,1,1.0
89,2,999.0,271.0,53.0,135.0,1,1,1.0
90,1,957.0,272.0,51.0,139.0,1,1,1.0
90,2,998.0,272.0,53.0,136.0,1,1,1.0
91,1,954.0,273.0,53.0,139.0,1,1,1.0
91,2,997.0,273.0,51.0,138.0,1,1,1.0
92,1,950.0,273.0,55.0,138.0,1,1,1.0
92,2,996.0,274.0,51.0,139.0,1,1,1.0
93,1,946.0,273.0,56.0,139.0,1,1,1.0
93,2,994.0,274.0,51.0,139.0,1,1,1.0
94,1,945.0,272.0,56.0,139.0,1,1,1.0
94,2,993.0,275.0,51.0,138.0,1,1,1.0
95,1,945.0,272.0,56.0,142.0,1,1,1.0
95,2,992.0,275.0,53.0,138.0,1,1,1.0
96,1,945.0,272.0,56.0,145.0,1,1,1.0
96,2,991.0,275.0,53.0,138.0,1,1,1.0
97,1,944.0,273.0,57.0,147.0,1,1,1.0
97,2,990.0,276.0,55.0,140.0,1,1,1.0
98,1,944.0,277.0,55.0,144.0,1,1,1.0
98,2,990.0,277.0,56.0,143.0,1,1,1.0
99,1,944.0,279.0,55.0,144.0,1,1,1.0
99,2,988.0,278.0,58.0,145.0,1,1,1.0
100,1,943.0,280.0,54.0,144.0,1,1,1.0
100,2,988.0,278.0,58.0,147.0,1,1,1.0
101,1,941.0,280.0,55.0,145.0,1,1,1.0
101,2,986.0,278.0,57.0,149.0,1,1,1.0
102,1,940.0,281.0,54.0,145.0,1,1,1.0
102,2,986.0,278.0,55.0,149.0,1,1,1.0
103,1,939.0,280.0,54.0,145.0,1,1,1.0
103,2,986.0,280.0,54.0,148.0,1,1,1.0
104,1,937.0,280.0,55.0,145.0,1,1,1.0
104,2,983.0,281.0,55.0,146.0,1,1,1.0
105,1,936.0,280.0,55.0,146.0,1,1,1.0
105,2,982.0,283.0,54.0,144.0,1,1,1.0
106,1,936.0,281.0,54.0,149.0,1,1,1.0
106,2,981.0,285.0,51.0,142.0,1,1,1.0
107,1,937.0,283.0,52.0,150.0,1,1,1.0
107,2,979.0,287.0,50.0,141.0,1,1,1.0
108,1,936.0,285.0,51.0,150.0,1,1,1.0
108,2,973.0,289.0,53.0,142.0,1,1,1.0
109,1,935.0,287.0,54.0,150.0,1,1,1.0
110,1,933.0,288.0,56.0,151.0,1,1,1.0
110,2,972.0,293.0,49.0,144.0,1,1,1.0
111,1,931.0,288.0,53.0,150.0,1,1,1.0
111,2,973.0,294.0,48.0,146.0,1,1,1.0
112,1,927.0,290.0,53.0,150.0,1,1,1.0
112,2,972.0,295.0,49.0,146.0,1,1,1.0
113,1,922.0,289.0,56.0,150.0,1,1,1.0
113,2,970.0,295.0,51.0,147.0,1,1,1.0
114,1,918.0,288.0,59.0,151.0,1,1,1.0
114,2,968.0,294.0,54.0,148.0,1,1,1.0
115,1,916.0,288.0,60.0,152.0,1,1,1.0
115,2,965.0,295.0,57.0,147.0,1,1,1.0
116,1,914.0,289.0,61.0,156.0,1,1,1.0
116,2,965.0,295.0,57.0,150.0,1,1,1.0
