1,1,967.0,220.0,37.0,112.0,1,1,1.0
2,1,967.0,220.0,38.0,112.0,1,1,1.0
3,1,966.0,220.0,38.0,112.0,1,1,1.0
4,1,965.0,219.0,38.0,112.0,1,1,1.0
5,1,964.0,219.0,39.0,112.0,1,1,1.0
6,1,962.0,219.0,42.0,113.0,1,1,1.0
7,1,961.0,219.0,43.0,114.0,1,1,1.0
8,1,961.0,220.0,43.0,115.0,1,1,1.0
9,1,961.0,221.0,44.0,114.0,1,1,1.0
10,1,962.0,221.0,45.0,115.0,1,1,1.0
11,1,963.0,223.0,47.0,116.0,1,1,1.0
12,1,964.0,223.0,48.0,116.0,1,1,1.0
13,1,965.0,224.0,53.0,115.0,1,1,1.0
14,1,965.0,223.0,56.0,115.0,1,1,1.0
15,1,965.0,223.0,57.0,117.0,1,1,1.0
16,1,965.0,223.0,49.0,117.0,1,1,1.0
17,1,965.0,223.0,45.0,118.0,1,1,1.0
18,1,965.0,223.0,42.0,119.0,1,1,1.0
19,1,966.0,224.0,41.0,119.0,1,1,1.0
20,1,964.0,226.0,42.0,119.0,1,1,1.0
21,1,964.0,227.0,42.0,120.0,1,1,1.0
22,1,963.0,227.0,43.0,120.0,1,1,1.0
23,1,962.0,227.0,44.0,120.0,1,1,1.0
24,1,962.0,227.0,44.0,121.0,1,1,1.0
25,1,963.0,227.0,43.0,120.0,1,1,1.0
26,1,964.0,227.0,43.0,121.0,1,1,1.0
27,1,964.0,227.0,44.0,122.0,1,1,1.0
28,1,964.0,227.0,45.0,123.0,1,1,1.0
29,1,965.0,228.0,47.0,123.0,1,1,1.0
30,1,966.0,229.0,53.0,123.0,1,1,1.0
31,1,966.0,231.0,56.0,124.0,1,1,1.0
32,1,967.0,232.0,57.0,125.0,1,1,1.0
33,1,967.0,232.0,57.0,126.0,1,1,1.0
34,1,967.0,232.0,57.0,126.0,1,1,1.0
35,1,967.0,232.0,57.0,127.0,1,1,1.0
36,1,967.0,231.0,56.0,127.0,1,1,1.0
37,1,968.0,231.0,55.0,127.0,1,1,1.0
38,1,968.0,232.0,55.0,127.0,1,1,1.0
39,1,969.0,233.0,49.0,128.0,1,1,1.0
40,1,967.0,235.0,49.0,128.0,1,1,1.0
41,1,967.0,236.0,46.0,128.0,1,1,1.0
42,1,967.0,237.0,45.0,129.0,1,1,1.0
43,1,960.0,238.0,52.0,129.0,1,1,1.0
44,1,958.0,238.0,53.0,129.0,1,1,1.0
45,1,963.0,238.0,49.0,129.0,1,1,1.0
46,1,966.0,237.0,46.0,130.0,1,1,1.0
47,1,966.0,237.0,46.0,130.0,1,1,1.0
48,1,967.0,238.0,46.0,131.0,1,1,1.0
49,1,967.0,239.0,47.0,133.0,1,1,1.0
50,1,967.0,240.0,50.0,133.0,1,1,1.0
51,1,967.0,241.0,53.0,134.0,1,1,1.0
52,1,968.0,243.0,54.0,135.0,1,1,1.0
53,1,968.0,243.0,54.0,135.0,1,1,1.0
54,1,968.0,243.0,55.0,135.0,1,1,1.0
55,1,968.0,243.0,54.0,136.0,1,1,1.0
56,1,968.0,242.0,54.0,137.0,1,1,1.0
57,1,969.0,242.0,52.0,137.0,1,1,1.0
58,1,968.0,242.0,51.0,137.0,1,1,1.0
59,1,969.0,243.0,50.0,138.0,1,1,1.0
60,1,963.0,245.0,55.0,138.0,1,1,1.0
61,1,961.0,246.0,57.0,139.0,1,1,1.0
62,1,959.0,248.0,58.0,140.0,1,1,1.0
63,1,958.0,248.0,59.0,141.0,1,1,1.0
64,1,958.0,249.0,59.0,140.0,1,1,1.0
65,1,960.0,249.0,57.0,140.0,1,1,1.0
66,1,962.0,249.0,55.0,141.0,1,1,1.0
67,1,967.0,249.0,50.0,141.0,1,1,1.0
68,1,969.0,249.0,52.0,142.0,1,1,1.0
69,1,971.0,250.0,52.0,144.0,1,1,1.0
70,1,972.0,251.0,52.0,145.0,1,1,1.0
71,1,973.0,253.0,55.0,144.0,1,1,1.0
72,1,974.0,256.0,56.0,145.0,1,1,1.0
73,1,975.0,256.0,56.0,145.0,1,1,1.0
74,1,976.0,256.0,57.0,146.0,1,1,1.0
75,1,976.0,256.0,58.0,146.0,1,1,1.0
76,1,976.0,255.0,57.0,147.0,1,1,1.0
77,1,977.0,255.0,56.0,147.0,1,1,1.0
78,1,977.0,255.0,55.0,148.0,1,1,1.0
79,1,975.0,256.0,56.0,150.0,1,1,1.0
80,1,971.0,258.0,58.0,151.0,1,1,1.0
81,1,968.0,259.0,61.0,151.0,1,1,1.0
82,1,965.0,261.0,64.0,153.0,1,1,1.0
83,1,963.0,262.0,66.0,154.0,1,1,1.0
84,1,963.0,263.0,66.0,154.0,1,1,1.0
85,1,964.0,263.0,65.0,154.0,1,1,1.0
86,1,968.0,263.0,61.0,154.0,1,1,1.0
87,1,971.0,263.0,58.0,154.0,1,1,1.0
88,1,975.0,263.0,55.0,155.0,1,1,1.0
89,1,976.0,264.0,56.0,158.0,1,1,1.0
90,1,977.0,265.0,58.0,159.0,1,1,1.0
91,1,978.0,268.0,60.0,159.0,1,1,1.0
92,1,978.0,269.0,61.0,161.0,1,1,1.0
93,1,978.0,270.0,63.0,162.0,1,1,1.0
94,1,979.0,271.0,63.0,163.0,1,1,1.0
95,1,979.0,270.0,64.0,163.0,1,1,1.0
96,1,979.0,270.0,65.0,163.0,1,1,1.0
97,1,978.0,270.0,64.0,163.0,1,1,1.0
98,1,976.0,270.0,65.0,163.0,1,1,1.0
99,1,973.0,271.0,65.0,166.0,1,1,1.0
100,1,969.0,272.0,68.0,166.0,1,1,1.0
101,1,965.0,274.0,71.0,167.0,1,1,1.0
102,1,962.0,276.0,73.0,169.0,1,1,1.0
103,1,959.0,277.0,74.0,170.0,1,1,1.0
104,1,959.0,278.0,73.0,171.0,1,1,1.0
105,1,959.0,278.0,72.0,171.0,1,1,1.0
106,1,961.0,278.0,69.0,171.0,1,1,1.0
107,1,965.0,277.0,65.0,171.0,1,1,1.0
108,1,969.0,278.0,62.0,171.0,1,1,1.0
109,1,971.0,279.0,61.0,173.0,1,1,1.0
110,1,973.0,281.0,61.0,174.0,1,1,1.0
111,1,974.0,283.0,63.0,176.0,1,1,1.0
112,1,975.0,284.0,65.0,178.0,1,1,1.0
113,1,976.0,286.0,66.0,180.0,1,1,1.0
114,1,977.0,286.0,68.0,181.0,1,1,1.0
115,1,977.0,286.0,69.0,181.0,1,1,1.0
116,1,977.0,285.0,69.0,182.0,1,1,1.0
117,1,977.0,284.0,70.0,184.0,1,1,1.0
118,1,976.0,285.0,70.0,182.0,1,1,1.0
119,1,974.0,288.0,71.0,182.0,1,1,1.0
120,1,971.0,291.0,73.0,181.0,1,1,1.0
121,1,969.0,293.0,74.0,183.0,1,1,1.0
122,1,967.0,295.0,75.0,184.0,1,1,1.0
123,1,966.0,297.0,76.0,188.0,1,1,1.0
124,1,965.0,298.0,77.0,188.0,1,1,1.0
125,1,966.0,299.0,76.0,188.0,1,1,1.0
126,1,967.0,299.0,75.0,188.0,1,1,1.0
127,1,970.0,299.0,74.0,188.0,1,1,1.0
128,1,974.0,299.0,71.0,188.0,1,1,1.0
129,1,979.0,300.0,69.0,190.0,1,1,1.0
130,1,981.0,302.0,70.0,192.0,1,1,1.0
131,1,982.0,304.0,72.0,194.0,1,1,1.0
132,1,983.0,307.0,74.0,193.0,1,1,1.0
133,1,984.0,309.0,75.0,197.0,1,1,1.0
134,1,985.0,310.0,76.0,198.0,1,1,1.0
135,1,986.0,311.0,77.0,199.0,1,1,1.0
136,1,987.0,311.0,78.0,199.0,1,1,1.0
137,1,987.0,311.0,78.0,199.0,1,1,1.0
138,1,987.0,311.0,77.0,199.0,1,1,1.0
139,1,985.0,312.0,78.0,200.0,1,1,1.0
140,1,982.0,314.0,80.0,204.0,1,1,1.0
141,1,978.0,316.0,82.0,204.0,1,1,1.0
142,1,975.0,319.0,84.0,206.0,1,1,1.0
143,1,972.0,322.0,86.0,209.0,1,1,1.0
144,1,969.0,323.0,87.0,212.0,1,1,1.0
145,1,968.0,324.0,87.0,212.0,1,1,1.0
146,1,967.0,325.0,87.0,212.0,1,1,1.0
147,1,967.0,326.0,87.0,211.0,1,1,1.0
148,1,968.0,326.0,86.0,211.0,1,1,1.0
149,1,971.0,327.0,83.0,211.0,1,1,1.0
150,1,976.0,328.0,79.0,215.0,1,1,1.0
151,1,979.0,331.0,78.0,217.0,1,1,1.0
152,1,981.0,334.0,79.0,218.0,1,1,1.0
153,1,981.0,338.0,81.0,219.0,1,1,1.0
154,1,982.0,340.0,84.0,224.0,1,1,1.0
155,1,982.0,342.0,87.0,226.0,1,1,1.0
156,1,982.0,343.0,88.0,226.0,1,1,1.0
157,1,982.0,343.0,90.0,226.0,1,1,1.0
158,1,982.0,343.0,89.0,226.0,1,1,1.0
159,1,980.0,344.0,90.0,225.0,1,1,1.0
160,1,976.0,346.0,92.0,228.0,1,1,1.0
161,1,972.0,348.0,93.0,232.0,1,1,1.0
162,1,968.0,352.0,94.0,233.0,1,1,1.0
163,1,964.0,355.0,95.0,234.0,1,1,1.0
164,1,960.0,359.0,98.0,239.0,1,1,1.0
165,1,958.0,361.0,100.0,240.0,1,1,1.0
166,1,956.0,363.0,100.0,240.0,1,1,1.0
167,1,955.0,364.0,100.0,239.0,1,1,1.0
168,1,956.0,365.0,99.0,239.0,1,1,1.0
169,1,957.0,365.0,98.0,238.0,1,1,1.0
170,1,961.0,367.0,96.0,240.0,1,1,1.0
171,1,966.0,370.0,93.0,245.0,1,1,1.0
172,1,968.0,373.0,94.0,248.0,1,1,1.0
173,1,969.0,378.0,96.0,249.0,1,1,1.0
174,1,970.0,382.0,98.0,255.0,1,1,1.0
175,1,970.0,384.0,100.0,256.0,1,1,1.0
176,1,970.0,386.0,101.0,256.0,1,1,1.0
177,1,970.0,387.0,102.0,256.0,1,1,1.0
178,1,970.0,387.0,101.0,255.0,1,1,1.0
179,1,969.0,388.0,100.0,254.0,1,1,1.0
180,1,966.0,390.0,100.0,256.0,1,1,1.0
181,1,960.0,392.0,103.0,262.0,1,1,1.0
182,1,955.0,396.0,105.0,266.0,1,1,1.0
183,1,948.0,400.0,108.0,268.0,1,1,1.0
184,1,943.0,405.0,111.0,272.0,1,1,1.0
185,1,939.0,409.0,113.0,276.0,1,1,1.0
186,1,936.0,412.0,114.0,276.0,1,1,1.0
187,1,934.0,414.0,114.0,275.0,1,1,1.0
188,1,933.0,415.0,113.0,274.0,1,1,1.0
189,1,936.0,416.0,110.0,273.0,1,1,1.0
190,1,940.0,417.0,106.0,274.0,1,1,1.0
191,1,945.0,420.0,103.0,282.0,1,1,1.0
192,1,948.0,424.0,102.0,288.0,1,1,1.0
193,1,948.0,429.0,104.0,289.0,1,1,1.0
194,1,949.0,434.0,107.0,294.0,1,1,1.0
195,1,949.0,438.0,110.0,298.0,1,1,1.0
196,1,950.0,441.0,112.0,299.0,1,1,1.0
197,1,950.0,443.0,113.0,298.0,1,1,1.0
198,1,950.0,444.0,114.0,297.0,1,1,1.0
199,1,949.0,445.0,116.0,296.0,1,1,1.0
200,1,947.0,447.0,117.0,293.0,1,1,1.0
201,1,941.0,450.0,121.0,300.0,1,1,1.0
202,1,936.0,454.0,125.0,309.0,1,1,1.0
203,1,929.0,459.0,131.0,312.0,1,1,1.0
204,1,923.0,465.0,134.0,315.0,1,1,1.0
205,1,917.0,469.0,136.0,322.0,1,1,1.0
206,1,914.0,474.0,136.0,323.0,1,1,1.0
207,1,912.0,478.0,137.0,321.0,1,1,1.0
208,1,912.0,480.0,136.0,319.0,1,1,1.0
209,1,913.0,481.0,136.0,318.0,1,1,1.0
210,1,917.0,483.0,134.0,316.0,1,1,1.0
211,1,921.0,487.0,132.0,320.0,1,1,1.0
212,1,928.0,492.0,129.0,330.0,1,1,1.0
213,1,932.0,498.0,128.0,336.0,1,1,1.0
214,1,934.0,504.0,132.0,340.0,1,1,1.0
215,1,936.0,510.0,135.0,347.0,1,1,1.0
216,1,938.0,515.0,140.0,349.0,1,1,1.0
217,1,940.0,519.0,142.0,348.0,1,1,1.0
218,1,941.0,521.0,143.0,347.0,1,1,1.0
219,1,942.0,524.0,144.0,345.0,1,1,1.0
220,1,941.0,525.0,144.0,343.0,1,1,1.0
221,1,936.0,528.0,147.0,346.0,1,1,1.0
222,1,932.0,533.0,148.0,359.0,1,1,1.0
223,1,928.0,539.0,149.0,369.0,1,1,1.0
224,1,925.0,546.0,151.0,372.0,1,1,1.0
225,1,924.0,554.0,152.0,378.0,1,1,1.0
226,1,924.0,561.0,152.0,384.0,1,1,1.0
227,1,925.0,566.0,153.0,383.0,1,1,1.0
228,1,926.0,570.0,154.0,381.0,1,1,1.0
229,1,928.0,574.0,155.0,378.0,1,1,1.0
230,1,931.0,577.0,155.0,375.0,1,1,1.0
231,1,938.0,582.0,155.0,370.0,1,1,1.0
232,1,945.0,587.0,155.0,384.0,1,1,1.0
233,1,949.0,595.0,157.0,398.0,1,1,1.0
234,1,951.0,604.0,161.0,407.0,1,1,1.0
235,1,953.0,613.0,165.0,413.0,1,1,1.0
236,1,954.0,621.0,170.0,420.0,1,1,1.0
237,1,957.0,628.0,171.0,420.0,1,1,1.0
238,1,958.0,634.0,173.0,417.0,1,1,1.0
239,1,959.0,638.0,174.0,413.0,1,1,1.0
240,1,959.0,642.0,174.0,409.0,1,1,1.0
241,1,954.0,648.0,178.0,403.0,1,1,1.0
242,1,947.0,655.0,182.0,414.0,1,1,1.0
243,1,941.0,664.0,185.0,414.0,1,1,1.0
244,1,936.0,674.0,186.0,407.0,1,1,1.0
245,1,931.0,684.0,188.0,397.0,1,1,1.0
246,1,927.0,695.0,189.0,387.0,1,1,1.0
247,1,924.0,704.0,190.0,377.0,1,1,1.0
248,1,921.0,711.0,191.0,369.0,1,1,1.0
249,1,920.0,718.0,191.0,362.0,1,1,1.0
250,1,920.0,724.0,190.0,357.0,1,1,1.0
251,1,923.0,730.0,186.0,350.0,1,1,1.0
252,1,926.0,739.0,185.0,341.0,1,1,1.0
253,1,929.0,750.0,187.0,329.0,1,1,1.0
254,1,928.0,763.0,192.0,316.0,1,1,1.0
255,1,927.0,777.0,201.0,302.0,1,1,1.0
256,1,927.0,790.0,207.0,289.0,1,1,1.0
257,1,926.0,801.0,214.0,278.0,1,1,1.0
258,1,925.0,810.0,217.0,269.0,1,1,1.0
259,1,923.0,818.0,218.0,261.0,1,1,1.0
260,1,919.0,827.0,217.0,252.0,1,1,1.0
261,1,912.0,837.0,217.0,242.0,1,1,1.0
262,1,903.0,848.0,219.0,230.0,1,1,1.0
263,1,899.0,863.0,216.0,216.0,1,1,1.0
264,1,896.0,878.0,213.0,200.0,1,1,1.0
265,1,893.0,896.0,211.0,183.0,1,1,1.0
266,1,897.0,913.0,200.0,166.0,1,1,1.0
267,1,895.0,929.0,193.0,150.0,1,1,1.0
268,1,892.0,943.0,187.0,136.0,1,1,1.0
269,1,892.0,956.0,179.0,122.0,1,1,1.0
270,1,892.0,969.0,171.0,110.0,1,1,1.0
271,1,895.0,981.0,154.0,98.0,1,1,1.0
272,1,914.0,995.0,110.0,84.0,1,1,1.0
273,1,919.0,1013.0,89.0,66.0,1,1,1.0
344,2,200.0,943.0,161.0,135.0,1,1,1.0
345,2,196.0,932.0,167.0,147.0,1,1,1.0
346,2,194.0,921.0,170.0,158.0,1,1,1.0
347,2,193.0,912.0,169.0,166.0,1,1,1.0
348,2,192.0,904.0,172.0,175.0,1,1,1.0
349,2,192.0,894.0,178.0,184.0,1,1,1.0
350,2,191.0,884.0,189.0,195.0,1,1,1.0
351,2,190.0,872.0,201.0,206.0,1,1,1.0
352,2,187.0,860.0,210.0,218.0,1,1,1.0
353,2,185.0,848.0,211.0,231.0,1,1,1.0
354,2,183.0,835.0,203.0,243.0,1,1,1.0
355,2,182.0,824.0,191.0,254.0,1,1,1.0
356,2,180.0,815.0,176.0,263.0,1,1,1.0
357,2,179.0,809.0,162.0,270.0,1,1,1.0
358,2,177.0,803.0,158.0,276.0,1,1,1.0
359,2,174.0,797.0,158.0,282.0,1,1,1.0
360,2,170.0,790.0,160.0,288.0,1,1,1.0
361,2,166.0,782.0,162.0,296.0,1,1,1.0
362,2,162.0,772.0,165.0,306.0,1,1,1.0
363,2,159.0,761.0,168.0,317.0,1,1,1.0
364,2,156.0,751.0,172.0,327.0,1,1,1.0
365,2,153.0,742.0,176.0,336.0,1,1,1.0
366,2,151.0,734.0,175.0,344.0,1,1,1.0
367,2,150.0,728.0,174.0,350.0,1,1,1.0
368,2,151.0,724.0,179.0,354.0,1,1,1.0
369,2,152.0,719.0,182.0,359.0,1,1,1.0
370,2,154.0,713.0,182.0,365.0,1,1,1.0
371,2,155.0,705.0,180.0,372.0,1,1,1.0
372,2,155.0,697.0,177.0,381.0,1,1,1.0
373,2,155.0,688.0,172.0,384.0,1,1,1.0
374,2,155.0,679.0,165.0,377.0,1,1,1.0
375,2,155.0,672.0,158.0,375.0,1,1,1.0
376,2,156.0,665.0,148.0,378.0,1,1,1.0
377,2,157.0,661.0,143.0,380.0,1,1,1.0
378,2,157.0,657.0,141.0,381.0,1,1,1.0
379,2,156.0,653.0,142.0,380.0,1,1,1.0
380,2,153.0,650.0,144.0,377.0,1,1,1.0
381,2,151.0,644.0,146.0,377.0,1,1,1.0
382,2,149.0,638.0,145.0,372.0,1,1,1.0
383,2,147.0,631.0,141.0,358.0,1,1,1.0
384,2,146.0,623.0,138.0,347.0,1,1,1.0
385,2,146.0,616.0,139.0,347.0,1,1,1.0
386,2,147.0,610.0,138.0,350.0,1,1,1.0
387,2,148.0,606.0,138.0,352.0,1,1,1.0
388,2,148.0,603.0,141.0,353.0,1,1,1.0
389,2,150.0,601.0,146.0,353.0,1,1,1.0
390,2,152.0,598.0,147.0,350.0,1,1,1.0
391,2,155.0,594.0,146.0,352.0,1,1,1.0
392,2,157.0,588.0,145.0,346.0,1,1,1.0
393,2,158.0,582.0,141.0,334.0,1,1,1.0
394,2,158.0,576.0,137.0,323.0,1,1,1.0
395,2,159.0,571.0,132.0,319.0,1,1,1.0
396,2,160.0,566.0,126.0,320.0,1,1,1.0
397,2,160.0,563.0,119.0,321.0,1,1,1.0
398,2,161.0,561.0,114.0,322.0,1,1,1.0
399,2,160.0,559.0,114.0,322.0,1,1,1.0
400,2,158.0,558.0,116.0,319.0,1,1,1.0
401,2,155.0,556.0,118.0,319.0,1,1,1.0
402,2,153.0,552.0,119.0,316.0,1,1,1.0
403,2,151.0,548.0,116.0,302.0,1,1,1.0
404,2,150.0,542.0,116.0,296.0,1,1,1.0
405,2,150.0,537.0,117.0,296.0,1,1,1.0
406,2,152.0,533.0,115.0,299.0,1,1,1.0
407,2,152.0,530.0,113.0,301.0,1,1,1.0
408,2,152.0,528.0,116.0,302.0,1,1,1.0
409,2,152.0,526.0,120.0,302.0,1,1,1.0
410,2,153.0,525.0,123.0,302.0,1,1,1.0
411,2,153.0,523.0,123.0,302.0,1,1,1.0
412,2,154.0,520.0,123.0,299.0,1,1,1.0
413,2,155.0,516.0,122.0,289.0,1,1,1.0
414,2,155.0,512.0,120.0,278.0,1,1,1.0
415,2,155.0,507.0,115.0,275.0,1,1,1.0
416,2,155.0,504.0,109.0,275.0,1,1,1.0
417,2,155.0,501.0,104.0,277.0,1,1,1.0
418,2,154.0,499.0,98.0,278.0,1,1,1.0
419,2,154.0,499.0,97.0,277.0,1,1,1.0
420,2,152.0,498.0,98.0,275.0,1,1,1.0
421,2,148.0,498.0,103.0,274.0,1,1,1.0
422,2,145.0,495.0,105.0,274.0,1,1,1.0
423,2,143.0,493.0,104.0,267.0,1,1,1.0
424,2,140.0,490.0,105.0,261.0,1,1,1.0
425,2,139.0,485.0,101.0,260.0,1,1,1.0
426,2,138.0,482.0,96.0,261.0,1,1,1.0
427,2,136.0,479.0,93.0,263.0,1,1,1.0
428,2,135.0,477.0,94.0,264.0,1,1,1.0
429,2,134.0,476.0,97.0,264.0,1,1,1.0
430,2,134.0,475.0,99.0,264.0,1,1,1.0
431,2,135.0,474.0,101.0,263.0,1,1,1.0
432,2,135.0,472.0,102.0,264.0,1,1,1.0
433,2,136.0,470.0,101.0,260.0,1,1,1.0
434,2,136.0,467.0,101.0,253.0,1,1,1.0
435,2,136.0,464.0,99.0,247.0,1,1,1.0
436,2,136.0,461.0,96.0,246.0,1,1,1.0
437,2,136.0,458.0,91.0,248.0,1,1,1.0
438,2,135.0,456.0,87.0,249.0,1,1,1.0
439,2,134.0,455.0,84.0,250.0,1,1,1.0
440,2,133.0,454.0,84.0,251.0,1,1,1.0
441,2,131.0,454.0,85.0,249.0,1,1,1.0
442,2,128.0,454.0,88.0,247.0,1,1,1.0
443,2,128.0,452.0,90.0,246.0,1,1,1.0
444,2,131.0,450.0,91.0,243.0,1,1,1.0
445,2,134.0,447.0,89.0,236.0,1,1,1.0
446,2,142.0,444.0,82.0,234.0,1,1,1.0
447,2,148.0,441.0,77.0,235.0,1,1,1.0
448,2,153.0,438.0,77.0,235.0,1,1,1.0
449,2,158.0,436.0,77.0,236.0,1,1,1.0
450,2,161.0,434.0,82.0,236.0,1,1,1.0
451,2,165.0,434.0,86.0,235.0,1,1,1.0
452,2,170.0,433.0,83.0,235.0,1,1,1.0
453,2,175.0,433.0,80.0,234.0,1,1,1.0
454,2,181.0,431.0,75.0,227.0,1,1,1.0
455,2,185.0,429.0,72.0,221.0,1,1,1.0
456,2,190.0,425.0,68.0,221.0,1,1,1.0
457,2,195.0,422.0,64.0,223.0,1,1,1.0
458,2,199.0,419.0,63.0,226.0,1,1,1.0
459,2,204.0,418.0,67.0,227.0,1,1,1.0
460,2,210.0,416.0,77.0,228.0,1,1,1.0
461,2,212.0,415.0,88.0,228.0,1,1,1.0
462,2,215.0,414.0,94.0,228.0,1,1,1.0
463,2,217.0,412.0,97.0,228.0,1,1,1.0
464,2,226.0,410.0,89.0,228.0,1,1,1.0
465,2,240.0,405.0,76.0,223.0,1,1,1.0
466,2,250.0,401.0,69.0,218.0,1,1,1.0
467,2,258.0,398.0,69.0,217.0,1,1,1.0
468,2,265.0,396.0,74.0,217.0,1,1,1.0
469,2,272.0,396.0,87.0,217.0,1,1,1.0
470,2,279.0,396.0,98.0,216.0,1,1,1.0
471,2,283.0,395.0,106.0,215.0,1,1,1.0
472,2,286.0,394.0,109.0,215.0,1,1,1.0
473,2,289.0,392.0,108.0,216.0,1,1,1.0
474,2,295.0,390.0,102.0,215.0,1,1,1.0
475,2,307.0,388.0,91.0,212.0,1,1,1.0
476,2,319.0,385.0,78.0,212.0,1,1,1.0
477,2,329.0,383.0,67.0,213.0,1,1,1.0
478,2,336.0,380.0,65.0,215.0,1,1,1.0
479,2,344.0,378.0,71.0,217.0,1,1,1.0
480,2,352.0,378.0,83.0,217.0,1,1,1.0
481,2,357.0,379.0,94.0,216.0,1,1,1.0
482,2,361.0,379.0,101.0,215.0,1,1,1.0
483,2,365.0,377.0,102.0,216.0,1,1,1.0
484,2,370.0,376.0,99.0,216.0,1,1,1.0
485,2,379.0,373.0,90.0,216.0,1,1,1.0
486,2,392.0,370.0,78.0,214.0,1,1,1.0
487,2,402.0,367.0,67.0,210.0,1,1,1.0
488,2,411.0,365.0,70.0,209.0,1,1,1.0
489,2,418.0,363.0,74.0,210.0,1,1,1.0
490,2,426.0,362.0,84.0,210.0,1,1,1.0
491,2,433.0,362.0,97.0,210.0,1,1,1.0
492,2,436.0,362.0,104.0,209.0,1,1,1.0
493,2,439.0,361.0,107.0,208.0,1,1,1.0
494,2,443.0,360.0,105.0,208.0,1,1,1.0
495,2,450.0,359.0,98.0,207.0,1,1,1.0
496,2,462.0,356.0,86.0,204.0,1,1,1.0
497,2,477.0,354.0,71.0,204.0,1,1,1.0
498,2,487.0,352.0,62.0,206.0,1,1,1.0
499,2,495.0,350.0,65.0,207.0,1,1,1.0
500,2,502.0,349.0,71.0,207.0,1,1,1.0
501,2,509.0,349.0,82.0,207.0,1,1,1.0
502,2,513.0,350.0,91.0,206.0,1,1,1.0
503,2,515.0,349.0,95.0,206.0,1,1,1.0
504,2,519.0,348.0,94.0,207.0,1,1,1.0
505,2,526.0,345.0,88.0,208.0,1,1,1.0
506,2,537.0,343.0,80.0,206.0,1,1,1.0
507,2,550.0,340.0,69.0,203.0,1,1,1.0
508,2,559.0,338.0,64.0,200.0,1,1,1.0
509,2,568.0,336.0,66.0,200.0,1,1,1.0
510,2,575.0,335.0,72.0,200.0,1,1,1.0
511,2,581.0,335.0,85.0,200.0,1,1,1.0
512,2,584.0,335.0,96.0,199.0,1,1,1.0
513,2,586.0,335.0,102.0,198.0,1,1,1.0
514,2,589.0,334.0,103.0,198.0,1,1,1.0
515,2,595.0,333.0,98.0,198.0,1,1,1.0
516,2,605.0,331.0,88.0,197.0,1,1,1.0
517,2,617.0,329.0,76.0,195.0,1,1,1.0
518,2,632.0,327.0,62.0,195.0,1,1,1.0
519,2,641.0,325.0,60.0,196.0,1,1,1.0
520,2,648.0,323.0,63.0,198.0,1,1,1.0
521,2,655.0,323.0,72.0,197.0,1,1,1.0
522,2,657.0,323.0,79.0,197.0,1,1,1.0
523,2,658.0,323.0,88.0,196.0,1,1,1.0
524,2,659.0,323.0,91.0,196.0,1,1,1.0
525,2,664.0,321.0,90.0,197.0,1,1,1.0
526,2,671.0,319.0,86.0,196.0,1,1,1.0
527,2,683.0,317.0,76.0,193.0,1,1,1.0
528,2,697.0,314.0,64.0,190.0,1,1,1.0
529,2,707.0,312.0,59.0,190.0,1,1,1.0
530,2,715.0,311.0,59.0,190.0,1,1,1.0
531,2,721.0,311.0,69.0,190.0,1,1,1.0
532,2,724.0,311.0,81.0,189.0,1,1,1.0
533,2,725.0,311.0,89.0,188.0,1,1,1.0
534,2,727.0,310.0,93.0,188.0,1,1,1.0
535,2,729.0,310.0,91.0,187.0,1,1,1.0
536,2,736.0,308.0,85.0,187.0,1,1,1.0
537,2,746.0,307.0,75.0,184.0,1,1,1.0
538,2,758.0,305.0,64.0,183.0,1,1,1.0
539,2,770.0,303.0,59.0,184.0,1,1,1.0
540,2,778.0,302.0,62.0,185.0,1,1,1.0
541,2,784.0,301.0,66.0,186.0,1,1,1.0
542,2,787.0,302.0,70.0,186.0,1,1,1.0
543,2,789.0,302.0,78.0,184.0,1,1,1.0
544,2,789.0,302.0,84.0,184.0,1,1,1.0
545,2,792.0,302.0,85.0,184.0,1,1,1.0
546,2,797.0,300.0,83.0,184.0,1,1,1.0
547,2,806.0,298.0,76.0,184.0,1,1,1.0
548,2,817.0,295.0,66.0,181.0,1,1,1.0
549,2,828.0,293.0,57.0,179.0,1,1,1.0
550,2,836.0,292.0,55.0,179.0,1,1,1.0
551,2,842.0,291.0,57.0,179.0,1,1,1.0
552,2,846.0,291.0,68.0,179.0,1,1,1.0
553,2,848.0,291.0,77.0,178.0,1,1,1.0
554,2,849.0,291.0,83.0,177.0,1,1,1.0
555,2,850.0,291.0,85.0,177.0,1,1,1.0
556,2,853.0,290.0,83.0,177.0,1,1,1.0
557,2,859.0,289.0,78.0,177.0,1,1,1.0
558,2,867.0,287.0,69.0,174.0,1,1,1.0
559,2,878.0,285.0,61.0,174.0,1,1,1.0
560,2,888.0,284.0,55.0,175.0,1,1,1.0
561,2,894.0,283.0,57.0,176.0,1,1,1.0
562,2,899.0,283.0,60.0,176.0,1,1,1.0
563,2,900.0,283.0,65.0,175.0,1,1,1.0
564,2,901.0,284.0,71.0,174.0,1,1,1.0
565,2,901.0,284.0,78.0,173.0,1,1,1.0
566,2,902.0,283.0,81.0,174.0,1,1,1.0
567,2,906.0,281.0,80.0,174.0,1,1,1.0
568,2,915.0,280.0,72.0,173.0,1,1,1.0
569,2,924.0,278.0,64.0,169.0,1,1,1.0
570,2,933.0,277.0,56.0,168.0,1,1,1.0
571,2,941.0,275.0,51.0,168.0,1,1,1.0
572,2,946.0,275.0,50.0,168.0,1,1,1.0
573,2,948.0,275.0,57.0,168.0,1,1,1.0
574,2,949.0,275.0,67.0,167.0,1,1,1.0
575,2,950.0,275.0,73.0,166.0,1,1,1.0
576,2,951.0,275.0,75.0,165.0,1,1,1.0
577,2,954.0,275.0,73.0,164.0,1,1,1.0
578,2,959.0,275.0,68.0,163.0,1,1,1.0
579,2,967.0,275.0,60.0,162.0,1,1,1.0
580,2,976.0,273.0,53.0,163.0,1,1,1.0
581,2,986.0,271.0,53.0,164.0,1,1,1.0
582,2,992.0,271.0,55.0,164.0,1,1,1.0
583,2,994.0,271.0,59.0,164.0,1,1,1.0
584,2,995.0,272.0,66.0,163.0,1,1,1.0
585,2,995.0,272.0,71.0,162.0,1,1,1.0
586,2,996.0,272.0,75.0,162.0,1,1,1.0
587,2,1000.0,273.0,75.0,162.0,1,1,1.0
588,2,1005.0,272.0,71.0,162.0,1,1,1.0
589,2,1013.0,271.0,65.0,159.0,1,1,1.0
590,2,1023.0,270.0,57.0,157.0,1,1,1.0
591,2,1032.0,268.0,50.0,157.0,1,1,1.0
592,2,1039.0,266.0,49.0,158.0,1,1,1.0
593,2,1042.0,266.0,52.0,158.0,1,1,1.0
594,2,1044.0,266.0,58.0,158.0,1,1,1.0
595,2,1045.0,267.0,66.0,157.0,1,1,1.0
596,2,1046.0,268.0,70.0,156.0,1,1,1.0
597,2,1047.0,268.0,70.0,155.0,1,1,1.0
598,2,1050.0,268.0,68.0,154.0,1,1,1.0
599,2,1056.0,267.0,62.0,154.0,1,1,1.0
600,2,1064.0,266.0,57.0,153.0,1,1,1.0
601,2,1075.0,265.0,49.0,154.0,1,1,1.0
602,2,1083.0,264.0,51.0,155.0,1,1,1.0
603,2,1086.0,264.0,55.0,155.0,1,1,1.0
604,2,1087.0,264.0,61.0,155.0,1,1,1.0
605,2,1086.0,264.0,66.0,154.0,1,1,1.0
606,2,1086.0,265.0,69.0,153.0,1,1,1.0
607,2,1087.0,265.0,71.0,152.0,1,1,1.0
608,2,1091.0,265.0,77.0,152.0,1,1,1.0
609,2,1096.0,265.0,76.0,152.0,1,1,1.0
610,2,1104.0,264.0,69.0,150.0,1,1,1.0
611,2,1114.0,266.0,55.0,146.0,1,1,1.0
612,2,1122.0,263.0,50.0,148.0,1,1,1.0
613,2,1125.0,261.0,48.0,149.0,1,1,1.0
614,2,1131.0,261.0,46.0,150.0,1,1,1.0
615,2,1133.0,261.0,53.0,150.0,1,1,1.0
616,2,1135.0,261.0,60.0,148.0,1,1,1.0
617,2,1135.0,262.0,63.0,147.0,1,1,1.0
618,2,1136.0,262.0,64.0,147.0,1,1,1.0
619,2,1139.0,262.0,61.0,146.0,1,1,1.0
620,2,1144.0,261.0,58.0,145.0,1,1,1.0
621,2,1151.0,260.0,54.0,145.0,1,1,1.0
622,2,1160.0,260.0,49.0,145.0,1,1,1.0
623,2,1169.0,259.0,46.0,145.0,1,1,1.0
624,2,1174.0,259.0,48.0,145.0,1,1,1.0
625,2,1177.0,259.0,52.0,145.0,1,1,1.0
626,2,1178.0,259.0,55.0,145.0,1,1,1.0
627,2,1177.0,260.0,59.0,144.0,1,1,1.0
628,2,1178.0,260.0,64.0,144.0,1,1,1.0
629,2,1183.0,260.0,62.0,144.0,1,1,1.0
630,2,1186.0,260.0,59.0,141.0,1,1,1.0
631,2,1194.0,259.0,54.0,140.0,1,1,1.0
632,2,1199.0,258.0,50.0,140.0,1,1,1.0
633,2,1204.0,257.0,49.0,140.0,1,1,1.0
634,2,1207.0,256.0,48.0,142.0,1,1,1.0
635,2,1212.0,257.0,47.0,141.0,1,1,1.0
636,2,1214.0,257.0,50.0,141.0,1,1,1.0
637,2,1215.0,258.0,56.0,140.0,1,1,1.0
638,2,1216.0,258.0,60.0,139.0,1,1,1.0
639,2,1217.0,259.0,59.0,138.0,1,1,1.0
640,2,1220.0,259.0,57.0,138.0,1,1,1.0
641,2,1224.0,259.0,53.0,136.0,1,1,1.0
642,2,1231.0,258.0,49.0,136.0,1,1,1.0
643,2,1239.0,257.0,46.0,137.0,1,1,1.0
644,2,1247.0,256.0,41.0,138.0,1,1,1.0
645,2,1250.0,256.0,45.0,138.0,1,1,1.0
646,2,1252.0,256.0,51.0,138.0,1,1,1.0
647,2,1254.0,257.0,53.0,137.0,1,1,1.0
648,2,1255.0,257.0,56.0,136.0,1,1,1.0
649,2,1257.0,258.0,57.0,135.0,1,1,1.0
650,2,1259.0,258.0,57.0,133.0,1,1,1.0
651,2,1263.0,258.0,55.0,133.0,1,1,1.0
652,2,1268.0,257.0,52.0,133.0,1,1,1.0
653,2,1274.0,255.0,48.0,132.0,1,1,1.0
654,2,1281.0,254.0,42.0,132.0,1,1,1.0
655,2,1283.0,254.0,44.0,120.0,1,1,1.0
657,2,1290.0,253.0,47.0,130.0,1,1,1.0
658,2,1291.0,254.0,54.0,131.0,1,1,1.0
659,2,1292.0,255.0,57.0,131.0,1,1,1.0
660,2,1292.0,256.0,58.0,130.0,1,1,1.0
