1,1,1187.0,340.0,214.0,529.0,1,1,1.0
2,1,1183.0,334.0,216.0,534.0,1,1,1.0
3,1,1177.0,330.0,219.0,535.0,1,1,1.0
4,1,1170.0,327.0,219.0,535.0,1,1,1.0
5,1,1165.0,324.0,218.0,532.0,1,1,1.0
6,1,1164.0,322.0,214.0,526.0,1,1,1.0
7,1,1165.0,319.0,208.0,522.0,1,1,1.0
8,1,1167.0,314.0,202.0,517.0,1,1,1.0
9,1,1173.0,307.0,192.0,473.0,1,1,1.0
10,1,1178.0,298.0,186.0,478.0,1,1,1.0
11,1,1185.0,290.0,179.0,469.0,1,1,1.0
12,1,1192.0,283.0,172.0,470.0,1,1,1.0
13,1,1196.0,277.0,167.0,473.0,1,1,1.0
14,1,1199.0,271.0,168.0,475.0,1,1,1.0
15,1,1199.0,269.0,174.0,474.0,1,1,1.0
16,1,1200.0,268.0,184.0,469.0,1,1,1.0
17,1,1199.0,264.0,189.0,468.0,1,1,1.0
18,1,1199.0,259.0,190.0,465.0,1,1,1.0
19,1,1198.0,253.0,188.0,457.0,1,1,1.0
20,1,1195.0,245.0,182.0,441.0,1,1,1.0
21,1,1191.0,238.0,174.0,426.0,1,1,1.0
22,1,1186.0,232.0,162.0,424.0,1,1,1.0
23,1,1180.0,228.0,152.0,423.0,1,1,1.0
24,1,1174.0,226.0,148.0,423.0,1,1,1.0
25,1,1167.0,224.0,146.0,421.0,1,1,1.0
26,1,1161.0,224.0,145.0,417.0,1,1,1.0
27,1,1153.0,223.0,146.0,415.0,1,1,1.0
28,1,1145.0,221.0,148.0,412.0,1,1,1.0
29,1,1136.0,216.0,153.0,383.0,1,1,1.0
30,1,1131.0,210.0,154.0,383.0,1,1,1.0
31,1,1127.0,204.0,155.0,379.0,1,1,1.0
32,1,1126.0,199.0,153.0,379.0,1,1,1.0
33,1,1129.0,195.0,150.0,382.0,1,1,1.0
34,1,1130.0,193.0,153.0,381.0,1,1,1.0
35,1,1132.0,192.0,156.0,380.0,1,1,1.0
36,1,1133.0,192.0,158.0,377.0,1,1,1.0
37,1,1133.0,190.0,158.0,375.0,1,1,1.0
38,1,1132.0,188.0,158.0,374.0,1,1,1.0
39,1,1130.0,184.0,154.0,371.0,1,1,1.0
40,1,1128.0,179.0,147.0,364.0,1,1,1.0
41,1,1124.0,175.0,139.0,351.0,1,1,1.0
42,1,1119.0,170.0,129.0,345.0,1,1,1.0
43,1,1114.0,167.0,123.0,345.0,1,1,1.0
44,1,1108.0,166.0,123.0,346.0,1,1,1.0
45,1,1103.0,165.0,121.0,346.0,1,1,1.0
46,1,1098.0,165.0,122.0,344.0,1,1,1.0
47,1,1092.0,166.0,122.0,340.0,1,1,1.0
48,1,1088.0,165.0,122.0,338.0,1,1,1.0
49,1,1083.0,162.0,125.0,337.0,1,1,1.0
50,1,1079.0,158.0,125.0,332.0,1,1,1.0
51,1,1077.0,154.0,124.0,319.0,1,1,1.0
52,1,1076.0,149.0,123.0,317.0,1,1,1.0
53,1,1076.0,146.0,122.0,319.0,1,1,1.0
54,1,1077.0,144.0,126.0,319.0,1,1,1.0
55,1,1078.0,143.0,131.0,319.0,1,1,1.0
56,1,1078.0,143.0,136.0,318.0,1,1,1.0
57,1,1079.0,143.0,139.0,315.0,1,1,1.0
58,1,1079.0,143.0,139.0,313.0,1,1,1.0
59,1,1079.0,141.0,138.0,311.0,1,1,1.0
60,1,1078.0,138.0,134.0,307.0,1,1,1.0
61,1,1077.0,134.0,125.0,299.0,1,1,1.0
62,1,1074.0,131.0,116.0,293.0,1,1,1.0
63,1,1071.0,128.0,106.0,292.0,1,1,1.0
64,1,1069.0,126.0,102.0,292.0,1,1,1.0
65,1,1065.0,126.0,101.0,292.0,1,1,1.0
66,1,1061.0,126.0,102.0,290.0,1,1,1.0
67,1,1057.0,127.0,101.0,287.0,1,1,1.0
68,1,1053.0,126.0,102.0,285.0,1,1,1.0
69,1,1049.0,125.0,103.0,285.0,1,1,1.0
70,1,1042.0,122.0,107.0,282.0,1,1,1.0
71,1,1041.0,118.0,107.0,275.0,1,1,1.0
72,1,1041.0,114.0,105.0,271.0,1,1,1.0
73,1,1042.0,111.0,104.0,271.0,1,1,1.0
74,1,1043.0,110.0,106.0,271.0,1,1,1.0
75,1,1044.0,109.0,109.0,271.0,1,1,1.0
76,1,1045.0,109.0,112.0,269.0,1,1,1.0
77,1,1045.0,110.0,114.0,267.0,1,1,1.0
78,1,1045.0,110.0,115.0,266.0,1,1,1.0
79,1,1045.0,110.0,113.0,265.0,1,1,1.0
80,1,1044.0,108.0,110.0,263.0,1,1,1.0
81,1,1043.0,106.0,105.0,258.0,1,1,1.0
82,1,1041.0,103.0,98.0,252.0,1,1,1.0
83,1,1039.0,99.0,92.0,251.0,1,1,1.0
84,1,1035.0,98.0,86.0,252.0,1,1,1.0
85,1,1030.0,97.0,86.0,252.0,1,1,1.0
86,1,1026.0,97.0,87.0,250.0,1,1,1.0
87,1,1020.0,98.0,90.0,248.0,1,1,1.0
88,1,1016.0,98.0,91.0,247.0,1,1,1.0
89,1,1012.0,98.0,92.0,245.0,1,1,1.0
90,1,1008.0,95.0,93.0,245.0,1,1,1.0
91,1,1006.0,92.0,93.0,240.0,1,1,1.0
92,1,1005.0,89.0,93.0,235.0,1,1,1.0
93,1,1006.0,86.0,90.0,234.0,1,1,1.0
94,1,1007.0,84.0,90.0,235.0,1,1,1.0
95,1,1009.0,83.0,92.0,235.0,1,1,1.0
96,1,1010.0,83.0,95.0,234.0,1,1,1.0
97,1,1010.0,84.0,98.0,233.0,1,1,1.0
98,1,1010.0,85.0,101.0,232.0,1,1,1.0
99,1,1010.0,85.0,102.0,231.0,1,1,1.0
100,1,1010.0,83.0,100.0,230.0,1,1,1.0
101,1,1010.0,81.0,96.0,225.0,1,1,1.0
102,1,1009.0,79.0,90.0,220.0,1,1,1.0
103,1,1007.0,77.0,84.0,219.0,1,1,1.0
104,1,1004.0,76.0,79.0,219.0,1,1,1.0
105,1,1001.0,75.0,78.0,219.0,1,1,1.0
106,1,998.0,76.0,79.0,218.0,1,1,1.0
107,1,994.0,76.0,80.0,216.0,1,1,1.0
108,1,992.0,76.0,81.0,216.0,1,1,1.0
109,1,990.0,76.0,81.0,215.0,1,1,1.0
110,1,988.0,75.0,82.0,210.0,1,1,1.0
111,1,986.0,72.0,82.0,208.0,1,1,1.0
112,1,986.0,70.0,82.0,206.0,1,1,1.0
113,1,987.0,67.0,80.0,207.0,1,1,1.0
114,1,988.0,65.0,81.0,207.0,1,1,1.0
115,1,989.0,65.0,85.0,207.0,1,1,1.0
116,1,990.0,64.0,89.0,207.0,1,1,1.0
117,1,991.0,65.0,92.0,206.0,1,1,1.0
118,1,993.0,65.0,93.0,205.0,1,1,1.0
119,1,994.0,65.0,92.0,205.0,1,1,1.0
120,1,996.0,63.0,90.0,205.0,1,1,1.0
121,1,997.0,62.0,86.0,200.0,1,1,1.0
122,1,997.0,60.0,81.0,196.0,1,1,1.0
123,1,997.0,58.0,76.0,195.0,1,1,1.0
124,1,996.0,57.0,71.0,195.0,1,1,1.0
125,1,995.0,57.0,68.0,195.0,1,1,1.0
126,1,992.0,57.0,68.0,194.0,1,1,1.0
127,1,990.0,58.0,68.0,193.0,1,1,1.0
128,1,986.0,59.0,69.0,192.0,1,1,1.0
129,1,983.0,59.0,71.0,191.0,1,1,1.0
130,1,980.0,58.0,71.0,191.0,1,1,1.0
131,1,979.0,57.0,72.0,188.0,1,1,1.0
132,1,978.0,55.0,71.0,185.0,1,1,1.0
133,1,978.0,52.0,71.0,185.0,1,1,1.0
134,1,979.0,51.0,70.0,185.0,1,1,1.0
135,1,980.0,50.0,72.0,186.0,1,1,1.0
136,1,980.0,51.0,74.0,185.0,1,1,1.0
137,1,981.0,52.0,76.0,183.0,1,1,1.0
138,1,981.0,53.0,77.0,182.0,1,1,1.0
139,1,981.0,53.0,78.0,181.0,1,1,1.0
140,1,981.0,53.0,77.0,180.0,1,1,1.0
141,1,981.0,51.0,76.0,178.0,1,1,1.0
142,1,980.0,50.0,73.0,176.0,1,1,1.0
143,1,979.0,49.0,69.0,174.0,1,1,1.0
144,1,977.0,47.0,66.0,175.0,1,1,1.0
145,1,974.0,47.0,64.0,175.0,1,1,1.0
146,1,972.0,47.0,63.0,175.0,1,1,1.0
147,1,969.0,47.0,64.0,174.0,1,1,1.0
148,1,966.0,48.0,64.0,173.0,1,1,1.0
149,1,964.0,48.0,65.0,172.0,1,1,1.0
150,1,961.0,48.0,66.0,172.0,1,1,1.0
151,1,959.0,47.0,66.0,170.0,1,1,1.0
152,1,958.0,45.0,66.0,167.0,1,1,1.0
153,1,959.0,43.0,65.0,167.0,1,1,1.0
154,1,959.0,42.0,65.0,167.0,1,1,1.0
155,1,960.0,41.0,66.0,167.0,1,1,1.0
156,1,960.0,40.0,68.0,167.0,1,1,1.0
157,1,961.0,41.0,70.0,167.0,1,1,1.0
158,1,962.0,41.0,71.0,165.0,1,1,1.0
159,1,963.0,42.0,71.0,165.0,1,1,1.0
160,1,965.0,42.0,70.0,164.0,1,1,1.0
161,1,966.0,42.0,70.0,163.0,1,1,1.0
162,1,967.0,41.0,69.0,160.0,1,1,1.0
163,1,967.0,40.0,69.0,158.0,1,1,1.0
164,1,967.0,38.0,66.0,159.0,1,1,1.0
165,1,966.0,37.0,63.0,159.0,1,1,1.0
166,1,965.0,37.0,59.0,159.0,1,1,1.0
167,1,964.0,38.0,57.0,158.0,1,1,1.0
168,1,962.0,38.0,57.0,158.0,1,1,1.0
169,1,960.0,39.0,59.0,156.0,1,1,1.0
170,1,958.0,39.0,60.0,156.0,1,1,1.0
171,1,956.0,39.0,61.0,155.0,1,1,1.0
172,1,954.0,38.0,62.0,154.0,1,1,1.0
173,1,954.0,37.0,62.0,152.0,1,1,1.0
174,1,954.0,36.0,61.0,152.0,1,1,1.0
175,1,955.0,34.0,61.0,153.0,1,1,1.0
176,1,957.0,33.0,62.0,153.0,1,1,1.0
177,1,959.0,33.0,62.0,153.0,1,1,1.0
178,1,961.0,34.0,63.0,152.0,1,1,1.0
179,1,962.0,35.0,63.0,151.0,1,1,1.0
180,1,964.0,36.0,65.0,150.0,1,1,1.0
181,1,965.0,36.0,65.0,149.0,1,1,1.0
182,1,965.0,35.0,64.0,149.0,1,1,1.0
183,1,965.0,34.0,64.0,147.0,1,1,1.0
184,1,965.0,33.0,62.0,146.0,1,1,1.0
185,1,965.0,32.0,60.0,147.0,1,1,1.0
186,1,964.0,31.0,58.0,147.0,1,1,1.0
187,1,962.0,31.0,55.0,146.0,1,1,1.0
188,1,961.0,32.0,54.0,146.0,1,1,1.0
189,1,960.0,32.0,54.0,145.0,1,1,1.0
190,1,958.0,33.0,55.0,144.0,1,1,1.0
191,1,957.0,33.0,55.0,144.0,1,1,1.0
192,1,956.0,32.0,56.0,143.0,1,1,1.0
193,1,956.0,32.0,56.0,140.0,1,1,1.0
194,1,956.0,31.0,55.0,139.0,1,1,1.0
195,1,957.0,29.0,55.0,139.0,1,1,1.0
196,1,958.0,29.0,55.0,140.0,1,1,1.0
197,1,959.0,28.0,55.0,140.0,1,1,1.0
198,1,962.0,28.0,56.0,139.0,1,1,1.0
199,1,964.0,29.0,57.0,139.0,1,1,1.0
200,1,966.0,30.0,58.0,138.0,1,1,1.0
202,1,969.0,30.0,47.0,136.0,1,1,1.0
203,1,969.0,30.0,51.0,134.0,1,1,1.0
204,1,970.0,29.0,53.0,133.0,1,1,1.0
205,1,970.0,28.0,52.0,133.0,1,1,1.0
206,1,970.0,27.0,49.0,134.0,1,1,1.0
207,1,969.0,27.0,46.0,134.0,1,1,1.0
208,1,969.0,27.0,44.0,133.0,1,1,1.0
209,1,967.0,27.0,45.0,133.0,1,1,1.0
210,1,966.0,28.0,46.0,132.0,1,1,1.0
211,1,964.0,28.0,47.0,131.0,1,1,1.0
212,1,964.0,28.0,46.0,131.0,1,1,1.0
213,1,966.0,28.0,44.0,129.0,1,1,1.0
214,1,963.0,27.0,46.0,129.0,1,1,1.0
215,1,963.0,26.0,45.0,129.0,1,1,1.0
216,1,963.0,25.0,46.0,129.0,1,1,1.0
217,1,962.0,24.0,48.0,130.0,1,1,1.0
218,1,963.0,24.0,50.0,129.0,1,1,1.0
219,1,963.0,25.0,49.0,129.0,1,1,1.0
220,1,964.0,26.0,47.0,128.0,1,1,1.0
221,1,965.0,26.0,45.0,127.0,1,1,1.0
222,1,966.0,26.0,44.0,128.0,1,1,1.0
223,1,966.0,26.0,43.0,126.0,1,1,1.0
224,1,966.0,25.0,43.0,124.0,1,1,1.0
225,1,966.0,24.0,43.0,124.0,1,1,1.0
226,1,966.0,22.0,44.0,124.0,1,1,1.0
227,1,966.0,22.0,44.0,124.0,1,1,1.0
228,1,965.0,22.0,44.0,124.0,1,1,1.0
229,1,964.0,22.0,44.0,124.0,1,1,1.0
230,1,962.0,23.0,45.0,123.0,1,1,1.0
231,1,959.0,23.0,47.0,122.0,1,1,1.0
232,1,957.0,24.0,48.0,122.0,1,1,1.0
233,1,956.0,23.0,48.0,122.0,1,1,1.0
234,1,954.0,22.0,49.0,120.0,1,1,1.0
235,1,955.0,22.0,48.0,119.0,1,1,1.0
236,1,953.0,20.0,50.0,120.0,1,1,1.0
237,1,953.0,20.0,50.0,121.0,1,1,1.0
238,1,955.0,19.0,49.0,120.0,1,1,1.0
239,1,956.0,20.0,49.0,120.0,1,1,1.0
240,1,957.0,20.0,48.0,120.0,1,1,1.0
241,1,956.0,21.0,49.0,118.0,1,1,1.0
242,1,956.0,21.0,49.0,118.0,1,1,1.0
243,1,955.0,21.0,50.0,118.0,1,1,1.0
244,1,954.0,20.0,50.0,116.0,1,1,1.0
245,1,954.0,20.0,50.0,116.0,1,1,1.0
246,1,953.0,19.0,48.0,116.0,1,1,1.0
247,1,952.0,18.0,46.0,116.0,1,1,1.0
248,1,950.0,18.0,44.0,117.0,1,1,1.0
249,1,949.0,18.0,43.0,117.0,1,1,1.0
250,1,949.0,18.0,43.0,116.0,1,1,1.0
251,1,948.0,19.0,42.0,115.0,1,1,1.0
252,1,948.0,19.0,42.0,114.0,1,1,1.0
253,1,946.0,19.0,42.0,114.0,1,1,1.0
254,1,944.0,19.0,43.0,113.0,1,1,1.0
255,1,944.0,17.0,42.0,113.0,1,1,1.0
256,1,943.0,17.0,43.0,113.0,1,1,1.0
257,1,943.0,16.0,42.0,113.0,1,1,1.0
258,1,943.0,16.0,44.0,113.0,1,1,1.0
259,1,944.0,16.0,45.0,113.0,1,1,1.0
260,1,944.0,16.0,45.0,112.0,1,1,1.0
261,1,946.0,17.0,43.0,112.0,1,1,1.0
262,1,948.0,17.0,42.0,111.0,1,1,1.0
263,1,948.0,17.0,41.0,111.0,1,1,1.0
264,1,949.0,17.0,41.0,110.0,1,1,1.0
265,1,949.0,16.0,41.0,109.0,1,1,1.0
266,1,950.0,15.0,40.0,109.0,1,1,1.0
267,1,950.0,15.0,39.0,109.0,1,1,1.0
268,1,949.0,15.0,39.0,109.0,1,1,1.0
269,1,949.0,15.0,39.0,109.0,1,1,1.0
270,1,949.0,15.0,38.0,108.0,1,1,1.0
271,1,948.0,15.0,39.0,107.0,1,1,1.0
272,1,948.0,16.0,38.0,107.0,1,1,1.0
273,1,948.0,16.0,39.0,106.0,1,1,1.0
274,1,948.0,15.0,38.0,107.0,1,1,1.0
275,1,947.0,15.0,39.0,106.0,1,1,1.0
276,1,946.0,14.0,40.0,106.0,1,1,1.0
277,1,945.0,13.0,41.0,106.0,1,1,1.0
278,1,945.0,12.0,43.0,106.0,1,1,1.0
279,1,947.0,12.0,41.0,106.0,1,1,1.0
280,1,949.0,12.0,41.0,105.0,1,1,1.0
281,1,950.0,13.0,39.0,103.0,1,1,1.0
282,1,951.0,14.0,39.0,103.0,1,1,1.0
283,1,952.0,14.0,38.0,102.0,1,1,1.0
284,1,953.0,14.0,38.0,103.0,1,1,1.0
285,1,954.0,14.0,38.0,103.0,1,1,1.0
286,1,954.0,13.0,37.0,102.0,1,1,1.0
287,1,955.0,12.0,37.0,102.0,1,1,1.0
288,1,955.0,12.0,37.0,103.0,1,1,1.0
289,1,955.0,11.0,38.0,103.0,1,1,1.0
290,1,954.0,11.0,39.0,103.0,1,1,1.0
291,1,954.0,12.0,39.0,102.0,1,1,1.0
292,1,953.0,12.0,39.0,102.0,1,1,1.0
293,1,953.0,12.0,39.0,101.0,1,1,1.0
294,1,952.0,13.0,39.0,101.0,1,1,1.0
295,1,952.0,13.0,39.0,99.0,1,1,1.0
296,1,951.0,12.0,40.0,98.0,1,1,1.0
297,1,951.0,11.0,40.0,98.0,1,1,1.0
298,1,951.0,11.0,40.0,99.0,1,1,1.0
299,1,952.0,10.0,40.0,99.0,1,1,1.0
300,1,953.0,10.0,38.0,99.0,1,1,1.0
301,1,957.0,10.0,35.0,98.0,1,1,1.0
302,1,959.0,10.0,33.0,97.0,1,1,1.0
303,1,960.0,10.0,33.0,98.0,1,1,1.0
304,1,962.0,11.0,33.0,98.0,1,1,1.0
305,1,963.0,11.0,33.0,98.0,1,1,1.0
306,1,963.0,11.0,34.0,97.0,1,1,1.0
307,1,964.0,11.0,34.0,96.0,1,1,1.0
308,1,965.0,10.0,36.0,96.0,1,1,1.0
309,1,965.0,10.0,36.0,97.0,1,1,1.0
310,1,966.0,9.0,36.0,97.0,1,1,1.0
311,1,966.0,9.0,36.0,97.0,1,1,1.0
312,1,965.0,9.0,36.0,96.0,1,1,1.0
313,1,965.0,9.0,37.0,96.0,1,1,1.0
314,1,964.0,10.0,37.0,95.0,1,1,1.0
315,1,965.0,10.0,36.0,93.0,1,1,1.0
316,1,969.0,10.0,32.0,89.0,1,1,1.0
317,1,972.0,10.0,28.0,87.0,1,1,1.0
318,1,974.0,10.0,26.0,88.0,1,1,1.0
319,1,974.0,9.0,27.0,92.0,1,1,1.0
320,1,974.0,9.0,29.0,93.0,1,1,1.0
321,1,974.0,9.0,31.0,94.0,1,1,1.0
323,1,974.0,9.0,35.0,94.0,1,1,1.0
324,1,978.0,10.0,32.0,88.0,1,1,1.0
325,1,981.0,10.0,30.0,85.0,1,1,1.0
326,1,985.0,10.0,27.0,84.0,1,1,1.0
327,1,989.0,11.0,24.0,84.0,1,1,1.0
328,1,988.0,10.0,28.0,91.0,1,1,1.0
329,1,991.0,10.0,27.0,94.0,1,1,1.0
330,1,996.0,9.0,25.0,96.0,1,1,1.0
331,1,998.0,9.0,28.0,96.0,1,1,1.0
332,1,1001.0,9.0,29.0,87.0,1,1,1.0
334,1,1003.0,11.0,32.0,81.0,1,1,1.0
335,1,1005.0,11.0,33.0,79.0,1,1,1.0
336,1,1008.0,11.0,34.0,79.0,1,1,1.0
337,1,1011.0,12.0,34.0,80.0,1,1,1.0
339,1,1018.0,11.0,33.0,93.0,1,1,1.0
341,1,1026.0,10.0,34.0,97.0,1,1,1.0
342,1,1028.0,10.0,37.0,98.0,1,1,1.0
343,1,1030.0,11.0,40.0,97.0,1,1,1.0
344,1,1032.0,11.0,41.0,97.0,1,1,1.0
345,1,1034.0,12.0,41.0,97.0,1,1,1.0
346,1,1036.0,13.0,41.0,96.0,1,1,1.0
347,1,1038.0,13.0,41.0,95.0,1,1,1.0
348,1,1041.0,12.0,40.0,95.0,1,1,1.0
349,1,1045.0,12.0,36.0,97.0,1,1,1.0
350,1,1048.0,11.0,34.0,100.0,1,1,1.0
353,1,1056.0,12.0,33.0,100.0,1,1,1.0
355,1,1058.0,14.0,37.0,100.0,1,1,1.0
356,1,1059.0,15.0,38.0,100.0,1,1,1.0
357,1,1059.0,15.0,39.0,100.0,1,1,1.0
358,1,1064.0,15.0,35.0,93.0,1,1,1.0
359,1,1067.0,14.0,36.0,95.0,1,1,1.0
360,1,1072.0,14.0,36.0,92.0,1,1,1.0
361,1,1076.0,14.0,37.0,98.0,1,1,1.0
362,1,1078.0,14.0,39.0,100.0,1,1,1.0
364,1,1081.0,16.0,44.0,100.0,1,1,1.0
365,1,1082.0,17.0,47.0,101.0,1,1,1.0
366,1,1085.0,17.0,46.0,100.0,1,1,1.0
367,1,1087.0,17.0,45.0,101.0,1,1,1.0
368,1,1091.0,17.0,44.0,103.0,1,1,1.0
369,1,1096.0,17.0,40.0,104.0,1,1,1.0
370,1,1100.0,17.0,36.0,103.0,1,1,1.0
371,1,1104.0,17.0,34.0,104.0,1,1,1.0
372,1,1106.0,17.0,33.0,105.0,1,1,1.0
373,1,1109.0,17.0,34.0,105.0,1,1,1.0
377,1,1114.0,20.0,43.0,105.0,1,1,1.0
378,1,1116.0,20.0,44.0,105.0,1,1,1.0
379,1,1121.0,20.0,40.0,105.0,1,1,1.0
380,1,1128.0,20.0,35.0,106.0,1,1,1.0
381,1,1134.0,20.0,35.0,106.0,1,1,1.0
382,1,1138.0,20.0,35.0,106.0,1,1,1.0
383,1,1140.0,20.0,40.0,107.0,1,1,1.0
384,1,1142.0,21.0,43.0,105.0,1,1,1.0
385,1,1142.0,21.0,46.0,105.0,1,1,1.0
386,1,1143.0,22.0,49.0,106.0,1,1,1.0
387,1,1145.0,23.0,50.0,106.0,1,1,1.0
388,1,1148.0,23.0,50.0,107.0,1,1,1.0
389,1,1153.0,22.0,48.0,108.0,1,1,1.0
390,1,1157.0,22.0,44.0,108.0,1,1,1.0
391,1,1162.0,22.0,39.0,109.0,1,1,1.0
392,1,1166.0,22.0,35.0,109.0,1,1,1.0
393,1,1169.0,23.0,34.0,109.0,1,1,1.0
394,1,1170.0,23.0,38.0,109.0,1,1,1.0
395,1,1172.0,24.0,44.0,109.0,1,1,1.0
396,1,1172.0,25.0,41.0,106.0,1,1,1.0
397,1,1173.0,26.0,42.0,107.0,1,1,1.0
399,1,1179.0,26.0,41.0,107.0,1,1,1.0
400,1,1185.0,26.0,37.0,109.0,1,1,1.0
401,1,1192.0,25.0,36.0,122.0,1,1,1.0
402,1,1196.0,25.0,36.0,115.0,1,1,1.0
403,1,1198.0,26.0,39.0,122.0,1,1,1.0
404,1,1201.0,26.0,44.0,125.0,1,1,1.0
405,1,1199.0,27.0,52.0,126.0,1,1,1.0
406,1,1199.0,28.0,59.0,126.0,1,1,1.0
407,1,1202.0,29.0,59.0,125.0,1,1,1.0
408,1,1207.0,29.0,56.0,124.0,1,1,1.0
409,1,1212.0,29.0,49.0,123.0,1,1,1.0
410,1,1217.0,29.0,44.0,120.0,1,1,1.0
411,1,1218.0,28.0,43.0,123.0,1,1,1.0
412,1,1219.0,29.0,43.0,124.0,1,1,1.0
414,1,1228.0,30.0,41.0,117.0,1,1,1.0
415,1,1230.0,31.0,44.0,114.0,1,1,1.0
416,1,1232.0,32.0,47.0,113.0,1,1,1.0
417,1,1233.0,33.0,49.0,114.0,1,1,1.0
418,1,1234.0,33.0,50.0,114.0,1,1,1.0
419,1,1238.0,33.0,52.0,115.0,1,1,1.0
420,1,1244.0,32.0,46.0,116.0,1,1,1.0
421,1,1252.0,32.0,37.0,116.0,1,1,1.0
422,1,1259.0,32.0,33.0,116.0,1,1,1.0
423,1,1263.0,33.0,31.0,116.0,1,1,1.0
424,1,1266.0,34.0,32.0,116.0,1,1,1.0
425,1,1268.0,35.0,33.0,115.0,1,1,1.0
426,1,1269.0,36.0,35.0,113.0,1,1,1.0
427,1,1270.0,37.0,38.0,112.0,1,1,1.0
428,1,1273.0,37.0,40.0,110.0,1,1,1.0
429,1,1277.0,37.0,41.0,114.0,1,1,1.0
430,1,1282.0,38.0,42.0,114.0,1,1,1.0
431,1,1289.0,38.0,38.0,116.0,1,1,1.0
432,1,1294.0,37.0,34.0,118.0,1,1,1.0
433,1,1297.0,37.0,37.0,118.0,1,1,1.0
434,1,1298.0,39.0,41.0,118.0,1,1,1.0
435,1,1299.0,38.0,46.0,119.0,1,1,1.0
436,1,1301.0,41.0,51.0,116.0,1,1,1.0
437,1,1302.0,43.0,57.0,117.0,1,1,1.0
438,1,1303.0,43.0,57.0,118.0,1,1,1.0
439,1,1305.0,42.0,58.0,120.0,1,1,1.0
440,1,1309.0,42.0,54.0,120.0,1,1,1.0
441,1,1320.0,43.0,44.0,119.0,1,1,1.0
442,1,1331.0,42.0,35.0,120.0,1,1,1.0
443,1,1337.0,43.0,33.0,119.0,1,1,1.0
444,1,1340.0,44.0,34.0,119.0,1,1,1.0
445,1,1343.0,45.0,38.0,120.0,1,1,1.0
446,1,1344.0,46.0,45.0,121.0,1,1,1.0
447,1,1344.0,47.0,50.0,121.0,1,1,1.0
448,1,1346.0,50.0,47.0,116.0,1,1,1.0
450,1,1358.0,48.0,40.0,121.0,1,1,1.0
451,1,1363.0,49.0,37.0,122.0,1,1,1.0
452,1,1369.0,49.0,36.0,120.0,1,1,1.0
453,1,1372.0,48.0,37.0,122.0,1,1,1.0
454,1,1376.0,48.0,38.0,123.0,1,1,1.0
455,1,1379.0,48.0,41.0,125.0,1,1,1.0
456,1,1381.0,49.0,45.0,125.0,1,1,1.0
457,1,1382.0,50.0,48.0,126.0,1,1,1.0
458,1,1383.0,51.0,49.0,126.0,1,1,1.0
459,1,1385.0,52.0,48.0,126.0,1,1,1.0
460,1,1388.0,53.0,47.0,126.0,1,1,1.0
461,1,1392.0,54.0,49.0,124.0,1,1,1.0
462,1,1395.0,54.0,49.0,125.0,1,1,1.0
463,1,1396.0,54.0,52.0,125.0,1,1,1.0
464,1,1395.0,54.0,54.0,125.0,1,1,1.0
465,1,1394.0,54.0,57.0,126.0,1,1,1.0
466,1,1394.0,54.0,57.0,127.0,1,1,1.0
467,1,1393.0,55.0,59.0,128.0,1,1,1.0
468,1,1393.0,55.0,59.0,128.0,1,1,1.0
469,1,1394.0,56.0,58.0,129.0,1,1,1.0
470,1,1396.0,56.0,56.0,129.0,1,1,1.0
471,1,1399.0,56.0,53.0,128.0,1,1,1.0
472,1,1402.0,56.0,50.0,128.0,1,1,1.0
473,1,1404.0,55.0,47.0,129.0,1,1,1.0
474,1,1405.0,55.0,46.0,130.0,1,1,1.0
475,1,1406.0,55.0,45.0,132.0,1,1,1.0
476,1,1406.0,55.0,45.0,132.0,1,1,1.0
477,1,1406.0,55.0,48.0,133.0,1,1,1.0
478,1,1406.0,56.0,53.0,133.0,1,1,1.0
479,1,1406.0,57.0,54.0,134.0,1,1,1.0
480,1,1406.0,57.0,53.0,135.0,1,1,1.0
481,1,1405.0,57.0,53.0,134.0,1,1,1.0
482,1,1404.0,57.0,53.0,135.0,1,1,1.0
483,1,1402.0,57.0,52.0,135.0,1,1,1.0
484,1,1400.0,57.0,51.0,135.0,1,1,1.0
485,1,1399.0,57.0,49.0,135.0,1,1,1.0
486,1,1396.0,58.0,49.0,134.0,1,1,1.0
487,1,1393.0,59.0,49.0,133.0,1,1,1.0
488,1,1391.0,60.0,50.0,133.0,1,1,1.0
489,1,1390.0,60.0,49.0,133.0,1,1,1.0
490,1,1388.0,59.0,48.0,135.0,1,1,1.0
491,1,1386.0,58.0,49.0,136.0,1,1,1.0
492,1,1383.0,57.0,49.0,137.0,1,1,1.0
493,1,1382.0,57.0,48.0,137.0,1,1,1.0
494,1,1380.0,56.0,48.0,138.0,1,1,1.0
495,1,1378.0,56.0,49.0,138.0,1,1,1.0
496,1,1376.0,57.0,50.0,138.0,1,1,1.0
497,1,1373.0,58.0,54.0,137.0,1,1,1.0
498,1,1370.0,59.0,56.0,137.0,1,1,1.0
499,1,1367.0,60.0,61.0,137.0,1,1,1.0
500,1,1365.0,60.0,65.0,139.0,1,1,1.0
501,1,1362.0,59.0,63.0,141.0,1,1,1.0
502,1,1360.0,58.0,63.0,142.0,1,1,1.0
503,1,1358.0,57.0,60.0,143.0,1,1,1.0
504,1,1357.0,56.0,55.0,144.0,1,1,1.0
505,1,1355.0,56.0,52.0,144.0,1,1,1.0
506,1,1351.0,56.0,51.0,145.0,1,1,1.0
507,1,1346.0,57.0,52.0,143.0,1,1,1.0
508,1,1340.0,57.0,54.0,143.0,1,1,1.0
509,1,1335.0,58.0,55.0,143.0,1,1,1.0
510,1,1334.0,58.0,53.0,144.0,1,1,1.0
511,1,1333.0,58.0,52.0,144.0,1,1,1.0
512,1,1332.0,57.0,50.0,145.0,1,1,1.0
513,1,1330.0,57.0,50.0,146.0,1,1,1.0
514,1,1325.0,55.0,51.0,148.0,1,1,1.0
515,1,1320.0,55.0,54.0,149.0,1,1,1.0
516,1,1317.0,55.0,55.0,149.0,1,1,1.0
517,1,1314.0,55.0,56.0,150.0,1,1,1.0
518,1,1310.0,56.0,61.0,149.0,1,1,1.0
519,1,1308.0,58.0,64.0,149.0,1,1,1.0
520,1,1303.0,59.0,70.0,149.0,1,1,1.0
521,1,1299.0,60.0,72.0,149.0,1,1,1.0
522,1,1297.0,60.0,73.0,149.0,1,1,1.0
523,1,1295.0,57.0,69.0,152.0,1,1,1.0
524,1,1294.0,55.0,62.0,154.0,1,1,1.0
525,1,1293.0,54.0,57.0,155.0,1,1,1.0
526,1,1290.0,54.0,57.0,155.0,1,1,1.0
527,1,1285.0,54.0,55.0,155.0,1,1,1.0
528,1,1283.0,55.0,53.0,154.0,1,1,1.0
529,1,1279.0,57.0,53.0,152.0,1,1,1.0
530,1,1274.0,58.0,54.0,152.0,1,1,1.0
531,1,1271.0,57.0,54.0,155.0,1,1,1.0
532,1,1268.0,58.0,52.0,155.0,1,1,1.0
533,1,1264.0,57.0,52.0,156.0,1,1,1.0
534,1,1260.0,56.0,53.0,157.0,1,1,1.0
535,1,1256.0,55.0,55.0,158.0,1,1,1.0
536,1,1251.0,55.0,57.0,159.0,1,1,1.0
537,1,1246.0,54.0,59.0,161.0,1,1,1.0
538,1,1241.0,54.0,61.0,161.0,1,1,1.0
539,1,1237.0,56.0,64.0,157.0,1,1,1.0
540,1,1233.0,57.0,74.0,158.0,1,1,1.0
541,1,1229.0,58.0,81.0,161.0,1,1,1.0
542,1,1226.0,58.0,82.0,162.0,1,1,1.0
543,1,1220.0,57.0,84.0,164.0,1,1,1.0
544,1,1218.0,56.0,78.0,165.0,1,1,1.0
545,1,1217.0,55.0,73.0,166.0,1,1,1.0
546,1,1216.0,54.0,64.0,167.0,1,1,1.0
547,1,1213.0,54.0,60.0,167.0,1,1,1.0
548,1,1207.0,54.0,60.0,167.0,1,1,1.0
549,1,1197.0,55.0,65.0,167.0,1,1,1.0
550,1,1191.0,56.0,66.0,166.0,1,1,1.0
551,1,1190.0,57.0,65.0,167.0,1,1,1.0
552,1,1189.0,57.0,63.0,169.0,1,1,1.0
553,1,1189.0,56.0,61.0,170.0,1,1,1.0
554,1,1186.0,56.0,59.0,171.0,1,1,1.0
555,1,1180.0,55.0,58.0,172.0,1,1,1.0
556,1,1174.0,54.0,60.0,173.0,1,1,1.0
557,1,1168.0,54.0,63.0,173.0,1,1,1.0
558,1,1162.0,54.0,66.0,175.0,1,1,1.0
559,1,1157.0,55.0,71.0,175.0,1,1,1.0
560,1,1152.0,57.0,77.0,174.0,1,1,1.0
561,1,1147.0,58.0,81.0,175.0,1,1,1.0
562,1,1144.0,59.0,83.0,176.0,1,1,1.0
563,1,1142.0,58.0,83.0,177.0,1,1,1.0
564,1,1140.0,57.0,78.0,178.0,1,1,1.0
565,1,1139.0,56.0,72.0,179.0,1,1,1.0
566,1,1136.0,55.0,66.0,180.0,1,1,1.0
567,1,1133.0,54.0,61.0,181.0,1,1,1.0
568,1,1126.0,54.0,62.0,181.0,1,1,1.0
569,1,1115.0,54.0,67.0,180.0,1,1,1.0
570,1,1105.0,56.0,72.0,180.0,1,1,1.0
571,1,1099.0,57.0,75.0,180.0,1,1,1.0
572,1,1098.0,57.0,75.0,182.0,1,1,1.0
573,1,1097.0,57.0,74.0,183.0,1,1,1.0
574,1,1097.0,57.0,70.0,183.0,1,1,1.0
575,1,1094.0,56.0,66.0,184.0,1,1,1.0
576,1,1089.0,55.0,63.0,185.0,1,1,1.0
577,1,1084.0,55.0,64.0,185.0,1,1,1.0
578,1,1078.0,55.0,67.0,186.0,1,1,1.0
579,1,1072.0,56.0,70.0,187.0,1,1,1.0
580,1,1065.0,58.0,76.0,188.0,1,1,1.0
581,1,1059.0,59.0,83.0,190.0,1,1,1.0
582,1,1054.0,61.0,89.0,191.0,1,1,1.0
583,1,1051.0,62.0,90.0,193.0,1,1,1.0
584,1,1049.0,62.0,88.0,193.0,1,1,1.0
585,1,1048.0,61.0,82.0,194.0,1,1,1.0
586,1,1047.0,60.0,76.0,195.0,1,1,1.0
587,1,1045.0,59.0,69.0,196.0,1,1,1.0
588,1,1042.0,59.0,63.0,196.0,1,1,1.0
589,1,1039.0,59.0,59.0,196.0,1,1,1.0
590,1,1029.0,60.0,64.0,196.0,1,1,1.0
591,1,1017.0,62.0,75.0,196.0,1,1,1.0
592,1,1010.0,64.0,82.0,197.0,1,1,1.0
593,1,1007.0,65.0,82.0,200.0,1,1,1.0
594,1,1006.0,65.0,81.0,202.0,1,1,1.0
595,1,1005.0,65.0,77.0,202.0,1,1,1.0
596,1,1002.0,65.0,71.0,203.0,1,1,1.0
597,1,996.0,64.0,67.0,203.0,1,1,1.0
598,1,989.0,64.0,67.0,204.0,1,1,1.0
599,1,980.0,64.0,70.0,205.0,1,1,1.0
600,1,971.0,65.0,78.0,207.0,1,1,1.0
601,1,963.0,67.0,86.0,207.0,1,1,1.0
602,1,956.0,69.0,94.0,208.0,1,1,1.0
603,1,949.0,71.0,99.0,209.0,1,1,1.0
604,1,944.0,73.0,100.0,211.0,1,1,1.0
605,1,940.0,74.0,97.0,212.0,1,1,1.0
606,1,938.0,73.0,89.0,213.0,1,1,1.0
607,1,936.0,73.0,79.0,213.0,1,1,1.0
608,1,933.0,72.0,68.0,214.0,1,1,1.0
609,1,927.0,72.0,66.0,214.0,1,1,1.0
610,1,918.0,73.0,69.0,214.0,1,1,1.0
611,1,905.0,74.0,79.0,214.0,1,1,1.0
612,1,892.0,75.0,91.0,215.0,1,1,1.0
613,1,885.0,77.0,96.0,216.0,1,1,1.0
614,1,883.0,79.0,97.0,218.0,1,1,1.0
615,1,882.0,80.0,94.0,219.0,1,1,1.0
616,1,881.0,80.0,89.0,219.0,1,1,1.0
617,1,876.0,80.0,82.0,219.0,1,1,1.0
618,1,867.0,80.0,77.0,220.0,1,1,1.0
619,1,857.0,79.0,75.0,220.0,1,1,1.0
620,1,846.0,80.0,80.0,223.0,1,1,1.0
621,1,838.0,81.0,88.0,225.0,1,1,1.0
622,1,832.0,83.0,94.0,225.0,1,1,1.0
623,1,827.0,86.0,98.0,227.0,1,1,1.0
624,1,821.0,88.0,101.0,228.0,1,1,1.0
625,1,812.0,89.0,105.0,230.0,1,1,1.0
626,1,806.0,90.0,102.0,230.0,1,1,1.0
627,1,803.0,90.0,92.0,231.0,1,1,1.0
628,1,801.0,89.0,78.0,232.0,1,1,1.0
629,1,799.0,89.0,71.0,232.0,1,1,1.0
630,1,791.0,90.0,71.0,231.0,1,1,1.0
631,1,782.0,91.0,73.0,231.0,1,1,1.0
632,1,763.0,92.0,88.0,231.0,1,1,1.0
633,1,748.0,94.0,102.0,232.0,1,1,1.0
634,1,740.0,97.0,109.0,232.0,1,1,1.0
635,1,737.0,98.0,111.0,234.0,1,1,1.0
636,1,735.0,99.0,107.0,235.0,1,1,1.0
637,1,735.0,99.0,99.0,235.0,1,1,1.0
638,1,734.0,99.0,87.0,235.0,1,1,1.0
639,1,725.0,99.0,81.0,234.0,1,1,1.0
640,1,714.0,100.0,75.0,234.0,1,1,1.0
641,1,702.0,101.0,76.0,236.0,1,1,1.0
642,1,689.0,102.0,84.0,239.0,1,1,1.0
643,1,678.0,105.0,95.0,240.0,1,1,1.0
644,1,668.0,107.0,105.0,241.0,1,1,1.0
645,1,659.0,110.0,111.0,242.0,1,1,1.0
646,1,652.0,112.0,113.0,245.0,1,1,1.0
647,1,647.0,113.0,111.0,246.0,1,1,1.0
648,1,644.0,113.0,102.0,246.0,1,1,1.0
649,1,643.0,112.0,87.0,247.0,1,1,1.0
650,1,640.0,113.0,74.0,246.0,1,1,1.0
651,1,630.0,113.0,77.0,245.0,1,1,1.0
652,1,619.0,115.0,81.0,245.0,1,1,1.0
653,1,601.0,117.0,97.0,245.0,1,1,1.0
654,1,582.0,120.0,114.0,245.0,1,1,1.0
655,1,573.0,123.0,122.0,248.0,1,1,1.0
656,1,568.0,125.0,125.0,251.0,1,1,1.0
657,1,566.0,127.0,121.0,252.0,1,1,1.0
658,1,566.0,128.0,112.0,252.0,1,1,1.0
659,1,564.0,127.0,98.0,252.0,1,1,1.0
660,1,558.0,129.0,85.0,250.0,1,1,1.0
