1,1,1796.0,340.0,43.0,116.0,1,1,1.0
4,1,1791.0,344.0,39.0,112.0,1,1,1.0
5,1,1786.0,346.0,42.0,111.0,1,1,1.0
6,1,1781.0,347.0,44.0,109.0,1,1,1.0
7,1,1778.0,347.0,44.0,109.0,1,1,1.0
8,1,1775.0,348.0,45.0,109.0,1,1,1.0
9,1,1773.0,346.0,45.0,111.0,1,1,1.0
10,1,1771.0,345.0,44.0,112.0,1,1,1.0
11,1,1769.0,343.0,42.0,114.0,1,1,1.0
12,1,1767.0,342.0,40.0,116.0,1,1,1.0
13,1,1766.0,340.0,39.0,118.0,1,1,1.0
14,1,1764.0,338.0,38.0,119.0,1,1,1.0
15,1,1760.0,335.0,39.0,122.0,1,1,1.0
16,1,1751.0,334.0,45.0,123.0,1,1,1.0
17,1,1744.0,333.0,49.0,125.0,1,1,1.0
18,1,1738.0,332.0,53.0,126.0,1,1,1.0
19,1,1735.0,331.0,53.0,126.0,1,1,1.0
20,1,1734.0,332.0,52.0,126.0,1,1,1.0
21,1,1734.0,332.0,50.0,125.0,1,1,1.0
22,1,1733.0,332.0,47.0,125.0,1,1,1.0
23,1,1732.0,335.0,43.0,121.0,1,1,1.0
24,1,1729.0,337.0,41.0,119.0,1,1,1.0
25,1,1726.0,338.0,43.0,118.0,1,1,1.0
26,1,1721.0,340.0,44.0,118.0,1,1,1.0
27,1,1717.0,341.0,46.0,117.0,1,1,1.0
28,1,1714.0,341.0,46.0,117.0,1,1,1.0
29,1,1711.0,341.0,46.0,117.0,1,1,1.0
30,1,1708.0,342.0,47.0,118.0,1,1,1.0
31,1,1705.0,342.0,47.0,119.0,1,1,1.0
32,1,1703.0,342.0,47.0,119.0,1,1,1.0
33,1,1701.0,341.0,46.0,121.0,1,1,1.0
34,1,1699.0,341.0,45.0,121.0,1,1,1.0
35,1,1697.0,340.0,43.0,122.0,1,1,1.0
36,1,1695.0,339.0,42.0,123.0,1,1,1.0
37,1,1692.0,338.0,42.0,124.0,1,1,1.0
38,1,1687.0,336.0,44.0,125.0,1,1,1.0
39,1,1679.0,335.0,49.0,127.0,1,1,1.0
40,1,1672.0,333.0,54.0,129.0,1,1,1.0
41,1,1667.0,333.0,56.0,129.0,1,1,1.0
42,1,1664.0,332.0,56.0,130.0,1,1,1.0
43,1,1663.0,332.0,54.0,130.0,1,1,1.0
44,1,1663.0,332.0,52.0,130.0,1,1,1.0
45,1,1662.0,331.0,48.0,131.0,1,1,1.0
46,1,1660.0,330.0,46.0,132.0,1,1,1.0
47,1,1655.0,330.0,48.0,133.0,1,1,1.0
48,1,1650.0,330.0,50.0,133.0,1,1,1.0
49,1,1647.0,330.0,50.0,135.0,1,1,1.0
50,1,1645.0,330.0,49.0,136.0,1,1,1.0
51,1,1642.0,330.0,50.0,136.0,1,1,1.0
52,1,1639.0,330.0,51.0,136.0,1,1,1.0
53,1,1635.0,331.0,52.0,137.0,1,1,1.0
54,1,1633.0,332.0,50.0,137.0,1,1,1.0
55,1,1631.0,334.0,49.0,136.0,1,1,1.0
56,1,1628.0,336.0,50.0,133.0,1,1,1.0
57,1,1626.0,339.0,49.0,131.0,1,1,1.0
58,1,1624.0,342.0,47.0,128.0,1,1,1.0
59,1,1622.0,345.0,46.0,125.0,1,1,1.0
60,1,1619.0,345.0,46.0,124.0,1,1,1.0
61,1,1614.0,346.0,48.0,124.0,1,1,1.0
62,1,1604.0,346.0,55.0,124.0,1,1,1.0
63,1,1597.0,347.0,59.0,124.0,1,1,1.0
64,1,1592.0,349.0,61.0,122.0,1,1,1.0
65,1,1590.0,350.0,61.0,121.0,1,1,1.0
66,1,1588.0,351.0,60.0,120.0,1,1,1.0
67,1,1587.0,352.0,58.0,120.0,1,1,1.0
68,1,1585.0,352.0,56.0,120.0,1,1,1.0
69,1,1581.0,350.0,53.0,121.0,1,1,1.0
70,1,1576.0,349.0,53.0,122.0,1,1,1.0
71,1,1571.0,347.0,54.0,125.0,1,1,1.0
72,1,1566.0,345.0,55.0,130.0,1,1,1.0
73,1,1565.0,343.0,54.0,133.0,1,1,1.0
74,1,1560.0,343.0,54.0,134.0,1,1,1.0
75,1,1555.0,342.0,55.0,135.0,1,1,1.0
76,1,1552.0,342.0,55.0,136.0,1,1,1.0
77,1,1549.0,342.0,55.0,137.0,1,1,1.0
78,1,1547.0,342.0,54.0,137.0,1,1,1.0
79,1,1541.0,341.0,54.0,138.0,1,1,1.0
80,1,1536.0,342.0,53.0,138.0,1,1,1.0
81,1,1532.0,341.0,53.0,138.0,1,1,1.0
82,1,1528.0,341.0,52.0,138.0,1,1,1.0
83,1,1524.0,342.0,52.0,138.0,1,1,1.0
84,1,1513.0,341.0,59.0,138.0,1,1,1.0
85,1,1501.0,342.0,69.0,138.0,1,1,1.0
86,1,1494.0,341.0,74.0,138.0,1,1,1.0
87,1,1490.0,341.0,77.0,138.0,1,1,1.0
88,1,1488.0,342.0,77.0,138.0,1,1,1.0
89,1,1487.0,341.0,74.0,139.0,1,1,1.0
90,1,1487.0,340.0,68.0,139.0,1,1,1.0
91,1,1485.0,340.0,60.0,139.0,1,1,1.0
92,1,1481.0,339.0,54.0,139.0,1,1,1.0
93,1,1475.0,338.0,54.0,140.0,1,1,1.0
95,1,1465.0,338.0,54.0,141.0,1,1,1.0
96,1,1453.0,339.0,61.0,141.0,1,1,1.0
97,1,1446.0,340.0,66.0,139.0,1,1,1.0
98,1,1441.0,341.0,70.0,140.0,1,1,1.0
99,1,1437.0,341.0,71.0,141.0,1,1,1.0
100,1,1436.0,341.0,70.0,140.0,1,1,1.0
101,1,1434.0,340.0,66.0,142.0,1,1,1.0
102,1,1431.0,340.0,60.0,142.0,1,1,1.0
103,1,1429.0,340.0,52.0,141.0,1,1,1.0
104,1,1425.0,340.0,48.0,142.0,1,1,1.0
105,1,1419.0,339.0,49.0,143.0,1,1,1.0
106,1,1409.0,339.0,56.0,143.0,1,1,1.0
107,1,1396.0,338.0,66.0,143.0,1,1,1.0
108,1,1382.0,339.0,78.0,143.0,1,1,1.0
109,1,1375.0,339.0,84.0,142.0,1,1,1.0
110,1,1372.0,340.0,85.0,142.0,1,1,1.0
111,1,1370.0,341.0,83.0,141.0,1,1,1.0
112,1,1369.0,341.0,78.0,140.0,1,1,1.0
113,1,1369.0,341.0,69.0,140.0,1,1,1.0
114,1,1366.0,341.0,60.0,140.0,1,1,1.0
115,1,1361.0,340.0,53.0,140.0,1,1,1.0
116,1,1356.0,340.0,51.0,141.0,1,1,1.0
117,1,1349.0,339.0,53.0,142.0,1,1,1.0
118,1,1335.0,340.0,62.0,142.0,1,1,1.0
119,1,1324.0,341.0,70.0,141.0,1,1,1.0
120,1,1316.0,343.0,77.0,139.0,1,1,1.0
121,1,1312.0,345.0,80.0,138.0,1,1,1.0
122,1,1309.0,346.0,80.0,138.0,1,1,1.0
123,1,1308.0,346.0,76.0,138.0,1,1,1.0
124,1,1306.0,345.0,69.0,139.0,1,1,1.0
125,1,1304.0,344.0,60.0,140.0,1,1,1.0
126,1,1302.0,342.0,50.0,142.0,1,1,1.0
127,1,1295.0,341.0,49.0,142.0,1,1,1.0
128,1,1286.0,340.0,51.0,144.0,1,1,1.0
129,1,1270.0,339.0,65.0,144.0,1,1,1.0
130,1,1256.0,339.0,78.0,145.0,1,1,1.0
131,1,1247.0,338.0,85.0,145.0,1,1,1.0
132,1,1242.0,338.0,89.0,145.0,1,1,1.0
133,1,1240.0,338.0,89.0,146.0,1,1,1.0
134,1,1239.0,338.0,84.0,145.0,1,1,1.0
135,1,1238.0,339.0,77.0,144.0,1,1,1.0
136,1,1233.0,339.0,71.0,143.0,1,1,1.0
137,1,1228.0,338.0,64.0,144.0,1,1,1.0
138,1,1221.0,338.0,60.0,145.0,1,1,1.0
139,1,1216.0,338.0,58.0,145.0,1,1,1.0
140,1,1207.0,340.0,63.0,144.0,1,1,1.0
141,1,1196.0,341.0,71.0,143.0,1,1,1.0
142,1,1188.0,343.0,78.0,142.0,1,1,1.0
143,1,1183.0,345.0,81.0,142.0,1,1,1.0
144,1,1180.0,344.0,83.0,144.0,1,1,1.0
145,1,1175.0,344.0,84.0,145.0,1,1,1.0
146,1,1174.0,343.0,77.0,147.0,1,1,1.0
147,1,1172.0,341.0,68.0,148.0,1,1,1.0
148,1,1172.0,339.0,54.0,150.0,1,1,1.0
149,1,1167.0,336.0,49.0,154.0,1,1,1.0
150,1,1160.0,333.0,50.0,157.0,1,1,1.0
151,1,1147.0,331.0,60.0,158.0,1,1,1.0
152,1,1131.0,330.0,75.0,160.0,1,1,1.0
153,1,1120.0,330.0,85.0,160.0,1,1,1.0
154,1,1113.0,331.0,91.0,159.0,1,1,1.0
155,1,1109.0,334.0,93.0,157.0,1,1,1.0
156,1,1108.0,336.0,90.0,155.0,1,1,1.0
157,1,1107.0,338.0,84.0,153.0,1,1,1.0
158,1,1101.0,339.0,79.0,152.0,1,1,1.0
159,1,1096.0,339.0,72.0,152.0,1,1,1.0
160,1,1094.0,339.0,59.0,152.0,1,1,1.0
161,1,1096.0,338.0,49.0,154.0,1,1,1.0
162,1,1085.0,339.0,54.0,154.0,1,1,1.0
163,1,1069.0,340.0,68.0,154.0,1,1,1.0
164,1,1056.0,341.0,80.0,154.0,1,1,1.0
165,1,1049.0,343.0,86.0,153.0,1,1,1.0
166,1,1045.0,344.0,88.0,153.0,1,1,1.0
167,1,1043.0,346.0,87.0,152.0,1,1,1.0
168,1,1041.0,345.0,83.0,153.0,1,1,1.0
169,1,1038.0,345.0,76.0,153.0,1,1,1.0
170,1,1034.0,344.0,68.0,154.0,1,1,1.0
171,1,1032.0,342.0,55.0,156.0,1,1,1.0
172,1,1028.0,341.0,50.0,157.0,1,1,1.0
173,1,1020.0,335.0,55.0,163.0,1,1,1.0
174,1,1004.0,334.0,68.0,164.0,1,1,1.0
175,1,989.0,335.0,82.0,164.0,1,1,1.0
176,1,980.0,337.0,90.0,162.0,1,1,1.0
177,1,975.0,339.0,94.0,161.0,1,1,1.0
178,1,974.0,342.0,93.0,158.0,1,1,1.0
179,1,973.0,344.0,89.0,157.0,1,1,1.0
180,1,973.0,345.0,80.0,156.0,1,1,1.0
181,1,973.0,345.0,69.0,156.0,1,1,1.0
182,1,969.0,344.0,59.0,157.0,1,1,1.0
183,1,959.0,343.0,55.0,158.0,1,1,1.0
184,1,948.0,343.0,57.0,160.0,1,1,1.0
185,1,936.0,344.0,66.0,160.0,1,1,1.0
186,1,924.0,344.0,76.0,161.0,1,1,1.0
187,1,914.0,346.0,86.0,160.0,1,1,1.0
188,1,908.0,348.0,91.0,158.0,1,1,1.0
189,1,905.0,349.0,92.0,159.0,1,1,1.0
190,1,904.0,350.0,89.0,158.0,1,1,1.0
191,1,902.0,349.0,83.0,160.0,1,1,1.0
192,1,900.0,349.0,73.0,160.0,1,1,1.0
193,1,897.0,348.0,62.0,161.0,1,1,1.0
194,1,891.0,345.0,56.0,164.0,1,1,1.0
195,1,884.0,344.0,54.0,165.0,1,1,1.0
196,1,875.0,343.0,59.0,166.0,1,1,1.0
197,1,861.0,343.0,72.0,166.0,1,1,1.0
199,1,843.0,346.0,88.0,165.0,1,1,1.0
200,1,838.0,349.0,92.0,164.0,1,1,1.0
201,1,834.0,351.0,91.0,163.0,1,1,1.0
202,1,832.0,352.0,86.0,162.0,1,1,1.0
203,1,829.0,352.0,78.0,162.0,1,1,1.0
204,1,824.0,352.0,69.0,163.0,1,1,1.0
205,1,817.0,351.0,59.0,163.0,1,1,1.0
206,1,811.0,351.0,53.0,164.0,1,1,1.0
207,1,801.0,351.0,60.0,166.0,1,1,1.0
208,1,786.0,352.0,73.0,166.0,1,1,1.0
209,1,771.0,353.0,87.0,165.0,1,1,1.0
210,1,761.0,354.0,96.0,165.0,1,1,1.0
211,1,756.0,355.0,100.0,164.0,1,1,1.0
212,1,752.0,356.0,100.0,164.0,1,1,1.0
213,1,749.0,355.0,93.0,166.0,1,1,1.0
214,1,748.0,354.0,82.0,167.0,1,1,1.0
215,1,746.0,352.0,70.0,169.0,1,1,1.0
216,1,740.0,350.0,58.0,171.0,1,1,1.0
217,1,735.0,349.0,55.0,172.0,1,1,1.0
218,1,726.0,349.0,60.0,172.0,1,1,1.0
219,1,710.0,349.0,74.0,171.0,1,1,1.0
220,1,696.0,351.0,87.0,170.0,1,1,1.0
221,1,688.0,353.0,95.0,168.0,1,1,1.0
222,1,684.0,358.0,96.0,164.0,1,1,1.0
223,1,682.0,361.0,94.0,161.0,1,1,1.0
224,1,681.0,363.0,88.0,159.0,1,1,1.0
225,1,678.0,364.0,80.0,158.0,1,1,1.0
226,1,672.0,363.0,72.0,159.0,1,1,1.0
227,1,666.0,362.0,62.0,160.0,1,1,1.0
228,1,659.0,361.0,57.0,163.0,1,1,1.0
229,1,652.0,360.0,59.0,166.0,1,1,1.0
230,1,640.0,358.0,70.0,168.0,1,1,1.0
231,1,624.0,358.0,85.0,169.0,1,1,1.0
232,1,614.0,360.0,95.0,168.0,1,1,1.0
233,1,609.0,363.0,99.0,167.0,1,1,1.0
234,1,606.0,365.0,98.0,166.0,1,1,1.0
235,1,605.0,364.0,91.0,167.0,1,1,1.0
236,1,603.0,364.0,81.0,167.0,1,1,1.0
237,1,597.0,363.0,73.0,168.0,1,1,1.0
238,1,591.0,361.0,63.0,170.0,1,1,1.0
239,1,586.0,358.0,57.0,173.0,1,1,1.0
240,1,578.0,358.0,60.0,173.0,1,1,1.0
241,1,564.0,359.0,72.0,172.0,1,1,1.0
242,1,551.0,362.0,84.0,170.0,1,1,1.0
243,1,542.0,363.0,92.0,169.0,1,1,1.0
244,1,540.0,365.0,93.0,167.0,1,1,1.0
245,1,537.0,367.0,92.0,166.0,1,1,1.0
246,1,533.0,366.0,88.0,167.0,1,1,1.0
247,1,528.0,367.0,82.0,166.0,1,1,1.0
248,1,521.0,365.0,75.0,168.0,1,1,1.0
249,1,516.0,367.0,64.0,166.0,1,1,1.0
250,1,510.0,367.0,59.0,168.0,1,1,1.0
251,1,504.0,368.0,61.0,168.0,1,1,1.0
252,1,492.0,368.0,72.0,170.0,1,1,1.0
253,1,478.0,371.0,85.0,167.0,1,1,1.0
254,1,468.0,373.0,94.0,166.0,1,1,1.0
255,1,463.0,375.0,98.0,165.0,1,1,1.0
256,1,460.0,377.0,98.0,164.0,1,1,1.0
257,1,459.0,377.0,92.0,164.0,1,1,1.0
258,1,458.0,376.0,83.0,165.0,1,1,1.0
259,1,452.0,375.0,76.0,166.0,1,1,1.0
260,1,446.0,374.0,66.0,167.0,1,1,1.0
261,1,439.0,373.0,59.0,168.0,1,1,1.0
262,1,430.0,373.0,63.0,168.0,1,1,1.0
263,1,423.0,373.0,68.0,167.0,1,1,1.0
264,1,415.0,373.0,76.0,168.0,1,1,1.0
265,1,407.0,372.0,83.0,169.0,1,1,1.0
266,1,402.0,372.0,87.0,169.0,1,1,1.0
267,1,399.0,372.0,87.0,169.0,1,1,1.0
268,1,395.0,370.0,85.0,171.0,1,1,1.0
269,1,391.0,368.0,81.0,173.0,1,1,1.0
270,1,386.0,366.0,74.0,174.0,1,1,1.0
271,1,382.0,365.0,66.0,175.0,1,1,1.0
272,1,377.0,364.0,58.0,177.0,1,1,1.0
273,1,372.0,363.0,58.0,179.0,1,1,1.0
274,1,366.0,364.0,62.0,180.0,1,1,1.0
275,1,354.0,365.0,73.0,179.0,1,1,1.0
276,1,343.0,366.0,84.0,178.0,1,1,1.0
277,1,337.0,368.0,89.0,177.0,1,1,1.0
278,1,334.0,368.0,90.0,178.0,1,1,1.0
279,1,332.0,368.0,88.0,178.0,1,1,1.0
280,1,329.0,368.0,84.0,179.0,1,1,1.0
281,1,325.0,368.0,76.0,179.0,1,1,1.0
282,1,318.0,367.0,69.0,180.0,1,1,1.0
283,1,312.0,366.0,61.0,181.0,1,1,1.0
284,1,306.0,368.0,59.0,179.0,1,1,1.0
285,1,300.0,370.0,61.0,177.0,1,1,1.0
286,1,294.0,371.0,66.0,176.0,1,1,1.0
287,1,287.0,372.0,72.0,175.0,1,1,1.0
288,1,283.0,373.0,75.0,174.0,1,1,1.0
289,1,279.0,374.0,78.0,173.0,1,1,1.0
290,1,276.0,374.0,78.0,172.0,1,1,1.0
291,1,271.0,373.0,74.0,173.0,1,1,1.0
292,1,267.0,372.0,69.0,172.0,1,1,1.0
293,1,263.0,372.0,61.0,172.0,1,1,1.0
294,1,259.0,371.0,54.0,173.0,1,1,1.0
295,1,255.0,372.0,53.0,173.0,1,1,1.0
296,1,250.0,372.0,56.0,175.0,1,1,1.0
297,1,241.0,374.0,64.0,173.0,1,1,1.0
298,1,231.0,377.0,74.0,170.0,1,1,1.0
299,1,226.0,382.0,78.0,164.0,1,1,1.0
300,1,221.0,382.0,81.0,166.0,1,1,1.0
301,1,219.0,386.0,81.0,163.0,1,1,1.0
302,1,216.0,385.0,78.0,164.0,1,1,1.0
303,1,210.0,386.0,74.0,163.0,1,1,1.0
304,1,203.0,385.0,70.0,164.0,1,1,1.0
305,1,198.0,384.0,63.0,165.0,1,1,1.0
306,1,193.0,384.0,57.0,165.0,1,1,1.0
307,1,189.0,385.0,58.0,164.0,1,1,1.0
308,1,184.0,386.0,61.0,163.0,1,1,1.0
309,1,178.0,386.0,66.0,163.0,1,1,1.0
310,1,172.0,387.0,72.0,163.0,1,1,1.0
311,1,168.0,388.0,75.0,162.0,1,1,1.0
312,1,163.0,390.0,76.0,160.0,1,1,1.0
313,1,160.0,391.0,75.0,159.0,1,1,1.0
314,1,155.0,391.0,72.0,159.0,1,1,1.0
315,1,150.0,391.0,66.0,159.0,1,1,1.0
316,1,146.0,391.0,58.0,159.0,1,1,1.0
317,1,142.0,392.0,52.0,158.0,1,1,1.0
318,1,139.0,391.0,53.0,162.0,1,1,1.0
319,1,134.0,392.0,56.0,162.0,1,1,1.0
320,1,124.0,394.0,66.0,160.0,1,1,1.0
321,1,117.0,396.0,72.0,159.0,1,1,1.0
322,1,113.0,397.0,75.0,158.0,1,1,1.0
323,1,110.0,398.0,76.0,160.0,1,1,1.0
324,1,107.0,399.0,77.0,160.0,1,1,1.0
325,1,101.0,399.0,77.0,160.0,1,1,1.0
326,1,96.0,399.0,72.0,160.0,1,1,1.0
327,1,91.0,398.0,67.0,161.0,1,1,1.0
328,1,86.0,399.0,61.0,160.0,1,1,1.0
329,1,82.0,398.0,55.0,161.0,1,1,1.0
330,1,79.0,398.0,55.0,161.0,1,1,1.0
331,1,76.0,398.0,57.0,161.0,1,1,1.0
332,1,73.0,400.0,61.0,159.0,1,1,1.0
333,1,70.0,401.0,64.0,159.0,1,1,1.0
334,1,67.0,402.0,65.0,158.0,1,1,1.0
335,1,64.0,404.0,66.0,157.0,1,1,1.0
336,1,61.0,405.0,65.0,156.0,1,1,1.0
337,1,56.0,402.0,63.0,159.0,1,1,1.0
338,1,51.0,404.0,60.0,156.0,1,1,1.0
339,1,44.0,404.0,56.0,157.0,1,1,1.0
340,1,45.0,404.0,46.0,157.0,1,1,1.0
341,1,42.0,405.0,46.0,158.0,1,1,1.0
342,1,38.0,408.0,49.0,157.0,1,1,1.0
343,1,33.0,408.0,53.0,157.0,1,1,1.0
344,1,24.0,409.0,62.0,157.0,1,1,1.0
345,1,20.0,410.0,66.0,157.0,1,1,1.0
347,1,14.0,409.0,68.0,160.0,1,1,1.0
348,1,10.0,412.0,69.0,158.0,1,1,1.0
349,1,5.0,412.0,70.0,158.0,1,1,1.0
350,1,0.0,410.0,67.0,160.0,1,1,1.0
351,1,0.0,403.0,60.0,167.0,1,1,1.0
352,1,0.0,408.0,52.0,162.0,1,1,1.0
353,1,0.0,404.0,44.0,166.0,1,1,1.0
354,1,0.0,401.0,43.0,169.0,1,1,1.0
355,1,0.0,398.0,43.0,172.0,1,1,1.0
356,1,0.0,399.0,43.0,170.0,1,1,1.0
357,1,0.0,404.0,42.0,165.0,1,1,1.0
358,1,0.0,412.0,40.0,158.0,1,1,1.0
359,1,0.0,401.0,38.0,168.0,1,1,1.0
360,1,0.0,393.0,37.0,175.0,1,1,1.0
365,1,0.0,388.0,40.0,177.0,1,1,1.0
366,1,0.0,391.0,43.0,174.0,1,1,1.0
367,1,0.0,390.0,44.0,174.0,1,1,1.0
384,1,0.0,407.0,36.0,144.0,1,1,1.0
385,1,0.0,405.0,36.0,145.0,1,1,1.0
386,1,0.0,405.0,36.0,145.0,1,1,1.0
387,1,0.0,404.0,36.0,145.0,1,1,1.0
388,1,0.0,403.0,38.0,147.0,1,1,1.0
389,1,1.0,402.0,41.0,147.0,1,1,1.0
390,1,2.0,401.0,45.0,148.0,1,1,1.0
391,1,6.0,400.0,44.0,148.0,1,1,1.0
392,1,4.0,399.0,50.0,150.0,1,1,1.0
393,1,5.0,398.0,59.0,150.0,1,1,1.0
394,1,11.0,400.0,62.0,149.0,1,1,1.0
395,1,14.0,400.0,64.0,148.0,1,1,1.0
396,1,17.0,401.0,64.0,147.0,1,1,1.0
397,1,20.0,400.0,62.0,146.0,1,1,1.0
398,1,22.0,399.0,60.0,142.0,1,1,1.0
399,1,30.0,399.0,53.0,142.0,1,1,1.0
400,1,37.0,398.0,45.0,141.0,1,1,1.0
401,1,43.0,397.0,43.0,138.0,1,1,1.0
402,1,47.0,396.0,42.0,140.0,1,1,1.0
403,1,52.0,394.0,45.0,141.0,1,1,1.0
404,1,56.0,395.0,54.0,141.0,1,1,1.0
405,1,59.0,395.0,62.0,140.0,1,1,1.0
406,1,61.0,394.0,67.0,140.0,1,1,1.0
407,1,63.0,394.0,70.0,140.0,1,1,1.0
408,1,66.0,393.0,70.0,141.0,1,1,1.0
409,1,70.0,391.0,66.0,142.0,1,1,1.0
410,1,77.0,388.0,60.0,142.0,1,1,1.0
411,1,85.0,385.0,52.0,144.0,1,1,1.0
412,1,92.0,384.0,44.0,144.0,1,1,1.0
413,1,97.0,382.0,40.0,147.0,1,1,1.0
414,1,102.0,381.0,42.0,147.0,1,1,1.0
415,1,105.0,381.0,52.0,147.0,1,1,1.0
416,1,110.0,382.0,59.0,147.0,1,1,1.0
417,1,112.0,382.0,66.0,146.0,1,1,1.0
418,1,113.0,382.0,71.0,146.0,1,1,1.0
419,1,115.0,381.0,71.0,146.0,1,1,1.0
420,1,119.0,381.0,68.0,145.0,1,1,1.0
421,1,124.0,380.0,62.0,144.0,1,1,1.0
422,1,133.0,380.0,52.0,141.0,1,1,1.0
423,1,140.0,378.0,44.0,140.0,1,1,1.0
424,1,146.0,377.0,42.0,141.0,1,1,1.0
425,1,149.0,376.0,45.0,141.0,1,1,1.0
426,1,154.0,375.0,53.0,141.0,1,1,1.0
427,1,158.0,375.0,63.0,140.0,1,1,1.0
428,1,161.0,374.0,70.0,141.0,1,1,1.0
429,1,164.0,375.0,72.0,141.0,1,1,1.0
430,1,166.0,376.0,74.0,140.0,1,1,1.0
431,1,169.0,375.0,72.0,140.0,1,1,1.0
432,1,174.0,374.0,68.0,139.0,1,1,1.0
433,1,182.0,373.0,60.0,138.0,1,1,1.0
434,1,190.0,372.0,50.0,137.0,1,1,1.0
435,1,196.0,369.0,45.0,139.0,1,1,1.0
436,1,199.0,368.0,49.0,140.0,1,1,1.0
437,1,206.0,368.0,50.0,141.0,1,1,1.0
438,1,211.0,368.0,58.0,140.0,1,1,1.0
439,1,214.0,368.0,65.0,140.0,1,1,1.0
440,1,216.0,367.0,70.0,141.0,1,1,1.0
441,1,218.0,366.0,72.0,142.0,1,1,1.0
442,1,221.0,366.0,70.0,141.0,1,1,1.0
443,1,226.0,365.0,65.0,141.0,1,1,1.0
444,1,233.0,363.0,58.0,140.0,1,1,1.0
445,1,243.0,362.0,47.0,139.0,1,1,1.0
446,1,250.0,360.0,44.0,138.0,1,1,1.0
447,1,255.0,359.0,45.0,138.0,1,1,1.0
448,1,259.0,357.0,51.0,139.0,1,1,1.0
449,1,263.0,357.0,62.0,139.0,1,1,1.0
450,1,266.0,356.0,70.0,140.0,1,1,1.0
451,1,268.0,356.0,75.0,139.0,1,1,1.0
452,1,271.0,355.0,77.0,140.0,1,1,1.0
453,1,274.0,355.0,74.0,140.0,1,1,1.0
454,1,278.0,354.0,70.0,140.0,1,1,1.0
455,1,286.0,353.0,62.0,139.0,1,1,1.0
456,1,296.0,352.0,52.0,139.0,1,1,1.0
457,1,301.0,350.0,47.0,140.0,1,1,1.0
458,1,307.0,349.0,45.0,141.0,1,1,1.0
459,1,311.0,349.0,49.0,140.0,1,1,1.0
460,1,317.0,350.0,56.0,139.0,1,1,1.0
461,1,321.0,351.0,64.0,139.0,1,1,1.0
462,1,324.0,351.0,68.0,138.0,1,1,1.0
463,1,326.0,350.0,71.0,138.0,1,1,1.0
464,1,328.0,350.0,71.0,138.0,1,1,1.0
465,1,332.0,349.0,68.0,139.0,1,1,1.0
466,1,338.0,347.0,61.0,138.0,1,1,1.0
467,1,347.0,345.0,52.0,137.0,1,1,1.0
468,1,353.0,342.0,46.0,136.0,1,1,1.0
469,1,359.0,341.0,45.0,137.0,1,1,1.0
470,1,363.0,340.0,48.0,137.0,1,1,1.0
471,1,367.0,339.0,56.0,138.0,1,1,1.0
472,1,371.0,340.0,65.0,138.0,1,1,1.0
473,1,374.0,339.0,71.0,138.0,1,1,1.0
474,1,376.0,339.0,74.0,138.0,1,1,1.0
475,1,378.0,337.0,74.0,139.0,1,1,1.0
476,1,381.0,336.0,71.0,139.0,1,1,1.0
477,1,386.0,334.0,66.0,139.0,1,1,1.0
478,1,394.0,332.0,57.0,139.0,1,1,1.0
479,1,403.0,331.0,48.0,139.0,1,1,1.0
480,1,409.0,330.0,45.0,139.0,1,1,1.0
481,1,414.0,330.0,48.0,139.0,1,1,1.0
482,1,419.0,331.0,49.0,137.0,1,1,1.0
483,1,423.0,331.0,54.0,138.0,1,1,1.0
484,1,427.0,331.0,59.0,138.0,1,1,1.0
485,1,429.0,332.0,63.0,136.0,1,1,1.0
486,1,430.0,331.0,65.0,137.0,1,1,1.0
487,1,432.0,330.0,64.0,138.0,1,1,1.0
488,1,437.0,329.0,60.0,138.0,1,1,1.0
489,1,444.0,328.0,54.0,137.0,1,1,1.0
490,1,452.0,327.0,47.0,135.0,1,1,1.0
491,1,459.0,325.0,43.0,134.0,1,1,1.0
492,1,463.0,324.0,45.0,134.0,1,1,1.0
493,1,468.0,323.0,47.0,135.0,1,1,1.0
494,1,470.0,322.0,56.0,136.0,1,1,1.0
495,1,473.0,321.0,63.0,136.0,1,1,1.0
496,1,475.0,320.0,66.0,137.0,1,1,1.0
497,1,476.0,320.0,67.0,138.0,1,1,1.0
498,1,479.0,319.0,65.0,139.0,1,1,1.0
499,1,483.0,319.0,61.0,138.0,1,1,1.0
500,1,489.0,318.0,56.0,135.0,1,1,1.0
501,1,497.0,317.0,49.0,135.0,1,1,1.0
502,1,506.0,316.0,43.0,135.0,1,1,1.0
503,1,512.0,316.0,44.0,134.0,1,1,1.0
504,1,516.0,316.0,46.0,134.0,1,1,1.0
505,1,520.0,317.0,48.0,133.0,1,1,1.0
506,1,524.0,317.0,52.0,133.0,1,1,1.0
507,1,526.0,317.0,57.0,133.0,1,1,1.0
508,1,527.0,317.0,60.0,132.0,1,1,1.0
509,1,530.0,316.0,61.0,132.0,1,1,1.0
510,1,533.0,316.0,59.0,129.0,1,1,1.0
511,1,538.0,316.0,55.0,128.0,1,1,1.0
512,1,544.0,315.0,49.0,128.0,1,1,1.0
513,1,551.0,315.0,42.0,128.0,1,1,1.0
514,1,558.0,314.0,40.0,128.0,1,1,1.0
515,1,561.0,314.0,41.0,127.0,1,1,1.0
516,1,565.0,314.0,45.0,127.0,1,1,1.0
517,1,568.0,314.0,54.0,127.0,1,1,1.0
518,1,570.0,314.0,61.0,126.0,1,1,1.0
519,1,571.0,314.0,66.0,126.0,1,1,1.0
520,1,572.0,313.0,66.0,126.0,1,1,1.0
521,1,575.0,311.0,64.0,129.0,1,1,1.0
522,1,579.0,309.0,60.0,130.0,1,1,1.0
523,1,585.0,308.0,54.0,129.0,1,1,1.0
524,1,594.0,307.0,44.0,129.0,1,1,1.0
525,1,601.0,306.0,39.0,130.0,1,1,1.0
526,1,607.0,306.0,37.0,130.0,1,1,1.0
527,1,612.0,307.0,39.0,129.0,1,1,1.0
528,1,614.0,308.0,46.0,128.0,1,1,1.0
529,1,615.0,309.0,55.0,126.0,1,1,1.0
530,1,616.0,310.0,62.0,126.0,1,1,1.0
531,1,617.0,311.0,65.0,124.0,1,1,1.0
532,1,618.0,312.0,66.0,124.0,1,1,1.0
533,1,622.0,313.0,62.0,123.0,1,1,1.0
534,1,628.0,313.0,57.0,121.0,1,1,1.0
535,1,636.0,314.0,48.0,118.0,1,1,1.0
536,1,645.0,313.0,42.0,117.0,1,1,1.0
537,1,652.0,313.0,41.0,117.0,1,1,1.0
538,1,656.0,314.0,41.0,116.0,1,1,1.0
539,1,659.0,314.0,47.0,116.0,1,1,1.0
540,1,660.0,314.0,56.0,116.0,1,1,1.0
541,1,662.0,312.0,62.0,118.0,1,1,1.0
542,1,664.0,309.0,66.0,120.0,1,1,1.0
543,1,666.0,308.0,66.0,122.0,1,1,1.0
544,1,670.0,306.0,63.0,124.0,1,1,1.0
545,1,676.0,306.0,58.0,125.0,1,1,1.0
546,1,683.0,306.0,51.0,124.0,1,1,1.0
547,1,693.0,305.0,44.0,126.0,1,1,1.0
548,1,700.0,305.0,40.0,125.0,1,1,1.0
549,1,705.0,305.0,39.0,124.0,1,1,1.0
550,1,709.0,304.0,44.0,125.0,1,1,1.0
551,1,711.0,305.0,54.0,125.0,1,1,1.0
552,1,712.0,305.0,62.0,125.0,1,1,1.0
553,1,713.0,306.0,67.0,125.0,1,1,1.0
554,1,715.0,305.0,69.0,126.0,1,1,1.0
555,1,717.0,305.0,68.0,126.0,1,1,1.0
556,1,722.0,305.0,63.0,127.0,1,1,1.0
557,1,729.0,305.0,59.0,127.0,1,1,1.0
558,1,739.0,306.0,53.0,126.0,1,1,1.0
559,1,746.0,306.0,44.0,125.0,1,1,1.0
560,1,748.0,306.0,52.0,125.0,1,1,1.0
561,1,750.0,308.0,52.0,124.0,1,1,1.0
562,1,750.0,309.0,58.0,123.0,1,1,1.0
563,1,751.0,310.0,65.0,123.0,1,1,1.0
564,1,754.0,313.0,66.0,121.0,1,1,1.0
565,1,758.0,313.0,65.0,122.0,1,1,1.0
566,1,763.0,313.0,62.0,123.0,1,1,1.0
567,1,770.0,313.0,57.0,123.0,1,1,1.0
568,1,778.0,312.0,52.0,125.0,1,1,1.0
569,1,786.0,311.0,47.0,126.0,1,1,1.0
570,1,791.0,311.0,45.0,125.0,1,1,1.0
571,1,795.0,310.0,45.0,126.0,1,1,1.0
572,1,798.0,310.0,48.0,126.0,1,1,1.0
573,1,801.0,310.0,52.0,126.0,1,1,1.0
574,1,804.0,311.0,59.0,126.0,1,1,1.0
575,1,807.0,311.0,61.0,126.0,1,1,1.0
576,1,808.0,312.0,63.0,127.0,1,1,1.0
577,1,811.0,313.0,62.0,127.0,1,1,1.0
578,1,814.0,312.0,60.0,129.0,1,1,1.0
579,1,819.0,312.0,56.0,130.0,1,1,1.0
580,1,826.0,312.0,49.0,130.0,1,1,1.0
581,1,833.0,310.0,44.0,131.0,1,1,1.0
582,1,836.0,311.0,44.0,131.0,1,1,1.0
583,1,837.0,311.0,47.0,133.0,1,1,1.0
584,1,837.0,311.0,50.0,134.0,1,1,1.0
585,1,837.0,313.0,56.0,133.0,1,1,1.0
586,1,837.0,317.0,60.0,129.0,1,1,1.0
587,1,838.0,317.0,63.0,131.0,1,1,1.0
588,1,841.0,319.0,61.0,131.0,1,1,1.0
589,1,846.0,320.0,59.0,130.0,1,1,1.0
590,1,852.0,319.0,56.0,131.0,1,1,1.0
591,1,860.0,318.0,50.0,132.0,1,1,1.0
592,1,867.0,318.0,46.0,132.0,1,1,1.0
593,1,873.0,317.0,45.0,133.0,1,1,1.0
594,1,877.0,315.0,45.0,136.0,1,1,1.0
595,1,880.0,315.0,50.0,136.0,1,1,1.0
596,1,883.0,315.0,57.0,136.0,1,1,1.0
597,1,885.0,316.0,62.0,136.0,1,1,1.0
598,1,886.0,317.0,64.0,137.0,1,1,1.0
599,1,888.0,317.0,66.0,139.0,1,1,1.0
600,1,890.0,317.0,66.0,139.0,1,1,1.0
601,1,894.0,318.0,63.0,139.0,1,1,1.0
602,1,900.0,318.0,57.0,139.0,1,1,1.0
603,1,910.0,318.0,50.0,139.0,1,1,1.0
604,1,916.0,317.0,48.0,139.0,1,1,1.0
605,1,918.0,317.0,50.0,140.0,1,1,1.0
606,1,920.0,317.0,53.0,142.0,1,1,1.0
607,1,921.0,317.0,57.0,142.0,1,1,1.0
608,1,922.0,318.0,64.0,142.0,1,1,1.0
609,1,924.0,319.0,68.0,143.0,1,1,1.0
610,1,927.0,318.0,69.0,146.0,1,1,1.0
611,1,933.0,317.0,65.0,148.0,1,1,1.0
612,1,940.0,315.0,59.0,150.0,1,1,1.0
613,1,948.0,314.0,55.0,152.0,1,1,1.0
614,1,957.0,313.0,50.0,152.0,1,1,1.0
615,1,964.0,312.0,47.0,153.0,1,1,1.0
616,1,970.0,312.0,45.0,153.0,1,1,1.0
617,1,974.0,313.0,48.0,153.0,1,1,1.0
618,1,977.0,314.0,55.0,153.0,1,1,1.0
619,1,978.0,315.0,65.0,151.0,1,1,1.0
620,1,979.0,315.0,69.0,152.0,1,1,1.0
621,1,980.0,317.0,73.0,153.0,1,1,1.0
622,1,983.0,319.0,73.0,152.0,1,1,1.0
623,1,986.0,321.0,70.0,150.0,1,1,1.0
624,1,993.0,321.0,64.0,150.0,1,1,1.0
625,1,1002.0,321.0,57.0,150.0,1,1,1.0
626,1,1011.0,320.0,52.0,151.0,1,1,1.0
627,1,1013.0,321.0,54.0,150.0,1,1,1.0
628,1,1014.0,323.0,59.0,150.0,1,1,1.0
629,1,1015.0,326.0,63.0,150.0,1,1,1.0
630,1,1016.0,329.0,70.0,148.0,1,1,1.0
631,1,1019.0,331.0,73.0,148.0,1,1,1.0
632,1,1023.0,333.0,73.0,148.0,1,1,1.0
633,1,1029.0,333.0,69.0,148.0,1,1,1.0
634,1,1036.0,333.0,63.0,148.0,1,1,1.0
635,1,1045.0,331.0,57.0,150.0,1,1,1.0
636,1,1055.0,328.0,54.0,154.0,1,1,1.0
637,1,1065.0,326.0,50.0,156.0,1,1,1.0
638,1,1070.0,324.0,49.0,158.0,1,1,1.0
639,1,1075.0,320.0,50.0,162.0,1,1,1.0
640,1,1077.0,322.0,59.0,161.0,1,1,1.0
641,1,1077.0,325.0,72.0,158.0,1,1,1.0
642,1,1078.0,326.0,79.0,158.0,1,1,1.0
643,1,1080.0,327.0,83.0,159.0,1,1,1.0
644,1,1083.0,326.0,82.0,162.0,1,1,1.0
645,1,1087.0,325.0,78.0,164.0,1,1,1.0
646,1,1095.0,323.0,71.0,166.0,1,1,1.0
647,1,1106.0,321.0,62.0,168.0,1,1,1.0
648,1,1120.0,321.0,53.0,168.0,1,1,1.0
649,1,1127.0,320.0,52.0,169.0,1,1,1.0
650,1,1130.0,322.0,56.0,169.0,1,1,1.0
651,1,1131.0,324.0,62.0,168.0,1,1,1.0
652,1,1131.0,326.0,74.0,167.0,1,1,1.0
653,1,1132.0,330.0,81.0,166.0,1,1,1.0
654,1,1134.0,333.0,84.0,166.0,1,1,1.0
655,1,1139.0,338.0,83.0,163.0,1,1,1.0
656,1,1146.0,341.0,77.0,161.0,1,1,1.0
657,1,1156.0,344.0,70.0,158.0,1,1,1.0
658,1,1168.0,345.0,61.0,157.0,1,1,1.0
659,1,1181.0,346.0,53.0,156.0,1,1,1.0
660,1,1189.0,348.0,51.0,154.0,1,1,1.0
661,1,1193.0,349.0,52.0,153.0,1,1,1.0
662,1,1196.0,350.0,64.0,152.0,1,1,1.0
663,1,1197.0,353.0,78.0,150.0,1,1,1.0
664,1,1197.0,355.0,88.0,150.0,1,1,1.0
665,1,1198.0,356.0,93.0,150.0,1,1,1.0
666,1,1200.0,358.0,94.0,151.0,1,1,1.0
667,1,1204.0,358.0,90.0,151.0,1,1,1.0
668,1,1210.0,358.0,84.0,152.0,1,1,1.0
669,1,1221.0,357.0,76.0,153.0,1,1,1.0
670,1,1235.0,356.0,66.0,154.0,1,1,1.0
671,1,1251.0,354.0,56.0,156.0,1,1,1.0
672,1,1260.0,353.0,53.0,160.0,1,1,1.0
673,1,1263.0,353.0,57.0,163.0,1,1,1.0
674,1,1262.0,353.0,69.0,165.0,1,1,1.0
675,1,1261.0,353.0,81.0,166.0,1,1,1.0
676,1,1260.0,354.0,89.0,169.0,1,1,1.0
677,1,1259.0,354.0,93.0,171.0,1,1,1.0
678,1,1270.0,353.0,85.0,173.0,1,1,1.0
679,1,1281.0,353.0,77.0,173.0,1,1,1.0
680,1,1293.0,352.0,71.0,175.0,1,1,1.0
681,1,1306.0,352.0,63.0,175.0,1,1,1.0
682,1,1319.0,351.0,55.0,176.0,1,1,1.0
683,1,1325.0,351.0,56.0,176.0,1,1,1.0
684,1,1326.0,351.0,63.0,177.0,1,1,1.0
685,1,1327.0,353.0,77.0,176.0,1,1,1.0
686,1,1328.0,356.0,90.0,175.0,1,1,1.0
687,1,1328.0,357.0,96.0,174.0,1,1,1.0
688,1,1330.0,360.0,98.0,175.0,1,1,1.0
689,1,1335.0,363.0,95.0,174.0,1,1,1.0
690,1,1342.0,364.0,89.0,173.0,1,1,1.0
691,1,1353.0,365.0,82.0,173.0,1,1,1.0
692,1,1367.0,366.0,74.0,172.0,1,1,1.0
693,1,1383.0,366.0,64.0,171.0,1,1,1.0
694,1,1395.0,367.0,56.0,171.0,1,1,1.0
695,1,1398.0,368.0,60.0,174.0,1,1,1.0
696,1,1398.0,371.0,70.0,175.0,1,1,1.0
697,1,1397.0,372.0,83.0,176.0,1,1,1.0
698,1,1398.0,372.0,89.0,179.0,1,1,1.0
699,1,1402.0,374.0,88.0,179.0,1,1,1.0
700,1,1408.0,375.0,86.0,179.0,1,1,1.0
701,1,1415.0,376.0,83.0,179.0,1,1,1.0
702,1,1426.0,374.0,78.0,181.0,1,1,1.0
703,1,1440.0,372.0,70.0,182.0,1,1,1.0
704,1,1454.0,370.0,61.0,184.0,1,1,1.0
