1,1,1893.0,353.0,26.0,138.0,1,1,1.0
2,1,1892.0,353.0,27.0,137.0,1,1,1.0
3,1,1892.0,353.0,27.0,134.0,1,1,1.0
4,1,1892.0,352.0,27.0,135.0,1,1,1.0
5,1,1891.0,350.0,28.0,133.0,1,1,1.0
6,1,1891.0,348.0,28.0,134.0,1,1,1.0
7,1,1891.0,346.0,28.0,135.0,1,1,1.0
8,1,1891.0,345.0,28.0,135.0,1,1,1.0
9,1,1891.0,345.0,28.0,135.0,1,1,1.0
10,1,1891.0,344.0,28.0,136.0,1,1,1.0
11,1,1891.0,344.0,27.0,136.0,1,1,1.0
12,1,1891.0,344.0,28.0,136.0,1,1,1.0
13,1,1891.0,345.0,28.0,135.0,1,1,1.0
14,1,1891.0,345.0,28.0,134.0,1,1,1.0
15,1,1890.0,345.0,29.0,132.0,1,1,1.0
16,1,1889.0,344.0,30.0,131.0,1,1,1.0
17,1,1888.0,343.0,30.0,130.0,1,1,1.0
18,1,1888.0,343.0,31.0,129.0,1,1,1.0
19,1,1887.0,342.0,32.0,128.0,1,1,1.0
20,1,1887.0,342.0,32.0,129.0,1,1,1.0
21,1,1886.0,342.0,33.0,129.0,1,1,1.0
22,1,1884.0,340.0,35.0,130.0,1,1,1.0
23,1,1882.0,340.0,37.0,131.0,1,1,1.0
24,1,1881.0,340.0,37.0,130.0,1,1,1.0
25,1,1881.0,340.0,36.0,130.0,1,1,1.0
26,1,1880.0,340.0,35.0,129.0,1,1,1.0
27,1,1879.0,340.0,34.0,129.0,1,1,1.0
28,1,1878.0,339.0,34.0,126.0,1,1,1.0
29,1,1877.0,338.0,34.0,124.0,1,1,1.0
30,1,1876.0,337.0,34.0,124.0,1,1,1.0
31,1,1875.0,336.0,33.0,125.0,1,1,1.0
32,1,1875.0,335.0,32.0,122.0,1,1,1.0
33,1,1875.0,334.0,30.0,125.0,1,1,1.0
34,1,1875.0,334.0,29.0,122.0,1,1,1.0
35,1,1875.0,334.0,28.0,120.0,1,1,1.0
36,1,1875.0,334.0,27.0,121.0,1,1,1.0
37,1,1875.0,334.0,27.0,122.0,1,1,1.0
38,1,1874.0,333.0,26.0,123.0,1,1,1.0
39,1,1874.0,333.0,27.0,124.0,1,1,1.0
40,1,1872.0,333.0,29.0,124.0,1,1,1.0
41,1,1868.0,332.0,32.0,123.0,1,1,1.0
42,1,1864.0,332.0,36.0,123.0,1,1,1.0
43,1,1865.0,332.0,35.0,123.0,1,1,1.0
44,1,1865.0,332.0,35.0,123.0,1,1,1.0
45,1,1865.0,331.0,35.0,124.0,1,1,1.0
46,1,1864.0,331.0,36.0,124.0,1,1,1.0
47,1,1857.0,331.0,42.0,124.0,1,1,1.0
48,1,1861.0,331.0,39.0,124.0,1,1,1.0
49,1,1862.0,331.0,37.0,123.0,1,1,1.0
50,1,1862.0,331.0,36.0,123.0,1,1,1.0
51,1,1862.0,331.0,36.0,122.0,1,1,1.0
52,1,1862.0,331.0,36.0,122.0,1,1,1.0
53,1,1861.0,332.0,35.0,121.0,1,1,1.0
54,1,1861.0,333.0,35.0,120.0,1,1,1.0
55,1,1860.0,333.0,35.0,120.0,1,1,1.0
56,1,1858.0,334.0,35.0,120.0,1,1,1.0
57,1,1856.0,334.0,35.0,120.0,1,1,1.0
58,1,1854.0,335.0,35.0,121.0,1,1,1.0
59,1,1853.0,335.0,34.0,121.0,1,1,1.0
60,1,1852.0,334.0,34.0,122.0,1,1,1.0
61,1,1851.0,334.0,33.0,123.0,1,1,1.0
62,1,1849.0,333.0,32.0,124.0,1,1,1.0
63,1,1848.0,332.0,31.0,125.0,1,1,1.0
64,1,1846.0,332.0,32.0,125.0,1,1,1.0
65,1,1843.0,333.0,34.0,124.0,1,1,1.0
66,1,1839.0,332.0,36.0,125.0,1,1,1.0
67,1,1833.0,332.0,40.0,125.0,1,1,1.0
68,1,1827.0,333.0,44.0,124.0,1,1,1.0
69,1,1823.0,332.0,45.0,125.0,1,1,1.0
70,1,1821.0,332.0,45.0,125.0,1,1,1.0
71,1,1819.0,332.0,45.0,125.0,1,1,1.0
72,1,1818.0,332.0,44.0,125.0,1,1,1.0
73,1,1817.0,333.0,43.0,124.0,1,1,1.0
74,1,1817.0,331.0,40.0,126.0,1,1,1.0
75,1,1817.0,331.0,37.0,126.0,1,1,1.0
76,1,1816.0,330.0,35.0,127.0,1,1,1.0
77,1,1814.0,329.0,35.0,129.0,1,1,1.0
78,1,1811.0,329.0,36.0,129.0,1,1,1.0
79,1,1808.0,329.0,37.0,129.0,1,1,1.0
80,1,1805.0,330.0,38.0,129.0,1,1,1.0
81,1,1801.0,331.0,40.0,128.0,1,1,1.0
82,1,1798.0,332.0,41.0,128.0,1,1,1.0
83,1,1796.0,332.0,40.0,129.0,1,1,1.0
84,1,1794.0,332.0,40.0,130.0,1,1,1.0
85,1,1790.0,331.0,41.0,131.0,1,1,1.0
86,1,1786.0,330.0,43.0,132.0,1,1,1.0
87,1,1785.0,329.0,41.0,134.0,1,1,1.0
88,1,1784.0,329.0,40.0,134.0,1,1,1.0
89,1,1782.0,328.0,39.0,134.0,1,1,1.0
90,1,1777.0,327.0,41.0,135.0,1,1,1.0
91,1,1769.0,328.0,46.0,134.0,1,1,1.0
92,1,1763.0,329.0,49.0,134.0,1,1,1.0
93,1,1759.0,329.0,49.0,133.0,1,1,1.0
94,1,1757.0,329.0,49.0,133.0,1,1,1.0
95,1,1756.0,329.0,46.0,134.0,1,1,1.0
96,1,1756.0,328.0,43.0,135.0,1,1,1.0
97,1,1755.0,326.0,39.0,136.0,1,1,1.0
98,1,1751.0,326.0,40.0,136.0,1,1,1.0
99,1,1747.0,326.0,41.0,137.0,1,1,1.0
100,1,1742.0,327.0,42.0,137.0,1,1,1.0
101,1,1738.0,327.0,44.0,137.0,1,1,1.0
102,1,1734.0,328.0,44.0,136.0,1,1,1.0
103,1,1730.0,330.0,45.0,135.0,1,1,1.0
104,1,1727.0,330.0,46.0,136.0,1,1,1.0
105,1,1724.0,330.0,46.0,137.0,1,1,1.0
106,1,1722.0,329.0,45.0,138.0,1,1,1.0
107,1,1720.0,328.0,43.0,139.0,1,1,1.0
108,1,1718.0,327.0,41.0,140.0,1,1,1.0
109,1,1716.0,327.0,40.0,141.0,1,1,1.0
110,1,1712.0,326.0,40.0,142.0,1,1,1.0
111,1,1707.0,326.0,42.0,142.0,1,1,1.0
112,1,1698.0,326.0,47.0,142.0,1,1,1.0
113,1,1689.0,326.0,53.0,141.0,1,1,1.0
114,1,1683.0,327.0,58.0,141.0,1,1,1.0
115,1,1680.0,327.0,60.0,140.0,1,1,1.0
116,1,1679.0,326.0,59.0,141.0,1,1,1.0
117,1,1678.0,325.0,55.0,142.0,1,1,1.0
118,1,1677.0,325.0,50.0,142.0,1,1,1.0
119,1,1676.0,323.0,44.0,143.0,1,1,1.0
120,1,1672.0,322.0,42.0,143.0,1,1,1.0
121,1,1667.0,322.0,43.0,144.0,1,1,1.0
122,1,1660.0,322.0,46.0,145.0,1,1,1.0
123,1,1655.0,322.0,48.0,145.0,1,1,1.0
124,1,1648.0,323.0,51.0,143.0,1,1,1.0
125,1,1642.0,324.0,55.0,142.0,1,1,1.0
126,1,1638.0,325.0,57.0,143.0,1,1,1.0
127,1,1635.0,325.0,57.0,144.0,1,1,1.0
128,1,1634.0,324.0,54.0,145.0,1,1,1.0
129,1,1632.0,323.0,49.0,146.0,1,1,1.0
130,1,1631.0,321.0,45.0,148.0,1,1,1.0
131,1,1628.0,320.0,44.0,149.0,1,1,1.0
132,1,1623.0,320.0,44.0,149.0,1,1,1.0
133,1,1615.0,320.0,48.0,149.0,1,1,1.0
134,1,1603.0,321.0,56.0,148.0,1,1,1.0
135,1,1595.0,322.0,61.0,148.0,1,1,1.0
136,1,1589.0,322.0,64.0,147.0,1,1,1.0
137,1,1586.0,322.0,65.0,147.0,1,1,1.0
138,1,1584.0,322.0,65.0,148.0,1,1,1.0
139,1,1584.0,322.0,62.0,148.0,1,1,1.0
140,1,1583.0,321.0,55.0,149.0,1,1,1.0
141,1,1583.0,320.0,48.0,150.0,1,1,1.0
142,1,1577.0,320.0,48.0,150.0,1,1,1.0
143,1,1574.0,320.0,48.0,150.0,1,1,1.0
144,1,1567.0,320.0,50.0,151.0,1,1,1.0
145,1,1560.0,321.0,53.0,151.0,1,1,1.0
146,1,1553.0,322.0,56.0,151.0,1,1,1.0
147,1,1547.0,323.0,58.0,150.0,1,1,1.0
148,1,1545.0,323.0,59.0,151.0,1,1,1.0
149,1,1543.0,323.0,57.0,152.0,1,1,1.0
150,1,1541.0,323.0,55.0,153.0,1,1,1.0
151,1,1540.0,322.0,49.0,154.0,1,1,1.0
152,1,1538.0,320.0,46.0,156.0,1,1,1.0
153,1,1533.0,320.0,45.0,156.0,1,1,1.0
154,1,1527.0,319.0,47.0,157.0,1,1,1.0
155,1,1517.0,320.0,53.0,156.0,1,1,1.0
156,1,1504.0,320.0,62.0,156.0,1,1,1.0
157,1,1494.0,321.0,71.0,154.0,1,1,1.0
158,1,1489.0,322.0,75.0,154.0,1,1,1.0
159,1,1486.0,322.0,76.0,154.0,1,1,1.0
160,1,1485.0,321.0,74.0,155.0,1,1,1.0
161,1,1484.0,320.0,68.0,156.0,1,1,1.0
162,1,1484.0,319.0,60.0,157.0,1,1,1.0
163,1,1484.0,319.0,49.0,158.0,1,1,1.0
164,1,1478.0,318.0,49.0,158.0,1,1,1.0
165,1,1472.0,319.0,49.0,158.0,1,1,1.0
166,1,1463.0,319.0,53.0,158.0,1,1,1.0
167,1,1452.0,320.0,59.0,158.0,1,1,1.0
168,1,1444.0,322.0,65.0,157.0,1,1,1.0
169,1,1437.0,323.0,70.0,157.0,1,1,1.0
170,1,1433.0,323.0,72.0,158.0,1,1,1.0
171,1,1431.0,322.0,71.0,159.0,1,1,1.0
172,1,1430.0,322.0,66.0,159.0,1,1,1.0
173,1,1429.0,321.0,58.0,161.0,1,1,1.0
174,1,1429.0,320.0,49.0,161.0,1,1,1.0
175,1,1424.0,319.0,47.0,162.0,1,1,1.0
176,1,1417.0,319.0,48.0,162.0,1,1,1.0
177,1,1405.0,319.0,56.0,162.0,1,1,1.0
178,1,1391.0,320.0,67.0,161.0,1,1,1.0
179,1,1379.0,321.0,76.0,161.0,1,1,1.0
180,1,1373.0,321.0,81.0,160.0,1,1,1.0
181,1,1371.0,321.0,82.0,160.0,1,1,1.0
182,1,1369.0,321.0,79.0,160.0,1,1,1.0
183,1,1369.0,320.0,73.0,161.0,1,1,1.0
184,1,1369.0,319.0,64.0,162.0,1,1,1.0
185,1,1366.0,318.0,55.0,163.0,1,1,1.0
186,1,1362.0,317.0,50.0,163.0,1,1,1.0
187,1,1352.0,318.0,54.0,164.0,1,1,1.0
188,1,1346.0,318.0,55.0,164.0,1,1,1.0
189,1,1333.0,319.0,62.0,164.0,1,1,1.0
190,1,1323.0,321.0,71.0,163.0,1,1,1.0
191,1,1318.0,322.0,75.0,163.0,1,1,1.0
192,1,1314.0,323.0,77.0,164.0,1,1,1.0
193,1,1313.0,323.0,76.0,165.0,1,1,1.0
194,1,1310.0,322.0,72.0,165.0,1,1,1.0
195,1,1309.0,321.0,64.0,167.0,1,1,1.0
196,1,1308.0,320.0,53.0,168.0,1,1,1.0
197,1,1303.0,319.0,49.0,169.0,1,1,1.0
198,1,1295.0,319.0,50.0,168.0,1,1,1.0
199,1,1283.0,319.0,57.0,168.0,1,1,1.0
200,1,1267.0,321.0,71.0,167.0,1,1,1.0
201,1,1254.0,322.0,83.0,167.0,1,1,1.0
202,1,1246.0,322.0,89.0,166.0,1,1,1.0
203,1,1243.0,322.0,90.0,166.0,1,1,1.0
204,1,1242.0,322.0,87.0,166.0,1,1,1.0
205,1,1242.0,321.0,80.0,167.0,1,1,1.0
206,1,1243.0,320.0,69.0,167.0,1,1,1.0
207,1,1242.0,319.0,57.0,168.0,1,1,1.0
208,1,1235.0,319.0,53.0,169.0,1,1,1.0
209,1,1222.0,319.0,58.0,170.0,1,1,1.0
210,1,1211.0,320.0,63.0,170.0,1,1,1.0
211,1,1200.0,321.0,70.0,169.0,1,1,1.0
212,1,1190.0,322.0,79.0,168.0,1,1,1.0
213,1,1184.0,324.0,84.0,167.0,1,1,1.0
214,1,1179.0,324.0,87.0,168.0,1,1,1.0
215,1,1177.0,324.0,86.0,169.0,1,1,1.0
216,1,1177.0,323.0,79.0,170.0,1,1,1.0
217,1,1178.0,322.0,68.0,171.0,1,1,1.0
218,1,1177.0,321.0,55.0,172.0,1,1,1.0
219,1,1170.0,320.0,50.0,173.0,1,1,1.0
220,1,1162.0,320.0,52.0,173.0,1,1,1.0
221,1,1150.0,320.0,58.0,172.0,1,1,1.0
222,1,1133.0,321.0,73.0,172.0,1,1,1.0
223,1,1120.0,322.0,85.0,171.0,1,1,1.0
224,1,1112.0,323.0,92.0,170.0,1,1,1.0
225,1,1109.0,324.0,94.0,170.0,1,1,1.0
226,1,1108.0,324.0,92.0,170.0,1,1,1.0
227,1,1107.0,324.0,86.0,170.0,1,1,1.0
228,1,1107.0,323.0,75.0,171.0,1,1,1.0
229,1,1103.0,322.0,66.0,172.0,1,1,1.0
230,1,1097.0,322.0,57.0,172.0,1,1,1.0
231,1,1086.0,322.0,58.0,174.0,1,1,1.0
232,1,1075.0,322.0,63.0,175.0,1,1,1.0
233,1,1066.0,324.0,70.0,174.0,1,1,1.0
234,1,1055.0,325.0,80.0,173.0,1,1,1.0
235,1,1048.0,327.0,87.0,173.0,1,1,1.0
236,1,1043.0,328.0,91.0,174.0,1,1,1.0
237,1,1041.0,328.0,89.0,175.0,1,1,1.0
238,1,1040.0,327.0,83.0,176.0,1,1,1.0
239,1,1038.0,327.0,74.0,176.0,1,1,1.0
240,1,1032.0,326.0,66.0,177.0,1,1,1.0
241,1,1025.0,326.0,59.0,177.0,1,1,1.0
242,1,1019.0,326.0,55.0,177.0,1,1,1.0
243,1,1010.0,326.0,60.0,177.0,1,1,1.0
244,1,994.0,327.0,74.0,176.0,1,1,1.0
245,1,981.0,328.0,87.0,175.0,1,1,1.0
246,1,972.0,329.0,95.0,174.0,1,1,1.0
247,1,967.0,330.0,99.0,174.0,1,1,1.0
248,1,966.0,331.0,97.0,174.0,1,1,1.0
249,1,964.0,330.0,90.0,175.0,1,1,1.0
250,1,961.0,330.0,82.0,175.0,1,1,1.0
251,1,956.0,329.0,73.0,176.0,1,1,1.0
252,1,951.0,328.0,62.0,177.0,1,1,1.0
253,1,945.0,328.0,57.0,177.0,1,1,1.0
254,1,940.0,328.0,56.0,178.0,1,1,1.0
255,1,926.0,330.0,69.0,176.0,1,1,1.0
256,1,911.0,331.0,84.0,175.0,1,1,1.0
257,1,902.0,332.0,92.0,176.0,1,1,1.0
258,1,898.0,334.0,95.0,177.0,1,1,1.0
259,1,895.0,335.0,94.0,177.0,1,1,1.0
260,1,893.0,334.0,88.0,178.0,1,1,1.0
261,1,888.0,334.0,82.0,179.0,1,1,1.0
262,1,883.0,333.0,73.0,180.0,1,1,1.0
263,1,877.0,333.0,64.0,180.0,1,1,1.0
264,1,870.0,332.0,60.0,180.0,1,1,1.0
265,1,863.0,333.0,62.0,180.0,1,1,1.0
266,1,852.0,333.0,72.0,179.0,1,1,1.0
267,1,839.0,335.0,83.0,178.0,1,1,1.0
268,1,832.0,336.0,90.0,177.0,1,1,1.0
269,1,825.0,338.0,94.0,176.0,1,1,1.0
270,1,819.0,338.0,92.0,176.0,1,1,1.0
271,1,812.0,338.0,88.0,177.0,1,1,1.0
272,1,807.0,338.0,79.0,177.0,1,1,1.0
273,1,800.0,337.0,70.0,177.0,1,1,1.0
274,1,794.0,337.0,63.0,178.0,1,1,1.0
275,1,788.0,338.0,65.0,179.0,1,1,1.0
276,1,779.0,338.0,73.0,179.0,1,1,1.0
277,1,764.0,340.0,86.0,178.0,1,1,1.0
278,1,755.0,341.0,94.0,177.0,1,1,1.0
279,1,750.0,343.0,99.0,177.0,1,1,1.0
280,1,748.0,343.0,98.0,178.0,1,1,1.0
281,1,744.0,343.0,95.0,179.0,1,1,1.0
282,1,739.0,342.0,89.0,180.0,1,1,1.0
283,1,734.0,341.0,81.0,181.0,1,1,1.0
284,1,728.0,340.0,71.0,182.0,1,1,1.0
285,1,719.0,340.0,66.0,182.0,1,1,1.0
286,1,713.0,340.0,67.0,181.0,1,1,1.0
287,1,705.0,341.0,73.0,181.0,1,1,1.0
288,1,695.0,343.0,83.0,179.0,1,1,1.0
289,1,688.0,344.0,89.0,178.0,1,1,1.0
290,1,682.0,345.0,94.0,176.0,1,1,1.0
291,1,677.0,346.0,96.0,176.0,1,1,1.0
292,1,671.0,346.0,96.0,176.0,1,1,1.0
293,1,665.0,346.0,91.0,175.0,1,1,1.0
294,1,660.0,345.0,83.0,175.0,1,1,1.0
295,1,653.0,345.0,75.0,175.0,1,1,1.0
296,1,649.0,345.0,65.0,177.0,1,1,1.0
297,1,642.0,346.0,67.0,178.0,1,1,1.0
298,1,636.0,347.0,70.0,178.0,1,1,1.0
299,1,622.0,348.0,83.0,178.0,1,1,1.0
300,1,612.0,349.0,93.0,178.0,1,1,1.0
301,1,606.0,351.0,98.0,178.0,1,1,1.0
302,1,603.0,352.0,98.0,178.0,1,1,1.0
303,1,600.0,352.0,95.0,178.0,1,1,1.0
304,1,595.0,352.0,90.0,178.0,1,1,1.0
305,1,587.0,351.0,86.0,179.0,1,1,1.0
306,1,580.0,351.0,78.0,180.0,1,1,1.0
307,1,574.0,351.0,68.0,180.0,1,1,1.0
308,1,572.0,350.0,62.0,180.0,1,1,1.0
309,1,565.0,351.0,68.0,179.0,1,1,1.0
310,1,554.0,352.0,77.0,178.0,1,1,1.0
311,1,545.0,354.0,86.0,177.0,1,1,1.0
312,1,541.0,355.0,88.0,176.0,1,1,1.0
313,1,538.0,355.0,90.0,176.0,1,1,1.0
314,1,532.0,356.0,91.0,176.0,1,1,1.0
315,1,528.0,355.0,87.0,177.0,1,1,1.0
316,1,521.0,354.0,81.0,177.0,1,1,1.0
317,1,514.0,353.0,76.0,179.0,1,1,1.0
318,1,508.0,353.0,66.0,179.0,1,1,1.0
319,1,504.0,354.0,63.0,180.0,1,1,1.0
320,1,495.0,355.0,70.0,180.0,1,1,1.0
321,1,486.0,356.0,78.0,180.0,1,1,1.0
322,1,475.0,357.0,88.0,180.0,1,1,1.0
323,1,469.0,358.0,93.0,180.0,1,1,1.0
324,1,465.0,360.0,97.0,180.0,1,1,1.0
325,1,461.0,360.0,95.0,180.0,1,1,1.0
326,1,455.0,360.0,94.0,181.0,1,1,1.0
327,1,448.0,359.0,89.0,181.0,1,1,1.0
328,1,442.0,358.0,81.0,182.0,1,1,1.0
329,1,437.0,359.0,72.0,182.0,1,1,1.0
330,1,432.0,359.0,64.0,181.0,1,1,1.0
331,1,428.0,361.0,66.0,180.0,1,1,1.0
332,1,423.0,362.0,69.0,178.0,1,1,1.0
333,1,415.0,363.0,77.0,178.0,1,1,1.0
334,1,409.0,364.0,82.0,177.0,1,1,1.0
335,1,401.0,365.0,89.0,176.0,1,1,1.0
336,1,399.0,365.0,88.0,176.0,1,1,1.0
337,1,393.0,365.0,88.0,175.0,1,1,1.0
338,1,390.0,364.0,80.0,176.0,1,1,1.0
339,1,382.0,363.0,76.0,176.0,1,1,1.0
340,1,376.0,363.0,70.0,176.0,1,1,1.0
341,1,368.0,364.0,67.0,177.0,1,1,1.0
342,1,364.0,364.0,67.0,178.0,1,1,1.0
343,1,354.0,365.0,76.0,178.0,1,1,1.0
344,1,347.0,365.0,83.0,178.0,1,1,1.0
345,1,340.0,367.0,89.0,177.0,1,1,1.0
346,1,336.0,370.0,92.0,176.0,1,1,1.0
347,1,331.0,371.0,95.0,176.0,1,1,1.0
348,1,327.0,371.0,94.0,177.0,1,1,1.0
349,1,321.0,371.0,90.0,177.0,1,1,1.0
350,1,316.0,370.0,82.0,178.0,1,1,1.0
351,1,311.0,370.0,72.0,178.0,1,1,1.0
352,1,306.0,371.0,63.0,177.0,1,1,1.0
353,1,303.0,372.0,60.0,176.0,1,1,1.0
354,1,298.0,373.0,64.0,175.0,1,1,1.0
355,1,290.0,374.0,70.0,173.0,1,1,1.0
356,1,284.0,375.0,76.0,173.0,1,1,1.0
357,1,279.0,375.0,80.0,173.0,1,1,1.0
358,1,273.0,376.0,84.0,172.0,1,1,1.0
359,1,269.0,377.0,83.0,171.0,1,1,1.0
360,1,263.0,377.0,81.0,171.0,1,1,1.0
361,1,259.0,377.0,75.0,170.0,1,1,1.0
362,1,253.0,375.0,69.0,171.0,1,1,1.0
363,1,250.0,375.0,59.0,172.0,1,1,1.0
364,1,242.0,375.0,63.0,172.0,1,1,1.0
365,1,236.0,377.0,68.0,172.0,1,1,1.0
366,1,229.0,378.0,74.0,172.0,1,1,1.0
367,1,223.0,380.0,80.0,171.0,1,1,1.0
368,1,218.0,382.0,84.0,169.0,1,1,1.0
369,1,213.0,383.0,88.0,169.0,1,1,1.0
370,1,208.0,384.0,88.0,169.0,1,1,1.0
371,1,205.0,385.0,83.0,169.0,1,1,1.0
372,1,198.0,385.0,80.0,168.0,1,1,1.0
373,1,193.0,384.0,73.0,169.0,1,1,1.0
374,1,190.0,382.0,63.0,171.0,1,1,1.0
375,1,187.0,382.0,56.0,171.0,1,1,1.0
376,1,182.0,383.0,58.0,170.0,1,1,1.0
377,1,177.0,384.0,63.0,169.0,1,1,1.0
378,1,172.0,385.0,68.0,169.0,1,1,1.0
379,1,163.0,386.0,76.0,167.0,1,1,1.0
380,1,160.0,387.0,79.0,166.0,1,1,1.0
381,1,157.0,388.0,76.0,165.0,1,1,1.0
382,1,155.0,388.0,74.0,165.0,1,1,1.0
383,1,151.0,387.0,69.0,165.0,1,1,1.0
384,1,146.0,387.0,65.0,165.0,1,1,1.0
385,1,140.0,386.0,60.0,166.0,1,1,1.0
386,1,136.0,387.0,56.0,166.0,1,1,1.0
387,1,130.0,387.0,59.0,168.0,1,1,1.0
388,1,129.0,389.0,59.0,169.0,1,1,1.0
389,1,121.0,390.0,67.0,168.0,1,1,1.0
390,1,115.0,391.0,73.0,167.0,1,1,1.0
391,1,111.0,393.0,75.0,166.0,1,1,1.0
392,1,107.0,394.0,78.0,167.0,1,1,1.0
393,1,104.0,394.0,79.0,167.0,1,1,1.0
394,1,101.0,394.0,74.0,168.0,1,1,1.0
395,1,99.0,393.0,69.0,169.0,1,1,1.0
396,1,95.0,392.0,63.0,169.0,1,1,1.0
397,1,90.0,392.0,56.0,169.0,1,1,1.0
398,1,85.0,393.0,51.0,169.0,1,1,1.0
399,1,81.0,394.0,52.0,168.0,1,1,1.0
400,1,76.0,395.0,56.0,167.0,1,1,1.0
401,1,73.0,396.0,59.0,166.0,1,1,1.0
402,1,68.0,396.0,62.0,165.0,1,1,1.0
403,1,65.0,397.0,65.0,165.0,1,1,1.0
404,1,61.0,399.0,68.0,163.0,1,1,1.0
405,1,57.0,400.0,67.0,162.0,1,1,1.0
406,1,54.0,399.0,65.0,163.0,1,1,1.0
407,1,49.0,399.0,62.0,163.0,1,1,1.0
408,1,42.0,399.0,61.0,162.0,1,1,1.0
409,1,37.0,400.0,57.0,162.0,1,1,1.0
410,1,34.0,400.0,56.0,163.0,1,1,1.0
411,1,36.0,400.0,54.0,164.0,1,1,1.0
412,1,33.0,401.0,56.0,164.0,1,1,1.0
413,1,29.0,403.0,60.0,162.0,1,1,1.0
414,1,25.0,404.0,64.0,161.0,1,1,1.0
415,1,21.0,406.0,69.0,160.0,1,1,1.0
416,1,20.0,406.0,69.0,161.0,1,1,1.0
417,1,18.0,407.0,67.0,161.0,1,1,1.0
418,1,14.0,407.0,66.0,161.0,1,1,1.0
419,1,11.0,407.0,63.0,161.0,1,1,1.0
420,1,8.0,407.0,58.0,161.0,1,1,1.0
421,1,4.0,406.0,52.0,162.0,1,1,1.0
422,1,2.0,405.0,50.0,163.0,1,1,1.0
423,1,0.0,406.0,50.0,162.0,1,1,1.0
424,1,0.0,407.0,51.0,162.0,1,1,1.0
425,1,0.0,407.0,50.0,161.0,1,1,1.0
426,1,0.0,407.0,48.0,161.0,1,1,1.0
427,1,0.0,406.0,47.0,162.0,1,1,1.0
428,1,0.0,406.0,44.0,161.0,1,1,1.0
429,1,0.0,407.0,40.0,160.0,1,1,1.0
430,1,0.0,404.0,36.0,163.0,1,1,1.0
431,1,0.0,404.0,31.0,161.0,1,1,1.0
432,1,0.0,406.0,28.0,159.0,1,1,1.0
433,1,0.0,405.0,25.0,159.0,1,1,1.0
434,1,0.0,405.0,24.0,160.0,1,1,1.0
451,2,0.0,400.0,35.0,157.0,1,1,1.0
452,2,0.0,400.0,34.0,157.0,1,1,1.0
454,2,0.0,400.0,35.0,157.0,1,1,1.0
455,2,0.0,399.0,35.0,155.0,1,1,1.0
456,2,0.0,400.0,36.0,152.0,1,1,1.0
457,2,0.0,399.0,37.0,150.0,1,1,1.0
458,2,1.0,398.0,36.0,149.0,1,1,1.0
459,2,3.0,397.0,37.0,150.0,1,1,1.0
460,2,5.0,397.0,39.0,150.0,1,1,1.0
461,2,6.0,397.0,44.0,149.0,1,1,1.0
462,2,10.0,396.0,46.0,148.0,1,1,1.0
463,2,13.0,397.0,54.0,147.0,1,1,1.0
464,2,15.0,396.0,58.0,150.0,1,1,1.0
465,2,18.0,396.0,60.0,151.0,1,1,1.0
466,2,19.0,395.0,61.0,151.0,1,1,1.0
467,2,22.0,393.0,58.0,152.0,1,1,1.0
468,2,26.0,391.0,54.0,152.0,1,1,1.0
469,2,32.0,390.0,48.0,151.0,1,1,1.0
470,2,37.0,389.0,43.0,150.0,1,1,1.0
471,2,42.0,387.0,40.0,149.0,1,1,1.0
472,2,45.0,386.0,41.0,150.0,1,1,1.0
473,2,48.0,386.0,46.0,150.0,1,1,1.0
474,2,53.0,385.0,53.0,151.0,1,1,1.0
475,2,55.0,384.0,60.0,150.0,1,1,1.0
476,2,58.0,384.0,66.0,150.0,1,1,1.0
477,2,60.0,384.0,68.0,150.0,1,1,1.0
478,2,62.0,383.0,67.0,151.0,1,1,1.0
479,2,65.0,382.0,64.0,151.0,1,1,1.0
480,2,70.0,381.0,60.0,150.0,1,1,1.0
481,2,77.0,380.0,53.0,148.0,1,1,1.0
482,2,83.0,379.0,49.0,148.0,1,1,1.0
483,2,88.0,378.0,47.0,149.0,1,1,1.0
484,2,91.0,377.0,47.0,150.0,1,1,1.0
485,2,95.0,377.0,50.0,150.0,1,1,1.0
486,2,99.0,376.0,57.0,150.0,1,1,1.0
487,2,102.0,376.0,63.0,150.0,1,1,1.0
488,2,105.0,375.0,65.0,151.0,1,1,1.0
489,2,107.0,374.0,67.0,151.0,1,1,1.0
490,2,109.0,374.0,66.0,151.0,1,1,1.0
491,2,113.0,373.0,61.0,152.0,1,1,1.0
492,2,119.0,371.0,56.0,152.0,1,1,1.0
493,2,125.0,370.0,49.0,149.0,1,1,1.0
494,2,131.0,368.0,45.0,148.0,1,1,1.0
495,2,136.0,368.0,43.0,147.0,1,1,1.0
496,2,140.0,368.0,44.0,147.0,1,1,1.0
497,2,145.0,367.0,52.0,148.0,1,1,1.0
498,2,148.0,367.0,62.0,147.0,1,1,1.0
499,2,152.0,367.0,67.0,147.0,1,1,1.0
500,2,154.0,366.0,70.0,147.0,1,1,1.0
501,2,155.0,366.0,72.0,147.0,1,1,1.0
502,2,159.0,366.0,70.0,147.0,1,1,1.0
503,2,163.0,364.0,66.0,147.0,1,1,1.0
504,2,170.0,363.0,59.0,147.0,1,1,1.0
505,2,177.0,362.0,51.0,147.0,1,1,1.0
506,2,182.0,361.0,46.0,147.0,1,1,1.0
507,2,188.0,361.0,43.0,147.0,1,1,1.0
508,2,191.0,360.0,45.0,148.0,1,1,1.0
509,2,195.0,359.0,54.0,149.0,1,1,1.0
510,2,197.0,358.0,64.0,150.0,1,1,1.0
511,2,200.0,357.0,68.0,150.0,1,1,1.0
512,2,201.0,357.0,71.0,150.0,1,1,1.0
513,2,205.0,356.0,71.0,151.0,1,1,1.0
514,2,208.0,356.0,69.0,151.0,1,1,1.0
515,2,212.0,355.0,65.0,151.0,1,1,1.0
516,2,218.0,354.0,59.0,149.0,1,1,1.0
517,2,226.0,352.0,51.0,148.0,1,1,1.0
518,2,233.0,351.0,43.0,143.0,1,1,1.0
519,2,238.0,350.0,43.0,145.0,1,1,1.0
520,2,241.0,350.0,47.0,146.0,1,1,1.0
521,2,246.0,350.0,56.0,146.0,1,1,1.0
522,2,250.0,350.0,65.0,145.0,1,1,1.0
523,2,252.0,351.0,70.0,144.0,1,1,1.0
524,2,254.0,350.0,73.0,145.0,1,1,1.0
525,2,255.0,349.0,73.0,145.0,1,1,1.0
526,2,259.0,348.0,70.0,146.0,1,1,1.0
527,2,264.0,347.0,65.0,145.0,1,1,1.0
528,2,272.0,346.0,57.0,145.0,1,1,1.0
529,2,280.0,344.0,50.0,146.0,1,1,1.0
530,2,286.0,344.0,47.0,146.0,1,1,1.0
531,2,290.0,343.0,48.0,147.0,1,1,1.0
532,2,295.0,343.0,50.0,147.0,1,1,1.0
533,2,299.0,343.0,57.0,146.0,1,1,1.0
534,2,302.0,343.0,64.0,146.0,1,1,1.0
535,2,305.0,343.0,68.0,146.0,1,1,1.0
536,2,306.0,343.0,70.0,146.0,1,1,1.0
537,2,308.0,343.0,70.0,146.0,1,1,1.0
538,2,312.0,341.0,66.0,146.0,1,1,1.0
539,2,318.0,340.0,59.0,146.0,1,1,1.0
540,2,327.0,338.0,51.0,145.0,1,1,1.0
541,2,335.0,336.0,44.0,144.0,1,1,1.0
542,2,341.0,335.0,42.0,145.0,1,1,1.0
543,2,345.0,334.0,44.0,146.0,1,1,1.0
544,2,349.0,333.0,54.0,146.0,1,1,1.0
545,2,352.0,334.0,64.0,145.0,1,1,1.0
546,2,354.0,335.0,71.0,144.0,1,1,1.0
547,2,356.0,335.0,74.0,143.0,1,1,1.0
548,2,357.0,335.0,75.0,143.0,1,1,1.0
549,2,361.0,333.0,72.0,145.0,1,1,1.0
550,2,366.0,330.0,67.0,146.0,1,1,1.0
551,2,373.0,330.0,59.0,145.0,1,1,1.0
552,2,383.0,329.0,49.0,145.0,1,1,1.0
553,2,389.0,329.0,45.0,145.0,1,1,1.0
554,2,394.0,328.0,44.0,146.0,1,1,1.0
555,2,397.0,328.0,48.0,146.0,1,1,1.0
556,2,401.0,328.0,54.0,145.0,1,1,1.0
557,2,405.0,328.0,58.0,145.0,1,1,1.0
558,2,408.0,328.0,62.0,144.0,1,1,1.0
559,2,409.0,328.0,64.0,144.0,1,1,1.0
560,2,411.0,328.0,64.0,144.0,1,1,1.0
561,2,414.0,327.0,60.0,144.0,1,1,1.0
562,2,420.0,325.0,55.0,144.0,1,1,1.0
563,2,427.0,323.0,49.0,143.0,1,1,1.0
564,2,433.0,322.0,46.0,141.0,1,1,1.0
565,2,438.0,322.0,46.0,141.0,1,1,1.0
566,2,442.0,321.0,47.0,141.0,1,1,1.0
567,2,445.0,321.0,53.0,139.0,1,1,1.0
568,2,448.0,321.0,59.0,140.0,1,1,1.0
569,2,451.0,321.0,66.0,140.0,1,1,1.0
570,2,453.0,322.0,70.0,139.0,1,1,1.0
571,2,454.0,321.0,72.0,139.0,1,1,1.0
572,2,456.0,321.0,73.0,139.0,1,1,1.0
573,2,460.0,321.0,70.0,139.0,1,1,1.0
574,2,466.0,319.0,65.0,138.0,1,1,1.0
575,2,473.0,318.0,57.0,138.0,1,1,1.0
576,2,482.0,317.0,49.0,139.0,1,1,1.0
577,2,488.0,317.0,46.0,139.0,1,1,1.0
578,2,492.0,315.0,47.0,140.0,1,1,1.0
579,2,496.0,315.0,48.0,141.0,1,1,1.0
580,2,499.0,316.0,50.0,141.0,1,1,1.0
581,2,502.0,316.0,55.0,140.0,1,1,1.0
582,2,505.0,317.0,57.0,139.0,1,1,1.0
583,2,507.0,317.0,59.0,138.0,1,1,1.0
584,2,509.0,317.0,58.0,138.0,1,1,1.0
585,2,512.0,316.0,55.0,139.0,1,1,1.0
586,2,521.0,314.0,47.0,136.0,1,1,1.0
587,2,526.0,312.0,42.0,135.0,1,1,1.0
588,2,531.0,311.0,41.0,136.0,1,1,1.0
589,2,535.0,310.0,42.0,136.0,1,1,1.0
590,2,539.0,310.0,45.0,136.0,1,1,1.0
591,2,542.0,310.0,50.0,136.0,1,1,1.0
592,2,545.0,310.0,58.0,136.0,1,1,1.0
593,2,547.0,310.0,64.0,136.0,1,1,1.0
594,2,548.0,310.0,67.0,136.0,1,1,1.0
595,2,549.0,310.0,68.0,136.0,1,1,1.0
596,2,551.0,310.0,66.0,136.0,1,1,1.0
597,2,555.0,309.0,63.0,136.0,1,1,1.0
598,2,560.0,308.0,57.0,135.0,1,1,1.0
599,2,568.0,307.0,49.0,134.0,1,1,1.0
600,2,576.0,306.0,44.0,135.0,1,1,1.0
601,2,581.0,305.0,45.0,135.0,1,1,1.0
602,2,584.0,305.0,48.0,135.0,1,1,1.0
603,2,588.0,306.0,49.0,135.0,1,1,1.0
604,2,592.0,305.0,49.0,135.0,1,1,1.0
605,2,594.0,306.0,50.0,134.0,1,1,1.0
606,2,596.0,306.0,51.0,133.0,1,1,1.0
607,2,598.0,305.0,52.0,133.0,1,1,1.0
608,2,600.0,304.0,50.0,134.0,1,1,1.0
609,2,605.0,303.0,46.0,134.0,1,1,1.0
610,2,610.0,301.0,41.0,132.0,1,1,1.0
611,2,614.0,300.0,39.0,132.0,1,1,1.0
612,2,618.0,299.0,39.0,132.0,1,1,1.0
613,2,621.0,298.0,40.0,133.0,1,1,1.0
614,2,623.0,297.0,45.0,134.0,1,1,1.0
615,2,627.0,298.0,51.0,133.0,1,1,1.0
616,2,629.0,298.0,55.0,132.0,1,1,1.0
617,2,630.0,299.0,58.0,131.0,1,1,1.0
618,2,631.0,299.0,59.0,131.0,1,1,1.0
619,2,633.0,299.0,57.0,130.0,1,1,1.0
620,2,636.0,299.0,55.0,129.0,1,1,1.0
621,2,641.0,298.0,50.0,128.0,1,1,1.0
622,2,648.0,296.0,43.0,129.0,1,1,1.0
623,2,653.0,296.0,40.0,129.0,1,1,1.0
624,2,657.0,295.0,39.0,129.0,1,1,1.0
625,2,661.0,295.0,39.0,130.0,1,1,1.0
626,2,664.0,296.0,40.0,129.0,1,1,1.0
627,2,667.0,296.0,45.0,129.0,1,1,1.0
628,2,668.0,295.0,48.0,130.0,1,1,1.0
629,2,669.0,295.0,48.0,129.0,1,1,1.0
630,2,670.0,295.0,48.0,130.0,1,1,1.0
631,2,672.0,294.0,47.0,129.0,1,1,1.0
632,2,675.0,293.0,44.0,130.0,1,1,1.0
633,2,679.0,293.0,44.0,128.0,1,1,1.0
634,2,684.0,293.0,43.0,126.0,1,1,1.0
635,2,689.0,293.0,43.0,126.0,1,1,1.0
636,2,689.0,293.0,46.0,126.0,1,1,1.0
637,2,689.0,293.0,49.0,126.0,1,1,1.0
638,2,689.0,294.0,53.0,125.0,1,1,1.0
639,2,691.0,294.0,55.0,125.0,1,1,1.0
640,2,693.0,294.0,56.0,126.0,1,1,1.0
641,2,696.0,294.0,56.0,127.0,1,1,1.0
642,2,699.0,294.0,54.0,127.0,1,1,1.0
643,2,702.0,294.0,52.0,128.0,1,1,1.0
644,2,707.0,294.0,48.0,128.0,1,1,1.0
645,2,712.0,293.0,44.0,129.0,1,1,1.0
646,2,718.0,293.0,43.0,129.0,1,1,1.0
647,2,722.0,293.0,42.0,129.0,1,1,1.0
648,2,725.0,292.0,43.0,129.0,1,1,1.0
649,2,728.0,293.0,44.0,129.0,1,1,1.0
650,2,731.0,293.0,48.0,128.0,1,1,1.0
651,2,734.0,294.0,51.0,128.0,1,1,1.0
652,2,735.0,295.0,56.0,127.0,1,1,1.0
653,2,737.0,295.0,57.0,128.0,1,1,1.0
654,2,738.0,295.0,58.0,128.0,1,1,1.0
655,2,740.0,294.0,57.0,130.0,1,1,1.0
656,2,743.0,293.0,54.0,130.0,1,1,1.0
657,2,748.0,293.0,51.0,131.0,1,1,1.0
658,2,755.0,292.0,44.0,131.0,1,1,1.0
659,2,758.0,292.0,44.0,131.0,1,1,1.0
660,2,760.0,293.0,47.0,131.0,1,1,1.0
661,2,762.0,293.0,48.0,131.0,1,1,1.0
662,2,764.0,294.0,48.0,132.0,1,1,1.0
663,2,766.0,294.0,51.0,132.0,1,1,1.0
664,2,768.0,295.0,53.0,132.0,1,1,1.0
665,2,771.0,295.0,53.0,134.0,1,1,1.0
666,2,774.0,296.0,52.0,133.0,1,1,1.0
667,2,778.0,296.0,51.0,134.0,1,1,1.0
668,2,782.0,295.0,51.0,135.0,1,1,1.0
669,2,787.0,295.0,48.0,135.0,1,1,1.0
670,2,792.0,294.0,46.0,136.0,1,1,1.0
671,2,796.0,294.0,45.0,136.0,1,1,1.0
672,2,800.0,294.0,45.0,136.0,1,1,1.0
673,2,804.0,295.0,46.0,135.0,1,1,1.0
674,2,806.0,296.0,52.0,134.0,1,1,1.0
675,2,808.0,297.0,58.0,134.0,1,1,1.0
676,2,809.0,298.0,58.0,134.0,1,1,1.0
677,2,811.0,298.0,59.0,135.0,1,1,1.0
678,2,813.0,298.0,59.0,136.0,1,1,1.0
679,2,816.0,297.0,57.0,137.0,1,1,1.0
680,2,823.0,296.0,53.0,138.0,1,1,1.0
681,2,830.0,296.0,49.0,138.0,1,1,1.0
682,2,833.0,295.0,49.0,139.0,1,1,1.0
683,2,834.0,294.0,51.0,140.0,1,1,1.0
684,2,835.0,294.0,54.0,141.0,1,1,1.0
685,2,836.0,296.0,56.0,139.0,1,1,1.0
686,2,838.0,297.0,59.0,139.0,1,1,1.0
687,2,840.0,299.0,60.0,139.0,1,1,1.0
688,2,842.0,299.0,61.0,140.0,1,1,1.0
689,2,846.0,300.0,60.0,141.0,1,1,1.0
690,2,851.0,300.0,59.0,141.0,1,1,1.0
691,2,856.0,299.0,56.0,142.0,1,1,1.0
692,2,863.0,299.0,52.0,142.0,1,1,1.0
693,2,868.0,299.0,51.0,142.0,1,1,1.0
694,2,873.0,299.0,49.0,142.0,1,1,1.0
695,2,876.0,299.0,49.0,142.0,1,1,1.0
696,2,880.0,300.0,51.0,142.0,1,1,1.0
697,2,883.0,301.0,57.0,141.0,1,1,1.0
698,2,884.0,301.0,61.0,141.0,1,1,1.0
699,2,885.0,302.0,63.0,142.0,1,1,1.0
700,2,886.0,302.0,63.0,143.0,1,1,1.0
701,2,889.0,302.0,62.0,144.0,1,1,1.0
702,2,892.0,302.0,62.0,144.0,1,1,1.0
703,2,898.0,301.0,59.0,145.0,1,1,1.0
704,2,906.0,301.0,55.0,146.0,1,1,1.0
705,2,909.0,300.0,55.0,146.0,1,1,1.0
706,2,911.0,300.0,56.0,147.0,1,1,1.0
707,2,912.0,301.0,60.0,147.0,1,1,1.0
708,2,913.0,301.0,63.0,147.0,1,1,1.0
709,2,914.0,303.0,65.0,147.0,1,1,1.0
710,2,917.0,304.0,65.0,147.0,1,1,1.0
711,2,920.0,305.0,66.0,148.0,1,1,1.0
712,2,924.0,305.0,65.0,149.0,1,1,1.0
713,2,930.0,305.0,62.0,149.0,1,1,1.0
714,2,936.0,304.0,60.0,151.0,1,1,1.0
715,2,943.0,303.0,57.0,151.0,1,1,1.0
716,2,949.0,303.0,53.0,151.0,1,1,1.0
717,2,953.0,303.0,53.0,152.0,1,1,1.0
718,2,959.0,303.0,52.0,152.0,1,1,1.0
719,2,962.0,303.0,53.0,152.0,1,1,1.0
720,2,964.0,303.0,59.0,152.0,1,1,1.0
721,2,965.0,305.0,66.0,150.0,1,1,1.0
722,2,966.0,307.0,69.0,150.0,1,1,1.0
723,2,967.0,307.0,70.0,150.0,1,1,1.0
724,2,970.0,307.0,69.0,151.0,1,1,1.0
725,2,974.0,306.0,67.0,152.0,1,1,1.0
726,2,981.0,306.0,65.0,153.0,1,1,1.0
727,2,991.0,305.0,58.0,153.0,1,1,1.0
728,2,996.0,305.0,56.0,153.0,1,1,1.0
729,2,999.0,305.0,58.0,154.0,1,1,1.0
730,2,1000.0,305.0,61.0,155.0,1,1,1.0
731,2,999.0,306.0,66.0,156.0,1,1,1.0
732,2,1001.0,307.0,68.0,156.0,1,1,1.0
733,2,1004.0,309.0,69.0,155.0,1,1,1.0
734,2,1008.0,310.0,69.0,157.0,1,1,1.0
735,2,1011.0,310.0,70.0,157.0,1,1,1.0
736,2,1016.0,310.0,69.0,158.0,1,1,1.0
737,2,1023.0,310.0,66.0,158.0,1,1,1.0
738,2,1031.0,310.0,61.0,159.0,1,1,1.0
739,2,1039.0,309.0,58.0,159.0,1,1,1.0
740,2,1044.0,309.0,56.0,160.0,1,1,1.0
741,2,1048.0,309.0,56.0,159.0,1,1,1.0
742,2,1053.0,309.0,56.0,159.0,1,1,1.0
743,2,1055.0,311.0,61.0,158.0,1,1,1.0
744,2,1056.0,312.0,68.0,157.0,1,1,1.0
745,2,1057.0,313.0,72.0,157.0,1,1,1.0
746,2,1057.0,314.0,74.0,158.0,1,1,1.0
747,2,1060.0,313.0,74.0,159.0,1,1,1.0
748,2,1064.0,313.0,74.0,160.0,1,1,1.0
749,2,1070.0,312.0,73.0,161.0,1,1,1.0
750,2,1079.0,311.0,67.0,162.0,1,1,1.0
751,2,1088.0,311.0,62.0,162.0,1,1,1.0
752,2,1092.0,311.0,61.0,163.0,1,1,1.0
753,2,1093.0,311.0,64.0,164.0,1,1,1.0
754,2,1094.0,312.0,68.0,165.0,1,1,1.0
755,2,1095.0,314.0,71.0,165.0,1,1,1.0
756,2,1096.0,315.0,74.0,165.0,1,1,1.0
757,2,1100.0,316.0,73.0,165.0,1,1,1.0
758,2,1105.0,317.0,72.0,166.0,1,1,1.0
759,2,1111.0,317.0,72.0,167.0,1,1,1.0
760,2,1117.0,317.0,69.0,167.0,1,1,1.0
761,2,1124.0,317.0,67.0,168.0,1,1,1.0
762,2,1133.0,316.0,62.0,168.0,1,1,1.0
763,2,1139.0,316.0,60.0,169.0,1,1,1.0
764,2,1143.0,316.0,60.0,168.0,1,1,1.0
765,2,1148.0,316.0,59.0,168.0,1,1,1.0
766,2,1150.0,317.0,61.0,167.0,1,1,1.0
767,2,1151.0,318.0,71.0,167.0,1,1,1.0
768,2,1152.0,319.0,78.0,166.0,1,1,1.0
769,2,1152.0,321.0,80.0,167.0,1,1,1.0
770,2,1153.0,321.0,81.0,170.0,1,1,1.0
771,2,1156.0,321.0,81.0,172.0,1,1,1.0
772,2,1161.0,321.0,81.0,172.0,1,1,1.0
773,2,1169.0,321.0,78.0,172.0,1,1,1.0
774,2,1180.0,321.0,73.0,173.0,1,1,1.0
775,2,1192.0,321.0,66.0,172.0,1,1,1.0
776,2,1196.0,321.0,67.0,173.0,1,1,1.0
777,2,1198.0,322.0,69.0,176.0,1,1,1.0
778,2,1199.0,323.0,73.0,177.0,1,1,1.0
779,2,1201.0,325.0,76.0,177.0,1,1,1.0
780,2,1203.0,327.0,79.0,177.0,1,1,1.0
781,2,1208.0,328.0,80.0,179.0,1,1,1.0
782,2,1212.0,328.0,80.0,181.0,1,1,1.0
783,2,1218.0,329.0,79.0,181.0,1,1,1.0
784,2,1226.0,329.0,75.0,182.0,1,1,1.0
785,2,1236.0,329.0,71.0,182.0,1,1,1.0
786,2,1246.0,329.0,66.0,182.0,1,1,1.0
787,2,1253.0,329.0,63.0,182.0,1,1,1.0
788,2,1257.0,330.0,64.0,181.0,1,1,1.0
789,2,1258.0,331.0,68.0,181.0,1,1,1.0
790,2,1259.0,333.0,76.0,180.0,1,1,1.0
791,2,1259.0,335.0,85.0,180.0,1,1,1.0
792,2,1260.0,337.0,88.0,180.0,1,1,1.0
