1,1,1714.0,105.0,37.0,121.0,1,1,1.0
1,2,1735.0,110.0,36.0,128.0,1,1,1.0
2,1,1714.0,106.0,37.0,121.0,1,1,1.0
2,2,1733.0,110.0,37.0,128.0,1,1,1.0
3,1,1714.0,106.0,35.0,120.0,1,1,1.0
3,2,1732.0,111.0,37.0,128.0,1,1,1.0
4,1,1714.0,107.0,34.0,118.0,1,1,1.0
4,2,1731.0,110.0,37.0,127.0,1,1,1.0
5,1,1713.0,107.0,33.0,118.0,1,1,1.0
5,2,1731.0,109.0,37.0,127.0,1,1,1.0
6,1,1710.0,107.0,34.0,115.0,1,1,1.0
6,2,1730.0,108.0,36.0,125.0,1,1,1.0
7,1,1706.0,107.0,36.0,114.0,1,1,1.0
7,2,1729.0,107.0,36.0,124.0,1,1,1.0
8,1,1702.0,107.0,39.0,113.0,1,1,1.0
8,2,1728.0,106.0,34.0,123.0,1,1,1.0
9,1,1700.0,107.0,38.0,113.0,1,1,1.0
9,2,1727.0,106.0,34.0,123.0,1,1,1.0
10,2,1725.0,105.0,34.0,122.0,1,1,1.0
13,1,1694.0,103.0,35.0,110.0,1,1,1.0
14,1,1694.0,103.0,34.0,114.0,1,1,1.0
15,1,1694.0,103.0,33.0,115.0,1,1,1.0
15,2,1713.0,106.0,40.0,121.0,1,1,1.0
16,1,1693.0,101.0,33.0,115.0,1,1,1.0
16,2,1713.0,106.0,39.0,121.0,1,1,1.0
17,1,1692.0,101.0,31.0,119.0,1,1,1.0
17,2,1713.0,106.0,39.0,121.0,1,1,1.0
18,1,1691.0,101.0,31.0,120.0,1,1,1.0
18,2,1712.0,106.0,38.0,121.0,1,1,1.0
19,1,1686.0,101.0,34.0,119.0,1,1,1.0
19,2,1711.0,107.0,38.0,122.0,1,1,1.0
20,1,1681.0,101.0,40.0,123.0,1,1,1.0
20,2,1709.0,107.0,38.0,121.0,1,1,1.0
21,1,1676.0,102.0,43.0,120.0,1,1,1.0
21,2,1705.0,105.0,41.0,123.0,1,1,1.0
22,1,1673.0,102.0,43.0,118.0,1,1,1.0
22,2,1702.0,104.0,41.0,125.0,1,1,1.0
23,1,1673.0,102.0,42.0,118.0,1,1,1.0
23,2,1701.0,102.0,39.0,126.0,1,1,1.0
24,1,1672.0,101.0,38.0,118.0,1,1,1.0
24,2,1701.0,101.0,36.0,127.0,1,1,1.0
25,1,1672.0,100.0,35.0,119.0,1,1,1.0
27,1,1664.0,98.0,36.0,111.0,1,1,1.0
27,2,1679.0,101.0,50.0,128.0,1,1,1.0
28,1,1660.0,98.0,39.0,115.0,1,1,1.0
28,2,1677.0,101.0,49.0,128.0,1,1,1.0
29,1,1654.0,97.0,44.0,121.0,1,1,1.0
29,2,1676.0,101.0,48.0,128.0,1,1,1.0
30,1,1646.0,97.0,52.0,121.0,1,1,1.0
30,2,1674.0,102.0,48.0,127.0,1,1,1.0
31,1,1639.0,98.0,57.0,122.0,1,1,1.0
31,2,1672.0,103.0,50.0,126.0,1,1,1.0
32,1,1633.0,98.0,60.0,124.0,1,1,1.0
32,2,1670.0,102.0,50.0,127.0,1,1,1.0
33,1,1629.0,97.0,61.0,122.0,1,1,1.0
33,2,1669.0,101.0,49.0,127.0,1,1,1.0
34,1,1625.0,96.0,61.0,122.0,1,1,1.0
34,2,1668.0,100.0,48.0,127.0,1,1,1.0
35,1,1624.0,95.0,58.0,121.0,1,1,1.0
35,2,1664.0,99.0,47.0,128.0,1,1,1.0
36,1,1622.0,95.0,54.0,121.0,1,1,1.0
36,2,1663.0,98.0,44.0,129.0,1,1,1.0
37,1,1621.0,94.0,51.0,122.0,1,1,1.0
37,2,1659.0,97.0,44.0,131.0,1,1,1.0
38,1,1621.0,93.0,48.0,123.0,1,1,1.0
38,2,1658.0,97.0,43.0,131.0,1,1,1.0
39,1,1621.0,93.0,45.0,124.0,1,1,1.0
39,2,1658.0,97.0,43.0,131.0,1,1,1.0
40,1,1614.0,94.0,48.0,123.0,1,1,1.0
40,2,1654.0,97.0,45.0,131.0,1,1,1.0
41,1,1611.0,94.0,49.0,123.0,1,1,1.0
41,2,1650.0,98.0,48.0,130.0,1,1,1.0
42,1,1606.0,94.0,51.0,124.0,1,1,1.0
42,2,1646.0,98.0,50.0,130.0,1,1,1.0
43,1,1603.0,93.0,51.0,124.0,1,1,1.0
43,2,1644.0,98.0,50.0,131.0,1,1,1.0
44,1,1601.0,93.0,50.0,124.0,1,1,1.0
44,2,1641.0,99.0,49.0,131.0,1,1,1.0
45,1,1600.0,93.0,48.0,125.0,1,1,1.0
45,2,1640.0,98.0,47.0,132.0,1,1,1.0
46,1,1600.0,92.0,44.0,126.0,1,1,1.0
46,2,1636.0,97.0,45.0,133.0,1,1,1.0
47,1,1598.0,91.0,43.0,127.0,1,1,1.0
47,2,1631.0,96.0,45.0,134.0,1,1,1.0
48,1,1592.0,89.0,45.0,129.0,1,1,1.0
48,2,1628.0,94.0,43.0,137.0,1,1,1.0
49,1,1588.0,87.0,48.0,130.0,1,1,1.0
49,2,1624.0,93.0,43.0,138.0,1,1,1.0
50,1,1581.0,87.0,51.0,129.0,1,1,1.0
50,2,1614.0,91.0,48.0,140.0,1,1,1.0
51,1,1572.0,88.0,56.0,128.0,1,1,1.0
51,2,1609.0,94.0,52.0,137.0,1,1,1.0
52,1,1566.0,89.0,57.0,126.0,1,1,1.0
52,2,1603.0,95.0,55.0,135.0,1,1,1.0
53,1,1562.0,89.0,57.0,126.0,1,1,1.0
53,2,1599.0,96.0,58.0,134.0,1,1,1.0
54,1,1559.0,90.0,58.0,126.0,1,1,1.0
54,2,1598.0,96.0,59.0,135.0,1,1,1.0
55,1,1555.0,89.0,59.0,127.0,1,1,1.0
55,2,1597.0,95.0,56.0,135.0,1,1,1.0
56,1,1551.0,88.0,58.0,128.0,1,1,1.0
56,2,1597.0,93.0,51.0,136.0,1,1,1.0
57,1,1545.0,87.0,60.0,128.0,1,1,1.0
57,2,1596.0,92.0,46.0,137.0,1,1,1.0
58,1,1541.0,86.0,62.0,129.0,1,1,1.0
58,2,1594.0,91.0,41.0,138.0,1,1,1.0
59,1,1536.0,86.0,61.0,130.0,1,1,1.0
59,2,1587.0,89.0,44.0,140.0,1,1,1.0
60,1,1532.0,86.0,62.0,131.0,1,1,1.0
60,2,1582.0,88.0,46.0,141.0,1,1,1.0
61,1,1529.0,86.0,61.0,131.0,1,1,1.0
61,2,1577.0,89.0,50.0,141.0,1,1,1.0
62,1,1529.0,86.0,59.0,132.0,1,1,1.0
62,2,1572.0,90.0,53.0,140.0,1,1,1.0
63,1,1526.0,86.0,58.0,132.0,1,1,1.0
63,2,1566.0,91.0,57.0,139.0,1,1,1.0
64,1,1525.0,87.0,56.0,132.0,1,1,1.0
64,2,1564.0,92.0,58.0,139.0,1,1,1.0
65,1,1524.0,87.0,55.0,132.0,1,1,1.0
65,2,1559.0,92.0,60.0,139.0,1,1,1.0
66,1,1523.0,87.0,51.0,133.0,1,1,1.0
66,2,1561.0,92.0,54.0,140.0,1,1,1.0
67,1,1522.0,86.0,47.0,133.0,1,1,1.0
67,2,1556.0,90.0,53.0,142.0,1,1,1.0
68,1,1521.0,85.0,45.0,134.0,1,1,1.0
68,2,1554.0,89.0,48.0,142.0,1,1,1.0
69,1,1517.0,84.0,45.0,135.0,1,1,1.0
69,2,1544.0,88.0,52.0,143.0,1,1,1.0
70,1,1510.0,84.0,48.0,134.0,1,1,1.0
70,2,1537.0,88.0,55.0,143.0,1,1,1.0
71,1,1502.0,84.0,53.0,135.0,1,1,1.0
71,2,1532.0,88.0,55.0,143.0,1,1,1.0
72,1,1494.0,84.0,60.0,134.0,1,1,1.0
72,2,1527.0,88.0,57.0,144.0,1,1,1.0
73,1,1489.0,85.0,61.0,134.0,1,1,1.0
73,2,1520.0,88.0,61.0,143.0,1,1,1.0
74,1,1486.0,86.0,62.0,134.0,1,1,1.0
74,2,1517.0,89.0,63.0,143.0,1,1,1.0
75,1,1485.0,85.0,59.0,135.0,1,1,1.0
75,2,1515.0,89.0,62.0,143.0,1,1,1.0
76,1,1484.0,84.0,56.0,136.0,1,1,1.0
76,2,1515.0,88.0,61.0,143.0,1,1,1.0
77,1,1478.0,84.0,56.0,136.0,1,1,1.0
77,2,1512.0,87.0,60.0,144.0,1,1,1.0
79,2,1511.0,85.0,46.0,146.0,1,1,1.0
80,1,1460.0,79.0,60.0,142.0,1,1,1.0
80,2,1509.0,84.0,42.0,146.0,1,1,1.0
81,1,1454.0,80.0,60.0,142.0,1,1,1.0
81,2,1506.0,84.0,41.0,147.0,1,1,1.0
82,1,1450.0,81.0,59.0,140.0,1,1,1.0
82,2,1501.0,86.0,43.0,147.0,1,1,1.0
83,1,1443.0,82.0,62.0,139.0,1,1,1.0
83,2,1494.0,86.0,48.0,147.0,1,1,1.0
84,1,1439.0,83.0,63.0,139.0,1,1,1.0
84,2,1486.0,87.0,54.0,146.0,1,1,1.0
85,1,1437.0,84.0,61.0,140.0,1,1,1.0
85,2,1481.0,88.0,57.0,147.0,1,1,1.0
86,1,1436.0,84.0,58.0,140.0,1,1,1.0
86,2,1478.0,88.0,57.0,148.0,1,1,1.0
87,1,1436.0,83.0,54.0,140.0,1,1,1.0
87,2,1473.0,87.0,57.0,149.0,1,1,1.0
88,1,1436.0,82.0,49.0,142.0,1,1,1.0
88,2,1469.0,86.0,56.0,151.0,1,1,1.0
89,1,1435.0,81.0,45.0,142.0,1,1,1.0
89,2,1462.0,85.0,55.0,153.0,1,1,1.0
90,1,1430.0,80.0,47.0,142.0,1,1,1.0
90,2,1453.0,84.0,56.0,153.0,1,1,1.0
91,1,1421.0,80.0,51.0,142.0,1,1,1.0
91,2,1450.0,83.0,53.0,153.0,1,1,1.0
92,1,1410.0,80.0,59.0,145.0,1,1,1.0
92,2,1447.0,83.0,53.0,153.0,1,1,1.0
93,2,1436.0,84.0,64.0,152.0,1,1,1.0
96,1,1393.0,82.0,66.0,144.0,1,1,1.0
96,2,1419.0,84.0,75.0,152.0,1,1,1.0
97,1,1391.0,81.0,61.0,147.0,1,1,1.0
97,2,1417.0,83.0,73.0,154.0,1,1,1.0
98,1,1391.0,80.0,54.0,147.0,1,1,1.0
98,2,1415.0,82.0,67.0,153.0,1,1,1.0
99,1,1390.0,80.0,44.0,145.0,1,1,1.0
99,2,1415.0,82.0,57.0,153.0,1,1,1.0
100,1,1384.0,78.0,44.0,146.0,1,1,1.0
100,2,1413.0,81.0,48.0,153.0,1,1,1.0
101,1,1378.0,78.0,44.0,146.0,1,1,1.0
102,1,1367.0,78.0,51.0,148.0,1,1,1.0
102,2,1405.0,81.0,49.0,155.0,1,1,1.0
103,1,1363.0,79.0,50.0,148.0,1,1,1.0
103,2,1397.0,83.0,57.0,155.0,1,1,1.0
104,1,1360.0,80.0,52.0,150.0,1,1,1.0
104,2,1388.0,83.0,65.0,153.0,1,1,1.0
105,2,1381.0,84.0,70.0,152.0,1,1,1.0
107,1,1350.0,79.0,44.0,150.0,1,1,1.0
107,2,1373.0,84.0,69.0,155.0,1,1,1.0
108,1,1349.0,79.0,40.0,150.0,1,1,1.0
108,2,1373.0,84.0,61.0,155.0,1,1,1.0
109,1,1345.0,78.0,40.0,151.0,1,1,1.0
109,2,1371.0,84.0,54.0,155.0,1,1,1.0
110,1,1338.0,77.0,42.0,150.0,1,1,1.0
110,2,1366.0,82.0,50.0,157.0,1,1,1.0
111,1,1329.0,78.0,48.0,149.0,1,1,1.0
111,2,1361.0,81.0,46.0,158.0,1,1,1.0
112,1,1316.0,78.0,61.0,150.0,1,1,1.0
112,2,1356.0,82.0,46.0,157.0,1,1,1.0
113,1,1306.0,79.0,72.0,150.0,1,1,1.0
113,2,1340.0,81.0,57.0,158.0,1,1,1.0
116,1,1281.0,81.0,87.0,149.0,1,1,1.0
116,2,1315.0,84.0,77.0,156.0,1,1,1.0
117,1,1276.0,79.0,78.0,148.0,1,1,1.0
117,2,1311.0,84.0,79.0,156.0,1,1,1.0
118,1,1274.0,78.0,71.0,148.0,1,1,1.0
118,2,1307.0,84.0,79.0,156.0,1,1,1.0
119,2,1308.0,83.0,70.0,157.0,1,1,1.0
120,1,1269.0,77.0,58.0,150.0,1,1,1.0
120,2,1308.0,83.0,58.0,157.0,1,1,1.0
121,1,1264.0,77.0,59.0,151.0,1,1,1.0
121,2,1308.0,82.0,49.0,158.0,1,1,1.0
122,1,1260.0,78.0,62.0,151.0,1,1,1.0
122,2,1300.0,82.0,50.0,159.0,1,1,1.0
123,1,1253.0,79.0,61.0,151.0,1,1,1.0
123,2,1297.0,83.0,53.0,160.0,1,1,1.0
124,1,1246.0,78.0,69.0,153.0,1,1,1.0
124,2,1286.0,84.0,63.0,159.0,1,1,1.0
125,1,1245.0,78.0,60.0,154.0,1,1,1.0
125,2,1278.0,85.0,71.0,159.0,1,1,1.0
126,1,1242.0,78.0,55.0,155.0,1,1,1.0
126,2,1272.0,86.0,75.0,161.0,1,1,1.0
127,1,1242.0,78.0,47.0,154.0,1,1,1.0
127,2,1269.0,86.0,74.0,162.0,1,1,1.0
128,1,1237.0,77.0,46.0,155.0,1,1,1.0
128,2,1268.0,86.0,69.0,163.0,1,1,1.0
129,1,1232.0,77.0,46.0,155.0,1,1,1.0
129,2,1261.0,85.0,66.0,163.0,1,1,1.0
130,1,1224.0,76.0,49.0,155.0,1,1,1.0
130,2,1251.0,84.0,65.0,165.0,1,1,1.0
131,1,1214.0,75.0,56.0,155.0,1,1,1.0
131,2,1247.0,83.0,59.0,166.0,1,1,1.0
132,1,1203.0,76.0,62.0,155.0,1,1,1.0
132,2,1249.0,82.0,50.0,167.0,1,1,1.0
133,1,1193.0,77.0,72.0,156.0,1,1,1.0
133,2,1245.0,82.0,49.0,167.0,1,1,1.0
135,2,1214.0,83.0,78.0,166.0,1,1,1.0
136,1,1181.0,78.0,66.0,160.0,1,1,1.0
136,2,1206.0,84.0,85.0,166.0,1,1,1.0
138,1,1175.0,77.0,57.0,158.0,1,1,1.0
139,1,1171.0,76.0,54.0,157.0,1,1,1.0
139,2,1198.0,82.0,77.0,169.0,1,1,1.0
140,1,1164.0,76.0,53.0,157.0,1,1,1.0
140,2,1197.0,81.0,58.0,170.0,1,1,1.0
141,1,1157.0,77.0,55.0,157.0,1,1,1.0
141,2,1197.0,80.0,52.0,171.0,1,1,1.0
144,2,1170.0,80.0,61.0,173.0,1,1,1.0
146,2,1146.0,82.0,81.0,171.0,1,1,1.0
147,2,1141.0,84.0,84.0,172.0,1,1,1.0
148,1,1118.0,78.0,50.0,161.0,1,1,1.0
148,2,1138.0,84.0,84.0,172.0,1,1,1.0
149,1,1114.0,78.0,47.0,161.0,1,1,1.0
149,2,1135.0,83.0,80.0,173.0,1,1,1.0
150,1,1110.0,77.0,46.0,161.0,1,1,1.0
150,2,1129.0,83.0,70.0,174.0,1,1,1.0
151,1,1105.0,77.0,48.0,161.0,1,1,1.0
151,2,1124.0,82.0,62.0,176.0,1,1,1.0
155,1,1069.0,81.0,83.0,160.0,1,1,1.0
155,2,1082.0,82.0,84.0,175.0,1,1,1.0
157,2,1067.0,83.0,96.0,174.0,1,1,1.0
158,2,1065.0,84.0,95.0,174.0,1,1,1.0
161,1,1036.0,78.0,54.0,168.0,1,1,1.0
161,2,1062.0,81.0,71.0,176.0,1,1,1.0
169,2,985.0,82.0,103.0,181.0,1,1,1.0
170,2,980.0,82.0,100.0,181.0,1,1,1.0
171,2,979.0,82.0,83.0,182.0,1,1,1.0
172,2,968.0,82.0,84.0,181.0,1,1,1.0
173,2,952.0,81.0,87.0,182.0,1,1,1.0
174,2,942.0,81.0,89.0,182.0,1,1,1.0
175,2,937.0,83.0,92.0,181.0,1,1,1.0
176,2,934.0,83.0,92.0,181.0,1,1,1.0
177,2,926.0,85.0,98.0,180.0,1,1,1.0
178,2,921.0,86.0,102.0,179.0,1,1,1.0
183,2,888.0,85.0,87.0,181.0,1,1,1.0
184,2,880.0,85.0,83.0,182.0,1,1,1.0
185,2,875.0,86.0,77.0,183.0,1,1,1.0
186,2,871.0,88.0,79.0,183.0,1,1,1.0
187,2,866.0,90.0,82.0,183.0,1,1,1.0
188,2,859.0,91.0,88.0,180.0,1,1,1.0
189,2,858.0,91.0,87.0,180.0,1,1,1.0
190,2,854.0,91.0,89.0,180.0,1,1,1.0
191,2,848.0,91.0,87.0,180.0,1,1,1.0
193,2,828.0,91.0,84.0,179.0,1,1,1.0
194,2,814.0,91.0,84.0,180.0,1,1,1.0
195,2,806.0,91.0,79.0,179.0,1,1,1.0
196,2,801.0,91.0,82.0,178.0,1,1,1.0
197,2,798.0,92.0,82.0,178.0,1,1,1.0
198,2,788.0,94.0,92.0,178.0,1,1,1.0
199,2,782.0,95.0,96.0,180.0,1,1,1.0
200,2,783.0,94.0,93.0,179.0,1,1,1.0
201,2,775.0,94.0,99.0,180.0,1,1,1.0
202,2,765.0,94.0,99.0,179.0,1,1,1.0
204,2,752.0,96.0,85.0,180.0,1,1,1.0
205,2,747.0,97.0,82.0,178.0,1,1,1.0
209,2,717.0,103.0,88.0,191.0,1,1,1.0
210,2,717.0,103.0,86.0,194.0,1,1,1.0
211,2,714.0,103.0,77.0,195.0,1,1,1.0
213,2,701.0,104.0,64.0,195.0,1,1,1.0
214,2,693.0,105.0,71.0,194.0,1,1,1.0
216,2,668.0,107.0,88.0,192.0,1,1,1.0
218,2,657.0,110.0,95.0,189.0,1,1,1.0
219,2,646.0,112.0,100.0,188.0,1,1,1.0
220,2,636.0,113.0,104.0,189.0,1,1,1.0
221,2,634.0,114.0,103.0,191.0,1,1,1.0
222,2,627.0,114.0,106.0,193.0,1,1,1.0
223,2,626.0,114.0,100.0,193.0,1,1,1.0
224,2,618.0,115.0,97.0,193.0,1,1,1.0
226,2,600.0,115.0,92.0,192.0,1,1,1.0
227,2,592.0,117.0,81.0,192.0,1,1,1.0
228,2,585.0,119.0,80.0,193.0,1,1,1.0
229,2,580.0,121.0,93.0,194.0,1,1,1.0
230,2,569.0,122.0,102.0,196.0,1,1,1.0
231,2,561.0,125.0,105.0,195.0,1,1,1.0
239,2,510.0,134.0,107.0,189.0,1,1,1.0
241,2,486.0,137.0,109.0,189.0,1,1,1.0
242,2,478.0,138.0,110.0,191.0,1,1,1.0
243,2,469.0,141.0,113.0,189.0,1,1,1.0
244,2,464.0,141.0,108.0,189.0,1,1,1.0
245,2,473.0,137.0,85.0,185.0,1,1,1.0
248,2,450.0,138.0,95.0,178.0,1,1,1.0
249,2,444.0,140.0,97.0,180.0,1,1,1.0
250,2,429.0,144.0,90.0,188.0,1,1,1.0
253,2,404.0,151.0,100.0,192.0,1,1,1.0
254,2,399.0,153.0,97.0,191.0,1,1,1.0
255,2,408.0,148.0,77.0,183.0,1,1,1.0
256,2,401.0,148.0,78.0,179.0,1,1,1.0
258,2,380.0,152.0,94.0,176.0,1,1,1.0
263,2,320.0,164.0,113.0,185.0,1,1,1.0
265,2,307.0,168.0,107.0,184.0,1,1,1.0
266,2,306.0,169.0,96.0,183.0,1,1,1.0
273,2,257.0,176.0,101.0,189.0,1,1,1.0
274,3,287.0,168.0,72.0,183.0,1,1,1.0
274,2,254.0,178.0,96.0,190.0,1,1,1.0
276,3,274.0,170.0,67.0,177.0,1,1,1.0
279,3,246.0,177.0,87.0,173.0,1,1,1.0
279,2,228.0,180.0,66.0,189.0,1,1,1.0
282,2,196.0,184.0,90.0,186.0,1,1,1.0
283,2,187.0,186.0,97.0,185.0,1,1,1.0
284,3,225.0,177.0,53.0,174.0,1,1,1.0
284,2,180.0,190.0,101.0,184.0,1,1,1.0
285,3,220.0,178.0,54.0,177.0,1,1,1.0
285,2,173.0,193.0,105.0,183.0,1,1,1.0
286,3,213.0,181.0,60.0,182.0,1,1,1.0
289,3,194.0,189.0,75.0,167.0,1,1,1.0
289,2,164.0,194.0,69.0,182.0,1,1,1.0
291,3,183.0,192.0,76.0,171.0,1,1,1.0
291,2,154.0,195.0,64.0,187.0,1,1,1.0
292,3,177.0,193.0,72.0,179.0,1,1,1.0
292,2,148.0,197.0,61.0,188.0,1,1,1.0
294,3,165.0,194.0,60.0,182.0,1,1,1.0
294,2,127.0,202.0,59.0,188.0,1,1,1.0
295,3,160.0,194.0,56.0,180.0,1,1,1.0
296,3,152.0,195.0,59.0,176.0,1,1,1.0
297,3,145.0,196.0,65.0,174.0,1,1,1.0
297,2,117.0,208.0,50.0,187.0,1,1,1.0
298,3,140.0,198.0,69.0,173.0,1,1,1.0
299,3,137.0,201.0,71.0,172.0,1,1,1.0
299,2,107.0,210.0,46.0,186.0,1,1,1.0
300,3,134.0,204.0,73.0,166.0,1,1,1.0
300,2,101.0,210.0,52.0,186.0,1,1,1.0
301,3,129.0,206.0,76.0,166.0,1,1,1.0
301,2,93.0,210.0,57.0,185.0,1,1,1.0
302,3,123.0,206.0,74.0,165.0,1,1,1.0
302,2,83.0,212.0,65.0,183.0,1,1,1.0
303,3,119.0,207.0,69.0,165.0,1,1,1.0
303,2,74.0,214.0,73.0,181.0,1,1,1.0
304,3,113.0,207.0,69.0,164.0,1,1,1.0
304,2,65.0,215.0,82.0,181.0,1,1,1.0
305,3,109.0,208.0,68.0,165.0,1,1,1.0
305,2,59.0,219.0,87.0,180.0,1,1,1.0
306,3,103.0,208.0,70.0,164.0,1,1,1.0
306,2,55.0,220.0,90.0,182.0,1,1,1.0
307,3,98.0,209.0,70.0,169.0,1,1,1.0
310,2,46.0,223.0,60.0,181.0,1,1,1.0
312,3,74.0,219.0,76.0,167.0,1,1,1.0
312,2,40.0,226.0,54.0,180.0,1,1,1.0
313,3,69.0,220.0,75.0,167.0,1,1,1.0
313,2,35.0,228.0,57.0,182.0,1,1,1.0
314,2,28.0,230.0,64.0,183.0,1,1,1.0
315,3,60.0,221.0,68.0,166.0,1,1,1.0
315,2,18.0,233.0,73.0,181.0,1,1,1.0
316,3,55.0,222.0,64.0,165.0,1,1,1.0
316,2,13.0,236.0,76.0,180.0,1,1,1.0
317,3,50.0,223.0,61.0,164.0,1,1,1.0
317,2,10.0,238.0,77.0,180.0,1,1,1.0
318,3,44.0,223.0,59.0,164.0,1,1,1.0
318,2,8.0,239.0,73.0,180.0,1,1,1.0
319,3,39.0,225.0,58.0,164.0,1,1,1.0
319,2,6.0,240.0,66.0,179.0,1,1,1.0
320,3,35.0,227.0,63.0,168.0,1,1,1.0
320,2,1.0,240.0,60.0,179.0,1,1,1.0
321,3,30.0,229.0,67.0,172.0,1,1,1.0
321,2,0.0,241.0,46.0,179.0,1,1,1.0
322,3,26.0,230.0,71.0,166.0,1,1,1.0
322,2,0.0,240.0,40.0,179.0,1,1,1.0
323,3,22.0,232.0,73.0,165.0,1,1,1.0
323,2,0.0,242.0,37.0,177.0,1,1,1.0
324,3,19.0,233.0,74.0,163.0,1,1,1.0
324,2,0.0,245.0,37.0,174.0,1,1,1.0
325,2,0.0,249.0,36.0,170.0,1,1,1.0
326,3,14.0,234.0,57.0,163.0,1,1,1.0
327,3,11.0,235.0,50.0,161.0,1,1,1.0
328,3,5.0,236.0,48.0,175.0,1,1,1.0
329,3,1.0,237.0,50.0,178.0,1,1,1.0
330,3,0.0,238.0,51.0,177.0,1,1,1.0
331,3,0.0,239.0,52.0,177.0,1,1,1.0
332,3,0.0,241.0,52.0,171.0,1,1,1.0
333,3,0.0,242.0,52.0,168.0,1,1,1.0
334,3,0.0,248.0,51.0,162.0,1,1,1.0
335,3,0.0,257.0,47.0,153.0,1,1,1.0
412,4,0.0,231.0,40.0,145.0,1,1,1.0
413,4,0.0,230.0,42.0,146.0,1,1,1.0
414,4,0.0,228.0,43.0,147.0,1,1,1.0
415,4,0.0,227.0,47.0,149.0,1,1,1.0
416,4,2.0,225.0,48.0,150.0,1,1,1.0
417,4,5.0,224.0,51.0,152.0,1,1,1.0
418,4,9.0,223.0,56.0,152.0,1,1,1.0
419,4,13.0,222.0,58.0,153.0,1,1,1.0
420,4,16.0,221.0,62.0,152.0,1,1,1.0
421,4,19.0,219.0,65.0,153.0,1,1,1.0
422,4,22.0,219.0,64.0,148.0,1,1,1.0
423,4,27.0,216.0,59.0,145.0,1,1,1.0
424,4,31.0,213.0,55.0,145.0,1,1,1.0
428,4,52.0,210.0,63.0,147.0,1,1,1.0
430,4,60.0,207.0,69.0,149.0,1,1,1.0
431,4,66.0,207.0,68.0,142.0,1,1,1.0
432,4,72.0,204.0,64.0,140.0,1,1,1.0
433,4,75.0,203.0,61.0,142.0,1,1,1.0
434,4,81.0,200.0,56.0,143.0,1,1,1.0
435,4,84.0,198.0,54.0,144.0,1,1,1.0
436,4,88.0,195.0,51.0,147.0,1,1,1.0
438,4,95.0,192.0,56.0,150.0,1,1,1.0
439,4,101.0,192.0,57.0,150.0,1,1,1.0
440,4,106.0,192.0,59.0,149.0,1,1,1.0
441,4,111.0,191.0,60.0,140.0,1,1,1.0
442,4,114.0,189.0,59.0,146.0,1,1,1.0
443,4,118.0,187.0,57.0,147.0,1,1,1.0
444,4,123.0,186.0,53.0,144.0,1,1,1.0
445,4,128.0,184.0,49.0,143.0,1,1,1.0
446,4,131.0,182.0,48.0,144.0,1,1,1.0
447,4,134.0,180.0,48.0,144.0,1,1,1.0
449,4,142.0,176.0,62.0,149.0,1,1,1.0
450,4,145.0,175.0,68.0,149.0,1,1,1.0
451,4,149.0,176.0,69.0,148.0,1,1,1.0
452,4,151.0,176.0,72.0,146.0,1,1,1.0
453,4,156.0,175.0,70.0,144.0,1,1,1.0
454,4,161.0,173.0,64.0,140.0,1,1,1.0
456,4,173.0,171.0,53.0,140.0,1,1,1.0
461,4,193.0,165.0,62.0,146.0,1,1,1.0
462,4,197.0,164.0,64.0,146.0,1,1,1.0
463,4,198.0,163.0,66.0,146.0,1,1,1.0
464,4,202.0,161.0,65.0,146.0,1,1,1.0
465,4,208.0,160.0,59.0,142.0,1,1,1.0
466,4,214.0,159.0,52.0,140.0,1,1,1.0
467,4,220.0,157.0,46.0,139.0,1,1,1.0
468,4,225.0,155.0,44.0,139.0,1,1,1.0
469,4,230.0,154.0,44.0,141.0,1,1,1.0
470,4,234.0,153.0,50.0,141.0,1,1,1.0
472,4,242.0,150.0,66.0,144.0,1,1,1.0
473,4,243.0,150.0,72.0,141.0,1,1,1.0
474,4,243.0,149.0,77.0,142.0,1,1,1.0
475,4,246.0,148.0,77.0,142.0,1,1,1.0
476,4,248.0,148.0,74.0,139.0,1,1,1.0
477,4,252.0,147.0,71.0,138.0,1,1,1.0
479,4,273.0,143.0,54.0,139.0,1,1,1.0
480,4,280.0,142.0,48.0,141.0,1,1,1.0
481,4,285.0,140.0,49.0,142.0,1,1,1.0
482,4,288.0,139.0,58.0,143.0,1,1,1.0
483,4,290.0,139.0,65.0,139.0,1,1,1.0
484,4,295.0,138.0,65.0,137.0,1,1,1.0
485,4,299.0,138.0,62.0,136.0,1,1,1.0
485,5,281.0,133.0,32.0,137.0,1,1,1.0
486,4,305.0,137.0,57.0,135.0,1,1,1.0
486,5,285.0,132.0,35.0,144.0,1,1,1.0
487,4,311.0,135.0,50.0,135.0,1,1,1.0
487,5,290.0,130.0,33.0,144.0,1,1,1.0
488,4,317.0,134.0,45.0,135.0,1,1,1.0
488,5,295.0,131.0,32.0,142.0,1,1,1.0
489,4,322.0,132.0,44.0,137.0,1,1,1.0
490,4,326.0,131.0,44.0,138.0,1,1,1.0
490,5,301.0,132.0,34.0,139.0,1,1,1.0
491,4,330.0,130.0,47.0,139.0,1,1,1.0
491,5,302.0,132.0,35.0,138.0,1,1,1.0
493,5,311.0,128.0,44.0,142.0,1,1,1.0
494,4,341.0,129.0,66.0,140.0,1,1,1.0
494,5,318.0,126.0,40.0,141.0,1,1,1.0
495,4,343.0,129.0,70.0,139.0,1,1,1.0
496,4,345.0,126.0,71.0,140.0,1,1,1.0
496,5,330.0,123.0,33.0,139.0,1,1,1.0
497,4,353.0,126.0,64.0,136.0,1,1,1.0
497,5,335.0,122.0,32.0,139.0,1,1,1.0
498,4,357.0,124.0,60.0,135.0,1,1,1.0
498,5,340.0,121.0,31.0,138.0,1,1,1.0
499,4,355.0,123.0,61.0,135.0,1,1,1.0
499,5,343.0,121.0,31.0,137.0,1,1,1.0
500,4,359.0,122.0,57.0,136.0,1,1,1.0
500,5,346.0,121.0,33.0,137.0,1,1,1.0
501,4,369.0,121.0,51.0,137.0,1,1,1.0
501,5,348.0,120.0,35.0,137.0,1,1,1.0
502,4,376.0,120.0,46.0,137.0,1,1,1.0
502,5,349.0,119.0,37.0,138.0,1,1,1.0
504,4,386.0,120.0,56.0,133.0,1,1,1.0
504,5,358.0,115.0,54.0,141.0,1,1,1.0
505,4,391.0,120.0,57.0,133.0,1,1,1.0
506,4,394.0,120.0,58.0,134.0,1,1,1.0
506,5,372.0,113.0,39.0,139.0,1,1,1.0
507,4,400.0,119.0,53.0,131.0,1,1,1.0
507,5,377.0,112.0,38.0,139.0,1,1,1.0
508,4,404.0,117.0,50.0,132.0,1,1,1.0
508,5,381.0,112.0,36.0,137.0,1,1,1.0
509,4,407.0,116.0,46.0,131.0,1,1,1.0
509,5,384.0,113.0,36.0,135.0,1,1,1.0
510,4,410.0,114.0,46.0,130.0,1,1,1.0
510,5,388.0,112.0,33.0,136.0,1,1,1.0
511,4,414.0,112.0,47.0,132.0,1,1,1.0
511,5,390.0,111.0,33.0,136.0,1,1,1.0
512,4,418.0,110.0,49.0,134.0,1,1,1.0
513,4,422.0,110.0,56.0,134.0,1,1,1.0
514,4,425.0,109.0,63.0,135.0,1,1,1.0
514,5,400.0,110.0,50.0,136.0,1,1,1.0
515,4,428.0,109.0,67.0,134.0,1,1,1.0
515,5,403.0,109.0,50.0,135.0,1,1,1.0
516,4,431.0,110.0,67.0,133.0,1,1,1.0
517,4,431.0,109.0,70.0,131.0,1,1,1.0
518,4,433.0,108.0,68.0,132.0,1,1,1.0
519,4,439.0,107.0,62.0,131.0,1,1,1.0
519,5,422.0,104.0,37.0,132.0,1,1,1.0
520,4,448.0,106.0,53.0,130.0,1,1,1.0
520,5,426.0,103.0,35.0,132.0,1,1,1.0
521,4,454.0,104.0,49.0,130.0,1,1,1.0
521,5,431.0,102.0,33.0,133.0,1,1,1.0
522,4,457.0,104.0,49.0,131.0,1,1,1.0
522,5,434.0,103.0,32.0,131.0,1,1,1.0
523,4,458.0,103.0,47.0,131.0,1,1,1.0
523,5,435.0,102.0,31.0,131.0,1,1,1.0
526,4,468.0,103.0,52.0,131.0,1,1,1.0
527,4,471.0,102.0,52.0,131.0,1,1,1.0
528,4,476.0,103.0,48.0,129.0,1,1,1.0
528,5,454.0,95.0,34.0,130.0,1,1,1.0
529,4,479.0,100.0,44.0,129.0,1,1,1.0
530,4,483.0,99.0,42.0,128.0,1,1,1.0
531,4,484.0,99.0,44.0,127.0,1,1,1.0
531,5,468.0,94.0,30.0,129.0,1,1,1.0
532,4,485.0,98.0,48.0,127.0,1,1,1.0
532,5,472.0,93.0,29.0,130.0,1,1,1.0
533,4,488.0,97.0,48.0,128.0,1,1,1.0
533,5,474.0,94.0,30.0,130.0,1,1,1.0
539,4,495.0,95.0,69.0,127.0,1,1,1.0
540,4,503.0,93.0,63.0,128.0,1,1,1.0
541,4,510.0,93.0,56.0,126.0,1,1,1.0
542,4,515.0,92.0,51.0,125.0,1,1,1.0
545,4,519.0,86.0,51.0,131.0,1,1,1.0
546,4,523.0,87.0,50.0,129.0,1,1,1.0
547,4,525.0,87.0,58.0,129.0,1,1,1.0
548,4,527.0,86.0,63.0,130.0,1,1,1.0
549,4,530.0,85.0,64.0,131.0,1,1,1.0
550,4,535.0,84.0,61.0,132.0,1,1,1.0
551,4,541.0,81.0,57.0,135.0,1,1,1.0
552,4,544.0,81.0,55.0,135.0,1,1,1.0
553,4,546.0,80.0,53.0,135.0,1,1,1.0
554,4,549.0,81.0,50.0,134.0,1,1,1.0
555,4,553.0,83.0,46.0,130.0,1,1,1.0
560,4,568.0,84.0,48.0,125.0,1,1,1.0
563,4,575.0,85.0,53.0,123.0,1,1,1.0
564,4,577.0,86.0,54.0,123.0,1,1,1.0
565,4,583.0,85.0,49.0,123.0,1,1,1.0
566,4,589.0,85.0,46.0,123.0,1,1,1.0
566,6,615.0,76.0,46.0,123.0,1,1,1.0
567,4,594.0,86.0,43.0,122.0,1,1,1.0
567,6,618.0,76.0,51.0,123.0,1,1,1.0
568,4,597.0,85.0,41.0,123.0,1,1,1.0
568,6,623.0,77.0,52.0,121.0,1,1,1.0
569,4,601.0,84.0,43.0,123.0,1,1,1.0
569,6,626.0,77.0,52.0,124.0,1,1,1.0
570,6,629.0,77.0,51.0,125.0,1,1,1.0
573,4,611.0,81.0,63.0,127.0,1,1,1.0
574,4,612.0,80.0,66.0,128.0,1,1,1.0
575,4,614.0,81.0,67.0,127.0,1,1,1.0
576,4,617.0,80.0,65.0,127.0,1,1,1.0
576,6,652.0,74.0,42.0,120.0,1,1,1.0
577,4,622.0,79.0,60.0,128.0,1,1,1.0
578,4,626.0,79.0,56.0,127.0,1,1,1.0
578,6,660.0,74.0,48.0,123.0,1,1,1.0
579,4,631.0,78.0,60.0,128.0,1,1,1.0
580,4,635.0,77.0,58.0,128.0,1,1,1.0
581,4,639.0,78.0,58.0,128.0,1,1,1.0
581,6,673.0,74.0,49.0,125.0,1,1,1.0
582,4,642.0,79.0,57.0,128.0,1,1,1.0
582,6,677.0,74.0,47.0,126.0,1,1,1.0
583,4,644.0,80.0,60.0,127.0,1,1,1.0
583,6,681.0,74.0,44.0,129.0,1,1,1.0
584,4,645.0,80.0,61.0,127.0,1,1,1.0
584,6,684.0,71.0,42.0,131.0,1,1,1.0
585,4,647.0,79.0,60.0,128.0,1,1,1.0
585,6,687.0,70.0,44.0,134.0,1,1,1.0
586,4,649.0,79.0,59.0,129.0,1,1,1.0
586,6,690.0,69.0,46.0,137.0,1,1,1.0
587,4,653.0,80.0,59.0,129.0,1,1,1.0
587,6,692.0,68.0,49.0,134.0,1,1,1.0
588,4,658.0,79.0,54.0,130.0,1,1,1.0
588,6,696.0,68.0,50.0,133.0,1,1,1.0
589,4,663.0,78.0,50.0,132.0,1,1,1.0
589,6,700.0,69.0,52.0,133.0,1,1,1.0
590,4,667.0,77.0,53.0,133.0,1,1,1.0
590,6,701.0,70.0,55.0,132.0,1,1,1.0
591,4,671.0,77.0,52.0,133.0,1,1,1.0
591,6,706.0,71.0,55.0,132.0,1,1,1.0
592,4,674.0,77.0,51.0,133.0,1,1,1.0
592,6,708.0,71.0,55.0,134.0,1,1,1.0
593,4,676.0,77.0,57.0,133.0,1,1,1.0
593,6,714.0,71.0,54.0,134.0,1,1,1.0
594,4,675.0,77.0,63.0,133.0,1,1,1.0
594,6,719.0,70.0,52.0,134.0,1,1,1.0
595,6,723.0,69.0,49.0,136.0,1,1,1.0
596,4,671.0,79.0,74.0,132.0,1,1,1.0
596,6,726.0,68.0,47.0,136.0,1,1,1.0
597,4,669.0,79.0,79.0,132.0,1,1,1.0
597,6,730.0,67.0,46.0,137.0,1,1,1.0
598,4,667.0,78.0,82.0,133.0,1,1,1.0
598,6,732.0,67.0,46.0,136.0,1,1,1.0
599,4,669.0,77.0,80.0,133.0,1,1,1.0
599,6,737.0,67.0,47.0,136.0,1,1,1.0
600,4,674.0,77.0,76.0,134.0,1,1,1.0
600,6,741.0,68.0,54.0,135.0,1,1,1.0
601,6,743.0,69.0,62.0,134.0,1,1,1.0
602,6,743.0,70.0,65.0,134.0,1,1,1.0
603,6,745.0,70.0,67.0,134.0,1,1,1.0
604,4,707.0,78.0,62.0,134.0,1,1,1.0
604,6,746.0,69.0,67.0,141.0,1,1,1.0
605,4,709.0,79.0,67.0,135.0,1,1,1.0
605,6,751.0,67.0,63.0,144.0,1,1,1.0
606,4,714.0,78.0,66.0,136.0,1,1,1.0
606,6,761.0,66.0,54.0,141.0,1,1,1.0
607,4,718.0,79.0,68.0,137.0,1,1,1.0
607,6,769.0,65.0,47.0,140.0,1,1,1.0
608,4,722.0,78.0,68.0,139.0,1,1,1.0
608,6,775.0,64.0,45.0,139.0,1,1,1.0
609,4,727.0,77.0,61.0,140.0,1,1,1.0
609,6,779.0,64.0,47.0,139.0,1,1,1.0
610,4,732.0,75.0,53.0,142.0,1,1,1.0
610,6,782.0,65.0,50.0,139.0,1,1,1.0
611,4,738.0,75.0,49.0,142.0,1,1,1.0
611,6,784.0,65.0,54.0,138.0,1,1,1.0
612,4,742.0,75.0,48.0,142.0,1,1,1.0
612,6,787.0,66.0,57.0,137.0,1,1,1.0
613,4,746.0,75.0,49.0,142.0,1,1,1.0
613,6,790.0,67.0,60.0,137.0,1,1,1.0
614,4,749.0,76.0,57.0,141.0,1,1,1.0
614,6,793.0,67.0,62.0,139.0,1,1,1.0
615,4,747.0,76.0,68.0,141.0,1,1,1.0
615,6,796.0,67.0,63.0,140.0,1,1,1.0
616,4,749.0,77.0,72.0,140.0,1,1,1.0
616,6,800.0,67.0,61.0,140.0,1,1,1.0
617,4,749.0,76.0,76.0,141.0,1,1,1.0
617,6,803.0,67.0,60.0,140.0,1,1,1.0
618,4,750.0,76.0,77.0,142.0,1,1,1.0
618,6,809.0,65.0,56.0,142.0,1,1,1.0
619,6,816.0,64.0,50.0,143.0,1,1,1.0
620,4,765.0,77.0,63.0,141.0,1,1,1.0
620,6,822.0,64.0,45.0,142.0,1,1,1.0
621,4,778.0,76.0,50.0,141.0,1,1,1.0
621,6,828.0,65.0,44.0,142.0,1,1,1.0
622,6,832.0,65.0,48.0,142.0,1,1,1.0
623,4,781.0,76.0,66.0,143.0,1,1,1.0
623,6,833.0,65.0,59.0,141.0,1,1,1.0
624,4,784.0,76.0,72.0,143.0,1,1,1.0
624,6,834.0,67.0,68.0,140.0,1,1,1.0
625,4,788.0,76.0,75.0,143.0,1,1,1.0
625,6,835.0,67.0,74.0,140.0,1,1,1.0
626,4,795.0,77.0,74.0,143.0,1,1,1.0
626,6,837.0,66.0,74.0,144.0,1,1,1.0
627,4,800.0,78.0,74.0,143.0,1,1,1.0
627,6,841.0,65.0,72.0,143.0,1,1,1.0
628,4,804.0,78.0,73.0,145.0,1,1,1.0
628,6,844.0,65.0,68.0,143.0,1,1,1.0
629,4,809.0,77.0,69.0,146.0,1,1,1.0
629,6,853.0,64.0,60.0,142.0,1,1,1.0
630,4,809.0,76.0,69.0,148.0,1,1,1.0
630,6,860.0,63.0,54.0,143.0,1,1,1.0
631,4,807.0,75.0,70.0,149.0,1,1,1.0
631,6,865.0,63.0,55.0,143.0,1,1,1.0
632,4,806.0,75.0,72.0,149.0,1,1,1.0
632,6,868.0,63.0,59.0,143.0,1,1,1.0
633,6,873.0,63.0,61.0,144.0,1,1,1.0
634,4,809.0,76.0,82.0,148.0,1,1,1.0
634,6,879.0,64.0,62.0,144.0,1,1,1.0
635,6,884.0,65.0,65.0,144.0,1,1,1.0
636,6,888.0,66.0,65.0,144.0,1,1,1.0
637,4,835.0,77.0,79.0,147.0,1,1,1.0
637,6,892.0,67.0,64.0,145.0,1,1,1.0
638,4,842.0,76.0,77.0,148.0,1,1,1.0
638,6,897.0,67.0,58.0,146.0,1,1,1.0
639,4,848.0,76.0,74.0,148.0,1,1,1.0
639,6,900.0,67.0,57.0,147.0,1,1,1.0
640,4,856.0,76.0,68.0,148.0,1,1,1.0
640,6,906.0,67.0,54.0,148.0,1,1,1.0
641,4,867.0,75.0,58.0,149.0,1,1,1.0
641,6,912.0,66.0,55.0,148.0,1,1,1.0
642,4,877.0,75.0,53.0,149.0,1,1,1.0
642,6,917.0,63.0,57.0,150.0,1,1,1.0
643,4,882.0,74.0,58.0,150.0,1,1,1.0
643,6,921.0,63.0,58.0,150.0,1,1,1.0
644,4,887.0,74.0,63.0,150.0,1,1,1.0
644,6,925.0,64.0,57.0,150.0,1,1,1.0
645,4,892.0,75.0,66.0,150.0,1,1,1.0
645,6,929.0,65.0,56.0,148.0,1,1,1.0
646,4,894.0,76.0,72.0,151.0,1,1,1.0
646,6,933.0,65.0,62.0,148.0,1,1,1.0
647,4,896.0,77.0,76.0,151.0,1,1,1.0
647,6,938.0,67.0,62.0,147.0,1,1,1.0
648,4,899.0,77.0,80.0,152.0,1,1,1.0
648,6,942.0,67.0,63.0,149.0,1,1,1.0
649,4,901.0,77.0,82.0,152.0,1,1,1.0
649,6,947.0,67.0,60.0,150.0,1,1,1.0
650,4,902.0,77.0,81.0,153.0,1,1,1.0
650,6,950.0,66.0,58.0,152.0,1,1,1.0
651,6,951.0,65.0,59.0,153.0,1,1,1.0
652,4,906.0,75.0,76.0,154.0,1,1,1.0
652,6,960.0,64.0,54.0,153.0,1,1,1.0
653,6,966.0,64.0,53.0,153.0,1,1,1.0
654,6,971.0,64.0,52.0,154.0,1,1,1.0
655,6,976.0,64.0,53.0,154.0,1,1,1.0
656,6,981.0,64.0,54.0,155.0,1,1,1.0
657,6,985.0,65.0,55.0,155.0,1,1,1.0
659,6,995.0,67.0,53.0,158.0,1,1,1.0
660,4,951.0,76.0,72.0,154.0,1,1,1.0
660,6,1000.0,68.0,52.0,157.0,1,1,1.0
662,4,970.0,75.0,56.0,156.0,1,1,1.0
662,6,1011.0,66.0,47.0,158.0,1,1,1.0
665,4,990.0,75.0,63.0,159.0,1,1,1.0
668,4,999.0,77.0,75.0,160.0,1,1,1.0
669,4,997.0,78.0,82.0,161.0,1,1,1.0
670,4,996.0,77.0,87.0,162.0,1,1,1.0
670,6,1040.0,68.0,69.0,161.0,1,1,1.0
671,4,996.0,77.0,88.0,162.0,1,1,1.0
677,6,1082.0,66.0,58.0,173.0,1,1,1.0
678,4,1025.0,79.0,99.0,161.0,1,1,1.0
679,4,1032.0,79.0,96.0,163.0,1,1,1.0
680,4,1038.0,80.0,92.0,163.0,1,1,1.0
682,4,1056.0,79.0,75.0,165.0,1,1,1.0
684,4,1065.0,79.0,83.0,166.0,1,1,1.0
687,4,1086.0,80.0,83.0,171.0,1,1,1.0
688,4,1095.0,82.0,82.0,165.0,1,1,1.0
688,6,1114.0,72.0,75.0,168.0,1,1,1.0
690,4,1107.0,85.0,81.0,168.0,1,1,1.0
691,4,1115.0,86.0,79.0,169.0,1,1,1.0
692,4,1126.0,86.0,73.0,170.0,1,1,1.0
693,6,1141.0,85.0,59.0,169.0,1,1,1.0
694,6,1148.0,86.0,58.0,170.0,1,1,1.0
695,6,1154.0,86.0,52.0,171.0,1,1,1.0
696,6,1159.0,86.0,58.0,171.0,1,1,1.0
698,4,1160.0,88.0,85.0,173.0,1,1,1.0
699,4,1163.0,89.0,88.0,173.0,1,1,1.0
700,4,1164.0,90.0,91.0,173.0,1,1,1.0
701,4,1168.0,90.0,88.0,174.0,1,1,1.0
702,4,1175.0,90.0,82.0,174.0,1,1,1.0
703,4,1177.0,91.0,80.0,174.0,1,1,1.0
705,4,1185.0,91.0,80.0,174.0,1,1,1.0
706,4,1192.0,90.0,80.0,178.0,1,1,1.0
707,4,1201.0,91.0,77.0,180.0,1,1,1.0
708,4,1210.0,90.0,80.0,183.0,1,1,1.0
709,4,1218.0,92.0,84.0,182.0,1,1,1.0
710,4,1240.0,88.0,82.0,179.0,1,1,1.0
710,6,1222.0,98.0,84.0,178.0,1,1,1.0
711,4,1234.0,95.0,81.0,181.0,1,1,1.0
712,4,1235.0,99.0,79.0,181.0,1,1,1.0
713,4,1240.0,101.0,75.0,181.0,1,1,1.0
714,4,1248.0,101.0,71.0,181.0,1,1,1.0
715,4,1255.0,101.0,71.0,181.0,1,1,1.0
716,4,1263.0,101.0,70.0,181.0,1,1,1.0
717,4,1266.0,101.0,75.0,181.0,1,1,1.0
718,4,1270.0,101.0,85.0,182.0,1,1,1.0
719,4,1275.0,102.0,94.0,183.0,1,1,1.0
720,4,1280.0,106.0,97.0,181.0,1,1,1.0
721,4,1283.0,105.0,97.0,183.0,1,1,1.0
722,4,1289.0,105.0,93.0,184.0,1,1,1.0
723,4,1294.0,102.0,90.0,188.0,1,1,1.0
724,4,1301.0,102.0,85.0,188.0,1,1,1.0
727,4,1326.0,107.0,84.0,190.0,1,1,1.0
728,4,1338.0,108.0,84.0,191.0,1,1,1.0
729,4,1347.0,108.0,84.0,192.0,1,1,1.0
730,4,1352.0,111.0,87.0,192.0,1,1,1.0
731,4,1355.0,115.0,93.0,191.0,1,1,1.0
732,4,1362.0,115.0,91.0,192.0,1,1,1.0
733,4,1371.0,117.0,84.0,191.0,1,1,1.0
734,4,1383.0,118.0,75.0,191.0,1,1,1.0
736,4,1407.0,112.0,75.0,196.0,1,1,1.0
738,4,1413.0,119.0,79.0,190.0,1,1,1.0
739,4,1414.0,113.0,90.0,198.0,1,1,1.0
740,4,1415.0,113.0,97.0,200.0,1,1,1.0
