1,1,960.0,221.0,43.0,111.0,1,1,1.0
1,2,1002.0,220.0,39.0,113.0,1,1,1.0
2,1,961.0,222.0,41.0,110.0,1,1,1.0
2,2,1002.0,220.0,40.0,113.0,1,1,1.0
3,1,961.0,223.0,40.0,110.0,1,1,1.0
3,2,1003.0,220.0,40.0,114.0,1,1,1.0
4,1,961.0,224.0,41.0,111.0,1,1,1.0
4,2,1003.0,221.0,41.0,114.0,1,1,1.0
5,1,962.0,225.0,42.0,112.0,1,1,1.0
5,2,1004.0,223.0,42.0,114.0,1,1,1.0
6,1,963.0,225.0,41.0,113.0,1,1,1.0
6,2,1005.0,224.0,42.0,114.0,1,1,1.0
7,1,963.0,225.0,42.0,113.0,1,1,1.0
7,2,1005.0,224.0,43.0,115.0,1,1,1.0
8,1,961.0,225.0,45.0,113.0,1,1,1.0
8,2,1007.0,224.0,43.0,115.0,1,1,1.0
9,1,961.0,225.0,45.0,114.0,1,1,1.0
9,2,1008.0,224.0,44.0,112.0,1,1,1.0
10,1,962.0,224.0,44.0,114.0,1,1,1.0
10,2,1009.0,224.0,43.0,112.0,1,1,1.0
11,1,963.0,225.0,43.0,114.0,1,1,1.0
11,2,1011.0,224.0,42.0,115.0,1,1,1.0
12,1,962.0,225.0,44.0,115.0,1,1,1.0
12,2,1011.0,223.0,42.0,117.0,1,1,1.0
13,1,961.0,226.0,46.0,114.0,1,1,1.0
13,2,1012.0,224.0,41.0,118.0,1,1,1.0
14,1,962.0,227.0,46.0,114.0,1,1,1.0
14,2,1013.0,225.0,41.0,118.0,1,1,1.0
15,1,961.0,228.0,46.0,114.0,1,1,1.0
15,2,1012.0,226.0,42.0,119.0,1,1,1.0
16,1,961.0,228.0,47.0,116.0,1,1,1.0
16,2,1011.0,226.0,42.0,119.0,1,1,1.0
17,1,960.0,228.0,46.0,117.0,1,1,1.0
17,2,1011.0,227.0,43.0,120.0,1,1,1.0
18,1,960.0,228.0,47.0,117.0,1,1,1.0
18,2,1011.0,228.0,42.0,120.0,1,1,1.0
19,1,960.0,228.0,47.0,117.0,1,1,1.0
19,2,1011.0,228.0,43.0,120.0,1,1,1.0
20,1,960.0,228.0,47.0,117.0,1,1,1.0
20,2,1011.0,228.0,43.0,121.0,1,1,1.0
21,1,960.0,228.0,46.0,117.0,1,1,1.0
21,2,1011.0,228.0,45.0,121.0,1,1,1.0
22,1,959.0,228.0,47.0,118.0,1,1,1.0
22,2,1010.0,228.0,46.0,121.0,1,1,1.0
23,1,957.0,229.0,49.0,118.0,1,1,1.0
23,2,1012.0,228.0,46.0,121.0,1,1,1.0
24,1,955.0,230.0,51.0,118.0,1,1,1.0
24,2,1013.0,228.0,46.0,121.0,1,1,1.0
25,1,953.0,231.0,53.0,118.0,1,1,1.0
25,2,1013.0,228.0,46.0,123.0,1,1,1.0
26,2,1014.0,229.0,45.0,122.0,1,1,1.0
27,2,1015.0,231.0,45.0,123.0,1,1,1.0
28,1,954.0,233.0,53.0,119.0,1,1,1.0
28,2,1016.0,232.0,46.0,123.0,1,1,1.0
29,1,956.0,234.0,52.0,120.0,1,1,1.0
29,2,1017.0,233.0,47.0,124.0,1,1,1.0
30,1,958.0,233.0,49.0,120.0,1,1,1.0
30,2,1017.0,233.0,47.0,124.0,1,1,1.0
31,1,961.0,233.0,47.0,120.0,1,1,1.0
31,2,1018.0,232.0,47.0,123.0,1,1,1.0
32,1,963.0,233.0,47.0,120.0,1,1,1.0
32,2,1018.0,232.0,48.0,122.0,1,1,1.0
33,1,963.0,233.0,47.0,121.0,1,1,1.0
33,2,1018.0,232.0,48.0,124.0,1,1,1.0
34,1,963.0,234.0,47.0,122.0,1,1,1.0
34,2,1018.0,232.0,48.0,125.0,1,1,1.0
35,1,962.0,236.0,48.0,121.0,1,1,1.0
35,2,1018.0,232.0,47.0,125.0,1,1,1.0
36,1,961.0,237.0,49.0,122.0,1,1,1.0
36,2,1018.0,234.0,47.0,126.0,1,1,1.0
37,1,962.0,238.0,49.0,122.0,1,1,1.0
37,2,1018.0,235.0,45.0,127.0,1,1,1.0
38,1,962.0,239.0,48.0,124.0,1,1,1.0
38,2,1018.0,236.0,45.0,126.0,1,1,1.0
39,1,961.0,239.0,48.0,124.0,1,1,1.0
39,2,1018.0,236.0,46.0,128.0,1,1,1.0
40,1,961.0,239.0,47.0,124.0,1,1,1.0
40,2,1017.0,237.0,45.0,129.0,1,1,1.0
41,1,961.0,239.0,48.0,124.0,1,1,1.0
41,2,1017.0,238.0,46.0,129.0,1,1,1.0
42,1,961.0,239.0,49.0,124.0,1,1,1.0
42,2,1017.0,238.0,47.0,129.0,1,1,1.0
43,1,961.0,239.0,50.0,125.0,1,1,1.0
43,2,1017.0,238.0,48.0,129.0,1,1,1.0
44,1,962.0,239.0,50.0,125.0,1,1,1.0
44,2,1017.0,237.0,48.0,129.0,1,1,1.0
45,1,962.0,240.0,50.0,126.0,1,1,1.0
45,2,1018.0,237.0,49.0,129.0,1,1,1.0
46,1,963.0,242.0,50.0,127.0,1,1,1.0
46,2,1018.0,237.0,49.0,130.0,1,1,1.0
47,1,964.0,243.0,50.0,127.0,1,1,1.0
47,2,1019.0,238.0,49.0,132.0,1,1,1.0
48,1,965.0,243.0,50.0,128.0,1,1,1.0
48,2,1019.0,239.0,49.0,133.0,1,1,1.0
49,1,966.0,243.0,50.0,129.0,1,1,1.0
49,2,1020.0,241.0,49.0,132.0,1,1,1.0
50,1,966.0,243.0,49.0,129.0,1,1,1.0
50,2,1021.0,242.0,49.0,134.0,1,1,1.0
51,1,966.0,243.0,49.0,129.0,1,1,1.0
51,2,1022.0,243.0,49.0,135.0,1,1,1.0
52,1,966.0,243.0,50.0,130.0,1,1,1.0
52,2,1022.0,243.0,50.0,135.0,1,1,1.0
53,1,966.0,243.0,51.0,130.0,1,1,1.0
53,2,1022.0,242.0,50.0,136.0,1,1,1.0
54,1,967.0,243.0,50.0,131.0,1,1,1.0
54,2,1022.0,242.0,51.0,136.0,1,1,1.0
55,1,968.0,245.0,50.0,132.0,1,1,1.0
55,2,1022.0,242.0,51.0,136.0,1,1,1.0
56,1,970.0,246.0,50.0,131.0,1,1,1.0
56,2,1023.0,242.0,50.0,136.0,1,1,1.0
57,1,970.0,247.0,49.0,131.0,1,1,1.0
57,2,1022.0,242.0,51.0,136.0,1,1,1.0
58,1,971.0,248.0,48.0,133.0,1,1,1.0
58,2,1021.0,243.0,51.0,137.0,1,1,1.0
59,1,971.0,249.0,48.0,134.0,1,1,1.0
59,2,1020.0,245.0,51.0,136.0,1,1,1.0
60,1,970.0,249.0,48.0,135.0,1,1,1.0
60,2,1020.0,246.0,51.0,138.0,1,1,1.0
61,1,971.0,249.0,49.0,135.0,1,1,1.0
61,2,1019.0,247.0,51.0,139.0,1,1,1.0
62,1,971.0,249.0,49.0,135.0,1,1,1.0
62,2,1018.0,248.0,52.0,140.0,1,1,1.0
63,1,971.0,249.0,49.0,135.0,1,1,1.0
63,2,1019.0,248.0,51.0,140.0,1,1,1.0
64,1,971.0,249.0,49.0,136.0,1,1,1.0
64,2,1019.0,248.0,51.0,140.0,1,1,1.0
65,1,971.0,250.0,49.0,137.0,1,1,1.0
65,2,1020.0,248.0,51.0,140.0,1,1,1.0
66,1,973.0,251.0,48.0,136.0,1,1,1.0
66,2,1020.0,248.0,51.0,140.0,1,1,1.0
67,1,972.0,253.0,48.0,136.0,1,1,1.0
67,2,1021.0,248.0,50.0,140.0,1,1,1.0
68,1,973.0,254.0,48.0,137.0,1,1,1.0
68,2,1022.0,248.0,50.0,141.0,1,1,1.0
69,1,973.0,255.0,48.0,138.0,1,1,1.0
69,2,1023.0,250.0,50.0,142.0,1,1,1.0
70,1,973.0,255.0,51.0,139.0,1,1,1.0
70,2,1024.0,252.0,50.0,142.0,1,1,1.0
71,1,972.0,256.0,54.0,139.0,1,1,1.0
71,2,1025.0,253.0,50.0,143.0,1,1,1.0
72,1,971.0,255.0,56.0,140.0,1,1,1.0
72,2,1026.0,254.0,50.0,144.0,1,1,1.0
73,1,971.0,255.0,56.0,140.0,1,1,1.0
73,2,1027.0,255.0,51.0,145.0,1,1,1.0
74,1,971.0,255.0,57.0,141.0,1,1,1.0
74,2,1028.0,255.0,52.0,145.0,1,1,1.0
75,1,972.0,255.0,57.0,142.0,1,1,1.0
75,2,1029.0,254.0,53.0,145.0,1,1,1.0
76,1,973.0,257.0,57.0,142.0,1,1,1.0
76,2,1029.0,254.0,53.0,145.0,1,1,1.0
77,1,973.0,258.0,56.0,142.0,1,1,1.0
77,2,1029.0,254.0,53.0,145.0,1,1,1.0
78,1,974.0,260.0,55.0,141.0,1,1,1.0
78,2,1030.0,255.0,53.0,146.0,1,1,1.0
79,1,975.0,261.0,54.0,143.0,1,1,1.0
79,2,1030.0,256.0,52.0,146.0,1,1,1.0
80,1,975.0,262.0,53.0,144.0,1,1,1.0
80,2,1030.0,258.0,52.0,146.0,1,1,1.0
81,1,975.0,262.0,52.0,145.0,1,1,1.0
81,2,1030.0,259.0,51.0,148.0,1,1,1.0
82,1,975.0,262.0,53.0,145.0,1,1,1.0
82,2,1030.0,260.0,51.0,150.0,1,1,1.0
83,1,975.0,262.0,53.0,145.0,1,1,1.0
83,2,1030.0,261.0,52.0,151.0,1,1,1.0
84,1,975.0,261.0,53.0,146.0,1,1,1.0
84,2,1030.0,261.0,53.0,151.0,1,1,1.0
85,1,976.0,261.0,53.0,146.0,1,1,1.0
85,2,1030.0,261.0,53.0,151.0,1,1,1.0
86,1,975.0,262.0,53.0,147.0,1,1,1.0
86,2,1031.0,261.0,53.0,151.0,1,1,1.0
87,1,976.0,263.0,52.0,148.0,1,1,1.0
87,2,1032.0,261.0,54.0,151.0,1,1,1.0
88,1,975.0,264.0,52.0,148.0,1,1,1.0
88,2,1033.0,261.0,55.0,152.0,1,1,1.0
89,1,974.0,266.0,52.0,149.0,1,1,1.0
89,2,1033.0,262.0,55.0,153.0,1,1,1.0
90,1,972.0,267.0,55.0,150.0,1,1,1.0
90,2,1034.0,264.0,56.0,153.0,1,1,1.0
91,1,966.0,268.0,62.0,152.0,1,1,1.0
91,2,1035.0,265.0,55.0,154.0,1,1,1.0
92,2,1037.0,267.0,55.0,154.0,1,1,1.0
93,2,1038.0,268.0,55.0,156.0,1,1,1.0
94,2,1039.0,269.0,55.0,156.0,1,1,1.0
95,1,962.0,269.0,68.0,152.0,1,1,1.0
95,2,1039.0,269.0,57.0,156.0,1,1,1.0
96,1,964.0,270.0,67.0,153.0,1,1,1.0
96,2,1040.0,269.0,58.0,157.0,1,1,1.0
97,1,967.0,270.0,64.0,155.0,1,1,1.0
97,2,1039.0,269.0,60.0,157.0,1,1,1.0
98,1,970.0,273.0,62.0,154.0,1,1,1.0
98,2,1039.0,269.0,60.0,157.0,1,1,1.0
99,1,972.0,275.0,60.0,155.0,1,1,1.0
99,2,1039.0,269.0,60.0,158.0,1,1,1.0
100,1,973.0,276.0,59.0,156.0,1,1,1.0
100,2,1038.0,270.0,61.0,160.0,1,1,1.0
101,1,967.0,277.0,65.0,157.0,1,1,1.0
101,2,1038.0,272.0,60.0,160.0,1,1,1.0
102,1,964.0,278.0,68.0,157.0,1,1,1.0
102,2,1038.0,274.0,60.0,161.0,1,1,1.0
103,1,967.0,278.0,65.0,157.0,1,1,1.0
103,2,1037.0,275.0,59.0,163.0,1,1,1.0
104,1,968.0,277.0,64.0,158.0,1,1,1.0
104,2,1036.0,276.0,60.0,163.0,1,1,1.0
105,1,971.0,277.0,61.0,158.0,1,1,1.0
105,2,1036.0,277.0,60.0,164.0,1,1,1.0
106,1,973.0,278.0,59.0,160.0,1,1,1.0
106,2,1036.0,276.0,60.0,164.0,1,1,1.0
107,1,975.0,280.0,57.0,161.0,1,1,1.0
107,2,1037.0,276.0,60.0,165.0,1,1,1.0
108,1,975.0,281.0,58.0,163.0,1,1,1.0
108,2,1037.0,277.0,60.0,164.0,1,1,1.0
109,1,975.0,282.0,58.0,165.0,1,1,1.0
109,2,1038.0,279.0,59.0,167.0,1,1,1.0
110,1,971.0,283.0,62.0,166.0,1,1,1.0
110,2,1039.0,279.0,59.0,169.0,1,1,1.0
111,1,969.0,283.0,66.0,167.0,1,1,1.0
111,2,1040.0,281.0,58.0,170.0,1,1,1.0
112,1,965.0,283.0,71.0,168.0,1,1,1.0
112,2,1041.0,283.0,58.0,170.0,1,1,1.0
113,1,964.0,282.0,74.0,169.0,1,1,1.0
113,2,1042.0,284.0,58.0,173.0,1,1,1.0
114,1,965.0,282.0,73.0,169.0,1,1,1.0
114,2,1042.0,284.0,60.0,174.0,1,1,1.0
115,1,967.0,282.0,72.0,170.0,1,1,1.0
115,2,1042.0,284.0,61.0,174.0,1,1,1.0
116,1,967.0,282.0,72.0,173.0,1,1,1.0
116,2,1043.0,284.0,63.0,174.0,1,1,1.0
117,1,967.0,282.0,73.0,176.0,1,1,1.0
117,2,1043.0,284.0,63.0,174.0,1,1,1.0
118,1,967.0,288.0,73.0,172.0,1,1,1.0
118,2,1042.0,284.0,63.0,174.0,1,1,1.0
119,1,967.0,291.0,74.0,172.0,1,1,1.0
119,2,1042.0,285.0,63.0,174.0,1,1,1.0
120,1,966.0,293.0,75.0,174.0,1,1,1.0
120,2,1041.0,286.0,62.0,176.0,1,1,1.0
121,1,964.0,294.0,77.0,174.0,1,1,1.0
121,2,1041.0,288.0,62.0,176.0,1,1,1.0
122,1,962.0,295.0,78.0,174.0,1,1,1.0
122,2,1041.0,290.0,61.0,178.0,1,1,1.0
123,1,961.0,295.0,79.0,174.0,1,1,1.0
123,2,1040.0,292.0,61.0,180.0,1,1,1.0
124,1,961.0,294.0,79.0,175.0,1,1,1.0
124,2,1039.0,293.0,61.0,182.0,1,1,1.0
125,1,966.0,295.0,73.0,176.0,1,1,1.0
125,2,1040.0,294.0,61.0,183.0,1,1,1.0
126,1,970.0,296.0,67.0,178.0,1,1,1.0
126,2,1040.0,294.0,61.0,183.0,1,1,1.0
127,1,972.0,299.0,64.0,179.0,1,1,1.0
127,2,1041.0,294.0,63.0,183.0,1,1,1.0
128,1,973.0,301.0,61.0,180.0,1,1,1.0
128,2,1041.0,294.0,64.0,183.0,1,1,1.0
129,1,973.0,303.0,64.0,181.0,1,1,1.0
129,2,1042.0,295.0,65.0,184.0,1,1,1.0
130,1,969.0,304.0,69.0,183.0,1,1,1.0
130,2,1043.0,297.0,66.0,186.0,1,1,1.0
131,1,969.0,305.0,71.0,184.0,1,1,1.0
131,2,1044.0,299.0,67.0,186.0,1,1,1.0
132,1,963.0,306.0,78.0,184.0,1,1,1.0
132,2,1045.0,302.0,68.0,189.0,1,1,1.0
133,1,966.0,306.0,77.0,184.0,1,1,1.0
133,2,1046.0,304.0,69.0,191.0,1,1,1.0
134,1,965.0,306.0,77.0,184.0,1,1,1.0
134,2,1047.0,306.0,70.0,191.0,1,1,1.0
135,1,964.0,306.0,78.0,183.0,1,1,1.0
135,2,1047.0,306.0,71.0,191.0,1,1,1.0
136,1,963.0,308.0,79.0,186.0,1,1,1.0
136,2,1049.0,306.0,72.0,192.0,1,1,1.0
137,1,964.0,309.0,79.0,188.0,1,1,1.0
137,2,1050.0,305.0,72.0,193.0,1,1,1.0
138,1,964.0,312.0,80.0,190.0,1,1,1.0
138,2,1051.0,305.0,71.0,193.0,1,1,1.0
139,1,963.0,314.0,81.0,190.0,1,1,1.0
139,2,1052.0,306.0,70.0,192.0,1,1,1.0
140,1,961.0,317.0,83.0,191.0,1,1,1.0
140,2,1052.0,308.0,70.0,193.0,1,1,1.0
141,1,959.0,318.0,85.0,192.0,1,1,1.0
141,2,1051.0,310.0,69.0,195.0,1,1,1.0
142,1,958.0,319.0,84.0,192.0,1,1,1.0
142,2,1050.0,312.0,68.0,196.0,1,1,1.0
143,1,959.0,319.0,82.0,193.0,1,1,1.0
143,2,1049.0,314.0,69.0,198.0,1,1,1.0
144,1,960.0,319.0,81.0,193.0,1,1,1.0
144,2,1047.0,316.0,71.0,202.0,1,1,1.0
145,1,964.0,320.0,75.0,192.0,1,1,1.0
145,2,1045.0,317.0,73.0,202.0,1,1,1.0
146,1,967.0,321.0,71.0,196.0,1,1,1.0
146,2,1046.0,318.0,73.0,203.0,1,1,1.0
147,1,965.0,323.0,74.0,198.0,1,1,1.0
147,2,1047.0,318.0,72.0,203.0,1,1,1.0
148,2,1047.0,318.0,72.0,202.0,1,1,1.0
149,2,1048.0,319.0,73.0,205.0,1,1,1.0
150,1,946.0,330.0,96.0,201.0,1,1,1.0
150,2,1049.0,321.0,74.0,208.0,1,1,1.0
151,2,1050.0,323.0,75.0,209.0,1,1,1.0
152,1,944.0,332.0,102.0,203.0,1,1,1.0
152,2,1051.0,326.0,75.0,211.0,1,1,1.0
153,1,944.0,333.0,103.0,203.0,1,1,1.0
153,2,1052.0,328.0,75.0,213.0,1,1,1.0
154,1,950.0,334.0,97.0,203.0,1,1,1.0
154,2,1053.0,330.0,77.0,215.0,1,1,1.0
155,1,960.0,334.0,88.0,203.0,1,1,1.0
155,2,1054.0,331.0,80.0,216.0,1,1,1.0
156,1,965.0,334.0,82.0,203.0,1,1,1.0
156,2,1055.0,332.0,81.0,216.0,1,1,1.0
157,1,964.0,336.0,84.0,207.0,1,1,1.0
157,2,1055.0,333.0,82.0,216.0,1,1,1.0
158,1,962.0,338.0,87.0,210.0,1,1,1.0
158,2,1055.0,333.0,82.0,216.0,1,1,1.0
159,1,959.0,341.0,91.0,209.0,1,1,1.0
159,2,1056.0,334.0,81.0,215.0,1,1,1.0
160,1,957.0,344.0,93.0,211.0,1,1,1.0
160,2,1056.0,335.0,80.0,217.0,1,1,1.0
161,1,955.0,347.0,95.0,213.0,1,1,1.0
161,2,1056.0,337.0,78.0,221.0,1,1,1.0
162,1,954.0,349.0,95.0,215.0,1,1,1.0
162,2,1055.0,340.0,77.0,221.0,1,1,1.0
163,1,952.0,350.0,96.0,216.0,1,1,1.0
163,2,1054.0,343.0,76.0,222.0,1,1,1.0
164,1,952.0,351.0,97.0,215.0,1,1,1.0
164,2,1054.0,346.0,76.0,227.0,1,1,1.0
165,1,955.0,352.0,95.0,215.0,1,1,1.0
165,2,1054.0,348.0,77.0,228.0,1,1,1.0
166,1,959.0,353.0,92.0,215.0,1,1,1.0
166,2,1054.0,350.0,77.0,228.0,1,1,1.0
167,1,965.0,355.0,87.0,220.0,1,1,1.0
167,2,1054.0,351.0,79.0,227.0,1,1,1.0
168,1,968.0,358.0,84.0,222.0,1,1,1.0
168,2,1054.0,351.0,81.0,226.0,1,1,1.0
169,1,964.0,362.0,88.0,224.0,1,1,1.0
169,2,1054.0,353.0,83.0,225.0,1,1,1.0
170,1,963.0,366.0,89.0,226.0,1,1,1.0
170,2,1055.0,355.0,85.0,230.0,1,1,1.0
171,1,964.0,368.0,89.0,228.0,1,1,1.0
171,2,1055.0,358.0,87.0,233.0,1,1,1.0
172,1,965.0,371.0,90.0,228.0,1,1,1.0
172,2,1057.0,362.0,88.0,234.0,1,1,1.0
173,1,963.0,372.0,93.0,228.0,1,1,1.0
173,2,1058.0,365.0,89.0,235.0,1,1,1.0
174,1,963.0,373.0,95.0,227.0,1,1,1.0
174,2,1060.0,368.0,90.0,240.0,1,1,1.0
175,1,965.0,373.0,92.0,227.0,1,1,1.0
175,2,1062.0,370.0,91.0,242.0,1,1,1.0
176,1,966.0,374.0,91.0,227.0,1,1,1.0
176,2,1064.0,371.0,93.0,242.0,1,1,1.0
177,1,964.0,376.0,95.0,233.0,1,1,1.0
177,2,1065.0,372.0,95.0,242.0,1,1,1.0
178,1,960.0,379.0,100.0,236.0,1,1,1.0
178,2,1066.0,372.0,96.0,242.0,1,1,1.0
179,1,956.0,383.0,105.0,239.0,1,1,1.0
179,2,1066.0,373.0,96.0,241.0,1,1,1.0
180,1,952.0,387.0,109.0,239.0,1,1,1.0
180,2,1065.0,375.0,96.0,242.0,1,1,1.0
181,1,949.0,390.0,111.0,242.0,1,1,1.0
181,2,1064.0,378.0,95.0,247.0,1,1,1.0
182,1,946.0,392.0,112.0,243.0,1,1,1.0
182,2,1064.0,381.0,93.0,250.0,1,1,1.0
183,1,946.0,394.0,111.0,243.0,1,1,1.0
183,2,1063.0,385.0,91.0,251.0,1,1,1.0
184,1,946.0,394.0,110.0,243.0,1,1,1.0
184,2,1062.0,388.0,91.0,256.0,1,1,1.0
185,1,953.0,396.0,102.0,242.0,1,1,1.0
185,2,1061.0,392.0,90.0,259.0,1,1,1.0
186,1,957.0,398.0,98.0,245.0,1,1,1.0
186,2,1061.0,394.0,90.0,259.0,1,1,1.0
187,1,959.0,401.0,96.0,251.0,1,1,1.0
187,2,1061.0,395.0,92.0,258.0,1,1,1.0
188,1,957.0,405.0,98.0,254.0,1,1,1.0
188,2,1060.0,397.0,93.0,257.0,1,1,1.0
189,1,956.0,408.0,100.0,256.0,1,1,1.0
189,2,1061.0,399.0,95.0,255.0,1,1,1.0
190,1,955.0,412.0,103.0,261.0,1,1,1.0
190,2,1061.0,401.0,96.0,260.0,1,1,1.0
191,1,956.0,414.0,105.0,262.0,1,1,1.0
191,2,1061.0,405.0,98.0,266.0,1,1,1.0
192,1,953.0,416.0,110.0,262.0,1,1,1.0
192,2,1062.0,409.0,99.0,269.0,1,1,1.0
193,1,949.0,418.0,117.0,261.0,1,1,1.0
193,2,1063.0,413.0,102.0,271.0,1,1,1.0
194,1,948.0,419.0,120.0,260.0,1,1,1.0
194,2,1065.0,417.0,102.0,278.0,1,1,1.0
195,1,946.0,420.0,123.0,258.0,1,1,1.0
195,2,1067.0,420.0,102.0,279.0,1,1,1.0
196,1,944.0,422.0,126.0,264.0,1,1,1.0
196,2,1068.0,421.0,104.0,279.0,1,1,1.0
197,1,943.0,425.0,129.0,271.0,1,1,1.0
197,2,1068.0,422.0,106.0,279.0,1,1,1.0
198,1,945.0,429.0,126.0,273.0,1,1,1.0
198,2,1068.0,423.0,108.0,278.0,1,1,1.0
199,1,950.0,434.0,122.0,276.0,1,1,1.0
199,2,1069.0,424.0,107.0,276.0,1,1,1.0
200,1,951.0,439.0,123.0,278.0,1,1,1.0
200,2,1068.0,426.0,105.0,281.0,1,1,1.0
201,1,948.0,443.0,127.0,282.0,1,1,1.0
201,2,1068.0,430.0,103.0,289.0,1,1,1.0
202,1,947.0,445.0,128.0,282.0,1,1,1.0
202,2,1067.0,434.0,102.0,292.0,1,1,1.0
203,1,946.0,447.0,128.0,281.0,1,1,1.0
203,2,1067.0,438.0,102.0,294.0,1,1,1.0
204,1,947.0,448.0,126.0,281.0,1,1,1.0
204,2,1067.0,443.0,101.0,301.0,1,1,1.0
205,1,951.0,449.0,121.0,280.0,1,1,1.0
205,2,1066.0,447.0,102.0,304.0,1,1,1.0
206,1,957.0,451.0,115.0,278.0,1,1,1.0
206,2,1066.0,449.0,102.0,304.0,1,1,1.0
207,1,964.0,453.0,108.0,287.0,1,1,1.0
207,2,1067.0,452.0,102.0,302.0,1,1,1.0
208,1,965.0,457.0,108.0,293.0,1,1,1.0
208,2,1068.0,453.0,103.0,301.0,1,1,1.0
209,1,963.0,462.0,110.0,296.0,1,1,1.0
209,2,1070.0,455.0,105.0,299.0,1,1,1.0
210,1,963.0,467.0,111.0,298.0,1,1,1.0
210,2,1072.0,457.0,105.0,297.0,1,1,1.0
211,1,963.0,471.0,112.0,305.0,1,1,1.0
211,2,1074.0,461.0,107.0,305.0,1,1,1.0
212,1,965.0,475.0,112.0,306.0,1,1,1.0
212,2,1075.0,465.0,108.0,314.0,1,1,1.0
213,1,966.0,478.0,111.0,305.0,1,1,1.0
213,2,1077.0,471.0,109.0,317.0,1,1,1.0
214,1,966.0,480.0,112.0,304.0,1,1,1.0
214,2,1078.0,476.0,110.0,321.0,1,1,1.0
215,1,966.0,481.0,115.0,302.0,1,1,1.0
215,2,1080.0,481.0,111.0,327.0,1,1,1.0
216,1,963.0,483.0,119.0,300.0,1,1,1.0
216,2,1081.0,485.0,113.0,329.0,1,1,1.0
217,1,958.0,485.0,126.0,307.0,1,1,1.0
217,2,1083.0,488.0,115.0,327.0,1,1,1.0
218,1,954.0,489.0,133.0,317.0,1,1,1.0
218,2,1084.0,490.0,119.0,326.0,1,1,1.0
219,1,950.0,495.0,137.0,320.0,1,1,1.0
219,2,1084.0,491.0,123.0,325.0,1,1,1.0
220,1,946.0,501.0,140.0,321.0,1,1,1.0
220,2,1084.0,493.0,125.0,323.0,1,1,1.0
221,1,943.0,506.0,143.0,327.0,1,1,1.0
221,2,1084.0,496.0,126.0,327.0,1,1,1.0
222,1,940.0,511.0,142.0,331.0,1,1,1.0
222,2,1085.0,501.0,125.0,338.0,1,1,1.0
223,1,938.0,515.0,142.0,331.0,1,1,1.0
223,2,1085.0,506.0,124.0,345.0,1,1,1.0
224,1,938.0,518.0,140.0,329.0,1,1,1.0
224,2,1086.0,512.0,124.0,349.0,1,1,1.0
225,1,940.0,520.0,141.0,327.0,1,1,1.0
225,2,1086.0,519.0,123.0,355.0,1,1,1.0
226,1,944.0,522.0,138.0,325.0,1,1,1.0
226,2,1086.0,524.0,123.0,359.0,1,1,1.0
227,1,949.0,524.0,133.0,322.0,1,1,1.0
227,2,1086.0,528.0,124.0,358.0,1,1,1.0
228,1,953.0,527.0,130.0,331.0,1,1,1.0
228,2,1087.0,530.0,126.0,356.0,1,1,1.0
229,1,954.0,533.0,130.0,342.0,1,1,1.0
229,2,1087.0,533.0,127.0,354.0,1,1,1.0
230,1,952.0,539.0,134.0,345.0,1,1,1.0
230,2,1089.0,537.0,129.0,350.0,1,1,1.0
231,1,949.0,545.0,138.0,350.0,1,1,1.0
231,2,1090.0,541.0,131.0,346.0,1,1,1.0
232,1,948.0,551.0,141.0,356.0,1,1,1.0
232,2,1092.0,545.0,132.0,352.0,1,1,1.0
233,1,948.0,556.0,142.0,358.0,1,1,1.0
233,2,1094.0,551.0,135.0,366.0,1,1,1.0
234,1,950.0,560.0,143.0,356.0,1,1,1.0
234,2,1096.0,558.0,137.0,374.0,1,1,1.0
235,1,952.0,564.0,145.0,353.0,1,1,1.0
235,2,1098.0,565.0,138.0,380.0,1,1,1.0
236,1,958.0,567.0,145.0,350.0,1,1,1.0
236,2,1101.0,572.0,138.0,386.0,1,1,1.0
237,1,964.0,570.0,143.0,346.0,1,1,1.0
237,2,1105.0,578.0,139.0,386.0,1,1,1.0
238,1,966.0,575.0,146.0,347.0,1,1,1.0
238,2,1108.0,582.0,142.0,384.0,1,1,1.0
239,1,961.0,580.0,155.0,361.0,1,1,1.0
239,2,1110.0,585.0,147.0,381.0,1,1,1.0
240,1,956.0,588.0,162.0,375.0,1,1,1.0
240,2,1113.0,588.0,151.0,378.0,1,1,1.0
241,1,952.0,596.0,169.0,378.0,1,1,1.0
241,2,1114.0,591.0,154.0,375.0,1,1,1.0
242,1,948.0,604.0,173.0,384.0,1,1,1.0
242,2,1115.0,595.0,155.0,373.0,1,1,1.0
243,1,944.0,611.0,176.0,387.0,1,1,1.0
243,2,1116.0,601.0,154.0,389.0,1,1,1.0
244,1,940.0,618.0,179.0,386.0,1,1,1.0
244,2,1117.0,608.0,154.0,404.0,1,1,1.0
245,1,938.0,623.0,180.0,382.0,1,1,1.0
245,2,1117.0,616.0,154.0,413.0,1,1,1.0
246,1,939.0,627.0,179.0,378.0,1,1,1.0
246,2,1117.0,625.0,153.0,420.0,1,1,1.0
247,1,946.0,631.0,174.0,374.0,1,1,1.0
247,2,1117.0,633.0,153.0,425.0,1,1,1.0
248,1,954.0,635.0,167.0,369.0,1,1,1.0
248,2,1117.0,640.0,154.0,424.0,1,1,1.0
249,1,962.0,641.0,159.0,376.0,1,1,1.0
249,2,1116.0,646.0,154.0,419.0,1,1,1.0
250,1,966.0,647.0,156.0,391.0,1,1,1.0
250,2,1117.0,651.0,155.0,415.0,1,1,1.0
251,1,968.0,655.0,155.0,399.0,1,1,1.0
251,2,1117.0,656.0,157.0,409.0,1,1,1.0
252,1,969.0,663.0,156.0,405.0,1,1,1.0
252,2,1118.0,662.0,158.0,404.0,1,1,1.0
253,1,970.0,672.0,156.0,406.0,1,1,1.0
253,2,1119.0,669.0,161.0,406.0,1,1,1.0
254,1,971.0,679.0,159.0,402.0,1,1,1.0
254,2,1120.0,679.0,164.0,401.0,1,1,1.0
255,1,969.0,686.0,163.0,397.0,1,1,1.0
255,2,1122.0,689.0,167.0,392.0,1,1,1.0
256,1,967.0,691.0,168.0,391.0,1,1,1.0
256,2,1124.0,701.0,169.0,380.0,1,1,1.0
257,1,965.0,696.0,174.0,386.0,1,1,1.0
257,2,1130.0,713.0,169.0,368.0,1,1,1.0
258,1,966.0,702.0,178.0,380.0,1,1,1.0
258,2,1134.0,723.0,169.0,358.0,1,1,1.0
259,1,962.0,708.0,185.0,373.0,1,1,1.0
259,2,1138.0,732.0,172.0,348.0,1,1,1.0
260,1,956.0,716.0,195.0,365.0,1,1,1.0
260,2,1141.0,739.0,177.0,341.0,1,1,1.0
261,1,950.0,725.0,203.0,355.0,1,1,1.0
261,2,1143.0,745.0,181.0,335.0,1,1,1.0
262,1,944.0,736.0,209.0,344.0,1,1,1.0
262,2,1143.0,751.0,185.0,329.0,1,1,1.0
263,1,935.0,747.0,217.0,333.0,1,1,1.0
263,2,1143.0,759.0,188.0,321.0,1,1,1.0
264,1,932.0,757.0,217.0,323.0,1,1,1.0
264,2,1143.0,768.0,191.0,311.0,1,1,1.0
265,1,927.0,765.0,218.0,315.0,1,1,1.0
265,2,1142.0,780.0,195.0,300.0,1,1,1.0
266,1,925.0,771.0,216.0,308.0,1,1,1.0
266,2,1138.0,793.0,199.0,287.0,1,1,1.0
267,1,924.0,778.0,215.0,302.0,1,1,1.0
267,2,1134.0,806.0,203.0,273.0,1,1,1.0
268,1,924.0,784.0,215.0,295.0,1,1,1.0
268,2,1130.0,819.0,206.0,260.0,1,1,1.0
269,1,925.0,791.0,214.0,288.0,1,1,1.0
269,2,1130.0,830.0,205.0,249.0,1,1,1.0
270,1,931.0,799.0,207.0,280.0,1,1,1.0
270,2,1131.0,839.0,202.0,240.0,1,1,1.0
271,1,936.0,809.0,202.0,270.0,1,1,1.0
271,2,1133.0,848.0,201.0,231.0,1,1,1.0
272,1,934.0,820.0,203.0,259.0,1,1,1.0
272,2,1133.0,858.0,201.0,221.0,1,1,1.0
273,1,932.0,832.0,206.0,247.0,1,1,1.0
273,2,1135.0,867.0,199.0,211.0,1,1,1.0
274,1,933.0,844.0,209.0,235.0,1,1,1.0
274,2,1137.0,878.0,196.0,201.0,1,1,1.0
275,1,937.0,855.0,208.0,223.0,1,1,1.0
275,2,1141.0,892.0,192.0,186.0,1,1,1.0
276,1,940.0,865.0,207.0,214.0,1,1,1.0
276,2,1146.0,910.0,187.0,169.0,1,1,1.0
277,1,941.0,874.0,208.0,205.0,1,1,1.0
277,2,1151.0,928.0,183.0,151.0,1,1,1.0
278,1,938.0,881.0,213.0,198.0,1,1,1.0
278,2,1158.0,946.0,178.0,133.0,1,1,1.0
279,1,936.0,889.0,217.0,190.0,1,1,1.0
279,2,1168.0,961.0,171.0,117.0,1,1,1.0
280,1,934.0,897.0,223.0,182.0,1,1,1.0
280,2,1178.0,976.0,157.0,103.0,1,1,1.0
281,1,931.0,908.0,228.0,171.0,1,1,1.0
281,2,1194.0,988.0,130.0,90.0,1,1,1.0
282,1,930.0,920.0,229.0,158.0,1,1,1.0
282,2,1210.0,999.0,107.0,80.0,1,1,1.0
283,1,932.0,935.0,222.0,144.0,1,1,1.0
283,2,1226.0,1011.0,90.0,68.0,1,1,1.0
284,1,938.0,950.0,208.0,129.0,1,1,1.0
284,2,1228.0,1024.0,88.0,55.0,1,1,1.0
285,1,941.0,965.0,193.0,113.0,1,1,1.0
285,2,1230.0,1038.0,86.0,41.0,1,1,1.0
286,1,944.0,979.0,176.0,100.0,1,1,1.0
287,1,950.0,991.0,154.0,88.0,1,1,1.0
288,1,969.0,1001.0,108.0,78.0,1,1,1.0
289,1,980.0,1011.0,85.0,68.0,1,1,1.0
359,3,328.0,986.0,143.0,93.0,1,1,1.0
363,3,310.0,955.0,180.0,123.0,1,1,1.0
364,3,302.0,945.0,185.0,134.0,1,1,1.0
365,3,290.0,926.0,186.0,153.0,1,1,1.0
366,3,280.0,911.0,188.0,167.0,1,1,1.0
366,4,78.0,958.0,136.0,120.0,1,1,1.0
367,3,273.0,898.0,188.0,181.0,1,1,1.0
367,4,76.0,945.0,143.0,134.0,1,1,1.0
368,3,267.0,886.0,188.0,193.0,1,1,1.0
368,4,72.0,931.0,150.0,147.0,1,1,1.0
369,3,265.0,874.0,192.0,204.0,1,1,1.0
369,4,71.0,920.0,156.0,159.0,1,1,1.0
370,3,262.0,865.0,198.0,213.0,1,1,1.0
370,4,72.0,910.0,160.0,168.0,1,1,1.0
371,3,259.0,858.0,206.0,220.0,1,1,1.0
371,4,74.0,902.0,164.0,176.0,1,1,1.0
372,3,258.0,851.0,213.0,227.0,1,1,1.0
372,4,77.0,894.0,168.0,184.0,1,1,1.0
373,3,259.0,844.0,218.0,234.0,1,1,1.0
373,4,79.0,886.0,172.0,193.0,1,1,1.0
374,3,260.0,835.0,220.0,243.0,1,1,1.0
374,4,82.0,875.0,173.0,203.0,1,1,1.0
375,3,261.0,825.0,217.0,253.0,1,1,1.0
375,4,83.0,863.0,181.0,215.0,1,1,1.0
376,3,262.0,815.0,211.0,264.0,1,1,1.0
376,4,84.0,850.0,187.0,229.0,1,1,1.0
377,3,262.0,804.0,205.0,274.0,1,1,1.0
377,4,84.0,837.0,186.0,241.0,1,1,1.0
378,3,259.0,794.0,205.0,284.0,1,1,1.0
378,4,85.0,824.0,179.0,254.0,1,1,1.0
379,3,256.0,786.0,210.0,292.0,1,1,1.0
379,4,86.0,814.0,167.0,264.0,1,1,1.0
380,3,254.0,780.0,217.0,298.0,1,1,1.0
380,4,87.0,806.0,157.0,272.0,1,1,1.0
381,3,254.0,776.0,224.0,302.0,1,1,1.0
381,4,88.0,799.0,149.0,279.0,1,1,1.0
382,3,253.0,772.0,228.0,306.0,1,1,1.0
382,4,89.0,793.0,146.0,285.0,1,1,1.0
383,3,251.0,768.0,232.0,310.0,1,1,1.0
383,4,90.0,787.0,146.0,291.0,1,1,1.0
384,3,246.0,763.0,238.0,316.0,1,1,1.0
384,4,90.0,781.0,147.0,297.0,1,1,1.0
385,3,236.0,750.0,246.0,328.0,1,1,1.0
385,4,90.0,767.0,153.0,311.0,1,1,1.0
386,3,230.0,740.0,244.0,338.0,1,1,1.0
386,4,90.0,755.0,154.0,323.0,1,1,1.0
387,3,225.0,731.0,239.0,348.0,1,1,1.0
387,4,89.0,743.0,153.0,335.0,1,1,1.0
388,3,222.0,723.0,234.0,356.0,1,1,1.0
388,4,89.0,733.0,152.0,345.0,1,1,1.0
389,3,220.0,716.0,226.0,362.0,1,1,1.0
389,4,89.0,725.0,159.0,353.0,1,1,1.0
390,3,218.0,711.0,218.0,368.0,1,1,1.0
390,4,90.0,719.0,160.0,359.0,1,1,1.0
391,3,218.0,707.0,211.0,372.0,1,1,1.0
391,4,92.0,714.0,157.0,364.0,1,1,1.0
392,3,218.0,703.0,202.0,376.0,1,1,1.0
392,4,94.0,710.0,152.0,368.0,1,1,1.0
393,3,220.0,697.0,192.0,381.0,1,1,1.0
393,4,96.0,706.0,148.0,372.0,1,1,1.0
394,3,220.0,690.0,183.0,385.0,1,1,1.0
394,4,99.0,701.0,145.0,377.0,1,1,1.0
395,3,220.0,682.0,176.0,380.0,1,1,1.0
395,4,101.0,694.0,143.0,384.0,1,1,1.0
396,3,219.0,674.0,172.0,365.0,1,1,1.0
396,4,103.0,687.0,141.0,384.0,1,1,1.0
397,3,218.0,666.0,170.0,352.0,1,1,1.0
397,4,104.0,679.0,140.0,371.0,1,1,1.0
398,3,218.0,660.0,166.0,350.0,1,1,1.0
398,4,105.0,672.0,139.0,359.0,1,1,1.0
399,3,218.0,655.0,162.0,352.0,1,1,1.0
399,4,105.0,663.0,139.0,356.0,1,1,1.0
400,3,219.0,650.0,160.0,356.0,1,1,1.0
400,4,104.0,657.0,140.0,359.0,1,1,1.0
401,3,219.0,647.0,159.0,358.0,1,1,1.0
401,4,104.0,652.0,140.0,363.0,1,1,1.0
402,3,219.0,644.0,160.0,358.0,1,1,1.0
402,4,103.0,649.0,142.0,366.0,1,1,1.0
403,3,217.0,640.0,162.0,356.0,1,1,1.0
403,4,103.0,646.0,141.0,365.0,1,1,1.0
404,3,215.0,636.0,165.0,350.0,1,1,1.0
404,4,105.0,643.0,139.0,363.0,1,1,1.0
405,3,212.0,630.0,171.0,338.0,1,1,1.0
405,4,106.0,639.0,138.0,360.0,1,1,1.0
406,3,210.0,624.0,174.0,325.0,1,1,1.0
406,4,106.0,633.0,137.0,358.0,1,1,1.0
407,3,207.0,618.0,174.0,324.0,1,1,1.0
407,4,106.0,626.0,133.0,354.0,1,1,1.0
408,3,205.0,611.0,174.0,327.0,1,1,1.0
408,4,107.0,619.0,128.0,342.0,1,1,1.0
409,3,203.0,606.0,171.0,332.0,1,1,1.0
409,4,108.0,611.0,126.0,334.0,1,1,1.0
410,3,202.0,602.0,167.0,336.0,1,1,1.0
410,4,109.0,606.0,123.0,333.0,1,1,1.0
411,3,204.0,599.0,160.0,338.0,1,1,1.0
411,4,111.0,602.0,126.0,335.0,1,1,1.0
412,3,206.0,597.0,153.0,338.0,1,1,1.0
412,4,113.0,599.0,127.0,338.0,1,1,1.0
413,3,208.0,594.0,151.0,335.0,1,1,1.0
413,4,115.0,597.0,126.0,340.0,1,1,1.0
414,3,212.0,591.0,148.0,334.0,1,1,1.0
414,4,118.0,594.0,124.0,340.0,1,1,1.0
415,3,214.0,585.0,146.0,328.0,1,1,1.0
415,4,121.0,591.0,119.0,337.0,1,1,1.0
416,3,217.0,580.0,144.0,312.0,1,1,1.0
416,4,124.0,587.0,117.0,338.0,1,1,1.0
417,3,216.0,574.0,144.0,303.0,1,1,1.0
417,4,126.0,582.0,114.0,332.0,1,1,1.0
418,3,217.0,568.0,140.0,301.0,1,1,1.0
418,4,128.0,576.0,113.0,322.0,1,1,1.0
419,3,218.0,563.0,133.0,304.0,1,1,1.0
419,4,129.0,570.0,111.0,312.0,1,1,1.0
420,3,219.0,560.0,130.0,307.0,1,1,1.0
420,4,129.0,564.0,112.0,309.0,1,1,1.0
421,3,219.0,557.0,133.0,308.0,1,1,1.0
421,4,129.0,560.0,111.0,311.0,1,1,1.0
422,3,220.0,556.0,136.0,309.0,1,1,1.0
422,4,130.0,557.0,111.0,313.0,1,1,1.0
423,3,220.0,555.0,139.0,307.0,1,1,1.0
423,4,130.0,555.0,110.0,314.0,1,1,1.0
424,3,219.0,552.0,143.0,303.0,1,1,1.0
424,4,131.0,553.0,109.0,313.0,1,1,1.0
425,3,219.0,549.0,143.0,297.0,1,1,1.0
425,4,132.0,551.0,108.0,311.0,1,1,1.0
426,3,218.0,545.0,144.0,283.0,1,1,1.0
426,4,132.0,549.0,108.0,308.0,1,1,1.0
427,3,216.0,541.0,146.0,277.0,1,1,1.0
427,4,133.0,546.0,107.0,308.0,1,1,1.0
428,3,215.0,536.0,145.0,279.0,1,1,1.0
428,4,133.0,541.0,105.0,300.0,1,1,1.0
429,3,213.0,531.0,143.0,283.0,1,1,1.0
429,4,133.0,536.0,107.0,292.0,1,1,1.0
430,3,212.0,527.0,141.0,287.0,1,1,1.0
430,4,133.0,531.0,105.0,289.0,1,1,1.0
431,3,210.0,524.0,140.0,289.0,1,1,1.0
431,4,134.0,527.0,103.0,289.0,1,1,1.0
432,3,209.0,523.0,136.0,290.0,1,1,1.0
432,4,135.0,524.0,105.0,291.0,1,1,1.0
433,3,210.0,522.0,132.0,290.0,1,1,1.0
433,4,137.0,522.0,106.0,293.0,1,1,1.0
434,3,212.0,521.0,131.0,290.0,1,1,1.0
434,4,138.0,520.0,105.0,293.0,1,1,1.0
435,3,215.0,518.0,128.0,292.0,1,1,1.0
435,4,140.0,519.0,102.0,292.0,1,1,1.0
436,3,217.0,515.0,126.0,286.0,1,1,1.0
436,4,142.0,517.0,100.0,290.0,1,1,1.0
437,3,218.0,511.0,123.0,270.0,1,1,1.0
437,4,143.0,515.0,99.0,290.0,1,1,1.0
438,3,218.0,507.0,120.0,264.0,1,1,1.0
438,4,144.0,512.0,98.0,288.0,1,1,1.0
439,3,218.0,502.0,121.0,262.0,1,1,1.0
439,4,145.0,507.0,96.0,277.0,1,1,1.0
440,3,218.0,499.0,121.0,263.0,1,1,1.0
440,4,145.0,503.0,96.0,271.0,1,1,1.0
441,3,218.0,496.0,123.0,266.0,1,1,1.0
441,4,146.0,499.0,96.0,268.0,1,1,1.0
442,3,217.0,494.0,122.0,267.0,1,1,1.0
442,4,145.0,495.0,97.0,269.0,1,1,1.0
443,3,218.0,492.0,119.0,268.0,1,1,1.0
443,4,145.0,493.0,97.0,270.0,1,1,1.0
444,3,218.0,492.0,116.0,268.0,1,1,1.0
444,4,144.0,493.0,97.0,270.0,1,1,1.0
445,3,216.0,491.0,116.0,265.0,1,1,1.0
445,4,143.0,492.0,97.0,269.0,1,1,1.0
446,3,214.0,490.0,116.0,261.0,1,1,1.0
446,4,142.0,491.0,99.0,267.0,1,1,1.0
447,3,212.0,488.0,116.0,256.0,1,1,1.0
447,4,139.0,490.0,101.0,265.0,1,1,1.0
448,3,211.0,485.0,117.0,247.0,1,1,1.0
448,4,136.0,488.0,105.0,265.0,1,1,1.0
449,3,210.0,482.0,117.0,244.0,1,1,1.0
449,4,132.0,486.0,105.0,260.0,1,1,1.0
450,3,209.0,479.0,112.0,246.0,1,1,1.0
450,4,129.0,482.0,100.0,254.0,1,1,1.0
451,3,207.0,476.0,109.0,248.0,1,1,1.0
451,4,127.0,479.0,95.0,253.0,1,1,1.0
452,3,206.0,473.0,107.0,251.0,1,1,1.0
452,4,124.0,475.0,90.0,255.0,1,1,1.0
453,3,205.0,472.0,105.0,252.0,1,1,1.0
453,4,123.0,473.0,86.0,256.0,1,1,1.0
454,3,205.0,471.0,106.0,253.0,1,1,1.0
454,4,122.0,471.0,84.0,258.0,1,1,1.0
455,3,205.0,471.0,107.0,252.0,1,1,1.0
455,4,122.0,471.0,83.0,258.0,1,1,1.0
456,3,205.0,470.0,109.0,251.0,1,1,1.0
456,4,122.0,471.0,83.0,256.0,1,1,1.0
457,3,206.0,468.0,108.0,251.0,1,1,1.0
457,4,122.0,471.0,84.0,255.0,1,1,1.0
458,3,208.0,466.0,106.0,249.0,1,1,1.0
458,4,122.0,469.0,85.0,255.0,1,1,1.0
459,3,207.0,462.0,106.0,239.0,1,1,1.0
459,4,121.0,467.0,86.0,251.0,1,1,1.0
460,3,206.0,460.0,104.0,232.0,1,1,1.0
460,4,121.0,464.0,86.0,244.0,1,1,1.0
461,3,206.0,457.0,102.0,231.0,1,1,1.0
461,4,121.0,460.0,87.0,240.0,1,1,1.0
462,3,205.0,455.0,100.0,232.0,1,1,1.0
462,4,121.0,457.0,85.0,239.0,1,1,1.0
463,3,204.0,452.0,100.0,234.0,1,1,1.0
463,4,120.0,454.0,83.0,241.0,1,1,1.0
464,3,204.0,451.0,101.0,235.0,1,1,1.0
464,4,120.0,452.0,83.0,242.0,1,1,1.0
465,3,203.0,450.0,102.0,236.0,1,1,1.0
465,4,120.0,451.0,84.0,244.0,1,1,1.0
466,3,203.0,450.0,104.0,236.0,1,1,1.0
466,4,120.0,450.0,85.0,244.0,1,1,1.0
467,3,202.0,450.0,107.0,235.0,1,1,1.0
467,4,120.0,450.0,85.0,242.0,1,1,1.0
468,3,201.0,450.0,107.0,232.0,1,1,1.0
468,4,119.0,449.0,84.0,240.0,1,1,1.0
469,3,199.0,449.0,109.0,229.0,1,1,1.0
469,4,119.0,448.0,82.0,239.0,1,1,1.0
470,3,195.0,447.0,114.0,226.0,1,1,1.0
470,4,120.0,446.0,79.0,239.0,1,1,1.0
471,3,192.0,445.0,116.0,222.0,1,1,1.0
471,4,123.0,442.0,76.0,231.0,1,1,1.0
472,3,190.0,443.0,115.0,221.0,1,1,1.0
472,4,127.0,439.0,74.0,226.0,1,1,1.0
473,3,188.0,440.0,114.0,223.0,1,1,1.0
473,4,133.0,436.0,71.0,225.0,1,1,1.0
474,3,186.0,438.0,112.0,225.0,1,1,1.0
474,4,139.0,433.0,68.0,226.0,1,1,1.0
475,3,184.0,436.0,108.0,227.0,1,1,1.0
476,3,183.0,435.0,104.0,228.0,1,1,1.0
476,4,149.0,430.0,71.0,227.0,1,1,1.0
477,3,183.0,434.0,98.0,228.0,1,1,1.0
477,4,153.0,429.0,72.0,228.0,1,1,1.0
478,3,185.0,434.0,95.0,228.0,1,1,1.0
478,4,157.0,427.0,67.0,228.0,1,1,1.0
479,3,187.0,434.0,94.0,226.0,1,1,1.0
480,3,188.0,433.0,94.0,223.0,1,1,1.0
481,3,190.0,431.0,95.0,216.0,1,1,1.0
482,3,192.0,430.0,93.0,213.0,1,1,1.0
482,4,176.0,417.0,56.0,215.0,1,1,1.0
483,3,194.0,427.0,90.0,214.0,1,1,1.0
483,4,180.0,413.0,50.0,213.0,1,1,1.0
484,3,197.0,425.0,85.0,216.0,1,1,1.0
485,3,200.0,424.0,82.0,218.0,1,1,1.0
486,3,204.0,422.0,78.0,219.0,1,1,1.0
487,3,207.0,421.0,77.0,220.0,1,1,1.0
488,3,210.0,421.0,77.0,221.0,1,1,1.0
489,3,215.0,420.0,77.0,220.0,1,1,1.0
490,3,219.0,418.0,83.0,219.0,1,1,1.0
491,3,223.0,417.0,81.0,217.0,1,1,1.0
493,3,232.0,407.0,78.0,217.0,1,1,1.0
494,3,239.0,408.0,74.0,210.0,1,1,1.0
495,3,243.0,398.0,72.0,217.0,1,1,1.0
496,3,248.0,392.0,73.0,223.0,1,1,1.0
497,3,254.0,391.0,80.0,224.0,1,1,1.0
498,3,261.0,399.0,89.0,216.0,1,1,1.0
499,3,264.0,402.0,102.0,212.0,1,1,1.0
500,3,267.0,403.0,109.0,210.0,1,1,1.0
501,3,269.0,403.0,112.0,207.0,1,1,1.0
502,3,273.0,401.0,110.0,207.0,1,1,1.0
504,3,291.0,396.0,97.0,204.0,1,1,1.0
505,3,309.0,392.0,91.0,207.0,1,1,1.0
506,3,325.0,389.0,83.0,209.0,1,1,1.0
507,3,337.0,388.0,79.0,210.0,1,1,1.0
508,3,344.0,387.0,85.0,210.0,1,1,1.0
509,3,346.0,387.0,93.0,210.0,1,1,1.0
510,3,349.0,385.0,95.0,210.0,1,1,1.0
511,3,351.0,383.0,98.0,210.0,1,1,1.0
512,3,366.0,381.0,87.0,208.0,1,1,1.0
513,3,378.0,378.0,79.0,205.0,1,1,1.0
514,3,389.0,376.0,75.0,202.0,1,1,1.0
515,3,397.0,374.0,73.0,201.0,1,1,1.0
516,3,405.0,373.0,76.0,201.0,1,1,1.0
517,3,411.0,373.0,88.0,200.0,1,1,1.0
518,3,413.0,373.0,101.0,199.0,1,1,1.0
519,3,415.0,373.0,108.0,198.0,1,1,1.0
520,3,416.0,372.0,111.0,197.0,1,1,1.0
521,3,421.0,370.0,112.0,197.0,1,1,1.0
523,3,447.0,365.0,93.0,198.0,1,1,1.0
524,3,461.0,363.0,81.0,200.0,1,1,1.0
525,3,471.0,361.0,84.0,201.0,1,1,1.0
526,3,478.0,360.0,84.0,202.0,1,1,1.0
527,3,486.0,359.0,83.0,202.0,1,1,1.0
528,3,490.0,360.0,89.0,201.0,1,1,1.0
529,3,492.0,359.0,94.0,201.0,1,1,1.0
530,3,494.0,358.0,97.0,202.0,1,1,1.0
531,3,494.0,356.0,99.0,202.0,1,1,1.0
532,3,498.0,354.0,96.0,200.0,1,1,1.0
536,3,536.0,347.0,85.0,196.0,1,1,1.0
537,3,550.0,347.0,89.0,195.0,1,1,1.0
538,3,558.0,347.0,98.0,193.0,1,1,1.0
540,3,561.0,346.0,110.0,192.0,1,1,1.0
541,3,562.0,345.0,113.0,192.0,1,1,1.0
542,3,564.0,344.0,115.0,190.0,1,1,1.0
546,3,618.0,338.0,82.0,194.0,1,1,1.0
547,3,630.0,337.0,77.0,194.0,1,1,1.0
548,3,637.0,337.0,84.0,194.0,1,1,1.0
549,3,640.0,337.0,90.0,193.0,1,1,1.0
550,3,642.0,337.0,94.0,193.0,1,1,1.0
551,3,644.0,335.0,96.0,194.0,1,1,1.0
552,3,648.0,334.0,95.0,193.0,1,1,1.0
553,3,656.0,331.0,91.0,191.0,1,1,1.0
554,3,662.0,329.0,89.0,189.0,1,1,1.0
555,3,659.0,327.0,98.0,187.0,1,1,1.0
556,3,679.0,325.0,84.0,188.0,1,1,1.0
557,3,694.0,324.0,79.0,189.0,1,1,1.0
558,3,704.0,323.0,83.0,189.0,1,1,1.0
559,3,709.0,324.0,92.0,188.0,1,1,1.0
560,3,712.0,324.0,98.0,186.0,1,1,1.0
561,3,716.0,324.0,99.0,183.0,1,1,1.0
562,3,718.0,323.0,101.0,183.0,1,1,1.0
563,3,726.0,322.0,94.0,183.0,1,1,1.0
564,3,735.0,320.0,86.0,182.0,1,1,1.0
565,3,757.0,317.0,73.0,183.0,1,1,1.0
566,3,771.0,316.0,69.0,184.0,1,1,1.0
566,5,734.0,301.0,53.0,180.0,1,1,1.0
567,3,779.0,315.0,71.0,185.0,1,1,1.0
567,5,745.0,300.0,46.0,180.0,1,1,1.0
568,3,785.0,315.0,76.0,185.0,1,1,1.0
568,5,753.0,299.0,41.0,182.0,1,1,1.0
569,3,787.0,315.0,82.0,184.0,1,1,1.0
569,5,759.0,299.0,42.0,182.0,1,1,1.0
570,3,789.0,315.0,87.0,184.0,1,1,1.0
570,5,762.0,299.0,45.0,181.0,1,1,1.0
571,3,790.0,315.0,91.0,184.0,1,1,1.0
571,5,763.0,300.0,50.0,180.0,1,1,1.0
572,3,797.0,312.0,89.0,184.0,1,1,1.0
572,5,764.0,299.0,56.0,180.0,1,1,1.0
573,3,808.0,311.0,81.0,182.0,1,1,1.0
573,5,767.0,298.0,60.0,181.0,1,1,1.0
574,3,823.0,309.0,69.0,177.0,1,1,1.0
574,5,773.0,297.0,67.0,187.0,1,1,1.0
575,3,832.0,307.0,65.0,176.0,1,1,1.0
575,5,781.0,295.0,63.0,184.0,1,1,1.0
576,3,839.0,305.0,62.0,177.0,1,1,1.0
576,5,791.0,293.0,57.0,180.0,1,1,1.0
577,3,845.0,304.0,64.0,178.0,1,1,1.0
577,5,804.0,291.0,49.0,176.0,1,1,1.0
578,3,848.0,304.0,74.0,178.0,1,1,1.0
579,3,849.0,304.0,85.0,177.0,1,1,1.0
580,3,851.0,305.0,91.0,175.0,1,1,1.0
580,5,822.0,289.0,51.0,178.0,1,1,1.0
581,3,852.0,305.0,95.0,174.0,1,1,1.0
581,5,824.0,289.0,53.0,175.0,1,1,1.0
582,3,856.0,304.0,95.0,175.0,1,1,1.0
582,5,825.0,289.0,57.0,173.0,1,1,1.0
583,3,862.0,303.0,91.0,173.0,1,1,1.0
584,3,873.0,301.0,81.0,173.0,1,1,1.0
585,3,896.0,298.0,69.0,175.0,1,1,1.0
586,3,905.0,296.0,69.0,176.0,1,1,1.0
586,5,859.0,284.0,55.0,172.0,1,1,1.0
587,3,913.0,296.0,69.0,176.0,1,1,1.0
587,5,873.0,282.0,45.0,173.0,1,1,1.0
588,3,916.0,296.0,73.0,176.0,1,1,1.0
588,5,881.0,281.0,40.0,174.0,1,1,1.0
589,3,919.0,296.0,76.0,175.0,1,1,1.0
589,5,886.0,281.0,42.0,174.0,1,1,1.0
590,3,921.0,296.0,80.0,175.0,1,1,1.0
590,5,888.0,281.0,47.0,173.0,1,1,1.0
591,3,924.0,295.0,81.0,175.0,1,1,1.0
591,5,889.0,282.0,54.0,173.0,1,1,1.0
592,3,930.0,294.0,79.0,171.0,1,1,1.0
592,5,889.0,282.0,63.0,172.0,1,1,1.0
593,3,943.0,292.0,68.0,167.0,1,1,1.0
593,5,891.0,282.0,67.0,177.0,1,1,1.0
594,3,950.0,290.0,65.0,167.0,1,1,1.0
594,5,896.0,281.0,67.0,174.0,1,1,1.0
595,3,956.0,289.0,63.0,168.0,1,1,1.0
595,5,904.0,279.0,61.0,168.0,1,1,1.0
596,3,962.0,287.0,60.0,169.0,1,1,1.0
596,5,913.0,277.0,54.0,167.0,1,1,1.0
597,3,966.0,287.0,64.0,169.0,1,1,1.0
597,5,924.0,274.0,48.0,166.0,1,1,1.0
598,3,967.0,287.0,70.0,169.0,1,1,1.0
598,5,932.0,273.0,44.0,167.0,1,1,1.0
599,3,966.0,288.0,80.0,168.0,1,1,1.0
599,5,937.0,272.0,43.0,170.0,1,1,1.0
600,3,967.0,289.0,83.0,167.0,1,1,1.0
600,5,939.0,273.0,46.0,171.0,1,1,1.0
601,3,968.0,290.0,85.0,165.0,1,1,1.0
601,5,940.0,274.0,50.0,167.0,1,1,1.0
602,3,974.0,290.0,81.0,163.0,1,1,1.0
602,5,942.0,274.0,53.0,175.0,1,1,1.0
603,3,979.0,288.0,77.0,163.0,1,1,1.0
603,5,942.0,274.0,58.0,173.0,1,1,1.0
604,3,987.0,287.0,73.0,163.0,1,1,1.0
604,5,944.0,274.0,63.0,169.0,1,1,1.0
605,3,1005.0,286.0,63.0,163.0,1,1,1.0
606,3,1014.0,285.0,59.0,165.0,1,1,1.0
606,5,968.0,273.0,49.0,162.0,1,1,1.0
607,3,1020.0,284.0,61.0,165.0,1,1,1.0
607,5,971.0,272.0,50.0,161.0,1,1,1.0
608,3,1024.0,284.0,64.0,166.0,1,1,1.0
608,5,980.0,271.0,44.0,163.0,1,1,1.0
609,3,1027.0,284.0,67.0,166.0,1,1,1.0
609,5,986.0,270.0,42.0,163.0,1,1,1.0
610,3,1028.0,285.0,71.0,164.0,1,1,1.0
610,5,989.0,270.0,43.0,163.0,1,1,1.0
611,3,1029.0,285.0,74.0,163.0,1,1,1.0
611,5,989.0,271.0,49.0,162.0,1,1,1.0
612,3,1031.0,286.0,76.0,161.0,1,1,1.0
612,5,990.0,271.0,57.0,163.0,1,1,1.0
613,3,1039.0,285.0,71.0,156.0,1,1,1.0
613,5,990.0,272.0,63.0,169.0,1,1,1.0
614,3,1049.0,285.0,62.0,155.0,1,1,1.0
614,5,993.0,272.0,66.0,169.0,1,1,1.0
615,3,1057.0,283.0,54.0,155.0,1,1,1.0
615,5,997.0,272.0,66.0,163.0,1,1,1.0
616,3,1063.0,282.0,50.0,157.0,1,1,1.0
616,5,1005.0,271.0,62.0,157.0,1,1,1.0
617,3,1067.0,281.0,51.0,158.0,1,1,1.0
617,5,1014.0,270.0,56.0,156.0,1,1,1.0
618,3,1070.0,280.0,53.0,158.0,1,1,1.0
618,5,1025.0,268.0,49.0,156.0,1,1,1.0
619,3,1071.0,280.0,62.0,158.0,1,1,1.0
619,5,1033.0,267.0,44.0,156.0,1,1,1.0
620,3,1072.0,281.0,71.0,157.0,1,1,1.0
620,5,1038.0,266.0,44.0,158.0,1,1,1.0
621,3,1073.0,281.0,75.0,156.0,1,1,1.0
621,5,1039.0,266.0,44.0,158.0,1,1,1.0
622,3,1074.0,282.0,78.0,155.0,1,1,1.0
622,5,1041.0,267.0,51.0,165.0,1,1,1.0
623,3,1076.0,280.0,78.0,156.0,1,1,1.0
623,5,1041.0,268.0,55.0,160.0,1,1,1.0
624,3,1082.0,279.0,74.0,156.0,1,1,1.0
625,3,1092.0,278.0,68.0,156.0,1,1,1.0
625,5,1044.0,268.0,64.0,160.0,1,1,1.0
626,3,1102.0,278.0,64.0,156.0,1,1,1.0
626,5,1049.0,268.0,64.0,156.0,1,1,1.0
627,3,1112.0,279.0,63.0,154.0,1,1,1.0
628,3,1117.0,278.0,67.0,156.0,1,1,1.0
628,5,1063.0,266.0,56.0,154.0,1,1,1.0
629,3,1124.0,276.0,64.0,158.0,1,1,1.0
629,5,1073.0,265.0,50.0,154.0,1,1,1.0
630,3,1125.0,275.0,71.0,159.0,1,1,1.0
630,5,1083.0,264.0,43.0,155.0,1,1,1.0
631,3,1125.0,274.0,77.0,159.0,1,1,1.0
631,5,1087.0,264.0,43.0,155.0,1,1,1.0
632,3,1127.0,275.0,77.0,159.0,1,1,1.0
632,5,1087.0,264.0,48.0,154.0,1,1,1.0
633,3,1129.0,278.0,76.0,155.0,1,1,1.0
633,5,1086.0,265.0,56.0,155.0,1,1,1.0
634,3,1135.0,278.0,71.0,151.0,1,1,1.0
634,5,1086.0,265.0,64.0,163.0,1,1,1.0
635,3,1143.0,278.0,63.0,149.0,1,1,1.0
635,5,1088.0,265.0,64.0,157.0,1,1,1.0
636,3,1149.0,277.0,63.0,149.0,1,1,1.0
636,5,1091.0,265.0,66.0,154.0,1,1,1.0
637,3,1155.0,276.0,59.0,149.0,1,1,1.0
637,5,1096.0,265.0,64.0,150.0,1,1,1.0
638,3,1159.0,275.0,59.0,150.0,1,1,1.0
638,5,1103.0,264.0,60.0,149.0,1,1,1.0
639,3,1161.0,275.0,59.0,150.0,1,1,1.0
639,5,1113.0,263.0,52.0,148.0,1,1,1.0
640,3,1165.0,274.0,57.0,150.0,1,1,1.0
641,3,1167.0,274.0,63.0,150.0,1,1,1.0
642,3,1168.0,274.0,67.0,151.0,1,1,1.0
642,5,1131.0,260.0,44.0,150.0,1,1,1.0
643,3,1169.0,275.0,69.0,149.0,1,1,1.0
643,5,1133.0,260.0,44.0,150.0,1,1,1.0
644,3,1170.0,276.0,69.0,148.0,1,1,1.0
644,5,1134.0,260.0,47.0,148.0,1,1,1.0
645,3,1172.0,276.0,70.0,147.0,1,1,1.0
645,5,1135.0,261.0,50.0,148.0,1,1,1.0
646,3,1176.0,276.0,68.0,145.0,1,1,1.0
646,5,1136.0,261.0,54.0,147.0,1,1,1.0
647,3,1180.0,274.0,69.0,145.0,1,1,1.0
647,5,1139.0,261.0,56.0,146.0,1,1,1.0
648,3,1187.0,273.0,65.0,146.0,1,1,1.0
648,5,1143.0,261.0,54.0,144.0,1,1,1.0
649,3,1198.0,272.0,61.0,147.0,1,1,1.0
649,5,1154.0,260.0,46.0,143.0,1,1,1.0
650,3,1203.0,271.0,63.0,147.0,1,1,1.0
650,5,1158.0,259.0,45.0,143.0,1,1,1.0
651,3,1206.0,272.0,66.0,147.0,1,1,1.0
651,5,1164.0,258.0,44.0,144.0,1,1,1.0
652,3,1208.0,273.0,67.0,146.0,1,1,1.0
652,5,1168.0,258.0,43.0,144.0,1,1,1.0
653,3,1211.0,274.0,67.0,145.0,1,1,1.0
653,5,1170.0,258.0,46.0,144.0,1,1,1.0
654,3,1214.0,273.0,67.0,145.0,1,1,1.0
654,5,1171.0,258.0,49.0,144.0,1,1,1.0
655,3,1217.0,273.0,64.0,144.0,1,1,1.0
655,5,1170.0,259.0,55.0,143.0,1,1,1.0
656,3,1221.0,272.0,64.0,143.0,1,1,1.0
656,5,1170.0,259.0,59.0,141.0,1,1,1.0
657,3,1228.0,271.0,58.0,141.0,1,1,1.0
657,5,1173.0,260.0,59.0,141.0,1,1,1.0
658,3,1233.0,270.0,52.0,140.0,1,1,1.0
658,5,1174.0,259.0,61.0,138.0,1,1,1.0
659,3,1237.0,270.0,52.0,139.0,1,1,1.0
659,5,1179.0,259.0,59.0,138.0,1,1,1.0
660,3,1240.0,269.0,53.0,141.0,1,1,1.0
660,5,1186.0,258.0,53.0,137.0,1,1,1.0
661,3,1243.0,269.0,52.0,141.0,1,1,1.0
661,5,1194.0,256.0,46.0,138.0,1,1,1.0
662,3,1246.0,269.0,53.0,141.0,1,1,1.0
662,5,1200.0,255.0,42.0,139.0,1,1,1.0
663,3,1247.0,270.0,59.0,141.0,1,1,1.0
663,5,1204.0,254.0,42.0,140.0,1,1,1.0
664,3,1247.0,270.0,61.0,140.0,1,1,1.0
664,5,1206.0,254.0,44.0,139.0,1,1,1.0
665,3,1249.0,272.0,63.0,138.0,1,1,1.0
665,5,1206.0,255.0,47.0,138.0,1,1,1.0
666,3,1250.0,271.0,64.0,137.0,1,1,1.0
667,5,1207.0,257.0,51.0,136.0,1,1,1.0
668,3,1259.0,269.0,61.0,137.0,1,1,1.0
668,5,1208.0,258.0,54.0,135.0,1,1,1.0
669,3,1266.0,268.0,56.0,138.0,1,1,1.0
669,5,1215.0,258.0,49.0,133.0,1,1,1.0
670,3,1273.0,266.0,52.0,139.0,1,1,1.0
670,5,1217.0,257.0,51.0,134.0,1,1,1.0
671,3,1278.0,265.0,51.0,140.0,1,1,1.0
671,5,1224.0,256.0,49.0,134.0,1,1,1.0
672,3,1283.0,265.0,53.0,141.0,1,1,1.0
672,5,1230.0,254.0,48.0,136.0,1,1,1.0
673,3,1284.0,265.0,56.0,141.0,1,1,1.0
673,5,1235.0,254.0,46.0,137.0,1,1,1.0
674,3,1286.0,266.0,58.0,139.0,1,1,1.0
674,5,1237.0,253.0,48.0,137.0,1,1,1.0
675,3,1288.0,267.0,59.0,139.0,1,1,1.0
675,5,1239.0,253.0,50.0,137.0,1,1,1.0
676,3,1292.0,266.0,59.0,138.0,1,1,1.0
676,5,1240.0,254.0,53.0,137.0,1,1,1.0
677,3,1296.0,267.0,57.0,135.0,1,1,1.0
677,5,1239.0,255.0,58.0,136.0,1,1,1.0
678,3,1299.0,266.0,55.0,133.0,1,1,1.0
678,5,1241.0,255.0,58.0,135.0,1,1,1.0
679,3,1304.0,265.0,51.0,132.0,1,1,1.0
679,5,1244.0,255.0,57.0,132.0,1,1,1.0
680,3,1308.0,268.0,48.0,129.0,1,1,1.0
680,5,1250.0,254.0,54.0,130.0,1,1,1.0
