1,1,815.0,202.0,44.0,94.0,1,1,1.0
2,1,814.0,204.0,44.0,92.0,1,1,1.0
3,1,814.0,204.0,45.0,91.0,1,1,1.0
4,1,814.0,207.0,44.0,89.0,1,1,1.0
5,1,812.0,208.0,44.0,87.0,1,1,1.0
6,1,811.0,209.0,44.0,86.0,1,1,1.0
7,1,810.0,211.0,44.0,85.0,1,1,1.0
8,1,809.0,212.0,43.0,84.0,1,1,1.0
9,1,807.0,212.0,44.0,85.0,1,1,1.0
10,1,806.0,212.0,44.0,86.0,1,1,1.0
11,1,805.0,212.0,43.0,88.0,1,1,1.0
12,1,803.0,211.0,42.0,90.0,1,1,1.0
13,1,802.0,211.0,43.0,91.0,1,1,1.0
14,1,801.0,211.0,43.0,91.0,1,1,1.0
15,1,799.0,211.0,43.0,91.0,1,1,1.0
17,1,797.0,212.0,44.0,90.0,1,1,1.0
18,1,796.0,213.0,44.0,89.0,1,1,1.0
19,1,795.0,214.0,45.0,90.0,1,1,1.0
20,1,795.0,214.0,46.0,91.0,1,1,1.0
21,1,793.0,215.0,47.0,90.0,1,1,1.0
22,1,793.0,216.0,48.0,90.0,1,1,1.0
23,1,793.0,217.0,49.0,92.0,1,1,1.0
24,1,792.0,217.0,49.0,93.0,1,1,1.0
25,1,792.0,218.0,47.0,94.0,1,1,1.0
26,1,792.0,218.0,44.0,94.0,1,1,1.0
27,1,792.0,218.0,44.0,94.0,1,1,1.0
28,1,791.0,218.0,43.0,94.0,1,1,1.0
29,1,791.0,218.0,42.0,93.0,1,1,1.0
30,1,790.0,218.0,41.0,95.0,1,1,1.0
31,1,790.0,221.0,39.0,93.0,1,1,1.0
33,1,788.0,221.0,39.0,95.0,1,1,1.0
34,1,787.0,222.0,40.0,96.0,1,1,1.0
36,1,784.0,220.0,41.0,99.0,1,1,1.0
37,1,783.0,215.0,42.0,104.0,1,1,1.0
38,1,782.0,214.0,43.0,106.0,1,1,1.0
39,1,781.0,214.0,44.0,106.0,1,1,1.0
40,1,781.0,214.0,44.0,106.0,1,1,1.0
41,1,781.0,213.0,44.0,109.0,1,1,1.0
42,1,781.0,213.0,43.0,111.0,1,1,1.0
43,1,781.0,214.0,43.0,111.0,1,1,1.0
44,1,782.0,214.0,43.0,112.0,1,1,1.0
45,1,782.0,215.0,43.0,113.0,1,1,1.0
46,1,782.0,215.0,43.0,114.0,1,1,1.0
47,1,782.0,217.0,44.0,112.0,1,1,1.0
48,1,781.0,215.0,45.0,114.0,1,1,1.0
49,1,781.0,215.0,45.0,114.0,1,1,1.0
50,1,780.0,215.0,45.0,114.0,1,1,1.0
51,1,780.0,215.0,45.0,115.0,1,1,1.0
52,1,779.0,216.0,45.0,116.0,1,1,1.0
53,1,779.0,217.0,45.0,115.0,1,1,1.0
54,1,778.0,218.0,45.0,116.0,1,1,1.0
55,1,778.0,221.0,44.0,115.0,1,1,1.0
56,1,777.0,222.0,45.0,117.0,1,1,1.0
57,1,776.0,221.0,46.0,118.0,1,1,1.0
58,1,775.0,220.0,46.0,120.0,1,1,1.0
59,1,775.0,220.0,47.0,120.0,1,1,1.0
60,1,775.0,220.0,47.0,120.0,1,1,1.0
61,1,774.0,219.0,47.0,121.0,1,1,1.0
62,1,774.0,220.0,47.0,122.0,1,1,1.0
63,1,774.0,222.0,49.0,121.0,1,1,1.0
64,1,775.0,223.0,46.0,121.0,1,1,1.0
65,1,776.0,226.0,47.0,121.0,1,1,1.0
66,1,777.0,227.0,47.0,122.0,1,1,1.0
67,1,778.0,228.0,47.0,123.0,1,1,1.0
68,1,777.0,227.0,48.0,124.0,1,1,1.0
69,1,775.0,227.0,51.0,125.0,1,1,1.0
70,1,773.0,227.0,54.0,125.0,1,1,1.0
71,1,771.0,227.0,56.0,125.0,1,1,1.0
72,1,768.0,228.0,59.0,125.0,1,1,1.0
73,1,766.0,228.0,61.0,125.0,1,1,1.0
74,1,766.0,230.0,62.0,125.0,1,1,1.0
75,1,767.0,232.0,61.0,125.0,1,1,1.0
76,1,767.0,234.0,60.0,124.0,1,1,1.0
77,1,768.0,233.0,59.0,127.0,1,1,1.0
78,1,767.0,234.0,60.0,127.0,1,1,1.0
79,1,766.0,235.0,60.0,128.0,1,1,1.0
80,1,766.0,234.0,60.0,128.0,1,1,1.0
81,1,767.0,234.0,59.0,128.0,1,1,1.0
82,1,768.0,234.0,58.0,128.0,1,1,1.0
83,1,769.0,234.0,56.0,129.0,1,1,1.0
84,1,772.0,235.0,53.0,130.0,1,1,1.0
85,1,776.0,237.0,50.0,130.0,1,1,1.0
86,1,778.0,240.0,48.0,131.0,1,1,1.0
87,1,778.0,241.0,49.0,133.0,1,1,1.0
88,1,779.0,243.0,49.0,133.0,1,1,1.0
89,1,779.0,242.0,50.0,135.0,1,1,1.0
90,1,778.0,242.0,51.0,135.0,1,1,1.0
91,1,777.0,241.0,53.0,136.0,1,1,1.0
92,1,776.0,242.0,54.0,136.0,1,1,1.0
93,1,775.0,243.0,56.0,135.0,1,1,1.0
94,1,773.0,244.0,58.0,133.0,1,1,1.0
95,1,771.0,245.0,60.0,134.0,1,1,1.0
96,1,770.0,247.0,61.0,133.0,1,1,1.0
97,1,769.0,248.0,62.0,134.0,1,1,1.0
98,1,768.0,250.0,62.0,136.0,1,1,1.0
99,1,767.0,250.0,62.0,137.0,1,1,1.0
100,1,767.0,251.0,62.0,137.0,1,1,1.0
101,1,768.0,252.0,61.0,137.0,1,1,1.0
102,1,768.0,252.0,61.0,137.0,1,1,1.0
103,1,768.0,252.0,61.0,137.0,1,1,1.0
104,1,770.0,253.0,60.0,136.0,1,1,1.0
105,1,773.0,254.0,57.0,138.0,1,1,1.0
106,1,776.0,257.0,56.0,139.0,1,1,1.0
107,1,778.0,258.0,53.0,137.0,1,1,1.0
108,1,781.0,259.0,51.0,139.0,1,1,1.0
109,1,784.0,260.0,50.0,140.0,1,1,1.0
110,1,785.0,261.0,50.0,143.0,1,1,1.0
111,1,787.0,261.0,50.0,144.0,1,1,1.0
112,1,786.0,261.0,52.0,144.0,1,1,1.0
113,1,785.0,260.0,54.0,145.0,1,1,1.0
114,1,783.0,260.0,58.0,145.0,1,1,1.0
115,1,781.0,261.0,61.0,144.0,1,1,1.0
116,1,778.0,262.0,65.0,146.0,1,1,1.0
117,1,774.0,262.0,70.0,148.0,1,1,1.0
118,1,772.0,264.0,73.0,147.0,1,1,1.0
119,1,770.0,266.0,74.0,147.0,1,1,1.0
120,1,771.0,268.0,73.0,150.0,1,1,1.0
122,1,774.0,268.0,70.0,152.0,1,1,1.0
123,1,775.0,269.0,69.0,152.0,1,1,1.0
124,1,776.0,270.0,68.0,152.0,1,1,1.0
125,1,778.0,270.0,67.0,151.0,1,1,1.0
126,1,780.0,270.0,65.0,151.0,1,1,1.0
127,1,785.0,271.0,60.0,153.0,1,1,1.0
128,1,789.0,273.0,56.0,154.0,1,1,1.0
129,1,791.0,275.0,54.0,153.0,1,1,1.0
130,1,793.0,277.0,53.0,155.0,1,1,1.0
131,1,793.0,279.0,54.0,156.0,1,1,1.0
132,1,793.0,280.0,56.0,157.0,1,1,1.0
133,1,793.0,280.0,57.0,158.0,1,1,1.0
134,1,793.0,280.0,57.0,158.0,1,1,1.0
135,1,790.0,280.0,61.0,158.0,1,1,1.0
136,1,787.0,280.0,64.0,158.0,1,1,1.0
137,1,783.0,281.0,69.0,157.0,1,1,1.0
138,1,780.0,282.0,73.0,157.0,1,1,1.0
139,1,777.0,285.0,76.0,157.0,1,1,1.0
140,1,776.0,287.0,77.0,157.0,1,1,1.0
141,1,776.0,290.0,76.0,158.0,1,1,1.0
142,1,777.0,293.0,75.0,156.0,1,1,1.0
143,1,777.0,296.0,74.0,159.0,1,1,1.0
144,1,776.0,296.0,74.0,160.0,1,1,1.0
145,1,774.0,296.0,74.0,161.0,1,1,1.0
146,1,772.0,296.0,75.0,161.0,1,1,1.0
147,1,771.0,296.0,76.0,161.0,1,1,1.0
148,1,772.0,297.0,75.0,160.0,1,1,1.0
149,1,774.0,298.0,73.0,159.0,1,1,1.0
150,1,775.0,299.0,71.0,162.0,1,1,1.0
151,1,777.0,301.0,68.0,163.0,1,1,1.0
152,1,780.0,303.0,66.0,165.0,1,1,1.0
153,1,783.0,306.0,63.0,164.0,1,1,1.0
154,1,784.0,308.0,63.0,166.0,1,1,1.0
155,1,784.0,310.0,64.0,167.0,1,1,1.0
156,1,783.0,310.0,65.0,168.0,1,1,1.0
157,1,784.0,310.0,65.0,168.0,1,1,1.0
158,1,783.0,310.0,67.0,168.0,1,1,1.0
159,1,781.0,309.0,70.0,169.0,1,1,1.0
160,1,778.0,309.0,73.0,169.0,1,1,1.0
161,1,775.0,310.0,77.0,171.0,1,1,1.0
162,1,771.0,314.0,82.0,172.0,1,1,1.0
163,1,768.0,316.0,87.0,173.0,1,1,1.0
164,1,767.0,319.0,89.0,174.0,1,1,1.0
165,1,767.0,320.0,88.0,175.0,1,1,1.0
166,1,768.0,322.0,87.0,178.0,1,1,1.0
167,1,768.0,323.0,85.0,179.0,1,1,1.0
168,1,767.0,324.0,84.0,180.0,1,1,1.0
169,1,766.0,325.0,84.0,179.0,1,1,1.0
170,1,764.0,326.0,85.0,177.0,1,1,1.0
171,1,765.0,329.0,84.0,174.0,1,1,1.0
172,1,768.0,332.0,81.0,174.0,1,1,1.0
173,1,773.0,335.0,77.0,176.0,1,1,1.0
174,1,778.0,339.0,73.0,176.0,1,1,1.0
175,1,782.0,341.0,69.0,177.0,1,1,1.0
176,1,785.0,342.0,68.0,179.0,1,1,1.0
177,1,786.0,344.0,67.0,183.0,1,1,1.0
178,1,788.0,345.0,68.0,185.0,1,1,1.0
179,1,788.0,344.0,69.0,186.0,1,1,1.0
180,1,786.0,344.0,73.0,186.0,1,1,1.0
181,1,782.0,344.0,79.0,186.0,1,1,1.0
182,1,778.0,345.0,84.0,186.0,1,1,1.0
183,1,774.0,346.0,89.0,186.0,1,1,1.0
184,1,772.0,349.0,93.0,189.0,1,1,1.0
185,1,770.0,353.0,96.0,188.0,1,1,1.0
186,1,771.0,357.0,96.0,187.0,1,1,1.0
187,1,773.0,359.0,94.0,188.0,1,1,1.0
188,1,773.0,362.0,94.0,195.0,1,1,1.0
189,1,772.0,363.0,94.0,197.0,1,1,1.0
190,1,770.0,364.0,96.0,197.0,1,1,1.0
191,1,769.0,366.0,99.0,196.0,1,1,1.0
192,1,770.0,368.0,98.0,194.0,1,1,1.0
193,1,773.0,370.0,96.0,192.0,1,1,1.0
194,1,781.0,372.0,89.0,190.0,1,1,1.0
195,1,788.0,375.0,83.0,192.0,1,1,1.0
196,1,794.0,379.0,78.0,194.0,1,1,1.0
197,1,799.0,382.0,74.0,194.0,1,1,1.0
198,1,803.0,384.0,72.0,196.0,1,1,1.0
199,1,805.0,388.0,73.0,199.0,1,1,1.0
200,1,806.0,390.0,75.0,202.0,1,1,1.0
201,1,809.0,391.0,74.0,203.0,1,1,1.0
202,1,811.0,391.0,75.0,203.0,1,1,1.0
203,1,810.0,391.0,80.0,204.0,1,1,1.0
204,1,806.0,391.0,87.0,203.0,1,1,1.0
205,1,798.0,396.0,98.0,205.0,1,1,1.0
206,1,793.0,401.0,104.0,208.0,1,1,1.0
207,1,790.0,403.0,108.0,210.0,1,1,1.0
208,1,788.0,405.0,109.0,212.0,1,1,1.0
210,1,790.0,411.0,105.0,220.0,1,1,1.0
211,1,790.0,413.0,104.0,221.0,1,1,1.0
212,1,790.0,413.0,104.0,222.0,1,1,1.0
213,1,789.0,413.0,106.0,222.0,1,1,1.0
214,1,788.0,414.0,108.0,221.0,1,1,1.0
215,1,790.0,417.0,106.0,217.0,1,1,1.0
216,1,796.0,420.0,101.0,220.0,1,1,1.0
217,1,802.0,425.0,96.0,224.0,1,1,1.0
218,1,808.0,426.0,90.0,228.0,1,1,1.0
219,1,812.0,428.0,88.0,232.0,1,1,1.0
220,1,813.0,430.0,88.0,238.0,1,1,1.0
221,1,814.0,433.0,89.0,242.0,1,1,1.0
222,1,814.0,435.0,89.0,243.0,1,1,1.0
223,1,811.0,435.0,93.0,244.0,1,1,1.0
224,1,806.0,436.0,101.0,243.0,1,1,1.0
225,1,796.0,439.0,111.0,240.0,1,1,1.0
226,1,789.0,443.0,117.0,241.0,1,1,1.0
227,1,786.0,447.0,120.0,247.0,1,1,1.0
228,1,783.0,451.0,122.0,250.0,1,1,1.0
229,1,783.0,456.0,123.0,252.0,1,1,1.0
230,1,784.0,462.0,123.0,255.0,1,1,1.0
231,1,783.0,466.0,126.0,259.0,1,1,1.0
232,1,781.0,470.0,128.0,259.0,1,1,1.0
233,1,778.0,472.0,132.0,258.0,1,1,1.0
234,1,773.0,473.0,138.0,257.0,1,1,1.0
235,1,771.0,475.0,139.0,254.0,1,1,1.0
236,1,775.0,480.0,133.0,249.0,1,1,1.0
237,1,780.0,485.0,123.0,247.0,1,1,1.0
238,1,785.0,491.0,114.0,253.0,1,1,1.0
239,1,790.0,498.0,106.0,257.0,1,1,1.0
240,1,795.0,502.0,99.0,259.0,1,1,1.0
241,1,799.0,507.0,96.0,261.0,1,1,1.0
242,1,801.0,511.0,96.0,268.0,1,1,1.0
243,1,801.0,515.0,101.0,269.0,1,1,1.0
244,1,800.0,516.0,111.0,270.0,1,1,1.0
246,1,794.0,520.0,127.0,267.0,1,1,1.0
247,1,789.0,523.0,137.0,263.0,1,1,1.0
249,1,777.0,529.0,148.0,273.0,1,1,1.0
250,1,773.0,534.0,154.0,282.0,1,1,1.0
251,1,770.0,542.0,157.0,282.0,1,1,1.0
252,1,768.0,550.0,146.0,283.0,1,1,1.0
253,1,767.0,560.0,146.0,285.0,1,1,1.0
254,1,765.0,568.0,146.0,282.0,1,1,1.0
255,1,763.0,572.0,145.0,280.0,1,1,1.0
256,1,762.0,576.0,145.0,277.0,1,1,1.0
257,1,759.0,580.0,146.0,273.0,1,1,1.0
258,1,758.0,584.0,147.0,267.0,1,1,1.0
259,1,762.0,591.0,143.0,260.0,1,1,1.0
260,1,768.0,599.0,135.0,263.0,1,1,1.0
261,1,774.0,607.0,129.0,271.0,1,1,1.0
262,1,781.0,616.0,120.0,275.0,1,1,1.0
263,1,784.0,624.0,120.0,275.0,1,1,1.0
264,1,787.0,630.0,119.0,279.0,1,1,1.0
265,1,789.0,636.0,119.0,285.0,1,1,1.0
266,1,790.0,640.0,120.0,287.0,1,1,1.0
267,1,790.0,642.0,121.0,287.0,1,1,1.0
268,1,787.0,645.0,127.0,284.0,1,1,1.0
269,1,782.0,651.0,135.0,278.0,1,1,1.0
270,1,777.0,656.0,145.0,273.0,1,1,1.0
273,1,765.0,675.0,169.0,297.0,1,1,1.0
274,1,762.0,682.0,170.0,300.0,1,1,1.0
275,1,760.0,691.0,167.0,303.0,1,1,1.0
276,1,758.0,699.0,164.0,308.0,1,1,1.0
277,1,757.0,704.0,163.0,310.0,1,1,1.0
278,1,755.0,708.0,163.0,308.0,1,1,1.0
279,1,753.0,711.0,164.0,305.0,1,1,1.0
280,1,751.0,718.0,168.0,300.0,1,1,1.0
281,1,749.0,724.0,169.0,293.0,1,1,1.0
282,1,751.0,733.0,170.0,284.0,1,1,1.0
283,1,760.0,743.0,167.0,293.0,1,1,1.0
284,1,768.0,751.0,166.0,309.0,1,1,1.0
285,1,775.0,760.0,151.0,315.0,1,1,1.0
287,1,781.0,778.0,162.0,304.0,1,1,1.0
288,1,782.0,786.0,160.0,296.0,1,1,1.0
289,1,784.0,792.0,155.0,290.0,1,1,1.0
290,1,785.0,796.0,152.0,286.0,1,1,1.0
291,1,784.0,801.0,154.0,280.0,1,1,1.0
292,1,781.0,808.0,160.0,273.0,1,1,1.0
293,1,774.0,815.0,176.0,265.0,1,1,1.0
298,1,756.0,877.0,219.0,204.0,1,1,1.0
299,1,754.0,886.0,221.0,193.0,1,1,1.0
300,1,753.0,894.0,219.0,185.0,1,1,1.0
301,1,755.0,902.0,218.0,178.0,1,1,1.0
302,1,756.0,910.0,220.0,169.0,1,1,1.0
306,1,781.0,962.0,182.0,118.0,1,1,1.0
307,1,790.0,975.0,171.0,104.0,1,1,1.0
308,1,795.0,986.0,167.0,94.0,1,1,1.0
309,1,801.0,997.0,166.0,82.0,1,1,1.0
436,2,12.0,876.0,139.0,202.0,1,1,1.0
441,2,7.0,832.0,122.0,247.0,1,1,1.0
448,2,7.0,784.0,105.0,224.0,1,1,1.0
449,2,6.0,775.0,104.0,223.0,1,1,1.0
450,2,4.0,768.0,107.0,227.0,1,1,1.0
451,2,2.0,762.0,115.0,232.0,1,1,1.0
452,2,0.0,758.0,122.0,236.0,1,1,1.0
453,2,1.0,755.0,125.0,237.0,1,1,1.0
454,2,3.0,750.0,124.0,240.0,1,1,1.0
455,2,5.0,745.0,122.0,240.0,1,1,1.0
456,2,7.0,739.0,121.0,241.0,1,1,1.0
457,2,8.0,732.0,119.0,241.0,1,1,1.0
458,2,9.0,725.0,118.0,235.0,1,1,1.0
459,2,8.0,718.0,120.0,227.0,1,1,1.0
460,2,7.0,710.0,122.0,219.0,1,1,1.0
461,2,5.0,702.0,122.0,219.0,1,1,1.0
462,2,4.0,696.0,118.0,222.0,1,1,1.0
463,2,3.0,691.0,113.0,227.0,1,1,1.0
465,2,7.0,687.0,106.0,226.0,1,1,1.0
467,2,10.0,679.0,102.0,224.0,1,1,1.0
468,2,16.0,675.0,93.0,220.0,1,1,1.0
469,2,17.0,671.0,91.0,212.0,1,1,1.0
470,2,16.0,664.0,90.0,202.0,1,1,1.0
471,2,15.0,657.0,91.0,203.0,1,1,1.0
472,2,11.0,649.0,98.0,208.0,1,1,1.0
473,2,9.0,645.0,105.0,212.0,1,1,1.0
474,2,7.0,642.0,111.0,214.0,1,1,1.0
475,2,7.0,640.0,113.0,215.0,1,1,1.0
476,2,7.0,637.0,113.0,216.0,1,1,1.0
477,2,7.0,633.0,111.0,215.0,1,1,1.0
478,2,7.0,630.0,110.0,215.0,1,1,1.0
479,2,7.0,625.0,107.0,213.0,1,1,1.0
480,2,6.0,621.0,107.0,204.0,1,1,1.0
481,2,5.0,617.0,106.0,195.0,1,1,1.0
482,2,3.0,611.0,105.0,193.0,1,1,1.0
483,2,1.0,605.0,101.0,197.0,1,1,1.0
484,2,1.0,601.0,94.0,200.0,1,1,1.0
487,2,0.0,606.0,92.0,187.0,1,1,1.0
489,2,0.0,609.0,88.0,178.0,1,1,1.0
490,2,0.0,607.0,79.0,163.0,1,1,1.0
491,2,0.0,601.0,76.0,164.0,1,1,1.0
492,2,0.0,593.0,69.0,169.0,1,1,1.0
493,2,0.0,586.0,63.0,175.0,1,1,1.0
494,2,0.0,580.0,62.0,181.0,1,1,1.0
495,2,0.0,577.0,66.0,184.0,1,1,1.0
496,2,0.0,574.0,69.0,188.0,1,1,1.0
497,2,0.0,571.0,72.0,190.0,1,1,1.0
498,2,0.0,568.0,73.0,191.0,1,1,1.0
499,2,0.0,565.0,73.0,191.0,1,1,1.0
500,2,0.0,563.0,71.0,190.0,1,1,1.0
501,2,0.0,561.0,69.0,186.0,1,1,1.0
502,2,0.0,558.0,67.0,178.0,1,1,1.0
503,2,0.0,554.0,64.0,174.0,1,1,1.0
504,2,0.0,550.0,60.0,175.0,1,1,1.0
514,2,0.0,522.0,56.0,169.0,1,1,1.0
523,2,6.0,492.0,70.0,184.0,1,1,1.0
524,2,8.0,489.0,69.0,181.0,1,1,1.0
525,2,12.0,486.0,66.0,176.0,1,1,1.0
526,2,16.0,484.0,64.0,173.0,1,1,1.0
527,2,19.0,480.0,68.0,175.0,1,1,1.0
528,2,23.0,476.0,71.0,179.0,1,1,1.0
529,2,28.0,475.0,72.0,180.0,1,1,1.0
530,2,34.0,474.0,74.0,181.0,1,1,1.0
531,2,39.0,473.0,79.0,181.0,1,1,1.0
532,2,44.0,472.0,82.0,180.0,1,1,1.0
533,2,49.0,471.0,82.0,179.0,1,1,1.0
534,2,54.0,467.0,79.0,183.0,1,1,1.0
535,2,58.0,463.0,77.0,184.0,1,1,1.0
536,2,66.0,459.0,72.0,181.0,1,1,1.0
537,2,73.0,455.0,68.0,176.0,1,1,1.0
538,2,79.0,452.0,66.0,172.0,1,1,1.0
539,2,84.0,449.0,64.0,171.0,1,1,1.0
540,2,90.0,447.0,67.0,172.0,1,1,1.0
545,2,111.0,440.0,94.0,174.0,1,1,1.0
546,2,117.0,438.0,93.0,173.0,1,1,1.0
547,2,126.0,434.0,85.0,170.0,1,1,1.0
548,2,137.0,422.0,74.0,177.0,1,1,1.0
549,2,146.0,416.0,65.0,181.0,1,1,1.0
550,2,153.0,421.0,64.0,175.0,1,1,1.0
551,2,160.0,422.0,69.0,174.0,1,1,1.0
552,2,166.0,422.0,75.0,174.0,1,1,1.0
553,2,172.0,422.0,83.0,173.0,1,1,1.0
554,2,178.0,423.0,87.0,171.0,1,1,1.0
557,2,190.0,414.0,87.0,176.0,1,1,1.0
558,2,198.0,411.0,81.0,176.0,1,1,1.0
559,2,208.0,407.0,73.0,173.0,1,1,1.0
560,2,217.0,405.0,67.0,168.0,1,1,1.0
561,2,224.0,404.0,64.0,165.0,1,1,1.0
562,2,230.0,403.0,65.0,165.0,1,1,1.0
563,2,236.0,402.0,76.0,166.0,1,1,1.0
564,2,242.0,402.0,88.0,166.0,1,1,1.0
565,2,247.0,402.0,95.0,165.0,1,1,1.0
566,2,250.0,401.0,99.0,164.0,1,1,1.0
567,2,252.0,400.0,99.0,164.0,1,1,1.0
568,2,257.0,398.0,95.0,165.0,1,1,1.0
569,2,265.0,394.0,87.0,165.0,1,1,1.0
570,2,276.0,391.0,76.0,163.0,1,1,1.0
571,2,287.0,387.0,65.0,163.0,1,1,1.0
572,2,295.0,385.0,65.0,164.0,1,1,1.0
573,2,301.0,383.0,69.0,166.0,1,1,1.0
574,2,307.0,381.0,73.0,168.0,1,1,1.0
575,2,313.0,380.0,78.0,168.0,1,1,1.0
576,2,318.0,379.0,83.0,168.0,1,1,1.0
577,2,321.0,379.0,87.0,167.0,1,1,1.0
578,2,324.0,378.0,88.0,169.0,1,1,1.0
579,2,328.0,376.0,88.0,169.0,1,1,1.0
580,2,334.0,373.0,84.0,170.0,1,1,1.0
581,2,345.0,369.0,78.0,169.0,1,1,1.0
582,2,354.0,365.0,72.0,167.0,1,1,1.0
583,2,362.0,361.0,67.0,166.0,1,1,1.0
584,2,369.0,358.0,65.0,167.0,1,1,1.0
585,2,375.0,356.0,68.0,168.0,1,1,1.0
586,2,381.0,355.0,80.0,169.0,1,1,1.0
587,2,385.0,355.0,91.0,168.0,1,1,1.0
588,2,387.0,355.0,95.0,166.0,1,1,1.0
589,2,389.0,355.0,98.0,166.0,1,1,1.0
590,2,394.0,355.0,95.0,165.0,1,1,1.0
591,2,401.0,354.0,88.0,162.0,1,1,1.0
592,2,411.0,352.0,77.0,158.0,1,1,1.0
593,2,425.0,352.0,64.0,156.0,1,1,1.0
594,2,433.0,352.0,62.0,155.0,1,1,1.0
595,2,440.0,351.0,68.0,155.0,1,1,1.0
596,2,446.0,351.0,73.0,155.0,1,1,1.0
597,2,451.0,352.0,76.0,155.0,1,1,1.0
598,2,456.0,351.0,78.0,154.0,1,1,1.0
599,2,460.0,351.0,80.0,154.0,1,1,1.0
600,2,462.0,350.0,81.0,155.0,1,1,1.0
601,2,465.0,347.0,82.0,157.0,1,1,1.0
602,2,470.0,344.0,80.0,159.0,1,1,1.0
603,2,478.0,340.0,76.0,157.0,1,1,1.0
604,2,485.0,338.0,72.0,155.0,1,1,1.0
605,2,489.0,335.0,71.0,154.0,1,1,1.0
606,2,492.0,331.0,70.0,154.0,1,1,1.0
607,2,497.0,330.0,71.0,154.0,1,1,1.0
608,2,502.0,328.0,80.0,156.0,1,1,1.0
609,2,507.0,327.0,88.0,157.0,1,1,1.0
610,2,512.0,327.0,91.0,156.0,1,1,1.0
611,2,517.0,327.0,92.0,155.0,1,1,1.0
612,2,520.0,328.0,90.0,154.0,1,1,1.0
613,2,524.0,328.0,87.0,152.0,1,1,1.0
614,2,533.0,328.0,83.0,149.0,1,1,1.0
615,2,542.0,327.0,78.0,147.0,1,1,1.0
616,2,552.0,324.0,73.0,148.0,1,1,1.0
617,2,559.0,321.0,70.0,150.0,1,1,1.0
618,2,565.0,320.0,72.0,152.0,1,1,1.0
619,2,570.0,316.0,75.0,155.0,1,1,1.0
620,2,575.0,314.0,77.0,157.0,1,1,1.0
621,2,579.0,313.0,79.0,159.0,1,1,1.0
622,2,583.0,310.0,80.0,161.0,1,1,1.0
623,2,586.0,308.0,82.0,163.0,1,1,1.0
624,2,590.0,307.0,81.0,163.0,1,1,1.0
625,2,603.0,304.0,74.0,159.0,1,1,1.0
626,2,612.0,303.0,67.0,154.0,1,1,1.0
627,2,620.0,303.0,62.0,152.0,1,1,1.0
628,2,626.0,302.0,59.0,151.0,1,1,1.0
629,2,632.0,302.0,62.0,150.0,1,1,1.0
630,2,634.0,303.0,74.0,149.0,1,1,1.0
631,2,636.0,303.0,82.0,148.0,1,1,1.0
632,2,638.0,303.0,86.0,147.0,1,1,1.0
633,2,641.0,302.0,86.0,147.0,1,1,1.0
634,2,645.0,301.0,83.0,148.0,1,1,1.0
635,2,653.0,298.0,75.0,148.0,1,1,1.0
636,2,664.0,296.0,66.0,149.0,1,1,1.0
637,2,676.0,293.0,60.0,151.0,1,1,1.0
638,2,686.0,292.0,59.0,151.0,1,1,1.0
639,2,693.0,291.0,63.0,152.0,1,1,1.0
640,2,699.0,291.0,67.0,152.0,1,1,1.0
641,2,702.0,291.0,70.0,153.0,1,1,1.0
642,2,703.0,291.0,73.0,152.0,1,1,1.0
643,2,704.0,290.0,76.0,152.0,1,1,1.0
644,2,705.0,289.0,78.0,153.0,1,1,1.0
645,2,714.0,287.0,78.0,153.0,1,1,1.0
646,2,723.0,285.0,74.0,152.0,1,1,1.0
647,2,734.0,283.0,69.0,150.0,1,1,1.0
648,2,741.0,281.0,67.0,151.0,1,1,1.0
649,2,747.0,282.0,67.0,150.0,1,1,1.0
650,2,751.0,282.0,69.0,150.0,1,1,1.0
651,2,754.0,282.0,72.0,149.0,1,1,1.0
652,2,756.0,284.0,76.0,147.0,1,1,1.0
653,2,758.0,286.0,82.0,145.0,1,1,1.0
654,2,759.0,288.0,86.0,142.0,1,1,1.0
655,2,762.0,288.0,87.0,141.0,1,1,1.0
656,2,767.0,287.0,85.0,141.0,1,1,1.0
657,2,775.0,285.0,81.0,140.0,1,1,1.0
658,2,785.0,284.0,77.0,141.0,1,1,1.0
659,2,793.0,282.0,73.0,142.0,1,1,1.0
660,2,799.0,280.0,70.0,143.0,1,1,1.0
661,2,804.0,278.0,66.0,146.0,1,1,1.0
662,2,808.0,277.0,62.0,147.0,1,1,1.0
663,2,810.0,277.0,62.0,147.0,1,1,1.0
664,2,811.0,276.0,64.0,147.0,1,1,1.0
665,2,813.0,277.0,68.0,146.0,1,1,1.0
666,2,816.0,277.0,72.0,146.0,1,1,1.0
667,2,821.0,278.0,73.0,144.0,1,1,1.0
668,2,827.0,278.0,71.0,140.0,1,1,1.0
669,2,831.0,278.0,68.0,137.0,1,1,1.0
670,2,835.0,277.0,66.0,136.0,1,1,1.0
671,2,838.0,277.0,63.0,136.0,1,1,1.0
672,2,842.0,276.0,60.0,137.0,1,1,1.0
673,2,847.0,276.0,64.0,137.0,1,1,1.0
674,2,850.0,277.0,69.0,135.0,1,1,1.0
675,2,852.0,278.0,70.0,133.0,1,1,1.0
676,2,854.0,280.0,69.0,132.0,1,1,1.0
677,2,857.0,280.0,67.0,131.0,1,1,1.0
678,2,861.0,277.0,63.0,132.0,1,1,1.0
679,2,869.0,273.0,60.0,135.0,1,1,1.0
680,2,878.0,270.0,59.0,137.0,1,1,1.0
681,2,887.0,269.0,58.0,138.0,1,1,1.0
682,2,893.0,268.0,61.0,139.0,1,1,1.0
683,2,897.0,267.0,64.0,140.0,1,1,1.0
684,2,900.0,267.0,62.0,140.0,1,1,1.0
685,2,902.0,267.0,60.0,140.0,1,1,1.0
686,2,904.0,266.0,59.0,141.0,1,1,1.0
687,2,905.0,265.0,60.0,142.0,1,1,1.0
688,2,907.0,263.0,60.0,143.0,1,1,1.0
689,2,910.0,262.0,62.0,143.0,1,1,1.0
690,2,915.0,261.0,61.0,141.0,1,1,1.0
691,2,918.0,261.0,59.0,138.0,1,1,1.0
692,2,920.0,260.0,58.0,137.0,1,1,1.0
693,2,923.0,259.0,58.0,137.0,1,1,1.0
694,2,926.0,259.0,59.0,137.0,1,1,1.0
695,2,929.0,260.0,61.0,136.0,1,1,1.0
696,2,932.0,259.0,65.0,136.0,1,1,1.0
697,2,933.0,258.0,67.0,136.0,1,1,1.0
698,2,935.0,259.0,70.0,135.0,1,1,1.0
699,2,937.0,259.0,71.0,135.0,1,1,1.0
700,2,941.0,259.0,72.0,135.0,1,1,1.0
701,2,946.0,258.0,70.0,134.0,1,1,1.0
702,2,953.0,257.0,66.0,134.0,1,1,1.0
703,2,960.0,257.0,63.0,134.0,1,1,1.0
704,2,967.0,256.0,60.0,135.0,1,1,1.0
705,2,971.0,256.0,58.0,134.0,1,1,1.0
706,2,974.0,257.0,59.0,134.0,1,1,1.0
707,2,976.0,256.0,60.0,134.0,1,1,1.0
708,2,977.0,256.0,61.0,134.0,1,1,1.0
709,2,978.0,257.0,62.0,133.0,1,1,1.0
710,2,979.0,256.0,63.0,133.0,1,1,1.0
711,2,981.0,255.0,65.0,134.0,1,1,1.0
712,2,984.0,254.0,68.0,132.0,1,1,1.0
713,2,986.0,253.0,67.0,131.0,1,1,1.0
714,2,994.0,252.0,58.0,131.0,1,1,1.0
715,2,1001.0,250.0,50.0,132.0,1,1,1.0
716,2,1004.0,250.0,47.0,132.0,1,1,1.0
717,2,1007.0,249.0,45.0,132.0,1,1,1.0
718,2,1010.0,250.0,48.0,132.0,1,1,1.0
719,2,1010.0,249.0,52.0,132.0,1,1,1.0
720,2,1010.0,249.0,54.0,131.0,1,1,1.0
