1,1,815.0,0.0,47.0,100.0,1,1,1.0
2,1,815.0,0.0,47.0,100.0,1,1,1.0
3,1,815.0,0.0,48.0,100.0,1,1,1.0
4,1,815.0,0.0,48.0,100.0,1,1,1.0
5,1,816.0,0.0,48.0,100.0,1,1,1.0
6,1,817.0,0.0,49.0,100.0,1,1,1.0
7,1,818.0,0.0,49.0,101.0,1,1,1.0
8,1,817.0,0.0,52.0,102.0,1,1,1.0
9,1,815.0,0.0,55.0,102.0,1,1,1.0
10,1,814.0,0.0,56.0,102.0,1,1,1.0
11,1,820.0,0.0,51.0,103.0,1,1,1.0
12,1,822.0,0.0,49.0,103.0,1,1,1.0
13,1,823.0,0.0,49.0,104.0,1,1,1.0
14,1,822.0,0.0,51.0,105.0,1,1,1.0
15,1,818.0,0.0,55.0,106.0,1,1,1.0
16,1,819.0,0.0,54.0,107.0,1,1,1.0
17,1,820.0,0.0,53.0,107.0,1,1,1.0
18,1,820.0,0.0,52.0,108.0,1,1,1.0
19,1,818.0,0.0,52.0,109.0,1,1,1.0
20,1,816.0,0.0,52.0,110.0,1,1,1.0
21,1,813.0,0.0,53.0,111.0,1,1,1.0
22,1,814.0,0.0,52.0,112.0,1,1,1.0
23,1,815.0,0.0,50.0,112.0,1,1,1.0
24,1,815.0,0.0,51.0,113.0,1,1,1.0
25,1,815.0,0.0,52.0,113.0,1,1,1.0
26,1,814.0,0.0,52.0,112.0,1,1,1.0
27,1,815.0,0.0,52.0,113.0,1,1,1.0
28,1,816.0,0.0,51.0,114.0,1,1,1.0
29,1,817.0,0.0,51.0,115.0,1,1,1.0
30,1,818.0,0.0,52.0,117.0,1,1,1.0
31,1,818.0,0.0,53.0,119.0,1,1,1.0
32,1,817.0,0.0,55.0,119.0,1,1,1.0
33,1,817.0,0.0,56.0,120.0,1,1,1.0
34,1,818.0,0.0,56.0,119.0,1,1,1.0
35,1,818.0,0.0,54.0,119.0,1,1,1.0
36,1,819.0,0.0,53.0,120.0,1,1,1.0
37,1,818.0,0.0,54.0,120.0,1,1,1.0
38,1,817.0,0.0,56.0,121.0,1,1,1.0
39,1,815.0,0.0,57.0,121.0,1,1,1.0
40,1,813.0,1.0,57.0,122.0,1,1,1.0
41,1,812.0,1.0,56.0,124.0,1,1,1.0
42,1,812.0,1.0,55.0,125.0,1,1,1.0
43,1,813.0,1.0,54.0,126.0,1,1,1.0
44,1,813.0,1.0,55.0,126.0,1,1,1.0
45,1,811.0,1.0,57.0,126.0,1,1,1.0
46,1,810.0,1.0,58.0,126.0,1,1,1.0
47,1,810.0,1.0,58.0,126.0,1,1,1.0
48,1,811.0,1.0,58.0,127.0,1,1,1.0
49,1,812.0,2.0,57.0,127.0,1,1,1.0
50,1,812.0,3.0,56.0,127.0,1,1,1.0
51,1,813.0,5.0,57.0,127.0,1,1,1.0
52,1,814.0,6.0,57.0,126.0,1,1,1.0
53,1,814.0,6.0,58.0,127.0,1,1,1.0
54,1,814.0,6.0,59.0,127.0,1,1,1.0
55,1,813.0,6.0,61.0,126.0,1,1,1.0
56,1,812.0,5.0,62.0,127.0,1,1,1.0
57,1,812.0,5.0,64.0,128.0,1,1,1.0
58,1,811.0,5.0,65.0,130.0,1,1,1.0
59,1,810.0,6.0,65.0,130.0,1,1,1.0
60,1,809.0,8.0,63.0,130.0,1,1,1.0
61,1,808.0,9.0,60.0,131.0,1,1,1.0
62,1,810.0,9.0,56.0,132.0,1,1,1.0
63,1,810.0,9.0,54.0,133.0,1,1,1.0
64,1,810.0,9.0,53.0,134.0,1,1,1.0
65,1,809.0,9.0,54.0,134.0,1,1,1.0
66,1,809.0,9.0,55.0,134.0,1,1,1.0
67,1,808.0,9.0,57.0,134.0,1,1,1.0
68,1,808.0,9.0,58.0,134.0,1,1,1.0
69,1,808.0,9.0,59.0,135.0,1,1,1.0
70,1,809.0,11.0,60.0,134.0,1,1,1.0
71,1,809.0,12.0,60.0,134.0,1,1,1.0
72,1,809.0,13.0,60.0,135.0,1,1,1.0
73,1,810.0,14.0,60.0,137.0,1,1,1.0
74,1,810.0,14.0,61.0,137.0,1,1,1.0
75,1,810.0,14.0,61.0,136.0,1,1,1.0
76,1,810.0,14.0,62.0,136.0,1,1,1.0
77,1,810.0,13.0,63.0,138.0,1,1,1.0
78,1,810.0,13.0,64.0,139.0,1,1,1.0
79,1,809.0,13.0,65.0,140.0,1,1,1.0
80,1,809.0,14.0,66.0,141.0,1,1,1.0
81,1,808.0,15.0,66.0,141.0,1,1,1.0
82,1,807.0,16.0,64.0,141.0,1,1,1.0
83,1,806.0,17.0,63.0,141.0,1,1,1.0
84,1,806.0,17.0,62.0,143.0,1,1,1.0
85,1,806.0,17.0,62.0,144.0,1,1,1.0
86,1,805.0,17.0,62.0,144.0,1,1,1.0
87,1,804.0,17.0,64.0,145.0,1,1,1.0
88,1,803.0,16.0,65.0,145.0,1,1,1.0
89,1,803.0,16.0,67.0,145.0,1,1,1.0
90,1,804.0,16.0,67.0,146.0,1,1,1.0
91,1,806.0,17.0,66.0,148.0,1,1,1.0
92,1,808.0,18.0,66.0,148.0,1,1,1.0
93,1,809.0,19.0,66.0,149.0,1,1,1.0
94,1,810.0,20.0,66.0,151.0,1,1,1.0
95,1,811.0,20.0,66.0,151.0,1,1,1.0
96,1,811.0,20.0,66.0,152.0,1,1,1.0
97,1,811.0,20.0,66.0,152.0,1,1,1.0
98,1,810.0,20.0,67.0,152.0,1,1,1.0
99,1,809.0,19.0,68.0,153.0,1,1,1.0
100,1,808.0,19.0,70.0,153.0,1,1,1.0
101,1,806.0,20.0,70.0,154.0,1,1,1.0
102,1,805.0,20.0,70.0,156.0,1,1,1.0
103,1,804.0,22.0,69.0,156.0,1,1,1.0
104,1,802.0,24.0,68.0,157.0,1,1,1.0
105,1,801.0,25.0,68.0,158.0,1,1,1.0
106,1,800.0,26.0,68.0,158.0,1,1,1.0
107,1,799.0,26.0,67.0,158.0,1,1,1.0
108,1,798.0,26.0,68.0,159.0,1,1,1.0
109,1,798.0,25.0,70.0,159.0,1,1,1.0
110,1,797.0,25.0,72.0,159.0,1,1,1.0
111,1,797.0,26.0,73.0,160.0,1,1,1.0
112,1,798.0,27.0,74.0,162.0,1,1,1.0
113,1,799.0,28.0,73.0,163.0,1,1,1.0
114,1,800.0,30.0,73.0,163.0,1,1,1.0
115,1,800.0,31.0,72.0,164.0,1,1,1.0
116,1,800.0,32.0,72.0,165.0,1,1,1.0
117,1,799.0,32.0,73.0,165.0,1,1,1.0
118,1,799.0,31.0,74.0,166.0,1,1,1.0
119,1,798.0,31.0,76.0,166.0,1,1,1.0
120,1,797.0,31.0,79.0,166.0,1,1,1.0
121,1,797.0,31.0,80.0,167.0,1,1,1.0
122,1,796.0,32.0,80.0,169.0,1,1,1.0
123,1,795.0,33.0,79.0,169.0,1,1,1.0
124,1,793.0,34.0,78.0,170.0,1,1,1.0
125,1,792.0,35.0,76.0,172.0,1,1,1.0
126,1,792.0,36.0,75.0,174.0,1,1,1.0
127,1,791.0,36.0,75.0,175.0,1,1,1.0
128,1,789.0,37.0,76.0,175.0,1,1,1.0
129,1,788.0,37.0,77.0,175.0,1,1,1.0
130,1,788.0,37.0,79.0,175.0,1,1,1.0
131,1,790.0,36.0,80.0,175.0,1,1,1.0
132,1,792.0,37.0,79.0,177.0,1,1,1.0
133,1,794.0,38.0,78.0,179.0,1,1,1.0
134,1,796.0,40.0,78.0,178.0,1,1,1.0
135,1,797.0,41.0,77.0,178.0,1,1,1.0
136,1,798.0,43.0,76.0,181.0,1,1,1.0
137,1,798.0,44.0,76.0,182.0,1,1,1.0
138,1,798.0,44.0,77.0,183.0,1,1,1.0
139,1,797.0,44.0,79.0,183.0,1,1,1.0
140,1,795.0,43.0,82.0,184.0,1,1,1.0
141,1,793.0,43.0,87.0,184.0,1,1,1.0
142,1,791.0,43.0,90.0,184.0,1,1,1.0
143,1,789.0,44.0,90.0,186.0,1,1,1.0
144,1,787.0,46.0,88.0,189.0,1,1,1.0
145,1,786.0,47.0,85.0,190.0,1,1,1.0
146,1,786.0,49.0,82.0,191.0,1,1,1.0
147,1,787.0,50.0,80.0,193.0,1,1,1.0
148,1,788.0,51.0,78.0,193.0,1,1,1.0
149,1,788.0,51.0,77.0,193.0,1,1,1.0
150,1,788.0,52.0,78.0,193.0,1,1,1.0
151,1,786.0,52.0,82.0,193.0,1,1,1.0
152,1,785.0,52.0,87.0,194.0,1,1,1.0
153,1,786.0,52.0,88.0,194.0,1,1,1.0
154,1,788.0,53.0,88.0,198.0,1,1,1.0
155,1,790.0,56.0,87.0,200.0,1,1,1.0
156,1,791.0,58.0,86.0,200.0,1,1,1.0
157,1,792.0,60.0,85.0,202.0,1,1,1.0
158,1,792.0,62.0,86.0,203.0,1,1,1.0
159,1,792.0,62.0,88.0,203.0,1,1,1.0
160,1,791.0,63.0,89.0,203.0,1,1,1.0
161,1,789.0,62.0,94.0,204.0,1,1,1.0
162,1,788.0,62.0,97.0,204.0,1,1,1.0
163,1,787.0,62.0,99.0,204.0,1,1,1.0
164,1,786.0,63.0,98.0,207.0,1,1,1.0
165,1,787.0,65.0,94.0,208.0,1,1,1.0
166,1,787.0,67.0,91.0,210.0,1,1,1.0
167,1,786.0,69.0,89.0,212.0,1,1,1.0
168,1,785.0,71.0,89.0,216.0,1,1,1.0
169,1,784.0,72.0,90.0,217.0,1,1,1.0
170,1,783.0,73.0,91.0,216.0,1,1,1.0
171,1,781.0,73.0,94.0,216.0,1,1,1.0
172,1,780.0,73.0,98.0,216.0,1,1,1.0
173,1,781.0,74.0,100.0,216.0,1,1,1.0
174,1,784.0,75.0,99.0,217.0,1,1,1.0
175,1,788.0,76.0,98.0,219.0,1,1,1.0
176,1,790.0,79.0,97.0,219.0,1,1,1.0
177,1,792.0,82.0,97.0,222.0,1,1,1.0
178,1,793.0,84.0,97.0,223.0,1,1,1.0
179,1,793.0,86.0,99.0,227.0,1,1,1.0
180,1,793.0,88.0,100.0,228.0,1,1,1.0
181,1,791.0,88.0,102.0,229.0,1,1,1.0
182,1,789.0,88.0,106.0,229.0,1,1,1.0
183,1,787.0,88.0,108.0,229.0,1,1,1.0
184,1,785.0,89.0,108.0,228.0,1,1,1.0
185,1,782.0,91.0,109.0,232.0,1,1,1.0
186,1,779.0,93.0,110.0,234.0,1,1,1.0
187,1,776.0,96.0,108.0,236.0,1,1,1.0
188,1,773.0,98.0,108.0,238.0,1,1,1.0
189,1,770.0,100.0,110.0,243.0,1,1,1.0
190,1,768.0,102.0,111.0,244.0,1,1,1.0
191,1,767.0,102.0,111.0,245.0,1,1,1.0
192,1,767.0,103.0,112.0,245.0,1,1,1.0
193,1,767.0,103.0,115.0,245.0,1,1,1.0
194,1,768.0,103.0,116.0,244.0,1,1,1.0
195,1,773.0,104.0,114.0,247.0,1,1,1.0
196,1,778.0,106.0,111.0,251.0,1,1,1.0
197,1,781.0,109.0,110.0,254.0,1,1,1.0
198,1,782.0,112.0,110.0,256.0,1,1,1.0
199,1,783.0,114.0,111.0,260.0,1,1,1.0
200,1,782.0,116.0,113.0,263.0,1,1,1.0
201,1,781.0,117.0,115.0,264.0,1,1,1.0
202,1,779.0,118.0,118.0,264.0,1,1,1.0
203,1,776.0,118.0,121.0,264.0,1,1,1.0
204,1,775.0,118.0,123.0,264.0,1,1,1.0
205,1,775.0,119.0,122.0,263.0,1,1,1.0
206,1,773.0,121.0,121.0,268.0,1,1,1.0
207,1,770.0,123.0,120.0,273.0,1,1,1.0
208,1,768.0,127.0,119.0,275.0,1,1,1.0
209,1,766.0,130.0,118.0,276.0,1,1,1.0
210,1,764.0,134.0,117.0,282.0,1,1,1.0
211,1,762.0,136.0,118.0,283.0,1,1,1.0
212,1,760.0,138.0,119.0,283.0,1,1,1.0
213,1,759.0,138.0,121.0,283.0,1,1,1.0
214,1,760.0,139.0,124.0,282.0,1,1,1.0
215,1,760.0,140.0,127.0,281.0,1,1,1.0
216,1,760.0,142.0,130.0,283.0,1,1,1.0
217,1,762.0,145.0,130.0,289.0,1,1,1.0
218,1,765.0,149.0,130.0,291.0,1,1,1.0
219,1,768.0,153.0,129.0,293.0,1,1,1.0
220,1,769.0,156.0,130.0,300.0,1,1,1.0
221,1,771.0,159.0,132.0,303.0,1,1,1.0
222,1,770.0,160.0,134.0,304.0,1,1,1.0
223,1,770.0,161.0,137.0,303.0,1,1,1.0
224,1,770.0,162.0,139.0,303.0,1,1,1.0
225,1,769.0,163.0,142.0,301.0,1,1,1.0
226,1,769.0,165.0,144.0,303.0,1,1,1.0
227,1,768.0,168.0,143.0,312.0,1,1,1.0
228,1,766.0,172.0,142.0,317.0,1,1,1.0
229,1,762.0,176.0,141.0,319.0,1,1,1.0
230,1,761.0,181.0,139.0,325.0,1,1,1.0
231,1,760.0,184.0,138.0,329.0,1,1,1.0
232,1,759.0,186.0,138.0,330.0,1,1,1.0
233,1,756.0,188.0,141.0,329.0,1,1,1.0
234,1,753.0,189.0,146.0,328.0,1,1,1.0
235,1,754.0,190.0,150.0,327.0,1,1,1.0
236,1,755.0,192.0,151.0,324.0,1,1,1.0
237,1,759.0,195.0,151.0,331.0,1,1,1.0
238,1,762.0,200.0,150.0,340.0,1,1,1.0
239,1,764.0,205.0,150.0,342.0,1,1,1.0
240,1,766.0,210.0,150.0,347.0,1,1,1.0
241,1,768.0,215.0,152.0,355.0,1,1,1.0
242,1,768.0,218.0,155.0,356.0,1,1,1.0
243,1,768.0,221.0,157.0,356.0,1,1,1.0
244,1,766.0,222.0,160.0,355.0,1,1,1.0
245,1,764.0,223.0,165.0,354.0,1,1,1.0
246,1,763.0,224.0,170.0,352.0,1,1,1.0
247,1,763.0,227.0,170.0,358.0,1,1,1.0
248,1,761.0,231.0,168.0,371.0,1,1,1.0
249,1,758.0,236.0,166.0,379.0,1,1,1.0
250,1,755.0,242.0,164.0,382.0,1,1,1.0
251,1,753.0,247.0,165.0,392.0,1,1,1.0
252,1,750.0,252.0,167.0,397.0,1,1,1.0
253,1,748.0,257.0,169.0,397.0,1,1,1.0
254,1,744.0,260.0,174.0,395.0,1,1,1.0
255,1,741.0,263.0,180.0,392.0,1,1,1.0
256,1,743.0,265.0,183.0,390.0,1,1,1.0
257,1,748.0,268.0,182.0,387.0,1,1,1.0
258,1,754.0,272.0,179.0,400.0,1,1,1.0
259,1,758.0,278.0,177.0,413.0,1,1,1.0
260,1,761.0,285.0,176.0,419.0,1,1,1.0
261,1,763.0,292.0,177.0,427.0,1,1,1.0
262,1,763.0,299.0,179.0,434.0,1,1,1.0
263,1,763.0,304.0,183.0,435.0,1,1,1.0
264,1,762.0,307.0,187.0,434.0,1,1,1.0
265,1,758.0,310.0,193.0,431.0,1,1,1.0
266,1,752.0,312.0,203.0,429.0,1,1,1.0
267,1,746.0,316.0,211.0,425.0,1,1,1.0
268,1,741.0,321.0,215.0,434.0,1,1,1.0
269,1,736.0,328.0,216.0,454.0,1,1,1.0
270,1,730.0,336.0,213.0,465.0,1,1,1.0
271,1,724.0,344.0,210.0,474.0,1,1,1.0
272,1,719.0,352.0,208.0,485.0,1,1,1.0
273,1,717.0,359.0,206.0,485.0,1,1,1.0
274,1,717.0,364.0,204.0,482.0,1,1,1.0
275,1,714.0,369.0,208.0,478.0,1,1,1.0
276,1,706.0,373.0,218.0,474.0,1,1,1.0
277,1,700.0,378.0,226.0,469.0,1,1,1.0
278,1,699.0,383.0,230.0,470.0,1,1,1.0
279,1,700.0,391.0,230.0,493.0,1,1,1.0
280,1,700.0,402.0,228.0,515.0,1,1,1.0
281,1,700.0,413.0,228.0,523.0,1,1,1.0
282,1,700.0,424.0,231.0,535.0,1,1,1.0
283,1,700.0,435.0,234.0,536.0,1,1,1.0
284,1,700.0,443.0,235.0,533.0,1,1,1.0
285,1,698.0,450.0,238.0,528.0,1,1,1.0
286,1,694.0,455.0,245.0,522.0,1,1,1.0
287,1,689.0,462.0,253.0,515.0,1,1,1.0
288,1,684.0,469.0,259.0,507.0,1,1,1.0
289,1,677.0,479.0,261.0,532.0,1,1,1.0
290,1,669.0,490.0,262.0,562.0,1,1,1.0
291,1,662.0,504.0,260.0,570.0,1,1,1.0
292,1,656.0,519.0,257.0,563.0,1,1,1.0
293,1,652.0,534.0,255.0,551.0,1,1,1.0
294,1,650.0,547.0,254.0,537.0,1,1,1.0
295,1,647.0,559.0,254.0,525.0,1,1,1.0
296,1,643.0,569.0,260.0,514.0,1,1,1.0
297,1,634.0,579.0,278.0,504.0,1,1,1.0
298,1,625.0,589.0,296.0,494.0,1,1,1.0
299,1,623.0,600.0,305.0,482.0,1,1,1.0
300,1,626.0,614.0,307.0,468.0,1,1,1.0
301,1,632.0,632.0,308.0,450.0,1,1,1.0
302,1,639.0,652.0,307.0,429.0,1,1,1.0
303,1,644.0,673.0,303.0,408.0,1,1,1.0
304,1,647.0,692.0,306.0,388.0,1,1,1.0
305,1,648.0,709.0,312.0,371.0,1,1,1.0
306,1,647.0,724.0,315.0,356.0,1,1,1.0
307,1,645.0,737.0,320.0,343.0,1,1,1.0
308,1,642.0,749.0,334.0,330.0,1,1,1.0
309,1,637.0,761.0,342.0,318.0,1,1,1.0
310,1,633.0,775.0,334.0,304.0,1,1,1.0
311,1,630.0,794.0,318.0,285.0,1,1,1.0
312,1,630.0,817.0,303.0,262.0,1,1,1.0
313,1,629.0,841.0,296.0,238.0,1,1,1.0
314,1,630.0,866.0,291.0,213.0,1,1,1.0
315,1,638.0,888.0,277.0,191.0,1,1,1.0
316,1,645.0,908.0,259.0,171.0,1,1,1.0
317,1,651.0,925.0,238.0,154.0,1,1,1.0
318,1,659.0,942.0,213.0,137.0,1,1,1.0
319,1,659.0,958.0,186.0,121.0,1,1,1.0
320,1,656.0,973.0,154.0,106.0,1,1,1.0
360,2,101.0,940.0,192.0,139.0,1,1,1.0
361,2,97.0,926.0,206.0,153.0,1,1,1.0
362,2,91.0,907.0,221.0,172.0,1,1,1.0
363,2,85.0,887.0,236.0,192.0,1,1,1.0
364,2,78.0,867.0,250.0,211.0,1,1,1.0
365,2,70.0,849.0,264.0,230.0,1,1,1.0
366,2,64.0,832.0,274.0,246.0,1,1,1.0
367,2,57.0,818.0,267.0,261.0,1,1,1.0
368,2,51.0,806.0,252.0,273.0,1,1,1.0
369,2,46.0,796.0,235.0,282.0,1,1,1.0
370,2,42.0,786.0,231.0,292.0,1,1,1.0
371,2,37.0,777.0,235.0,302.0,1,1,1.0
372,2,32.0,768.0,238.0,311.0,1,1,1.0
373,2,26.0,757.0,242.0,321.0,1,1,1.0
374,2,20.0,746.0,244.0,333.0,1,1,1.0
375,2,14.0,732.0,249.0,347.0,1,1,1.0
376,2,9.0,717.0,254.0,361.0,1,1,1.0
377,2,6.0,703.0,251.0,375.0,1,1,1.0
378,2,4.0,692.0,247.0,386.0,1,1,1.0
379,2,4.0,682.0,248.0,396.0,1,1,1.0
380,2,4.0,674.0,251.0,404.0,1,1,1.0
381,2,4.0,667.0,253.0,411.0,1,1,1.0
382,2,6.0,659.0,253.0,419.0,1,1,1.0
383,2,8.0,648.0,253.0,430.0,1,1,1.0
384,2,9.0,637.0,251.0,441.0,1,1,1.0
385,2,8.0,625.0,247.0,451.0,1,1,1.0
386,2,8.0,612.0,239.0,465.0,1,1,1.0
387,2,7.0,599.0,228.0,475.0,1,1,1.0
388,2,7.0,590.0,222.0,483.0,1,1,1.0
389,2,7.0,582.0,219.0,491.0,1,1,1.0
390,2,8.0,577.0,218.0,494.0,1,1,1.0
391,2,7.0,571.0,218.0,496.0,1,1,1.0
392,2,7.0,565.0,219.0,495.0,1,1,1.0
393,2,4.0,559.0,221.0,490.0,1,1,1.0
394,2,2.0,551.0,220.0,486.0,1,1,1.0
395,2,1.0,542.0,213.0,475.0,1,1,1.0
396,2,1.0,531.0,206.0,456.0,1,1,1.0
397,2,1.0,520.0,201.0,445.0,1,1,1.0
398,2,1.0,510.0,196.0,448.0,1,1,1.0
399,2,1.0,505.0,193.0,450.0,1,1,1.0
400,2,2.0,500.0,194.0,453.0,1,1,1.0
401,2,4.0,497.0,196.0,454.0,1,1,1.0
402,2,6.0,493.0,198.0,453.0,1,1,1.0
403,2,8.0,488.0,197.0,449.0,1,1,1.0
404,2,11.0,481.0,194.0,449.0,1,1,1.0
405,2,13.0,473.0,189.0,443.0,1,1,1.0
406,2,14.0,465.0,183.0,430.0,1,1,1.0
407,2,15.0,456.0,175.0,414.0,1,1,1.0
408,2,15.0,449.0,171.0,408.0,1,1,1.0
409,2,15.0,443.0,170.0,410.0,1,1,1.0
410,2,16.0,439.0,169.0,411.0,1,1,1.0
411,2,17.0,436.0,167.0,412.0,1,1,1.0
412,2,16.0,433.0,166.0,411.0,1,1,1.0
413,2,15.0,430.0,166.0,407.0,1,1,1.0
414,2,12.0,426.0,169.0,405.0,1,1,1.0
415,2,11.0,420.0,170.0,401.0,1,1,1.0
416,2,14.0,413.0,165.0,391.0,1,1,1.0
417,2,17.0,406.0,159.0,376.0,1,1,1.0
418,2,19.0,399.0,154.0,373.0,1,1,1.0
419,2,21.0,394.0,152.0,375.0,1,1,1.0
420,2,23.0,391.0,151.0,378.0,1,1,1.0
421,2,25.0,388.0,152.0,379.0,1,1,1.0
422,2,28.0,385.0,154.0,379.0,1,1,1.0
423,2,30.0,383.0,154.0,376.0,1,1,1.0
424,2,32.0,379.0,154.0,375.0,1,1,1.0
425,2,33.0,374.0,151.0,372.0,1,1,1.0
426,2,35.0,369.0,147.0,366.0,1,1,1.0
427,2,37.0,363.0,142.0,354.0,1,1,1.0
428,2,36.0,357.0,139.0,344.0,1,1,1.0
429,2,35.0,353.0,135.0,342.0,1,1,1.0
430,2,34.0,350.0,132.0,344.0,1,1,1.0
431,2,32.0,349.0,132.0,344.0,1,1,1.0
432,2,30.0,348.0,133.0,342.0,1,1,1.0
433,2,28.0,347.0,135.0,340.0,1,1,1.0
434,2,28.0,346.0,135.0,335.0,1,1,1.0
435,2,29.0,344.0,132.0,335.0,1,1,1.0
436,2,31.0,340.0,129.0,332.0,1,1,1.0
437,2,31.0,336.0,124.0,321.0,1,1,1.0
438,2,31.0,332.0,122.0,315.0,1,1,1.0
439,2,31.0,328.0,121.0,314.0,1,1,1.0
440,2,31.0,327.0,121.0,315.0,1,1,1.0
441,2,31.0,325.0,121.0,316.0,1,1,1.0
442,2,31.0,324.0,123.0,316.0,1,1,1.0
443,2,32.0,324.0,124.0,315.0,1,1,1.0
444,2,33.0,324.0,126.0,313.0,1,1,1.0
445,2,33.0,323.0,126.0,313.0,1,1,1.0
446,2,34.0,320.0,124.0,311.0,1,1,1.0
447,2,34.0,317.0,121.0,307.0,1,1,1.0
448,2,33.0,313.0,117.0,300.0,1,1,1.0
449,2,32.0,308.0,112.0,292.0,1,1,1.0
450,2,31.0,304.0,108.0,290.0,1,1,1.0
451,2,29.0,303.0,105.0,289.0,1,1,1.0
452,2,26.0,302.0,105.0,290.0,1,1,1.0
453,2,24.0,302.0,106.0,290.0,1,1,1.0
454,2,23.0,302.0,106.0,288.0,1,1,1.0
455,2,23.0,302.0,105.0,284.0,1,1,1.0
456,2,23.0,302.0,105.0,282.0,1,1,1.0
457,2,22.0,301.0,105.0,280.0,1,1,1.0
458,2,22.0,297.0,102.0,269.0,1,1,1.0
459,2,20.0,294.0,103.0,266.0,1,1,1.0
460,2,19.0,291.0,103.0,267.0,1,1,1.0
461,2,18.0,288.0,103.0,269.0,1,1,1.0
462,2,18.0,286.0,102.0,271.0,1,1,1.0
463,2,19.0,285.0,104.0,272.0,1,1,1.0
464,2,20.0,285.0,105.0,272.0,1,1,1.0
465,2,20.0,285.0,105.0,272.0,1,1,1.0
466,2,20.0,284.0,104.0,272.0,1,1,1.0
467,2,20.0,283.0,103.0,273.0,1,1,1.0
468,2,19.0,281.0,101.0,270.0,1,1,1.0
469,2,18.0,279.0,97.0,266.0,1,1,1.0
470,2,17.0,277.0,95.0,261.0,1,1,1.0
471,2,15.0,275.0,95.0,256.0,1,1,1.0
472,2,13.0,273.0,95.0,254.0,1,1,1.0
473,2,10.0,272.0,94.0,254.0,1,1,1.0
474,2,6.0,271.0,94.0,254.0,1,1,1.0
475,2,3.0,271.0,96.0,254.0,1,1,1.0
476,2,2.0,271.0,96.0,255.0,1,1,1.0
477,2,2.0,271.0,94.0,253.0,1,1,1.0
478,2,1.0,271.0,94.0,250.0,1,1,1.0
479,2,1.0,272.0,93.0,247.0,1,1,1.0
480,2,0.0,271.0,93.0,245.0,1,1,1.0
481,2,0.0,269.0,92.0,242.0,1,1,1.0
482,2,0.0,266.0,91.0,243.0,1,1,1.0
483,2,3.0,264.0,89.0,245.0,1,1,1.0
484,2,8.0,263.0,86.0,245.0,1,1,1.0
485,2,12.0,263.0,84.0,247.0,1,1,1.0
486,2,16.0,261.0,84.0,248.0,1,1,1.0
487,2,19.0,260.0,88.0,250.0,1,1,1.0
488,2,22.0,259.0,90.0,249.0,1,1,1.0
489,2,27.0,258.0,88.0,248.0,1,1,1.0
490,2,31.0,256.0,85.0,248.0,1,1,1.0
491,2,35.0,254.0,81.0,247.0,1,1,1.0
492,2,40.0,250.0,76.0,244.0,1,1,1.0
493,2,44.0,248.0,72.0,237.0,1,1,1.0
494,2,48.0,244.0,70.0,236.0,1,1,1.0
495,2,52.0,240.0,71.0,238.0,1,1,1.0
496,2,57.0,238.0,73.0,239.0,1,1,1.0
497,2,62.0,236.0,77.0,241.0,1,1,1.0
498,2,67.0,236.0,82.0,241.0,1,1,1.0
499,2,71.0,234.0,90.0,241.0,1,1,1.0
500,2,75.0,232.0,94.0,240.0,1,1,1.0
501,2,79.0,230.0,94.0,241.0,1,1,1.0
502,2,86.0,226.0,89.0,242.0,1,1,1.0
503,2,94.0,222.0,83.0,242.0,1,1,1.0
504,2,100.0,218.0,77.0,236.0,1,1,1.0
505,2,106.0,214.0,73.0,230.0,1,1,1.0
506,2,112.0,211.0,71.0,229.0,1,1,1.0
507,2,119.0,209.0,74.0,230.0,1,1,1.0
508,2,125.0,207.0,87.0,232.0,1,1,1.0
509,2,131.0,206.0,99.0,231.0,1,1,1.0
510,2,137.0,205.0,105.0,229.0,1,1,1.0
511,2,142.0,202.0,106.0,230.0,1,1,1.0
512,2,147.0,200.0,105.0,231.0,1,1,1.0
513,2,152.0,197.0,101.0,231.0,1,1,1.0
514,2,162.0,194.0,91.0,227.0,1,1,1.0
515,2,171.0,189.0,82.0,223.0,1,1,1.0
516,2,179.0,186.0,73.0,223.0,1,1,1.0
517,2,186.0,184.0,68.0,224.0,1,1,1.0
518,2,192.0,182.0,72.0,225.0,1,1,1.0
521,2,209.0,178.0,102.0,226.0,1,1,1.0
522,2,214.0,177.0,107.0,227.0,1,1,1.0
523,2,220.0,174.0,105.0,228.0,1,1,1.0
524,2,228.0,171.0,99.0,228.0,1,1,1.0
525,2,237.0,167.0,89.0,225.0,1,1,1.0
526,2,248.0,163.0,80.0,221.0,1,1,1.0
527,2,258.0,161.0,76.0,218.0,1,1,1.0
528,2,266.0,158.0,78.0,218.0,1,1,1.0
529,2,275.0,157.0,86.0,219.0,1,1,1.0
530,2,282.0,155.0,99.0,219.0,1,1,1.0
531,2,289.0,154.0,108.0,219.0,1,1,1.0
532,2,293.0,153.0,112.0,219.0,1,1,1.0
533,2,296.0,151.0,113.0,220.0,1,1,1.0
534,2,302.0,149.0,108.0,219.0,1,1,1.0
535,2,312.0,146.0,98.0,218.0,1,1,1.0
536,2,324.0,143.0,85.0,216.0,1,1,1.0
537,2,334.0,140.0,75.0,216.0,1,1,1.0
538,2,342.0,138.0,68.0,217.0,1,1,1.0
539,2,349.0,137.0,70.0,218.0,1,1,1.0
540,2,356.0,136.0,82.0,219.0,1,1,1.0
541,2,362.0,135.0,96.0,219.0,1,1,1.0
542,2,364.0,135.0,105.0,219.0,1,1,1.0
543,2,367.0,133.0,110.0,219.0,1,1,1.0
544,2,372.0,131.0,108.0,221.0,1,1,1.0
545,2,381.0,128.0,100.0,221.0,1,1,1.0
546,2,392.0,125.0,89.0,218.0,1,1,1.0
547,2,404.0,122.0,79.0,214.0,1,1,1.0
548,2,413.0,119.0,75.0,212.0,1,1,1.0
549,2,421.0,117.0,77.0,213.0,1,1,1.0
550,2,428.0,116.0,85.0,213.0,1,1,1.0
551,2,436.0,115.0,97.0,214.0,1,1,1.0
552,2,443.0,115.0,104.0,213.0,1,1,1.0
553,2,448.0,115.0,106.0,212.0,1,1,1.0
554,2,451.0,113.0,106.0,212.0,1,1,1.0
555,2,456.0,111.0,102.0,212.0,1,1,1.0
556,2,465.0,109.0,93.0,211.0,1,1,1.0
557,2,477.0,106.0,81.0,208.0,1,1,1.0
558,2,486.0,103.0,71.0,207.0,1,1,1.0
559,2,493.0,101.0,68.0,207.0,1,1,1.0
560,2,499.0,100.0,72.0,208.0,1,1,1.0
561,2,505.0,99.0,76.0,209.0,1,1,1.0
562,2,507.0,99.0,89.0,209.0,1,1,1.0
563,2,510.0,99.0,98.0,208.0,1,1,1.0
564,2,513.0,98.0,102.0,208.0,1,1,1.0
565,2,519.0,96.0,100.0,209.0,1,1,1.0
566,2,526.0,94.0,95.0,209.0,1,1,1.0
567,2,533.0,92.0,90.0,207.0,1,1,1.0
568,2,543.0,89.0,85.0,203.0,1,1,1.0
569,2,554.0,86.0,78.0,201.0,1,1,1.0
570,2,563.0,84.0,76.0,201.0,1,1,1.0
571,2,570.0,83.0,77.0,202.0,1,1,1.0
572,2,575.0,83.0,88.0,202.0,1,1,1.0
573,2,579.0,83.0,97.0,202.0,1,1,1.0
574,2,585.0,83.0,99.0,200.0,1,1,1.0
575,2,590.0,82.0,98.0,200.0,1,1,1.0
576,2,594.0,80.0,95.0,200.0,1,1,1.0
577,2,599.0,79.0,90.0,200.0,1,1,1.0
578,2,608.0,76.0,81.0,198.0,1,1,1.0
579,2,619.0,74.0,70.0,195.0,1,1,1.0
580,2,626.0,72.0,65.0,195.0,1,1,1.0
581,2,632.0,70.0,67.0,196.0,1,1,1.0
582,2,634.0,69.0,72.0,197.0,1,1,1.0
583,2,636.0,69.0,79.0,197.0,1,1,1.0
584,2,639.0,69.0,85.0,196.0,1,1,1.0
585,2,640.0,69.0,90.0,195.0,1,1,1.0
586,2,643.0,69.0,93.0,194.0,1,1,1.0
587,2,648.0,68.0,92.0,195.0,1,1,1.0
588,2,655.0,66.0,88.0,195.0,1,1,1.0
589,2,663.0,63.0,84.0,192.0,1,1,1.0
590,2,671.0,61.0,78.0,189.0,1,1,1.0
591,2,679.0,59.0,72.0,188.0,1,1,1.0
592,2,686.0,58.0,74.0,188.0,1,1,1.0
593,2,693.0,58.0,73.0,188.0,1,1,1.0
594,2,699.0,58.0,80.0,187.0,1,1,1.0
595,2,705.0,58.0,85.0,186.0,1,1,1.0
596,2,708.0,58.0,88.0,184.0,1,1,1.0
597,2,710.0,57.0,87.0,185.0,1,1,1.0
598,2,714.0,56.0,83.0,184.0,1,1,1.0
599,2,722.0,54.0,75.0,182.0,1,1,1.0
600,2,731.0,52.0,66.0,181.0,1,1,1.0
601,2,740.0,49.0,63.0,181.0,1,1,1.0
602,2,745.0,48.0,63.0,182.0,1,1,1.0
603,2,748.0,47.0,66.0,182.0,1,1,1.0
604,2,750.0,47.0,71.0,182.0,1,1,1.0
605,2,751.0,47.0,77.0,182.0,1,1,1.0
606,2,753.0,47.0,81.0,181.0,1,1,1.0
607,2,756.0,48.0,83.0,180.0,1,1,1.0
608,2,762.0,46.0,82.0,181.0,1,1,1.0
609,2,766.0,45.0,82.0,181.0,1,1,1.0
610,2,772.0,43.0,79.0,176.0,1,1,1.0
611,2,779.0,41.0,75.0,176.0,1,1,1.0
612,2,786.0,39.0,72.0,174.0,1,1,1.0
613,2,794.0,38.0,68.0,175.0,1,1,1.0
614,2,802.0,37.0,67.0,176.0,1,1,1.0
615,2,809.0,36.0,66.0,176.0,1,1,1.0
616,2,815.0,37.0,72.0,176.0,1,1,1.0
617,2,818.0,37.0,79.0,175.0,1,1,1.0
618,2,819.0,37.0,80.0,174.0,1,1,1.0
619,2,821.0,37.0,80.0,173.0,1,1,1.0
620,2,826.0,37.0,75.0,173.0,1,1,1.0
621,2,833.0,35.0,69.0,172.0,1,1,1.0
622,2,842.0,34.0,60.0,171.0,1,1,1.0
623,2,853.0,32.0,56.0,171.0,1,1,1.0
624,2,859.0,30.0,57.0,172.0,1,1,1.0
625,2,862.0,30.0,62.0,173.0,1,1,1.0
626,2,864.0,30.0,68.0,172.0,1,1,1.0
627,2,866.0,31.0,75.0,171.0,1,1,1.0
628,2,867.0,32.0,80.0,170.0,1,1,1.0
629,2,870.0,33.0,82.0,169.0,1,1,1.0
630,2,873.0,32.0,83.0,169.0,1,1,1.0
631,2,878.0,32.0,80.0,168.0,1,1,1.0
632,2,884.0,31.0,77.0,166.0,1,1,1.0
633,2,892.0,30.0,72.0,165.0,1,1,1.0
634,2,902.0,29.0,64.0,165.0,1,1,1.0
635,2,910.0,28.0,61.0,165.0,1,1,1.0
636,2,917.0,27.0,60.0,165.0,1,1,1.0
637,2,923.0,28.0,66.0,164.0,1,1,1.0
638,2,926.0,28.0,73.0,164.0,1,1,1.0
639,2,928.0,28.0,76.0,163.0,1,1,1.0
640,2,930.0,29.0,76.0,162.0,1,1,1.0
641,2,933.0,28.0,73.0,162.0,1,1,1.0
642,2,939.0,28.0,68.0,161.0,1,1,1.0
643,2,946.0,27.0,63.0,160.0,1,1,1.0
644,2,955.0,26.0,58.0,160.0,1,1,1.0
645,2,963.0,25.0,56.0,160.0,1,1,1.0
646,2,966.0,24.0,60.0,161.0,1,1,1.0
647,2,966.0,24.0,66.0,161.0,1,1,1.0
648,2,967.0,25.0,71.0,160.0,1,1,1.0
649,2,967.0,25.0,75.0,159.0,1,1,1.0
650,2,968.0,26.0,78.0,158.0,1,1,1.0
651,2,970.0,26.0,80.0,158.0,1,1,1.0
652,2,974.0,25.0,82.0,158.0,1,1,1.0
653,2,978.0,25.0,79.0,158.0,1,1,1.0
654,2,985.0,23.0,72.0,155.0,1,1,1.0
655,2,993.0,22.0,67.0,155.0,1,1,1.0
656,2,999.0,21.0,64.0,155.0,1,1,1.0
658,2,1011.0,20.0,59.0,154.0,1,1,1.0
659,2,1014.0,21.0,62.0,155.0,1,1,1.0
660,2,1019.0,21.0,63.0,153.0,1,1,1.0
661,2,1022.0,22.0,61.0,153.0,1,1,1.0
662,2,1024.0,22.0,60.0,152.0,1,1,1.0
663,2,1029.0,21.0,57.0,152.0,1,1,1.0
664,2,1034.0,20.0,57.0,151.0,1,1,1.0
665,2,1040.0,19.0,55.0,151.0,1,1,1.0
666,2,1045.0,18.0,57.0,151.0,1,1,1.0
667,2,1047.0,18.0,59.0,151.0,1,1,1.0
668,2,1048.0,17.0,62.0,151.0,1,1,1.0
669,2,1048.0,18.0,65.0,150.0,1,1,1.0
670,2,1048.0,18.0,68.0,150.0,1,1,1.0
671,2,1049.0,19.0,70.0,149.0,1,1,1.0
672,2,1051.0,19.0,72.0,145.0,1,1,1.0
673,2,1054.0,19.0,73.0,144.0,1,1,1.0
674,2,1058.0,19.0,71.0,144.0,1,1,1.0
675,2,1062.0,18.0,69.0,143.0,1,1,1.0
676,2,1067.0,17.0,66.0,143.0,1,1,1.0
677,2,1073.0,16.0,63.0,143.0,1,1,1.0
678,2,1080.0,15.0,57.0,144.0,1,1,1.0
679,2,1085.0,15.0,54.0,144.0,1,1,1.0
680,2,1088.0,15.0,55.0,143.0,1,1,1.0
681,2,1090.0,16.0,58.0,142.0,1,1,1.0
682,2,1092.0,17.0,59.0,142.0,1,1,1.0
683,2,1094.0,17.0,58.0,141.0,1,1,1.0
684,2,1097.0,17.0,56.0,140.0,1,1,1.0
685,2,1101.0,16.0,54.0,140.0,1,1,1.0
686,2,1107.0,14.0,53.0,141.0,1,1,1.0
687,2,1113.0,14.0,50.0,141.0,1,1,1.0
688,2,1116.0,14.0,54.0,140.0,1,1,1.0
689,2,1117.0,12.0,59.0,142.0,1,1,1.0
690,2,1117.0,13.0,63.0,141.0,1,1,1.0
691,2,1117.0,14.0,66.0,140.0,1,1,1.0
692,2,1117.0,15.0,68.0,139.0,1,1,1.0
693,2,1117.0,16.0,71.0,137.0,1,1,1.0
694,2,1119.0,16.0,70.0,137.0,1,1,1.0
695,2,1122.0,15.0,69.0,136.0,1,1,1.0
696,2,1125.0,14.0,67.0,135.0,1,1,1.0
697,2,1131.0,13.0,63.0,134.0,1,1,1.0
698,2,1137.0,12.0,58.0,134.0,1,1,1.0
699,2,1140.0,11.0,58.0,135.0,1,1,1.0
701,2,1144.0,11.0,57.0,135.0,1,1,1.0
702,2,1145.0,11.0,56.0,135.0,1,1,1.0
703,2,1147.0,12.0,60.0,134.0,1,1,1.0
704,2,1149.0,13.0,61.0,133.0,1,1,1.0
705,2,1154.0,13.0,57.0,132.0,1,1,1.0
706,2,1159.0,12.0,52.0,133.0,1,1,1.0
707,2,1163.0,12.0,50.0,131.0,1,1,1.0
708,2,1167.0,11.0,50.0,131.0,1,1,1.0
709,2,1167.0,11.0,52.0,131.0,1,1,1.0
710,2,1167.0,11.0,55.0,131.0,1,1,1.0
711,2,1167.0,10.0,57.0,132.0,1,1,1.0
713,2,1166.0,10.0,63.0,125.0,1,1,1.0
714,2,1166.0,11.0,65.0,125.0,1,1,1.0
715,2,1166.0,11.0,66.0,126.0,1,1,1.0
716,2,1168.0,11.0,65.0,125.0,1,1,1.0
717,2,1172.0,11.0,61.0,126.0,1,1,1.0
718,2,1176.0,10.0,57.0,125.0,1,1,1.0
719,2,1180.0,10.0,53.0,125.0,1,1,1.0
720,2,1184.0,9.0,48.0,126.0,1,1,1.0
