1,1,1134.0,189.0,116.0,308.0,1,1,1.0
2,1,1130.0,187.0,119.0,307.0,1,1,1.0
3,1,1123.0,186.0,125.0,306.0,1,1,1.0
4,1,1116.0,185.0,132.0,304.0,1,1,1.0
5,1,1110.0,184.0,137.0,306.0,1,1,1.0
6,1,1106.0,182.0,139.0,303.0,1,1,1.0
7,1,1102.0,179.0,139.0,295.0,1,1,1.0
8,1,1102.0,175.0,135.0,284.0,1,1,1.0
9,1,1105.0,170.0,127.0,280.0,1,1,1.0
10,1,1109.0,166.0,117.0,281.0,1,1,1.0
11,1,1112.0,163.0,109.0,282.0,1,1,1.0
12,1,1111.0,161.0,107.0,284.0,1,1,1.0
13,1,1109.0,160.0,109.0,285.0,1,1,1.0
14,1,1107.0,158.0,112.0,283.0,1,1,1.0
15,1,1102.0,156.0,114.0,280.0,1,1,1.0
16,1,1095.0,153.0,117.0,271.0,1,1,1.0
17,1,1089.0,150.0,116.0,262.0,1,1,1.0
18,1,1087.0,146.0,114.0,259.0,1,1,1.0
19,1,1091.0,143.0,109.0,260.0,1,1,1.0
20,1,1090.0,141.0,109.0,261.0,1,1,1.0
21,1,1090.0,140.0,108.0,259.0,1,1,1.0
22,1,1088.0,140.0,110.0,258.0,1,1,1.0
23,1,1082.0,140.0,116.0,256.0,1,1,1.0
24,1,1078.0,138.0,119.0,255.0,1,1,1.0
25,1,1076.0,135.0,120.0,248.0,1,1,1.0
26,1,1079.0,131.0,115.0,243.0,1,1,1.0
27,1,1084.0,127.0,107.0,243.0,1,1,1.0
28,1,1089.0,125.0,98.0,243.0,1,1,1.0
29,1,1092.0,124.0,92.0,242.0,1,1,1.0
30,1,1091.0,125.0,94.0,242.0,1,1,1.0
31,1,1089.0,124.0,99.0,241.0,1,1,1.0
32,1,1087.0,124.0,102.0,239.0,1,1,1.0
33,1,1084.0,124.0,104.0,235.0,1,1,1.0
34,1,1082.0,122.0,104.0,228.0,1,1,1.0
35,1,1079.0,119.0,104.0,223.0,1,1,1.0
36,1,1076.0,115.0,102.0,222.0,1,1,1.0
37,1,1073.0,113.0,99.0,224.0,1,1,1.0
38,1,1070.0,111.0,99.0,225.0,1,1,1.0
39,1,1068.0,111.0,100.0,225.0,1,1,1.0
40,1,1065.0,111.0,103.0,223.0,1,1,1.0
41,1,1065.0,111.0,103.0,221.0,1,1,1.0
42,1,1067.0,110.0,100.0,217.0,1,1,1.0
43,1,1070.0,107.0,97.0,211.0,1,1,1.0
44,1,1073.0,104.0,94.0,208.0,1,1,1.0
45,1,1076.0,101.0,93.0,208.0,1,1,1.0
46,1,1077.0,100.0,94.0,208.0,1,1,1.0
47,1,1076.0,100.0,98.0,208.0,1,1,1.0
48,1,1074.0,100.0,99.0,208.0,1,1,1.0
49,1,1073.0,100.0,101.0,208.0,1,1,1.0
50,1,1072.0,99.0,100.0,206.0,1,1,1.0
51,1,1070.0,98.0,97.0,203.0,1,1,1.0
52,1,1069.0,96.0,94.0,198.0,1,1,1.0
53,1,1069.0,94.0,86.0,196.0,1,1,1.0
54,1,1066.0,92.0,82.0,195.0,1,1,1.0
55,1,1062.0,91.0,84.0,196.0,1,1,1.0
56,1,1056.0,90.0,90.0,195.0,1,1,1.0
57,1,1051.0,91.0,94.0,194.0,1,1,1.0
58,1,1048.0,91.0,97.0,194.0,1,1,1.0
59,1,1046.0,90.0,100.0,193.0,1,1,1.0
60,1,1046.0,88.0,100.0,189.0,1,1,1.0
61,1,1046.0,85.0,98.0,186.0,1,1,1.0
62,1,1048.0,83.0,93.0,184.0,1,1,1.0
63,1,1051.0,81.0,90.0,184.0,1,1,1.0
64,1,1058.0,79.0,84.0,185.0,1,1,1.0
65,1,1061.0,79.0,83.0,185.0,1,1,1.0
66,1,1061.0,79.0,85.0,185.0,1,1,1.0
67,1,1058.0,80.0,87.0,184.0,1,1,1.0
68,1,1055.0,79.0,88.0,183.0,1,1,1.0
69,1,1054.0,78.0,85.0,179.0,1,1,1.0
70,1,1053.0,76.0,81.0,176.0,1,1,1.0
71,1,1052.0,74.0,77.0,174.0,1,1,1.0
72,1,1052.0,73.0,72.0,174.0,1,1,1.0
73,1,1053.0,73.0,69.0,174.0,1,1,1.0
74,1,1052.0,72.0,68.0,174.0,1,1,1.0
75,1,1052.0,73.0,68.0,174.0,1,1,1.0
76,1,1052.0,73.0,68.0,172.0,1,1,1.0
77,1,1052.0,72.0,67.0,171.0,1,1,1.0
78,1,1051.0,72.0,66.0,169.0,1,1,1.0
79,1,1050.0,70.0,65.0,167.0,1,1,1.0
80,1,1049.0,69.0,64.0,165.0,1,1,1.0
81,1,1047.0,67.0,63.0,166.0,1,1,1.0
82,1,1046.0,66.0,62.0,167.0,1,1,1.0
83,1,1044.0,66.0,61.0,166.0,1,1,1.0
84,1,1042.0,67.0,61.0,165.0,1,1,1.0
85,1,1040.0,68.0,61.0,163.0,1,1,1.0
86,1,1037.0,68.0,64.0,162.0,1,1,1.0
87,1,1036.0,66.0,65.0,159.0,1,1,1.0
88,1,1034.0,65.0,63.0,156.0,1,1,1.0
89,1,1034.0,63.0,60.0,156.0,1,1,1.0
90,1,1033.0,62.0,59.0,156.0,1,1,1.0
91,1,1032.0,62.0,59.0,155.0,1,1,1.0
92,1,1031.0,62.0,60.0,155.0,1,1,1.0
93,1,1030.0,62.0,61.0,155.0,1,1,1.0
94,1,1029.0,62.0,61.0,155.0,1,1,1.0
95,1,1029.0,62.0,61.0,154.0,1,1,1.0
96,1,1028.0,61.0,60.0,151.0,1,1,1.0
97,1,1027.0,59.0,60.0,150.0,1,1,1.0
98,1,1025.0,58.0,59.0,150.0,1,1,1.0
99,1,1023.0,57.0,58.0,150.0,1,1,1.0
100,1,1021.0,57.0,58.0,150.0,1,1,1.0
101,1,1018.0,57.0,59.0,150.0,1,1,1.0
102,1,1016.0,57.0,59.0,150.0,1,1,1.0
103,1,1014.0,58.0,58.0,148.0,1,1,1.0
104,1,1013.0,57.0,58.0,147.0,1,1,1.0
105,1,1011.0,56.0,58.0,143.0,1,1,1.0
106,1,1011.0,55.0,57.0,141.0,1,1,1.0
107,1,1010.0,54.0,56.0,141.0,1,1,1.0
108,1,1011.0,54.0,54.0,141.0,1,1,1.0
109,1,1011.0,54.0,54.0,141.0,1,1,1.0
110,1,1011.0,54.0,54.0,141.0,1,1,1.0
111,1,1011.0,54.0,54.0,140.0,1,1,1.0
112,1,1011.0,54.0,54.0,140.0,1,1,1.0
113,1,1011.0,54.0,54.0,139.0,1,1,1.0
114,1,1011.0,53.0,54.0,136.0,1,1,1.0
115,1,1010.0,52.0,54.0,135.0,1,1,1.0
116,1,1008.0,51.0,54.0,136.0,1,1,1.0
117,1,1006.0,50.0,54.0,136.0,1,1,1.0
118,1,1005.0,49.0,53.0,136.0,1,1,1.0
119,1,1003.0,49.0,53.0,137.0,1,1,1.0
120,1,1002.0,49.0,53.0,136.0,1,1,1.0
121,1,1001.0,50.0,52.0,135.0,1,1,1.0
122,1,1000.0,49.0,52.0,134.0,1,1,1.0
123,1,1000.0,48.0,52.0,132.0,1,1,1.0
124,1,999.0,47.0,52.0,131.0,1,1,1.0
125,1,999.0,46.0,51.0,131.0,1,1,1.0
126,1,999.0,45.0,51.0,132.0,1,1,1.0
127,1,999.0,44.0,51.0,132.0,1,1,1.0
128,1,999.0,44.0,51.0,132.0,1,1,1.0
129,1,999.0,45.0,51.0,131.0,1,1,1.0
130,1,1000.0,45.0,50.0,130.0,1,1,1.0
131,1,1000.0,45.0,49.0,129.0,1,1,1.0
132,1,999.0,44.0,50.0,126.0,1,1,1.0
133,1,999.0,43.0,50.0,125.0,1,1,1.0
134,1,998.0,42.0,50.0,126.0,1,1,1.0
135,1,998.0,41.0,50.0,126.0,1,1,1.0
136,1,997.0,40.0,50.0,127.0,1,1,1.0
137,1,997.0,41.0,50.0,127.0,1,1,1.0
138,1,996.0,42.0,50.0,126.0,1,1,1.0
139,1,996.0,42.0,49.0,124.0,1,1,1.0
140,1,996.0,42.0,48.0,124.0,1,1,1.0
141,1,995.0,41.0,48.0,121.0,1,1,1.0
142,1,995.0,40.0,48.0,121.0,1,1,1.0
143,1,996.0,39.0,47.0,121.0,1,1,1.0
144,1,997.0,38.0,47.0,122.0,1,1,1.0
145,1,997.0,38.0,47.0,122.0,1,1,1.0
146,1,998.0,38.0,47.0,122.0,1,1,1.0
147,1,998.0,39.0,47.0,120.0,1,1,1.0
148,1,999.0,39.0,46.0,120.0,1,1,1.0
149,1,999.0,38.0,47.0,119.0,1,1,1.0
150,1,999.0,38.0,48.0,117.0,1,1,1.0
151,1,999.0,36.0,49.0,117.0,1,1,1.0
152,1,999.0,35.0,50.0,117.0,1,1,1.0
153,1,998.0,34.0,51.0,117.0,1,1,1.0
154,1,998.0,34.0,53.0,117.0,1,1,1.0
155,1,997.0,35.0,56.0,117.0,1,1,1.0
157,1,997.0,36.0,48.0,115.0,1,1,1.0
158,1,997.0,36.0,46.0,115.0,1,1,1.0
159,1,996.0,34.0,47.0,113.0,1,1,1.0
160,1,995.0,33.0,52.0,114.0,1,1,1.0
161,1,995.0,33.0,51.0,114.0,1,1,1.0
162,1,996.0,33.0,49.0,113.0,1,1,1.0
163,1,997.0,33.0,46.0,113.0,1,1,1.0
164,1,998.0,33.0,44.0,113.0,1,1,1.0
165,1,998.0,34.0,44.0,112.0,1,1,1.0
166,1,999.0,34.0,44.0,111.0,1,1,1.0
167,1,999.0,34.0,44.0,111.0,1,1,1.0
168,1,1001.0,32.0,43.0,109.0,1,1,1.0
169,1,1001.0,31.0,44.0,110.0,1,1,1.0
170,1,1001.0,31.0,46.0,109.0,1,1,1.0
171,1,1000.0,30.0,44.0,109.0,1,1,1.0
172,1,1000.0,30.0,42.0,109.0,1,1,1.0
173,1,1000.0,31.0,42.0,108.0,1,1,1.0
174,1,999.0,31.0,42.0,108.0,1,1,1.0
175,1,999.0,31.0,42.0,107.0,1,1,1.0
176,1,998.0,31.0,43.0,106.0,1,1,1.0
177,1,998.0,31.0,44.0,105.0,1,1,1.0
178,1,998.0,30.0,45.0,105.0,1,1,1.0
179,1,998.0,29.0,47.0,106.0,1,1,1.0
180,1,998.0,28.0,47.0,106.0,1,1,1.0
181,1,998.0,28.0,47.0,105.0,1,1,1.0
182,1,998.0,29.0,48.0,105.0,1,1,1.0
183,1,998.0,29.0,47.0,105.0,1,1,1.0
184,1,999.0,29.0,43.0,104.0,1,1,1.0
185,1,998.0,29.0,41.0,102.0,1,1,1.0
186,1,999.0,28.0,41.0,101.0,1,1,1.0
187,1,999.0,27.0,41.0,101.0,1,1,1.0
188,1,998.0,26.0,41.0,102.0,1,1,1.0
189,1,996.0,26.0,42.0,102.0,1,1,1.0
190,1,994.0,26.0,42.0,102.0,1,1,1.0
191,1,994.0,26.0,44.0,101.0,1,1,1.0
192,1,993.0,27.0,43.0,100.0,1,1,1.0
193,1,993.0,27.0,43.0,100.0,1,1,1.0
194,1,992.0,27.0,42.0,98.0,1,1,1.0
195,1,991.0,26.0,41.0,98.0,1,1,1.0
196,1,992.0,25.0,40.0,99.0,1,1,1.0
197,1,992.0,24.0,39.0,99.0,1,1,1.0
198,1,992.0,24.0,39.0,99.0,1,1,1.0
199,1,992.0,24.0,40.0,98.0,1,1,1.0
200,1,991.0,25.0,42.0,97.0,1,1,1.0
201,1,991.0,25.0,41.0,97.0,1,1,1.0
202,1,991.0,25.0,41.0,96.0,1,1,1.0
203,1,992.0,24.0,40.0,95.0,1,1,1.0
204,1,991.0,23.0,40.0,95.0,1,1,1.0
205,1,991.0,22.0,41.0,96.0,1,1,1.0
206,1,990.0,22.0,39.0,96.0,1,1,1.0
207,1,990.0,22.0,38.0,96.0,1,1,1.0
208,1,988.0,22.0,37.0,95.0,1,1,1.0
209,1,986.0,22.0,38.0,95.0,1,1,1.0
210,1,985.0,23.0,39.0,94.0,1,1,1.0
211,1,984.0,23.0,39.0,93.0,1,1,1.0
212,1,984.0,23.0,38.0,92.0,1,1,1.0
213,1,983.0,21.0,38.0,93.0,1,1,1.0
214,1,983.0,21.0,37.0,93.0,1,1,1.0
215,1,983.0,20.0,38.0,93.0,1,1,1.0
216,1,983.0,20.0,41.0,93.0,1,1,1.0
217,1,982.0,20.0,42.0,93.0,1,1,1.0
218,1,982.0,20.0,41.0,93.0,1,1,1.0
219,1,982.0,20.0,40.0,92.0,1,1,1.0
220,1,982.0,20.0,38.0,91.0,1,1,1.0
221,1,981.0,20.0,37.0,90.0,1,1,1.0
222,1,981.0,20.0,37.0,89.0,1,1,1.0
223,1,981.0,19.0,36.0,89.0,1,1,1.0
224,1,980.0,18.0,36.0,90.0,1,1,1.0
225,1,979.0,18.0,36.0,90.0,1,1,1.0
226,1,978.0,18.0,36.0,89.0,1,1,1.0
227,1,977.0,19.0,36.0,89.0,1,1,1.0
228,1,976.0,20.0,35.0,88.0,1,1,1.0
229,1,975.0,19.0,35.0,88.0,1,1,1.0
230,1,973.0,19.0,36.0,87.0,1,1,1.0
231,1,973.0,19.0,35.0,87.0,1,1,1.0
232,1,972.0,18.0,35.0,87.0,1,1,1.0
233,1,972.0,17.0,35.0,88.0,1,1,1.0
234,1,972.0,17.0,34.0,88.0,1,1,1.0
235,1,972.0,17.0,35.0,86.0,1,1,1.0
236,1,973.0,18.0,34.0,84.0,1,1,1.0
237,1,973.0,18.0,33.0,84.0,1,1,1.0
238,1,973.0,18.0,33.0,85.0,1,1,1.0
239,1,973.0,18.0,33.0,84.0,1,1,1.0
240,1,974.0,18.0,33.0,84.0,1,1,1.0
241,1,974.0,17.0,33.0,83.0,1,1,1.0
242,1,975.0,16.0,32.0,84.0,1,1,1.0
243,1,975.0,16.0,33.0,84.0,1,1,1.0
244,1,975.0,16.0,34.0,84.0,1,1,1.0
245,1,975.0,16.0,34.0,84.0,1,1,1.0
246,1,975.0,16.0,35.0,84.0,1,1,1.0
247,1,978.0,16.0,32.0,82.0,1,1,1.0
248,1,980.0,17.0,30.0,81.0,1,1,1.0
249,1,982.0,17.0,30.0,81.0,1,1,1.0
250,1,983.0,17.0,31.0,81.0,1,1,1.0
251,1,984.0,16.0,31.0,81.0,1,1,1.0
252,1,985.0,17.0,33.0,82.0,1,1,1.0
253,1,985.0,18.0,36.0,81.0,1,1,1.0
257,2,1006.0,19.0,25.0,78.0,1,1,1.0
258,2,1007.0,19.0,25.0,79.0,1,1,1.0
261,2,1012.0,19.0,31.0,79.0,1,1,1.0
262,2,1012.0,19.0,36.0,80.0,1,1,1.0
263,2,1013.0,20.0,41.0,80.0,1,1,1.0
264,2,1014.0,20.0,42.0,80.0,1,1,1.0
265,2,1017.0,20.0,41.0,80.0,1,1,1.0
266,2,1021.0,19.0,39.0,79.0,1,1,1.0
267,2,1029.0,20.0,37.0,79.0,1,1,1.0
268,2,1036.0,20.0,34.0,79.0,1,1,1.0
269,2,1040.0,20.0,37.0,81.0,1,1,1.0
270,2,1043.0,20.0,39.0,80.0,1,1,1.0
271,2,1045.0,21.0,41.0,80.0,1,1,1.0
272,2,1047.0,21.0,46.0,82.0,1,1,1.0
273,2,1050.0,21.0,46.0,83.0,1,1,1.0
274,2,1054.0,21.0,44.0,83.0,1,1,1.0
275,2,1060.0,21.0,39.0,83.0,1,1,1.0
276,2,1064.0,20.0,34.0,85.0,1,1,1.0
277,2,1067.0,20.0,30.0,85.0,1,1,1.0
278,2,1069.0,20.0,32.0,86.0,1,1,1.0
279,2,1071.0,21.0,35.0,85.0,1,1,1.0
280,2,1072.0,22.0,39.0,85.0,1,1,1.0
281,2,1072.0,23.0,44.0,84.0,1,1,1.0
282,2,1075.0,23.0,44.0,84.0,1,1,1.0
285,2,1095.0,22.0,32.0,86.0,1,1,1.0
286,2,1102.0,22.0,32.0,87.0,1,1,1.0
287,2,1105.0,22.0,35.0,88.0,1,1,1.0
288,2,1107.0,23.0,39.0,87.0,1,1,1.0
289,2,1109.0,24.0,42.0,87.0,1,1,1.0
290,2,1111.0,24.0,45.0,88.0,1,1,1.0
291,2,1114.0,25.0,47.0,88.0,1,1,1.0
292,2,1118.0,25.0,45.0,89.0,1,1,1.0
293,2,1123.0,24.0,41.0,90.0,1,1,1.0
294,2,1127.0,23.0,37.0,90.0,1,1,1.0
295,2,1130.0,23.0,34.0,91.0,1,1,1.0
296,2,1133.0,23.0,36.0,91.0,1,1,1.0
297,2,1135.0,24.0,40.0,91.0,1,1,1.0
298,2,1136.0,26.0,43.0,90.0,1,1,1.0
299,2,1137.0,27.0,44.0,90.0,1,1,1.0
300,2,1141.0,27.0,42.0,91.0,1,1,1.0
301,2,1147.0,27.0,38.0,90.0,1,1,1.0
302,2,1154.0,27.0,33.0,91.0,1,1,1.0
303,2,1162.0,26.0,32.0,92.0,1,1,1.0
304,2,1166.0,26.0,34.0,93.0,1,1,1.0
305,2,1168.0,27.0,38.0,92.0,1,1,1.0
306,2,1169.0,27.0,42.0,93.0,1,1,1.0
307,2,1170.0,28.0,46.0,93.0,1,1,1.0
308,2,1172.0,29.0,49.0,94.0,1,1,1.0
309,2,1175.0,30.0,49.0,94.0,1,1,1.0
310,2,1180.0,30.0,47.0,94.0,1,1,1.0
311,2,1187.0,30.0,40.0,95.0,1,1,1.0
312,2,1193.0,29.0,33.0,95.0,1,1,1.0
313,2,1196.0,30.0,32.0,95.0,1,1,1.0
314,2,1197.0,30.0,36.0,95.0,1,1,1.0
315,2,1198.0,31.0,42.0,96.0,1,1,1.0
316,2,1199.0,31.0,46.0,96.0,1,1,1.0
317,2,1200.0,33.0,48.0,94.0,1,1,1.0
318,2,1204.0,34.0,46.0,94.0,1,1,1.0
319,2,1210.0,34.0,43.0,95.0,1,1,1.0
321,2,1225.0,33.0,34.0,94.0,1,1,1.0
322,2,1231.0,33.0,37.0,96.0,1,1,1.0
323,2,1234.0,34.0,34.0,97.0,1,1,1.0
324,2,1235.0,35.0,37.0,96.0,1,1,1.0
325,2,1235.0,36.0,43.0,96.0,1,1,1.0
326,2,1236.0,37.0,49.0,97.0,1,1,1.0
327,2,1240.0,36.0,48.0,98.0,1,1,1.0
328,2,1245.0,36.0,44.0,99.0,1,1,1.0
329,2,1251.0,35.0,39.0,99.0,1,1,1.0
330,2,1259.0,36.0,35.0,99.0,1,1,1.0
331,2,1264.0,37.0,33.0,98.0,1,1,1.0
332,2,1265.0,37.0,35.0,97.0,1,1,1.0
333,2,1266.0,37.0,40.0,98.0,1,1,1.0
334,2,1267.0,38.0,42.0,97.0,1,1,1.0
335,2,1268.0,39.0,45.0,97.0,1,1,1.0
336,2,1272.0,39.0,46.0,96.0,1,1,1.0
337,2,1278.0,39.0,47.0,95.0,1,1,1.0
338,2,1285.0,39.0,43.0,95.0,1,1,1.0
339,2,1293.0,39.0,39.0,96.0,1,1,1.0
340,2,1297.0,39.0,38.0,89.0,1,1,1.0
341,2,1300.0,40.0,39.0,86.0,1,1,1.0
343,2,1302.0,42.0,42.0,84.0,1,1,1.0
345,2,1309.0,44.0,40.0,80.0,1,1,1.0
346,2,1315.0,46.0,43.0,78.0,1,1,1.0
347,2,1322.0,46.0,38.0,79.0,1,1,1.0
348,2,1327.0,46.0,36.0,80.0,1,1,1.0
350,2,1333.0,47.0,39.0,94.0,1,1,1.0
351,2,1335.0,47.0,45.0,99.0,1,1,1.0
352,2,1338.0,49.0,46.0,101.0,1,1,1.0
353,2,1343.0,50.0,43.0,102.0,1,1,1.0
354,2,1352.0,52.0,37.0,102.0,1,1,1.0
355,2,1357.0,52.0,35.0,101.0,1,1,1.0
356,2,1360.0,52.0,34.0,102.0,1,1,1.0
357,2,1366.0,52.0,33.0,102.0,1,1,1.0
358,2,1370.0,52.0,34.0,103.0,1,1,1.0
359,2,1372.0,53.0,35.0,104.0,1,1,1.0
360,2,1372.0,54.0,42.0,105.0,1,1,1.0
361,2,1373.0,55.0,45.0,105.0,1,1,1.0
362,2,1375.0,55.0,45.0,106.0,1,1,1.0
363,2,1379.0,56.0,43.0,105.0,1,1,1.0
364,2,1386.0,57.0,40.0,105.0,1,1,1.0
365,2,1394.0,56.0,37.0,105.0,1,1,1.0
366,2,1400.0,56.0,35.0,104.0,1,1,1.0
367,2,1403.0,58.0,38.0,104.0,1,1,1.0
368,2,1404.0,58.0,42.0,104.0,1,1,1.0
369,2,1405.0,60.0,48.0,104.0,1,1,1.0
370,2,1406.0,61.0,50.0,104.0,1,1,1.0
371,2,1408.0,63.0,51.0,104.0,1,1,1.0
372,2,1413.0,63.0,49.0,105.0,1,1,1.0
373,2,1418.0,63.0,46.0,106.0,1,1,1.0
374,2,1426.0,64.0,40.0,105.0,1,1,1.0
375,2,1435.0,64.0,38.0,104.0,1,1,1.0
376,2,1440.0,64.0,36.0,105.0,1,1,1.0
377,2,1442.0,64.0,37.0,107.0,1,1,1.0
378,2,1443.0,64.0,42.0,109.0,1,1,1.0
379,2,1444.0,65.0,44.0,110.0,1,1,1.0
380,2,1445.0,66.0,47.0,111.0,1,1,1.0
381,2,1449.0,67.0,47.0,111.0,1,1,1.0
382,2,1455.0,68.0,43.0,109.0,1,1,1.0
383,2,1463.0,69.0,38.0,109.0,1,1,1.0
384,2,1469.0,68.0,36.0,110.0,1,1,1.0
385,2,1472.0,68.0,37.0,110.0,1,1,1.0
386,2,1474.0,67.0,42.0,112.0,1,1,1.0
387,2,1475.0,69.0,49.0,111.0,1,1,1.0
388,2,1476.0,70.0,53.0,113.0,1,1,1.0
389,2,1477.0,71.0,55.0,113.0,1,1,1.0
390,2,1479.0,73.0,54.0,112.0,1,1,1.0
391,2,1483.0,72.0,51.0,113.0,1,1,1.0
392,2,1487.0,72.0,48.0,113.0,1,1,1.0
393,2,1493.0,72.0,42.0,113.0,1,1,1.0
394,2,1496.0,73.0,42.0,112.0,1,1,1.0
395,2,1496.0,73.0,44.0,112.0,1,1,1.0
396,2,1495.0,74.0,51.0,112.0,1,1,1.0
397,2,1494.0,74.0,54.0,113.0,1,1,1.0
398,2,1493.0,74.0,55.0,112.0,1,1,1.0
399,2,1494.0,74.0,54.0,112.0,1,1,1.0
400,2,1495.0,74.0,49.0,112.0,1,1,1.0
401,2,1496.0,74.0,47.0,112.0,1,1,1.0
402,2,1496.0,74.0,45.0,112.0,1,1,1.0
403,2,1496.0,73.0,45.0,113.0,1,1,1.0
404,2,1495.0,73.0,46.0,114.0,1,1,1.0
405,2,1493.0,73.0,48.0,116.0,1,1,1.0
406,2,1492.0,73.0,47.0,116.0,1,1,1.0
407,2,1490.0,74.0,45.0,116.0,1,1,1.0
408,2,1488.0,74.0,42.0,116.0,1,1,1.0
409,2,1486.0,75.0,41.0,115.0,1,1,1.0
410,2,1484.0,75.0,45.0,116.0,1,1,1.0
411,2,1483.0,74.0,42.0,116.0,1,1,1.0
412,2,1481.0,74.0,41.0,116.0,1,1,1.0
413,2,1479.0,73.0,42.0,117.0,1,1,1.0
414,2,1476.0,73.0,42.0,118.0,1,1,1.0
415,2,1469.0,73.0,46.0,117.0,1,1,1.0
416,2,1465.0,74.0,48.0,117.0,1,1,1.0
417,2,1463.0,75.0,48.0,116.0,1,1,1.0
418,2,1460.0,73.0,48.0,118.0,1,1,1.0
419,2,1458.0,72.0,46.0,118.0,1,1,1.0
420,2,1454.0,72.0,45.0,118.0,1,1,1.0
421,2,1451.0,73.0,43.0,118.0,1,1,1.0
422,2,1446.0,73.0,44.0,118.0,1,1,1.0
423,2,1439.0,73.0,49.0,119.0,1,1,1.0
424,2,1434.0,73.0,54.0,119.0,1,1,1.0
425,2,1426.0,74.0,60.0,119.0,1,1,1.0
426,2,1423.0,74.0,61.0,118.0,1,1,1.0
427,2,1421.0,75.0,60.0,118.0,1,1,1.0
428,2,1418.0,74.0,57.0,119.0,1,1,1.0
429,2,1417.0,72.0,51.0,120.0,1,1,1.0
430,2,1416.0,71.0,46.0,121.0,1,1,1.0
431,2,1407.0,70.0,51.0,123.0,1,1,1.0
432,2,1401.0,71.0,54.0,122.0,1,1,1.0
433,2,1394.0,72.0,55.0,121.0,1,1,1.0
434,2,1391.0,72.0,56.0,121.0,1,1,1.0
435,2,1389.0,72.0,56.0,122.0,1,1,1.0
436,2,1388.0,72.0,53.0,121.0,1,1,1.0
437,2,1384.0,70.0,50.0,123.0,1,1,1.0
438,2,1381.0,69.0,46.0,124.0,1,1,1.0
439,2,1373.0,68.0,50.0,125.0,1,1,1.0
440,2,1367.0,68.0,51.0,125.0,1,1,1.0
441,2,1361.0,69.0,56.0,126.0,1,1,1.0
442,2,1354.0,69.0,62.0,126.0,1,1,1.0
443,2,1349.0,70.0,66.0,126.0,1,1,1.0
444,2,1344.0,70.0,67.0,126.0,1,1,1.0
445,2,1341.0,70.0,66.0,126.0,1,1,1.0
446,2,1339.0,69.0,60.0,127.0,1,1,1.0
447,2,1339.0,67.0,53.0,129.0,1,1,1.0
448,2,1338.0,66.0,48.0,130.0,1,1,1.0
449,2,1331.0,66.0,52.0,130.0,1,1,1.0
450,2,1322.0,66.0,60.0,131.0,1,1,1.0
451,2,1318.0,66.0,64.0,132.0,1,1,1.0
452,2,1315.0,66.0,64.0,131.0,1,1,1.0
453,2,1314.0,67.0,58.0,132.0,1,1,1.0
454,2,1313.0,66.0,52.0,132.0,1,1,1.0
455,2,1310.0,66.0,47.0,132.0,1,1,1.0
456,2,1305.0,65.0,46.0,133.0,1,1,1.0
457,2,1298.0,65.0,50.0,135.0,1,1,1.0
458,2,1290.0,65.0,56.0,135.0,1,1,1.0
459,2,1282.0,66.0,63.0,135.0,1,1,1.0
460,2,1275.0,65.0,70.0,134.0,1,1,1.0
461,2,1268.0,66.0,74.0,133.0,1,1,1.0
462,2,1264.0,66.0,75.0,134.0,1,1,1.0
463,2,1261.0,66.0,75.0,134.0,1,1,1.0
464,2,1261.0,65.0,65.0,137.0,1,1,1.0
465,2,1262.0,64.0,55.0,138.0,1,1,1.0
466,2,1261.0,64.0,50.0,139.0,1,1,1.0
467,2,1253.0,66.0,52.0,136.0,1,1,1.0
468,2,1243.0,65.0,58.0,137.0,1,1,1.0
469,2,1239.0,66.0,61.0,139.0,1,1,1.0
470,2,1234.0,66.0,60.0,140.0,1,1,1.0
471,2,1232.0,66.0,61.0,141.0,1,1,1.0
472,2,1229.0,65.0,57.0,141.0,1,1,1.0
473,2,1222.0,64.0,55.0,142.0,1,1,1.0
474,2,1215.0,63.0,56.0,143.0,1,1,1.0
475,2,1207.0,63.0,61.0,144.0,1,1,1.0
476,2,1197.0,64.0,68.0,144.0,1,1,1.0
477,2,1188.0,65.0,77.0,143.0,1,1,1.0
478,2,1181.0,66.0,82.0,143.0,1,1,1.0
479,2,1175.0,66.0,86.0,144.0,1,1,1.0
480,2,1171.0,66.0,83.0,145.0,1,1,1.0
481,2,1168.0,66.0,76.0,146.0,1,1,1.0
482,2,1168.0,65.0,65.0,147.0,1,1,1.0
483,2,1166.0,64.0,60.0,148.0,1,1,1.0
484,2,1161.0,64.0,59.0,148.0,1,1,1.0
485,2,1152.0,65.0,62.0,147.0,1,1,1.0
486,2,1143.0,66.0,67.0,148.0,1,1,1.0
487,2,1139.0,67.0,69.0,148.0,1,1,1.0
488,2,1137.0,67.0,69.0,149.0,1,1,1.0
489,2,1136.0,66.0,64.0,149.0,1,1,1.0
490,2,1133.0,65.0,58.0,150.0,1,1,1.0
491,2,1128.0,64.0,54.0,151.0,1,1,1.0
492,2,1119.0,64.0,56.0,152.0,1,1,1.0
493,2,1108.0,64.0,65.0,154.0,1,1,1.0
494,2,1097.0,65.0,76.0,154.0,1,1,1.0
495,2,1089.0,66.0,84.0,154.0,1,1,1.0
496,2,1081.0,67.0,89.0,154.0,1,1,1.0
497,2,1074.0,68.0,91.0,154.0,1,1,1.0
498,2,1069.0,68.0,87.0,154.0,1,1,1.0
499,2,1068.0,67.0,75.0,155.0,1,1,1.0
500,2,1069.0,65.0,62.0,156.0,1,1,1.0
501,2,1065.0,65.0,60.0,157.0,1,1,1.0
502,2,1058.0,65.0,64.0,158.0,1,1,1.0
503,2,1047.0,66.0,71.0,158.0,1,1,1.0
504,2,1039.0,67.0,75.0,159.0,1,1,1.0
505,2,1035.0,68.0,77.0,159.0,1,1,1.0
506,2,1030.0,68.0,77.0,159.0,1,1,1.0
507,2,1025.0,67.0,76.0,159.0,1,1,1.0
508,2,1024.0,66.0,67.0,161.0,1,1,1.0
509,2,1018.0,65.0,59.0,161.0,1,1,1.0
510,2,1011.0,64.0,58.0,164.0,1,1,1.0
511,2,1001.0,65.0,65.0,164.0,1,1,1.0
512,2,990.0,67.0,77.0,164.0,1,1,1.0
513,2,978.0,69.0,88.0,166.0,1,1,1.0
514,2,969.0,70.0,95.0,167.0,1,1,1.0
515,2,963.0,71.0,96.0,168.0,1,1,1.0
516,2,959.0,71.0,91.0,167.0,1,1,1.0
517,2,958.0,70.0,78.0,168.0,1,1,1.0
518,2,959.0,70.0,67.0,168.0,1,1,1.0
519,2,955.0,69.0,63.0,169.0,1,1,1.0
520,2,941.0,69.0,69.0,170.0,1,1,1.0
521,2,926.0,71.0,82.0,170.0,1,1,1.0
522,2,918.0,73.0,87.0,171.0,1,1,1.0
523,2,913.0,74.0,88.0,172.0,1,1,1.0
524,2,911.0,75.0,85.0,172.0,1,1,1.0
525,2,907.0,75.0,79.0,173.0,1,1,1.0
526,2,903.0,75.0,69.0,172.0,1,1,1.0
527,2,897.0,75.0,60.0,173.0,1,1,1.0
528,2,886.0,75.0,63.0,177.0,1,1,1.0
529,2,873.0,75.0,75.0,180.0,1,1,1.0
530,2,860.0,78.0,88.0,180.0,1,1,1.0
531,2,849.0,80.0,97.0,180.0,1,1,1.0
532,2,838.0,83.0,104.0,180.0,1,1,1.0
533,2,828.0,84.0,108.0,179.0,1,1,1.0
534,2,824.0,85.0,100.0,179.0,1,1,1.0
535,2,823.0,85.0,88.0,179.0,1,1,1.0
536,2,823.0,85.0,79.0,179.0,1,1,1.0
537,2,815.0,85.0,82.0,179.0,1,1,1.0
538,2,805.0,86.0,81.0,180.0,1,1,1.0
539,2,793.0,88.0,87.0,182.0,1,1,1.0
540,2,786.0,90.0,90.0,181.0,1,1,1.0
541,2,781.0,92.0,92.0,182.0,1,1,1.0
542,2,777.0,93.0,90.0,182.0,1,1,1.0
543,2,773.0,94.0,82.0,182.0,1,1,1.0
544,2,768.0,94.0,73.0,182.0,1,1,1.0
545,2,759.0,94.0,71.0,184.0,1,1,1.0
546,2,750.0,94.0,73.0,188.0,1,1,1.0
547,2,735.0,96.0,83.0,188.0,1,1,1.0
548,2,721.0,98.0,95.0,189.0,1,1,1.0
549,2,708.0,101.0,106.0,191.0,1,1,1.0
550,2,697.0,103.0,111.0,192.0,1,1,1.0
551,2,689.0,104.0,109.0,192.0,1,1,1.0
552,2,684.0,104.0,99.0,192.0,1,1,1.0
553,2,683.0,104.0,83.0,192.0,1,1,1.0
554,2,685.0,104.0,72.0,191.0,1,1,1.0
555,2,683.0,105.0,70.0,192.0,1,1,1.0
556,2,667.0,107.0,86.0,192.0,1,1,1.0
557,2,651.0,109.0,101.0,193.0,1,1,1.0
558,2,643.0,111.0,108.0,193.0,1,1,1.0
559,2,637.0,113.0,110.0,194.0,1,1,1.0
560,2,632.0,114.0,107.0,195.0,1,1,1.0
561,2,630.0,114.0,98.0,195.0,1,1,1.0
562,2,624.0,115.0,89.0,195.0,1,1,1.0
563,2,616.0,115.0,82.0,198.0,1,1,1.0
564,2,602.0,116.0,82.0,201.0,1,1,1.0
565,2,584.0,118.0,93.0,202.0,1,1,1.0
566,2,567.0,121.0,104.0,204.0,1,1,1.0
567,2,553.0,124.0,115.0,203.0,1,1,1.0
568,2,541.0,126.0,119.0,205.0,1,1,1.0
569,2,533.0,128.0,115.0,205.0,1,1,1.0
570,2,531.0,130.0,103.0,202.0,1,1,1.0
571,2,533.0,131.0,86.0,202.0,1,1,1.0
572,2,531.0,130.0,72.0,201.0,1,1,1.0
573,2,521.0,131.0,81.0,203.0,1,1,1.0
574,2,501.0,134.0,99.0,202.0,1,1,1.0
575,2,487.0,137.0,110.0,202.0,1,1,1.0
576,2,477.0,140.0,115.0,204.0,1,1,1.0
577,2,469.0,142.0,115.0,204.0,1,1,1.0
578,2,467.0,143.0,106.0,203.0,1,1,1.0
579,2,463.0,143.0,92.0,203.0,1,1,1.0
580,2,455.0,144.0,81.0,202.0,1,1,1.0
