1,1,1735.0,351.0,40.0,112.0,1,1,1.0
2,1,1727.0,351.0,44.0,113.0,1,1,1.0
3,1,1717.0,350.0,48.0,114.0,1,1,1.0
4,1,1707.0,350.0,55.0,114.0,1,1,1.0
5,1,1698.0,351.0,61.0,113.0,1,1,1.0
6,1,1693.0,353.0,62.0,112.0,1,1,1.0
7,1,1687.0,354.0,60.0,111.0,1,1,1.0
8,1,1683.0,355.0,56.0,110.0,1,1,1.0
9,1,1681.0,355.0,52.0,109.0,1,1,1.0
10,1,1683.0,354.0,45.0,111.0,1,1,1.0
11,1,1681.0,353.0,42.0,112.0,1,1,1.0
12,1,1673.0,351.0,46.0,114.0,1,1,1.0
13,1,1662.0,350.0,53.0,115.0,1,1,1.0
14,1,1656.0,351.0,57.0,115.0,1,1,1.0
15,1,1653.0,350.0,58.0,115.0,1,1,1.0
16,1,1651.0,350.0,56.0,115.0,1,1,1.0
17,1,1650.0,349.0,50.0,116.0,1,1,1.0
18,1,1650.0,347.0,45.0,118.0,1,1,1.0
19,1,1645.0,345.0,44.0,122.0,1,1,1.0
20,1,1635.0,343.0,48.0,124.0,1,1,1.0
21,1,1625.0,343.0,52.0,124.0,1,1,1.0
22,1,1616.0,343.0,56.0,125.0,1,1,1.0
23,1,1610.0,343.0,59.0,126.0,1,1,1.0
24,1,1608.0,343.0,57.0,126.0,1,1,1.0
25,1,1604.0,343.0,55.0,125.0,1,1,1.0
26,1,1598.0,343.0,54.0,126.0,1,1,1.0
27,1,1596.0,342.0,50.0,126.0,1,1,1.0
28,1,1595.0,342.0,45.0,127.0,1,1,1.0
29,1,1586.0,342.0,51.0,127.0,1,1,1.0
30,1,1574.0,342.0,61.0,127.0,1,1,1.0
31,1,1567.0,343.0,67.0,127.0,1,1,1.0
32,1,1563.0,343.0,67.0,127.0,1,1,1.0
33,1,1561.0,345.0,64.0,125.0,1,1,1.0
34,1,1560.0,345.0,62.0,125.0,1,1,1.0
35,1,1560.0,344.0,57.0,125.0,1,1,1.0
36,1,1558.0,344.0,55.0,126.0,1,1,1.0
37,1,1549.0,344.0,56.0,126.0,1,1,1.0
38,1,1537.0,345.0,56.0,125.0,1,1,1.0
39,1,1526.0,347.0,60.0,124.0,1,1,1.0
40,1,1518.0,347.0,65.0,124.0,1,1,1.0
41,1,1512.0,348.0,68.0,123.0,1,1,1.0
42,1,1506.0,348.0,68.0,124.0,1,1,1.0
43,1,1502.0,348.0,63.0,124.0,1,1,1.0
44,1,1501.0,347.0,55.0,125.0,1,1,1.0
45,1,1502.0,345.0,47.0,126.0,1,1,1.0
46,1,1497.0,344.0,45.0,128.0,1,1,1.0
47,1,1482.0,344.0,57.0,128.0,1,1,1.0
48,1,1471.0,345.0,67.0,127.0,1,1,1.0
49,1,1463.0,347.0,73.0,127.0,1,1,1.0
50,1,1460.0,348.0,73.0,125.0,1,1,1.0
51,1,1459.0,348.0,67.0,124.0,1,1,1.0
52,1,1458.0,348.0,59.0,125.0,1,1,1.0
53,1,1457.0,347.0,50.0,126.0,1,1,1.0
54,1,1451.0,345.0,50.0,129.0,1,1,1.0
55,1,1438.0,345.0,54.0,130.0,1,1,1.0
56,1,1424.0,345.0,61.0,130.0,1,1,1.0
57,1,1413.0,347.0,69.0,127.0,1,1,1.0
58,1,1408.0,349.0,71.0,127.0,1,1,1.0
59,1,1399.0,350.0,75.0,125.0,1,1,1.0
60,1,1402.0,350.0,62.0,125.0,1,1,1.0
61,1,1395.0,350.0,56.0,126.0,1,1,1.0
62,1,1394.0,348.0,47.0,128.0,1,1,1.0
63,1,1389.0,345.0,45.0,130.0,1,1,1.0
64,1,1374.0,344.0,57.0,132.0,1,1,1.0
65,1,1360.0,344.0,69.0,132.0,1,1,1.0
66,1,1349.0,344.0,78.0,132.0,1,1,1.0
67,1,1345.0,344.0,80.0,131.0,1,1,1.0
68,1,1343.0,345.0,74.0,130.0,1,1,1.0
69,1,1343.0,346.0,70.0,129.0,1,1,1.0
70,1,1341.0,346.0,66.0,129.0,1,1,1.0
71,1,1334.0,345.0,64.0,131.0,1,1,1.0
72,1,1323.0,345.0,62.0,132.0,1,1,1.0
73,1,1309.0,346.0,65.0,131.0,1,1,1.0
74,1,1297.0,348.0,73.0,129.0,1,1,1.0
75,1,1287.0,349.0,80.0,129.0,1,1,1.0
76,1,1278.0,350.0,82.0,128.0,1,1,1.0
78,1,1270.0,350.0,67.0,128.0,1,1,1.0
79,1,1273.0,350.0,52.0,129.0,1,1,1.0
80,1,1270.0,347.0,47.0,132.0,1,1,1.0
81,1,1255.0,346.0,58.0,133.0,1,1,1.0
82,1,1239.0,345.0,72.0,133.0,1,1,1.0
83,1,1231.0,346.0,79.0,133.0,1,1,1.0
84,1,1226.0,347.0,80.0,132.0,1,1,1.0
85,1,1225.0,350.0,74.0,128.0,1,1,1.0
86,1,1224.0,350.0,65.0,127.0,1,1,1.0
87,1,1220.0,350.0,62.0,127.0,1,1,1.0
88,1,1215.0,349.0,62.0,129.0,1,1,1.0
89,1,1203.0,350.0,68.0,130.0,1,1,1.0
90,1,1188.0,350.0,73.0,130.0,1,1,1.0
91,1,1175.0,351.0,79.0,130.0,1,1,1.0
92,1,1165.0,353.0,84.0,129.0,1,1,1.0
93,1,1153.0,355.0,82.0,127.0,1,1,1.0
94,1,1148.0,356.0,73.0,127.0,1,1,1.0
95,1,1150.0,355.0,57.0,128.0,1,1,1.0
96,1,1147.0,353.0,49.0,129.0,1,1,1.0
97,1,1137.0,352.0,53.0,131.0,1,1,1.0
98,1,1121.0,351.0,67.0,132.0,1,1,1.0
99,1,1107.0,352.0,80.0,133.0,1,1,1.0
100,1,1099.0,353.0,86.0,132.0,1,1,1.0
101,1,1096.0,354.0,86.0,132.0,1,1,1.0
102,1,1095.0,355.0,78.0,130.0,1,1,1.0
103,1,1093.0,355.0,69.0,131.0,1,1,1.0
104,1,1089.0,352.0,65.0,134.0,1,1,1.0
105,1,1082.0,352.0,64.0,137.0,1,1,1.0
106,1,1066.0,351.0,70.0,139.0,1,1,1.0
107,1,1051.0,351.0,77.0,139.0,1,1,1.0
108,1,1037.0,352.0,85.0,139.0,1,1,1.0
109,1,1026.0,353.0,93.0,140.0,1,1,1.0
110,1,1017.0,354.0,96.0,139.0,1,1,1.0
111,1,1010.0,355.0,92.0,138.0,1,1,1.0
112,1,1009.0,354.0,79.0,139.0,1,1,1.0
113,1,1013.0,354.0,60.0,139.0,1,1,1.0
114,1,1010.0,353.0,51.0,139.0,1,1,1.0
115,1,997.0,351.0,60.0,141.0,1,1,1.0
116,1,981.0,351.0,75.0,143.0,1,1,1.0
117,1,969.0,351.0,86.0,143.0,1,1,1.0
118,1,963.0,352.0,89.0,142.0,1,1,1.0
119,1,960.0,353.0,86.0,141.0,1,1,1.0
120,1,959.0,354.0,76.0,140.0,1,1,1.0
121,1,955.0,355.0,66.0,139.0,1,1,1.0
122,1,949.0,354.0,56.0,141.0,1,1,1.0
123,1,942.0,354.0,51.0,143.0,1,1,1.0
124,1,929.0,354.0,60.0,144.0,1,1,1.0
125,1,912.0,356.0,75.0,143.0,1,1,1.0
126,1,900.0,359.0,86.0,141.0,1,1,1.0
127,1,890.0,362.0,93.0,139.0,1,1,1.0
128,1,882.0,363.0,92.0,138.0,1,1,1.0
129,1,877.0,363.0,84.0,137.0,1,1,1.0
130,1,878.0,364.0,70.0,137.0,1,1,1.0
131,1,875.0,364.0,60.0,138.0,1,1,1.0
132,1,867.0,363.0,59.0,139.0,1,1,1.0
133,1,852.0,363.0,70.0,139.0,1,1,1.0
134,1,837.0,361.0,83.0,141.0,1,1,1.0
135,1,827.0,362.0,91.0,141.0,1,1,1.0
136,1,822.0,364.0,90.0,141.0,1,1,1.0
137,1,817.0,365.0,84.0,139.0,1,1,1.0
138,1,811.0,365.0,77.0,139.0,1,1,1.0
139,1,805.0,364.0,67.0,141.0,1,1,1.0
140,1,799.0,362.0,58.0,144.0,1,1,1.0
141,1,790.0,361.0,62.0,146.0,1,1,1.0
142,1,774.0,361.0,77.0,146.0,1,1,1.0
143,1,760.0,362.0,88.0,145.0,1,1,1.0
144,1,750.0,364.0,97.0,144.0,1,1,1.0
145,1,740.0,366.0,99.0,142.0,1,1,1.0
146,1,734.0,369.0,94.0,141.0,1,1,1.0
147,1,735.0,369.0,76.0,140.0,1,1,1.0
148,1,728.0,368.0,64.0,142.0,1,1,1.0
149,1,723.0,367.0,59.0,143.0,1,1,1.0
150,1,713.0,365.0,67.0,145.0,1,1,1.0
151,1,697.0,365.0,82.0,145.0,1,1,1.0
152,1,688.0,366.0,90.0,146.0,1,1,1.0
153,1,683.0,367.0,91.0,145.0,1,1,1.0
154,1,679.0,369.0,87.0,143.0,1,1,1.0
155,1,673.0,369.0,78.0,143.0,1,1,1.0
156,1,667.0,368.0,68.0,145.0,1,1,1.0
157,1,660.0,366.0,57.0,149.0,1,1,1.0
158,1,652.0,364.0,60.0,151.0,1,1,1.0
159,1,637.0,365.0,73.0,151.0,1,1,1.0
160,1,622.0,367.0,87.0,150.0,1,1,1.0
161,1,609.0,370.0,97.0,148.0,1,1,1.0
162,1,599.0,372.0,103.0,147.0,1,1,1.0
163,1,593.0,375.0,100.0,144.0,1,1,1.0
164,1,592.0,376.0,84.0,144.0,1,1,1.0
165,1,591.0,374.0,68.0,145.0,1,1,1.0
166,1,586.0,373.0,59.0,147.0,1,1,1.0
167,1,578.0,373.0,62.0,146.0,1,1,1.0
168,1,563.0,374.0,76.0,146.0,1,1,1.0
169,1,552.0,375.0,86.0,146.0,1,1,1.0
170,1,545.0,376.0,89.0,145.0,1,1,1.0
171,1,539.0,378.0,90.0,144.0,1,1,1.0
172,1,535.0,380.0,82.0,142.0,1,1,1.0
173,1,529.0,380.0,72.0,142.0,1,1,1.0
174,1,522.0,379.0,62.0,144.0,1,1,1.0
175,1,515.0,377.0,59.0,148.0,1,1,1.0
176,1,505.0,377.0,67.0,150.0,1,1,1.0
177,1,489.0,379.0,82.0,150.0,1,1,1.0
178,1,477.0,382.0,92.0,147.0,1,1,1.0
179,1,466.0,384.0,100.0,145.0,1,1,1.0
180,1,457.0,387.0,100.0,143.0,1,1,1.0
181,1,453.0,387.0,93.0,142.0,1,1,1.0
182,1,453.0,387.0,77.0,142.0,1,1,1.0
183,1,449.0,387.0,62.0,143.0,1,1,1.0
184,1,443.0,385.0,60.0,145.0,1,1,1.0
185,1,434.0,385.0,66.0,146.0,1,1,1.0
186,1,423.0,387.0,76.0,145.0,1,1,1.0
187,1,414.0,388.0,84.0,145.0,1,1,1.0
188,1,409.0,390.0,86.0,144.0,1,1,1.0
189,1,402.0,391.0,84.0,144.0,1,1,1.0
190,1,396.0,391.0,77.0,145.0,1,1,1.0
191,1,390.0,390.0,67.0,146.0,1,1,1.0
192,1,384.0,389.0,58.0,148.0,1,1,1.0
193,1,378.0,388.0,58.0,150.0,1,1,1.0
194,1,365.0,388.0,69.0,151.0,1,1,1.0
195,1,352.0,390.0,82.0,150.0,1,1,1.0
196,1,344.0,393.0,89.0,148.0,1,1,1.0
197,1,336.0,397.0,92.0,145.0,1,1,1.0
198,1,331.0,399.0,88.0,144.0,1,1,1.0
199,1,327.0,399.0,80.0,143.0,1,1,1.0
200,1,322.0,399.0,70.0,143.0,1,1,1.0
201,1,314.0,395.0,62.0,147.0,1,1,1.0
202,1,307.0,395.0,64.0,147.0,1,1,1.0
203,1,300.0,395.0,69.0,148.0,1,1,1.0
204,1,291.0,396.0,77.0,147.0,1,1,1.0
205,1,284.0,398.0,82.0,146.0,1,1,1.0
206,1,278.0,400.0,84.0,145.0,1,1,1.0
207,1,272.0,401.0,79.0,143.0,1,1,1.0
208,1,266.0,404.0,71.0,141.0,1,1,1.0
209,1,260.0,403.0,63.0,142.0,1,1,1.0
210,1,254.0,402.0,58.0,145.0,1,1,1.0
211,1,248.0,401.0,62.0,148.0,1,1,1.0
212,1,238.0,402.0,71.0,149.0,1,1,1.0
213,1,227.0,404.0,81.0,146.0,1,1,1.0
214,1,220.0,407.0,86.0,144.0,1,1,1.0
215,1,214.0,409.0,85.0,143.0,1,1,1.0
216,1,210.0,410.0,79.0,142.0,1,1,1.0
217,1,206.0,411.0,70.0,141.0,1,1,1.0
218,1,200.0,411.0,61.0,142.0,1,1,1.0
219,1,194.0,409.0,57.0,144.0,1,1,1.0
220,1,186.0,409.0,61.0,143.0,1,1,1.0
221,1,178.0,410.0,68.0,142.0,1,1,1.0
222,1,169.0,411.0,76.0,142.0,1,1,1.0
223,1,164.0,413.0,79.0,140.0,1,1,1.0
224,1,159.0,413.0,76.0,139.0,1,1,1.0
225,1,156.0,414.0,69.0,138.0,1,1,1.0
226,1,150.0,413.0,62.0,139.0,1,1,1.0
227,1,147.0,412.0,53.0,139.0,1,1,1.0
228,1,142.0,412.0,54.0,142.0,1,1,1.0
229,1,136.0,411.0,58.0,143.0,1,1,1.0
230,1,127.0,411.0,67.0,143.0,1,1,1.0
231,1,120.0,414.0,73.0,141.0,1,1,1.0
232,1,116.0,416.0,75.0,140.0,1,1,1.0
233,1,112.0,419.0,74.0,137.0,1,1,1.0
234,1,106.0,421.0,70.0,135.0,1,1,1.0
235,1,101.0,422.0,62.0,135.0,1,1,1.0
237,1,89.0,420.0,55.0,137.0,1,1,1.0
238,1,83.0,421.0,58.0,135.0,1,1,1.0
239,1,77.0,421.0,63.0,135.0,1,1,1.0
240,1,72.0,423.0,67.0,134.0,1,1,1.0
241,1,68.0,424.0,69.0,132.0,1,1,1.0
242,1,64.0,425.0,66.0,131.0,1,1,1.0
243,1,61.0,424.0,61.0,131.0,1,1,1.0
244,1,58.0,423.0,55.0,132.0,1,1,1.0
245,1,54.0,421.0,52.0,134.0,1,1,1.0
246,1,49.0,420.0,55.0,137.0,1,1,1.0
247,1,46.0,420.0,56.0,139.0,1,1,1.0
248,1,35.0,420.0,65.0,139.0,1,1,1.0
249,1,24.0,422.0,74.0,136.0,1,1,1.0
250,1,21.0,423.0,75.0,137.0,1,1,1.0
251,1,22.0,425.0,69.0,137.0,1,1,1.0
252,1,18.0,427.0,66.0,135.0,1,1,1.0
253,1,16.0,427.0,58.0,135.0,1,1,1.0
254,1,12.0,426.0,53.0,136.0,1,1,1.0
255,1,9.0,426.0,47.0,135.0,1,1,1.0
256,1,5.0,426.0,49.0,135.0,1,1,1.0
257,1,1.0,426.0,51.0,135.0,1,1,1.0
258,1,0.0,428.0,52.0,133.0,1,1,1.0
259,1,0.0,429.0,52.0,131.0,1,1,1.0
301,2,52.0,395.0,44.0,126.0,1,1,1.0
302,2,53.0,395.0,52.0,126.0,1,1,1.0
303,2,55.0,394.0,59.0,127.0,1,1,1.0
304,2,57.0,395.0,59.0,126.0,1,1,1.0
305,2,63.0,395.0,53.0,125.0,1,1,1.0
306,2,72.0,393.0,45.0,123.0,1,1,1.0
307,2,82.0,390.0,36.0,123.0,1,1,1.0
308,2,88.0,387.0,34.0,124.0,1,1,1.0
309,2,93.0,385.0,40.0,125.0,1,1,1.0
310,2,98.0,383.0,47.0,126.0,1,1,1.0
311,2,101.0,383.0,56.0,127.0,1,1,1.0
312,2,102.0,381.0,60.0,128.0,1,1,1.0
313,2,105.0,379.0,59.0,129.0,1,1,1.0
314,2,110.0,378.0,55.0,129.0,1,1,1.0
315,2,118.0,377.0,48.0,127.0,1,1,1.0
316,2,125.0,374.0,40.0,128.0,1,1,1.0
317,2,132.0,372.0,37.0,130.0,1,1,1.0
318,2,139.0,370.0,37.0,131.0,1,1,1.0
319,2,144.0,371.0,47.0,131.0,1,1,1.0
320,2,147.0,370.0,56.0,132.0,1,1,1.0
321,2,149.0,369.0,60.0,131.0,1,1,1.0
322,2,152.0,370.0,59.0,129.0,1,1,1.0
323,2,158.0,372.0,58.0,125.0,1,1,1.0
324,2,167.0,374.0,50.0,122.0,1,1,1.0
325,2,175.0,372.0,42.0,121.0,1,1,1.0
326,2,181.0,370.0,39.0,120.0,1,1,1.0
327,2,186.0,368.0,43.0,122.0,1,1,1.0
328,2,189.0,367.0,53.0,122.0,1,1,1.0
329,2,191.0,366.0,62.0,123.0,1,1,1.0
330,2,193.0,367.0,64.0,121.0,1,1,1.0
331,2,198.0,366.0,59.0,120.0,1,1,1.0
332,2,205.0,365.0,54.0,119.0,1,1,1.0
333,2,215.0,364.0,45.0,119.0,1,1,1.0
334,2,225.0,362.0,36.0,119.0,1,1,1.0
335,2,230.0,360.0,36.0,121.0,1,1,1.0
336,2,235.0,357.0,40.0,124.0,1,1,1.0
337,2,238.0,355.0,51.0,125.0,1,1,1.0
338,2,240.0,355.0,59.0,125.0,1,1,1.0
339,2,243.0,355.0,59.0,125.0,1,1,1.0
340,2,249.0,353.0,54.0,126.0,1,1,1.0
341,2,257.0,353.0,47.0,123.0,1,1,1.0
342,2,267.0,350.0,39.0,123.0,1,1,1.0
343,2,274.0,349.0,36.0,123.0,1,1,1.0
344,2,279.0,347.0,37.0,123.0,1,1,1.0
345,2,283.0,346.0,46.0,123.0,1,1,1.0
346,2,285.0,347.0,56.0,122.0,1,1,1.0
347,2,286.0,348.0,61.0,121.0,1,1,1.0
348,2,289.0,349.0,61.0,119.0,1,1,1.0
349,2,295.0,349.0,56.0,118.0,1,1,1.0
350,2,303.0,348.0,48.0,116.0,1,1,1.0
351,2,313.0,345.0,38.0,117.0,1,1,1.0
352,2,319.0,344.0,37.0,117.0,1,1,1.0
353,2,325.0,342.0,41.0,117.0,1,1,1.0
354,2,329.0,342.0,48.0,117.0,1,1,1.0
355,2,331.0,341.0,58.0,119.0,1,1,1.0
356,2,333.0,340.0,64.0,120.0,1,1,1.0
357,2,336.0,339.0,64.0,120.0,1,1,1.0
358,2,343.0,339.0,57.0,119.0,1,1,1.0
359,2,352.0,338.0,48.0,117.0,1,1,1.0
360,2,360.0,335.0,41.0,119.0,1,1,1.0
361,2,365.0,332.0,39.0,119.0,1,1,1.0
362,2,371.0,332.0,41.0,118.0,1,1,1.0
363,2,374.0,331.0,52.0,118.0,1,1,1.0
364,2,376.0,331.0,59.0,118.0,1,1,1.0
365,2,377.0,331.0,61.0,118.0,1,1,1.0
366,2,380.0,331.0,59.0,118.0,1,1,1.0
367,2,386.0,331.0,54.0,116.0,1,1,1.0
368,2,395.0,330.0,45.0,114.0,1,1,1.0
369,2,404.0,328.0,36.0,115.0,1,1,1.0
370,2,411.0,326.0,37.0,115.0,1,1,1.0
371,2,416.0,325.0,38.0,116.0,1,1,1.0
372,2,419.0,325.0,45.0,115.0,1,1,1.0
373,2,421.0,327.0,51.0,115.0,1,1,1.0
374,2,424.0,327.0,55.0,114.0,1,1,1.0
375,2,427.0,327.0,52.0,113.0,1,1,1.0
376,2,434.0,327.0,47.0,113.0,1,1,1.0
377,2,442.0,325.0,41.0,112.0,1,1,1.0
378,2,447.0,323.0,39.0,112.0,1,1,1.0
379,2,454.0,321.0,36.0,113.0,1,1,1.0
380,2,458.0,319.0,36.0,113.0,1,1,1.0
381,2,460.0,319.0,38.0,113.0,1,1,1.0
382,2,462.0,319.0,41.0,113.0,1,1,1.0
383,2,463.0,319.0,45.0,113.0,1,1,1.0
384,2,466.0,319.0,46.0,113.0,1,1,1.0
386,2,478.0,318.0,40.0,92.0,1,1,1.0
387,2,487.0,318.0,34.0,94.0,1,1,1.0
388,2,492.0,317.0,34.0,92.0,1,1,1.0
389,2,500.0,316.0,31.0,93.0,1,1,1.0
390,2,504.0,316.0,32.0,92.0,1,1,1.0
391,2,508.0,317.0,32.0,92.0,1,1,1.0
393,2,515.0,315.0,39.0,93.0,1,1,1.0
395,2,524.0,312.0,39.0,123.0,1,1,1.0
396,2,528.0,310.0,37.0,132.0,1,1,1.0
400,2,540.0,311.0,38.0,105.0,1,1,1.0
401,2,543.0,312.0,38.0,99.0,1,1,1.0
402,2,546.0,313.0,42.0,98.0,1,1,1.0
403,2,550.0,312.0,41.0,99.0,1,1,1.0
404,2,556.0,312.0,36.0,99.0,1,1,1.0
405,2,562.0,310.0,32.0,101.0,1,1,1.0
406,2,568.0,311.0,31.0,100.0,1,1,1.0
407,2,573.0,310.0,33.0,100.0,1,1,1.0
408,2,575.0,310.0,40.0,101.0,1,1,1.0
409,2,577.0,310.0,46.0,101.0,1,1,1.0
410,2,577.0,312.0,49.0,98.0,1,1,1.0
411,2,578.0,312.0,51.0,99.0,1,1,1.0
412,2,583.0,309.0,47.0,101.0,1,1,1.0
413,2,589.0,312.0,41.0,97.0,1,1,1.0
414,2,595.0,311.0,36.0,96.0,1,1,1.0
415,2,601.0,313.0,34.0,93.0,1,1,1.0
416,2,607.0,315.0,33.0,90.0,1,1,1.0
417,2,610.0,314.0,39.0,91.0,1,1,1.0
418,2,611.0,312.0,46.0,93.0,1,1,1.0
419,2,612.0,314.0,49.0,91.0,1,1,1.0
420,2,616.0,316.0,46.0,89.0,1,1,1.0
421,2,623.0,316.0,41.0,88.0,1,1,1.0
422,2,630.0,317.0,34.0,87.0,1,1,1.0
423,2,633.0,315.0,35.0,89.0,1,1,1.0
425,2,637.0,313.0,47.0,92.0,1,1,1.0
426,2,641.0,312.0,50.0,93.0,1,1,1.0
427,2,640.0,310.0,57.0,95.0,1,1,1.0
428,2,641.0,310.0,58.0,96.0,1,1,1.0
429,2,644.0,310.0,57.0,97.0,1,1,1.0
430,2,650.0,306.0,51.0,101.0,1,1,1.0
431,2,659.0,308.0,42.0,100.0,1,1,1.0
432,2,665.0,309.0,36.0,98.0,1,1,1.0
433,2,668.0,311.0,35.0,97.0,1,1,1.0
434,2,668.0,311.0,38.0,98.0,1,1,1.0
435,2,668.0,313.0,42.0,97.0,1,1,1.0
436,2,667.0,314.0,48.0,97.0,1,1,1.0
437,2,667.0,316.0,50.0,95.0,1,1,1.0
438,2,673.0,315.0,46.0,96.0,1,1,1.0
439,2,678.0,314.0,43.0,98.0,1,1,1.0
440,2,682.0,312.0,42.0,100.0,1,1,1.0
441,2,691.0,311.0,37.0,101.0,1,1,1.0
442,2,696.0,311.0,37.0,102.0,1,1,1.0
443,2,697.0,309.0,41.0,104.0,1,1,1.0
445,2,700.0,312.0,47.0,103.0,1,1,1.0
446,2,702.0,313.0,47.0,104.0,1,1,1.0
447,2,703.0,313.0,47.0,104.0,1,1,1.0
448,2,706.0,313.0,45.0,104.0,1,1,1.0
449,2,711.0,313.0,42.0,104.0,1,1,1.0
450,2,715.0,313.0,41.0,105.0,1,1,1.0
451,2,720.0,314.0,38.0,106.0,1,1,1.0
452,2,721.0,315.0,42.0,106.0,1,1,1.0
453,2,720.0,316.0,52.0,108.0,1,1,1.0
454,2,719.0,317.0,54.0,108.0,1,1,1.0
455,2,721.0,318.0,53.0,108.0,1,1,1.0
456,2,726.0,318.0,50.0,108.0,1,1,1.0
457,2,732.0,318.0,47.0,108.0,1,1,1.0
458,2,739.0,319.0,43.0,108.0,1,1,1.0
459,2,747.0,319.0,40.0,107.0,1,1,1.0
461,2,755.0,319.0,46.0,107.0,1,1,1.0
462,2,757.0,320.0,50.0,107.0,1,1,1.0
463,2,759.0,320.0,53.0,107.0,1,1,1.0
464,2,760.0,320.0,53.0,108.0,1,1,1.0
465,2,761.0,319.0,52.0,109.0,1,1,1.0
466,2,767.0,319.0,48.0,108.0,1,1,1.0
467,2,773.0,319.0,44.0,109.0,1,1,1.0
468,2,779.0,319.0,42.0,110.0,1,1,1.0
469,2,785.0,320.0,40.0,111.0,1,1,1.0
470,2,785.0,321.0,45.0,111.0,1,1,1.0
471,2,785.0,322.0,52.0,111.0,1,1,1.0
472,2,786.0,322.0,55.0,112.0,1,1,1.0
473,2,788.0,323.0,55.0,112.0,1,1,1.0
474,2,794.0,322.0,52.0,112.0,1,1,1.0
475,2,801.0,322.0,47.0,113.0,1,1,1.0
476,2,810.0,322.0,43.0,113.0,1,1,1.0
477,2,816.0,321.0,42.0,114.0,1,1,1.0
478,2,821.0,323.0,46.0,112.0,1,1,1.0
479,2,825.0,326.0,52.0,111.0,1,1,1.0
480,2,826.0,327.0,57.0,110.0,1,1,1.0
481,2,827.0,328.0,58.0,110.0,1,1,1.0
482,2,829.0,329.0,57.0,110.0,1,1,1.0
483,2,833.0,329.0,54.0,111.0,1,1,1.0
484,2,839.0,329.0,49.0,111.0,1,1,1.0
485,2,846.0,327.0,44.0,113.0,1,1,1.0
487,2,853.0,328.0,45.0,116.0,1,1,1.0
488,2,852.0,328.0,51.0,117.0,1,1,1.0
489,2,853.0,330.0,57.0,117.0,1,1,1.0
490,2,855.0,330.0,58.0,118.0,1,1,1.0
491,2,859.0,330.0,58.0,118.0,1,1,1.0
492,2,865.0,330.0,55.0,118.0,1,1,1.0
493,2,874.0,329.0,49.0,120.0,1,1,1.0
494,2,881.0,328.0,48.0,121.0,1,1,1.0
495,2,887.0,328.0,47.0,122.0,1,1,1.0
496,2,893.0,328.0,47.0,122.0,1,1,1.0
497,2,896.0,329.0,53.0,122.0,1,1,1.0
498,2,897.0,331.0,59.0,122.0,1,1,1.0
499,2,898.0,332.0,61.0,121.0,1,1,1.0
500,2,898.0,332.0,63.0,122.0,1,1,1.0
501,2,906.0,334.0,56.0,121.0,1,1,1.0
502,2,904.0,334.0,60.0,121.0,1,1,1.0
503,2,908.0,333.0,59.0,122.0,1,1,1.0
504,2,911.0,334.0,61.0,123.0,1,1,1.0
505,2,915.0,335.0,61.0,124.0,1,1,1.0
506,2,920.0,336.0,63.0,124.0,1,1,1.0
507,2,924.0,336.0,66.0,126.0,1,1,1.0
508,2,929.0,337.0,64.0,127.0,1,1,1.0
509,2,933.0,337.0,62.0,127.0,1,1,1.0
510,2,941.0,338.0,57.0,127.0,1,1,1.0
511,2,952.0,338.0,51.0,127.0,1,1,1.0
512,2,961.0,339.0,48.0,126.0,1,1,1.0
513,2,970.0,339.0,46.0,126.0,1,1,1.0
514,2,974.0,340.0,51.0,126.0,1,1,1.0
515,2,976.0,341.0,60.0,125.0,1,1,1.0
516,2,977.0,342.0,67.0,126.0,1,1,1.0
517,2,978.0,342.0,69.0,128.0,1,1,1.0
518,2,981.0,342.0,68.0,129.0,1,1,1.0
519,2,986.0,340.0,63.0,131.0,1,1,1.0
520,2,994.0,339.0,57.0,132.0,1,1,1.0
521,2,1005.0,339.0,50.0,132.0,1,1,1.0
522,2,1013.0,341.0,47.0,133.0,1,1,1.0
523,2,1012.0,342.0,53.0,134.0,1,1,1.0
524,2,1013.0,344.0,60.0,133.0,1,1,1.0
525,2,1014.0,348.0,66.0,131.0,1,1,1.0
526,2,1015.0,350.0,69.0,129.0,1,1,1.0
527,2,1020.0,350.0,68.0,130.0,1,1,1.0
528,2,1028.0,347.0,65.0,134.0,1,1,1.0
529,2,1038.0,345.0,58.0,136.0,1,1,1.0
530,2,1049.0,341.0,51.0,140.0,1,1,1.0
531,2,1056.0,340.0,57.0,142.0,1,1,1.0
532,2,1060.0,338.0,60.0,144.0,1,1,1.0
533,2,1062.0,339.0,68.0,144.0,1,1,1.0
535,2,1067.0,341.0,74.0,146.0,1,1,1.0
536,2,1070.0,343.0,72.0,146.0,1,1,1.0
537,2,1075.0,343.0,69.0,145.0,1,1,1.0
538,2,1082.0,343.0,66.0,146.0,1,1,1.0
539,2,1087.0,342.0,68.0,147.0,1,1,1.0
540,2,1104.0,343.0,55.0,149.0,1,1,1.0
541,2,1105.0,343.0,62.0,151.0,1,1,1.0
542,2,1109.0,343.0,66.0,152.0,1,1,1.0
543,2,1112.0,345.0,72.0,153.0,1,1,1.0
544,2,1115.0,345.0,75.0,155.0,1,1,1.0
545,2,1121.0,345.0,74.0,155.0,1,1,1.0
546,2,1129.0,345.0,73.0,156.0,1,1,1.0
547,2,1141.0,345.0,66.0,156.0,1,1,1.0
548,2,1153.0,345.0,58.0,156.0,1,1,1.0
549,2,1157.0,346.0,60.0,155.0,1,1,1.0
550,2,1161.0,348.0,68.0,155.0,1,1,1.0
551,2,1164.0,353.0,78.0,153.0,1,1,1.0
552,2,1166.0,355.0,84.0,153.0,1,1,1.0
553,2,1170.0,356.0,85.0,155.0,1,1,1.0
554,2,1176.0,360.0,81.0,151.0,1,1,1.0
555,2,1184.0,365.0,76.0,147.0,1,1,1.0
556,2,1194.0,365.0,72.0,146.0,1,1,1.0
557,2,1208.0,366.0,64.0,147.0,1,1,1.0
558,2,1218.0,366.0,61.0,151.0,1,1,1.0
559,2,1222.0,368.0,66.0,152.0,1,1,1.0
560,2,1223.0,369.0,73.0,154.0,1,1,1.0
561,2,1224.0,368.0,81.0,158.0,1,1,1.0
562,2,1227.0,369.0,82.0,160.0,1,1,1.0
563,2,1235.0,368.0,78.0,162.0,1,1,1.0
564,2,1247.0,368.0,77.0,163.0,1,1,1.0
565,2,1263.0,368.0,63.0,163.0,1,1,1.0
566,2,1275.0,367.0,57.0,164.0,1,1,1.0
567,2,1281.0,367.0,59.0,164.0,1,1,1.0
568,2,1283.0,369.0,71.0,164.0,1,1,1.0
569,2,1285.0,369.0,83.0,166.0,1,1,1.0
570,2,1286.0,371.0,91.0,168.0,1,1,1.0
571,2,1289.0,372.0,93.0,168.0,1,1,1.0
572,2,1294.0,372.0,93.0,169.0,1,1,1.0
573,2,1305.0,371.0,87.0,170.0,1,1,1.0
574,2,1312.0,370.0,94.0,171.0,1,1,1.0
575,2,1328.0,370.0,85.0,173.0,1,1,1.0
576,2,1342.0,371.0,76.0,177.0,1,1,1.0
577,2,1347.0,373.0,77.0,179.0,1,1,1.0
578,2,1351.0,375.0,82.0,179.0,1,1,1.0
579,2,1355.0,378.0,86.0,179.0,1,1,1.0
580,2,1357.0,381.0,92.0,178.0,1,1,1.0
581,2,1366.0,382.0,92.0,178.0,1,1,1.0
582,2,1381.0,383.0,85.0,178.0,1,1,1.0
583,2,1399.0,384.0,68.0,177.0,1,1,1.0
584,2,1409.0,384.0,63.0,177.0,1,1,1.0
585,2,1413.0,386.0,67.0,177.0,1,1,1.0
586,2,1415.0,387.0,82.0,177.0,1,1,1.0
587,2,1415.0,390.0,93.0,178.0,1,1,1.0
588,2,1417.0,392.0,99.0,178.0,1,1,1.0
589,2,1419.0,396.0,103.0,177.0,1,1,1.0
590,2,1430.0,398.0,96.0,176.0,1,1,1.0
591,2,1444.0,399.0,90.0,174.0,1,1,1.0
592,2,1460.0,400.0,79.0,173.0,1,1,1.0
593,2,1474.0,401.0,76.0,175.0,1,1,1.0
594,2,1484.0,402.0,73.0,179.0,1,1,1.0
595,2,1488.0,405.0,78.0,180.0,1,1,1.0
596,2,1489.0,408.0,87.0,180.0,1,1,1.0
597,2,1491.0,410.0,90.0,182.0,1,1,1.0
598,2,1499.0,412.0,89.0,182.0,1,1,1.0
599,2,1511.0,414.0,85.0,182.0,1,1,1.0
600,2,1526.0,414.0,77.0,181.0,1,1,1.0
602,2,1549.0,416.0,69.0,180.0,1,1,1.0
603,2,1553.0,417.0,70.0,180.0,1,1,1.0
604,2,1555.0,419.0,81.0,180.0,1,1,1.0
605,2,1556.0,421.0,92.0,181.0,1,1,1.0
606,2,1557.0,423.0,97.0,183.0,1,1,1.0
607,2,1560.0,425.0,104.0,183.0,1,1,1.0
608,2,1570.0,427.0,97.0,182.0,1,1,1.0
609,2,1584.0,427.0,91.0,182.0,1,1,1.0
610,2,1600.0,427.0,81.0,183.0,1,1,1.0
611,2,1614.0,427.0,72.0,186.0,1,1,1.0
612,2,1623.0,427.0,72.0,192.0,1,1,1.0
613,2,1626.0,428.0,77.0,194.0,1,1,1.0
614,2,1627.0,430.0,85.0,196.0,1,1,1.0
615,2,1628.0,432.0,91.0,198.0,1,1,1.0
616,2,1634.0,433.0,95.0,200.0,1,1,1.0
