1,1,1676.0,109.0,40.0,117.0,1,1,1.0
2,1,1670.0,111.0,41.0,115.0,1,1,1.0
3,1,1667.0,113.0,38.0,114.0,1,1,1.0
4,1,1664.0,113.0,38.0,114.0,1,1,1.0
5,1,1656.0,114.0,42.0,113.0,1,1,1.0
6,1,1652.0,112.0,44.0,115.0,1,1,1.0
7,1,1650.0,114.0,43.0,112.0,1,1,1.0
8,1,1647.0,115.0,41.0,111.0,1,1,1.0
9,1,1642.0,113.0,40.0,113.0,1,1,1.0
10,1,1637.0,109.0,40.0,117.0,1,1,1.0
11,1,1633.0,110.0,38.0,116.0,1,1,1.0
12,1,1626.0,106.0,40.0,121.0,1,1,1.0
13,1,1616.0,104.0,47.0,122.0,1,1,1.0
14,1,1609.0,104.0,53.0,122.0,1,1,1.0
15,1,1604.0,104.0,56.0,123.0,1,1,1.0
16,1,1602.0,104.0,54.0,122.0,1,1,1.0
17,1,1602.0,101.0,49.0,124.0,1,1,1.0
18,1,1600.0,100.0,43.0,125.0,1,1,1.0
19,1,1594.0,99.0,42.0,125.0,1,1,1.0
20,1,1587.0,98.0,40.0,126.0,1,1,1.0
21,1,1578.0,98.0,45.0,126.0,1,1,1.0
22,1,1571.0,99.0,49.0,125.0,1,1,1.0
23,1,1565.0,100.0,53.0,124.0,1,1,1.0
24,1,1563.0,101.0,51.0,123.0,1,1,1.0
25,1,1561.0,99.0,46.0,124.0,1,1,1.0
26,1,1553.0,99.0,45.0,124.0,1,1,1.0
27,1,1551.0,99.0,41.0,125.0,1,1,1.0
28,1,1545.0,98.0,40.0,126.0,1,1,1.0
29,1,1536.0,97.0,45.0,127.0,1,1,1.0
30,1,1524.0,97.0,54.0,126.0,1,1,1.0
31,1,1518.0,97.0,59.0,127.0,1,1,1.0
32,1,1514.0,97.0,60.0,127.0,1,1,1.0
33,1,1513.0,96.0,58.0,128.0,1,1,1.0
34,1,1512.0,95.0,51.0,128.0,1,1,1.0
35,1,1510.0,93.0,45.0,130.0,1,1,1.0
36,1,1503.0,93.0,44.0,130.0,1,1,1.0
37,1,1496.0,93.0,45.0,130.0,1,1,1.0
38,1,1490.0,93.0,46.0,130.0,1,1,1.0
39,1,1480.0,94.0,53.0,130.0,1,1,1.0
40,1,1476.0,95.0,55.0,130.0,1,1,1.0
41,1,1473.0,95.0,53.0,130.0,1,1,1.0
42,1,1471.0,95.0,47.0,129.0,1,1,1.0
43,1,1461.0,94.0,51.0,131.0,1,1,1.0
44,1,1458.0,93.0,48.0,132.0,1,1,1.0
45,1,1455.0,92.0,47.0,134.0,1,1,1.0
46,1,1445.0,91.0,54.0,134.0,1,1,1.0
47,1,1434.0,93.0,60.0,133.0,1,1,1.0
48,1,1427.0,94.0,65.0,131.0,1,1,1.0
49,1,1424.0,94.0,66.0,131.0,1,1,1.0
50,1,1422.0,93.0,63.0,132.0,1,1,1.0
51,1,1421.0,93.0,57.0,132.0,1,1,1.0
52,1,1417.0,92.0,50.0,133.0,1,1,1.0
53,1,1413.0,91.0,45.0,135.0,1,1,1.0
54,1,1404.0,91.0,46.0,136.0,1,1,1.0
55,1,1394.0,91.0,51.0,136.0,1,1,1.0
56,1,1386.0,91.0,57.0,136.0,1,1,1.0
57,1,1381.0,92.0,61.0,137.0,1,1,1.0
58,1,1379.0,92.0,60.0,136.0,1,1,1.0
59,1,1378.0,92.0,54.0,136.0,1,1,1.0
60,1,1367.0,92.0,56.0,136.0,1,1,1.0
61,1,1363.0,91.0,51.0,138.0,1,1,1.0
62,1,1361.0,90.0,48.0,138.0,1,1,1.0
63,1,1353.0,89.0,51.0,139.0,1,1,1.0
64,1,1339.0,90.0,63.0,139.0,1,1,1.0
65,1,1329.0,90.0,71.0,139.0,1,1,1.0
66,1,1324.0,91.0,73.0,139.0,1,1,1.0
67,1,1322.0,91.0,72.0,138.0,1,1,1.0
68,1,1320.0,91.0,67.0,139.0,1,1,1.0
69,1,1318.0,90.0,63.0,140.0,1,1,1.0
70,1,1314.0,89.0,56.0,141.0,1,1,1.0
71,1,1305.0,88.0,54.0,143.0,1,1,1.0
72,1,1294.0,88.0,56.0,143.0,1,1,1.0
73,1,1284.0,89.0,62.0,144.0,1,1,1.0
74,1,1277.0,90.0,67.0,143.0,1,1,1.0
75,1,1273.0,90.0,68.0,143.0,1,1,1.0
76,1,1271.0,90.0,63.0,143.0,1,1,1.0
77,1,1269.0,89.0,55.0,144.0,1,1,1.0
78,1,1259.0,88.0,57.0,146.0,1,1,1.0
79,1,1255.0,87.0,56.0,147.0,1,1,1.0
80,1,1249.0,86.0,51.0,147.0,1,1,1.0
81,1,1235.0,87.0,62.0,146.0,1,1,1.0
82,1,1221.0,88.0,74.0,145.0,1,1,1.0
83,1,1214.0,89.0,79.0,145.0,1,1,1.0
84,1,1211.0,89.0,77.0,145.0,1,1,1.0
85,1,1209.0,88.0,72.0,145.0,1,1,1.0
86,1,1207.0,87.0,63.0,146.0,1,1,1.0
87,1,1202.0,87.0,55.0,147.0,1,1,1.0
88,1,1193.0,86.0,51.0,149.0,1,1,1.0
89,1,1181.0,86.0,57.0,150.0,1,1,1.0
90,1,1170.0,86.0,65.0,150.0,1,1,1.0
91,1,1156.0,87.0,78.0,149.0,1,1,1.0
92,1,1148.0,89.0,84.0,149.0,1,1,1.0
93,1,1139.0,89.0,86.0,148.0,1,1,1.0
95,1,1131.0,89.0,69.0,149.0,1,1,1.0
96,1,1136.0,88.0,50.0,149.0,1,1,1.0
97,1,1131.0,88.0,48.0,150.0,1,1,1.0
98,1,1117.0,88.0,59.0,150.0,1,1,1.0
99,1,1101.0,89.0,74.0,149.0,1,1,1.0
100,1,1090.0,90.0,83.0,148.0,1,1,1.0
101,1,1085.0,91.0,87.0,148.0,1,1,1.0
102,1,1083.0,90.0,84.0,148.0,1,1,1.0
103,1,1082.0,89.0,75.0,148.0,1,1,1.0
104,1,1080.0,89.0,63.0,149.0,1,1,1.0
105,1,1074.0,87.0,55.0,151.0,1,1,1.0
106,1,1064.0,87.0,54.0,153.0,1,1,1.0
107,1,1047.0,88.0,65.0,152.0,1,1,1.0
108,1,1033.0,89.0,77.0,151.0,1,1,1.0
109,1,1023.0,90.0,85.0,151.0,1,1,1.0
110,1,1017.0,92.0,89.0,150.0,1,1,1.0
111,1,1007.0,92.0,92.0,151.0,1,1,1.0
112,1,1002.0,92.0,87.0,151.0,1,1,1.0
113,1,1002.0,91.0,73.0,152.0,1,1,1.0
114,1,1003.0,90.0,56.0,154.0,1,1,1.0
115,1,999.0,89.0,49.0,154.0,1,1,1.0
116,1,987.0,90.0,57.0,154.0,1,1,1.0
117,1,971.0,91.0,72.0,155.0,1,1,1.0
118,1,960.0,91.0,83.0,156.0,1,1,1.0
119,1,954.0,93.0,86.0,155.0,1,1,1.0
120,1,950.0,94.0,84.0,154.0,1,1,1.0
121,1,944.0,94.0,81.0,155.0,1,1,1.0
122,1,939.0,93.0,74.0,155.0,1,1,1.0
123,1,931.0,92.0,66.0,157.0,1,1,1.0
124,1,923.0,92.0,63.0,159.0,1,1,1.0
125,1,913.0,93.0,68.0,159.0,1,1,1.0
126,1,898.0,95.0,81.0,158.0,1,1,1.0
127,1,886.0,97.0,91.0,159.0,1,1,1.0
128,1,877.0,98.0,98.0,159.0,1,1,1.0
129,1,870.0,99.0,97.0,159.0,1,1,1.0
130,1,869.0,98.0,87.0,159.0,1,1,1.0
131,1,870.0,99.0,72.0,159.0,1,1,1.0
133,1,861.0,99.0,59.0,159.0,1,1,1.0
134,1,849.0,101.0,69.0,158.0,1,1,1.0
135,1,834.0,102.0,83.0,157.0,1,1,1.0
136,1,825.0,103.0,90.0,158.0,1,1,1.0
137,1,821.0,105.0,90.0,157.0,1,1,1.0
138,1,819.0,106.0,84.0,156.0,1,1,1.0
139,1,815.0,105.0,75.0,157.0,1,1,1.0
140,1,810.0,104.0,65.0,158.0,1,1,1.0
141,1,803.0,105.0,54.0,159.0,1,1,1.0
142,1,791.0,106.0,58.0,160.0,1,1,1.0
143,1,774.0,108.0,74.0,160.0,1,1,1.0
144,1,760.0,109.0,86.0,160.0,1,1,1.0
145,1,749.0,110.0,95.0,161.0,1,1,1.0
146,1,738.0,112.0,102.0,160.0,1,1,1.0
147,1,733.0,113.0,97.0,159.0,1,1,1.0
148,1,734.0,113.0,83.0,159.0,1,1,1.0
149,1,734.0,112.0,66.0,160.0,1,1,1.0
150,1,729.0,112.0,59.0,160.0,1,1,1.0
151,1,721.0,113.0,60.0,161.0,1,1,1.0
152,1,705.0,114.0,74.0,160.0,1,1,1.0
153,1,693.0,115.0,86.0,161.0,1,1,1.0
154,1,686.0,117.0,91.0,160.0,1,1,1.0
155,1,682.0,118.0,91.0,161.0,1,1,1.0
157,1,671.0,119.0,76.0,161.0,1,1,1.0
158,1,665.0,119.0,66.0,160.0,1,1,1.0
159,1,659.0,120.0,56.0,163.0,1,1,1.0
160,1,648.0,121.0,62.0,164.0,1,1,1.0
161,1,633.0,122.0,76.0,163.0,1,1,1.0
162,1,620.0,124.0,89.0,162.0,1,1,1.0
163,1,614.0,126.0,93.0,162.0,1,1,1.0
164,1,599.0,127.0,102.0,161.0,1,1,1.0
165,1,600.0,128.0,89.0,161.0,1,1,1.0
166,1,595.0,128.0,79.0,162.0,1,1,1.0
167,1,587.0,128.0,69.0,162.0,1,1,1.0
168,1,578.0,128.0,66.0,161.0,1,1,1.0
169,1,570.0,130.0,71.0,160.0,1,1,1.0
170,1,559.0,131.0,81.0,160.0,1,1,1.0
171,1,549.0,134.0,90.0,159.0,1,1,1.0
172,1,544.0,135.0,91.0,159.0,1,1,1.0
173,1,540.0,137.0,88.0,158.0,1,1,1.0
174,1,533.0,137.0,83.0,158.0,1,1,1.0
175,1,525.0,137.0,79.0,158.0,1,1,1.0
176,1,515.0,136.0,69.0,161.0,1,1,1.0
177,1,505.0,135.0,70.0,163.0,1,1,1.0
178,1,495.0,136.0,78.0,165.0,1,1,1.0
179,1,482.0,138.0,89.0,164.0,1,1,1.0
180,1,471.0,141.0,98.0,163.0,1,1,1.0
181,1,462.0,144.0,103.0,161.0,1,1,1.0
182,1,456.0,145.0,99.0,160.0,1,1,1.0
183,1,454.0,146.0,91.0,159.0,1,1,1.0
184,1,451.0,146.0,73.0,159.0,1,1,1.0
185,1,446.0,146.0,62.0,159.0,1,1,1.0
186,1,439.0,147.0,65.0,158.0,1,1,1.0
187,1,429.0,148.0,73.0,158.0,1,1,1.0
188,1,417.0,151.0,84.0,157.0,1,1,1.0
189,1,411.0,153.0,88.0,155.0,1,1,1.0
190,1,407.0,155.0,87.0,155.0,1,1,1.0
191,1,400.0,155.0,84.0,155.0,1,1,1.0
192,1,391.0,155.0,77.0,154.0,1,1,1.0
193,1,384.0,156.0,68.0,154.0,1,1,1.0
194,1,377.0,156.0,64.0,157.0,1,1,1.0
195,1,371.0,158.0,67.0,159.0,1,1,1.0
196,1,359.0,159.0,77.0,159.0,1,1,1.0
197,1,346.0,161.0,89.0,159.0,1,1,1.0
198,1,333.0,163.0,99.0,158.0,1,1,1.0
199,1,329.0,166.0,100.0,157.0,1,1,1.0
200,1,326.0,167.0,97.0,156.0,1,1,1.0
201,1,323.0,168.0,79.0,155.0,1,1,1.0
202,1,318.0,168.0,67.0,154.0,1,1,1.0
203,1,310.0,169.0,64.0,154.0,1,1,1.0
204,1,303.0,170.0,66.0,154.0,1,1,1.0
205,1,295.0,172.0,73.0,154.0,1,1,1.0
206,1,286.0,174.0,81.0,154.0,1,1,1.0
207,1,280.0,176.0,85.0,154.0,1,1,1.0
208,1,274.0,177.0,86.0,154.0,1,1,1.0
209,1,266.0,178.0,82.0,153.0,1,1,1.0
210,1,259.0,178.0,73.0,153.0,1,1,1.0
211,1,253.0,179.0,65.0,152.0,1,1,1.0
212,1,246.0,180.0,62.0,154.0,1,1,1.0
213,1,240.0,182.0,66.0,156.0,1,1,1.0
214,1,229.0,184.0,77.0,158.0,1,1,1.0
215,1,219.0,186.0,87.0,158.0,1,1,1.0
216,1,209.0,189.0,93.0,156.0,1,1,1.0
217,1,202.0,191.0,95.0,156.0,1,1,1.0
218,1,198.0,193.0,86.0,154.0,1,1,1.0
219,1,195.0,195.0,76.0,153.0,1,1,1.0
220,1,190.0,195.0,64.0,153.0,1,1,1.0
221,1,184.0,196.0,59.0,152.0,1,1,1.0
222,1,176.0,197.0,66.0,153.0,1,1,1.0
223,1,168.0,200.0,73.0,152.0,1,1,1.0
224,1,160.0,202.0,80.0,152.0,1,1,1.0
225,1,155.0,204.0,82.0,152.0,1,1,1.0
226,1,148.0,206.0,62.0,150.0,1,1,1.0
227,1,142.0,206.0,65.0,150.0,1,1,1.0
228,1,136.0,208.0,62.0,149.0,1,1,1.0
229,1,127.0,208.0,60.0,149.0,1,1,1.0
230,1,121.0,209.0,62.0,153.0,1,1,1.0
231,1,116.0,211.0,66.0,155.0,1,1,1.0
232,1,109.0,214.0,72.0,154.0,1,1,1.0
233,1,102.0,216.0,79.0,155.0,1,1,1.0
234,1,98.0,218.0,82.0,156.0,1,1,1.0
235,1,89.0,221.0,83.0,153.0,1,1,1.0
237,1,79.0,225.0,70.0,149.0,1,1,1.0
238,1,75.0,223.0,59.0,152.0,1,1,1.0
239,1,70.0,227.0,56.0,148.0,1,1,1.0
240,1,65.0,229.0,58.0,147.0,1,1,1.0
241,1,60.0,233.0,63.0,144.0,1,1,1.0
242,1,55.0,235.0,68.0,145.0,1,1,1.0
243,1,48.0,236.0,72.0,146.0,1,1,1.0
244,1,44.0,236.0,65.0,146.0,1,1,1.0
245,1,39.0,236.0,58.0,146.0,1,1,1.0
246,1,33.0,236.0,57.0,146.0,1,1,1.0
247,1,28.0,236.0,53.0,147.0,1,1,1.0
248,1,21.0,237.0,55.0,148.0,1,1,1.0
249,1,16.0,239.0,58.0,150.0,1,1,1.0
250,1,10.0,240.0,65.0,151.0,1,1,1.0
251,1,2.0,244.0,73.0,150.0,1,1,1.0
252,1,0.0,246.0,75.0,150.0,1,1,1.0
253,1,0.0,249.0,54.0,148.0,1,1,1.0
256,1,0.0,261.0,36.0,137.0,1,1,1.0
257,1,0.0,266.0,26.0,132.0,1,1,1.0
336,2,0.0,225.0,31.0,124.0,1,1,1.0
337,2,1.0,223.0,37.0,126.0,1,1,1.0
338,2,5.0,221.0,46.0,127.0,1,1,1.0
339,2,8.0,221.0,53.0,126.0,1,1,1.0
340,2,10.0,222.0,54.0,124.0,1,1,1.0
341,2,13.0,221.0,54.0,125.0,1,1,1.0
342,2,20.0,218.0,49.0,124.0,1,1,1.0
343,2,28.0,215.0,41.0,123.0,1,1,1.0
344,2,33.0,213.0,38.0,121.0,1,1,1.0
345,2,39.0,216.0,36.0,117.0,1,1,1.0
346,2,43.0,211.0,43.0,120.0,1,1,1.0
348,2,48.0,209.0,54.0,121.0,1,1,1.0
349,2,52.0,210.0,57.0,118.0,1,1,1.0
350,2,56.0,205.0,56.0,122.0,1,1,1.0
351,2,63.0,202.0,51.0,122.0,1,1,1.0
352,2,71.0,201.0,43.0,118.0,1,1,1.0
353,2,77.0,200.0,37.0,118.0,1,1,1.0
354,2,81.0,200.0,35.0,117.0,1,1,1.0
355,2,86.0,200.0,39.0,116.0,1,1,1.0
356,2,90.0,200.0,47.0,115.0,1,1,1.0
357,2,93.0,197.0,54.0,118.0,1,1,1.0
358,2,94.0,193.0,57.0,122.0,1,1,1.0
359,2,98.0,190.0,54.0,124.0,1,1,1.0
360,2,105.0,187.0,49.0,124.0,1,1,1.0
361,2,111.0,184.0,43.0,123.0,1,1,1.0
362,2,117.0,182.0,38.0,122.0,1,1,1.0
363,2,122.0,180.0,38.0,122.0,1,1,1.0
364,2,126.0,182.0,42.0,119.0,1,1,1.0
365,2,131.0,179.0,48.0,122.0,1,1,1.0
366,2,133.0,178.0,53.0,122.0,1,1,1.0
367,2,135.0,176.0,56.0,123.0,1,1,1.0
368,2,138.0,175.0,56.0,122.0,1,1,1.0
369,2,145.0,173.0,49.0,121.0,1,1,1.0
370,2,151.0,171.0,45.0,120.0,1,1,1.0
371,2,156.0,168.0,42.0,120.0,1,1,1.0
372,2,160.0,166.0,41.0,122.0,1,1,1.0
373,2,166.0,165.0,41.0,123.0,1,1,1.0
374,2,171.0,164.0,49.0,123.0,1,1,1.0
375,2,174.0,163.0,54.0,124.0,1,1,1.0
376,2,175.0,162.0,53.0,124.0,1,1,1.0
377,2,180.0,167.0,48.0,118.0,1,1,1.0
378,2,187.0,169.0,43.0,113.0,1,1,1.0
379,2,194.0,168.0,40.0,111.0,1,1,1.0
380,2,199.0,162.0,38.0,114.0,1,1,1.0
381,2,204.0,163.0,38.0,111.0,1,1,1.0
382,2,208.0,162.0,44.0,112.0,1,1,1.0
383,2,212.0,161.0,43.0,112.0,1,1,1.0
384,2,213.0,155.0,55.0,118.0,1,1,1.0
385,2,215.0,153.0,59.0,119.0,1,1,1.0
386,2,219.0,150.0,58.0,121.0,1,1,1.0
387,2,224.0,150.0,52.0,120.0,1,1,1.0
388,2,232.0,149.0,45.0,116.0,1,1,1.0
389,2,238.0,146.0,40.0,118.0,1,1,1.0
390,2,245.0,144.0,37.0,118.0,1,1,1.0
391,2,250.0,145.0,40.0,117.0,1,1,1.0
392,2,254.0,143.0,43.0,119.0,1,1,1.0
393,2,257.0,142.0,50.0,120.0,1,1,1.0
394,2,258.0,142.0,53.0,120.0,1,1,1.0
395,2,262.0,142.0,51.0,119.0,1,1,1.0
396,2,269.0,141.0,45.0,117.0,1,1,1.0
397,2,276.0,139.0,39.0,116.0,1,1,1.0
398,2,282.0,140.0,36.0,112.0,1,1,1.0
399,2,286.0,138.0,38.0,112.0,1,1,1.0
400,2,292.0,137.0,38.0,113.0,1,1,1.0
401,2,294.0,134.0,40.0,116.0,1,1,1.0
402,2,296.0,134.0,41.0,115.0,1,1,1.0
403,2,298.0,133.0,44.0,116.0,1,1,1.0
404,2,301.0,132.0,45.0,116.0,1,1,1.0
405,2,306.0,131.0,43.0,116.0,1,1,1.0
406,2,313.0,129.0,40.0,114.0,1,1,1.0
407,2,322.0,127.0,36.0,103.0,1,1,1.0
408,2,327.0,126.0,35.0,98.0,1,1,1.0
409,2,332.0,126.0,37.0,96.0,1,1,1.0
410,2,337.0,126.0,35.0,94.0,1,1,1.0
411,2,340.0,125.0,40.0,95.0,1,1,1.0
412,2,343.0,125.0,40.0,94.0,1,1,1.0
415,2,357.0,119.0,36.0,126.0,1,1,1.0
416,2,360.0,116.0,36.0,133.0,1,1,1.0
419,2,366.0,116.0,42.0,134.0,1,1,1.0
421,2,373.0,115.0,48.0,135.0,1,1,1.0
422,2,377.0,114.0,47.0,115.0,1,1,1.0
423,2,381.0,115.0,45.0,108.0,1,1,1.0
424,2,387.0,114.0,41.0,107.0,1,1,1.0
425,2,393.0,112.0,37.0,108.0,1,1,1.0
426,2,399.0,111.0,35.0,108.0,1,1,1.0
427,2,403.0,110.0,37.0,108.0,1,1,1.0
428,2,407.0,111.0,40.0,107.0,1,1,1.0
429,2,409.0,110.0,46.0,108.0,1,1,1.0
430,2,410.0,110.0,49.0,108.0,1,1,1.0
431,2,412.0,109.0,49.0,109.0,1,1,1.0
432,2,416.0,109.0,46.0,107.0,1,1,1.0
433,2,421.0,108.0,43.0,106.0,1,1,1.0
434,2,426.0,107.0,39.0,105.0,1,1,1.0
435,2,427.0,104.0,41.0,106.0,1,1,1.0
436,2,430.0,103.0,42.0,107.0,1,1,1.0
437,2,436.0,103.0,43.0,105.0,1,1,1.0
438,2,440.0,104.0,43.0,104.0,1,1,1.0
439,2,443.0,104.0,41.0,104.0,1,1,1.0
440,2,446.0,104.0,44.0,103.0,1,1,1.0
441,2,450.0,104.0,44.0,102.0,1,1,1.0
442,2,455.0,104.0,41.0,102.0,1,1,1.0
443,2,462.0,104.0,36.0,101.0,1,1,1.0
444,2,468.0,103.0,35.0,102.0,1,1,1.0
445,2,471.0,102.0,40.0,102.0,1,1,1.0
446,2,473.0,103.0,47.0,102.0,1,1,1.0
447,2,476.0,103.0,52.0,103.0,1,1,1.0
448,2,478.0,102.0,54.0,103.0,1,1,1.0
449,2,480.0,102.0,54.0,103.0,1,1,1.0
450,2,484.0,101.0,50.0,104.0,1,1,1.0
451,2,490.0,100.0,44.0,104.0,1,1,1.0
452,2,497.0,99.0,37.0,104.0,1,1,1.0
453,2,498.0,99.0,40.0,105.0,1,1,1.0
454,2,498.0,98.0,42.0,106.0,1,1,1.0
455,2,498.0,97.0,48.0,106.0,1,1,1.0
456,2,498.0,98.0,53.0,105.0,1,1,1.0
457,2,501.0,99.0,52.0,105.0,1,1,1.0
458,2,505.0,99.0,51.0,106.0,1,1,1.0
459,2,510.0,98.0,47.0,107.0,1,1,1.0
460,2,515.0,97.0,44.0,109.0,1,1,1.0
461,2,521.0,95.0,41.0,110.0,1,1,1.0
462,2,524.0,94.0,41.0,111.0,1,1,1.0
463,2,526.0,94.0,46.0,112.0,1,1,1.0
464,2,529.0,95.0,51.0,111.0,1,1,1.0
465,2,533.0,96.0,53.0,110.0,1,1,1.0
466,2,534.0,97.0,55.0,109.0,1,1,1.0
467,2,538.0,97.0,54.0,109.0,1,1,1.0
468,2,542.0,96.0,50.0,109.0,1,1,1.0
469,2,547.0,96.0,45.0,110.0,1,1,1.0
470,2,550.0,95.0,44.0,111.0,1,1,1.0
471,2,551.0,94.0,44.0,112.0,1,1,1.0
472,2,555.0,94.0,42.0,113.0,1,1,1.0
473,2,558.0,95.0,44.0,112.0,1,1,1.0
474,2,558.0,96.0,49.0,112.0,1,1,1.0
475,2,559.0,96.0,50.0,113.0,1,1,1.0
476,2,562.0,96.0,49.0,114.0,1,1,1.0
477,2,566.0,95.0,47.0,115.0,1,1,1.0
478,2,571.0,95.0,45.0,115.0,1,1,1.0
479,2,578.0,93.0,41.0,117.0,1,1,1.0
481,2,581.0,93.0,49.0,118.0,1,1,1.0
482,2,585.0,93.0,53.0,119.0,1,1,1.0
483,2,589.0,94.0,55.0,118.0,1,1,1.0
484,2,591.0,96.0,57.0,116.0,1,1,1.0
485,2,595.0,96.0,55.0,116.0,1,1,1.0
486,2,599.0,96.0,51.0,116.0,1,1,1.0
487,2,605.0,94.0,45.0,116.0,1,1,1.0
488,2,613.0,94.0,39.0,116.0,1,1,1.0
489,2,618.0,94.0,39.0,116.0,1,1,1.0
490,2,617.0,94.0,43.0,118.0,1,1,1.0
491,2,615.0,93.0,50.0,119.0,1,1,1.0
492,2,616.0,93.0,53.0,119.0,1,1,1.0
493,2,617.0,93.0,55.0,119.0,1,1,1.0
494,2,620.0,93.0,54.0,120.0,1,1,1.0
495,2,625.0,94.0,51.0,120.0,1,1,1.0
496,2,632.0,92.0,47.0,122.0,1,1,1.0
497,2,639.0,91.0,43.0,123.0,1,1,1.0
498,2,643.0,90.0,45.0,124.0,1,1,1.0
499,2,646.0,90.0,48.0,124.0,1,1,1.0
500,2,650.0,91.0,52.0,124.0,1,1,1.0
501,2,650.0,92.0,60.0,123.0,1,1,1.0
502,2,650.0,94.0,63.0,122.0,1,1,1.0
503,2,651.0,94.0,64.0,121.0,1,1,1.0
504,2,658.0,93.0,58.0,122.0,1,1,1.0
505,2,667.0,93.0,50.0,121.0,1,1,1.0
506,2,674.0,92.0,45.0,122.0,1,1,1.0
507,2,677.0,92.0,45.0,124.0,1,1,1.0
508,2,679.0,91.0,45.0,125.0,1,1,1.0
509,2,680.0,91.0,48.0,127.0,1,1,1.0
510,2,680.0,92.0,52.0,127.0,1,1,1.0
511,2,680.0,93.0,56.0,128.0,1,1,1.0
512,2,683.0,93.0,57.0,129.0,1,1,1.0
513,2,688.0,94.0,54.0,128.0,1,1,1.0
514,2,694.0,92.0,52.0,130.0,1,1,1.0
515,2,702.0,92.0,47.0,130.0,1,1,1.0
516,2,708.0,91.0,45.0,131.0,1,1,1.0
517,2,713.0,91.0,48.0,131.0,1,1,1.0
518,2,717.0,92.0,53.0,131.0,1,1,1.0
519,2,715.0,94.0,62.0,130.0,1,1,1.0
520,2,716.0,95.0,65.0,129.0,1,1,1.0
521,2,722.0,95.0,62.0,130.0,1,1,1.0
522,2,727.0,94.0,58.0,131.0,1,1,1.0
523,2,734.0,93.0,52.0,131.0,1,1,1.0
524,2,741.0,92.0,47.0,133.0,1,1,1.0
525,2,744.0,92.0,48.0,134.0,1,1,1.0
526,2,745.0,92.0,52.0,135.0,1,1,1.0
527,2,745.0,92.0,57.0,136.0,1,1,1.0
528,2,747.0,94.0,60.0,135.0,1,1,1.0
529,2,748.0,95.0,63.0,135.0,1,1,1.0
530,2,755.0,95.0,60.0,135.0,1,1,1.0
531,2,761.0,95.0,56.0,135.0,1,1,1.0
532,2,768.0,94.0,51.0,136.0,1,1,1.0
533,2,776.0,93.0,47.0,137.0,1,1,1.0
534,2,782.0,92.0,46.0,138.0,1,1,1.0
535,2,787.0,92.0,49.0,138.0,1,1,1.0
536,2,791.0,93.0,57.0,138.0,1,1,1.0
537,2,794.0,94.0,62.0,138.0,1,1,1.0
538,2,796.0,95.0,65.0,138.0,1,1,1.0
539,2,798.0,95.0,64.0,139.0,1,1,1.0
540,2,802.0,95.0,61.0,139.0,1,1,1.0
541,2,809.0,94.0,56.0,140.0,1,1,1.0
542,2,818.0,93.0,51.0,141.0,1,1,1.0
543,2,825.0,93.0,48.0,143.0,1,1,1.0
544,2,827.0,93.0,52.0,144.0,1,1,1.0
545,2,826.0,94.0,57.0,144.0,1,1,1.0
546,2,827.0,96.0,64.0,143.0,1,1,1.0
547,2,829.0,97.0,67.0,143.0,1,1,1.0
548,2,840.0,97.0,59.0,144.0,1,1,1.0
549,2,844.0,96.0,57.0,145.0,1,1,1.0
550,2,850.0,96.0,58.0,145.0,1,1,1.0
551,2,860.0,96.0,51.0,146.0,1,1,1.0
552,2,868.0,95.0,50.0,146.0,1,1,1.0
553,2,873.0,95.0,52.0,146.0,1,1,1.0
554,2,876.0,96.0,61.0,146.0,1,1,1.0
555,2,877.0,96.0,70.0,147.0,1,1,1.0
556,2,877.0,97.0,76.0,147.0,1,1,1.0
557,2,879.0,98.0,76.0,147.0,1,1,1.0
558,2,886.0,98.0,70.0,147.0,1,1,1.0
559,2,893.0,98.0,65.0,147.0,1,1,1.0
560,2,905.0,97.0,57.0,148.0,1,1,1.0
561,2,905.0,97.0,62.0,150.0,1,1,1.0
562,2,910.0,97.0,62.0,152.0,1,1,1.0
563,2,914.0,98.0,64.0,152.0,1,1,1.0
564,2,913.0,99.0,72.0,152.0,1,1,1.0
565,2,905.0,99.0,85.0,153.0,1,1,1.0
566,2,914.0,100.0,81.0,153.0,1,1,1.0
567,2,923.0,100.0,77.0,154.0,1,1,1.0
569,2,949.0,99.0,59.0,155.0,1,1,1.0
570,2,961.0,98.0,53.0,156.0,1,1,1.0
571,2,966.0,98.0,55.0,156.0,1,1,1.0
572,2,965.0,100.0,70.0,156.0,1,1,1.0
573,2,967.0,101.0,78.0,157.0,1,1,1.0
574,2,970.0,102.0,80.0,157.0,1,1,1.0
575,2,975.0,103.0,78.0,158.0,1,1,1.0
576,2,981.0,103.0,74.0,158.0,1,1,1.0
577,2,991.0,103.0,69.0,158.0,1,1,1.0
578,2,1000.0,103.0,66.0,159.0,1,1,1.0
579,2,1010.0,102.0,62.0,162.0,1,1,1.0
580,2,1016.0,102.0,62.0,165.0,1,1,1.0
581,2,1018.0,104.0,67.0,165.0,1,1,1.0
582,2,1020.0,106.0,75.0,165.0,1,1,1.0
583,2,1023.0,108.0,78.0,166.0,1,1,1.0
584,2,1028.0,109.0,77.0,166.0,1,1,1.0
585,2,1038.0,109.0,72.0,166.0,1,1,1.0
586,2,1047.0,109.0,68.0,167.0,1,1,1.0
587,2,1061.0,109.0,60.0,167.0,1,1,1.0
588,2,1072.0,108.0,56.0,167.0,1,1,1.0
589,2,1076.0,109.0,63.0,168.0,1,1,1.0
590,2,1078.0,110.0,77.0,169.0,1,1,1.0
591,2,1079.0,112.0,87.0,170.0,1,1,1.0
592,2,1081.0,114.0,92.0,171.0,1,1,1.0
593,2,1087.0,115.0,89.0,170.0,1,1,1.0
594,2,1094.0,116.0,83.0,170.0,1,1,1.0
595,2,1108.0,116.0,75.0,170.0,1,1,1.0
596,2,1122.0,115.0,69.0,171.0,1,1,1.0
597,2,1135.0,115.0,62.0,174.0,1,1,1.0
598,2,1140.0,115.0,65.0,178.0,1,1,1.0
599,2,1142.0,117.0,75.0,178.0,1,1,1.0
600,2,1142.0,119.0,86.0,178.0,1,1,1.0
601,2,1144.0,121.0,90.0,178.0,1,1,1.0
602,2,1151.0,121.0,87.0,179.0,1,1,1.0
603,2,1164.0,121.0,80.0,180.0,1,1,1.0
604,2,1177.0,120.0,75.0,181.0,1,1,1.0
605,2,1192.0,119.0,65.0,181.0,1,1,1.0
606,2,1203.0,120.0,61.0,181.0,1,1,1.0
607,2,1207.0,120.0,70.0,182.0,1,1,1.0
608,2,1209.0,121.0,86.0,183.0,1,1,1.0
609,2,1210.0,123.0,97.0,183.0,1,1,1.0
610,2,1210.0,125.0,103.0,183.0,1,1,1.0
611,2,1215.0,126.0,101.0,182.0,1,1,1.0
612,2,1225.0,128.0,96.0,181.0,1,1,1.0
613,2,1238.0,128.0,88.0,181.0,1,1,1.0
614,2,1253.0,128.0,81.0,181.0,1,1,1.0
615,2,1270.0,129.0,72.0,184.0,1,1,1.0
616,2,1281.0,132.0,71.0,186.0,1,1,1.0
617,2,1284.0,134.0,82.0,185.0,1,1,1.0
618,2,1286.0,138.0,91.0,183.0,1,1,1.0
619,2,1288.0,140.0,96.0,184.0,1,1,1.0
620,2,1297.0,142.0,92.0,184.0,1,1,1.0
