1,1,1183.0,856.0,155.0,223.0,1,1,1.0
1,2,1319.0,843.0,140.0,235.0,1,1,1.0
2,1,1182.0,854.0,150.0,225.0,1,1,1.0
2,2,1322.0,842.0,130.0,236.0,1,1,1.0
3,1,1182.0,849.0,146.0,230.0,1,1,1.0
3,2,1314.0,841.0,128.0,237.0,1,1,1.0
4,1,1180.0,847.0,140.0,232.0,1,1,1.0
4,2,1308.0,839.0,126.0,239.0,1,1,1.0
5,1,1177.0,840.0,138.0,238.0,1,1,1.0
5,2,1298.0,835.0,128.0,244.0,1,1,1.0
6,1,1171.0,833.0,138.0,246.0,1,1,1.0
6,2,1294.0,829.0,127.0,249.0,1,1,1.0
7,1,1165.0,824.0,140.0,255.0,1,1,1.0
7,2,1293.0,822.0,125.0,257.0,1,1,1.0
8,1,1160.0,817.0,140.0,261.0,1,1,1.0
8,2,1291.0,813.0,125.0,265.0,1,1,1.0
9,1,1155.0,813.0,141.0,265.0,1,1,1.0
9,2,1285.0,806.0,130.0,273.0,1,1,1.0
10,1,1150.0,812.0,141.0,267.0,1,1,1.0
10,2,1282.0,800.0,134.0,279.0,1,1,1.0
11,1,1149.0,809.0,138.0,270.0,1,1,1.0
11,2,1277.0,796.0,139.0,283.0,1,1,1.0
12,1,1149.0,806.0,133.0,272.0,1,1,1.0
12,2,1272.0,794.0,145.0,284.0,1,1,1.0
13,1,1143.0,802.0,134.0,277.0,1,1,1.0
13,2,1268.0,792.0,149.0,286.0,1,1,1.0
14,1,1135.0,796.0,135.0,282.0,1,1,1.0
14,2,1264.0,790.0,153.0,289.0,1,1,1.0
15,1,1128.0,791.0,139.0,287.0,1,1,1.0
15,2,1262.0,785.0,150.0,293.0,1,1,1.0
16,1,1121.0,785.0,139.0,293.0,1,1,1.0
16,2,1256.0,779.0,147.0,299.0,1,1,1.0
17,1,1117.0,780.0,139.0,298.0,1,1,1.0
17,2,1248.0,772.0,143.0,306.0,1,1,1.0
18,1,1117.0,776.0,137.0,302.0,1,1,1.0
18,2,1245.0,767.0,136.0,309.0,1,1,1.0
19,1,1116.0,774.0,135.0,304.0,1,1,1.0
19,2,1239.0,762.0,134.0,315.0,1,1,1.0
20,1,1116.0,772.0,130.0,305.0,1,1,1.0
20,2,1236.0,760.0,130.0,316.0,1,1,1.0
21,1,1115.0,770.0,129.0,307.0,1,1,1.0
21,2,1234.0,759.0,125.0,317.0,1,1,1.0
22,1,1115.0,767.0,125.0,306.0,1,1,1.0
22,2,1234.0,759.0,118.0,316.0,1,1,1.0
23,1,1114.0,762.0,125.0,302.0,1,1,1.0
23,2,1234.0,757.0,112.0,311.0,1,1,1.0
24,1,1111.0,757.0,123.0,293.0,1,1,1.0
24,2,1230.0,754.0,110.0,309.0,1,1,1.0
25,1,1107.0,752.0,123.0,284.0,1,1,1.0
25,2,1228.0,749.0,109.0,299.0,1,1,1.0
26,1,1104.0,747.0,124.0,283.0,1,1,1.0
26,2,1224.0,743.0,110.0,291.0,1,1,1.0
27,1,1102.0,743.0,126.0,284.0,1,1,1.0
27,2,1223.0,736.0,110.0,290.0,1,1,1.0
28,1,1100.0,740.0,124.0,286.0,1,1,1.0
28,2,1220.0,731.0,113.0,292.0,1,1,1.0
29,1,1096.0,739.0,123.0,286.0,1,1,1.0
29,2,1218.0,729.0,115.0,294.0,1,1,1.0
30,1,1093.0,738.0,125.0,286.0,1,1,1.0
30,2,1216.0,727.0,118.0,295.0,1,1,1.0
31,1,1088.0,736.0,130.0,284.0,1,1,1.0
31,2,1213.0,726.0,121.0,294.0,1,1,1.0
32,1,1084.0,732.0,131.0,279.0,1,1,1.0
32,2,1210.0,725.0,125.0,292.0,1,1,1.0
33,1,1080.0,728.0,130.0,270.0,1,1,1.0
33,2,1207.0,722.0,126.0,289.0,1,1,1.0
34,1,1075.0,724.0,136.0,262.0,1,1,1.0
34,2,1205.0,718.0,123.0,280.0,1,1,1.0
35,1,1071.0,720.0,137.0,261.0,1,1,1.0
35,2,1201.0,714.0,118.0,271.0,1,1,1.0
36,1,1070.0,717.0,138.0,261.0,1,1,1.0
36,2,1200.0,709.0,110.0,269.0,1,1,1.0
37,1,1070.0,716.0,136.0,262.0,1,1,1.0
37,2,1198.0,704.0,103.0,270.0,1,1,1.0
38,1,1070.0,715.0,132.0,263.0,1,1,1.0
38,2,1194.0,702.0,100.0,271.0,1,1,1.0
39,1,1070.0,713.0,131.0,261.0,1,1,1.0
39,2,1191.0,701.0,97.0,272.0,1,1,1.0
40,1,1069.0,711.0,126.0,260.0,1,1,1.0
40,2,1186.0,700.0,95.0,272.0,1,1,1.0
41,1,1067.0,708.0,126.0,256.0,1,1,1.0
41,2,1184.0,700.0,92.0,267.0,1,1,1.0
42,1,1066.0,704.0,122.0,248.0,1,1,1.0
42,2,1180.0,699.0,91.0,263.0,1,1,1.0
43,1,1064.0,699.0,111.0,243.0,1,1,1.0
43,2,1172.0,697.0,96.0,253.0,1,1,1.0
44,1,1060.0,695.0,109.0,242.0,1,1,1.0
44,2,1166.0,694.0,99.0,245.0,1,1,1.0
45,1,1057.0,692.0,109.0,243.0,1,1,1.0
45,2,1161.0,690.0,104.0,242.0,1,1,1.0
46,1,1052.0,690.0,111.0,244.0,1,1,1.0
46,2,1155.0,687.0,109.0,245.0,1,1,1.0
47,1,1049.0,689.0,109.0,244.0,1,1,1.0
47,2,1149.0,684.0,116.0,248.0,1,1,1.0
48,1,1046.0,689.0,110.0,242.0,1,1,1.0
48,2,1145.0,681.0,121.0,251.0,1,1,1.0
49,1,1042.0,687.0,108.0,241.0,1,1,1.0
49,2,1147.0,679.0,120.0,249.0,1,1,1.0
50,1,1037.0,686.0,111.0,235.0,1,1,1.0
50,2,1144.0,677.0,122.0,247.0,1,1,1.0
51,1,1032.0,683.0,116.0,228.0,1,1,1.0
51,2,1140.0,675.0,125.0,244.0,1,1,1.0
52,1,1029.0,679.0,117.0,225.0,1,1,1.0
52,2,1136.0,672.0,126.0,239.0,1,1,1.0
53,1,1027.0,676.0,114.0,226.0,1,1,1.0
53,2,1134.0,668.0,120.0,235.0,1,1,1.0
54,1,1028.0,674.0,111.0,227.0,1,1,1.0
54,2,1132.0,665.0,110.0,234.0,1,1,1.0
55,1,1028.0,673.0,109.0,227.0,1,1,1.0
55,2,1129.0,662.0,103.0,235.0,1,1,1.0
56,1,1027.0,673.0,108.0,226.0,1,1,1.0
56,2,1127.0,662.0,96.0,235.0,1,1,1.0
57,1,1026.0,672.0,106.0,225.0,1,1,1.0
57,2,1125.0,661.0,91.0,236.0,1,1,1.0
58,1,1026.0,670.0,103.0,225.0,1,1,1.0
58,2,1122.0,661.0,88.0,233.0,1,1,1.0
59,1,1025.0,668.0,102.0,222.0,1,1,1.0
59,2,1120.0,661.0,85.0,230.0,1,1,1.0
60,1,1023.0,665.0,100.0,216.0,1,1,1.0
60,2,1115.0,659.0,85.0,226.0,1,1,1.0
61,1,1020.0,661.0,99.0,212.0,1,1,1.0
61,2,1112.0,656.0,84.0,220.0,1,1,1.0
62,1,1016.0,658.0,100.0,213.0,1,1,1.0
62,2,1109.0,652.0,85.0,219.0,1,1,1.0
63,1,1013.0,656.0,101.0,214.0,1,1,1.0
63,2,1107.0,649.0,86.0,221.0,1,1,1.0
64,1,1009.0,655.0,102.0,214.0,1,1,1.0
64,2,1106.0,647.0,87.0,223.0,1,1,1.0
65,1,1007.0,654.0,101.0,214.0,1,1,1.0
65,2,1103.0,646.0,89.0,223.0,1,1,1.0
66,1,1006.0,653.0,98.0,213.0,1,1,1.0
66,2,1099.0,646.0,90.0,223.0,1,1,1.0
67,1,1004.0,652.0,98.0,212.0,1,1,1.0
67,2,1097.0,647.0,90.0,222.0,1,1,1.0
68,1,1000.0,650.0,101.0,208.0,1,1,1.0
68,2,1095.0,646.0,87.0,220.0,1,1,1.0
69,1,996.0,648.0,104.0,202.0,1,1,1.0
69,2,1093.0,644.0,83.0,216.0,1,1,1.0
70,1,993.0,645.0,103.0,199.0,1,1,1.0
70,2,1091.0,641.0,80.0,211.0,1,1,1.0
71,1,991.0,643.0,104.0,199.0,1,1,1.0
71,2,1088.0,637.0,79.0,207.0,1,1,1.0
72,1,991.0,641.0,103.0,200.0,1,1,1.0
72,2,1087.0,634.0,78.0,208.0,1,1,1.0
73,1,991.0,640.0,101.0,200.0,1,1,1.0
73,2,1087.0,632.0,77.0,209.0,1,1,1.0
74,1,991.0,639.0,100.0,201.0,1,1,1.0
74,2,1085.0,631.0,76.0,210.0,1,1,1.0
75,1,991.0,639.0,99.0,200.0,1,1,1.0
75,2,1082.0,631.0,76.0,210.0,1,1,1.0
76,1,991.0,638.0,94.0,200.0,1,1,1.0
76,2,1080.0,631.0,76.0,210.0,1,1,1.0
77,1,990.0,637.0,92.0,198.0,1,1,1.0
77,2,1078.0,632.0,75.0,208.0,1,1,1.0
78,1,990.0,634.0,91.0,193.0,1,1,1.0
78,2,1076.0,631.0,76.0,206.0,1,1,1.0
79,1,989.0,631.0,92.0,189.0,1,1,1.0
79,2,1075.0,629.0,77.0,203.0,1,1,1.0
80,1,987.0,628.0,93.0,189.0,1,1,1.0
80,2,1074.0,626.0,79.0,196.0,1,1,1.0
81,1,986.0,626.0,94.0,190.0,1,1,1.0
81,2,1073.0,623.0,81.0,194.0,1,1,1.0
82,1,984.0,625.0,96.0,191.0,1,1,1.0
82,2,1073.0,619.0,82.0,196.0,1,1,1.0
83,1,982.0,624.0,97.0,191.0,1,1,1.0
83,2,1073.0,617.0,85.0,197.0,1,1,1.0
84,1,980.0,624.0,99.0,189.0,1,1,1.0
84,2,1072.0,617.0,87.0,198.0,1,1,1.0
85,1,979.0,623.0,98.0,189.0,1,1,1.0
85,2,1071.0,617.0,89.0,198.0,1,1,1.0
86,1,976.0,622.0,98.0,187.0,1,1,1.0
86,2,1070.0,618.0,91.0,197.0,1,1,1.0
87,1,974.0,620.0,97.0,182.0,1,1,1.0
87,2,1067.0,618.0,94.0,196.0,1,1,1.0
88,1,973.0,617.0,97.0,178.0,1,1,1.0
88,2,1066.0,616.0,95.0,193.0,1,1,1.0
89,1,972.0,615.0,98.0,178.0,1,1,1.0
89,2,1065.0,615.0,95.0,188.0,1,1,1.0
90,1,972.0,614.0,97.0,179.0,1,1,1.0
90,2,1064.0,613.0,93.0,184.0,1,1,1.0
91,1,974.0,613.0,96.0,180.0,1,1,1.0
91,2,1065.0,611.0,87.0,182.0,1,1,1.0
92,1,974.0,613.0,96.0,179.0,1,1,1.0
92,2,1066.0,609.0,81.0,181.0,1,1,1.0
93,1,975.0,612.0,97.0,179.0,1,1,1.0
93,2,1067.0,608.0,76.0,182.0,1,1,1.0
94,1,975.0,611.0,97.0,179.0,1,1,1.0
94,2,1067.0,607.0,72.0,183.0,1,1,1.0
95,1,975.0,610.0,96.0,177.0,1,1,1.0
95,2,1066.0,607.0,69.0,184.0,1,1,1.0
96,1,975.0,608.0,95.0,173.0,1,1,1.0
96,2,1066.0,607.0,67.0,184.0,1,1,1.0
97,1,973.0,606.0,94.0,170.0,1,1,1.0
97,2,1064.0,606.0,68.0,181.0,1,1,1.0
98,1,973.0,604.0,92.0,170.0,1,1,1.0
98,2,1061.0,605.0,71.0,175.0,1,1,1.0
99,1,974.0,603.0,89.0,170.0,1,1,1.0
99,2,1058.0,604.0,74.0,172.0,1,1,1.0
100,1,974.0,602.0,87.0,171.0,1,1,1.0
100,2,1056.0,602.0,78.0,172.0,1,1,1.0
101,1,974.0,602.0,87.0,171.0,1,1,1.0
101,2,1055.0,600.0,80.0,173.0,1,1,1.0
102,1,974.0,602.0,86.0,170.0,1,1,1.0
102,2,1054.0,599.0,81.0,175.0,1,1,1.0
103,1,973.0,602.0,86.0,169.0,1,1,1.0
103,2,1054.0,598.0,83.0,175.0,1,1,1.0
104,1,972.0,601.0,87.0,167.0,1,1,1.0
104,2,1054.0,598.0,83.0,175.0,1,1,1.0
105,1,971.0,600.0,87.0,163.0,1,1,1.0
105,2,1052.0,598.0,84.0,173.0,1,1,1.0
106,1,970.0,598.0,87.0,160.0,1,1,1.0
106,2,1052.0,598.0,83.0,172.0,1,1,1.0
107,1,971.0,596.0,86.0,161.0,1,1,1.0
107,2,1052.0,596.0,82.0,169.0,1,1,1.0
108,1,972.0,595.0,83.0,161.0,1,1,1.0
108,2,1051.0,593.0,80.0,167.0,1,1,1.0
109,1,973.0,594.0,82.0,161.0,1,1,1.0
109,2,1051.0,591.0,75.0,168.0,1,1,1.0
110,1,974.0,594.0,81.0,161.0,1,1,1.0
110,2,1050.0,589.0,70.0,168.0,1,1,1.0
111,1,974.0,594.0,81.0,161.0,1,1,1.0
111,2,1049.0,588.0,66.0,168.0,1,1,1.0
112,1,973.0,594.0,81.0,160.0,1,1,1.0
112,2,1049.0,588.0,64.0,168.0,1,1,1.0
113,1,974.0,593.0,80.0,160.0,1,1,1.0
113,2,1050.0,589.0,60.0,167.0,1,1,1.0
114,1,975.0,592.0,78.0,155.0,1,1,1.0
114,2,1049.0,589.0,59.0,166.0,1,1,1.0
115,1,975.0,590.0,75.0,153.0,1,1,1.0
115,2,1046.0,590.0,60.0,165.0,1,1,1.0
116,1,974.0,589.0,74.0,152.0,1,1,1.0
116,2,1044.0,589.0,61.0,164.0,1,1,1.0
117,1,973.0,588.0,73.0,153.0,1,1,1.0
117,2,1043.0,587.0,62.0,159.0,1,1,1.0
118,1,972.0,587.0,73.0,153.0,1,1,1.0
118,2,1042.0,585.0,62.0,158.0,1,1,1.0
119,1,972.0,587.0,74.0,153.0,1,1,1.0
119,2,1042.0,583.0,63.0,159.0,1,1,1.0
120,1,972.0,587.0,75.0,153.0,1,1,1.0
120,2,1042.0,581.0,65.0,160.0,1,1,1.0
121,1,971.0,587.0,75.0,151.0,1,1,1.0
121,2,1042.0,581.0,66.0,160.0,1,1,1.0
122,1,971.0,586.0,75.0,151.0,1,1,1.0
122,2,1041.0,582.0,68.0,160.0,1,1,1.0
123,1,970.0,585.0,74.0,146.0,1,1,1.0
123,2,1039.0,582.0,70.0,159.0,1,1,1.0
124,1,970.0,584.0,72.0,144.0,1,1,1.0
124,2,1037.0,582.0,71.0,157.0,1,1,1.0
125,1,971.0,583.0,70.0,144.0,1,1,1.0
125,2,1037.0,582.0,70.0,156.0,1,1,1.0
126,1,972.0,582.0,68.0,144.0,1,1,1.0
126,2,1036.0,581.0,68.0,152.0,1,1,1.0
127,1,973.0,582.0,68.0,144.0,1,1,1.0
127,2,1036.0,579.0,65.0,150.0,1,1,1.0
128,1,974.0,582.0,67.0,145.0,1,1,1.0
128,2,1035.0,577.0,61.0,151.0,1,1,1.0
129,1,976.0,582.0,66.0,144.0,1,1,1.0
129,2,1035.0,575.0,58.0,153.0,1,1,1.0
130,1,977.0,582.0,62.0,143.0,1,1,1.0
130,2,1035.0,575.0,57.0,153.0,1,1,1.0
131,1,977.0,580.0,60.0,143.0,1,1,1.0
131,2,1035.0,575.0,54.0,153.0,1,1,1.0
132,1,977.0,579.0,61.0,140.0,1,1,1.0
132,2,1035.0,575.0,52.0,152.0,1,1,1.0
133,1,976.0,577.0,60.0,139.0,1,1,1.0
133,2,1035.0,576.0,52.0,151.0,1,1,1.0
134,1,975.0,575.0,60.0,139.0,1,1,1.0
134,2,1033.0,576.0,54.0,151.0,1,1,1.0
135,1,973.0,575.0,60.0,140.0,1,1,1.0
135,2,1032.0,575.0,56.0,149.0,1,1,1.0
136,1,972.0,574.0,60.0,140.0,1,1,1.0
136,2,1031.0,573.0,59.0,145.0,1,1,1.0
137,1,971.0,574.0,62.0,140.0,1,1,1.0
137,2,1031.0,571.0,60.0,145.0,1,1,1.0
138,1,970.0,574.0,64.0,140.0,1,1,1.0
138,2,1031.0,569.0,60.0,146.0,1,1,1.0
139,1,969.0,574.0,66.0,140.0,1,1,1.0
139,2,1032.0,568.0,60.0,147.0,1,1,1.0
140,1,968.0,574.0,67.0,138.0,1,1,1.0
140,2,1032.0,568.0,60.0,147.0,1,1,1.0
141,1,967.0,573.0,67.0,134.0,1,1,1.0
141,2,1032.0,568.0,61.0,147.0,1,1,1.0
142,1,967.0,572.0,66.0,133.0,1,1,1.0
142,2,1031.0,569.0,62.0,146.0,1,1,1.0
143,1,968.0,571.0,65.0,134.0,1,1,1.0
143,2,1030.0,570.0,63.0,144.0,1,1,1.0
144,1,968.0,570.0,65.0,134.0,1,1,1.0
144,2,1029.0,569.0,63.0,142.0,1,1,1.0
145,1,970.0,569.0,64.0,134.0,1,1,1.0
145,2,1030.0,568.0,63.0,140.0,1,1,1.0
146,1,971.0,569.0,64.0,134.0,1,1,1.0
146,2,1031.0,567.0,62.0,137.0,1,1,1.0
147,1,971.0,569.0,64.0,134.0,1,1,1.0
147,2,1031.0,565.0,60.0,137.0,1,1,1.0
148,1,971.0,569.0,64.0,133.0,1,1,1.0
148,2,1032.0,564.0,56.0,138.0,1,1,1.0
149,1,971.0,568.0,63.0,133.0,1,1,1.0
149,2,1032.0,563.0,53.0,139.0,1,1,1.0
150,1,971.0,567.0,64.0,130.0,1,1,1.0
150,2,1031.0,563.0,51.0,140.0,1,1,1.0
151,1,970.0,565.0,63.0,129.0,1,1,1.0
151,2,1031.0,564.0,50.0,138.0,1,1,1.0
152,1,969.0,564.0,64.0,128.0,1,1,1.0
152,2,1030.0,565.0,50.0,137.0,1,1,1.0
153,1,968.0,564.0,63.0,128.0,1,1,1.0
153,2,1028.0,565.0,52.0,136.0,1,1,1.0
154,1,967.0,563.0,63.0,128.0,1,1,1.0
154,2,1026.0,565.0,53.0,135.0,1,1,1.0
155,1,966.0,563.0,64.0,128.0,1,1,1.0
155,2,1026.0,563.0,55.0,132.0,1,1,1.0
156,1,965.0,563.0,64.0,128.0,1,1,1.0
156,2,1025.0,561.0,56.0,132.0,1,1,1.0
157,1,963.0,563.0,66.0,127.0,1,1,1.0
157,2,1025.0,559.0,57.0,133.0,1,1,1.0
158,1,962.0,563.0,67.0,126.0,1,1,1.0
158,2,1025.0,558.0,57.0,135.0,1,1,1.0
159,1,960.0,561.0,67.0,125.0,1,1,1.0
159,2,1023.0,557.0,59.0,135.0,1,1,1.0
160,1,959.0,560.0,66.0,125.0,1,1,1.0
160,2,1021.0,557.0,60.0,135.0,1,1,1.0
161,1,958.0,559.0,64.0,125.0,1,1,1.0
161,2,1020.0,558.0,61.0,134.0,1,1,1.0
162,1,959.0,558.0,63.0,126.0,1,1,1.0
162,2,1020.0,559.0,61.0,133.0,1,1,1.0
163,1,959.0,558.0,63.0,126.0,1,1,1.0
163,2,1020.0,559.0,61.0,132.0,1,1,1.0
164,1,958.0,558.0,64.0,125.0,1,1,1.0
164,2,1020.0,558.0,61.0,127.0,1,1,1.0
165,1,958.0,558.0,65.0,124.0,1,1,1.0
165,2,1019.0,557.0,60.0,126.0,1,1,1.0
166,1,957.0,558.0,65.0,124.0,1,1,1.0
166,2,1019.0,556.0,56.0,127.0,1,1,1.0
167,1,957.0,557.0,65.0,122.0,1,1,1.0
167,2,1018.0,555.0,53.0,127.0,1,1,1.0
168,1,958.0,557.0,62.0,120.0,1,1,1.0
168,2,1016.0,555.0,51.0,127.0,1,1,1.0
169,1,957.0,556.0,60.0,119.0,1,1,1.0
169,2,1014.0,554.0,51.0,128.0,1,1,1.0
170,1,955.0,554.0,61.0,119.0,1,1,1.0
170,2,1012.0,553.0,50.0,128.0,1,1,1.0
171,1,953.0,554.0,61.0,120.0,1,1,1.0
171,2,1011.0,553.0,49.0,127.0,1,1,1.0
172,1,953.0,554.0,60.0,119.0,1,1,1.0
172,2,1009.0,553.0,49.0,125.0,1,1,1.0
173,1,952.0,554.0,60.0,120.0,1,1,1.0
173,2,1008.0,553.0,50.0,123.0,1,1,1.0
174,1,952.0,554.0,60.0,119.0,1,1,1.0
174,2,1008.0,552.0,51.0,122.0,1,1,1.0
175,1,951.0,554.0,60.0,118.0,1,1,1.0
175,2,1007.0,552.0,52.0,121.0,1,1,1.0
176,1,950.0,554.0,59.0,117.0,1,1,1.0
176,2,1007.0,551.0,54.0,122.0,1,1,1.0
177,1,949.0,553.0,59.0,115.0,1,1,1.0
177,2,1005.0,550.0,56.0,123.0,1,1,1.0
178,1,948.0,551.0,59.0,115.0,1,1,1.0
178,2,1004.0,549.0,57.0,123.0,1,1,1.0
179,1,947.0,551.0,59.0,115.0,1,1,1.0
179,2,1004.0,549.0,58.0,122.0,1,1,1.0
180,1,947.0,550.0,58.0,114.0,1,1,1.0
180,2,1004.0,549.0,58.0,121.0,1,1,1.0
181,1,947.0,550.0,58.0,115.0,1,1,1.0
181,2,1003.0,548.0,58.0,118.0,1,1,1.0
182,1,947.0,550.0,57.0,115.0,1,1,1.0
182,2,1003.0,547.0,56.0,117.0,1,1,1.0
183,1,948.0,550.0,56.0,114.0,1,1,1.0
183,2,1002.0,546.0,54.0,118.0,1,1,1.0
184,1,948.0,550.0,56.0,114.0,1,1,1.0
184,2,1000.0,545.0,50.0,119.0,1,1,1.0
185,1,947.0,549.0,56.0,114.0,1,1,1.0
185,2,1000.0,544.0,47.0,119.0,1,1,1.0
186,1,945.0,549.0,56.0,111.0,1,1,1.0
186,2,999.0,544.0,45.0,119.0,1,1,1.0
187,1,945.0,547.0,56.0,111.0,1,1,1.0
187,2,998.0,545.0,44.0,118.0,1,1,1.0
188,1,943.0,546.0,56.0,111.0,1,1,1.0
188,2,997.0,546.0,43.0,117.0,1,1,1.0
189,1,941.0,545.0,57.0,112.0,1,1,1.0
189,2,996.0,546.0,43.0,116.0,1,1,1.0
190,1,940.0,545.0,58.0,112.0,1,1,1.0
190,2,995.0,545.0,44.0,114.0,1,1,1.0
191,1,940.0,545.0,58.0,112.0,1,1,1.0
191,2,994.0,543.0,46.0,114.0,1,1,1.0
192,1,939.0,546.0,59.0,111.0,1,1,1.0
192,2,994.0,542.0,47.0,114.0,1,1,1.0
193,1,939.0,546.0,58.0,110.0,1,1,1.0
193,2,993.0,541.0,48.0,115.0,1,1,1.0
194,1,938.0,546.0,58.0,109.0,1,1,1.0
194,2,993.0,540.0,49.0,115.0,1,1,1.0
195,1,936.0,545.0,59.0,108.0,1,1,1.0
195,2,992.0,540.0,49.0,116.0,1,1,1.0
196,1,935.0,543.0,58.0,107.0,1,1,1.0
196,2,990.0,541.0,50.0,115.0,1,1,1.0
197,1,934.0,542.0,57.0,107.0,1,1,1.0
197,2,988.0,542.0,51.0,114.0,1,1,1.0
198,1,933.0,542.0,58.0,107.0,1,1,1.0
198,2,988.0,542.0,52.0,114.0,1,1,1.0
199,1,933.0,542.0,59.0,108.0,1,1,1.0
199,2,988.0,541.0,52.0,112.0,1,1,1.0
200,1,933.0,542.0,58.0,108.0,1,1,1.0
200,2,988.0,540.0,50.0,111.0,1,1,1.0
201,1,933.0,542.0,56.0,108.0,1,1,1.0
201,2,988.0,539.0,49.0,111.0,1,1,1.0
202,1,933.0,542.0,55.0,107.0,1,1,1.0
202,2,987.0,538.0,47.0,112.0,1,1,1.0
203,1,933.0,542.0,54.0,106.0,1,1,1.0
203,2,987.0,537.0,44.0,112.0,1,1,1.0
204,1,933.0,542.0,54.0,104.0,1,1,1.0
204,2,987.0,537.0,42.0,112.0,1,1,1.0
205,1,934.0,541.0,54.0,103.0,1,1,1.0
205,2,987.0,538.0,41.0,112.0,1,1,1.0
206,1,934.0,541.0,54.0,103.0,1,1,1.0
206,2,985.0,538.0,41.0,111.0,1,1,1.0
207,1,933.0,540.0,54.0,103.0,1,1,1.0
207,2,985.0,538.0,41.0,110.0,1,1,1.0
208,1,933.0,539.0,54.0,103.0,1,1,1.0
208,2,984.0,538.0,41.0,110.0,1,1,1.0
209,1,932.0,540.0,54.0,103.0,1,1,1.0
209,2,983.0,538.0,41.0,107.0,1,1,1.0
210,1,932.0,540.0,54.0,103.0,1,1,1.0
210,2,983.0,536.0,42.0,106.0,1,1,1.0
211,1,932.0,540.0,55.0,102.0,1,1,1.0
211,2,982.0,535.0,43.0,107.0,1,1,1.0
212,1,932.0,540.0,54.0,102.0,1,1,1.0
212,2,982.0,534.0,44.0,108.0,1,1,1.0
213,1,931.0,539.0,52.0,100.0,1,1,1.0
213,2,980.0,533.0,45.0,108.0,1,1,1.0
214,1,930.0,538.0,51.0,100.0,1,1,1.0
214,2,979.0,533.0,47.0,108.0,1,1,1.0
215,1,930.0,537.0,49.0,101.0,1,1,1.0
215,2,978.0,534.0,47.0,107.0,1,1,1.0
216,1,930.0,537.0,47.0,101.0,1,1,1.0
216,2,977.0,535.0,49.0,106.0,1,1,1.0
217,1,931.0,536.0,45.0,102.0,1,1,1.0
217,2,977.0,535.0,49.0,106.0,1,1,1.0
218,1,932.0,536.0,43.0,101.0,1,1,1.0
218,2,977.0,534.0,48.0,105.0,1,1,1.0
219,1,933.0,536.0,43.0,100.0,1,1,1.0
219,2,977.0,533.0,46.0,103.0,1,1,1.0
220,1,934.0,536.0,44.0,100.0,1,1,1.0
220,2,978.0,532.0,45.0,104.0,1,1,1.0
221,1,935.0,536.0,44.0,99.0,1,1,1.0
221,2,979.0,531.0,42.0,105.0,1,1,1.0
222,1,935.0,536.0,44.0,98.0,1,1,1.0
222,2,980.0,530.0,39.0,105.0,1,1,1.0
223,1,935.0,535.0,42.0,97.0,1,1,1.0
223,2,981.0,530.0,39.0,105.0,1,1,1.0
224,1,935.0,534.0,43.0,97.0,1,1,1.0
224,2,980.0,531.0,37.0,104.0,1,1,1.0
225,1,933.0,533.0,43.0,98.0,1,1,1.0
225,2,978.0,532.0,38.0,103.0,1,1,1.0
226,1,933.0,533.0,43.0,98.0,1,1,1.0
226,2,977.0,532.0,39.0,102.0,1,1,1.0
227,1,932.0,533.0,44.0,97.0,1,1,1.0
227,2,977.0,532.0,39.0,100.0,1,1,1.0
228,1,932.0,533.0,45.0,97.0,1,1,1.0
228,2,977.0,531.0,39.0,99.0,1,1,1.0
229,1,932.0,533.0,45.0,97.0,1,1,1.0
229,2,977.0,530.0,39.0,99.0,1,1,1.0
230,1,932.0,533.0,45.0,96.0,1,1,1.0
230,2,977.0,529.0,39.0,100.0,1,1,1.0
231,1,932.0,532.0,45.0,95.0,1,1,1.0
231,2,977.0,529.0,40.0,101.0,1,1,1.0
232,1,931.0,531.0,48.0,95.0,1,1,1.0
232,2,977.0,528.0,41.0,101.0,1,1,1.0
233,1,932.0,530.0,46.0,96.0,1,1,1.0
233,2,976.0,529.0,43.0,101.0,1,1,1.0
234,1,933.0,530.0,43.0,96.0,1,1,1.0
234,2,975.0,529.0,45.0,100.0,1,1,1.0
235,1,934.0,530.0,41.0,96.0,1,1,1.0
235,2,975.0,530.0,46.0,100.0,1,1,1.0
236,1,934.0,529.0,40.0,96.0,1,1,1.0
236,2,974.0,530.0,47.0,99.0,1,1,1.0
237,1,934.0,529.0,40.0,95.0,1,1,1.0
237,2,974.0,530.0,48.0,99.0,1,1,1.0
238,1,935.0,530.0,41.0,95.0,1,1,1.0
238,2,976.0,529.0,47.0,99.0,1,1,1.0
239,1,935.0,530.0,42.0,94.0,1,1,1.0
239,2,978.0,528.0,45.0,99.0,1,1,1.0
240,1,936.0,529.0,42.0,93.0,1,1,1.0
240,2,979.0,527.0,44.0,99.0,1,1,1.0
241,1,937.0,529.0,41.0,92.0,1,1,1.0
241,2,981.0,526.0,42.0,99.0,1,1,1.0
242,1,937.0,528.0,42.0,91.0,1,1,1.0
242,2,981.0,526.0,40.0,99.0,1,1,1.0
243,1,937.0,528.0,42.0,91.0,1,1,1.0
243,2,982.0,526.0,38.0,99.0,1,1,1.0
244,1,937.0,528.0,43.0,91.0,1,1,1.0
244,2,983.0,526.0,37.0,99.0,1,1,1.0
245,1,937.0,527.0,44.0,91.0,1,1,1.0
245,2,983.0,527.0,36.0,99.0,1,1,1.0
246,1,937.0,528.0,43.0,91.0,1,1,1.0
246,2,983.0,527.0,36.0,98.0,1,1,1.0
247,1,937.0,528.0,42.0,91.0,1,1,1.0
247,2,982.0,527.0,36.0,97.0,1,1,1.0
248,1,937.0,528.0,42.0,90.0,1,1,1.0
248,2,981.0,526.0,37.0,96.0,1,1,1.0
249,1,936.0,528.0,42.0,90.0,1,1,1.0
249,2,981.0,525.0,37.0,95.0,1,1,1.0
250,1,936.0,527.0,42.0,89.0,1,1,1.0
250,2,980.0,524.0,39.0,96.0,1,1,1.0
251,1,936.0,526.0,42.0,89.0,1,1,1.0
251,2,979.0,523.0,39.0,96.0,1,1,1.0
252,1,938.0,526.0,40.0,89.0,1,1,1.0
252,2,979.0,523.0,40.0,96.0,1,1,1.0
253,1,940.0,525.0,39.0,89.0,1,1,1.0
253,2,978.0,523.0,40.0,95.0,1,1,1.0
254,1,942.0,525.0,37.0,89.0,1,1,1.0
254,2,978.0,524.0,41.0,95.0,1,1,1.0
255,1,944.0,526.0,36.0,88.0,1,1,1.0
255,2,980.0,524.0,39.0,94.0,1,1,1.0
256,1,946.0,526.0,35.0,88.0,1,1,1.0
256,2,981.0,525.0,37.0,94.0,1,1,1.0
257,1,946.0,526.0,36.0,88.0,1,1,1.0
257,2,982.0,525.0,36.0,94.0,1,1,1.0
258,1,947.0,526.0,35.0,87.0,1,1,1.0
258,2,983.0,524.0,36.0,93.0,1,1,1.0
259,1,949.0,525.0,34.0,86.0,1,1,1.0
259,2,984.0,524.0,35.0,92.0,1,1,1.0
260,1,951.0,524.0,33.0,86.0,1,1,1.0
260,2,984.0,522.0,34.0,92.0,1,1,1.0
261,1,954.0,524.0,31.0,85.0,1,1,1.0
261,2,985.0,521.0,34.0,93.0,1,1,1.0
262,1,957.0,524.0,31.0,85.0,1,1,1.0
262,2,986.0,521.0,33.0,94.0,1,1,1.0
263,1,958.0,524.0,31.0,86.0,1,1,1.0
263,2,987.0,520.0,33.0,94.0,1,1,1.0
264,1,959.0,524.0,32.0,85.0,1,1,1.0
264,2,988.0,520.0,34.0,94.0,1,1,1.0
265,1,961.0,525.0,32.0,85.0,1,1,1.0
265,2,988.0,521.0,34.0,93.0,1,1,1.0
266,1,963.0,525.0,32.0,85.0,1,1,1.0
266,2,989.0,522.0,33.0,93.0,1,1,1.0
267,1,966.0,525.0,31.0,84.0,1,1,1.0
267,2,990.0,523.0,32.0,91.0,1,1,1.0
268,1,972.0,525.0,27.0,82.0,1,1,1.0
268,2,991.0,523.0,31.0,89.0,1,1,1.0
269,1,976.0,529.0,22.0,77.0,1,1,1.0
269,2,992.0,523.0,30.0,88.0,1,1,1.0
270,1,977.0,532.0,22.0,74.0,1,1,1.0
270,2,992.0,522.0,30.0,89.0,1,1,1.0
271,2,992.0,521.0,30.0,90.0,1,1,1.0
273,2,985.0,520.0,42.0,90.0,1,1,1.0
274,2,984.0,521.0,46.0,90.0,1,1,1.0
275,2,986.0,522.0,46.0,89.0,1,1,1.0
277,2,993.0,522.0,42.0,89.0,1,1,1.0
278,2,996.0,522.0,40.0,90.0,1,1,1.0
279,2,1000.0,521.0,40.0,90.0,1,1,1.0
280,2,1005.0,521.0,38.0,90.0,1,1,1.0
281,2,1010.0,521.0,33.0,90.0,1,1,1.0
284,2,1020.0,522.0,41.0,89.0,1,1,1.0
285,2,1021.0,523.0,44.0,88.0,1,1,1.0
286,2,1021.0,524.0,47.0,88.0,1,1,1.0
287,2,1022.0,524.0,47.0,88.0,1,1,1.0
288,2,1024.0,524.0,47.0,89.0,1,1,1.0
289,2,1029.0,523.0,45.0,89.0,1,1,1.0
290,2,1035.0,522.0,38.0,90.0,1,1,1.0
295,2,1055.0,522.0,45.0,92.0,1,1,1.0
297,2,1060.0,524.0,42.0,91.0,1,1,1.0
298,2,1065.0,524.0,37.0,91.0,1,1,1.0
299,2,1072.0,524.0,29.0,90.0,1,1,1.0
301,3,1097.0,533.0,26.0,81.0,1,1,1.0
302,3,1098.0,534.0,26.0,81.0,1,1,1.0
302,2,1083.0,523.0,26.0,92.0,1,1,1.0
303,3,1101.0,533.0,25.0,82.0,1,1,1.0
303,2,1085.0,523.0,27.0,93.0,1,1,1.0
305,3,1107.0,531.0,29.0,85.0,1,1,1.0
305,2,1091.0,525.0,28.0,92.0,1,1,1.0
306,3,1109.0,530.0,34.0,87.0,1,1,1.0
306,2,1092.0,525.0,34.0,92.0,1,1,1.0
307,3,1112.0,530.0,36.0,88.0,1,1,1.0
307,2,1094.0,526.0,37.0,91.0,1,1,1.0
308,3,1116.0,530.0,38.0,88.0,1,1,1.0
308,2,1098.0,526.0,35.0,91.0,1,1,1.0
310,3,1124.0,530.0,39.0,89.0,1,1,1.0
310,2,1110.0,525.0,29.0,93.0,1,1,1.0
313,3,1138.0,529.0,28.0,89.0,1,1,1.0
313,2,1116.0,526.0,32.0,93.0,1,1,1.0
314,3,1140.0,528.0,28.0,93.0,1,1,1.0
314,2,1118.0,527.0,35.0,92.0,1,1,1.0
315,3,1144.0,528.0,29.0,92.0,1,1,1.0
315,2,1120.0,528.0,35.0,91.0,1,1,1.0
316,3,1148.0,529.0,30.0,90.0,1,1,1.0
316,2,1122.0,529.0,38.0,92.0,1,1,1.0
317,3,1151.0,529.0,34.0,91.0,1,1,1.0
317,2,1125.0,529.0,38.0,93.0,1,1,1.0
318,3,1156.0,529.0,32.0,92.0,1,1,1.0
318,2,1130.0,529.0,36.0,94.0,1,1,1.0
319,3,1158.0,530.0,33.0,92.0,1,1,1.0
319,2,1136.0,528.0,33.0,96.0,1,1,1.0
320,3,1164.0,530.0,28.0,92.0,1,1,1.0
320,2,1141.0,528.0,30.0,97.0,1,1,1.0
321,3,1164.0,530.0,29.0,92.0,1,1,1.0
321,2,1145.0,527.0,29.0,97.0,1,1,1.0
322,3,1165.0,530.0,31.0,93.0,1,1,1.0
322,2,1147.0,527.0,29.0,98.0,1,1,1.0
323,3,1170.0,529.0,33.0,95.0,1,1,1.0
323,2,1147.0,527.0,32.0,98.0,1,1,1.0
324,3,1175.0,529.0,32.0,96.0,1,1,1.0
324,2,1148.0,528.0,34.0,97.0,1,1,1.0
325,3,1178.0,530.0,31.0,95.0,1,1,1.0
326,3,1181.0,531.0,33.0,95.0,1,1,1.0
326,2,1151.0,530.0,39.0,96.0,1,1,1.0
327,3,1183.0,532.0,33.0,95.0,1,1,1.0
327,2,1152.0,531.0,41.0,96.0,1,1,1.0
328,3,1184.0,532.0,35.0,95.0,1,1,1.0
328,2,1155.0,531.0,40.0,96.0,1,1,1.0
329,3,1184.0,532.0,37.0,96.0,1,1,1.0
329,2,1160.0,530.0,38.0,96.0,1,1,1.0
330,3,1190.0,532.0,36.0,96.0,1,1,1.0
330,2,1168.0,530.0,34.0,97.0,1,1,1.0
331,3,1197.0,530.0,34.0,98.0,1,1,1.0
331,2,1174.0,529.0,30.0,99.0,1,1,1.0
332,3,1201.0,530.0,32.0,97.0,1,1,1.0
332,2,1177.0,529.0,30.0,100.0,1,1,1.0
333,3,1203.0,531.0,33.0,96.0,1,1,1.0
333,2,1178.0,530.0,34.0,99.0,1,1,1.0
334,3,1205.0,532.0,37.0,96.0,1,1,1.0
334,2,1180.0,531.0,35.0,98.0,1,1,1.0
335,3,1206.0,534.0,45.0,96.0,1,1,1.0
335,2,1181.0,533.0,36.0,96.0,1,1,1.0
336,3,1207.0,534.0,47.0,96.0,1,1,1.0
336,2,1182.0,534.0,39.0,96.0,1,1,1.0
337,3,1212.0,535.0,43.0,96.0,1,1,1.0
337,2,1185.0,533.0,39.0,97.0,1,1,1.0
338,3,1218.0,535.0,39.0,96.0,1,1,1.0
338,2,1190.0,533.0,38.0,98.0,1,1,1.0
339,3,1224.0,534.0,36.0,96.0,1,1,1.0
339,2,1197.0,532.0,35.0,100.0,1,1,1.0
340,3,1229.0,534.0,39.0,96.0,1,1,1.0
340,2,1202.0,531.0,32.0,101.0,1,1,1.0
341,3,1232.0,533.0,39.0,98.0,1,1,1.0
341,2,1206.0,531.0,31.0,102.0,1,1,1.0
342,3,1237.0,532.0,36.0,97.0,1,1,1.0
342,2,1208.0,531.0,35.0,101.0,1,1,1.0
343,3,1240.0,533.0,37.0,96.0,1,1,1.0
343,2,1209.0,533.0,39.0,100.0,1,1,1.0
344,3,1242.0,534.0,37.0,97.0,1,1,1.0
344,2,1210.0,534.0,42.0,99.0,1,1,1.0
345,3,1246.0,533.0,35.0,97.0,1,1,1.0
345,2,1212.0,535.0,43.0,99.0,1,1,1.0
346,3,1249.0,534.0,34.0,96.0,1,1,1.0
346,2,1213.0,536.0,43.0,98.0,1,1,1.0
347,3,1254.0,535.0,34.0,91.0,1,1,1.0
347,2,1215.0,536.0,44.0,98.0,1,1,1.0
348,3,1259.0,536.0,32.0,89.0,1,1,1.0
349,3,1263.0,536.0,31.0,89.0,1,1,1.0
349,2,1227.0,534.0,38.0,100.0,1,1,1.0
350,3,1269.0,535.0,30.0,89.0,1,1,1.0
350,2,1235.0,533.0,34.0,102.0,1,1,1.0
351,3,1272.0,538.0,31.0,86.0,1,1,1.0
351,2,1240.0,533.0,34.0,101.0,1,1,1.0
352,3,1274.0,538.0,33.0,87.0,1,1,1.0
352,2,1241.0,532.0,37.0,102.0,1,1,1.0
353,3,1274.0,539.0,43.0,91.0,1,1,1.0
353,2,1244.0,533.0,36.0,101.0,1,1,1.0
354,3,1278.0,539.0,44.0,96.0,1,1,1.0
354,2,1246.0,535.0,36.0,100.0,1,1,1.0
355,3,1281.0,540.0,44.0,98.0,1,1,1.0
355,2,1250.0,537.0,33.0,91.0,1,1,1.0
356,3,1286.0,541.0,41.0,98.0,1,1,1.0
356,2,1255.0,538.0,32.0,87.0,1,1,1.0
357,3,1292.0,541.0,37.0,98.0,1,1,1.0
358,3,1298.0,541.0,35.0,98.0,1,1,1.0
358,2,1264.0,538.0,32.0,86.0,1,1,1.0
359,3,1303.0,541.0,35.0,100.0,1,1,1.0
359,2,1269.0,537.0,32.0,86.0,1,1,1.0
360,3,1306.0,541.0,33.0,100.0,1,1,1.0
360,2,1273.0,538.0,32.0,84.0,1,1,1.0
361,3,1309.0,542.0,36.0,99.0,1,1,1.0
361,2,1275.0,537.0,35.0,87.0,1,1,1.0
362,3,1311.0,543.0,40.0,98.0,1,1,1.0
362,2,1277.0,537.0,36.0,88.0,1,1,1.0
363,3,1315.0,543.0,41.0,100.0,1,1,1.0
363,2,1281.0,538.0,40.0,99.0,1,1,1.0
364,3,1319.0,544.0,39.0,100.0,1,1,1.0
364,2,1284.0,539.0,40.0,103.0,1,1,1.0
365,3,1325.0,545.0,37.0,100.0,1,1,1.0
365,2,1289.0,541.0,40.0,102.0,1,1,1.0
366,3,1330.0,543.0,37.0,102.0,1,1,1.0
366,2,1295.0,541.0,36.0,103.0,1,1,1.0
367,3,1335.0,543.0,35.0,103.0,1,1,1.0
367,2,1300.0,542.0,34.0,104.0,1,1,1.0
368,3,1340.0,542.0,33.0,103.0,1,1,1.0
368,2,1304.0,542.0,32.0,105.0,1,1,1.0
369,3,1342.0,544.0,37.0,102.0,1,1,1.0
369,2,1307.0,541.0,31.0,105.0,1,1,1.0
370,3,1343.0,543.0,44.0,102.0,1,1,1.0
370,2,1310.0,541.0,31.0,107.0,1,1,1.0
371,3,1344.0,544.0,50.0,101.0,1,1,1.0
371,2,1312.0,541.0,35.0,107.0,1,1,1.0
372,3,1345.0,545.0,52.0,102.0,1,1,1.0
372,2,1314.0,541.0,41.0,106.0,1,1,1.0
373,3,1348.0,547.0,51.0,101.0,1,1,1.0
373,2,1316.0,543.0,41.0,104.0,1,1,1.0
374,3,1352.0,548.0,49.0,101.0,1,1,1.0
374,2,1317.0,544.0,41.0,103.0,1,1,1.0
375,3,1360.0,548.0,46.0,102.0,1,1,1.0
375,2,1319.0,545.0,43.0,105.0,1,1,1.0
376,3,1368.0,548.0,41.0,101.0,1,1,1.0
376,2,1322.0,545.0,45.0,106.0,1,1,1.0
377,3,1374.0,548.0,37.0,102.0,1,1,1.0
377,2,1328.0,545.0,42.0,107.0,1,1,1.0
378,3,1379.0,548.0,35.0,102.0,1,1,1.0
378,2,1337.0,543.0,35.0,109.0,1,1,1.0
379,3,1383.0,548.0,37.0,101.0,1,1,1.0
379,2,1343.0,542.0,33.0,110.0,1,1,1.0
380,3,1386.0,549.0,40.0,101.0,1,1,1.0
380,2,1346.0,543.0,33.0,109.0,1,1,1.0
381,3,1388.0,550.0,42.0,102.0,1,1,1.0
381,2,1349.0,544.0,37.0,109.0,1,1,1.0
382,3,1391.0,550.0,47.0,103.0,1,1,1.0
382,2,1351.0,544.0,43.0,109.0,1,1,1.0
383,3,1396.0,551.0,40.0,103.0,1,1,1.0
383,2,1352.0,546.0,46.0,107.0,1,1,1.0
384,3,1401.0,551.0,39.0,103.0,1,1,1.0
384,2,1352.0,547.0,48.0,106.0,1,1,1.0
385,3,1404.0,550.0,38.0,105.0,1,1,1.0
385,2,1354.0,548.0,50.0,106.0,1,1,1.0
386,3,1408.0,551.0,38.0,104.0,1,1,1.0
386,2,1356.0,549.0,50.0,106.0,1,1,1.0
387,3,1411.0,551.0,42.0,104.0,1,1,1.0
387,2,1362.0,549.0,46.0,106.0,1,1,1.0
388,3,1414.0,552.0,47.0,104.0,1,1,1.0
388,2,1370.0,549.0,41.0,107.0,1,1,1.0
389,3,1416.0,553.0,51.0,103.0,1,1,1.0
389,2,1377.0,549.0,36.0,106.0,1,1,1.0
390,3,1417.0,555.0,53.0,102.0,1,1,1.0
390,2,1380.0,549.0,37.0,108.0,1,1,1.0
391,3,1418.0,556.0,48.0,114.0,1,1,1.0
392,3,1420.0,558.0,45.0,118.0,1,1,1.0
392,4,1470.0,565.0,44.0,113.0,1,1,1.0
393,3,1419.0,559.0,44.0,120.0,1,1,1.0
393,4,1469.0,566.0,45.0,115.0,1,1,1.0
394,3,1417.0,560.0,45.0,121.0,1,1,1.0
394,4,1467.0,567.0,47.0,114.0,1,1,1.0
395,3,1416.0,561.0,47.0,121.0,1,1,1.0
395,4,1465.0,570.0,49.0,113.0,1,1,1.0
396,3,1416.0,561.0,45.0,121.0,1,1,1.0
396,4,1463.0,571.0,52.0,114.0,1,1,1.0
397,3,1413.0,560.0,49.0,122.0,1,1,1.0
397,4,1462.0,570.0,51.0,114.0,1,1,1.0
398,3,1413.0,560.0,48.0,122.0,1,1,1.0
398,4,1459.0,570.0,52.0,115.0,1,1,1.0
399,3,1412.0,559.0,45.0,123.0,1,1,1.0
399,4,1455.0,569.0,52.0,115.0,1,1,1.0
400,3,1411.0,559.0,44.0,122.0,1,1,1.0
400,4,1453.0,569.0,50.0,115.0,1,1,1.0
401,3,1410.0,560.0,44.0,121.0,1,1,1.0
401,4,1453.0,569.0,47.0,115.0,1,1,1.0
402,3,1407.0,561.0,45.0,121.0,1,1,1.0
402,4,1451.0,571.0,46.0,113.0,1,1,1.0
403,3,1404.0,563.0,47.0,121.0,1,1,1.0
403,4,1448.0,573.0,46.0,114.0,1,1,1.0
404,3,1402.0,564.0,46.0,121.0,1,1,1.0
404,4,1446.0,575.0,47.0,113.0,1,1,1.0
405,3,1399.0,566.0,46.0,121.0,1,1,1.0
405,4,1443.0,575.0,48.0,114.0,1,1,1.0
406,3,1397.0,566.0,45.0,121.0,1,1,1.0
406,4,1440.0,574.0,48.0,115.0,1,1,1.0
407,3,1394.0,567.0,45.0,121.0,1,1,1.0
407,4,1439.0,574.0,46.0,116.0,1,1,1.0
408,3,1392.0,565.0,45.0,123.0,1,1,1.0
408,4,1438.0,574.0,44.0,116.0,1,1,1.0
409,3,1390.0,564.0,45.0,123.0,1,1,1.0
409,4,1435.0,575.0,43.0,115.0,1,1,1.0
410,3,1388.0,564.0,45.0,124.0,1,1,1.0
410,4,1432.0,575.0,45.0,117.0,1,1,1.0
411,3,1385.0,564.0,45.0,124.0,1,1,1.0
411,4,1430.0,574.0,46.0,117.0,1,1,1.0
412,3,1382.0,565.0,46.0,125.0,1,1,1.0
412,4,1428.0,575.0,49.0,118.0,1,1,1.0
413,3,1379.0,566.0,46.0,126.0,1,1,1.0
413,4,1426.0,576.0,51.0,120.0,1,1,1.0
414,3,1374.0,568.0,47.0,125.0,1,1,1.0
414,4,1422.0,576.0,52.0,121.0,1,1,1.0
415,3,1373.0,569.0,46.0,125.0,1,1,1.0
415,4,1419.0,578.0,51.0,121.0,1,1,1.0
416,3,1371.0,570.0,45.0,125.0,1,1,1.0
416,4,1416.0,577.0,48.0,121.0,1,1,1.0
417,3,1368.0,569.0,45.0,126.0,1,1,1.0
417,4,1413.0,577.0,45.0,121.0,1,1,1.0
418,3,1368.0,568.0,41.0,127.0,1,1,1.0
418,4,1410.0,577.0,42.0,121.0,1,1,1.0
419,3,1365.0,568.0,42.0,127.0,1,1,1.0
419,4,1407.0,577.0,42.0,121.0,1,1,1.0
420,3,1362.0,566.0,42.0,129.0,1,1,1.0
420,4,1401.0,578.0,46.0,122.0,1,1,1.0
421,3,1357.0,565.0,43.0,130.0,1,1,1.0
421,4,1397.0,579.0,47.0,121.0,1,1,1.0
422,3,1349.0,567.0,49.0,129.0,1,1,1.0
422,4,1393.0,581.0,50.0,120.0,1,1,1.0
423,3,1343.0,568.0,51.0,130.0,1,1,1.0
423,4,1390.0,581.0,50.0,121.0,1,1,1.0
424,3,1341.0,569.0,51.0,130.0,1,1,1.0
424,4,1388.0,581.0,50.0,122.0,1,1,1.0
425,3,1340.0,571.0,50.0,129.0,1,1,1.0
425,4,1386.0,580.0,49.0,123.0,1,1,1.0
426,3,1338.0,571.0,48.0,129.0,1,1,1.0
426,4,1384.0,580.0,46.0,123.0,1,1,1.0
427,3,1332.0,570.0,48.0,130.0,1,1,1.0
427,4,1380.0,580.0,44.0,124.0,1,1,1.0
428,3,1327.0,570.0,48.0,130.0,1,1,1.0
428,4,1376.0,580.0,47.0,126.0,1,1,1.0
429,3,1323.0,568.0,48.0,132.0,1,1,1.0
429,4,1373.0,581.0,49.0,128.0,1,1,1.0
430,3,1319.0,568.0,49.0,132.0,1,1,1.0
430,4,1369.0,582.0,53.0,128.0,1,1,1.0
431,3,1315.0,570.0,49.0,134.0,1,1,1.0
432,3,1308.0,571.0,52.0,135.0,1,1,1.0
432,4,1360.0,583.0,58.0,128.0,1,1,1.0
433,3,1300.0,572.0,59.0,135.0,1,1,1.0
433,4,1356.0,584.0,57.0,128.0,1,1,1.0
434,3,1299.0,573.0,56.0,133.0,1,1,1.0
434,4,1351.0,583.0,56.0,129.0,1,1,1.0
435,3,1298.0,574.0,52.0,133.0,1,1,1.0
435,4,1347.0,584.0,53.0,128.0,1,1,1.0
436,3,1296.0,573.0,49.0,134.0,1,1,1.0
436,4,1344.0,584.0,49.0,128.0,1,1,1.0
437,3,1295.0,573.0,47.0,134.0,1,1,1.0
437,4,1341.0,584.0,48.0,128.0,1,1,1.0
438,3,1290.0,572.0,47.0,135.0,1,1,1.0
438,4,1335.0,584.0,51.0,129.0,1,1,1.0
439,3,1287.0,571.0,47.0,136.0,1,1,1.0
439,4,1327.0,586.0,57.0,129.0,1,1,1.0
440,3,1278.0,572.0,52.0,136.0,1,1,1.0
440,4,1322.0,586.0,61.0,130.0,1,1,1.0
441,3,1271.0,573.0,55.0,138.0,1,1,1.0
441,4,1319.0,586.0,61.0,131.0,1,1,1.0
442,3,1267.0,575.0,56.0,138.0,1,1,1.0
442,4,1315.0,586.0,59.0,131.0,1,1,1.0
443,3,1267.0,575.0,55.0,137.0,1,1,1.0
443,4,1311.0,585.0,57.0,132.0,1,1,1.0
444,3,1266.0,576.0,53.0,137.0,1,1,1.0
444,4,1310.0,584.0,51.0,133.0,1,1,1.0
445,3,1263.0,575.0,52.0,137.0,1,1,1.0
445,4,1305.0,584.0,51.0,134.0,1,1,1.0
446,3,1256.0,575.0,53.0,137.0,1,1,1.0
446,4,1300.0,585.0,54.0,136.0,1,1,1.0
447,4,1297.0,586.0,57.0,137.0,1,1,1.0
448,3,1248.0,575.0,51.0,139.0,1,1,1.0
448,4,1291.0,587.0,62.0,137.0,1,1,1.0
449,3,1246.0,576.0,48.0,140.0,1,1,1.0
449,4,1287.0,588.0,54.0,137.0,1,1,1.0
450,3,1237.0,577.0,53.0,142.0,1,1,1.0
450,4,1284.0,589.0,59.0,137.0,1,1,1.0
451,3,1231.0,579.0,57.0,139.0,1,1,1.0
451,4,1278.0,590.0,63.0,137.0,1,1,1.0
452,3,1225.0,581.0,59.0,138.0,1,1,1.0
452,4,1275.0,589.0,57.0,138.0,1,1,1.0
453,3,1222.0,582.0,58.0,139.0,1,1,1.0
453,4,1270.0,589.0,57.0,138.0,1,1,1.0
454,3,1218.0,581.0,57.0,140.0,1,1,1.0
454,4,1264.0,588.0,55.0,138.0,1,1,1.0
455,3,1217.0,581.0,54.0,140.0,1,1,1.0
455,4,1260.0,589.0,51.0,138.0,1,1,1.0
456,3,1215.0,578.0,52.0,145.0,1,1,1.0
456,4,1254.0,590.0,53.0,138.0,1,1,1.0
457,3,1215.0,577.0,48.0,144.0,1,1,1.0
457,4,1248.0,591.0,61.0,137.0,1,1,1.0
458,3,1212.0,577.0,46.0,144.0,1,1,1.0
458,4,1242.0,592.0,66.0,136.0,1,1,1.0
459,3,1201.0,577.0,53.0,144.0,1,1,1.0
459,4,1240.0,594.0,64.0,134.0,1,1,1.0
460,4,1236.0,594.0,62.0,135.0,1,1,1.0
461,3,1189.0,580.0,54.0,144.0,1,1,1.0
461,4,1232.0,594.0,60.0,135.0,1,1,1.0
462,3,1187.0,582.0,51.0,143.0,1,1,1.0
462,4,1226.0,593.0,56.0,136.0,1,1,1.0
463,3,1186.0,582.0,52.0,144.0,1,1,1.0
463,4,1222.0,593.0,52.0,139.0,1,1,1.0
464,3,1183.0,583.0,54.0,143.0,1,1,1.0
464,4,1217.0,593.0,56.0,142.0,1,1,1.0
465,3,1178.0,582.0,52.0,144.0,1,1,1.0
465,4,1212.0,594.0,60.0,144.0,1,1,1.0
466,3,1168.0,580.0,55.0,146.0,1,1,1.0
466,4,1207.0,596.0,65.0,146.0,1,1,1.0
467,3,1161.0,580.0,55.0,146.0,1,1,1.0
467,4,1204.0,596.0,67.0,146.0,1,1,1.0
468,3,1153.0,581.0,57.0,148.0,1,1,1.0
468,4,1199.0,597.0,68.0,146.0,1,1,1.0
469,3,1146.0,583.0,61.0,150.0,1,1,1.0
469,4,1194.0,597.0,70.0,146.0,1,1,1.0
470,3,1140.0,585.0,65.0,149.0,1,1,1.0
470,4,1189.0,598.0,67.0,145.0,1,1,1.0
471,3,1133.0,586.0,69.0,149.0,1,1,1.0
471,4,1185.0,597.0,62.0,146.0,1,1,1.0
472,3,1128.0,587.0,68.0,148.0,1,1,1.0
472,4,1180.0,597.0,58.0,146.0,1,1,1.0
473,3,1125.0,588.0,62.0,147.0,1,1,1.0
473,4,1177.0,597.0,55.0,147.0,1,1,1.0
474,3,1123.0,588.0,58.0,147.0,1,1,1.0
474,4,1169.0,598.0,62.0,147.0,1,1,1.0
475,3,1122.0,589.0,54.0,147.0,1,1,1.0
475,4,1163.0,599.0,66.0,147.0,1,1,1.0
476,3,1121.0,589.0,51.0,147.0,1,1,1.0
476,4,1157.0,600.0,71.0,148.0,1,1,1.0
477,3,1110.0,588.0,56.0,147.0,1,1,1.0
477,4,1154.0,601.0,70.0,148.0,1,1,1.0
478,3,1099.0,588.0,64.0,150.0,1,1,1.0
478,4,1151.0,600.0,66.0,150.0,1,1,1.0
479,3,1093.0,587.0,69.0,152.0,1,1,1.0
479,4,1147.0,600.0,64.0,150.0,1,1,1.0
480,3,1090.0,587.0,70.0,154.0,1,1,1.0
480,4,1142.0,600.0,61.0,151.0,1,1,1.0
481,3,1089.0,587.0,69.0,155.0,1,1,1.0
481,4,1135.0,600.0,61.0,152.0,1,1,1.0
482,3,1088.0,586.0,64.0,156.0,1,1,1.0
482,4,1129.0,600.0,63.0,154.0,1,1,1.0
483,3,1081.0,586.0,62.0,156.0,1,1,1.0
483,4,1123.0,601.0,67.0,154.0,1,1,1.0
484,3,1072.0,585.0,62.0,157.0,1,1,1.0
484,4,1119.0,603.0,69.0,155.0,1,1,1.0
485,3,1063.0,585.0,63.0,157.0,1,1,1.0
485,4,1114.0,604.0,72.0,155.0,1,1,1.0
486,3,1054.0,585.0,66.0,160.0,1,1,1.0
486,4,1109.0,605.0,73.0,156.0,1,1,1.0
487,3,1047.0,586.0,68.0,162.0,1,1,1.0
487,4,1105.0,605.0,72.0,156.0,1,1,1.0
488,3,1040.0,588.0,71.0,162.0,1,1,1.0
488,4,1100.0,604.0,69.0,157.0,1,1,1.0
489,3,1033.0,589.0,76.0,162.0,1,1,1.0
489,4,1094.0,604.0,67.0,157.0,1,1,1.0
490,3,1027.0,590.0,79.0,161.0,1,1,1.0
490,4,1090.0,604.0,65.0,157.0,1,1,1.0
491,3,1022.0,591.0,77.0,161.0,1,1,1.0
491,4,1085.0,604.0,64.0,156.0,1,1,1.0
492,3,1020.0,591.0,70.0,161.0,1,1,1.0
492,4,1075.0,606.0,70.0,156.0,1,1,1.0
493,3,1021.0,590.0,63.0,163.0,1,1,1.0
493,4,1064.0,608.0,80.0,156.0,1,1,1.0
494,3,1020.0,589.0,58.0,163.0,1,1,1.0
494,4,1058.0,609.0,84.0,156.0,1,1,1.0
495,3,1019.0,589.0,53.0,163.0,1,1,1.0
495,4,1053.0,610.0,83.0,157.0,1,1,1.0
496,3,1010.0,589.0,57.0,164.0,1,1,1.0
496,4,1052.0,610.0,79.0,157.0,1,1,1.0
497,3,999.0,591.0,64.0,164.0,1,1,1.0
497,4,1047.0,609.0,76.0,158.0,1,1,1.0
498,3,994.0,592.0,67.0,165.0,1,1,1.0
498,4,1042.0,609.0,67.0,159.0,1,1,1.0
499,3,991.0,594.0,70.0,164.0,1,1,1.0
499,4,1036.0,608.0,62.0,160.0,1,1,1.0
500,3,990.0,594.0,60.0,164.0,1,1,1.0
500,4,1030.0,608.0,63.0,163.0,1,1,1.0
501,3,987.0,595.0,55.0,164.0,1,1,1.0
501,4,1024.0,609.0,66.0,165.0,1,1,1.0
502,3,980.0,594.0,55.0,165.0,1,1,1.0
502,4,1017.0,610.0,70.0,166.0,1,1,1.0
503,3,972.0,593.0,57.0,165.0,1,1,1.0
503,4,1010.0,613.0,75.0,166.0,1,1,1.0
504,3,962.0,592.0,60.0,167.0,1,1,1.0
504,4,1006.0,614.0,75.0,167.0,1,1,1.0
505,3,953.0,593.0,64.0,169.0,1,1,1.0
506,3,944.0,595.0,70.0,171.0,1,1,1.0
506,4,997.0,616.0,69.0,167.0,1,1,1.0
507,4,994.0,616.0,62.0,167.0,1,1,1.0
508,4,989.0,616.0,57.0,167.0,1,1,1.0
509,3,924.0,600.0,69.0,172.0,1,1,1.0
509,4,983.0,616.0,65.0,167.0,1,1,1.0
510,3,920.0,601.0,70.0,172.0,1,1,1.0
510,4,972.0,617.0,73.0,167.0,1,1,1.0
511,3,918.0,600.0,64.0,172.0,1,1,1.0
511,4,957.0,619.0,86.0,169.0,1,1,1.0
512,3,918.0,600.0,61.0,173.0,1,1,1.0
512,4,949.0,621.0,86.0,170.0,1,1,1.0
513,3,917.0,599.0,53.0,172.0,1,1,1.0
513,4,944.0,622.0,86.0,171.0,1,1,1.0
514,3,915.0,599.0,46.0,173.0,1,1,1.0
514,4,943.0,623.0,83.0,172.0,1,1,1.0
515,3,904.0,600.0,52.0,176.0,1,1,1.0
515,4,941.0,622.0,81.0,173.0,1,1,1.0
516,3,892.0,603.0,63.0,177.0,1,1,1.0
516,4,936.0,623.0,70.0,173.0,1,1,1.0
517,4,930.0,623.0,59.0,173.0,1,1,1.0
518,3,885.0,607.0,49.0,177.0,1,1,1.0
518,4,924.0,623.0,61.0,176.0,1,1,1.0
519,3,882.0,607.0,44.0,177.0,1,1,1.0
519,4,916.0,625.0,65.0,179.0,1,1,1.0
520,3,877.0,608.0,42.0,177.0,1,1,1.0
520,4,906.0,627.0,72.0,179.0,1,1,1.0
521,3,868.0,607.0,46.0,178.0,1,1,1.0
521,4,898.0,630.0,79.0,179.0,1,1,1.0
522,3,858.0,606.0,53.0,178.0,1,1,1.0
522,4,892.0,632.0,81.0,180.0,1,1,1.0
523,4,888.0,633.0,79.0,181.0,1,1,1.0
524,4,881.0,634.0,74.0,181.0,1,1,1.0
525,4,875.0,634.0,69.0,181.0,1,1,1.0
527,4,861.0,634.0,71.0,181.0,1,1,1.0
528,4,847.0,636.0,77.0,180.0,1,1,1.0
529,4,833.0,638.0,86.0,180.0,1,1,1.0
530,3,811.0,620.0,42.0,182.0,1,1,1.0
530,4,821.0,641.0,91.0,180.0,1,1,1.0
531,4,816.0,643.0,94.0,182.0,1,1,1.0
532,3,796.0,620.0,53.0,180.0,1,1,1.0
532,4,813.0,644.0,92.0,183.0,1,1,1.0
533,3,783.0,620.0,64.0,181.0,1,1,1.0
533,4,811.0,644.0,84.0,183.0,1,1,1.0
534,4,805.0,644.0,75.0,184.0,1,1,1.0
536,4,792.0,644.0,64.0,191.0,1,1,1.0
537,4,785.0,645.0,66.0,191.0,1,1,1.0
538,4,771.0,647.0,78.0,192.0,1,1,1.0
539,4,760.0,649.0,87.0,196.0,1,1,1.0
540,4,754.0,652.0,90.0,196.0,1,1,1.0
541,4,750.0,653.0,86.0,196.0,1,1,1.0
542,4,745.0,654.0,80.0,195.0,1,1,1.0
546,4,705.0,659.0,86.0,195.0,1,1,1.0
547,4,689.0,661.0,96.0,193.0,1,1,1.0
548,4,680.0,663.0,101.0,194.0,1,1,1.0
549,4,674.0,665.0,102.0,196.0,1,1,1.0
550,4,666.0,667.0,103.0,196.0,1,1,1.0
551,4,666.0,667.0,94.0,197.0,1,1,1.0
552,4,657.0,667.0,93.0,197.0,1,1,1.0
554,4,644.0,668.0,75.0,203.0,1,1,1.0
555,4,637.0,669.0,73.0,205.0,1,1,1.0
556,4,621.0,671.0,86.0,204.0,1,1,1.0
557,4,609.0,673.0,97.0,206.0,1,1,1.0
558,4,602.0,675.0,99.0,208.0,1,1,1.0
559,4,597.0,678.0,95.0,207.0,1,1,1.0
560,4,589.0,678.0,88.0,208.0,1,1,1.0
561,4,580.0,676.0,80.0,210.0,1,1,1.0
563,4,564.0,680.0,75.0,206.0,1,1,1.0
564,4,550.0,682.0,83.0,204.0,1,1,1.0
565,4,530.0,685.0,100.0,202.0,1,1,1.0
566,4,515.0,687.0,112.0,204.0,1,1,1.0
567,4,508.0,689.0,118.0,205.0,1,1,1.0
568,4,502.0,690.0,116.0,206.0,1,1,1.0
569,4,495.0,691.0,114.0,206.0,1,1,1.0
570,4,486.0,691.0,106.0,207.0,1,1,1.0
