1,1,1248.0,215.0,124.0,305.0,1,1,1.0
2,1,1246.0,212.0,119.0,308.0,1,1,1.0
3,1,1245.0,210.0,115.0,309.0,1,1,1.0
4,1,1242.0,211.0,111.0,307.0,1,1,1.0
5,1,1238.0,214.0,109.0,305.0,1,1,1.0
6,1,1234.0,214.0,107.0,296.0,1,1,1.0
7,1,1230.0,214.0,106.0,292.0,1,1,1.0
8,1,1227.0,213.0,104.0,285.0,1,1,1.0
9,1,1224.0,208.0,104.0,275.0,1,1,1.0
10,1,1221.0,201.0,106.0,271.0,1,1,1.0
11,1,1218.0,194.0,110.0,274.0,1,1,1.0
12,1,1214.0,188.0,115.0,278.0,1,1,1.0
13,1,1211.0,184.0,121.0,281.0,1,1,1.0
14,1,1207.0,182.0,126.0,281.0,1,1,1.0
15,1,1206.0,180.0,127.0,281.0,1,1,1.0
16,1,1204.0,178.0,127.0,281.0,1,1,1.0
17,1,1204.0,175.0,123.0,281.0,1,1,1.0
18,1,1203.0,171.0,117.0,273.0,1,1,1.0
19,1,1202.0,167.0,112.0,266.0,1,1,1.0
20,1,1200.0,163.0,106.0,266.0,1,1,1.0
21,1,1198.0,160.0,100.0,266.0,1,1,1.0
22,1,1197.0,159.0,95.0,265.0,1,1,1.0
23,1,1194.0,160.0,93.0,263.0,1,1,1.0
24,1,1190.0,162.0,93.0,257.0,1,1,1.0
25,1,1187.0,163.0,95.0,255.0,1,1,1.0
26,1,1183.0,163.0,97.0,252.0,1,1,1.0
27,1,1180.0,162.0,91.0,244.0,1,1,1.0
28,1,1178.0,157.0,88.0,238.0,1,1,1.0
29,1,1175.0,153.0,88.0,236.0,1,1,1.0
30,1,1173.0,148.0,91.0,239.0,1,1,1.0
31,1,1168.0,144.0,98.0,242.0,1,1,1.0
32,1,1164.0,142.0,103.0,243.0,1,1,1.0
33,1,1161.0,142.0,107.0,242.0,1,1,1.0
34,1,1158.0,143.0,109.0,240.0,1,1,1.0
35,1,1157.0,142.0,108.0,239.0,1,1,1.0
36,1,1157.0,141.0,105.0,235.0,1,1,1.0
37,1,1155.0,139.0,101.0,226.0,1,1,1.0
38,1,1154.0,136.0,96.0,223.0,1,1,1.0
39,1,1153.0,132.0,89.0,224.0,1,1,1.0
40,1,1151.0,131.0,84.0,226.0,1,1,1.0
41,1,1149.0,131.0,81.0,226.0,1,1,1.0
42,1,1147.0,131.0,79.0,224.0,1,1,1.0
43,1,1144.0,132.0,77.0,222.0,1,1,1.0
44,1,1142.0,132.0,75.0,220.0,1,1,1.0
45,1,1140.0,131.0,75.0,215.0,1,1,1.0
46,1,1137.0,128.0,75.0,208.0,1,1,1.0
47,1,1135.0,123.0,78.0,208.0,1,1,1.0
48,1,1133.0,118.0,81.0,211.0,1,1,1.0
49,1,1130.0,114.0,85.0,214.0,1,1,1.0
50,1,1128.0,112.0,90.0,216.0,1,1,1.0
51,1,1127.0,112.0,93.0,216.0,1,1,1.0
52,1,1126.0,112.0,93.0,215.0,1,1,1.0
53,1,1126.0,112.0,92.0,215.0,1,1,1.0
54,1,1126.0,111.0,90.0,215.0,1,1,1.0
55,1,1126.0,109.0,87.0,207.0,1,1,1.0
56,1,1124.0,107.0,84.0,203.0,1,1,1.0
57,1,1123.0,105.0,80.0,202.0,1,1,1.0
58,1,1121.0,104.0,77.0,201.0,1,1,1.0
59,1,1120.0,103.0,74.0,201.0,1,1,1.0
60,1,1120.0,104.0,71.0,200.0,1,1,1.0
61,1,1117.0,105.0,70.0,199.0,1,1,1.0
62,1,1114.0,105.0,69.0,197.0,1,1,1.0
63,1,1113.0,106.0,67.0,194.0,1,1,1.0
64,1,1111.0,105.0,67.0,188.0,1,1,1.0
65,1,1109.0,103.0,68.0,184.0,1,1,1.0
66,1,1106.0,99.0,70.0,185.0,1,1,1.0
67,1,1104.0,96.0,73.0,187.0,1,1,1.0
68,1,1102.0,94.0,78.0,188.0,1,1,1.0
69,1,1100.0,94.0,81.0,189.0,1,1,1.0
70,1,1099.0,94.0,83.0,188.0,1,1,1.0
71,1,1098.0,93.0,84.0,187.0,1,1,1.0
72,1,1098.0,93.0,83.0,187.0,1,1,1.0
73,1,1098.0,92.0,81.0,183.0,1,1,1.0
74,1,1097.0,91.0,78.0,178.0,1,1,1.0
75,1,1095.0,89.0,76.0,177.0,1,1,1.0
76,1,1094.0,87.0,73.0,178.0,1,1,1.0
77,1,1092.0,86.0,70.0,178.0,1,1,1.0
78,1,1090.0,86.0,68.0,178.0,1,1,1.0
79,1,1089.0,87.0,65.0,177.0,1,1,1.0
80,1,1087.0,88.0,63.0,175.0,1,1,1.0
81,1,1086.0,89.0,61.0,173.0,1,1,1.0
82,1,1083.0,89.0,62.0,169.0,1,1,1.0
83,1,1080.0,88.0,63.0,164.0,1,1,1.0
84,1,1079.0,85.0,64.0,163.0,1,1,1.0
85,1,1078.0,81.0,65.0,165.0,1,1,1.0
86,1,1075.0,78.0,70.0,169.0,1,1,1.0
87,1,1073.0,76.0,73.0,171.0,1,1,1.0
88,1,1071.0,76.0,76.0,171.0,1,1,1.0
89,1,1071.0,76.0,76.0,170.0,1,1,1.0
90,1,1070.0,76.0,75.0,169.0,1,1,1.0
91,1,1070.0,76.0,74.0,168.0,1,1,1.0
92,1,1068.0,75.0,72.0,165.0,1,1,1.0
93,1,1067.0,73.0,71.0,162.0,1,1,1.0
94,1,1065.0,72.0,68.0,162.0,1,1,1.0
95,1,1064.0,70.0,65.0,163.0,1,1,1.0
96,1,1063.0,69.0,61.0,164.0,1,1,1.0
97,1,1062.0,70.0,58.0,162.0,1,1,1.0
98,1,1059.0,72.0,57.0,161.0,1,1,1.0
99,1,1056.0,73.0,56.0,158.0,1,1,1.0
100,1,1054.0,74.0,55.0,156.0,1,1,1.0
101,1,1052.0,75.0,54.0,151.0,1,1,1.0
102,1,1050.0,73.0,55.0,149.0,1,1,1.0
103,1,1048.0,71.0,57.0,149.0,1,1,1.0
104,1,1046.0,69.0,59.0,151.0,1,1,1.0
105,1,1044.0,67.0,63.0,152.0,1,1,1.0
106,1,1042.0,67.0,66.0,152.0,1,1,1.0
107,1,1036.0,67.0,72.0,152.0,1,1,1.0
108,1,1033.0,67.0,75.0,151.0,1,1,1.0
109,1,1033.0,67.0,73.0,150.0,1,1,1.0
110,1,1034.0,67.0,71.0,147.0,1,1,1.0
111,1,1036.0,67.0,67.0,145.0,1,1,1.0
112,1,1036.0,65.0,63.0,145.0,1,1,1.0
113,1,1035.0,63.0,60.0,145.0,1,1,1.0
114,1,1033.0,62.0,59.0,146.0,1,1,1.0
115,1,1031.0,61.0,58.0,147.0,1,1,1.0
116,1,1030.0,61.0,57.0,147.0,1,1,1.0
117,1,1029.0,62.0,55.0,146.0,1,1,1.0
118,1,1028.0,64.0,54.0,143.0,1,1,1.0
119,1,1026.0,65.0,54.0,140.0,1,1,1.0
120,1,1025.0,65.0,55.0,135.0,1,1,1.0
121,1,1023.0,65.0,56.0,133.0,1,1,1.0
122,1,1022.0,63.0,57.0,134.0,1,1,1.0
123,1,1021.0,60.0,60.0,137.0,1,1,1.0
124,1,1020.0,57.0,62.0,139.0,1,1,1.0
125,1,1019.0,56.0,64.0,140.0,1,1,1.0
126,1,1018.0,56.0,65.0,140.0,1,1,1.0
127,1,1018.0,57.0,65.0,139.0,1,1,1.0
128,1,1018.0,57.0,64.0,138.0,1,1,1.0
129,1,1018.0,57.0,63.0,134.0,1,1,1.0
130,1,1016.0,56.0,63.0,133.0,1,1,1.0
131,1,1016.0,55.0,60.0,134.0,1,1,1.0
132,1,1016.0,52.0,57.0,135.0,1,1,1.0
133,1,1015.0,52.0,55.0,136.0,1,1,1.0
134,1,1015.0,52.0,53.0,136.0,1,1,1.0
136,1,1014.0,54.0,50.0,133.0,1,1,1.0
137,1,1012.0,55.0,50.0,131.0,1,1,1.0
138,1,1012.0,55.0,48.0,127.0,1,1,1.0
139,1,1012.0,54.0,48.0,126.0,1,1,1.0
140,1,1011.0,52.0,50.0,127.0,1,1,1.0
141,1,1006.0,51.0,56.0,128.0,1,1,1.0
142,1,1005.0,51.0,59.0,128.0,1,1,1.0
143,1,1005.0,50.0,61.0,128.0,1,1,1.0
144,1,1005.0,50.0,63.0,129.0,1,1,1.0
145,1,1004.0,50.0,63.0,128.0,1,1,1.0
146,1,1003.0,50.0,63.0,127.0,1,1,1.0
147,1,1007.0,50.0,59.0,126.0,1,1,1.0
148,1,1008.0,49.0,56.0,124.0,1,1,1.0
149,1,1009.0,48.0,54.0,123.0,1,1,1.0
150,1,1004.0,47.0,57.0,123.0,1,1,1.0
151,1,1002.0,46.0,57.0,123.0,1,1,1.0
152,1,1002.0,46.0,56.0,123.0,1,1,1.0
153,1,1001.0,47.0,54.0,123.0,1,1,1.0
154,1,1001.0,47.0,52.0,122.0,1,1,1.0
155,1,1002.0,48.0,50.0,121.0,1,1,1.0
156,1,1002.0,49.0,49.0,120.0,1,1,1.0
157,1,1002.0,49.0,48.0,116.0,1,1,1.0
158,1,1002.0,47.0,49.0,117.0,1,1,1.0
159,1,1001.0,45.0,51.0,118.0,1,1,1.0
160,1,1001.0,43.0,53.0,120.0,1,1,1.0
161,1,1002.0,42.0,54.0,120.0,1,1,1.0
162,1,1002.0,42.0,55.0,120.0,1,1,1.0
163,1,1002.0,43.0,56.0,119.0,1,1,1.0
164,1,1002.0,43.0,56.0,118.0,1,1,1.0
165,1,1002.0,43.0,56.0,117.0,1,1,1.0
166,1,1002.0,43.0,55.0,115.0,1,1,1.0
167,1,1002.0,42.0,54.0,115.0,1,1,1.0
168,1,1003.0,39.0,52.0,116.0,1,1,1.0
169,1,1004.0,38.0,50.0,117.0,1,1,1.0
170,1,1004.0,38.0,48.0,117.0,1,1,1.0
171,1,1003.0,37.0,47.0,118.0,1,1,1.0
172,1,1003.0,39.0,46.0,116.0,1,1,1.0
173,1,1003.0,41.0,44.0,114.0,1,1,1.0
174,1,1003.0,42.0,44.0,112.0,1,1,1.0
175,1,1003.0,42.0,43.0,109.0,1,1,1.0
176,1,1002.0,42.0,44.0,107.0,1,1,1.0
177,1,1001.0,41.0,45.0,108.0,1,1,1.0
178,1,1001.0,40.0,46.0,109.0,1,1,1.0
179,1,1000.0,39.0,48.0,110.0,1,1,1.0
180,1,1000.0,38.0,49.0,110.0,1,1,1.0
181,1,999.0,38.0,50.0,110.0,1,1,1.0
182,1,999.0,39.0,50.0,109.0,1,1,1.0
183,1,999.0,39.0,49.0,109.0,1,1,1.0
184,1,999.0,39.0,49.0,108.0,1,1,1.0
185,1,999.0,38.0,49.0,107.0,1,1,1.0
186,1,999.0,37.0,47.0,107.0,1,1,1.0
187,1,999.0,35.0,46.0,107.0,1,1,1.0
188,1,998.0,34.0,44.0,108.0,1,1,1.0
189,1,998.0,34.0,42.0,107.0,1,1,1.0
190,1,997.0,35.0,42.0,107.0,1,1,1.0
191,1,997.0,36.0,41.0,107.0,1,1,1.0
192,1,997.0,37.0,39.0,105.0,1,1,1.0
193,1,995.0,37.0,39.0,104.0,1,1,1.0
194,1,995.0,38.0,39.0,100.0,1,1,1.0
195,1,994.0,38.0,40.0,99.0,1,1,1.0
196,1,994.0,37.0,42.0,99.0,1,1,1.0
197,1,992.0,35.0,44.0,101.0,1,1,1.0
198,1,991.0,34.0,45.0,102.0,1,1,1.0
199,1,990.0,33.0,47.0,102.0,1,1,1.0
200,1,990.0,33.0,48.0,102.0,1,1,1.0
201,1,990.0,34.0,49.0,102.0,1,1,1.0
202,1,990.0,34.0,49.0,102.0,1,1,1.0
203,1,990.0,34.0,48.0,101.0,1,1,1.0
204,1,989.0,33.0,47.0,100.0,1,1,1.0
205,1,990.0,32.0,45.0,100.0,1,1,1.0
206,1,990.0,32.0,43.0,100.0,1,1,1.0
207,1,990.0,32.0,41.0,100.0,1,1,1.0
208,1,990.0,32.0,39.0,99.0,1,1,1.0
209,1,990.0,33.0,38.0,98.0,1,1,1.0
210,1,990.0,34.0,37.0,97.0,1,1,1.0
211,1,989.0,35.0,37.0,96.0,1,1,1.0
212,1,989.0,33.0,36.0,96.0,1,1,1.0
213,1,988.0,32.0,36.0,96.0,1,1,1.0
214,1,987.0,30.0,36.0,97.0,1,1,1.0
215,1,987.0,29.0,37.0,98.0,1,1,1.0
216,1,986.0,28.0,38.0,98.0,1,1,1.0
217,1,986.0,28.0,39.0,98.0,1,1,1.0
218,1,986.0,28.0,39.0,97.0,1,1,1.0
219,1,986.0,29.0,40.0,96.0,1,1,1.0
220,1,986.0,29.0,40.0,97.0,1,1,1.0
221,1,986.0,29.0,38.0,96.0,1,1,1.0
222,1,986.0,29.0,37.0,94.0,1,1,1.0
223,1,986.0,29.0,37.0,93.0,1,1,1.0
224,1,986.0,28.0,37.0,93.0,1,1,1.0
225,1,985.0,27.0,37.0,94.0,1,1,1.0
226,1,985.0,27.0,36.0,94.0,1,1,1.0
227,1,984.0,27.0,34.0,94.0,1,1,1.0
228,1,984.0,27.0,33.0,94.0,1,1,1.0
229,1,983.0,28.0,33.0,93.0,1,1,1.0
230,1,982.0,28.0,33.0,92.0,1,1,1.0
231,1,982.0,28.0,33.0,91.0,1,1,1.0
232,1,981.0,27.0,34.0,91.0,1,1,1.0
233,1,979.0,26.0,35.0,92.0,1,1,1.0
234,1,978.0,24.0,37.0,93.0,1,1,1.0
235,1,977.0,23.0,38.0,94.0,1,1,1.0
236,1,977.0,23.0,39.0,94.0,1,1,1.0
237,1,977.0,24.0,39.0,93.0,1,1,1.0
238,1,978.0,25.0,39.0,91.0,1,1,1.0
239,1,978.0,26.0,40.0,90.0,1,1,1.0
240,1,978.0,26.0,40.0,89.0,1,1,1.0
241,1,977.0,25.0,40.0,88.0,1,1,1.0
242,1,976.0,25.0,39.0,88.0,1,1,1.0
243,1,976.0,24.0,38.0,88.0,1,1,1.0
244,1,976.0,23.0,36.0,89.0,1,1,1.0
245,1,976.0,23.0,35.0,88.0,1,1,1.0
246,1,976.0,25.0,34.0,87.0,1,1,1.0
247,1,976.0,26.0,34.0,86.0,1,1,1.0
248,1,976.0,27.0,33.0,84.0,1,1,1.0
249,1,975.0,29.0,33.0,82.0,1,1,1.0
250,1,975.0,29.0,33.0,81.0,1,1,1.0
251,1,974.0,29.0,33.0,80.0,1,1,1.0
252,1,974.0,29.0,33.0,80.0,1,1,1.0
253,1,974.0,28.0,33.0,80.0,1,1,1.0
254,1,973.0,28.0,34.0,81.0,1,1,1.0
255,1,973.0,27.0,35.0,80.0,1,1,1.0
256,1,973.0,28.0,35.0,79.0,1,1,1.0
257,1,973.0,27.0,36.0,80.0,1,1,1.0
258,1,973.0,27.0,36.0,81.0,1,1,1.0
259,1,973.0,27.0,36.0,80.0,1,1,1.0
260,1,973.0,27.0,35.0,79.0,1,1,1.0
261,1,973.0,27.0,33.0,79.0,1,1,1.0
262,1,973.0,26.0,33.0,79.0,1,1,1.0
263,1,973.0,26.0,32.0,79.0,1,1,1.0
264,1,973.0,26.0,31.0,78.0,1,1,1.0
265,1,973.0,27.0,31.0,78.0,1,1,1.0
266,1,973.0,28.0,31.0,77.0,1,1,1.0
267,1,973.0,29.0,31.0,76.0,1,1,1.0
268,1,972.0,29.0,31.0,76.0,1,1,1.0
269,1,972.0,29.0,31.0,75.0,1,1,1.0
270,1,972.0,29.0,31.0,74.0,1,1,1.0
271,1,973.0,29.0,30.0,74.0,1,1,1.0
272,1,973.0,28.0,29.0,75.0,1,1,1.0
273,1,973.0,28.0,30.0,74.0,1,1,1.0
274,1,973.0,28.0,30.0,74.0,1,1,1.0
275,1,973.0,28.0,29.0,73.0,1,1,1.0
276,1,974.0,29.0,30.0,73.0,1,1,1.0
277,1,975.0,29.0,31.0,72.0,1,1,1.0
278,1,976.0,29.0,31.0,72.0,1,1,1.0
279,1,979.0,30.0,30.0,70.0,1,1,1.0
280,1,981.0,29.0,29.0,70.0,1,1,1.0
281,1,984.0,29.0,28.0,69.0,1,1,1.0
282,1,985.0,29.0,28.0,69.0,1,1,1.0
283,1,987.0,28.0,30.0,70.0,1,1,1.0
284,1,988.0,29.0,31.0,70.0,1,1,1.0
285,1,989.0,29.0,32.0,69.0,1,1,1.0
286,1,989.0,29.0,34.0,69.0,1,1,1.0
287,1,990.0,30.0,34.0,69.0,1,1,1.0
288,1,992.0,30.0,33.0,69.0,1,1,1.0
292,1,1007.0,30.0,28.0,68.0,1,1,1.0
293,1,1011.0,30.0,28.0,70.0,1,1,1.0
294,1,1011.0,30.0,31.0,70.0,1,1,1.0
295,1,1011.0,30.0,34.0,71.0,1,1,1.0
296,1,1012.0,30.0,36.0,71.0,1,1,1.0
297,1,1014.0,30.0,36.0,71.0,1,1,1.0
298,1,1019.0,30.0,33.0,71.0,1,1,1.0
299,1,1024.0,29.0,30.0,71.0,1,1,1.0
300,1,1029.0,29.0,27.0,72.0,1,1,1.0
301,1,1031.0,29.0,30.0,73.0,1,1,1.0
302,1,1034.0,28.0,30.0,73.0,1,1,1.0
303,1,1035.0,29.0,33.0,73.0,1,1,1.0
304,1,1035.0,29.0,39.0,73.0,1,1,1.0
305,1,1035.0,29.0,42.0,73.0,1,1,1.0
306,1,1037.0,29.0,41.0,72.0,1,1,1.0
307,1,1042.0,29.0,40.0,73.0,1,1,1.0
308,1,1051.0,28.0,32.0,73.0,1,1,1.0
309,1,1054.0,27.0,31.0,74.0,1,1,1.0
310,1,1059.0,25.0,29.0,76.0,1,1,1.0
311,1,1061.0,26.0,30.0,77.0,1,1,1.0
312,1,1062.0,26.0,32.0,77.0,1,1,1.0
313,1,1062.0,26.0,35.0,78.0,1,1,1.0
314,1,1063.0,25.0,36.0,81.0,1,1,1.0
315,1,1064.0,25.0,39.0,82.0,1,1,1.0
316,1,1068.0,25.0,38.0,82.0,1,1,1.0
317,1,1072.0,24.0,36.0,84.0,1,1,1.0
318,1,1078.0,24.0,33.0,84.0,1,1,1.0
319,1,1084.0,24.0,29.0,83.0,1,1,1.0
320,1,1087.0,24.0,29.0,84.0,1,1,1.0
321,1,1087.0,24.0,32.0,84.0,1,1,1.0
322,1,1087.0,26.0,38.0,82.0,1,1,1.0
323,1,1087.0,28.0,41.0,80.0,1,1,1.0
324,1,1089.0,29.0,42.0,80.0,1,1,1.0
325,1,1092.0,29.0,41.0,80.0,1,1,1.0
327,1,1105.0,28.0,34.0,81.0,1,1,1.0
328,1,1112.0,26.0,30.0,83.0,1,1,1.0
329,1,1114.0,27.0,30.0,84.0,1,1,1.0
330,1,1115.0,28.0,32.0,83.0,1,1,1.0
331,1,1116.0,29.0,36.0,83.0,1,1,1.0
332,1,1116.0,28.0,39.0,85.0,1,1,1.0
333,1,1117.0,30.0,41.0,84.0,1,1,1.0
334,1,1120.0,28.0,42.0,86.0,1,1,1.0
335,1,1125.0,30.0,39.0,85.0,1,1,1.0
336,1,1132.0,31.0,35.0,84.0,1,1,1.0
337,1,1139.0,30.0,31.0,85.0,1,1,1.0
338,1,1144.0,30.0,29.0,85.0,1,1,1.0
339,1,1146.0,30.0,30.0,85.0,1,1,1.0
340,1,1147.0,31.0,36.0,85.0,1,1,1.0
341,1,1147.0,32.0,41.0,84.0,1,1,1.0
342,1,1148.0,33.0,44.0,84.0,1,1,1.0
343,1,1150.0,33.0,44.0,84.0,1,1,1.0
344,1,1153.0,33.0,42.0,85.0,1,1,1.0
345,1,1159.0,32.0,40.0,86.0,1,1,1.0
346,1,1167.0,32.0,35.0,86.0,1,1,1.0
347,1,1174.0,30.0,31.0,88.0,1,1,1.0
348,1,1177.0,31.0,31.0,88.0,1,1,1.0
349,1,1178.0,31.0,34.0,89.0,1,1,1.0
350,1,1178.0,31.0,38.0,90.0,1,1,1.0
351,1,1179.0,31.0,41.0,91.0,1,1,1.0
352,1,1181.0,32.0,41.0,90.0,1,1,1.0
353,1,1185.0,32.0,40.0,90.0,1,1,1.0
354,1,1191.0,33.0,38.0,90.0,1,1,1.0
355,1,1197.0,35.0,36.0,89.0,1,1,1.0
356,1,1202.0,35.0,32.0,90.0,1,1,1.0
357,1,1207.0,34.0,30.0,91.0,1,1,1.0
358,1,1209.0,32.0,33.0,93.0,1,1,1.0
359,1,1210.0,35.0,39.0,91.0,1,1,1.0
360,1,1210.0,37.0,44.0,91.0,1,1,1.0
361,1,1211.0,39.0,45.0,89.0,1,1,1.0
362,1,1214.0,39.0,45.0,88.0,1,1,1.0
363,1,1217.0,39.0,42.0,89.0,1,1,1.0
364,1,1221.0,39.0,41.0,89.0,1,1,1.0
365,1,1228.0,40.0,36.0,87.0,1,1,1.0
366,1,1236.0,40.0,30.0,88.0,1,1,1.0
367,1,1239.0,42.0,28.0,87.0,1,1,1.0
368,1,1241.0,42.0,30.0,88.0,1,1,1.0
369,1,1241.0,39.0,43.0,91.0,1,1,1.0
370,1,1242.0,40.0,46.0,91.0,1,1,1.0
371,1,1244.0,41.0,47.0,91.0,1,1,1.0
372,1,1246.0,40.0,46.0,93.0,1,1,1.0
373,1,1250.0,40.0,43.0,94.0,1,1,1.0
374,1,1255.0,40.0,38.0,94.0,1,1,1.0
375,1,1262.0,40.0,33.0,94.0,1,1,1.0
376,1,1266.0,40.0,31.0,93.0,1,1,1.0
378,1,1268.0,42.0,38.0,92.0,1,1,1.0
379,1,1269.0,43.0,40.0,91.0,1,1,1.0
380,1,1269.0,45.0,42.0,89.0,1,1,1.0
381,1,1271.0,46.0,43.0,88.0,1,1,1.0
383,1,1284.0,47.0,37.0,86.0,1,1,1.0
384,1,1290.0,46.0,35.0,90.0,1,1,1.0
385,1,1297.0,46.0,31.0,82.0,1,1,1.0
386,1,1299.0,47.0,32.0,79.0,1,1,1.0
387,1,1300.0,47.0,36.0,77.0,1,1,1.0
388,1,1303.0,49.0,35.0,75.0,1,1,1.0
389,1,1305.0,50.0,36.0,74.0,1,1,1.0
390,1,1308.0,52.0,37.0,71.0,1,1,1.0
391,1,1316.0,54.0,32.0,68.0,1,1,1.0
396,1,1334.0,54.0,33.0,83.0,1,1,1.0
397,1,1337.0,54.0,36.0,88.0,1,1,1.0
398,1,1340.0,54.0,36.0,92.0,1,1,1.0
399,1,1345.0,56.0,34.0,93.0,1,1,1.0
400,1,1351.0,56.0,32.0,93.0,1,1,1.0
401,1,1356.0,57.0,30.0,94.0,1,1,1.0
402,1,1360.0,58.0,29.0,93.0,1,1,1.0
403,1,1363.0,58.0,29.0,93.0,1,1,1.0
404,1,1367.0,58.0,28.0,95.0,1,1,1.0
405,1,1369.0,59.0,31.0,95.0,1,1,1.0
406,1,1369.0,60.0,38.0,95.0,1,1,1.0
407,1,1370.0,62.0,43.0,95.0,1,1,1.0
408,1,1372.0,63.0,45.0,96.0,1,1,1.0
409,1,1375.0,63.0,44.0,96.0,1,1,1.0
410,1,1380.0,63.0,40.0,97.0,1,1,1.0
411,1,1388.0,60.0,36.0,99.0,1,1,1.0
412,1,1394.0,58.0,34.0,101.0,1,1,1.0
413,1,1399.0,58.0,32.0,101.0,1,1,1.0
414,1,1401.0,57.0,36.0,102.0,1,1,1.0
415,1,1402.0,60.0,42.0,100.0,1,1,1.0
416,1,1402.0,61.0,49.0,101.0,1,1,1.0
417,1,1402.0,63.0,51.0,100.0,1,1,1.0
418,1,1405.0,64.0,50.0,99.0,1,1,1.0
419,1,1410.0,66.0,49.0,97.0,1,1,1.0
420,1,1417.0,67.0,44.0,98.0,1,1,1.0
421,1,1426.0,67.0,39.0,98.0,1,1,1.0
422,1,1434.0,67.0,35.0,98.0,1,1,1.0
423,1,1438.0,67.0,34.0,100.0,1,1,1.0
424,1,1440.0,68.0,37.0,100.0,1,1,1.0
425,1,1441.0,69.0,42.0,100.0,1,1,1.0
426,1,1442.0,69.0,44.0,102.0,1,1,1.0
427,1,1445.0,68.0,44.0,104.0,1,1,1.0
428,1,1450.0,69.0,43.0,104.0,1,1,1.0
429,1,1456.0,68.0,40.0,105.0,1,1,1.0
430,1,1465.0,71.0,34.0,102.0,1,1,1.0
431,1,1470.0,74.0,33.0,99.0,1,1,1.0
432,1,1473.0,77.0,34.0,97.0,1,1,1.0
433,1,1474.0,78.0,39.0,96.0,1,1,1.0
434,1,1474.0,78.0,47.0,96.0,1,1,1.0
435,1,1475.0,79.0,54.0,97.0,1,1,1.0
436,1,1476.0,79.0,56.0,100.0,1,1,1.0
437,1,1477.0,80.0,56.0,99.0,1,1,1.0
438,1,1480.0,84.0,54.0,95.0,1,1,1.0
439,1,1486.0,87.0,51.0,93.0,1,1,1.0
440,1,1492.0,88.0,47.0,92.0,1,1,1.0
441,1,1497.0,90.0,45.0,90.0,1,1,1.0
442,1,1499.0,91.0,45.0,90.0,1,1,1.0
446,1,1507.0,99.0,41.0,85.0,1,1,1.0
447,1,1510.0,99.0,39.0,85.0,1,1,1.0
448,1,1511.0,98.0,37.0,85.0,1,1,1.0
449,1,1511.0,97.0,37.0,86.0,1,1,1.0
450,1,1511.0,96.0,37.0,87.0,1,1,1.0
451,1,1510.0,96.0,37.0,88.0,1,1,1.0
452,1,1508.0,96.0,38.0,89.0,1,1,1.0
453,1,1509.0,98.0,37.0,89.0,1,1,1.0
454,1,1509.0,99.0,36.0,89.0,1,1,1.0
455,1,1510.0,100.0,36.0,89.0,1,1,1.0
456,1,1508.0,99.0,37.0,90.0,1,1,1.0
457,1,1504.0,95.0,42.0,94.0,1,1,1.0
458,1,1501.0,93.0,44.0,96.0,1,1,1.0
459,1,1501.0,92.0,43.0,97.0,1,1,1.0
460,1,1503.0,92.0,39.0,97.0,1,1,1.0
462,1,1497.0,92.0,40.0,97.0,1,1,1.0
463,1,1493.0,92.0,44.0,97.0,1,1,1.0
464,1,1488.0,94.0,46.0,95.0,1,1,1.0
465,1,1487.0,97.0,45.0,93.0,1,1,1.0
467,1,1484.0,98.0,42.0,91.0,1,1,1.0
468,1,1483.0,98.0,39.0,90.0,1,1,1.0
469,1,1480.0,97.0,40.0,91.0,1,1,1.0
472,1,1472.0,95.0,38.0,94.0,1,1,1.0
473,1,1467.0,95.0,40.0,95.0,1,1,1.0
474,1,1463.0,93.0,42.0,97.0,1,1,1.0
475,1,1457.0,93.0,46.0,97.0,1,1,1.0
476,1,1457.0,93.0,42.0,97.0,1,1,1.0
477,1,1453.0,92.0,44.0,99.0,1,1,1.0
478,1,1450.0,92.0,44.0,99.0,1,1,1.0
479,1,1448.0,93.0,43.0,98.0,1,1,1.0
480,1,1444.0,94.0,44.0,96.0,1,1,1.0
481,1,1437.0,95.0,48.0,95.0,1,1,1.0
482,1,1432.0,97.0,51.0,94.0,1,1,1.0
483,1,1429.0,98.0,50.0,93.0,1,1,1.0
485,1,1427.0,99.0,46.0,92.0,1,1,1.0
486,1,1425.0,99.0,44.0,91.0,1,1,1.0
487,1,1422.0,99.0,44.0,92.0,1,1,1.0
490,1,1415.0,96.0,43.0,96.0,1,1,1.0
491,1,1413.0,95.0,44.0,97.0,1,1,1.0
492,1,1406.0,94.0,49.0,98.0,1,1,1.0
493,1,1402.0,94.0,49.0,100.0,1,1,1.0
494,1,1399.0,93.0,48.0,101.0,1,1,1.0
495,1,1396.0,92.0,46.0,102.0,1,1,1.0
496,1,1396.0,91.0,45.0,103.0,1,1,1.0
497,1,1393.0,91.0,46.0,104.0,1,1,1.0
498,1,1390.0,91.0,45.0,104.0,1,1,1.0
499,1,1384.0,91.0,48.0,103.0,1,1,1.0
500,1,1378.0,91.0,52.0,103.0,1,1,1.0
501,1,1373.0,93.0,53.0,102.0,1,1,1.0
502,1,1371.0,95.0,52.0,101.0,1,1,1.0
503,1,1370.0,96.0,50.0,100.0,1,1,1.0
504,1,1369.0,97.0,47.0,99.0,1,1,1.0
505,1,1368.0,97.0,45.0,99.0,1,1,1.0
506,1,1365.0,97.0,45.0,99.0,1,1,1.0
507,1,1355.0,97.0,52.0,100.0,1,1,1.0
508,1,1358.0,96.0,46.0,102.0,1,1,1.0
509,1,1357.0,96.0,44.0,102.0,1,1,1.0
510,1,1354.0,97.0,45.0,104.0,1,1,1.0
511,1,1351.0,97.0,46.0,104.0,1,1,1.0
513,1,1344.0,95.0,45.0,107.0,1,1,1.0
514,1,1340.0,94.0,46.0,109.0,1,1,1.0
515,1,1337.0,94.0,47.0,108.0,1,1,1.0
516,1,1334.0,94.0,46.0,108.0,1,1,1.0
517,1,1330.0,95.0,47.0,107.0,1,1,1.0
518,1,1322.0,96.0,51.0,106.0,1,1,1.0
519,1,1313.0,97.0,57.0,106.0,1,1,1.0
520,1,1309.0,98.0,57.0,105.0,1,1,1.0
521,1,1306.0,98.0,57.0,105.0,1,1,1.0
522,1,1305.0,98.0,56.0,105.0,1,1,1.0
523,1,1304.0,98.0,52.0,105.0,1,1,1.0
524,1,1302.0,98.0,49.0,106.0,1,1,1.0
525,1,1299.0,97.0,48.0,107.0,1,1,1.0
528,1,1290.0,95.0,45.0,109.0,1,1,1.0
529,1,1287.0,95.0,44.0,110.0,1,1,1.0
530,1,1279.0,94.0,48.0,112.0,1,1,1.0
531,1,1268.0,94.0,55.0,113.0,1,1,1.0
532,1,1263.0,94.0,55.0,114.0,1,1,1.0
533,1,1260.0,94.0,54.0,115.0,1,1,1.0
535,1,1257.0,96.0,48.0,113.0,1,1,1.0
537,1,1242.0,101.0,56.0,108.0,1,1,1.0
538,1,1237.0,103.0,57.0,107.0,1,1,1.0
539,1,1230.0,104.0,61.0,106.0,1,1,1.0
540,1,1227.0,104.0,62.0,106.0,1,1,1.0
541,1,1226.0,105.0,60.0,106.0,1,1,1.0
542,1,1225.0,103.0,53.0,108.0,1,1,1.0
543,1,1221.0,100.0,51.0,111.0,1,1,1.0
544,1,1216.0,98.0,50.0,113.0,1,1,1.0
545,1,1214.0,95.0,48.0,118.0,1,1,1.0
546,1,1200.0,95.0,57.0,120.0,1,1,1.0
547,1,1196.0,95.0,57.0,121.0,1,1,1.0
548,1,1189.0,96.0,60.0,120.0,1,1,1.0
549,1,1190.0,97.0,55.0,119.0,1,1,1.0
550,1,1191.0,97.0,50.0,119.0,1,1,1.0
551,1,1184.0,97.0,52.0,120.0,1,1,1.0
552,1,1179.0,97.0,53.0,120.0,1,1,1.0
553,1,1176.0,97.0,52.0,120.0,1,1,1.0
554,1,1171.0,97.0,53.0,120.0,1,1,1.0
555,1,1162.0,98.0,59.0,120.0,1,1,1.0
556,1,1154.0,98.0,66.0,121.0,1,1,1.0
557,1,1150.0,99.0,64.0,122.0,1,1,1.0
558,1,1149.0,100.0,61.0,121.0,1,1,1.0
559,1,1148.0,101.0,58.0,121.0,1,1,1.0
560,1,1143.0,101.0,57.0,121.0,1,1,1.0
561,1,1138.0,101.0,57.0,120.0,1,1,1.0
562,1,1138.0,100.0,52.0,122.0,1,1,1.0
563,1,1128.0,98.0,59.0,126.0,1,1,1.0
564,1,1119.0,98.0,63.0,128.0,1,1,1.0
565,1,1120.0,99.0,57.0,128.0,1,1,1.0
566,1,1117.0,100.0,56.0,128.0,1,1,1.0
568,1,1112.0,101.0,52.0,128.0,1,1,1.0
570,1,1097.0,100.0,58.0,130.0,1,1,1.0
571,1,1093.0,99.0,58.0,131.0,1,1,1.0
572,1,1088.0,97.0,59.0,133.0,1,1,1.0
573,1,1082.0,96.0,60.0,134.0,1,1,1.0
574,1,1070.0,97.0,68.0,134.0,1,1,1.0
575,1,1062.0,99.0,74.0,133.0,1,1,1.0
576,1,1058.0,102.0,75.0,132.0,1,1,1.0
577,1,1056.0,103.0,75.0,130.0,1,1,1.0
578,1,1055.0,104.0,71.0,129.0,1,1,1.0
579,1,1053.0,104.0,64.0,129.0,1,1,1.0
580,1,1047.0,103.0,58.0,130.0,1,1,1.0
581,1,1040.0,101.0,59.0,135.0,1,1,1.0
582,1,1028.0,101.0,64.0,137.0,1,1,1.0
583,1,1027.0,102.0,59.0,138.0,1,1,1.0
584,1,1018.0,102.0,64.0,139.0,1,1,1.0
585,1,1008.0,104.0,72.0,139.0,1,1,1.0
586,1,1000.0,105.0,76.0,140.0,1,1,1.0
587,1,999.0,105.0,71.0,140.0,1,1,1.0
589,1,995.0,104.0,58.0,142.0,1,1,1.0
590,1,989.0,103.0,57.0,142.0,1,1,1.0
591,1,981.0,103.0,60.0,143.0,1,1,1.0
592,1,971.0,104.0,64.0,143.0,1,1,1.0
593,1,956.0,107.0,77.0,143.0,1,1,1.0
594,1,947.0,108.0,86.0,142.0,1,1,1.0
595,1,942.0,110.0,88.0,142.0,1,1,1.0
596,1,940.0,111.0,86.0,142.0,1,1,1.0
597,1,938.0,111.0,79.0,143.0,1,1,1.0
598,1,935.0,110.0,71.0,144.0,1,1,1.0
599,1,928.0,109.0,62.0,145.0,1,1,1.0
600,1,914.0,108.0,67.0,149.0,1,1,1.0
602,1,901.0,111.0,67.0,150.0,1,1,1.0
603,1,885.0,114.0,82.0,150.0,1,1,1.0
604,1,875.0,117.0,89.0,150.0,1,1,1.0
605,1,879.0,120.0,79.0,148.0,1,1,1.0
606,1,866.0,123.0,82.0,146.0,1,1,1.0
608,1,857.0,122.0,68.0,147.0,1,1,1.0
609,1,853.0,120.0,63.0,149.0,1,1,1.0
610,1,845.0,118.0,66.0,151.0,1,1,1.0
611,1,828.0,118.0,79.0,153.0,1,1,1.0
612,1,815.0,120.0,91.0,153.0,1,1,1.0
613,1,808.0,122.0,96.0,153.0,1,1,1.0
614,1,805.0,124.0,95.0,153.0,1,1,1.0
615,1,803.0,125.0,89.0,153.0,1,1,1.0
616,1,797.0,126.0,83.0,153.0,1,1,1.0
617,1,791.0,125.0,73.0,153.0,1,1,1.0
618,1,783.0,125.0,67.0,157.0,1,1,1.0
620,1,761.0,127.0,77.0,159.0,1,1,1.0
621,1,747.0,131.0,89.0,158.0,1,1,1.0
622,1,736.0,133.0,97.0,159.0,1,1,1.0
623,1,735.0,135.0,93.0,160.0,1,1,1.0
624,1,723.0,136.0,95.0,160.0,1,1,1.0
625,1,728.0,136.0,78.0,161.0,1,1,1.0
626,1,726.0,135.0,64.0,162.0,1,1,1.0
627,1,718.0,133.0,61.0,163.0,1,1,1.0
628,1,708.0,133.0,63.0,164.0,1,1,1.0
629,1,692.0,133.0,77.0,165.0,1,1,1.0
630,1,675.0,135.0,92.0,165.0,1,1,1.0
631,1,665.0,139.0,100.0,164.0,1,1,1.0
632,1,660.0,142.0,103.0,165.0,1,1,1.0
633,1,657.0,145.0,100.0,163.0,1,1,1.0
634,1,653.0,147.0,93.0,162.0,1,1,1.0
635,1,649.0,147.0,82.0,162.0,1,1,1.0
636,1,642.0,145.0,71.0,164.0,1,1,1.0
637,1,626.0,143.0,73.0,170.0,1,1,1.0
639,1,607.0,144.0,85.0,173.0,1,1,1.0
640,1,590.0,147.0,100.0,175.0,1,1,1.0
