33,1,1281.0,1041.0,67.0,38.0,1,1,1.0
34,1,1274.0,1031.0,68.0,47.0,1,1,1.0
35,1,1250.0,1021.0,84.0,58.0,1,1,1.0
36,1,1239.0,1012.0,89.0,67.0,1,1,1.0
37,1,1231.0,1004.0,91.0,74.0,1,1,1.0
38,1,1214.0,998.0,116.0,81.0,1,1,1.0
39,1,1199.0,991.0,129.0,87.0,1,1,1.0
40,1,1183.0,983.0,141.0,96.0,1,1,1.0
41,1,1169.0,973.0,152.0,105.0,1,1,1.0
42,1,1157.0,962.0,161.0,117.0,1,1,1.0
43,1,1149.0,951.0,166.0,128.0,1,1,1.0
44,1,1143.0,941.0,168.0,138.0,1,1,1.0
45,1,1138.0,934.0,170.0,145.0,1,1,1.0
46,1,1135.0,928.0,173.0,151.0,1,1,1.0
47,1,1134.0,922.0,173.0,157.0,1,1,1.0
48,1,1132.0,915.0,171.0,164.0,1,1,1.0
49,1,1132.0,906.0,169.0,172.0,1,1,1.0
50,1,1131.0,897.0,167.0,182.0,1,1,1.0
51,1,1129.0,887.0,162.0,191.0,1,1,1.0
52,1,1127.0,879.0,154.0,199.0,1,1,1.0
53,1,1124.0,873.0,147.0,206.0,1,1,1.0
54,1,1121.0,869.0,143.0,210.0,1,1,1.0
55,1,1118.0,865.0,140.0,213.0,1,1,1.0
56,1,1114.0,862.0,139.0,217.0,1,1,1.0
57,1,1111.0,856.0,136.0,222.0,1,1,1.0
58,1,1108.0,850.0,133.0,228.0,1,1,1.0
59,1,1105.0,842.0,131.0,236.0,1,1,1.0
60,1,1103.0,833.0,132.0,245.0,1,1,1.0
61,1,1100.0,826.0,138.0,252.0,1,1,1.0
62,1,1097.0,821.0,143.0,258.0,1,1,1.0
63,1,1096.0,817.0,147.0,262.0,1,1,1.0
64,1,1095.0,814.0,147.0,264.0,1,1,1.0
65,1,1095.0,809.0,145.0,269.0,1,1,1.0
66,1,1094.0,804.0,143.0,274.0,1,1,1.0
67,1,1093.0,798.0,140.0,280.0,1,1,1.0
68,1,1091.0,792.0,135.0,286.0,1,1,1.0
69,1,1088.0,786.0,130.0,293.0,1,1,1.0
70,1,1087.0,781.0,127.0,297.0,1,1,1.0
71,1,1084.0,777.0,131.0,301.0,1,1,1.0
72,1,1081.0,775.0,135.0,303.0,1,1,1.0
73,1,1078.0,774.0,140.0,304.0,1,1,1.0
74,1,1074.0,772.0,143.0,306.0,1,1,1.0
75,1,1072.0,769.0,142.0,300.0,1,1,1.0
76,1,1070.0,764.0,137.0,291.0,1,1,1.0
77,1,1068.0,757.0,130.0,285.0,1,1,1.0
78,1,1065.0,752.0,121.0,285.0,1,1,1.0
79,1,1063.0,749.0,121.0,286.0,1,1,1.0
80,1,1060.0,746.0,123.0,286.0,1,1,1.0
81,1,1059.0,745.0,123.0,285.0,1,1,1.0
82,1,1059.0,743.0,121.0,286.0,1,1,1.0
83,1,1058.0,741.0,119.0,285.0,1,1,1.0
84,1,1056.0,738.0,118.0,279.0,1,1,1.0
85,1,1054.0,734.0,116.0,268.0,1,1,1.0
86,1,1053.0,731.0,112.0,259.0,1,1,1.0
87,1,1050.0,728.0,113.0,260.0,1,1,1.0
88,1,1048.0,726.0,114.0,260.0,1,1,1.0
89,1,1047.0,725.0,114.0,261.0,1,1,1.0
90,1,1045.0,724.0,115.0,260.0,1,1,1.0
91,1,1042.0,723.0,115.0,256.0,1,1,1.0
92,1,1039.0,720.0,112.0,256.0,1,1,1.0
93,1,1035.0,717.0,106.0,251.0,1,1,1.0
94,1,1033.0,713.0,101.0,243.0,1,1,1.0
95,1,1031.0,710.0,98.0,239.0,1,1,1.0
96,1,1028.0,707.0,99.0,238.0,1,1,1.0
97,1,1026.0,705.0,103.0,239.0,1,1,1.0
98,1,1024.0,704.0,105.0,239.0,1,1,1.0
99,1,1023.0,702.0,104.0,238.0,1,1,1.0
100,1,1023.0,701.0,102.0,239.0,1,1,1.0
101,1,1023.0,698.0,99.0,240.0,1,1,1.0
102,1,1022.0,695.0,97.0,236.0,1,1,1.0
103,1,1021.0,691.0,96.0,228.0,1,1,1.0
104,1,1019.0,688.0,94.0,225.0,1,1,1.0
105,1,1017.0,685.0,92.0,224.0,1,1,1.0
106,1,1015.0,682.0,90.0,225.0,1,1,1.0
107,1,1013.0,682.0,87.0,226.0,1,1,1.0
108,1,1010.0,681.0,85.0,225.0,1,1,1.0
109,1,1008.0,681.0,84.0,224.0,1,1,1.0
110,1,1005.0,679.0,83.0,220.0,1,1,1.0
111,1,1002.0,675.0,82.0,217.0,1,1,1.0
112,1,1000.0,671.0,83.0,212.0,1,1,1.0
113,1,997.0,667.0,85.0,210.0,1,1,1.0
114,1,995.0,664.0,86.0,212.0,1,1,1.0
115,1,993.0,662.0,88.0,214.0,1,1,1.0
116,1,990.0,660.0,90.0,215.0,1,1,1.0
117,1,989.0,659.0,89.0,216.0,1,1,1.0
118,1,988.0,657.0,88.0,215.0,1,1,1.0
119,1,988.0,655.0,87.0,215.0,1,1,1.0
120,1,988.0,653.0,87.0,210.0,1,1,1.0
121,1,986.0,650.0,86.0,205.0,1,1,1.0
122,1,984.0,647.0,84.0,203.0,1,1,1.0
123,1,982.0,645.0,82.0,203.0,1,1,1.0
124,1,980.0,644.0,84.0,203.0,1,1,1.0
125,1,979.0,643.0,89.0,203.0,1,1,1.0
126,1,977.0,643.0,92.0,203.0,1,1,1.0
127,1,974.0,642.0,95.0,200.0,1,1,1.0
128,1,973.0,640.0,93.0,198.0,1,1,1.0
129,1,972.0,638.0,90.0,193.0,1,1,1.0
130,1,970.0,635.0,86.0,191.0,1,1,1.0
131,1,968.0,633.0,82.0,191.0,1,1,1.0
132,1,968.0,631.0,81.0,191.0,1,1,1.0
133,1,967.0,631.0,81.0,192.0,1,1,1.0
134,1,966.0,630.0,80.0,192.0,1,1,1.0
135,1,967.0,629.0,78.0,192.0,1,1,1.0
136,1,967.0,628.0,77.0,191.0,1,1,1.0
137,1,967.0,626.0,76.0,188.0,1,1,1.0
138,1,967.0,623.0,75.0,183.0,1,1,1.0
139,1,967.0,621.0,73.0,181.0,1,1,1.0
140,1,965.0,619.0,72.0,181.0,1,1,1.0
141,1,964.0,617.0,71.0,182.0,1,1,1.0
142,1,963.0,616.0,70.0,183.0,1,1,1.0
143,1,962.0,616.0,69.0,182.0,1,1,1.0
144,1,961.0,616.0,69.0,181.0,1,1,1.0
145,1,961.0,615.0,67.0,179.0,1,1,1.0
146,1,962.0,613.0,66.0,175.0,1,1,1.0
147,1,963.0,611.0,65.0,172.0,1,1,1.0
148,1,963.0,608.0,65.0,171.0,1,1,1.0
149,1,963.0,607.0,68.0,172.0,1,1,1.0
150,1,963.0,606.0,70.0,173.0,1,1,1.0
151,1,962.0,605.0,73.0,173.0,1,1,1.0
152,1,962.0,605.0,74.0,173.0,1,1,1.0
153,1,962.0,605.0,75.0,172.0,1,1,1.0
154,1,965.0,604.0,72.0,171.0,1,1,1.0
155,1,968.0,602.0,71.0,168.0,1,1,1.0
156,1,969.0,600.0,70.0,166.0,1,1,1.0
157,1,970.0,597.0,70.0,166.0,1,1,1.0
158,1,971.0,596.0,68.0,166.0,1,1,1.0
159,1,972.0,595.0,66.0,166.0,1,1,1.0
160,1,972.0,595.0,65.0,166.0,1,1,1.0
161,1,973.0,595.0,63.0,166.0,1,1,1.0
162,1,973.0,596.0,62.0,164.0,1,1,1.0
163,1,973.0,595.0,61.0,163.0,1,1,1.0
164,1,974.0,594.0,60.0,160.0,1,1,1.0
165,1,973.0,592.0,61.0,156.0,1,1,1.0
166,1,974.0,591.0,63.0,155.0,1,1,1.0
167,1,974.0,589.0,65.0,155.0,1,1,1.0
168,1,974.0,589.0,67.0,155.0,1,1,1.0
169,1,974.0,589.0,68.0,155.0,1,1,1.0
170,1,974.0,589.0,68.0,154.0,1,1,1.0
171,1,976.0,589.0,66.0,154.0,1,1,1.0
172,1,977.0,588.0,66.0,154.0,1,1,1.0
173,1,978.0,586.0,65.0,151.0,1,1,1.0
174,1,979.0,584.0,63.0,150.0,1,1,1.0
175,1,980.0,582.0,62.0,150.0,1,1,1.0
176,1,980.0,582.0,60.0,150.0,1,1,1.0
177,1,980.0,581.0,58.0,150.0,1,1,1.0
178,1,980.0,581.0,56.0,150.0,1,1,1.0
179,1,979.0,582.0,55.0,149.0,1,1,1.0
180,1,978.0,582.0,54.0,148.0,1,1,1.0
181,1,977.0,581.0,54.0,147.0,1,1,1.0
182,1,977.0,580.0,53.0,143.0,1,1,1.0
183,1,976.0,578.0,54.0,142.0,1,1,1.0
184,1,976.0,576.0,56.0,143.0,1,1,1.0
185,1,975.0,575.0,58.0,143.0,1,1,1.0
186,1,975.0,574.0,60.0,143.0,1,1,1.0
187,1,974.0,574.0,61.0,144.0,1,1,1.0
188,1,974.0,574.0,60.0,143.0,1,1,1.0
189,1,975.0,574.0,60.0,142.0,1,1,1.0
190,1,976.0,574.0,59.0,141.0,1,1,1.0
191,1,976.0,574.0,58.0,137.0,1,1,1.0
192,1,976.0,573.0,58.0,136.0,1,1,1.0
193,1,975.0,572.0,56.0,136.0,1,1,1.0
194,1,975.0,571.0,54.0,136.0,1,1,1.0
195,1,975.0,571.0,52.0,137.0,1,1,1.0
196,1,975.0,571.0,50.0,137.0,1,1,1.0
197,1,974.0,571.0,49.0,136.0,1,1,1.0
198,1,974.0,571.0,48.0,135.0,1,1,1.0
199,1,973.0,570.0,48.0,135.0,1,1,1.0
200,1,973.0,569.0,47.0,132.0,1,1,1.0
201,1,972.0,567.0,48.0,132.0,1,1,1.0
202,1,971.0,566.0,50.0,131.0,1,1,1.0
203,1,971.0,565.0,52.0,131.0,1,1,1.0
204,1,970.0,565.0,55.0,131.0,1,1,1.0
205,1,970.0,565.0,56.0,131.0,1,1,1.0
206,1,969.0,565.0,56.0,131.0,1,1,1.0
207,1,969.0,565.0,56.0,130.0,1,1,1.0
208,1,970.0,564.0,55.0,130.0,1,1,1.0
209,1,971.0,563.0,54.0,127.0,1,1,1.0
210,1,971.0,562.0,54.0,126.0,1,1,1.0
211,1,971.0,560.0,52.0,126.0,1,1,1.0
212,1,972.0,559.0,50.0,126.0,1,1,1.0
213,1,971.0,559.0,49.0,127.0,1,1,1.0
214,1,971.0,559.0,48.0,127.0,1,1,1.0
215,1,970.0,559.0,47.0,126.0,1,1,1.0
216,1,966.0,560.0,50.0,126.0,1,1,1.0
217,1,964.0,560.0,51.0,125.0,1,1,1.0
218,1,963.0,559.0,52.0,122.0,1,1,1.0
219,1,962.0,558.0,52.0,121.0,1,1,1.0
220,1,964.0,557.0,52.0,120.0,1,1,1.0
221,1,965.0,556.0,52.0,121.0,1,1,1.0
222,1,967.0,556.0,51.0,121.0,1,1,1.0
223,1,966.0,556.0,53.0,122.0,1,1,1.0
224,1,966.0,556.0,53.0,121.0,1,1,1.0
225,1,966.0,556.0,54.0,120.0,1,1,1.0
226,1,968.0,555.0,52.0,120.0,1,1,1.0
227,1,970.0,554.0,50.0,119.0,1,1,1.0
228,1,971.0,553.0,49.0,118.0,1,1,1.0
229,1,970.0,552.0,48.0,117.0,1,1,1.0
230,1,970.0,552.0,47.0,117.0,1,1,1.0
231,1,970.0,551.0,46.0,117.0,1,1,1.0
232,1,970.0,552.0,45.0,117.0,1,1,1.0
233,1,970.0,552.0,43.0,116.0,1,1,1.0
234,1,970.0,553.0,42.0,116.0,1,1,1.0
235,1,969.0,552.0,41.0,115.0,1,1,1.0
236,1,968.0,552.0,42.0,112.0,1,1,1.0
237,1,968.0,550.0,42.0,112.0,1,1,1.0
238,1,967.0,549.0,43.0,112.0,1,1,1.0
239,1,966.0,548.0,45.0,113.0,1,1,1.0
240,1,965.0,548.0,47.0,113.0,1,1,1.0
241,1,964.0,548.0,48.0,113.0,1,1,1.0
242,1,964.0,548.0,49.0,113.0,1,1,1.0
243,1,964.0,548.0,49.0,112.0,1,1,1.0
244,1,964.0,548.0,48.0,112.0,1,1,1.0
245,1,963.0,547.0,47.0,110.0,1,1,1.0
246,1,963.0,545.0,47.0,110.0,1,1,1.0
247,1,962.0,544.0,46.0,110.0,1,1,1.0
248,1,960.0,544.0,45.0,110.0,1,1,1.0
249,1,959.0,543.0,44.0,110.0,1,1,1.0
250,1,959.0,543.0,43.0,110.0,1,1,1.0
251,1,958.0,543.0,42.0,110.0,1,1,1.0
252,1,957.0,543.0,41.0,109.0,1,1,1.0
253,1,957.0,543.0,40.0,108.0,1,1,1.0
254,1,956.0,542.0,39.0,107.0,1,1,1.0
255,1,956.0,541.0,39.0,107.0,1,1,1.0
256,1,955.0,541.0,40.0,107.0,1,1,1.0
257,1,954.0,540.0,42.0,107.0,1,1,1.0
258,1,954.0,540.0,43.0,107.0,1,1,1.0
259,1,953.0,540.0,44.0,107.0,1,1,1.0
260,1,953.0,540.0,45.0,107.0,1,1,1.0
261,1,953.0,540.0,44.0,106.0,1,1,1.0
262,1,952.0,540.0,44.0,106.0,1,1,1.0
263,1,952.0,539.0,44.0,104.0,1,1,1.0
264,1,951.0,538.0,43.0,104.0,1,1,1.0
265,1,951.0,538.0,42.0,104.0,1,1,1.0
266,1,950.0,537.0,41.0,103.0,1,1,1.0
267,1,950.0,537.0,39.0,103.0,1,1,1.0
268,1,949.0,537.0,38.0,103.0,1,1,1.0
269,1,949.0,537.0,37.0,103.0,1,1,1.0
270,1,948.0,538.0,36.0,102.0,1,1,1.0
271,1,946.0,538.0,36.0,102.0,1,1,1.0
272,1,945.0,537.0,37.0,100.0,1,1,1.0
273,1,943.0,536.0,38.0,99.0,1,1,1.0
274,1,942.0,535.0,39.0,100.0,1,1,1.0
275,1,942.0,535.0,39.0,100.0,1,1,1.0
276,1,942.0,534.0,40.0,100.0,1,1,1.0
277,1,941.0,534.0,41.0,100.0,1,1,1.0
278,1,941.0,534.0,41.0,100.0,1,1,1.0
279,1,941.0,534.0,41.0,99.0,1,1,1.0
280,1,940.0,534.0,40.0,99.0,1,1,1.0
281,1,940.0,534.0,40.0,99.0,1,1,1.0
282,1,939.0,533.0,40.0,98.0,1,1,1.0
283,1,939.0,532.0,39.0,98.0,1,1,1.0
284,1,938.0,531.0,39.0,98.0,1,1,1.0
285,1,938.0,530.0,37.0,98.0,1,1,1.0
286,1,937.0,530.0,36.0,98.0,1,1,1.0
287,1,937.0,530.0,34.0,98.0,1,1,1.0
288,1,937.0,531.0,33.0,97.0,1,1,1.0
289,1,937.0,531.0,32.0,97.0,1,1,1.0
290,1,937.0,531.0,32.0,96.0,1,1,1.0
291,1,936.0,530.0,32.0,95.0,1,1,1.0
292,1,934.0,530.0,34.0,94.0,1,1,1.0
293,1,934.0,529.0,35.0,95.0,1,1,1.0
294,1,933.0,528.0,37.0,95.0,1,1,1.0
295,1,933.0,528.0,38.0,95.0,1,1,1.0
296,1,933.0,528.0,38.0,95.0,1,1,1.0
297,1,932.0,528.0,39.0,95.0,1,1,1.0
298,1,931.0,528.0,40.0,94.0,1,1,1.0
299,1,931.0,528.0,39.0,94.0,1,1,1.0
300,1,931.0,527.0,39.0,93.0,1,1,1.0
301,1,930.0,527.0,39.0,92.0,1,1,1.0
302,1,930.0,527.0,39.0,92.0,1,1,1.0
303,1,930.0,526.0,38.0,92.0,1,1,1.0
304,1,930.0,526.0,37.0,91.0,1,1,1.0
305,1,930.0,526.0,37.0,91.0,1,1,1.0
306,1,930.0,527.0,36.0,91.0,1,1,1.0
307,1,930.0,527.0,36.0,90.0,1,1,1.0
308,1,930.0,527.0,35.0,90.0,1,1,1.0
309,1,929.0,526.0,35.0,89.0,1,1,1.0
310,1,929.0,525.0,35.0,89.0,1,1,1.0
311,1,929.0,524.0,35.0,90.0,1,1,1.0
312,1,929.0,524.0,36.0,90.0,1,1,1.0
313,1,929.0,524.0,36.0,90.0,1,1,1.0
314,1,929.0,524.0,37.0,90.0,1,1,1.0
315,1,929.0,524.0,37.0,89.0,1,1,1.0
316,1,930.0,524.0,37.0,88.0,1,1,1.0
317,1,930.0,524.0,36.0,88.0,1,1,1.0
318,1,931.0,524.0,36.0,87.0,1,1,1.0
319,1,931.0,524.0,35.0,86.0,1,1,1.0
320,1,931.0,523.0,36.0,86.0,1,1,1.0
321,1,931.0,522.0,37.0,87.0,1,1,1.0
322,1,932.0,521.0,36.0,87.0,1,1,1.0
323,1,932.0,521.0,36.0,88.0,1,1,1.0
324,1,934.0,521.0,35.0,87.0,1,1,1.0
325,1,935.0,522.0,35.0,87.0,1,1,1.0
326,1,936.0,523.0,34.0,86.0,1,1,1.0
327,1,939.0,523.0,32.0,85.0,1,1,1.0
328,1,940.0,523.0,33.0,84.0,1,1,1.0
329,1,941.0,521.0,32.0,84.0,1,1,1.0
330,1,943.0,521.0,31.0,85.0,1,1,1.0
331,1,944.0,520.0,31.0,85.0,1,1,1.0
332,1,943.0,520.0,33.0,84.0,1,1,1.0
333,1,943.0,522.0,38.0,83.0,1,1,1.0
334,1,944.0,522.0,38.0,82.0,1,1,1.0
335,1,947.0,523.0,36.0,82.0,1,1,1.0
336,1,950.0,523.0,34.0,79.0,1,1,1.0
337,1,956.0,522.0,31.0,76.0,1,1,1.0
338,1,961.0,521.0,28.0,80.0,1,1,1.0
339,1,965.0,520.0,27.0,82.0,1,1,1.0
340,1,968.0,520.0,27.0,82.0,1,1,1.0
341,1,969.0,520.0,29.0,82.0,1,1,1.0
342,1,970.0,521.0,31.0,82.0,1,1,1.0
343,1,971.0,522.0,34.0,82.0,1,1,1.0
344,1,973.0,522.0,34.0,81.0,1,1,1.0
345,1,978.0,522.0,34.0,80.0,1,1,1.0
346,1,984.0,520.0,31.0,80.0,1,1,1.0
348,1,994.0,519.0,28.0,83.0,1,1,1.0
349,1,995.0,519.0,30.0,82.0,1,1,1.0
350,1,996.0,519.0,32.0,83.0,1,1,1.0
351,1,997.0,520.0,34.0,82.0,1,1,1.0
352,1,998.0,521.0,36.0,82.0,1,1,1.0
353,1,1002.0,521.0,35.0,83.0,1,1,1.0
354,1,1006.0,520.0,34.0,83.0,1,1,1.0
355,1,1011.0,519.0,31.0,84.0,1,1,1.0
356,1,1015.0,519.0,29.0,85.0,1,1,1.0
357,1,1017.0,519.0,31.0,85.0,1,1,1.0
358,1,1019.0,519.0,32.0,85.0,1,1,1.0
359,1,1019.0,520.0,37.0,85.0,1,1,1.0
360,1,1019.0,521.0,41.0,84.0,1,1,1.0
361,1,1021.0,521.0,42.0,85.0,1,1,1.0
362,1,1025.0,522.0,39.0,84.0,1,1,1.0
363,1,1030.0,521.0,37.0,86.0,1,1,1.0
364,1,1034.0,520.0,35.0,86.0,1,1,1.0
365,1,1039.0,520.0,34.0,87.0,1,1,1.0
366,1,1044.0,520.0,33.0,88.0,1,1,1.0
367,1,1046.0,520.0,34.0,88.0,1,1,1.0
368,1,1047.0,521.0,36.0,88.0,1,1,1.0
369,1,1048.0,522.0,38.0,87.0,1,1,1.0
370,1,1049.0,522.0,40.0,88.0,1,1,1.0
371,1,1053.0,523.0,39.0,89.0,1,1,1.0
372,1,1058.0,522.0,37.0,90.0,1,1,1.0
373,1,1063.0,522.0,34.0,91.0,1,1,1.0
374,1,1068.0,521.0,31.0,92.0,1,1,1.0
375,1,1072.0,522.0,31.0,92.0,1,1,1.0
376,1,1074.0,522.0,33.0,91.0,1,1,1.0
377,1,1075.0,524.0,37.0,90.0,1,1,1.0
378,1,1077.0,524.0,40.0,90.0,1,1,1.0
379,1,1078.0,525.0,41.0,90.0,1,1,1.0
380,1,1081.0,525.0,40.0,90.0,1,1,1.0
381,1,1085.0,525.0,38.0,90.0,1,1,1.0
382,1,1091.0,525.0,35.0,91.0,1,1,1.0
383,1,1098.0,525.0,32.0,91.0,1,1,1.0
384,1,1102.0,525.0,31.0,92.0,1,1,1.0
385,1,1103.0,525.0,33.0,92.0,1,1,1.0
386,1,1103.0,526.0,37.0,91.0,1,1,1.0
387,1,1103.0,527.0,40.0,91.0,1,1,1.0
388,1,1105.0,527.0,42.0,91.0,1,1,1.0
389,1,1109.0,527.0,41.0,91.0,1,1,1.0
390,1,1114.0,527.0,39.0,92.0,1,1,1.0
391,1,1119.0,527.0,37.0,93.0,1,1,1.0
392,1,1125.0,527.0,33.0,93.0,1,1,1.0
393,1,1128.0,527.0,33.0,94.0,1,1,1.0
394,1,1130.0,527.0,35.0,93.0,1,1,1.0
395,1,1132.0,528.0,39.0,93.0,1,1,1.0
396,1,1133.0,529.0,42.0,93.0,1,1,1.0
397,1,1135.0,530.0,41.0,93.0,1,1,1.0
398,1,1138.0,530.0,41.0,94.0,1,1,1.0
399,1,1143.0,530.0,38.0,94.0,1,1,1.0
400,1,1150.0,529.0,35.0,94.0,1,1,1.0
401,1,1157.0,529.0,32.0,96.0,1,1,1.0
402,1,1160.0,530.0,32.0,96.0,1,1,1.0
403,1,1161.0,530.0,34.0,96.0,1,1,1.0
404,1,1162.0,531.0,38.0,96.0,1,1,1.0
407,1,1171.0,533.0,38.0,96.0,1,1,1.0
408,1,1176.0,532.0,36.0,96.0,1,1,1.0
409,1,1181.0,531.0,34.0,97.0,1,1,1.0
410,1,1185.0,531.0,34.0,98.0,1,1,1.0
411,1,1188.0,531.0,34.0,98.0,1,1,1.0
412,1,1189.0,533.0,39.0,96.0,1,1,1.0
413,1,1190.0,534.0,44.0,95.0,1,1,1.0
414,1,1191.0,535.0,48.0,95.0,1,1,1.0
415,1,1193.0,537.0,47.0,94.0,1,1,1.0
416,1,1197.0,536.0,46.0,94.0,1,1,1.0
417,1,1204.0,536.0,42.0,94.0,1,1,1.0
418,1,1212.0,536.0,36.0,95.0,1,1,1.0
419,1,1219.0,535.0,33.0,97.0,1,1,1.0
420,1,1224.0,535.0,32.0,98.0,1,1,1.0
421,1,1226.0,536.0,35.0,96.0,1,1,1.0
422,1,1227.0,536.0,38.0,96.0,1,1,1.0
423,1,1228.0,537.0,42.0,95.0,1,1,1.0
424,1,1229.0,537.0,47.0,96.0,1,1,1.0
425,1,1233.0,539.0,44.0,93.0,1,1,1.0
426,1,1240.0,537.0,41.0,92.0,1,1,1.0
427,1,1246.0,537.0,39.0,90.0,1,1,1.0
428,1,1249.0,536.0,40.0,89.0,1,1,1.0
429,1,1253.0,536.0,37.0,88.0,1,1,1.0
430,1,1255.0,538.0,37.0,87.0,1,1,1.0
431,1,1257.0,539.0,39.0,86.0,1,1,1.0
432,1,1259.0,540.0,40.0,84.0,1,1,1.0
433,1,1261.0,540.0,42.0,85.0,1,1,1.0
434,1,1263.0,542.0,43.0,82.0,1,1,1.0
435,1,1270.0,541.0,40.0,84.0,1,1,1.0
436,1,1276.0,540.0,38.0,83.0,1,1,1.0
437,1,1282.0,540.0,34.0,85.0,1,1,1.0
438,1,1288.0,540.0,34.0,85.0,1,1,1.0
439,1,1291.0,541.0,35.0,96.0,1,1,1.0
440,1,1292.0,542.0,37.0,99.0,1,1,1.0
441,1,1294.0,543.0,40.0,102.0,1,1,1.0
442,1,1296.0,544.0,41.0,103.0,1,1,1.0
443,1,1300.0,544.0,40.0,104.0,1,1,1.0
444,1,1305.0,544.0,39.0,104.0,1,1,1.0
445,1,1311.0,544.0,36.0,104.0,1,1,1.0
446,1,1317.0,544.0,35.0,104.0,1,1,1.0
447,1,1319.0,543.0,36.0,106.0,1,1,1.0
448,1,1320.0,544.0,40.0,105.0,1,1,1.0
449,1,1322.0,545.0,46.0,105.0,1,1,1.0
450,1,1322.0,547.0,51.0,104.0,1,1,1.0
451,1,1324.0,547.0,52.0,104.0,1,1,1.0
452,1,1328.0,547.0,50.0,104.0,1,1,1.0
453,1,1334.0,548.0,47.0,104.0,1,1,1.0
454,1,1342.0,548.0,42.0,104.0,1,1,1.0
455,1,1350.0,546.0,37.0,106.0,1,1,1.0
456,1,1358.0,547.0,35.0,107.0,1,1,1.0
457,1,1361.0,547.0,36.0,106.0,1,1,1.0
458,1,1362.0,548.0,40.0,105.0,1,1,1.0
459,1,1363.0,549.0,43.0,105.0,1,1,1.0
460,1,1365.0,550.0,46.0,107.0,1,1,1.0
461,1,1370.0,550.0,45.0,108.0,1,1,1.0
462,1,1375.0,551.0,41.0,107.0,1,1,1.0
463,1,1383.0,552.0,37.0,106.0,1,1,1.0
464,1,1388.0,550.0,35.0,108.0,1,1,1.0
465,1,1392.0,550.0,35.0,108.0,1,1,1.0
466,1,1394.0,551.0,39.0,108.0,1,1,1.0
467,1,1395.0,551.0,45.0,108.0,1,1,1.0
468,1,1396.0,553.0,51.0,107.0,1,1,1.0
469,1,1397.0,554.0,54.0,106.0,1,1,1.0
470,1,1400.0,554.0,52.0,106.0,1,1,1.0
471,1,1405.0,555.0,49.0,106.0,1,1,1.0
472,1,1413.0,554.0,44.0,106.0,1,1,1.0
473,1,1421.0,554.0,40.0,106.0,1,1,1.0
474,1,1429.0,554.0,35.0,108.0,1,1,1.0
475,1,1433.0,553.0,34.0,109.0,1,1,1.0
476,1,1434.0,555.0,38.0,108.0,1,1,1.0
477,1,1435.0,556.0,43.0,107.0,1,1,1.0
478,1,1437.0,557.0,45.0,108.0,1,1,1.0
479,1,1440.0,558.0,46.0,109.0,1,1,1.0
480,1,1443.0,558.0,45.0,109.0,1,1,1.0
481,1,1450.0,558.0,40.0,109.0,1,1,1.0
482,1,1454.0,558.0,41.0,110.0,1,1,1.0
483,1,1458.0,557.0,40.0,110.0,1,1,1.0
484,1,1461.0,557.0,40.0,111.0,1,1,1.0
485,1,1463.0,558.0,43.0,110.0,1,1,1.0
486,1,1466.0,559.0,44.0,110.0,1,1,1.0
487,1,1467.0,560.0,45.0,111.0,1,1,1.0
488,1,1468.0,562.0,45.0,110.0,1,1,1.0
489,1,1470.0,563.0,44.0,109.0,1,1,1.0
490,1,1474.0,563.0,40.0,110.0,1,1,1.0
491,1,1476.0,563.0,38.0,109.0,1,1,1.0
492,1,1478.0,563.0,37.0,109.0,1,1,1.0
493,1,1477.0,563.0,37.0,110.0,1,1,1.0
494,1,1477.0,564.0,38.0,110.0,1,1,1.0
495,1,1476.0,564.0,39.0,111.0,1,1,1.0
496,1,1475.0,565.0,40.0,111.0,1,1,1.0
497,1,1475.0,566.0,40.0,111.0,1,1,1.0
498,1,1475.0,565.0,39.0,111.0,1,1,1.0
499,1,1475.0,565.0,38.0,111.0,1,1,1.0
500,1,1474.0,565.0,38.0,111.0,1,1,1.0
501,1,1473.0,565.0,38.0,112.0,1,1,1.0
502,1,1472.0,565.0,39.0,113.0,1,1,1.0
503,1,1470.0,565.0,40.0,114.0,1,1,1.0
504,1,1467.0,566.0,41.0,114.0,1,1,1.0
505,1,1465.0,568.0,42.0,114.0,1,1,1.0
506,1,1462.0,569.0,45.0,114.0,1,1,1.0
507,1,1460.0,569.0,47.0,114.0,1,1,1.0
508,1,1457.0,569.0,45.0,114.0,1,1,1.0
509,1,1455.0,568.0,45.0,115.0,1,1,1.0
510,1,1453.0,568.0,44.0,116.0,1,1,1.0
511,1,1451.0,567.0,42.0,116.0,1,1,1.0
512,1,1450.0,568.0,41.0,116.0,1,1,1.0
513,1,1444.0,568.0,45.0,117.0,1,1,1.0
514,1,1440.0,568.0,46.0,118.0,1,1,1.0
515,1,1437.0,569.0,48.0,119.0,1,1,1.0
516,1,1433.0,570.0,50.0,118.0,1,1,1.0
517,1,1431.0,570.0,48.0,118.0,1,1,1.0
518,1,1429.0,570.0,45.0,119.0,1,1,1.0
519,1,1426.0,569.0,44.0,119.0,1,1,1.0
520,1,1422.0,569.0,44.0,121.0,1,1,1.0
521,1,1416.0,569.0,46.0,122.0,1,1,1.0
522,1,1411.0,571.0,48.0,121.0,1,1,1.0
523,1,1405.0,572.0,51.0,122.0,1,1,1.0
524,1,1402.0,573.0,52.0,121.0,1,1,1.0
525,1,1400.0,574.0,51.0,120.0,1,1,1.0
526,1,1398.0,574.0,49.0,121.0,1,1,1.0
527,1,1397.0,574.0,46.0,122.0,1,1,1.0
528,1,1397.0,574.0,43.0,121.0,1,1,1.0
529,1,1395.0,573.0,42.0,122.0,1,1,1.0
530,1,1388.0,574.0,45.0,122.0,1,1,1.0
531,1,1380.0,574.0,50.0,123.0,1,1,1.0
532,1,1377.0,575.0,50.0,123.0,1,1,1.0
533,1,1375.0,575.0,50.0,124.0,1,1,1.0
534,1,1372.0,576.0,50.0,124.0,1,1,1.0
535,1,1368.0,575.0,50.0,125.0,1,1,1.0
536,1,1364.0,574.0,49.0,126.0,1,1,1.0
537,1,1362.0,574.0,47.0,126.0,1,1,1.0
538,1,1358.0,574.0,49.0,128.0,1,1,1.0
539,1,1353.0,575.0,52.0,130.0,1,1,1.0
540,1,1347.0,576.0,52.0,131.0,1,1,1.0
541,1,1343.0,577.0,52.0,130.0,1,1,1.0
542,1,1339.0,578.0,53.0,130.0,1,1,1.0
543,1,1337.0,579.0,53.0,129.0,1,1,1.0
544,1,1333.0,579.0,53.0,130.0,1,1,1.0
545,1,1331.0,577.0,51.0,131.0,1,1,1.0
546,1,1329.0,578.0,50.0,131.0,1,1,1.0
547,1,1329.0,577.0,46.0,132.0,1,1,1.0
548,1,1325.0,577.0,47.0,133.0,1,1,1.0
549,1,1318.0,577.0,50.0,134.0,1,1,1.0
550,1,1315.0,580.0,51.0,133.0,1,1,1.0
551,1,1312.0,581.0,51.0,132.0,1,1,1.0
552,1,1310.0,582.0,52.0,132.0,1,1,1.0
553,1,1307.0,582.0,50.0,132.0,1,1,1.0
554,1,1304.0,581.0,46.0,133.0,1,1,1.0
555,1,1298.0,581.0,47.0,134.0,1,1,1.0
556,1,1291.0,581.0,51.0,136.0,1,1,1.0
557,1,1287.0,581.0,51.0,137.0,1,1,1.0
558,1,1281.0,581.0,53.0,139.0,1,1,1.0
559,1,1273.0,583.0,58.0,139.0,1,1,1.0
560,1,1269.0,584.0,58.0,139.0,1,1,1.0
561,1,1265.0,583.0,57.0,140.0,1,1,1.0
562,1,1262.0,583.0,57.0,140.0,1,1,1.0
563,1,1260.0,584.0,54.0,140.0,1,1,1.0
564,1,1260.0,583.0,51.0,140.0,1,1,1.0
565,1,1259.0,583.0,49.0,140.0,1,1,1.0
566,1,1252.0,583.0,54.0,142.0,1,1,1.0
567,1,1247.0,583.0,57.0,143.0,1,1,1.0
568,1,1243.0,585.0,58.0,142.0,1,1,1.0
569,1,1238.0,586.0,60.0,142.0,1,1,1.0
570,1,1235.0,587.0,59.0,142.0,1,1,1.0
571,1,1232.0,586.0,58.0,143.0,1,1,1.0
572,1,1229.0,586.0,54.0,143.0,1,1,1.0
573,1,1222.0,584.0,52.0,145.0,1,1,1.0
575,1,1203.0,586.0,58.0,148.0,1,1,1.0
576,1,1195.0,588.0,61.0,148.0,1,1,1.0
577,1,1188.0,590.0,63.0,147.0,1,1,1.0
578,1,1183.0,591.0,64.0,146.0,1,1,1.0
579,1,1179.0,591.0,62.0,147.0,1,1,1.0
580,1,1176.0,591.0,60.0,147.0,1,1,1.0
581,1,1175.0,589.0,60.0,149.0,1,1,1.0
582,1,1175.0,589.0,58.0,149.0,1,1,1.0
583,1,1170.0,590.0,63.0,148.0,1,1,1.0
584,1,1160.0,591.0,71.0,148.0,1,1,1.0
585,1,1150.0,593.0,79.0,149.0,1,1,1.0
586,1,1145.0,594.0,81.0,148.0,1,1,1.0
587,1,1142.0,595.0,77.0,148.0,1,1,1.0
588,1,1140.0,595.0,70.0,149.0,1,1,1.0
589,1,1136.0,595.0,64.0,149.0,1,1,1.0
590,1,1131.0,594.0,57.0,150.0,1,1,1.0
591,1,1124.0,594.0,53.0,151.0,1,1,1.0
592,1,1114.0,594.0,59.0,154.0,1,1,1.0
593,1,1104.0,595.0,62.0,155.0,1,1,1.0
594,1,1095.0,597.0,68.0,155.0,1,1,1.0
595,1,1087.0,598.0,74.0,155.0,1,1,1.0
596,1,1080.0,599.0,77.0,155.0,1,1,1.0
597,1,1076.0,600.0,75.0,155.0,1,1,1.0
598,1,1074.0,600.0,68.0,155.0,1,1,1.0
599,1,1073.0,599.0,61.0,156.0,1,1,1.0
600,1,1073.0,599.0,57.0,155.0,1,1,1.0
601,1,1070.0,599.0,58.0,156.0,1,1,1.0
602,1,1058.0,600.0,68.0,157.0,1,1,1.0
603,1,1048.0,601.0,73.0,157.0,1,1,1.0
604,1,1043.0,602.0,76.0,157.0,1,1,1.0
605,1,1040.0,603.0,75.0,158.0,1,1,1.0
606,1,1037.0,603.0,74.0,158.0,1,1,1.0
607,1,1034.0,602.0,71.0,159.0,1,1,1.0
608,1,1030.0,602.0,70.0,159.0,1,1,1.0
609,1,1026.0,602.0,69.0,161.0,1,1,1.0
610,1,1015.0,602.0,73.0,164.0,1,1,1.0
611,1,1004.0,603.0,75.0,165.0,1,1,1.0
612,1,994.0,605.0,78.0,165.0,1,1,1.0
613,1,985.0,606.0,80.0,167.0,1,1,1.0
614,1,978.0,608.0,82.0,167.0,1,1,1.0
615,1,973.0,609.0,79.0,166.0,1,1,1.0
616,1,970.0,609.0,72.0,167.0,1,1,1.0
617,1,971.0,609.0,62.0,167.0,1,1,1.0
618,1,969.0,608.0,56.0,168.0,1,1,1.0
619,1,961.0,608.0,59.0,167.0,1,1,1.0
620,1,951.0,609.0,66.0,168.0,1,1,1.0
621,1,938.0,611.0,76.0,169.0,1,1,1.0
622,1,927.0,613.0,86.0,170.0,1,1,1.0
623,1,917.0,614.0,92.0,170.0,1,1,1.0
624,1,911.0,614.0,93.0,171.0,1,1,1.0
625,1,907.0,615.0,89.0,171.0,1,1,1.0
626,1,905.0,614.0,78.0,171.0,1,1,1.0
627,1,905.0,615.0,64.0,173.0,1,1,1.0
628,1,899.0,615.0,61.0,177.0,1,1,1.0
629,1,887.0,617.0,69.0,178.0,1,1,1.0
630,1,875.0,619.0,78.0,179.0,1,1,1.0
631,1,864.0,622.0,88.0,181.0,1,1,1.0
632,1,854.0,624.0,93.0,180.0,1,1,1.0
633,1,846.0,626.0,93.0,180.0,1,1,1.0
634,1,842.0,626.0,86.0,179.0,1,1,1.0
635,1,844.0,626.0,72.0,179.0,1,1,1.0
636,1,845.0,626.0,62.0,179.0,1,1,1.0
637,1,841.0,627.0,61.0,179.0,1,1,1.0
638,1,827.0,628.0,72.0,180.0,1,1,1.0
639,1,813.0,631.0,83.0,181.0,1,1,1.0
640,1,807.0,633.0,88.0,182.0,1,1,1.0
641,1,802.0,634.0,90.0,183.0,1,1,1.0
642,1,797.0,635.0,88.0,183.0,1,1,1.0
643,1,791.0,635.0,82.0,183.0,1,1,1.0
644,1,785.0,634.0,73.0,184.0,1,1,1.0
645,1,776.0,635.0,66.0,186.0,1,1,1.0
646,1,763.0,636.0,71.0,190.0,1,1,1.0
647,1,747.0,638.0,83.0,189.0,1,1,1.0
648,1,734.0,640.0,95.0,190.0,1,1,1.0
649,1,723.0,643.0,104.0,191.0,1,1,1.0
650,1,713.0,646.0,107.0,192.0,1,1,1.0
651,1,707.0,647.0,102.0,191.0,1,1,1.0
652,1,704.0,647.0,90.0,191.0,1,1,1.0
653,1,706.0,647.0,71.0,192.0,1,1,1.0
654,1,705.0,646.0,62.0,192.0,1,1,1.0
655,1,693.0,647.0,71.0,192.0,1,1,1.0
656,1,675.0,649.0,87.0,191.0,1,1,1.0
657,1,661.0,651.0,99.0,192.0,1,1,1.0
658,1,654.0,653.0,103.0,192.0,1,1,1.0
659,1,651.0,655.0,101.0,193.0,1,1,1.0
660,1,647.0,655.0,95.0,193.0,1,1,1.0
