1,1,1903.0,348.0,16.0,107.0,1,1,1.0
3,1,1900.0,351.0,19.0,104.0,1,1,1.0
4,1,1900.0,353.0,19.0,103.0,1,1,1.0
8,1,1898.0,357.0,21.0,102.0,1,1,1.0
9,1,1896.0,358.0,23.0,102.0,1,1,1.0
10,1,1893.0,358.0,25.0,102.0,1,1,1.0
11,1,1892.0,357.0,27.0,102.0,1,1,1.0
12,1,1890.0,356.0,29.0,104.0,1,1,1.0
13,1,1890.0,353.0,29.0,107.0,1,1,1.0
14,1,1888.0,351.0,31.0,109.0,1,1,1.0
15,1,1884.0,350.0,35.0,110.0,1,1,1.0
16,1,1883.0,350.0,35.0,110.0,1,1,1.0
17,1,1879.0,350.0,37.0,110.0,1,1,1.0
18,1,1876.0,350.0,37.0,111.0,1,1,1.0
19,1,1875.0,349.0,37.0,111.0,1,1,1.0
20,1,1873.0,349.0,37.0,112.0,1,1,1.0
21,1,1872.0,348.0,35.0,112.0,1,1,1.0
22,1,1871.0,346.0,32.0,113.0,1,1,1.0
23,1,1867.0,346.0,32.0,114.0,1,1,1.0
24,1,1862.0,347.0,36.0,116.0,1,1,1.0
25,1,1857.0,349.0,38.0,113.0,1,1,1.0
26,1,1853.0,351.0,39.0,108.0,1,1,1.0
27,1,1848.0,351.0,39.0,107.0,1,1,1.0
28,1,1844.0,350.0,40.0,110.0,1,1,1.0
29,1,1840.0,351.0,40.0,111.0,1,1,1.0
30,1,1837.0,350.0,40.0,114.0,1,1,1.0
31,1,1836.0,347.0,39.0,117.0,1,1,1.0
32,1,1836.0,345.0,36.0,119.0,1,1,1.0
33,1,1834.0,344.0,35.0,120.0,1,1,1.0
34,1,1828.0,345.0,39.0,119.0,1,1,1.0
35,1,1820.0,346.0,44.0,118.0,1,1,1.0
36,1,1816.0,345.0,44.0,119.0,1,1,1.0
37,1,1813.0,345.0,44.0,119.0,1,1,1.0
38,1,1811.0,345.0,43.0,120.0,1,1,1.0
39,1,1810.0,344.0,40.0,120.0,1,1,1.0
40,1,1809.0,344.0,37.0,121.0,1,1,1.0
41,1,1806.0,343.0,36.0,123.0,1,1,1.0
42,1,1800.0,342.0,40.0,125.0,1,1,1.0
43,1,1794.0,343.0,43.0,124.0,1,1,1.0
44,1,1788.0,343.0,46.0,124.0,1,1,1.0
45,1,1782.0,344.0,48.0,124.0,1,1,1.0
46,1,1778.0,345.0,49.0,125.0,1,1,1.0
47,1,1774.0,345.0,49.0,125.0,1,1,1.0
48,1,1772.0,345.0,48.0,126.0,1,1,1.0
49,1,1770.0,343.0,46.0,128.0,1,1,1.0
50,1,1769.0,343.0,43.0,128.0,1,1,1.0
51,1,1766.0,343.0,42.0,128.0,1,1,1.0
52,1,1757.0,343.0,48.0,128.0,1,1,1.0
53,1,1749.0,344.0,51.0,128.0,1,1,1.0
54,1,1745.0,344.0,51.0,127.0,1,1,1.0
55,1,1743.0,344.0,51.0,127.0,1,1,1.0
56,1,1742.0,344.0,48.0,127.0,1,1,1.0
57,1,1741.0,343.0,44.0,128.0,1,1,1.0
58,1,1740.0,341.0,39.0,130.0,1,1,1.0
59,1,1736.0,340.0,40.0,131.0,1,1,1.0
60,1,1728.0,340.0,43.0,133.0,1,1,1.0
61,1,1720.0,340.0,47.0,133.0,1,1,1.0
62,1,1713.0,342.0,49.0,130.0,1,1,1.0
63,1,1707.0,342.0,51.0,131.0,1,1,1.0
64,1,1703.0,343.0,52.0,132.0,1,1,1.0
65,1,1698.0,343.0,51.0,132.0,1,1,1.0
66,1,1695.0,342.0,49.0,133.0,1,1,1.0
67,1,1693.0,340.0,46.0,135.0,1,1,1.0
68,1,1691.0,340.0,45.0,135.0,1,1,1.0
69,1,1683.0,339.0,48.0,135.0,1,1,1.0
70,1,1673.0,340.0,54.0,135.0,1,1,1.0
71,1,1664.0,340.0,59.0,135.0,1,1,1.0
72,1,1659.0,341.0,62.0,134.0,1,1,1.0
73,1,1656.0,340.0,62.0,134.0,1,1,1.0
74,1,1655.0,340.0,59.0,134.0,1,1,1.0
75,1,1654.0,339.0,52.0,135.0,1,1,1.0
76,1,1654.0,338.0,44.0,136.0,1,1,1.0
77,1,1648.0,337.0,45.0,137.0,1,1,1.0
78,1,1640.0,337.0,48.0,138.0,1,1,1.0
79,1,1632.0,337.0,51.0,138.0,1,1,1.0
80,1,1623.0,338.0,55.0,137.0,1,1,1.0
81,1,1617.0,339.0,57.0,137.0,1,1,1.0
82,1,1612.0,340.0,59.0,137.0,1,1,1.0
83,1,1608.0,340.0,56.0,138.0,1,1,1.0
84,1,1605.0,339.0,53.0,138.0,1,1,1.0
85,1,1603.0,338.0,50.0,140.0,1,1,1.0
86,1,1601.0,337.0,47.0,141.0,1,1,1.0
87,1,1593.0,337.0,50.0,141.0,1,1,1.0
88,1,1582.0,338.0,57.0,140.0,1,1,1.0
89,1,1571.0,339.0,63.0,140.0,1,1,1.0
90,1,1564.0,339.0,67.0,139.0,1,1,1.0
91,1,1561.0,339.0,68.0,139.0,1,1,1.0
92,1,1560.0,339.0,63.0,140.0,1,1,1.0
93,1,1559.0,338.0,57.0,140.0,1,1,1.0
94,1,1559.0,337.0,48.0,141.0,1,1,1.0
95,1,1555.0,336.0,45.0,142.0,1,1,1.0
96,1,1546.0,336.0,49.0,144.0,1,1,1.0
97,1,1536.0,336.0,53.0,144.0,1,1,1.0
98,1,1526.0,337.0,58.0,144.0,1,1,1.0
99,1,1519.0,338.0,61.0,144.0,1,1,1.0
100,1,1514.0,338.0,63.0,143.0,1,1,1.0
101,1,1510.0,338.0,61.0,144.0,1,1,1.0
102,1,1506.0,337.0,57.0,144.0,1,1,1.0
103,1,1503.0,336.0,53.0,146.0,1,1,1.0
104,1,1501.0,335.0,50.0,146.0,1,1,1.0
105,1,1492.0,335.0,53.0,147.0,1,1,1.0
106,1,1478.0,336.0,62.0,146.0,1,1,1.0
107,1,1466.0,337.0,72.0,145.0,1,1,1.0
108,1,1460.0,338.0,75.0,145.0,1,1,1.0
109,1,1456.0,338.0,76.0,144.0,1,1,1.0
110,1,1455.0,338.0,71.0,144.0,1,1,1.0
111,1,1454.0,337.0,62.0,145.0,1,1,1.0
112,1,1454.0,336.0,52.0,147.0,1,1,1.0
113,1,1449.0,335.0,49.0,149.0,1,1,1.0
114,1,1438.0,335.0,53.0,150.0,1,1,1.0
115,1,1427.0,335.0,58.0,148.0,1,1,1.0
116,1,1415.0,337.0,65.0,147.0,1,1,1.0
117,1,1407.0,338.0,71.0,148.0,1,1,1.0
118,1,1401.0,338.0,74.0,149.0,1,1,1.0
119,1,1396.0,337.0,70.0,150.0,1,1,1.0
120,1,1394.0,336.0,63.0,151.0,1,1,1.0
121,1,1393.0,335.0,55.0,152.0,1,1,1.0
122,1,1390.0,335.0,50.0,152.0,1,1,1.0
123,1,1381.0,335.0,53.0,152.0,1,1,1.0
124,1,1365.0,336.0,65.0,152.0,1,1,1.0
125,1,1351.0,336.0,77.0,151.0,1,1,1.0
126,1,1344.0,337.0,82.0,151.0,1,1,1.0
127,1,1340.0,337.0,84.0,151.0,1,1,1.0
128,1,1339.0,336.0,77.0,151.0,1,1,1.0
129,1,1338.0,335.0,66.0,152.0,1,1,1.0
130,1,1339.0,335.0,53.0,153.0,1,1,1.0
131,1,1334.0,334.0,49.0,155.0,1,1,1.0
132,1,1322.0,334.0,54.0,155.0,1,1,1.0
133,1,1307.0,335.0,62.0,154.0,1,1,1.0
134,1,1293.0,337.0,73.0,153.0,1,1,1.0
135,1,1286.0,338.0,78.0,152.0,1,1,1.0
136,1,1279.0,338.0,80.0,152.0,1,1,1.0
137,1,1275.0,338.0,77.0,153.0,1,1,1.0
138,1,1271.0,337.0,68.0,153.0,1,1,1.0
139,1,1271.0,336.0,59.0,155.0,1,1,1.0
140,1,1267.0,336.0,55.0,155.0,1,1,1.0
141,1,1257.0,336.0,60.0,156.0,1,1,1.0
142,1,1239.0,337.0,72.0,155.0,1,1,1.0
143,1,1226.0,338.0,82.0,154.0,1,1,1.0
144,1,1219.0,339.0,86.0,153.0,1,1,1.0
145,1,1217.0,338.0,83.0,153.0,1,1,1.0
146,1,1216.0,338.0,74.0,153.0,1,1,1.0
147,1,1216.0,337.0,61.0,154.0,1,1,1.0
148,1,1214.0,336.0,49.0,156.0,1,1,1.0
149,1,1204.0,335.0,49.0,158.0,1,1,1.0
150,1,1192.0,335.0,54.0,158.0,1,1,1.0
151,1,1176.0,336.0,67.0,157.0,1,1,1.0
152,1,1163.0,338.0,78.0,156.0,1,1,1.0
153,1,1155.0,339.0,84.0,156.0,1,1,1.0
154,1,1150.0,339.0,83.0,155.0,1,1,1.0
155,1,1146.0,339.0,75.0,156.0,1,1,1.0
156,1,1145.0,338.0,63.0,156.0,1,1,1.0
157,1,1143.0,337.0,52.0,157.0,1,1,1.0
158,1,1135.0,337.0,50.0,157.0,1,1,1.0
159,1,1121.0,337.0,61.0,158.0,1,1,1.0
160,1,1104.0,338.0,76.0,158.0,1,1,1.0
161,1,1092.0,339.0,87.0,157.0,1,1,1.0
162,1,1085.0,340.0,92.0,157.0,1,1,1.0
163,1,1082.0,340.0,90.0,157.0,1,1,1.0
164,1,1081.0,339.0,80.0,157.0,1,1,1.0
165,1,1081.0,339.0,66.0,157.0,1,1,1.0
166,1,1077.0,338.0,54.0,157.0,1,1,1.0
167,1,1068.0,338.0,51.0,158.0,1,1,1.0
168,1,1055.0,338.0,57.0,158.0,1,1,1.0
169,1,1040.0,340.0,70.0,158.0,1,1,1.0
170,1,1027.0,341.0,83.0,159.0,1,1,1.0
171,1,1017.0,343.0,89.0,158.0,1,1,1.0
172,1,1011.0,343.0,90.0,159.0,1,1,1.0
173,1,1006.0,342.0,84.0,158.0,1,1,1.0
174,1,1004.0,342.0,71.0,159.0,1,1,1.0
175,1,1005.0,342.0,55.0,159.0,1,1,1.0
176,1,1000.0,341.0,50.0,160.0,1,1,1.0
177,1,986.0,341.0,59.0,160.0,1,1,1.0
178,1,969.0,342.0,75.0,160.0,1,1,1.0
179,1,956.0,343.0,86.0,160.0,1,1,1.0
180,1,949.0,345.0,91.0,158.0,1,1,1.0
181,1,946.0,345.0,89.0,159.0,1,1,1.0
182,1,945.0,345.0,79.0,159.0,1,1,1.0
183,1,945.0,344.0,66.0,159.0,1,1,1.0
184,1,939.0,344.0,55.0,160.0,1,1,1.0
185,1,931.0,343.0,51.0,162.0,1,1,1.0
186,1,920.0,344.0,57.0,163.0,1,1,1.0
187,1,903.0,344.0,72.0,164.0,1,1,1.0
188,1,890.0,345.0,84.0,164.0,1,1,1.0
189,1,883.0,347.0,88.0,164.0,1,1,1.0
190,1,880.0,348.0,86.0,164.0,1,1,1.0
191,1,877.0,349.0,78.0,164.0,1,1,1.0
192,1,873.0,349.0,68.0,163.0,1,1,1.0
193,1,867.0,348.0,56.0,164.0,1,1,1.0
194,1,861.0,348.0,51.0,165.0,1,1,1.0
195,1,849.0,348.0,59.0,165.0,1,1,1.0
196,1,831.0,349.0,76.0,165.0,1,1,1.0
197,1,818.0,350.0,88.0,165.0,1,1,1.0
198,1,811.0,352.0,94.0,164.0,1,1,1.0
199,1,807.0,352.0,93.0,163.0,1,1,1.0
200,1,805.0,352.0,67.0,163.0,1,1,1.0
201,1,803.0,352.0,66.0,163.0,1,1,1.0
202,1,798.0,351.0,59.0,165.0,1,1,1.0
203,1,791.0,351.0,51.0,167.0,1,1,1.0
204,1,783.0,351.0,55.0,168.0,1,1,1.0
205,1,765.0,352.0,72.0,168.0,1,1,1.0
206,1,750.0,354.0,85.0,166.0,1,1,1.0
207,1,741.0,356.0,92.0,165.0,1,1,1.0
208,1,736.0,357.0,93.0,166.0,1,1,1.0
209,1,734.0,358.0,87.0,166.0,1,1,1.0
210,1,731.0,358.0,75.0,166.0,1,1,1.0
211,1,726.0,357.0,63.0,167.0,1,1,1.0
212,1,720.0,356.0,53.0,168.0,1,1,1.0
213,1,713.0,356.0,54.0,168.0,1,1,1.0
214,1,696.0,356.0,70.0,168.0,1,1,1.0
215,1,682.0,358.0,83.0,166.0,1,1,1.0
216,1,673.0,360.0,90.0,165.0,1,1,1.0
217,1,667.0,361.0,92.0,164.0,1,1,1.0
218,1,666.0,361.0,87.0,163.0,1,1,1.0
219,1,664.0,361.0,77.0,163.0,1,1,1.0
220,1,659.0,360.0,67.0,163.0,1,1,1.0
221,1,652.0,360.0,57.0,166.0,1,1,1.0
222,1,644.0,359.0,56.0,168.0,1,1,1.0
223,1,633.0,360.0,64.0,169.0,1,1,1.0
224,1,615.0,361.0,80.0,168.0,1,1,1.0
225,1,605.0,363.0,88.0,167.0,1,1,1.0
226,1,599.0,365.0,92.0,166.0,1,1,1.0
227,1,596.0,366.0,88.0,165.0,1,1,1.0
228,1,594.0,367.0,78.0,165.0,1,1,1.0
229,1,590.0,366.0,66.0,165.0,1,1,1.0
230,1,584.0,366.0,56.0,166.0,1,1,1.0
231,1,577.0,365.0,53.0,167.0,1,1,1.0
232,1,566.0,366.0,61.0,166.0,1,1,1.0
233,1,551.0,367.0,74.0,165.0,1,1,1.0
234,1,540.0,368.0,84.0,164.0,1,1,1.0
235,1,534.0,369.0,88.0,163.0,1,1,1.0
236,1,532.0,370.0,85.0,163.0,1,1,1.0
237,1,529.0,369.0,77.0,162.0,1,1,1.0
238,1,524.0,368.0,68.0,163.0,1,1,1.0
239,1,517.0,367.0,63.0,164.0,1,1,1.0
240,1,511.0,368.0,55.0,166.0,1,1,1.0
241,1,503.0,368.0,60.0,167.0,1,1,1.0
242,1,487.0,370.0,73.0,165.0,1,1,1.0
243,1,476.0,372.0,84.0,162.0,1,1,1.0
244,1,470.0,374.0,88.0,161.0,1,1,1.0
245,1,467.0,375.0,86.0,160.0,1,1,1.0
246,1,463.0,375.0,80.0,160.0,1,1,1.0
247,1,458.0,375.0,73.0,160.0,1,1,1.0
248,1,453.0,374.0,61.0,161.0,1,1,1.0
249,1,447.0,374.0,53.0,162.0,1,1,1.0
250,1,440.0,373.0,57.0,163.0,1,1,1.0
251,1,429.0,374.0,66.0,162.0,1,1,1.0
252,1,418.0,375.0,76.0,161.0,1,1,1.0
253,1,413.0,377.0,79.0,160.0,1,1,1.0
254,1,409.0,377.0,78.0,159.0,1,1,1.0
255,1,405.0,377.0,55.0,157.0,1,1,1.0
256,1,400.0,377.0,63.0,157.0,1,1,1.0
257,1,393.0,376.0,64.0,159.0,1,1,1.0
258,1,387.0,376.0,57.0,161.0,1,1,1.0
259,1,381.0,377.0,59.0,162.0,1,1,1.0
260,1,368.0,378.0,70.0,161.0,1,1,1.0
261,1,357.0,379.0,80.0,161.0,1,1,1.0
262,1,350.0,381.0,85.0,160.0,1,1,1.0
263,1,347.0,382.0,84.0,158.0,1,1,1.0
264,1,343.0,383.0,80.0,158.0,1,1,1.0
265,1,338.0,383.0,77.0,158.0,1,1,1.0
266,1,333.0,383.0,63.0,158.0,1,1,1.0
267,1,326.0,383.0,56.0,158.0,1,1,1.0
268,1,320.0,383.0,56.0,158.0,1,1,1.0
269,1,310.0,384.0,65.0,158.0,1,1,1.0
270,1,300.0,385.0,75.0,157.0,1,1,1.0
271,1,293.0,387.0,80.0,156.0,1,1,1.0
272,1,290.0,391.0,79.0,153.0,1,1,1.0
274,1,281.0,392.0,75.0,152.0,1,1,1.0
275,1,275.0,392.0,61.0,152.0,1,1,1.0
276,1,269.0,392.0,52.0,154.0,1,1,1.0
277,1,262.0,389.0,57.0,158.0,1,1,1.0
278,1,251.0,390.0,67.0,159.0,1,1,1.0
279,1,239.0,392.0,79.0,159.0,1,1,1.0
280,1,233.0,394.0,83.0,157.0,1,1,1.0
281,1,230.0,397.0,81.0,156.0,1,1,1.0
283,1,222.0,397.0,69.0,156.0,1,1,1.0
284,1,216.0,397.0,58.0,157.0,1,1,1.0
285,1,210.0,396.0,51.0,157.0,1,1,1.0
286,1,203.0,396.0,54.0,157.0,1,1,1.0
287,1,195.0,397.0,60.0,156.0,1,1,1.0
288,1,186.0,399.0,69.0,154.0,1,1,1.0
289,1,180.0,400.0,75.0,154.0,1,1,1.0
290,1,176.0,400.0,78.0,155.0,1,1,1.0
293,1,160.0,400.0,58.0,154.0,1,1,1.0
294,1,155.0,400.0,50.0,157.0,1,1,1.0
295,1,150.0,400.0,52.0,157.0,1,1,1.0
296,1,142.0,402.0,59.0,157.0,1,1,1.0
297,1,132.0,404.0,69.0,156.0,1,1,1.0
298,1,124.0,406.0,75.0,155.0,1,1,1.0
299,1,121.0,407.0,77.0,154.0,1,1,1.0
302,1,107.0,408.0,59.0,154.0,1,1,1.0
303,1,102.0,408.0,50.0,154.0,1,1,1.0
304,1,97.0,408.0,50.0,153.0,1,1,1.0
305,1,91.0,409.0,54.0,153.0,1,1,1.0
306,1,85.0,411.0,59.0,152.0,1,1,1.0
307,1,80.0,412.0,65.0,151.0,1,1,1.0
309,1,70.0,414.0,44.0,150.0,1,1,1.0
310,1,65.0,415.0,40.0,149.0,1,1,1.0
311,1,62.0,414.0,45.0,150.0,1,1,1.0
312,1,57.0,414.0,46.0,151.0,1,1,1.0
313,1,52.0,414.0,48.0,153.0,1,1,1.0
314,1,48.0,414.0,51.0,153.0,1,1,1.0
315,1,41.0,415.0,58.0,152.0,1,1,1.0
316,1,36.0,417.0,63.0,150.0,1,1,1.0
317,1,32.0,418.0,65.0,151.0,1,1,1.0
318,1,28.0,419.0,63.0,151.0,1,1,1.0
320,1,19.0,419.0,48.0,153.0,1,1,1.0
321,1,14.0,419.0,48.0,153.0,1,1,1.0
322,1,11.0,418.0,46.0,153.0,1,1,1.0
323,1,7.0,419.0,48.0,149.0,1,1,1.0
324,1,3.0,420.0,49.0,149.0,1,1,1.0
325,1,0.0,421.0,53.0,148.0,1,1,1.0
326,1,0.0,421.0,53.0,149.0,1,1,1.0
327,1,0.0,422.0,50.0,153.0,1,1,1.0
328,1,0.0,422.0,44.0,149.0,1,1,1.0
329,1,0.0,422.0,36.0,147.0,1,1,1.0
330,1,0.0,421.0,31.0,147.0,1,1,1.0
363,2,1.0,404.0,53.0,137.0,1,1,1.0
364,2,2.0,401.0,54.0,138.0,1,1,1.0
365,2,7.0,401.0,50.0,135.0,1,1,1.0
366,2,15.0,400.0,42.0,131.0,1,1,1.0
367,2,21.0,399.0,36.0,131.0,1,1,1.0
368,2,24.0,398.0,34.0,132.0,1,1,1.0
369,2,28.0,397.0,37.0,132.0,1,1,1.0
370,2,34.0,396.0,41.0,133.0,1,1,1.0
371,2,38.0,395.0,49.0,134.0,1,1,1.0
372,2,39.0,394.0,55.0,135.0,1,1,1.0
373,2,40.0,394.0,55.0,135.0,1,1,1.0
374,2,45.0,392.0,52.0,136.0,1,1,1.0
375,2,52.0,390.0,44.0,135.0,1,1,1.0
376,2,60.0,388.0,37.0,134.0,1,1,1.0
377,2,66.0,387.0,35.0,133.0,1,1,1.0
378,2,71.0,385.0,37.0,132.0,1,1,1.0
379,2,75.0,385.0,45.0,132.0,1,1,1.0
380,2,78.0,384.0,52.0,133.0,1,1,1.0
381,2,79.0,384.0,57.0,132.0,1,1,1.0
382,2,82.0,383.0,57.0,132.0,1,1,1.0
383,2,88.0,382.0,55.0,132.0,1,1,1.0
384,2,96.0,380.0,49.0,131.0,1,1,1.0
385,2,104.0,379.0,41.0,130.0,1,1,1.0
386,2,111.0,378.0,36.0,131.0,1,1,1.0
387,2,116.0,376.0,37.0,132.0,1,1,1.0
388,2,121.0,376.0,45.0,133.0,1,1,1.0
389,2,124.0,375.0,55.0,133.0,1,1,1.0
390,2,126.0,374.0,60.0,133.0,1,1,1.0
391,2,128.0,374.0,58.0,133.0,1,1,1.0
392,2,133.0,374.0,55.0,133.0,1,1,1.0
393,2,142.0,372.0,49.0,132.0,1,1,1.0
394,2,151.0,370.0,41.0,132.0,1,1,1.0
395,2,159.0,369.0,39.0,131.0,1,1,1.0
396,2,164.0,368.0,40.0,130.0,1,1,1.0
397,2,169.0,368.0,49.0,129.0,1,1,1.0
398,2,172.0,367.0,58.0,129.0,1,1,1.0
399,2,174.0,366.0,57.0,129.0,1,1,1.0
400,2,175.0,365.0,62.0,129.0,1,1,1.0
401,2,181.0,365.0,60.0,129.0,1,1,1.0
402,2,188.0,363.0,54.0,129.0,1,1,1.0
403,2,198.0,363.0,44.0,126.0,1,1,1.0
404,2,206.0,363.0,38.0,126.0,1,1,1.0
405,2,212.0,362.0,36.0,127.0,1,1,1.0
406,2,217.0,362.0,44.0,127.0,1,1,1.0
407,2,220.0,360.0,53.0,128.0,1,1,1.0
408,2,221.0,360.0,62.0,128.0,1,1,1.0
409,2,223.0,362.0,61.0,125.0,1,1,1.0
410,2,229.0,360.0,57.0,126.0,1,1,1.0
411,2,237.0,358.0,51.0,126.0,1,1,1.0
412,2,246.0,354.0,43.0,127.0,1,1,1.0
413,2,253.0,352.0,38.0,127.0,1,1,1.0
414,2,259.0,351.0,38.0,126.0,1,1,1.0
415,2,264.0,349.0,46.0,127.0,1,1,1.0
416,2,266.0,349.0,57.0,127.0,1,1,1.0
417,2,268.0,348.0,64.0,127.0,1,1,1.0
418,2,271.0,348.0,64.0,127.0,1,1,1.0
419,2,276.0,346.0,60.0,127.0,1,1,1.0
420,2,284.0,346.0,52.0,126.0,1,1,1.0
421,2,293.0,345.0,42.0,124.0,1,1,1.0
422,2,301.0,344.0,36.0,124.0,1,1,1.0
423,2,306.0,343.0,37.0,125.0,1,1,1.0
424,2,310.0,341.0,45.0,127.0,1,1,1.0
425,2,313.0,341.0,55.0,127.0,1,1,1.0
426,2,316.0,341.0,59.0,126.0,1,1,1.0
427,2,318.0,341.0,60.0,125.0,1,1,1.0
428,2,325.0,339.0,56.0,125.0,1,1,1.0
429,2,333.0,338.0,49.0,124.0,1,1,1.0
430,2,340.0,338.0,42.0,121.0,1,1,1.0
431,2,345.0,337.0,39.0,120.0,1,1,1.0
432,2,349.0,335.0,42.0,121.0,1,1,1.0
433,2,352.0,334.0,52.0,121.0,1,1,1.0
434,2,357.0,333.0,58.0,122.0,1,1,1.0
435,2,359.0,333.0,62.0,122.0,1,1,1.0
436,2,361.0,332.0,63.0,122.0,1,1,1.0
437,2,366.0,331.0,59.0,122.0,1,1,1.0
438,2,373.0,332.0,52.0,119.0,1,1,1.0
439,2,382.0,330.0,42.0,118.0,1,1,1.0
440,2,390.0,328.0,35.0,119.0,1,1,1.0
441,2,395.0,327.0,36.0,120.0,1,1,1.0
442,2,399.0,326.0,44.0,121.0,1,1,1.0
443,2,402.0,326.0,52.0,121.0,1,1,1.0
444,2,405.0,326.0,56.0,122.0,1,1,1.0
445,2,406.0,325.0,56.0,122.0,1,1,1.0
446,2,412.0,325.0,55.0,121.0,1,1,1.0
447,2,419.0,324.0,50.0,120.0,1,1,1.0
448,2,427.0,323.0,42.0,118.0,1,1,1.0
449,2,434.0,322.0,38.0,118.0,1,1,1.0
450,2,439.0,321.0,37.0,117.0,1,1,1.0
451,2,443.0,321.0,43.0,116.0,1,1,1.0
452,2,445.0,321.0,47.0,116.0,1,1,1.0
453,2,447.0,320.0,47.0,117.0,1,1,1.0
454,2,448.0,320.0,48.0,117.0,1,1,1.0
455,2,451.0,320.0,49.0,117.0,1,1,1.0
456,2,458.0,319.0,46.0,116.0,1,1,1.0
457,2,467.0,317.0,39.0,116.0,1,1,1.0
458,2,477.0,315.0,34.0,117.0,1,1,1.0
459,2,483.0,314.0,34.0,117.0,1,1,1.0
460,2,486.0,315.0,38.0,103.0,1,1,1.0
461,2,490.0,314.0,44.0,97.0,1,1,1.0
462,2,493.0,315.0,47.0,93.0,1,1,1.0
463,2,497.0,315.0,50.0,93.0,1,1,1.0
466,2,515.0,312.0,40.0,95.0,1,1,1.0
467,2,521.0,311.0,40.0,121.0,1,1,1.0
468,2,526.0,310.0,38.0,130.0,1,1,1.0
469,2,529.0,309.0,42.0,118.0,1,1,1.0
471,2,535.0,309.0,52.0,112.0,1,1,1.0
473,2,541.0,309.0,51.0,110.0,1,1,1.0
474,2,547.0,308.0,45.0,110.0,1,1,1.0
475,2,554.0,306.0,38.0,112.0,1,1,1.0
476,2,561.0,305.0,32.0,113.0,1,1,1.0
477,2,566.0,304.0,35.0,114.0,1,1,1.0
478,2,569.0,304.0,39.0,114.0,1,1,1.0
479,2,572.0,303.0,45.0,114.0,1,1,1.0
480,2,574.0,304.0,50.0,113.0,1,1,1.0
481,2,576.0,305.0,52.0,113.0,1,1,1.0
482,2,580.0,304.0,51.0,112.0,1,1,1.0
483,2,587.0,304.0,46.0,111.0,1,1,1.0
484,2,593.0,303.0,41.0,111.0,1,1,1.0
485,2,597.0,302.0,37.0,110.0,1,1,1.0
486,2,601.0,302.0,36.0,109.0,1,1,1.0
487,2,605.0,301.0,39.0,109.0,1,1,1.0
488,2,608.0,301.0,46.0,109.0,1,1,1.0
489,2,609.0,301.0,50.0,109.0,1,1,1.0
490,2,611.0,300.0,50.0,110.0,1,1,1.0
491,2,612.0,301.0,50.0,109.0,1,1,1.0
492,2,616.0,301.0,46.0,107.0,1,1,1.0
493,2,623.0,300.0,40.0,107.0,1,1,1.0
494,2,629.0,299.0,34.0,107.0,1,1,1.0
495,2,635.0,298.0,31.0,107.0,1,1,1.0
496,2,639.0,297.0,32.0,108.0,1,1,1.0
497,2,642.0,297.0,34.0,108.0,1,1,1.0
498,2,645.0,297.0,38.0,108.0,1,1,1.0
499,2,646.0,297.0,40.0,108.0,1,1,1.0
500,2,646.0,297.0,41.0,107.0,1,1,1.0
501,2,647.0,297.0,41.0,106.0,1,1,1.0
502,2,652.0,297.0,39.0,105.0,1,1,1.0
503,2,656.0,297.0,35.0,105.0,1,1,1.0
504,2,660.0,297.0,33.0,104.0,1,1,1.0
505,2,663.0,297.0,33.0,104.0,1,1,1.0
506,2,665.0,297.0,37.0,104.0,1,1,1.0
507,2,666.0,297.0,41.0,104.0,1,1,1.0
508,2,667.0,298.0,44.0,103.0,1,1,1.0
509,2,669.0,299.0,45.0,103.0,1,1,1.0
510,2,671.0,300.0,44.0,102.0,1,1,1.0
511,2,674.0,300.0,42.0,102.0,1,1,1.0
512,2,677.0,299.0,40.0,103.0,1,1,1.0
513,2,680.0,299.0,38.0,103.0,1,1,1.0
514,2,683.0,299.0,38.0,103.0,1,1,1.0
515,2,686.0,299.0,40.0,104.0,1,1,1.0
516,2,689.0,299.0,44.0,104.0,1,1,1.0
517,2,692.0,299.0,46.0,104.0,1,1,1.0
518,2,693.0,300.0,46.0,105.0,1,1,1.0
519,2,696.0,300.0,44.0,106.0,1,1,1.0
520,2,700.0,300.0,41.0,106.0,1,1,1.0
521,2,705.0,300.0,38.0,106.0,1,1,1.0
522,2,708.0,299.0,39.0,107.0,1,1,1.0
523,2,710.0,299.0,42.0,108.0,1,1,1.0
524,2,711.0,299.0,45.0,109.0,1,1,1.0
525,2,712.0,299.0,47.0,110.0,1,1,1.0
526,2,714.0,300.0,50.0,111.0,1,1,1.0
527,2,717.0,301.0,51.0,111.0,1,1,1.0
528,2,720.0,302.0,51.0,111.0,1,1,1.0
529,2,723.0,301.0,49.0,113.0,1,1,1.0
530,2,727.0,301.0,46.0,113.0,1,1,1.0
531,2,731.0,300.0,44.0,113.0,1,1,1.0
532,2,734.0,300.0,42.0,113.0,1,1,1.0
533,2,739.0,300.0,41.0,114.0,1,1,1.0
534,2,742.0,301.0,43.0,114.0,1,1,1.0
535,2,745.0,302.0,46.0,113.0,1,1,1.0
536,2,747.0,303.0,46.0,114.0,1,1,1.0
537,2,749.0,304.0,46.0,114.0,1,1,1.0
538,2,751.0,304.0,44.0,114.0,1,1,1.0
539,2,757.0,303.0,40.0,114.0,1,1,1.0
540,2,761.0,303.0,39.0,115.0,1,1,1.0
541,2,764.0,302.0,41.0,117.0,1,1,1.0
542,2,766.0,302.0,45.0,117.0,1,1,1.0
543,2,767.0,303.0,49.0,118.0,1,1,1.0
544,2,768.0,304.0,53.0,118.0,1,1,1.0
545,2,770.0,305.0,56.0,119.0,1,1,1.0
546,2,773.0,305.0,56.0,119.0,1,1,1.0
547,2,777.0,305.0,55.0,119.0,1,1,1.0
548,2,781.0,305.0,52.0,120.0,1,1,1.0
549,2,786.0,304.0,48.0,121.0,1,1,1.0
550,2,790.0,304.0,45.0,120.0,1,1,1.0
551,2,794.0,304.0,44.0,121.0,1,1,1.0
552,2,798.0,304.0,46.0,121.0,1,1,1.0
553,2,801.0,306.0,50.0,122.0,1,1,1.0
554,2,803.0,307.0,52.0,122.0,1,1,1.0
555,2,805.0,307.0,51.0,123.0,1,1,1.0
556,2,809.0,308.0,48.0,122.0,1,1,1.0
557,2,814.0,308.0,43.0,122.0,1,1,1.0
558,2,821.0,308.0,41.0,122.0,1,1,1.0
559,2,825.0,308.0,44.0,123.0,1,1,1.0
560,2,827.0,309.0,48.0,124.0,1,1,1.0
561,2,829.0,309.0,52.0,124.0,1,1,1.0
562,2,831.0,310.0,56.0,124.0,1,1,1.0
563,2,834.0,310.0,59.0,124.0,1,1,1.0
564,2,837.0,311.0,61.0,125.0,1,1,1.0
565,2,841.0,311.0,60.0,125.0,1,1,1.0
566,2,846.0,310.0,57.0,126.0,1,1,1.0
567,2,852.0,310.0,53.0,126.0,1,1,1.0
568,2,858.0,310.0,48.0,125.0,1,1,1.0
569,2,863.0,311.0,46.0,126.0,1,1,1.0
570,2,868.0,311.0,50.0,126.0,1,1,1.0
571,2,870.0,312.0,57.0,126.0,1,1,1.0
572,2,871.0,313.0,60.0,127.0,1,1,1.0
573,2,873.0,313.0,61.0,128.0,1,1,1.0
574,2,877.0,313.0,58.0,128.0,1,1,1.0
575,2,884.0,313.0,53.0,129.0,1,1,1.0
576,2,893.0,312.0,46.0,130.0,1,1,1.0
577,2,899.0,312.0,47.0,131.0,1,1,1.0
578,2,903.0,313.0,51.0,132.0,1,1,1.0
579,2,905.0,314.0,56.0,132.0,1,1,1.0
580,2,907.0,315.0,60.0,133.0,1,1,1.0
581,2,909.0,317.0,64.0,131.0,1,1,1.0
582,2,912.0,318.0,66.0,131.0,1,1,1.0
583,2,916.0,318.0,66.0,131.0,1,1,1.0
584,2,923.0,318.0,62.0,132.0,1,1,1.0
585,2,928.0,318.0,57.0,132.0,1,1,1.0
586,2,934.0,317.0,51.0,133.0,1,1,1.0
587,2,940.0,317.0,49.0,133.0,1,1,1.0
588,2,944.0,318.0,54.0,133.0,1,1,1.0
589,2,947.0,319.0,59.0,134.0,1,1,1.0
590,2,948.0,320.0,62.0,134.0,1,1,1.0
591,2,952.0,320.0,61.0,134.0,1,1,1.0
592,2,955.0,321.0,59.0,134.0,1,1,1.0
593,2,962.0,320.0,54.0,135.0,1,1,1.0
594,2,970.0,320.0,50.0,135.0,1,1,1.0
595,2,974.0,320.0,53.0,136.0,1,1,1.0
596,2,981.0,321.0,55.0,138.0,1,1,1.0
597,2,984.0,321.0,60.0,139.0,1,1,1.0
598,2,986.0,322.0,65.0,139.0,1,1,1.0
599,2,985.0,323.0,72.0,141.0,1,1,1.0
600,2,988.0,324.0,74.0,141.0,1,1,1.0
601,2,993.0,324.0,74.0,142.0,1,1,1.0
602,2,1001.0,324.0,68.0,142.0,1,1,1.0
603,2,1010.0,323.0,61.0,143.0,1,1,1.0
604,2,1018.0,323.0,53.0,143.0,1,1,1.0
605,2,1025.0,324.0,48.0,143.0,1,1,1.0
606,2,1024.0,325.0,60.0,142.0,1,1,1.0
607,2,1027.0,326.0,67.0,142.0,1,1,1.0
608,2,1029.0,327.0,71.0,142.0,1,1,1.0
609,2,1032.0,328.0,72.0,143.0,1,1,1.0
610,2,1037.0,328.0,69.0,143.0,1,1,1.0
611,2,1045.0,328.0,66.0,142.0,1,1,1.0
612,2,1054.0,328.0,62.0,142.0,1,1,1.0
613,2,1065.0,328.0,56.0,144.0,1,1,1.0
614,2,1072.0,328.0,57.0,147.0,1,1,1.0
615,2,1076.0,329.0,62.0,148.0,1,1,1.0
616,2,1078.0,330.0,69.0,148.0,1,1,1.0
617,2,1075.0,331.0,81.0,149.0,1,1,1.0
618,2,1077.0,332.0,84.0,149.0,1,1,1.0
619,2,1082.0,332.0,83.0,149.0,1,1,1.0
620,2,1089.0,332.0,80.0,150.0,1,1,1.0
621,2,1104.0,331.0,65.0,150.0,1,1,1.0
622,2,1114.0,332.0,53.0,150.0,1,1,1.0
623,2,1122.0,333.0,50.0,149.0,1,1,1.0
624,2,1124.0,333.0,58.0,149.0,1,1,1.0
625,2,1125.0,335.0,69.0,151.0,1,1,1.0
626,2,1126.0,337.0,75.0,152.0,1,1,1.0
627,2,1128.0,339.0,76.0,152.0,1,1,1.0
628,2,1133.0,339.0,74.0,153.0,1,1,1.0
629,2,1139.0,340.0,69.0,152.0,1,1,1.0
630,2,1147.0,340.0,65.0,152.0,1,1,1.0
631,2,1163.0,339.0,59.0,154.0,1,1,1.0
632,2,1174.0,339.0,59.0,157.0,1,1,1.0
633,2,1179.0,340.0,64.0,160.0,1,1,1.0
634,2,1182.0,342.0,71.0,160.0,1,1,1.0
635,2,1183.0,343.0,79.0,161.0,1,1,1.0
636,2,1180.0,345.0,90.0,162.0,1,1,1.0
637,2,1183.0,347.0,93.0,161.0,1,1,1.0
639,2,1212.0,348.0,69.0,160.0,1,1,1.0
640,2,1225.0,348.0,55.0,160.0,1,1,1.0
641,2,1229.0,348.0,55.0,161.0,1,1,1.0
642,2,1230.0,349.0,67.0,161.0,1,1,1.0
643,2,1231.0,351.0,79.0,162.0,1,1,1.0
644,2,1232.0,353.0,88.0,163.0,1,1,1.0
645,2,1235.0,355.0,90.0,163.0,1,1,1.0
646,2,1240.0,356.0,87.0,162.0,1,1,1.0
647,2,1249.0,358.0,80.0,162.0,1,1,1.0
648,2,1262.0,358.0,73.0,161.0,1,1,1.0
649,2,1281.0,358.0,61.0,162.0,1,1,1.0
650,2,1294.0,359.0,60.0,165.0,1,1,1.0
651,2,1298.0,359.0,69.0,168.0,1,1,1.0
652,2,1300.0,361.0,79.0,169.0,1,1,1.0
653,2,1301.0,363.0,88.0,169.0,1,1,1.0
654,2,1297.0,365.0,101.0,170.0,1,1,1.0
655,2,1309.0,366.0,97.0,171.0,1,1,1.0
656,2,1323.0,366.0,85.0,171.0,1,1,1.0
657,2,1340.0,367.0,68.0,170.0,1,1,1.0
658,2,1352.0,367.0,58.0,171.0,1,1,1.0
659,2,1357.0,367.0,58.0,170.0,1,1,1.0
660,2,1358.0,368.0,69.0,171.0,1,1,1.0
661,2,1360.0,371.0,82.0,172.0,1,1,1.0
662,2,1357.0,373.0,93.0,172.0,1,1,1.0
663,2,1358.0,375.0,98.0,172.0,1,1,1.0
664,2,1364.0,376.0,96.0,173.0,1,1,1.0
665,2,1375.0,377.0,87.0,172.0,1,1,1.0
666,2,1393.0,377.0,73.0,172.0,1,1,1.0
667,2,1411.0,377.0,64.0,173.0,1,1,1.0
668,2,1425.0,378.0,61.0,177.0,1,1,1.0
669,2,1430.0,379.0,71.0,180.0,1,1,1.0
670,2,1431.0,381.0,82.0,180.0,1,1,1.0
671,2,1431.0,384.0,94.0,180.0,1,1,1.0
672,2,1433.0,386.0,99.0,181.0,1,1,1.0
673,2,1440.0,387.0,100.0,181.0,1,1,1.0
674,2,1450.0,388.0,93.0,181.0,1,1,1.0
675,2,1467.0,388.0,76.0,181.0,1,1,1.0
676,2,1483.0,388.0,59.0,181.0,1,1,1.0
677,2,1488.0,388.0,59.0,181.0,1,1,1.0
678,2,1490.0,389.0,67.0,181.0,1,1,1.0
679,2,1491.0,392.0,82.0,182.0,1,1,1.0
680,2,1492.0,394.0,93.0,182.0,1,1,1.0
681,2,1493.0,397.0,98.0,181.0,1,1,1.0
682,2,1496.0,398.0,98.0,182.0,1,1,1.0
683,2,1504.0,399.0,94.0,181.0,1,1,1.0
684,2,1521.0,400.0,82.0,181.0,1,1,1.0
685,2,1538.0,400.0,72.0,181.0,1,1,1.0
686,2,1556.0,400.0,63.0,184.0,1,1,1.0
687,2,1562.0,402.0,70.0,187.0,1,1,1.0
688,2,1564.0,404.0,81.0,188.0,1,1,1.0
689,2,1565.0,406.0,92.0,188.0,1,1,1.0
690,2,1567.0,409.0,101.0,188.0,1,1,1.0
691,2,1572.0,411.0,103.0,188.0,1,1,1.0
692,2,1583.0,412.0,97.0,187.0,1,1,1.0
693,2,1596.0,413.0,86.0,187.0,1,1,1.0
694,2,1614.0,413.0,70.0,187.0,1,1,1.0
695,2,1625.0,414.0,62.0,186.0,1,1,1.0
696,2,1629.0,415.0,65.0,185.0,1,1,1.0
697,2,1630.0,417.0,75.0,185.0,1,1,1.0
698,2,1631.0,419.0,88.0,186.0,1,1,1.0
699,2,1631.0,422.0,96.0,186.0,1,1,1.0
700,2,1634.0,424.0,98.0,186.0,1,1,1.0
701,2,1642.0,425.0,93.0,185.0,1,1,1.0
702,2,1655.0,427.0,86.0,184.0,1,1,1.0
703,2,1669.0,427.0,78.0,184.0,1,1,1.0
704,2,1687.0,427.0,68.0,186.0,1,1,1.0
