1,1,1617.0,111.0,67.0,117.0,1,1,1.0
2,1,1616.0,110.0,63.0,117.0,1,1,1.0
3,1,1616.0,111.0,55.0,117.0,1,1,1.0
4,1,1618.0,109.0,44.0,118.0,1,1,1.0
5,1,1611.0,105.0,46.0,123.0,1,1,1.0
6,1,1602.0,104.0,53.0,124.0,1,1,1.0
7,1,1595.0,103.0,57.0,125.0,1,1,1.0
8,1,1591.0,103.0,58.0,125.0,1,1,1.0
9,1,1590.0,102.0,56.0,126.0,1,1,1.0
10,1,1588.0,101.0,53.0,126.0,1,1,1.0
11,1,1587.0,100.0,46.0,127.0,1,1,1.0
12,1,1582.0,99.0,42.0,128.0,1,1,1.0
13,1,1576.0,98.0,45.0,129.0,1,1,1.0
14,1,1566.0,99.0,52.0,128.0,1,1,1.0
15,1,1557.0,100.0,61.0,128.0,1,1,1.0
16,1,1550.0,101.0,67.0,128.0,1,1,1.0
17,1,1544.0,99.0,71.0,129.0,1,1,1.0
18,1,1538.0,99.0,71.0,129.0,1,1,1.0
19,1,1535.0,99.0,67.0,129.0,1,1,1.0
20,1,1534.0,98.0,61.0,130.0,1,1,1.0
21,1,1535.0,97.0,50.0,131.0,1,1,1.0
22,1,1530.0,97.0,50.0,130.0,1,1,1.0
23,1,1521.0,98.0,55.0,130.0,1,1,1.0
24,1,1514.0,97.0,59.0,131.0,1,1,1.0
25,1,1510.0,96.0,60.0,132.0,1,1,1.0
26,1,1508.0,95.0,58.0,133.0,1,1,1.0
27,1,1506.0,94.0,55.0,133.0,1,1,1.0
28,1,1501.0,93.0,51.0,134.0,1,1,1.0
29,1,1495.0,93.0,49.0,134.0,1,1,1.0
30,1,1488.0,94.0,49.0,134.0,1,1,1.0
31,1,1479.0,94.0,56.0,135.0,1,1,1.0
32,1,1471.0,95.0,63.0,134.0,1,1,1.0
33,1,1463.0,96.0,70.0,134.0,1,1,1.0
34,1,1456.0,96.0,74.0,134.0,1,1,1.0
35,1,1452.0,96.0,72.0,134.0,1,1,1.0
36,1,1449.0,94.0,65.0,136.0,1,1,1.0
37,1,1447.0,93.0,57.0,137.0,1,1,1.0
38,1,1445.0,92.0,56.0,139.0,1,1,1.0
40,1,1424.0,93.0,65.0,137.0,1,1,1.0
41,1,1415.0,94.0,70.0,137.0,1,1,1.0
42,1,1410.0,94.0,72.0,137.0,1,1,1.0
43,1,1403.0,94.0,73.0,136.0,1,1,1.0
44,1,1398.0,93.0,70.0,137.0,1,1,1.0
45,1,1394.0,92.0,61.0,138.0,1,1,1.0
46,1,1390.0,90.0,54.0,140.0,1,1,1.0
47,1,1386.0,90.0,51.0,142.0,1,1,1.0
48,1,1377.0,90.0,58.0,141.0,1,1,1.0
49,1,1365.0,91.0,69.0,141.0,1,1,1.0
50,1,1354.0,92.0,78.0,141.0,1,1,1.0
51,1,1344.0,92.0,84.0,142.0,1,1,1.0
52,1,1337.0,92.0,85.0,142.0,1,1,1.0
53,1,1333.0,91.0,77.0,142.0,1,1,1.0
54,1,1333.0,90.0,65.0,143.0,1,1,1.0
55,1,1332.0,89.0,56.0,144.0,1,1,1.0
56,1,1323.0,89.0,58.0,145.0,1,1,1.0
57,1,1307.0,89.0,71.0,144.0,1,1,1.0
58,1,1298.0,90.0,78.0,144.0,1,1,1.0
59,1,1294.0,91.0,80.0,144.0,1,1,1.0
60,1,1292.0,90.0,76.0,144.0,1,1,1.0
61,1,1289.0,90.0,69.0,145.0,1,1,1.0
62,1,1285.0,89.0,60.0,145.0,1,1,1.0
63,1,1279.0,88.0,53.0,147.0,1,1,1.0
64,1,1272.0,87.0,53.0,148.0,1,1,1.0
65,1,1260.0,87.0,60.0,149.0,1,1,1.0
66,1,1248.0,89.0,71.0,148.0,1,1,1.0
67,1,1237.0,89.0,81.0,148.0,1,1,1.0
68,1,1227.0,90.0,90.0,148.0,1,1,1.0
69,1,1220.0,90.0,85.0,149.0,1,1,1.0
70,1,1217.0,89.0,75.0,150.0,1,1,1.0
71,1,1216.0,88.0,62.0,150.0,1,1,1.0
72,1,1214.0,88.0,55.0,150.0,1,1,1.0
73,1,1205.0,88.0,58.0,151.0,1,1,1.0
74,1,1190.0,88.0,70.0,151.0,1,1,1.0
75,1,1179.0,89.0,79.0,150.0,1,1,1.0
76,1,1173.0,90.0,83.0,150.0,1,1,1.0
77,1,1169.0,91.0,82.0,150.0,1,1,1.0
78,1,1165.0,91.0,76.0,150.0,1,1,1.0
79,1,1160.0,90.0,67.0,150.0,1,1,1.0
80,1,1155.0,89.0,58.0,152.0,1,1,1.0
81,1,1148.0,89.0,55.0,153.0,1,1,1.0
82,1,1134.0,90.0,66.0,153.0,1,1,1.0
83,1,1121.0,90.0,77.0,154.0,1,1,1.0
84,1,1109.0,91.0,86.0,154.0,1,1,1.0
85,1,1097.0,92.0,93.0,154.0,1,1,1.0
86,1,1089.0,92.0,92.0,154.0,1,1,1.0
87,1,1084.0,91.0,83.0,155.0,1,1,1.0
88,1,1084.0,90.0,70.0,155.0,1,1,1.0
89,1,1084.0,89.0,58.0,156.0,1,1,1.0
90,1,1075.0,89.0,61.0,156.0,1,1,1.0
91,1,1059.0,90.0,76.0,156.0,1,1,1.0
92,1,1047.0,91.0,86.0,155.0,1,1,1.0
93,1,1039.0,92.0,91.0,155.0,1,1,1.0
94,1,1034.0,92.0,89.0,155.0,1,1,1.0
95,1,1029.0,92.0,84.0,154.0,1,1,1.0
96,1,1023.0,91.0,75.0,155.0,1,1,1.0
97,1,1017.0,90.0,62.0,157.0,1,1,1.0
98,1,1011.0,90.0,57.0,158.0,1,1,1.0
99,1,997.0,91.0,67.0,158.0,1,1,1.0
100,1,982.0,92.0,80.0,158.0,1,1,1.0
101,1,968.0,94.0,94.0,157.0,1,1,1.0
102,1,955.0,95.0,102.0,156.0,1,1,1.0
103,1,945.0,96.0,100.0,156.0,1,1,1.0
104,1,941.0,96.0,90.0,156.0,1,1,1.0
105,1,942.0,95.0,71.0,157.0,1,1,1.0
106,1,942.0,94.0,57.0,158.0,1,1,1.0
107,1,933.0,94.0,61.0,158.0,1,1,1.0
108,1,916.0,95.0,77.0,157.0,1,1,1.0
109,1,902.0,97.0,89.0,156.0,1,1,1.0
110,1,893.0,98.0,94.0,156.0,1,1,1.0
111,1,886.0,99.0,94.0,156.0,1,1,1.0
112,1,881.0,99.0,87.0,156.0,1,1,1.0
113,1,878.0,99.0,74.0,156.0,1,1,1.0
114,1,871.0,98.0,62.0,158.0,1,1,1.0
115,1,863.0,99.0,60.0,159.0,1,1,1.0
116,1,852.0,100.0,68.0,159.0,1,1,1.0
117,1,834.0,101.0,84.0,159.0,1,1,1.0
118,1,822.0,103.0,93.0,159.0,1,1,1.0
119,1,811.0,105.0,98.0,158.0,1,1,1.0
120,1,799.0,106.0,98.0,157.0,1,1,1.0
121,1,792.0,107.0,88.0,157.0,1,1,1.0
122,1,790.0,107.0,73.0,158.0,1,1,1.0
123,1,784.0,107.0,65.0,157.0,1,1,1.0
124,1,774.0,107.0,70.0,158.0,1,1,1.0
125,1,762.0,106.0,80.0,160.0,1,1,1.0
126,1,750.0,106.0,87.0,161.0,1,1,1.0
128,1,734.0,109.0,86.0,160.0,1,1,1.0
129,1,728.0,109.0,78.0,158.0,1,1,1.0
130,1,722.0,110.0,68.0,158.0,1,1,1.0
131,1,716.0,110.0,60.0,161.0,1,1,1.0
132,1,706.0,110.0,68.0,163.0,1,1,1.0
133,1,691.0,111.0,80.0,164.0,1,1,1.0
134,1,678.0,113.0,89.0,163.0,1,1,1.0
135,1,667.0,115.0,94.0,163.0,1,1,1.0
136,1,657.0,117.0,96.0,163.0,1,1,1.0
137,1,650.0,119.0,89.0,162.0,1,1,1.0
138,1,647.0,120.0,77.0,161.0,1,1,1.0
139,1,643.0,119.0,63.0,162.0,1,1,1.0
140,1,635.0,119.0,64.0,162.0,1,1,1.0
141,1,623.0,119.0,74.0,162.0,1,1,1.0
142,1,608.0,121.0,87.0,162.0,1,1,1.0
143,1,595.0,123.0,98.0,161.0,1,1,1.0
144,1,584.0,125.0,106.0,159.0,1,1,1.0
145,1,576.0,126.0,106.0,159.0,1,1,1.0
146,1,572.0,127.0,96.0,158.0,1,1,1.0
147,1,574.0,126.0,79.0,159.0,1,1,1.0
148,1,572.0,126.0,61.0,162.0,1,1,1.0
149,1,566.0,127.0,60.0,165.0,1,1,1.0
150,1,549.0,128.0,75.0,166.0,1,1,1.0
151,1,534.0,130.0,89.0,166.0,1,1,1.0
152,1,522.0,133.0,100.0,165.0,1,1,1.0
153,1,511.0,135.0,104.0,165.0,1,1,1.0
154,1,503.0,136.0,100.0,164.0,1,1,1.0
155,1,498.0,136.0,89.0,165.0,1,1,1.0
156,1,499.0,137.0,70.0,164.0,1,1,1.0
157,1,493.0,137.0,63.0,163.0,1,1,1.0
158,1,480.0,139.0,72.0,163.0,1,1,1.0
159,1,465.0,140.0,86.0,164.0,1,1,1.0
160,1,451.0,142.0,98.0,163.0,1,1,1.0
161,1,440.0,145.0,107.0,162.0,1,1,1.0
162,1,432.0,146.0,109.0,163.0,1,1,1.0
163,1,426.0,147.0,102.0,162.0,1,1,1.0
164,1,423.0,146.0,88.0,162.0,1,1,1.0
165,1,422.0,146.0,72.0,163.0,1,1,1.0
166,1,420.0,147.0,64.0,164.0,1,1,1.0
167,1,411.0,149.0,69.0,166.0,1,1,1.0
168,1,396.0,150.0,83.0,166.0,1,1,1.0
169,1,382.0,152.0,96.0,167.0,1,1,1.0
170,1,370.0,155.0,105.0,164.0,1,1,1.0
171,1,361.0,158.0,109.0,163.0,1,1,1.0
172,1,354.0,159.0,105.0,162.0,1,1,1.0
173,1,351.0,159.0,87.0,162.0,1,1,1.0
174,1,353.0,160.0,66.0,161.0,1,1,1.0
175,1,348.0,160.0,63.0,161.0,1,1,1.0
176,1,333.0,162.0,76.0,161.0,1,1,1.0
177,1,318.0,165.0,89.0,161.0,1,1,1.0
178,1,305.0,167.0,100.0,160.0,1,1,1.0
179,1,295.0,169.0,107.0,160.0,1,1,1.0
180,1,288.0,171.0,106.0,160.0,1,1,1.0
181,1,286.0,172.0,92.0,159.0,1,1,1.0
182,1,287.0,172.0,75.0,159.0,1,1,1.0
183,1,283.0,173.0,62.0,161.0,1,1,1.0
184,1,276.0,174.0,64.0,163.0,1,1,1.0
185,1,266.0,176.0,74.0,163.0,1,1,1.0
186,1,253.0,179.0,86.0,164.0,1,1,1.0
187,1,244.0,182.0,92.0,162.0,1,1,1.0
188,1,236.0,184.0,94.0,163.0,1,1,1.0
189,1,227.0,186.0,92.0,162.0,1,1,1.0
190,1,222.0,188.0,78.0,161.0,1,1,1.0
191,1,221.0,189.0,65.0,160.0,1,1,1.0
192,1,216.0,190.0,60.0,158.0,1,1,1.0
193,1,203.0,192.0,67.0,157.0,1,1,1.0
194,1,189.0,195.0,80.0,156.0,1,1,1.0
195,1,176.0,197.0,91.0,158.0,1,1,1.0
196,1,166.0,199.0,98.0,156.0,1,1,1.0
198,1,154.0,201.0,86.0,155.0,1,1,1.0
199,1,154.0,202.0,73.0,156.0,1,1,1.0
200,1,154.0,203.0,59.0,156.0,1,1,1.0
201,1,146.0,205.0,60.0,158.0,1,1,1.0
202,1,139.0,205.0,65.0,161.0,1,1,1.0
203,1,127.0,208.0,77.0,161.0,1,1,1.0
204,1,120.0,212.0,83.0,158.0,1,1,1.0
205,1,113.0,218.0,85.0,155.0,1,1,1.0
206,1,106.0,218.0,83.0,156.0,1,1,1.0
207,1,97.0,218.0,78.0,156.0,1,1,1.0
208,1,87.0,221.0,74.0,154.0,1,1,1.0
209,1,82.0,224.0,64.0,151.0,1,1,1.0
210,1,78.0,225.0,64.0,150.0,1,1,1.0
211,1,67.0,228.0,72.0,149.0,1,1,1.0
212,1,57.0,231.0,81.0,149.0,1,1,1.0
213,1,48.0,234.0,90.0,149.0,1,1,1.0
214,1,42.0,236.0,90.0,148.0,1,1,1.0
215,1,38.0,234.0,84.0,151.0,1,1,1.0
216,1,37.0,234.0,71.0,151.0,1,1,1.0
217,1,38.0,235.0,59.0,150.0,1,1,1.0
218,1,36.0,234.0,52.0,154.0,1,1,1.0
219,1,31.0,234.0,54.0,157.0,1,1,1.0
220,1,22.0,237.0,63.0,156.0,1,1,1.0
221,1,14.0,240.0,70.0,155.0,1,1,1.0
222,1,9.0,243.0,73.0,155.0,1,1,1.0
223,1,4.0,245.0,59.0,154.0,1,1,1.0
224,1,0.0,247.0,51.0,153.0,1,1,1.0
225,1,0.0,248.0,48.0,152.0,1,1,1.0
226,1,0.0,248.0,39.0,152.0,1,1,1.0
227,1,0.0,249.0,34.0,151.0,1,1,1.0
228,1,0.0,263.0,33.0,138.0,1,1,1.0
303,2,0.0,228.0,22.0,128.0,1,1,1.0
304,2,0.0,227.0,26.0,128.0,1,1,1.0
305,2,0.0,224.0,36.0,130.0,1,1,1.0
306,2,0.0,222.0,49.0,132.0,1,1,1.0
307,2,2.0,222.0,57.0,133.0,1,1,1.0
308,2,5.0,220.0,60.0,132.0,1,1,1.0
309,2,10.0,220.0,59.0,132.0,1,1,1.0
310,2,18.0,219.0,54.0,128.0,1,1,1.0
311,2,26.0,214.0,47.0,128.0,1,1,1.0
312,2,32.0,210.0,42.0,128.0,1,1,1.0
313,2,40.0,206.0,41.0,131.0,1,1,1.0
314,2,43.0,203.0,50.0,131.0,1,1,1.0
315,2,46.0,204.0,59.0,130.0,1,1,1.0
316,2,49.0,204.0,63.0,128.0,1,1,1.0
317,2,53.0,210.0,61.0,123.0,1,1,1.0
318,2,60.0,203.0,56.0,125.0,1,1,1.0
319,2,63.0,199.0,54.0,125.0,1,1,1.0
320,2,73.0,197.0,46.0,124.0,1,1,1.0
321,2,81.0,192.0,39.0,127.0,1,1,1.0
322,2,85.0,188.0,43.0,129.0,1,1,1.0
323,2,88.0,187.0,51.0,131.0,1,1,1.0
324,2,92.0,186.0,58.0,132.0,1,1,1.0
325,2,95.0,187.0,60.0,131.0,1,1,1.0
326,2,100.0,186.0,60.0,130.0,1,1,1.0
327,2,106.0,185.0,53.0,128.0,1,1,1.0
328,2,113.0,184.0,52.0,126.0,1,1,1.0
329,2,119.0,182.0,47.0,124.0,1,1,1.0
330,2,125.0,179.0,43.0,124.0,1,1,1.0
331,2,130.0,177.0,48.0,126.0,1,1,1.0
332,2,135.0,175.0,56.0,127.0,1,1,1.0
333,2,138.0,174.0,62.0,127.0,1,1,1.0
334,2,142.0,173.0,62.0,127.0,1,1,1.0
335,2,147.0,172.0,59.0,125.0,1,1,1.0
336,2,154.0,171.0,52.0,123.0,1,1,1.0
337,2,160.0,169.0,45.0,121.0,1,1,1.0
338,2,165.0,166.0,42.0,122.0,1,1,1.0
339,2,170.0,163.0,44.0,124.0,1,1,1.0
340,2,174.0,161.0,50.0,126.0,1,1,1.0
341,2,179.0,160.0,57.0,127.0,1,1,1.0
342,2,183.0,161.0,60.0,126.0,1,1,1.0
343,2,186.0,161.0,62.0,125.0,1,1,1.0
344,2,189.0,160.0,63.0,124.0,1,1,1.0
345,2,197.0,158.0,57.0,123.0,1,1,1.0
346,2,205.0,156.0,50.0,121.0,1,1,1.0
347,2,209.0,153.0,45.0,121.0,1,1,1.0
348,2,215.0,151.0,45.0,121.0,1,1,1.0
349,2,220.0,151.0,49.0,122.0,1,1,1.0
350,2,224.0,150.0,57.0,121.0,1,1,1.0
351,2,227.0,150.0,60.0,122.0,1,1,1.0
352,2,230.0,149.0,57.0,121.0,1,1,1.0
353,2,236.0,148.0,52.0,121.0,1,1,1.0
354,2,241.0,146.0,46.0,119.0,1,1,1.0
355,2,245.0,143.0,43.0,119.0,1,1,1.0
356,2,249.0,142.0,44.0,119.0,1,1,1.0
357,2,254.0,140.0,46.0,120.0,1,1,1.0
358,2,260.0,140.0,51.0,120.0,1,1,1.0
359,2,264.0,140.0,56.0,120.0,1,1,1.0
360,2,267.0,140.0,60.0,120.0,1,1,1.0
361,2,271.0,139.0,63.0,119.0,1,1,1.0
362,2,276.0,139.0,60.0,118.0,1,1,1.0
363,2,284.0,137.0,54.0,116.0,1,1,1.0
364,2,291.0,134.0,47.0,116.0,1,1,1.0
365,2,296.0,132.0,42.0,116.0,1,1,1.0
366,2,300.0,131.0,40.0,117.0,1,1,1.0
367,2,304.0,132.0,40.0,115.0,1,1,1.0
368,2,308.0,132.0,40.0,115.0,1,1,1.0
369,2,310.0,131.0,43.0,116.0,1,1,1.0
370,2,314.0,130.0,43.0,117.0,1,1,1.0
372,2,326.0,127.0,37.0,101.0,1,1,1.0
373,2,331.0,126.0,37.0,95.0,1,1,1.0
374,2,336.0,125.0,40.0,94.0,1,1,1.0
375,2,338.0,124.0,46.0,93.0,1,1,1.0
378,2,345.0,122.0,60.0,123.0,1,1,1.0
380,2,357.0,118.0,56.0,131.0,1,1,1.0
382,2,371.0,116.0,43.0,116.0,1,1,1.0
383,2,377.0,115.0,38.0,112.0,1,1,1.0
384,2,382.0,116.0,40.0,110.0,1,1,1.0
385,2,385.0,115.0,44.0,110.0,1,1,1.0
386,2,387.0,114.0,46.0,110.0,1,1,1.0
387,2,388.0,114.0,48.0,110.0,1,1,1.0
388,2,393.0,114.0,47.0,109.0,1,1,1.0
389,2,399.0,113.0,42.0,108.0,1,1,1.0
390,2,404.0,111.0,39.0,108.0,1,1,1.0
391,2,406.0,110.0,37.0,109.0,1,1,1.0
392,2,410.0,108.0,38.0,110.0,1,1,1.0
393,2,414.0,107.0,40.0,111.0,1,1,1.0
394,2,417.0,107.0,47.0,111.0,1,1,1.0
395,2,422.0,107.0,47.0,111.0,1,1,1.0
396,2,425.0,107.0,46.0,110.0,1,1,1.0
397,2,428.0,107.0,43.0,109.0,1,1,1.0
398,2,433.0,108.0,40.0,107.0,1,1,1.0
399,2,438.0,108.0,35.0,105.0,1,1,1.0
400,2,442.0,107.0,39.0,104.0,1,1,1.0
401,2,442.0,107.0,46.0,104.0,1,1,1.0
402,2,443.0,107.0,54.0,104.0,1,1,1.0
404,2,445.0,107.0,60.0,104.0,1,1,1.0
405,2,446.0,107.0,65.0,104.0,1,1,1.0
406,2,449.0,106.0,63.0,104.0,1,1,1.0
407,2,454.0,106.0,57.0,105.0,1,1,1.0
408,2,462.0,105.0,46.0,106.0,1,1,1.0
409,2,468.0,104.0,40.0,106.0,1,1,1.0
410,2,472.0,104.0,40.0,107.0,1,1,1.0
411,2,474.0,103.0,46.0,107.0,1,1,1.0
412,2,476.0,103.0,51.0,108.0,1,1,1.0
413,2,478.0,103.0,52.0,107.0,1,1,1.0
414,2,480.0,103.0,51.0,108.0,1,1,1.0
415,2,485.0,103.0,48.0,107.0,1,1,1.0
416,2,491.0,102.0,45.0,108.0,1,1,1.0
417,2,497.0,101.0,45.0,108.0,1,1,1.0
418,2,500.0,100.0,48.0,109.0,1,1,1.0
419,2,501.0,101.0,53.0,110.0,1,1,1.0
420,2,501.0,101.0,60.0,110.0,1,1,1.0
421,2,501.0,101.0,65.0,110.0,1,1,1.0
422,2,503.0,101.0,67.0,110.0,1,1,1.0
423,2,506.0,102.0,66.0,110.0,1,1,1.0
424,2,510.0,100.0,63.0,112.0,1,1,1.0
425,2,515.0,99.0,56.0,113.0,1,1,1.0
426,2,521.0,100.0,49.0,112.0,1,1,1.0
427,2,524.0,100.0,49.0,112.0,1,1,1.0
428,2,527.0,100.0,52.0,113.0,1,1,1.0
429,2,531.0,100.0,54.0,113.0,1,1,1.0
430,2,535.0,102.0,53.0,113.0,1,1,1.0
431,2,541.0,102.0,49.0,112.0,1,1,1.0
432,2,546.0,102.0,46.0,112.0,1,1,1.0
433,2,548.0,100.0,46.0,114.0,1,1,1.0
434,2,551.0,99.0,49.0,119.0,1,1,1.0
435,2,553.0,99.0,54.0,118.0,1,1,1.0
436,2,554.0,99.0,60.0,118.0,1,1,1.0
437,2,553.0,99.0,66.0,119.0,1,1,1.0
438,2,554.0,99.0,71.0,119.0,1,1,1.0
439,2,557.0,99.0,75.0,119.0,1,1,1.0
440,2,562.0,99.0,75.0,119.0,1,1,1.0
441,2,567.0,99.0,72.0,119.0,1,1,1.0
442,2,573.0,99.0,67.0,120.0,1,1,1.0
443,2,581.0,98.0,57.0,120.0,1,1,1.0
444,2,587.0,97.0,52.0,121.0,1,1,1.0
445,2,591.0,97.0,56.0,121.0,1,1,1.0
446,2,595.0,97.0,61.0,122.0,1,1,1.0
447,2,597.0,97.0,62.0,123.0,1,1,1.0
448,2,602.0,97.0,61.0,123.0,1,1,1.0
449,2,608.0,97.0,56.0,124.0,1,1,1.0
450,2,615.0,96.0,51.0,124.0,1,1,1.0
451,2,621.0,95.0,49.0,126.0,1,1,1.0
452,2,626.0,95.0,52.0,127.0,1,1,1.0
453,2,625.0,95.0,62.0,127.0,1,1,1.0
454,2,626.0,96.0,69.0,127.0,1,1,1.0
455,2,628.0,96.0,73.0,127.0,1,1,1.0
456,2,628.0,97.0,77.0,127.0,1,1,1.0
457,2,633.0,97.0,77.0,127.0,1,1,1.0
458,2,641.0,97.0,72.0,128.0,1,1,1.0
459,2,648.0,96.0,66.0,129.0,1,1,1.0
460,2,654.0,95.0,60.0,129.0,1,1,1.0
461,2,660.0,94.0,57.0,131.0,1,1,1.0
462,2,664.0,95.0,62.0,130.0,1,1,1.0
463,2,666.0,97.0,68.0,129.0,1,1,1.0
464,2,671.0,97.0,66.0,130.0,1,1,1.0
465,2,676.0,97.0,63.0,130.0,1,1,1.0
466,2,684.0,97.0,56.0,130.0,1,1,1.0
467,2,693.0,96.0,50.0,130.0,1,1,1.0
468,2,699.0,95.0,52.0,133.0,1,1,1.0
469,2,701.0,95.0,60.0,134.0,1,1,1.0
470,2,701.0,94.0,69.0,137.0,1,1,1.0
471,2,700.0,94.0,78.0,136.0,1,1,1.0
472,2,702.0,96.0,83.0,137.0,1,1,1.0
473,2,707.0,96.0,85.0,138.0,1,1,1.0
474,2,713.0,96.0,83.0,139.0,1,1,1.0
475,2,721.0,96.0,79.0,138.0,1,1,1.0
476,2,728.0,96.0,70.0,139.0,1,1,1.0
477,2,732.0,95.0,62.0,140.0,1,1,1.0
478,2,737.0,94.0,65.0,141.0,1,1,1.0
479,2,741.0,95.0,72.0,140.0,1,1,1.0
480,2,746.0,96.0,73.0,140.0,1,1,1.0
481,2,751.0,97.0,72.0,140.0,1,1,1.0
482,2,757.0,96.0,67.0,140.0,1,1,1.0
483,2,765.0,96.0,60.0,140.0,1,1,1.0
484,2,776.0,95.0,52.0,141.0,1,1,1.0
485,2,783.0,95.0,55.0,143.0,1,1,1.0
486,2,788.0,94.0,62.0,145.0,1,1,1.0
487,2,789.0,95.0,69.0,146.0,1,1,1.0
488,2,786.0,95.0,82.0,146.0,1,1,1.0
489,2,788.0,96.0,86.0,147.0,1,1,1.0
490,2,793.0,97.0,87.0,147.0,1,1,1.0
491,2,798.0,97.0,88.0,148.0,1,1,1.0
492,2,807.0,96.0,80.0,148.0,1,1,1.0
493,2,819.0,95.0,65.0,149.0,1,1,1.0
494,2,827.0,95.0,58.0,150.0,1,1,1.0
495,2,834.0,96.0,62.0,149.0,1,1,1.0
496,2,838.0,96.0,70.0,149.0,1,1,1.0
497,2,841.0,97.0,76.0,150.0,1,1,1.0
498,2,843.0,98.0,78.0,149.0,1,1,1.0
499,2,849.0,99.0,73.0,149.0,1,1,1.0
500,2,859.0,98.0,64.0,149.0,1,1,1.0
501,2,870.0,96.0,55.0,151.0,1,1,1.0
502,2,880.0,96.0,55.0,153.0,1,1,1.0
503,2,885.0,95.0,63.0,154.0,1,1,1.0
504,2,883.0,96.0,77.0,154.0,1,1,1.0
505,2,883.0,97.0,88.0,155.0,1,1,1.0
506,2,884.0,98.0,96.0,156.0,1,1,1.0
507,2,889.0,99.0,98.0,156.0,1,1,1.0
508,2,901.0,100.0,90.0,156.0,1,1,1.0
509,2,914.0,100.0,78.0,157.0,1,1,1.0
510,2,925.0,99.0,63.0,158.0,1,1,1.0
511,2,932.0,99.0,61.0,158.0,1,1,1.0
512,2,936.0,99.0,70.0,158.0,1,1,1.0
513,2,941.0,99.0,78.0,159.0,1,1,1.0
514,2,945.0,101.0,83.0,159.0,1,1,1.0
515,2,950.0,102.0,83.0,159.0,1,1,1.0
516,2,957.0,103.0,78.0,159.0,1,1,1.0
517,2,968.0,102.0,68.0,160.0,1,1,1.0
518,2,982.0,101.0,58.0,161.0,1,1,1.0
519,2,994.0,101.0,60.0,163.0,1,1,1.0
520,2,998.0,102.0,69.0,165.0,1,1,1.0
521,2,998.0,102.0,82.0,167.0,1,1,1.0
522,2,999.0,104.0,94.0,166.0,1,1,1.0
523,2,1002.0,106.0,102.0,166.0,1,1,1.0
524,2,1007.0,107.0,107.0,166.0,1,1,1.0
525,2,1015.0,108.0,108.0,166.0,1,1,1.0
526,2,1029.0,108.0,99.0,166.0,1,1,1.0
527,2,1039.0,107.0,86.0,167.0,1,1,1.0
528,2,1048.0,107.0,75.0,167.0,1,1,1.0
529,2,1058.0,108.0,78.0,168.0,1,1,1.0
530,2,1064.0,109.0,88.0,169.0,1,1,1.0
531,2,1069.0,111.0,96.0,171.0,1,1,1.0
532,2,1073.0,113.0,97.0,171.0,1,1,1.0
533,2,1081.0,114.0,92.0,171.0,1,1,1.0
534,2,1093.0,114.0,83.0,171.0,1,1,1.0
535,2,1108.0,114.0,71.0,171.0,1,1,1.0
536,2,1127.0,114.0,62.0,173.0,1,1,1.0
537,2,1138.0,113.0,67.0,177.0,1,1,1.0
538,2,1141.0,112.0,83.0,180.0,1,1,1.0
539,2,1140.0,114.0,101.0,181.0,1,1,1.0
540,2,1141.0,117.0,111.0,181.0,1,1,1.0
541,2,1144.0,118.0,119.0,181.0,1,1,1.0
542,2,1154.0,119.0,117.0,180.0,1,1,1.0
543,2,1170.0,119.0,105.0,180.0,1,1,1.0
544,2,1184.0,119.0,85.0,181.0,1,1,1.0
545,2,1198.0,119.0,70.0,181.0,1,1,1.0
546,2,1205.0,120.0,75.0,181.0,1,1,1.0
547,2,1209.0,121.0,87.0,183.0,1,1,1.0
548,2,1208.0,123.0,102.0,184.0,1,1,1.0
549,2,1211.0,126.0,107.0,183.0,1,1,1.0
550,2,1220.0,129.0,103.0,181.0,1,1,1.0
551,2,1230.0,130.0,95.0,180.0,1,1,1.0
552,2,1248.0,129.0,79.0,181.0,1,1,1.0
553,2,1269.0,129.0,66.0,181.0,1,1,1.0
554,2,1283.0,130.0,70.0,185.0,1,1,1.0
555,2,1287.0,131.0,82.0,187.0,1,1,1.0
556,2,1289.0,133.0,96.0,187.0,1,1,1.0
557,2,1290.0,136.0,109.0,188.0,1,1,1.0
558,2,1295.0,138.0,116.0,188.0,1,1,1.0
559,2,1301.0,138.0,118.0,188.0,1,1,1.0
560,2,1317.0,138.0,106.0,189.0,1,1,1.0
