47,1,1459.0,1033.0,62.0,46.0,1,1,1.0
47,2,1207.0,1042.0,68.0,36.0,1,1,1.0
48,1,1455.0,1021.0,61.0,58.0,1,1,1.0
48,2,1204.0,1032.0,68.0,47.0,1,1,1.0
49,1,1449.0,1008.0,79.0,71.0,1,1,1.0
49,2,1202.0,1019.0,72.0,59.0,1,1,1.0
50,1,1436.0,997.0,97.0,82.0,1,1,1.0
50,2,1199.0,1006.0,90.0,72.0,1,1,1.0
51,1,1418.0,988.0,114.0,91.0,1,1,1.0
51,2,1186.0,995.0,108.0,84.0,1,1,1.0
52,1,1403.0,982.0,126.0,97.0,1,1,1.0
52,2,1175.0,987.0,124.0,92.0,1,1,1.0
53,1,1392.0,976.0,135.0,103.0,1,1,1.0
53,2,1166.0,980.0,135.0,99.0,1,1,1.0
54,1,1385.0,969.0,138.0,110.0,1,1,1.0
54,2,1159.0,975.0,144.0,104.0,1,1,1.0
55,1,1378.0,960.0,141.0,119.0,1,1,1.0
55,2,1155.0,969.0,153.0,110.0,1,1,1.0
56,1,1369.0,951.0,146.0,127.0,1,1,1.0
56,2,1154.0,962.0,158.0,117.0,1,1,1.0
57,1,1361.0,942.0,149.0,137.0,1,1,1.0
57,2,1151.0,953.0,167.0,126.0,1,1,1.0
58,1,1354.0,933.0,148.0,146.0,1,1,1.0
58,2,1149.0,943.0,177.0,136.0,1,1,1.0
59,1,1347.0,925.0,145.0,154.0,1,1,1.0
59,2,1145.0,932.0,182.0,146.0,1,1,1.0
60,1,1337.0,917.0,146.0,161.0,1,1,1.0
60,2,1138.0,923.0,190.0,156.0,1,1,1.0
61,1,1327.0,911.0,146.0,168.0,1,1,1.0
61,2,1130.0,915.0,197.0,164.0,1,1,1.0
62,1,1317.0,904.0,146.0,174.0,1,1,1.0
62,2,1125.0,909.0,200.0,169.0,1,1,1.0
63,1,1310.0,898.0,143.0,180.0,1,1,1.0
63,2,1125.0,905.0,196.0,174.0,1,1,1.0
64,1,1303.0,891.0,143.0,187.0,1,1,1.0
64,2,1128.0,901.0,187.0,178.0,1,1,1.0
65,1,1297.0,883.0,146.0,196.0,1,1,1.0
65,2,1127.0,895.0,182.0,184.0,1,1,1.0
66,1,1295.0,872.0,147.0,206.0,1,1,1.0
66,2,1124.0,888.0,180.0,191.0,1,1,1.0
67,1,1293.0,862.0,149.0,216.0,1,1,1.0
67,2,1121.0,879.0,179.0,200.0,1,1,1.0
68,1,1289.0,853.0,154.0,225.0,1,1,1.0
68,2,1118.0,870.0,179.0,208.0,1,1,1.0
69,1,1286.0,847.0,159.0,232.0,1,1,1.0
69,2,1116.0,864.0,178.0,215.0,1,1,1.0
70,1,1284.0,844.0,162.0,235.0,1,1,1.0
70,2,1119.0,858.0,171.0,220.0,1,1,1.0
71,1,1281.0,841.0,162.0,237.0,1,1,1.0
71,2,1122.0,854.0,166.0,224.0,1,1,1.0
72,1,1279.0,838.0,160.0,240.0,1,1,1.0
72,2,1121.0,851.0,163.0,227.0,1,1,1.0
73,1,1277.0,833.0,156.0,245.0,1,1,1.0
73,2,1120.0,848.0,162.0,231.0,1,1,1.0
74,1,1274.0,827.0,148.0,252.0,1,1,1.0
74,2,1123.0,842.0,159.0,236.0,1,1,1.0
75,1,1272.0,819.0,135.0,260.0,1,1,1.0
75,2,1127.0,836.0,151.0,243.0,1,1,1.0
76,1,1270.0,812.0,123.0,267.0,1,1,1.0
76,2,1132.0,830.0,144.0,249.0,1,1,1.0
77,1,1265.0,806.0,118.0,272.0,1,1,1.0
77,2,1130.0,823.0,142.0,255.0,1,1,1.0
78,1,1261.0,803.0,114.0,275.0,1,1,1.0
78,2,1123.0,816.0,146.0,263.0,1,1,1.0
79,1,1255.0,802.0,111.0,277.0,1,1,1.0
79,2,1116.0,810.0,152.0,268.0,1,1,1.0
80,1,1252.0,801.0,107.0,278.0,1,1,1.0
80,2,1111.0,807.0,154.0,271.0,1,1,1.0
81,1,1250.0,799.0,102.0,280.0,1,1,1.0
81,2,1112.0,804.0,149.0,274.0,1,1,1.0
82,1,1248.0,795.0,98.0,283.0,1,1,1.0
82,2,1119.0,801.0,136.0,277.0,1,1,1.0
83,1,1245.0,789.0,97.0,289.0,1,1,1.0
83,2,1121.0,798.0,130.0,281.0,1,1,1.0
84,1,1241.0,782.0,98.0,296.0,1,1,1.0
84,2,1119.0,793.0,128.0,285.0,1,1,1.0
85,1,1236.0,774.0,103.0,304.0,1,1,1.0
85,2,1114.0,787.0,129.0,291.0,1,1,1.0
86,1,1231.0,767.0,111.0,311.0,1,1,1.0
86,2,1107.0,782.0,133.0,296.0,1,1,1.0
87,1,1227.0,762.0,117.0,315.0,1,1,1.0
87,2,1103.0,777.0,136.0,301.0,1,1,1.0
88,1,1224.0,760.0,123.0,318.0,1,1,1.0
88,2,1105.0,773.0,130.0,304.0,1,1,1.0
89,1,1220.0,759.0,128.0,319.0,1,1,1.0
89,2,1108.0,771.0,123.0,306.0,1,1,1.0
90,1,1219.0,757.0,130.0,320.0,1,1,1.0
90,2,1107.0,769.0,122.0,304.0,1,1,1.0
91,1,1218.0,755.0,131.0,317.0,1,1,1.0
91,2,1107.0,765.0,120.0,305.0,1,1,1.0
92,1,1216.0,751.0,127.0,311.0,1,1,1.0
92,2,1109.0,760.0,115.0,306.0,1,1,1.0
93,1,1215.0,746.0,119.0,300.0,1,1,1.0
93,2,1111.0,755.0,112.0,299.0,1,1,1.0
94,1,1211.0,740.0,111.0,291.0,1,1,1.0
94,2,1108.0,750.0,113.0,290.0,1,1,1.0
95,1,1208.0,735.0,105.0,290.0,1,1,1.0
95,2,1101.0,745.0,119.0,284.0,1,1,1.0
96,1,1204.0,731.0,102.0,292.0,1,1,1.0
96,2,1093.0,739.0,123.0,286.0,1,1,1.0
97,1,1202.0,729.0,98.0,295.0,1,1,1.0
97,2,1086.0,736.0,129.0,287.0,1,1,1.0
98,1,1202.0,728.0,98.0,295.0,1,1,1.0
98,2,1081.0,734.0,132.0,287.0,1,1,1.0
99,1,1199.0,728.0,103.0,294.0,1,1,1.0
99,2,1082.0,732.0,130.0,285.0,1,1,1.0
100,1,1196.0,727.0,109.0,292.0,1,1,1.0
100,2,1084.0,730.0,125.0,285.0,1,1,1.0
101,1,1192.0,725.0,97.0,266.0,1,1,1.0
101,2,1083.0,731.0,124.0,280.0,1,1,1.0
102,1,1187.0,721.0,101.0,270.0,1,1,1.0
102,2,1079.0,726.0,122.0,273.0,1,1,1.0
103,1,1182.0,715.0,102.0,267.0,1,1,1.0
103,2,1074.0,721.0,120.0,264.0,1,1,1.0
104,1,1178.0,710.0,102.0,268.0,1,1,1.0
104,2,1073.0,717.0,115.0,262.0,1,1,1.0
105,1,1174.0,705.0,107.0,271.0,1,1,1.0
105,2,1074.0,714.0,111.0,262.0,1,1,1.0
106,1,1171.0,702.0,110.0,273.0,1,1,1.0
106,2,1074.0,713.0,108.0,262.0,1,1,1.0
107,1,1170.0,701.0,111.0,273.0,1,1,1.0
107,2,1074.0,712.0,107.0,262.0,1,1,1.0
108,1,1169.0,701.0,112.0,274.0,1,1,1.0
108,2,1074.0,711.0,105.0,260.0,1,1,1.0
109,1,1169.0,701.0,113.0,269.0,1,1,1.0
109,2,1074.0,710.0,101.0,259.0,1,1,1.0
110,1,1167.0,699.0,113.0,266.0,1,1,1.0
110,2,1074.0,708.0,99.0,257.0,1,1,1.0
111,1,1166.0,696.0,104.0,262.0,1,1,1.0
111,2,1072.0,704.0,100.0,250.0,1,1,1.0
112,1,1163.0,691.0,100.0,255.0,1,1,1.0
112,2,1068.0,699.0,100.0,242.0,1,1,1.0
113,1,1160.0,686.0,96.0,252.0,1,1,1.0
113,2,1065.0,695.0,100.0,241.0,1,1,1.0
114,1,1156.0,683.0,93.0,251.0,1,1,1.0
114,2,1061.0,692.0,100.0,242.0,1,1,1.0
115,1,1153.0,681.0,92.0,252.0,1,1,1.0
115,2,1058.0,690.0,103.0,242.0,1,1,1.0
116,1,1149.0,680.0,91.0,252.0,1,1,1.0
116,2,1056.0,689.0,105.0,242.0,1,1,1.0
117,1,1148.0,681.0,88.0,251.0,1,1,1.0
117,2,1055.0,688.0,106.0,243.0,1,1,1.0
118,1,1146.0,681.0,86.0,249.0,1,1,1.0
118,2,1054.0,687.0,105.0,241.0,1,1,1.0
119,1,1144.0,680.0,86.0,246.0,1,1,1.0
119,2,1052.0,685.0,103.0,238.0,1,1,1.0
120,1,1143.0,677.0,82.0,242.0,1,1,1.0
120,2,1048.0,682.0,102.0,231.0,1,1,1.0
121,1,1141.0,673.0,81.0,236.0,1,1,1.0
121,2,1045.0,678.0,100.0,225.0,1,1,1.0
122,1,1138.0,668.0,83.0,234.0,1,1,1.0
122,2,1043.0,675.0,99.0,224.0,1,1,1.0
123,1,1134.0,664.0,88.0,235.0,1,1,1.0
123,2,1041.0,673.0,98.0,226.0,1,1,1.0
124,1,1131.0,661.0,92.0,236.0,1,1,1.0
124,2,1042.0,671.0,95.0,227.0,1,1,1.0
125,1,1127.0,660.0,96.0,238.0,1,1,1.0
125,2,1044.0,671.0,91.0,226.0,1,1,1.0
126,1,1124.0,661.0,100.0,237.0,1,1,1.0
126,2,1046.0,670.0,87.0,225.0,1,1,1.0
127,1,1121.0,661.0,102.0,236.0,1,1,1.0
127,2,1047.0,668.0,85.0,225.0,1,1,1.0
128,1,1121.0,659.0,101.0,234.0,1,1,1.0
128,2,1046.0,665.0,84.0,222.0,1,1,1.0
129,1,1119.0,657.0,100.0,230.0,1,1,1.0
129,2,1044.0,662.0,85.0,216.0,1,1,1.0
130,1,1119.0,653.0,95.0,222.0,1,1,1.0
130,2,1040.0,658.0,87.0,212.0,1,1,1.0
131,1,1117.0,650.0,91.0,220.0,1,1,1.0
131,2,1036.0,655.0,88.0,213.0,1,1,1.0
132,1,1115.0,646.0,87.0,221.0,1,1,1.0
132,2,1033.0,653.0,89.0,214.0,1,1,1.0
133,1,1114.0,644.0,84.0,222.0,1,1,1.0
133,2,1030.0,652.0,90.0,215.0,1,1,1.0
134,1,1110.0,643.0,84.0,223.0,1,1,1.0
134,2,1027.0,651.0,89.0,215.0,1,1,1.0
135,1,1107.0,643.0,83.0,223.0,1,1,1.0
135,2,1025.0,651.0,89.0,213.0,1,1,1.0
136,1,1105.0,644.0,82.0,220.0,1,1,1.0
136,2,1024.0,650.0,89.0,211.0,1,1,1.0
137,1,1105.0,644.0,79.0,218.0,1,1,1.0
137,2,1021.0,649.0,87.0,206.0,1,1,1.0
138,1,1103.0,642.0,79.0,215.0,1,1,1.0
138,2,1019.0,646.0,86.0,200.0,1,1,1.0
139,1,1101.0,640.0,79.0,207.0,1,1,1.0
139,2,1018.0,643.0,84.0,199.0,1,1,1.0
140,1,1098.0,638.0,83.0,203.0,1,1,1.0
140,2,1016.0,641.0,84.0,200.0,1,1,1.0
141,1,1096.0,634.0,85.0,204.0,1,1,1.0
141,2,1016.0,639.0,83.0,201.0,1,1,1.0
142,1,1096.0,632.0,85.0,206.0,1,1,1.0
142,2,1019.0,639.0,80.0,201.0,1,1,1.0
143,1,1094.0,630.0,86.0,208.0,1,1,1.0
143,2,1021.0,638.0,77.0,201.0,1,1,1.0
144,1,1094.0,629.0,86.0,208.0,1,1,1.0
144,2,1022.0,637.0,75.0,199.0,1,1,1.0
145,1,1094.0,628.0,84.0,207.0,1,1,1.0
145,2,1021.0,636.0,76.0,198.0,1,1,1.0
146,1,1094.0,627.0,84.0,205.0,1,1,1.0
146,2,1018.0,634.0,78.0,193.0,1,1,1.0
147,1,1094.0,625.0,83.0,200.0,1,1,1.0
147,2,1014.0,631.0,82.0,188.0,1,1,1.0
148,1,1093.0,622.0,82.0,195.0,1,1,1.0
148,2,1012.0,628.0,84.0,189.0,1,1,1.0
149,1,1092.0,619.0,81.0,196.0,1,1,1.0
149,2,1011.0,626.0,84.0,189.0,1,1,1.0
150,1,1090.0,617.0,78.0,196.0,1,1,1.0
150,2,1010.0,625.0,84.0,190.0,1,1,1.0
151,1,1087.0,616.0,78.0,197.0,1,1,1.0
151,2,1010.0,625.0,82.0,190.0,1,1,1.0
152,1,1085.0,616.0,79.0,197.0,1,1,1.0
152,2,1010.0,625.0,81.0,189.0,1,1,1.0
153,1,1086.0,617.0,76.0,196.0,1,1,1.0
153,2,1008.0,624.0,82.0,188.0,1,1,1.0
154,1,1085.0,617.0,74.0,194.0,1,1,1.0
154,2,1006.0,621.0,82.0,185.0,1,1,1.0
155,1,1084.0,617.0,74.0,192.0,1,1,1.0
155,2,1004.0,619.0,82.0,180.0,1,1,1.0
156,1,1082.0,616.0,74.0,189.0,1,1,1.0
156,2,1004.0,617.0,79.0,178.0,1,1,1.0
157,1,1081.0,613.0,74.0,185.0,1,1,1.0
157,2,1004.0,615.0,78.0,178.0,1,1,1.0
158,1,1081.0,609.0,73.0,183.0,1,1,1.0
158,2,1005.0,614.0,77.0,179.0,1,1,1.0
159,1,1081.0,606.0,73.0,184.0,1,1,1.0
159,2,1008.0,613.0,76.0,179.0,1,1,1.0
160,1,1081.0,605.0,74.0,185.0,1,1,1.0
160,2,1011.0,613.0,74.0,178.0,1,1,1.0
161,1,1081.0,604.0,74.0,186.0,1,1,1.0
161,2,1014.0,613.0,72.0,177.0,1,1,1.0
162,1,1080.0,604.0,76.0,185.0,1,1,1.0
162,2,1015.0,612.0,70.0,177.0,1,1,1.0
163,1,1079.0,605.0,77.0,184.0,1,1,1.0
163,2,1015.0,610.0,68.0,174.0,1,1,1.0
164,1,1079.0,605.0,78.0,182.0,1,1,1.0
164,2,1013.0,608.0,69.0,171.0,1,1,1.0
165,1,1079.0,605.0,78.0,181.0,1,1,1.0
165,2,1010.0,606.0,71.0,170.0,1,1,1.0
166,1,1079.0,603.0,77.0,177.0,1,1,1.0
166,2,1009.0,604.0,71.0,169.0,1,1,1.0
167,1,1078.0,600.0,74.0,173.0,1,1,1.0
167,2,1007.0,603.0,73.0,170.0,1,1,1.0
168,1,1077.0,598.0,70.0,174.0,1,1,1.0
168,2,1005.0,603.0,76.0,170.0,1,1,1.0
169,1,1076.0,596.0,67.0,175.0,1,1,1.0
169,2,1004.0,603.0,78.0,170.0,1,1,1.0
170,1,1076.0,595.0,64.0,176.0,1,1,1.0
170,2,1004.0,603.0,79.0,169.0,1,1,1.0
171,1,1077.0,595.0,61.0,175.0,1,1,1.0
171,2,1004.0,603.0,79.0,168.0,1,1,1.0
172,1,1077.0,596.0,59.0,174.0,1,1,1.0
172,2,1003.0,602.0,79.0,164.0,1,1,1.0
173,1,1076.0,596.0,59.0,173.0,1,1,1.0
173,2,1003.0,600.0,76.0,160.0,1,1,1.0
174,1,1073.0,596.0,61.0,172.0,1,1,1.0
174,2,1005.0,598.0,71.0,159.0,1,1,1.0
175,1,1071.0,595.0,62.0,169.0,1,1,1.0
175,2,1007.0,597.0,66.0,159.0,1,1,1.0
176,1,1070.0,593.0,63.0,166.0,1,1,1.0
176,2,1009.0,596.0,63.0,159.0,1,1,1.0
177,1,1069.0,590.0,66.0,166.0,1,1,1.0
177,2,1012.0,596.0,60.0,160.0,1,1,1.0
178,1,1068.0,588.0,68.0,167.0,1,1,1.0
178,2,1014.0,596.0,58.0,160.0,1,1,1.0
179,1,1068.0,587.0,69.0,167.0,1,1,1.0
179,2,1015.0,596.0,57.0,158.0,1,1,1.0
180,1,1069.0,587.0,70.0,167.0,1,1,1.0
180,2,1016.0,595.0,59.0,158.0,1,1,1.0
181,1,1069.0,588.0,70.0,166.0,1,1,1.0
181,2,1016.0,593.0,59.0,156.0,1,1,1.0
182,1,1069.0,588.0,70.0,165.0,1,1,1.0
182,2,1015.0,591.0,59.0,154.0,1,1,1.0
183,1,1069.0,588.0,69.0,163.0,1,1,1.0
183,2,1013.0,590.0,61.0,153.0,1,1,1.0
184,1,1069.0,588.0,68.0,161.0,1,1,1.0
184,2,1011.0,588.0,63.0,154.0,1,1,1.0
185,1,1069.0,587.0,67.0,158.0,1,1,1.0
185,2,1010.0,588.0,64.0,154.0,1,1,1.0
186,1,1069.0,585.0,65.0,157.0,1,1,1.0
186,2,1010.0,588.0,65.0,154.0,1,1,1.0
187,1,1068.0,583.0,61.0,157.0,1,1,1.0
187,2,1009.0,588.0,65.0,153.0,1,1,1.0
188,1,1067.0,582.0,58.0,158.0,1,1,1.0
188,2,1009.0,588.0,64.0,152.0,1,1,1.0
189,1,1067.0,581.0,56.0,158.0,1,1,1.0
189,2,1008.0,587.0,64.0,152.0,1,1,1.0
190,1,1066.0,581.0,55.0,158.0,1,1,1.0
190,2,1007.0,586.0,63.0,148.0,1,1,1.0
191,1,1065.0,582.0,55.0,157.0,1,1,1.0
191,2,1006.0,584.0,63.0,146.0,1,1,1.0
192,1,1065.0,582.0,54.0,156.0,1,1,1.0
192,2,1006.0,583.0,62.0,146.0,1,1,1.0
193,1,1064.0,582.0,54.0,154.0,1,1,1.0
193,2,1007.0,582.0,60.0,147.0,1,1,1.0
194,1,1063.0,581.0,55.0,151.0,1,1,1.0
194,2,1009.0,581.0,57.0,146.0,1,1,1.0
195,1,1062.0,578.0,56.0,150.0,1,1,1.0
195,2,1010.0,581.0,56.0,146.0,1,1,1.0
196,1,1061.0,576.0,59.0,150.0,1,1,1.0
196,2,1010.0,581.0,55.0,146.0,1,1,1.0
197,1,1061.0,575.0,61.0,150.0,1,1,1.0
197,2,1010.0,581.0,55.0,145.0,1,1,1.0
198,1,1061.0,574.0,62.0,151.0,1,1,1.0
198,2,1010.0,580.0,56.0,145.0,1,1,1.0
199,1,1061.0,574.0,64.0,151.0,1,1,1.0
199,2,1009.0,578.0,57.0,142.0,1,1,1.0
200,1,1060.0,575.0,65.0,151.0,1,1,1.0
200,2,1007.0,576.0,59.0,142.0,1,1,1.0
201,1,1059.0,575.0,66.0,149.0,1,1,1.0
201,2,1005.0,575.0,60.0,142.0,1,1,1.0
202,1,1059.0,575.0,66.0,149.0,1,1,1.0
202,2,1003.0,574.0,61.0,142.0,1,1,1.0
203,1,1060.0,575.0,64.0,145.0,1,1,1.0
203,2,1002.0,574.0,61.0,142.0,1,1,1.0
204,1,1059.0,573.0,64.0,143.0,1,1,1.0
204,2,1002.0,574.0,61.0,142.0,1,1,1.0
205,1,1058.0,571.0,63.0,143.0,1,1,1.0
205,2,1002.0,574.0,60.0,141.0,1,1,1.0
206,1,1057.0,570.0,60.0,143.0,1,1,1.0
206,2,1001.0,574.0,60.0,140.0,1,1,1.0
207,1,1057.0,568.0,57.0,144.0,1,1,1.0
207,2,1000.0,574.0,62.0,137.0,1,1,1.0
208,1,1058.0,568.0,54.0,144.0,1,1,1.0
208,2,999.0,573.0,63.0,134.0,1,1,1.0
209,1,1058.0,569.0,52.0,143.0,1,1,1.0
209,2,997.0,572.0,63.0,134.0,1,1,1.0
210,1,1057.0,570.0,52.0,142.0,1,1,1.0
210,2,997.0,571.0,62.0,133.0,1,1,1.0
211,1,1055.0,569.0,53.0,141.0,1,1,1.0
211,2,996.0,571.0,60.0,132.0,1,1,1.0
212,1,1052.0,569.0,53.0,140.0,1,1,1.0
212,2,998.0,570.0,56.0,132.0,1,1,1.0
213,1,1051.0,568.0,54.0,136.0,1,1,1.0
213,2,999.0,571.0,54.0,133.0,1,1,1.0
214,1,1049.0,566.0,55.0,136.0,1,1,1.0
214,2,999.0,571.0,53.0,132.0,1,1,1.0
215,1,1050.0,564.0,55.0,137.0,1,1,1.0
215,2,1000.0,570.0,52.0,132.0,1,1,1.0
216,1,1050.0,562.0,56.0,137.0,1,1,1.0
216,2,1000.0,569.0,53.0,130.0,1,1,1.0
217,1,1050.0,561.0,56.0,138.0,1,1,1.0
217,2,998.0,567.0,54.0,130.0,1,1,1.0
218,1,1050.0,562.0,57.0,138.0,1,1,1.0
218,2,996.0,566.0,56.0,132.0,1,1,1.0
219,1,1049.0,562.0,59.0,137.0,1,1,1.0
219,2,995.0,565.0,56.0,132.0,1,1,1.0
220,1,1048.0,563.0,60.0,136.0,1,1,1.0
220,2,994.0,565.0,56.0,130.0,1,1,1.0
221,1,1046.0,563.0,62.0,135.0,1,1,1.0
221,2,993.0,565.0,56.0,129.0,1,1,1.0
222,1,1046.0,562.0,62.0,132.0,1,1,1.0
222,2,993.0,565.0,56.0,128.0,1,1,1.0
223,1,1046.0,561.0,61.0,131.0,1,1,1.0
223,2,991.0,565.0,59.0,127.0,1,1,1.0
224,1,1046.0,559.0,58.0,133.0,1,1,1.0
224,2,989.0,564.0,60.0,127.0,1,1,1.0
225,1,1044.0,558.0,55.0,133.0,1,1,1.0
225,2,987.0,564.0,62.0,124.0,1,1,1.0
226,1,1043.0,557.0,53.0,133.0,1,1,1.0
226,2,986.0,562.0,62.0,124.0,1,1,1.0
227,1,1043.0,558.0,51.0,133.0,1,1,1.0
227,2,985.0,561.0,60.0,124.0,1,1,1.0
228,1,1042.0,558.0,50.0,132.0,1,1,1.0
228,2,984.0,560.0,59.0,124.0,1,1,1.0
229,1,1041.0,559.0,50.0,132.0,1,1,1.0
229,2,983.0,560.0,59.0,124.0,1,1,1.0
230,1,1040.0,559.0,50.0,131.0,1,1,1.0
230,2,983.0,560.0,58.0,124.0,1,1,1.0
231,1,1039.0,558.0,50.0,129.0,1,1,1.0
231,2,984.0,560.0,56.0,124.0,1,1,1.0
232,1,1038.0,557.0,50.0,127.0,1,1,1.0
232,2,984.0,560.0,56.0,124.0,1,1,1.0
233,1,1037.0,555.0,52.0,127.0,1,1,1.0
233,2,984.0,560.0,56.0,122.0,1,1,1.0
234,1,1037.0,553.0,53.0,127.0,1,1,1.0
234,2,982.0,559.0,57.0,119.0,1,1,1.0
235,1,1036.0,552.0,55.0,128.0,1,1,1.0
235,2,980.0,558.0,58.0,119.0,1,1,1.0
236,1,1034.0,552.0,57.0,128.0,1,1,1.0
236,2,978.0,556.0,60.0,119.0,1,1,1.0
237,1,1033.0,553.0,57.0,127.0,1,1,1.0
237,2,978.0,555.0,59.0,119.0,1,1,1.0
238,1,1031.0,553.0,59.0,127.0,1,1,1.0
238,2,977.0,554.0,57.0,120.0,1,1,1.0
239,1,1030.0,554.0,59.0,125.0,1,1,1.0
239,2,977.0,555.0,56.0,120.0,1,1,1.0
240,1,1030.0,553.0,58.0,125.0,1,1,1.0
240,2,976.0,555.0,56.0,119.0,1,1,1.0
241,1,1030.0,553.0,56.0,124.0,1,1,1.0
241,2,975.0,555.0,57.0,118.0,1,1,1.0
242,1,1030.0,551.0,54.0,122.0,1,1,1.0
242,2,974.0,554.0,58.0,116.0,1,1,1.0
243,1,1028.0,549.0,52.0,123.0,1,1,1.0
243,2,971.0,553.0,58.0,115.0,1,1,1.0
244,1,1027.0,548.0,50.0,123.0,1,1,1.0
244,2,970.0,552.0,59.0,115.0,1,1,1.0
245,1,1025.0,547.0,49.0,123.0,1,1,1.0
245,2,968.0,552.0,60.0,115.0,1,1,1.0
246,1,1025.0,547.0,49.0,123.0,1,1,1.0
246,2,965.0,551.0,62.0,115.0,1,1,1.0
247,1,1024.0,548.0,49.0,123.0,1,1,1.0
247,2,966.0,552.0,59.0,115.0,1,1,1.0
248,1,1023.0,548.0,50.0,122.0,1,1,1.0
248,2,967.0,552.0,58.0,115.0,1,1,1.0
249,1,1023.0,549.0,50.0,121.0,1,1,1.0
249,2,968.0,552.0,58.0,114.0,1,1,1.0
250,1,1022.0,549.0,50.0,120.0,1,1,1.0
250,2,967.0,552.0,57.0,114.0,1,1,1.0
251,1,1021.0,548.0,50.0,119.0,1,1,1.0
251,2,967.0,551.0,56.0,113.0,1,1,1.0
252,1,1020.0,546.0,51.0,118.0,1,1,1.0
252,2,967.0,550.0,55.0,111.0,1,1,1.0
253,1,1020.0,544.0,52.0,119.0,1,1,1.0
253,2,965.0,548.0,57.0,112.0,1,1,1.0
254,1,1019.0,543.0,54.0,119.0,1,1,1.0
254,2,963.0,547.0,58.0,112.0,1,1,1.0
255,1,1018.0,543.0,55.0,120.0,1,1,1.0
255,2,962.0,547.0,59.0,112.0,1,1,1.0
256,1,1017.0,543.0,57.0,120.0,1,1,1.0
256,2,960.0,547.0,59.0,112.0,1,1,1.0
257,1,1016.0,544.0,58.0,119.0,1,1,1.0
257,2,959.0,547.0,59.0,112.0,1,1,1.0
258,1,1014.0,545.0,60.0,118.0,1,1,1.0
258,2,958.0,547.0,60.0,111.0,1,1,1.0
259,1,1013.0,545.0,60.0,117.0,1,1,1.0
259,2,957.0,546.0,59.0,112.0,1,1,1.0
260,1,1012.0,545.0,58.0,116.0,1,1,1.0
260,2,956.0,546.0,59.0,110.0,1,1,1.0
261,1,1010.0,544.0,57.0,113.0,1,1,1.0
261,2,953.0,545.0,59.0,109.0,1,1,1.0
262,1,1009.0,542.0,55.0,112.0,1,1,1.0
262,2,951.0,543.0,60.0,110.0,1,1,1.0
263,1,1008.0,541.0,52.0,113.0,1,1,1.0
263,2,950.0,542.0,60.0,110.0,1,1,1.0
264,1,1008.0,540.0,50.0,114.0,1,1,1.0
264,2,948.0,542.0,60.0,109.0,1,1,1.0
265,1,1007.0,540.0,48.0,115.0,1,1,1.0
265,2,949.0,542.0,59.0,109.0,1,1,1.0
266,1,1007.0,541.0,47.0,115.0,1,1,1.0
266,2,950.0,542.0,58.0,109.0,1,1,1.0
267,1,1006.0,541.0,45.0,114.0,1,1,1.0
267,2,952.0,542.0,56.0,109.0,1,1,1.0
268,1,1005.0,542.0,45.0,114.0,1,1,1.0
268,2,953.0,543.0,55.0,108.0,1,1,1.0
269,1,1005.0,542.0,45.0,112.0,1,1,1.0
269,2,952.0,542.0,54.0,107.0,1,1,1.0
270,1,1004.0,541.0,45.0,111.0,1,1,1.0
270,2,950.0,541.0,55.0,105.0,1,1,1.0
271,1,1003.0,540.0,45.0,109.0,1,1,1.0
271,2,947.0,541.0,59.0,105.0,1,1,1.0
272,1,1003.0,539.0,45.0,109.0,1,1,1.0
272,2,945.0,540.0,60.0,105.0,1,1,1.0
273,1,1002.0,538.0,47.0,110.0,1,1,1.0
273,2,944.0,540.0,61.0,105.0,1,1,1.0
274,1,1001.0,537.0,48.0,111.0,1,1,1.0
274,2,944.0,540.0,61.0,105.0,1,1,1.0
275,1,1000.0,537.0,49.0,111.0,1,1,1.0
275,2,945.0,540.0,58.0,104.0,1,1,1.0
276,1,999.0,537.0,49.0,111.0,1,1,1.0
276,2,945.0,541.0,57.0,104.0,1,1,1.0
277,1,997.0,538.0,50.0,110.0,1,1,1.0
277,2,947.0,541.0,54.0,104.0,1,1,1.0
278,1,996.0,538.0,51.0,109.0,1,1,1.0
278,2,944.0,540.0,55.0,102.0,1,1,1.0
279,1,995.0,538.0,52.0,109.0,1,1,1.0
279,2,943.0,539.0,55.0,101.0,1,1,1.0
280,1,995.0,537.0,51.0,108.0,1,1,1.0
280,2,942.0,538.0,55.0,101.0,1,1,1.0
281,1,995.0,536.0,49.0,106.0,1,1,1.0
281,2,941.0,538.0,55.0,101.0,1,1,1.0
282,1,996.0,535.0,46.0,106.0,1,1,1.0
282,2,942.0,538.0,55.0,101.0,1,1,1.0
283,1,996.0,534.0,43.0,107.0,1,1,1.0
283,2,944.0,538.0,53.0,101.0,1,1,1.0
284,1,995.0,533.0,43.0,107.0,1,1,1.0
284,2,946.0,538.0,51.0,100.0,1,1,1.0
285,1,995.0,533.0,42.0,107.0,1,1,1.0
285,2,947.0,538.0,49.0,100.0,1,1,1.0
286,1,994.0,534.0,42.0,106.0,1,1,1.0
286,2,947.0,538.0,48.0,99.0,1,1,1.0
287,1,993.0,535.0,41.0,106.0,1,1,1.0
287,2,947.0,537.0,48.0,98.0,1,1,1.0
288,1,992.0,535.0,42.0,106.0,1,1,1.0
288,2,947.0,537.0,48.0,97.0,1,1,1.0
289,1,991.0,534.0,43.0,105.0,1,1,1.0
289,2,945.0,536.0,49.0,97.0,1,1,1.0
290,1,991.0,534.0,44.0,103.0,1,1,1.0
290,2,943.0,535.0,51.0,97.0,1,1,1.0
291,1,990.0,533.0,45.0,102.0,1,1,1.0
291,2,940.0,535.0,53.0,97.0,1,1,1.0
292,1,990.0,532.0,45.0,103.0,1,1,1.0
292,2,938.0,535.0,55.0,97.0,1,1,1.0
293,1,990.0,530.0,46.0,104.0,1,1,1.0
293,2,939.0,535.0,55.0,97.0,1,1,1.0
294,1,989.0,530.0,47.0,104.0,1,1,1.0
294,2,940.0,535.0,53.0,96.0,1,1,1.0
295,1,987.0,530.0,49.0,104.0,1,1,1.0
295,2,939.0,534.0,51.0,97.0,1,1,1.0
296,1,985.0,530.0,51.0,104.0,1,1,1.0
296,2,938.0,533.0,50.0,95.0,1,1,1.0
297,1,983.0,531.0,52.0,104.0,1,1,1.0
297,2,936.0,532.0,50.0,96.0,1,1,1.0
298,1,982.0,532.0,53.0,103.0,1,1,1.0
298,2,935.0,532.0,49.0,96.0,1,1,1.0
299,1,982.0,532.0,52.0,102.0,1,1,1.0
299,2,934.0,531.0,49.0,96.0,1,1,1.0
300,1,982.0,531.0,51.0,100.0,1,1,1.0
300,2,935.0,531.0,49.0,96.0,1,1,1.0
301,1,984.0,530.0,47.0,99.0,1,1,1.0
301,2,936.0,531.0,49.0,96.0,1,1,1.0
302,1,984.0,529.0,43.0,100.0,1,1,1.0
302,2,937.0,531.0,48.0,96.0,1,1,1.0
303,1,985.0,528.0,41.0,101.0,1,1,1.0
303,2,939.0,531.0,47.0,95.0,1,1,1.0
304,1,984.0,528.0,41.0,101.0,1,1,1.0
304,2,939.0,531.0,46.0,95.0,1,1,1.0
305,1,983.0,528.0,41.0,101.0,1,1,1.0
305,2,939.0,530.0,45.0,93.0,1,1,1.0
306,1,983.0,528.0,40.0,100.0,1,1,1.0
306,2,938.0,530.0,46.0,92.0,1,1,1.0
307,1,982.0,529.0,40.0,100.0,1,1,1.0
307,2,936.0,529.0,48.0,92.0,1,1,1.0
308,1,981.0,529.0,41.0,100.0,1,1,1.0
308,2,934.0,529.0,49.0,92.0,1,1,1.0
309,1,981.0,528.0,42.0,99.0,1,1,1.0
309,2,932.0,529.0,50.0,92.0,1,1,1.0
310,1,981.0,528.0,42.0,98.0,1,1,1.0
310,2,931.0,529.0,51.0,92.0,1,1,1.0
311,1,981.0,527.0,42.0,97.0,1,1,1.0
311,2,931.0,529.0,51.0,92.0,1,1,1.0
312,1,981.0,526.0,42.0,97.0,1,1,1.0
312,2,932.0,529.0,50.0,92.0,1,1,1.0
313,1,981.0,525.0,43.0,97.0,1,1,1.0
313,2,931.0,528.0,50.0,91.0,1,1,1.0
314,1,979.0,525.0,45.0,98.0,1,1,1.0
314,2,930.0,527.0,51.0,91.0,1,1,1.0
315,1,977.0,525.0,47.0,100.0,1,1,1.0
315,2,929.0,527.0,50.0,91.0,1,1,1.0
316,1,975.0,525.0,48.0,100.0,1,1,1.0
316,2,929.0,526.0,49.0,91.0,1,1,1.0
317,1,974.0,526.0,47.0,99.0,1,1,1.0
317,2,929.0,526.0,49.0,91.0,1,1,1.0
318,1,974.0,526.0,47.0,98.0,1,1,1.0
318,2,931.0,526.0,46.0,91.0,1,1,1.0
319,1,975.0,525.0,45.0,96.0,1,1,1.0
319,2,934.0,526.0,43.0,90.0,1,1,1.0
320,1,975.0,524.0,44.0,94.0,1,1,1.0
320,2,935.0,526.0,42.0,89.0,1,1,1.0
321,1,975.0,523.0,41.0,94.0,1,1,1.0
321,2,937.0,526.0,40.0,89.0,1,1,1.0
322,1,976.0,522.0,39.0,94.0,1,1,1.0
322,2,938.0,526.0,39.0,89.0,1,1,1.0
323,1,976.0,522.0,38.0,95.0,1,1,1.0
323,2,938.0,525.0,39.0,87.0,1,1,1.0
324,1,976.0,522.0,37.0,94.0,1,1,1.0
324,2,939.0,525.0,38.0,87.0,1,1,1.0
325,1,976.0,522.0,37.0,94.0,1,1,1.0
325,2,938.0,524.0,39.0,87.0,1,1,1.0
326,1,975.0,523.0,37.0,93.0,1,1,1.0
326,2,935.0,524.0,41.0,87.0,1,1,1.0
327,1,975.0,523.0,38.0,93.0,1,1,1.0
327,2,933.0,524.0,42.0,86.0,1,1,1.0
328,1,974.0,523.0,38.0,92.0,1,1,1.0
328,2,932.0,524.0,43.0,87.0,1,1,1.0
329,1,975.0,523.0,38.0,91.0,1,1,1.0
329,2,933.0,524.0,43.0,87.0,1,1,1.0
330,1,975.0,522.0,38.0,91.0,1,1,1.0
330,2,933.0,524.0,43.0,87.0,1,1,1.0
331,1,976.0,521.0,38.0,91.0,1,1,1.0
331,2,933.0,524.0,43.0,85.0,1,1,1.0
332,1,976.0,520.0,38.0,92.0,1,1,1.0
332,2,933.0,524.0,44.0,84.0,1,1,1.0
333,1,976.0,519.0,38.0,93.0,1,1,1.0
333,2,933.0,523.0,44.0,84.0,1,1,1.0
334,1,977.0,519.0,37.0,93.0,1,1,1.0
334,2,936.0,523.0,42.0,85.0,1,1,1.0
335,1,977.0,520.0,37.0,92.0,1,1,1.0
335,2,939.0,522.0,39.0,85.0,1,1,1.0
336,1,978.0,521.0,37.0,91.0,1,1,1.0
336,2,942.0,522.0,37.0,85.0,1,1,1.0
337,1,979.0,522.0,36.0,90.0,1,1,1.0
337,2,943.0,522.0,37.0,85.0,1,1,1.0
338,1,981.0,522.0,35.0,88.0,1,1,1.0
338,2,945.0,523.0,37.0,84.0,1,1,1.0
339,1,982.0,522.0,34.0,86.0,1,1,1.0
339,2,946.0,523.0,36.0,83.0,1,1,1.0
340,1,983.0,521.0,33.0,87.0,1,1,1.0
340,2,948.0,523.0,35.0,83.0,1,1,1.0
341,1,984.0,520.0,33.0,88.0,1,1,1.0
341,2,950.0,523.0,35.0,81.0,1,1,1.0
342,1,985.0,519.0,33.0,88.0,1,1,1.0
342,2,954.0,523.0,34.0,81.0,1,1,1.0
343,1,986.0,519.0,33.0,89.0,1,1,1.0
343,2,958.0,522.0,32.0,82.0,1,1,1.0
344,1,987.0,519.0,36.0,89.0,1,1,1.0
344,2,959.0,521.0,33.0,82.0,1,1,1.0
345,1,989.0,519.0,36.0,89.0,1,1,1.0
345,2,959.0,521.0,34.0,82.0,1,1,1.0
346,1,991.0,519.0,34.0,89.0,1,1,1.0
346,2,960.0,522.0,35.0,81.0,1,1,1.0
347,1,992.0,519.0,33.0,89.0,1,1,1.0
347,2,961.0,522.0,35.0,81.0,1,1,1.0
348,1,993.0,519.0,32.0,80.0,1,1,1.0
348,2,963.0,522.0,38.0,81.0,1,1,1.0
349,1,995.0,519.0,28.0,84.0,1,1,1.0
349,2,967.0,522.0,35.0,80.0,1,1,1.0
350,1,996.0,518.0,26.0,86.0,1,1,1.0
350,2,973.0,522.0,31.0,79.0,1,1,1.0
354,1,991.0,520.0,26.0,85.0,1,1,1.0
355,1,992.0,519.0,36.0,86.0,1,1,1.0
356,1,993.0,519.0,41.0,86.0,1,1,1.0
357,1,995.0,519.0,43.0,87.0,1,1,1.0
358,1,998.0,519.0,42.0,87.0,1,1,1.0
359,1,1002.0,519.0,40.0,87.0,1,1,1.0
360,1,1006.0,519.0,37.0,87.0,1,1,1.0
361,1,1009.0,519.0,36.0,87.0,1,1,1.0
362,1,1012.0,518.0,36.0,87.0,1,1,1.0
363,1,1017.0,518.0,36.0,87.0,1,1,1.0
364,1,1020.0,519.0,38.0,87.0,1,1,1.0
365,1,1022.0,519.0,41.0,87.0,1,1,1.0
366,1,1022.0,520.0,45.0,86.0,1,1,1.0
367,1,1023.0,521.0,47.0,85.0,1,1,1.0
369,1,1026.0,521.0,47.0,86.0,1,1,1.0
374,1,1049.0,519.0,30.0,90.0,1,1,1.0
375,1,1052.0,520.0,32.0,89.0,1,1,1.0
375,3,1072.0,526.0,29.0,83.0,1,1,1.0
376,1,1054.0,521.0,34.0,89.0,1,1,1.0
377,1,1056.0,521.0,34.0,88.0,1,1,1.0
377,3,1077.0,525.0,26.0,83.0,1,1,1.0
378,1,1060.0,522.0,32.0,87.0,1,1,1.0
378,3,1082.0,525.0,21.0,84.0,1,1,1.0
379,1,1064.0,522.0,29.0,88.0,1,1,1.0
379,3,1086.0,525.0,22.0,83.0,1,1,1.0
380,1,1068.0,522.0,27.0,89.0,1,1,1.0
380,3,1090.0,526.0,25.0,82.0,1,1,1.0
381,1,1073.0,522.0,25.0,90.0,1,1,1.0
381,3,1093.0,527.0,25.0,83.0,1,1,1.0
382,1,1077.0,521.0,25.0,91.0,1,1,1.0
382,3,1097.0,527.0,23.0,84.0,1,1,1.0
383,1,1079.0,521.0,26.0,92.0,1,1,1.0
383,3,1098.0,527.0,23.0,84.0,1,1,1.0
384,1,1080.0,521.0,27.0,91.0,1,1,1.0
384,3,1100.0,527.0,24.0,85.0,1,1,1.0
387,1,1085.0,524.0,35.0,89.0,1,1,1.0
387,3,1108.0,527.0,33.0,88.0,1,1,1.0
388,3,1114.0,528.0,34.0,87.0,1,1,1.0
389,1,1090.0,525.0,36.0,89.0,1,1,1.0
389,3,1113.0,528.0,39.0,88.0,1,1,1.0
390,1,1094.0,524.0,34.0,90.0,1,1,1.0
390,3,1117.0,529.0,40.0,87.0,1,1,1.0
391,1,1100.0,524.0,30.0,91.0,1,1,1.0
391,3,1120.0,529.0,40.0,88.0,1,1,1.0
392,1,1103.0,524.0,30.0,92.0,1,1,1.0
392,3,1122.0,529.0,40.0,88.0,1,1,1.0
393,1,1104.0,524.0,31.0,92.0,1,1,1.0
393,3,1125.0,529.0,39.0,89.0,1,1,1.0
394,1,1105.0,525.0,33.0,92.0,1,1,1.0
394,3,1129.0,528.0,34.0,89.0,1,1,1.0
395,1,1107.0,526.0,36.0,92.0,1,1,1.0
395,3,1134.0,528.0,30.0,90.0,1,1,1.0
396,1,1109.0,527.0,39.0,92.0,1,1,1.0
396,3,1138.0,528.0,29.0,89.0,1,1,1.0
397,1,1112.0,527.0,39.0,93.0,1,1,1.0
397,3,1138.0,529.0,35.0,88.0,1,1,1.0
398,1,1117.0,528.0,36.0,93.0,1,1,1.0
398,3,1144.0,530.0,34.0,89.0,1,1,1.0
399,1,1122.0,527.0,34.0,93.0,1,1,1.0
399,3,1144.0,531.0,37.0,88.0,1,1,1.0
400,1,1128.0,527.0,30.0,94.0,1,1,1.0
400,3,1145.0,532.0,37.0,88.0,1,1,1.0
401,1,1133.0,527.0,28.0,94.0,1,1,1.0
401,3,1149.0,531.0,35.0,89.0,1,1,1.0
402,1,1135.0,527.0,29.0,94.0,1,1,1.0
402,3,1157.0,531.0,31.0,89.0,1,1,1.0
403,1,1137.0,527.0,36.0,95.0,1,1,1.0
403,3,1162.0,531.0,31.0,90.0,1,1,1.0
404,1,1138.0,528.0,37.0,94.0,1,1,1.0
404,3,1165.0,531.0,36.0,92.0,1,1,1.0
405,1,1138.0,529.0,41.0,94.0,1,1,1.0
405,3,1169.0,531.0,38.0,91.0,1,1,1.0
406,1,1140.0,530.0,42.0,94.0,1,1,1.0
406,3,1173.0,531.0,39.0,91.0,1,1,1.0
407,1,1143.0,530.0,40.0,94.0,1,1,1.0
407,3,1175.0,533.0,41.0,91.0,1,1,1.0
408,1,1148.0,530.0,37.0,93.0,1,1,1.0
408,3,1177.0,533.0,43.0,91.0,1,1,1.0
409,1,1156.0,530.0,32.0,94.0,1,1,1.0
409,3,1180.0,533.0,43.0,92.0,1,1,1.0
410,1,1162.0,529.0,28.0,96.0,1,1,1.0
410,3,1184.0,533.0,41.0,92.0,1,1,1.0
411,1,1166.0,529.0,29.0,98.0,1,1,1.0
411,3,1187.0,533.0,38.0,92.0,1,1,1.0
412,1,1167.0,529.0,34.0,98.0,1,1,1.0
412,3,1193.0,532.0,32.0,92.0,1,1,1.0
413,1,1169.0,530.0,37.0,97.0,1,1,1.0
413,3,1194.0,531.0,37.0,94.0,1,1,1.0
414,1,1170.0,532.0,38.0,95.0,1,1,1.0
414,3,1195.0,531.0,41.0,95.0,1,1,1.0
415,1,1171.0,532.0,39.0,95.0,1,1,1.0
415,3,1199.0,533.0,41.0,94.0,1,1,1.0
416,1,1176.0,533.0,37.0,96.0,1,1,1.0
416,3,1203.0,535.0,41.0,93.0,1,1,1.0
417,1,1182.0,533.0,33.0,96.0,1,1,1.0
417,3,1204.0,535.0,40.0,92.0,1,1,1.0
418,1,1188.0,532.0,31.0,97.0,1,1,1.0
418,3,1210.0,536.0,36.0,92.0,1,1,1.0
419,1,1192.0,531.0,32.0,99.0,1,1,1.0
419,3,1214.0,536.0,36.0,92.0,1,1,1.0
420,1,1195.0,529.0,32.0,100.0,1,1,1.0
420,3,1218.0,535.0,37.0,92.0,1,1,1.0
421,1,1197.0,529.0,37.0,101.0,1,1,1.0
421,3,1225.0,535.0,38.0,94.0,1,1,1.0
422,1,1198.0,531.0,42.0,99.0,1,1,1.0
422,3,1229.0,535.0,42.0,96.0,1,1,1.0
423,1,1199.0,534.0,45.0,98.0,1,1,1.0
423,3,1233.0,536.0,43.0,96.0,1,1,1.0
424,1,1199.0,534.0,47.0,97.0,1,1,1.0
424,3,1234.0,534.0,46.0,98.0,1,1,1.0
425,1,1201.0,535.0,49.0,98.0,1,1,1.0
426,1,1206.0,534.0,46.0,98.0,1,1,1.0
427,1,1212.0,534.0,41.0,98.0,1,1,1.0
427,3,1245.0,534.0,47.0,94.0,1,1,1.0
428,1,1221.0,534.0,33.0,99.0,1,1,1.0
428,3,1250.0,535.0,41.0,91.0,1,1,1.0
429,1,1227.0,533.0,30.0,101.0,1,1,1.0
429,3,1253.0,536.0,37.0,88.0,1,1,1.0
430,1,1229.0,533.0,30.0,101.0,1,1,1.0
431,1,1232.0,533.0,30.0,100.0,1,1,1.0
432,1,1233.0,537.0,35.0,96.0,1,1,1.0
432,3,1261.0,536.0,41.0,89.0,1,1,1.0
433,1,1233.0,537.0,38.0,96.0,1,1,1.0
433,3,1264.0,539.0,44.0,86.0,1,1,1.0
434,1,1235.0,537.0,39.0,97.0,1,1,1.0
434,3,1268.0,539.0,44.0,86.0,1,1,1.0
435,1,1240.0,535.0,38.0,97.0,1,1,1.0
435,3,1272.0,538.0,43.0,87.0,1,1,1.0
436,1,1248.0,534.0,32.0,93.0,1,1,1.0
436,3,1278.0,538.0,41.0,87.0,1,1,1.0
437,1,1254.0,535.0,30.0,90.0,1,1,1.0
437,3,1283.0,539.0,41.0,87.0,1,1,1.0
438,1,1259.0,534.0,30.0,90.0,1,1,1.0
438,3,1288.0,539.0,43.0,87.0,1,1,1.0
440,1,1266.0,535.0,33.0,88.0,1,1,1.0
441,1,1268.0,536.0,34.0,87.0,1,1,1.0
441,3,1297.0,542.0,50.0,95.0,1,1,1.0
442,1,1270.0,540.0,35.0,84.0,1,1,1.0
442,3,1302.0,543.0,49.0,97.0,1,1,1.0
443,1,1272.0,540.0,36.0,83.0,1,1,1.0
443,3,1306.0,544.0,48.0,98.0,1,1,1.0
444,1,1277.0,541.0,34.0,83.0,1,1,1.0
444,3,1310.0,544.0,48.0,98.0,1,1,1.0
445,1,1283.0,540.0,32.0,83.0,1,1,1.0
445,3,1315.0,543.0,46.0,99.0,1,1,1.0
446,1,1287.0,540.0,31.0,85.0,1,1,1.0
446,3,1319.0,543.0,41.0,99.0,1,1,1.0
447,1,1291.0,539.0,31.0,90.0,1,1,1.0
447,3,1322.0,543.0,40.0,100.0,1,1,1.0
448,1,1294.0,539.0,32.0,97.0,1,1,1.0
448,3,1325.0,543.0,39.0,100.0,1,1,1.0
449,1,1297.0,539.0,33.0,103.0,1,1,1.0
449,3,1328.0,544.0,44.0,99.0,1,1,1.0
450,1,1299.0,539.0,35.0,104.0,1,1,1.0
450,3,1330.0,544.0,47.0,100.0,1,1,1.0
451,1,1297.0,541.0,42.0,103.0,1,1,1.0
451,3,1331.0,546.0,49.0,99.0,1,1,1.0
452,1,1297.0,542.0,43.0,104.0,1,1,1.0
452,3,1335.0,546.0,47.0,99.0,1,1,1.0
453,1,1301.0,543.0,41.0,107.0,1,1,1.0
453,3,1340.0,546.0,45.0,100.0,1,1,1.0
454,1,1305.0,544.0,42.0,107.0,1,1,1.0
454,3,1347.0,545.0,42.0,100.0,1,1,1.0
455,1,1312.0,544.0,38.0,107.0,1,1,1.0
455,3,1351.0,545.0,44.0,101.0,1,1,1.0
456,1,1318.0,543.0,34.0,108.0,1,1,1.0
456,3,1355.0,545.0,46.0,102.0,1,1,1.0
457,1,1322.0,542.0,34.0,108.0,1,1,1.0
457,3,1358.0,547.0,49.0,102.0,1,1,1.0
458,1,1325.0,542.0,36.0,109.0,1,1,1.0
458,3,1361.0,548.0,51.0,101.0,1,1,1.0
459,1,1327.0,542.0,39.0,109.0,1,1,1.0
459,3,1364.0,549.0,52.0,101.0,1,1,1.0
460,1,1328.0,542.0,45.0,109.0,1,1,1.0
460,3,1366.0,549.0,55.0,101.0,1,1,1.0
461,1,1329.0,545.0,44.0,106.0,1,1,1.0
461,3,1368.0,550.0,56.0,102.0,1,1,1.0
462,1,1330.0,545.0,48.0,106.0,1,1,1.0
462,3,1374.0,550.0,51.0,102.0,1,1,1.0
463,1,1332.0,546.0,48.0,106.0,1,1,1.0
463,3,1376.0,549.0,49.0,103.0,1,1,1.0
464,1,1336.0,546.0,46.0,106.0,1,1,1.0
464,3,1382.0,549.0,44.0,103.0,1,1,1.0
465,1,1342.0,546.0,43.0,107.0,1,1,1.0
466,1,1348.0,546.0,38.0,107.0,1,1,1.0
466,3,1388.0,551.0,48.0,103.0,1,1,1.0
467,1,1349.0,545.0,39.0,108.0,1,1,1.0
467,3,1390.0,552.0,48.0,102.0,1,1,1.0
468,1,1350.0,545.0,43.0,109.0,1,1,1.0
468,3,1393.0,553.0,46.0,102.0,1,1,1.0
469,1,1350.0,546.0,43.0,109.0,1,1,1.0
469,3,1396.0,554.0,46.0,102.0,1,1,1.0
470,1,1350.0,548.0,45.0,109.0,1,1,1.0
470,3,1398.0,555.0,46.0,102.0,1,1,1.0
471,1,1350.0,548.0,47.0,111.0,1,1,1.0
471,3,1400.0,555.0,50.0,102.0,1,1,1.0
472,1,1353.0,550.0,47.0,107.0,1,1,1.0
472,3,1402.0,555.0,51.0,102.0,1,1,1.0
473,1,1357.0,550.0,47.0,109.0,1,1,1.0
473,3,1405.0,555.0,53.0,104.0,1,1,1.0
474,1,1361.0,550.0,46.0,110.0,1,1,1.0
474,3,1407.0,555.0,53.0,105.0,1,1,1.0
475,1,1364.0,550.0,44.0,111.0,1,1,1.0
475,3,1409.0,556.0,53.0,106.0,1,1,1.0
476,1,1367.0,549.0,42.0,111.0,1,1,1.0
476,3,1411.0,557.0,54.0,107.0,1,1,1.0
477,1,1369.0,549.0,40.0,111.0,1,1,1.0
477,3,1413.0,558.0,53.0,106.0,1,1,1.0
478,1,1370.0,549.0,40.0,113.0,1,1,1.0
478,3,1413.0,559.0,53.0,106.0,1,1,1.0
479,1,1371.0,549.0,42.0,114.0,1,1,1.0
479,3,1414.0,559.0,52.0,106.0,1,1,1.0
480,1,1372.0,549.0,42.0,115.0,1,1,1.0
480,3,1415.0,559.0,50.0,106.0,1,1,1.0
482,1,1374.0,552.0,42.0,115.0,1,1,1.0
482,3,1418.0,559.0,47.0,107.0,1,1,1.0
483,1,1374.0,553.0,43.0,114.0,1,1,1.0
483,3,1420.0,560.0,46.0,108.0,1,1,1.0
484,1,1374.0,553.0,44.0,114.0,1,1,1.0
485,1,1374.0,553.0,45.0,114.0,1,1,1.0
486,1,1373.0,553.0,46.0,114.0,1,1,1.0
486,3,1422.0,564.0,48.0,107.0,1,1,1.0
487,1,1371.0,552.0,48.0,114.0,1,1,1.0
487,3,1422.0,564.0,50.0,107.0,1,1,1.0
488,1,1371.0,552.0,49.0,115.0,1,1,1.0
488,3,1421.0,564.0,53.0,107.0,1,1,1.0
489,1,1371.0,553.0,49.0,116.0,1,1,1.0
489,3,1421.0,564.0,53.0,107.0,1,1,1.0
490,1,1373.0,554.0,46.0,117.0,1,1,1.0
490,3,1421.0,564.0,51.0,108.0,1,1,1.0
491,1,1375.0,556.0,44.0,116.0,1,1,1.0
491,3,1422.0,565.0,50.0,108.0,1,1,1.0
492,1,1374.0,558.0,46.0,116.0,1,1,1.0
492,3,1422.0,566.0,48.0,108.0,1,1,1.0
493,1,1372.0,559.0,47.0,116.0,1,1,1.0
493,3,1421.0,566.0,46.0,109.0,1,1,1.0
494,1,1371.0,559.0,47.0,114.0,1,1,1.0
494,3,1420.0,567.0,45.0,109.0,1,1,1.0
495,3,1418.0,566.0,45.0,110.0,1,1,1.0
496,1,1368.0,558.0,48.0,116.0,1,1,1.0
496,3,1416.0,566.0,45.0,111.0,1,1,1.0
497,1,1367.0,557.0,47.0,117.0,1,1,1.0
497,3,1415.0,566.0,45.0,111.0,1,1,1.0
498,1,1367.0,557.0,47.0,118.0,1,1,1.0
498,3,1413.0,566.0,47.0,112.0,1,1,1.0
499,1,1368.0,557.0,45.0,118.0,1,1,1.0
499,3,1412.0,566.0,49.0,113.0,1,1,1.0
500,1,1366.0,558.0,46.0,121.0,1,1,1.0
500,3,1410.0,566.0,52.0,115.0,1,1,1.0
501,1,1367.0,559.0,45.0,122.0,1,1,1.0
501,3,1408.0,568.0,53.0,115.0,1,1,1.0
502,1,1367.0,560.0,44.0,122.0,1,1,1.0
502,3,1408.0,569.0,53.0,117.0,1,1,1.0
503,1,1364.0,560.0,45.0,122.0,1,1,1.0
503,3,1408.0,570.0,52.0,117.0,1,1,1.0
504,1,1363.0,560.0,46.0,122.0,1,1,1.0
504,3,1406.0,571.0,53.0,116.0,1,1,1.0
505,1,1362.0,560.0,46.0,122.0,1,1,1.0
505,3,1405.0,571.0,52.0,116.0,1,1,1.0
506,1,1361.0,560.0,46.0,122.0,1,1,1.0
506,3,1404.0,571.0,50.0,116.0,1,1,1.0
507,1,1361.0,560.0,43.0,123.0,1,1,1.0
507,3,1402.0,570.0,49.0,116.0,1,1,1.0
508,1,1360.0,559.0,44.0,123.0,1,1,1.0
508,3,1397.0,571.0,52.0,116.0,1,1,1.0
509,1,1357.0,559.0,45.0,123.0,1,1,1.0
509,3,1393.0,572.0,54.0,116.0,1,1,1.0
510,1,1355.0,561.0,45.0,124.0,1,1,1.0
510,3,1393.0,573.0,50.0,116.0,1,1,1.0
511,1,1353.0,564.0,43.0,123.0,1,1,1.0
511,3,1393.0,574.0,48.0,116.0,1,1,1.0
512,1,1350.0,565.0,45.0,124.0,1,1,1.0
512,3,1390.0,574.0,48.0,117.0,1,1,1.0
513,1,1348.0,564.0,46.0,125.0,1,1,1.0
513,3,1386.0,574.0,49.0,117.0,1,1,1.0
514,1,1344.0,565.0,47.0,124.0,1,1,1.0
514,3,1383.0,574.0,48.0,117.0,1,1,1.0
515,1,1339.0,564.0,48.0,125.0,1,1,1.0
515,3,1381.0,574.0,45.0,117.0,1,1,1.0
516,1,1339.0,564.0,46.0,126.0,1,1,1.0
516,3,1378.0,574.0,47.0,119.0,1,1,1.0
517,1,1337.0,563.0,45.0,127.0,1,1,1.0
517,3,1375.0,574.0,51.0,121.0,1,1,1.0
518,1,1335.0,562.0,45.0,128.0,1,1,1.0
518,3,1373.0,575.0,53.0,123.0,1,1,1.0
519,1,1335.0,563.0,41.0,129.0,1,1,1.0
519,3,1370.0,576.0,56.0,124.0,1,1,1.0
520,1,1330.0,566.0,44.0,127.0,1,1,1.0
520,3,1370.0,577.0,56.0,124.0,1,1,1.0
521,1,1325.0,567.0,47.0,128.0,1,1,1.0
521,3,1367.0,577.0,56.0,123.0,1,1,1.0
522,1,1321.0,568.0,49.0,127.0,1,1,1.0
522,3,1364.0,578.0,56.0,124.0,1,1,1.0
523,1,1316.0,569.0,50.0,126.0,1,1,1.0
523,3,1362.0,577.0,52.0,124.0,1,1,1.0
524,1,1315.0,568.0,49.0,128.0,1,1,1.0
524,3,1359.0,577.0,52.0,124.0,1,1,1.0
525,1,1313.0,568.0,47.0,129.0,1,1,1.0
525,3,1356.0,577.0,53.0,123.0,1,1,1.0
526,1,1311.0,566.0,45.0,130.0,1,1,1.0
526,3,1353.0,578.0,55.0,123.0,1,1,1.0
527,1,1308.0,566.0,45.0,131.0,1,1,1.0
527,3,1350.0,579.0,55.0,123.0,1,1,1.0
528,1,1303.0,566.0,48.0,131.0,1,1,1.0
528,3,1346.0,580.0,55.0,124.0,1,1,1.0
529,1,1296.0,567.0,52.0,132.0,1,1,1.0
529,3,1343.0,579.0,52.0,126.0,1,1,1.0
530,1,1293.0,568.0,53.0,132.0,1,1,1.0
530,3,1338.0,579.0,53.0,127.0,1,1,1.0
531,1,1291.0,570.0,54.0,132.0,1,1,1.0
531,3,1335.0,580.0,50.0,126.0,1,1,1.0
532,1,1285.0,570.0,57.0,131.0,1,1,1.0
532,3,1333.0,579.0,47.0,127.0,1,1,1.0
533,1,1282.0,569.0,54.0,132.0,1,1,1.0
533,3,1329.0,579.0,50.0,128.0,1,1,1.0
534,1,1279.0,568.0,50.0,133.0,1,1,1.0
534,3,1323.0,579.0,57.0,131.0,1,1,1.0
535,1,1276.0,567.0,50.0,134.0,1,1,1.0
535,3,1319.0,581.0,61.0,130.0,1,1,1.0
536,1,1271.0,567.0,50.0,135.0,1,1,1.0
536,3,1313.0,583.0,66.0,130.0,1,1,1.0
537,1,1268.0,568.0,49.0,135.0,1,1,1.0
537,3,1310.0,584.0,66.0,130.0,1,1,1.0
538,1,1264.0,569.0,49.0,137.0,1,1,1.0
538,3,1310.0,584.0,62.0,130.0,1,1,1.0
539,1,1255.0,571.0,55.0,136.0,1,1,1.0
539,3,1307.0,583.0,59.0,132.0,1,1,1.0
540,1,1249.0,574.0,58.0,135.0,1,1,1.0
540,3,1303.0,582.0,55.0,133.0,1,1,1.0
541,1,1243.0,574.0,60.0,134.0,1,1,1.0
541,3,1300.0,583.0,52.0,132.0,1,1,1.0
542,1,1239.0,573.0,61.0,135.0,1,1,1.0
542,3,1296.0,582.0,52.0,132.0,1,1,1.0
543,1,1236.0,573.0,59.0,136.0,1,1,1.0
543,3,1291.0,583.0,54.0,132.0,1,1,1.0
544,1,1236.0,572.0,54.0,136.0,1,1,1.0
544,3,1284.0,584.0,58.0,132.0,1,1,1.0
545,1,1233.0,572.0,52.0,137.0,1,1,1.0
545,3,1279.0,585.0,60.0,133.0,1,1,1.0
546,1,1227.0,571.0,54.0,138.0,1,1,1.0
546,3,1268.0,586.0,68.0,133.0,1,1,1.0
547,1,1221.0,571.0,58.0,139.0,1,1,1.0
547,3,1265.0,586.0,68.0,134.0,1,1,1.0
548,1,1214.0,573.0,60.0,138.0,1,1,1.0
548,3,1262.0,586.0,66.0,133.0,1,1,1.0
549,1,1212.0,574.0,61.0,138.0,1,1,1.0
549,3,1262.0,586.0,58.0,134.0,1,1,1.0
550,1,1210.0,575.0,61.0,138.0,1,1,1.0
550,3,1256.0,584.0,57.0,136.0,1,1,1.0
551,1,1210.0,576.0,58.0,138.0,1,1,1.0
551,3,1256.0,585.0,54.0,137.0,1,1,1.0
552,1,1206.0,576.0,56.0,138.0,1,1,1.0
552,3,1252.0,586.0,57.0,139.0,1,1,1.0
553,1,1199.0,574.0,55.0,139.0,1,1,1.0
553,3,1248.0,588.0,61.0,137.0,1,1,1.0
554,1,1192.0,573.0,56.0,140.0,1,1,1.0
554,3,1241.0,590.0,66.0,133.0,1,1,1.0
555,1,1185.0,572.0,59.0,142.0,1,1,1.0
555,3,1234.0,590.0,62.0,133.0,1,1,1.0
556,1,1183.0,572.0,55.0,143.0,1,1,1.0
557,1,1177.0,573.0,58.0,144.0,1,1,1.0
557,3,1211.0,589.0,76.0,131.0,1,1,1.0
558,1,1170.0,575.0,61.0,143.0,1,1,1.0
558,3,1211.0,590.0,68.0,125.0,1,1,1.0
559,1,1166.0,577.0,62.0,143.0,1,1,1.0
559,3,1210.0,590.0,66.0,133.0,1,1,1.0
560,1,1161.0,578.0,61.0,143.0,1,1,1.0
560,3,1200.0,591.0,73.0,135.0,1,1,1.0
561,1,1156.0,578.0,62.0,144.0,1,1,1.0
561,3,1196.0,592.0,72.0,135.0,1,1,1.0
562,1,1153.0,578.0,59.0,144.0,1,1,1.0
562,3,1194.0,594.0,69.0,135.0,1,1,1.0
563,1,1152.0,577.0,54.0,145.0,1,1,1.0
563,3,1193.0,595.0,66.0,135.0,1,1,1.0
564,1,1152.0,577.0,49.0,144.0,1,1,1.0
564,3,1189.0,595.0,66.0,135.0,1,1,1.0
565,1,1151.0,577.0,45.0,145.0,1,1,1.0
565,3,1185.0,595.0,60.0,136.0,1,1,1.0
566,1,1145.0,577.0,47.0,145.0,1,1,1.0
566,3,1177.0,594.0,57.0,137.0,1,1,1.0
567,1,1135.0,580.0,56.0,144.0,1,1,1.0
567,3,1173.0,593.0,52.0,137.0,1,1,1.0
568,1,1128.0,581.0,62.0,144.0,1,1,1.0
568,3,1166.0,593.0,58.0,140.0,1,1,1.0
569,1,1125.0,582.0,64.0,145.0,1,1,1.0
569,3,1159.0,594.0,66.0,140.0,1,1,1.0
570,3,1152.0,595.0,72.0,142.0,1,1,1.0
571,3,1146.0,597.0,74.0,143.0,1,1,1.0
572,1,1117.0,581.0,52.0,146.0,1,1,1.0
572,3,1142.0,597.0,73.0,143.0,1,1,1.0
573,1,1109.0,579.0,48.0,147.0,1,1,1.0
573,3,1137.0,598.0,71.0,142.0,1,1,1.0
574,1,1102.0,579.0,50.0,148.0,1,1,1.0
574,3,1134.0,597.0,64.0,143.0,1,1,1.0
575,1,1095.0,579.0,53.0,149.0,1,1,1.0
575,3,1128.0,597.0,57.0,143.0,1,1,1.0
577,1,1082.0,582.0,63.0,151.0,1,1,1.0
577,3,1111.0,596.0,57.0,145.0,1,1,1.0
578,1,1075.0,584.0,70.0,150.0,1,1,1.0
578,3,1101.0,596.0,61.0,146.0,1,1,1.0
579,1,1067.0,585.0,77.0,150.0,1,1,1.0
579,3,1089.0,598.0,70.0,145.0,1,1,1.0
580,1,1061.0,586.0,75.0,149.0,1,1,1.0
580,3,1085.0,599.0,73.0,144.0,1,1,1.0
581,1,1057.0,587.0,67.0,147.0,1,1,1.0
581,3,1082.0,599.0,73.0,145.0,1,1,1.0
582,1,1056.0,587.0,51.0,147.0,1,1,1.0
582,3,1080.0,600.0,68.0,144.0,1,1,1.0
583,1,1056.0,587.0,41.0,147.0,1,1,1.0
583,3,1074.0,599.0,63.0,145.0,1,1,1.0
584,1,1049.0,587.0,47.0,147.0,1,1,1.0
584,3,1070.0,598.0,57.0,146.0,1,1,1.0
586,3,1057.0,598.0,70.0,150.0,1,1,1.0
587,3,1048.0,599.0,77.0,151.0,1,1,1.0
588,3,1041.0,601.0,80.0,152.0,1,1,1.0
589,1,1020.0,586.0,34.0,152.0,1,1,1.0
589,3,1036.0,602.0,80.0,150.0,1,1,1.0
590,3,1032.0,602.0,77.0,151.0,1,1,1.0
591,1,1009.0,585.0,37.0,153.0,1,1,1.0
591,3,1027.0,603.0,72.0,151.0,1,1,1.0
592,1,1000.0,585.0,43.0,154.0,1,1,1.0
592,3,1022.0,602.0,62.0,151.0,1,1,1.0
593,3,1014.0,601.0,58.0,152.0,1,1,1.0
594,1,980.0,587.0,59.0,158.0,1,1,1.0
594,3,1008.0,602.0,55.0,151.0,1,1,1.0
595,3,995.0,603.0,65.0,151.0,1,1,1.0
596,1,960.0,591.0,78.0,158.0,1,1,1.0
596,3,987.0,604.0,70.0,151.0,1,1,1.0
597,3,980.0,605.0,74.0,152.0,1,1,1.0
598,1,949.0,592.0,57.0,156.0,1,1,1.0
598,3,977.0,605.0,75.0,152.0,1,1,1.0
599,1,948.0,590.0,48.0,157.0,1,1,1.0
599,3,974.0,606.0,72.0,153.0,1,1,1.0
600,1,947.0,588.0,44.0,159.0,1,1,1.0
600,3,972.0,604.0,65.0,154.0,1,1,1.0
601,1,943.0,586.0,46.0,161.0,1,1,1.0
601,3,964.0,603.0,63.0,156.0,1,1,1.0
602,1,932.0,587.0,54.0,160.0,1,1,1.0
602,3,956.0,603.0,64.0,157.0,1,1,1.0
603,1,920.0,588.0,65.0,163.0,1,1,1.0
603,3,951.0,604.0,69.0,160.0,1,1,1.0
604,1,909.0,590.0,78.0,162.0,1,1,1.0
604,3,943.0,606.0,79.0,160.0,1,1,1.0
605,3,934.0,608.0,87.0,160.0,1,1,1.0
606,3,923.0,610.0,93.0,161.0,1,1,1.0
607,3,920.0,610.0,90.0,163.0,1,1,1.0
608,3,912.0,611.0,88.0,163.0,1,1,1.0
609,3,911.0,611.0,80.0,163.0,1,1,1.0
610,1,873.0,590.0,64.0,166.0,1,1,1.0
610,3,900.0,611.0,81.0,162.0,1,1,1.0
612,1,855.0,592.0,73.0,168.0,1,1,1.0
612,3,889.0,612.0,73.0,164.0,1,1,1.0
613,3,878.0,613.0,76.0,164.0,1,1,1.0
614,1,844.0,596.0,80.0,170.0,1,1,1.0
614,3,868.0,615.0,80.0,165.0,1,1,1.0
615,3,863.0,617.0,82.0,165.0,1,1,1.0
616,3,860.0,618.0,81.0,165.0,1,1,1.0
617,3,855.0,618.0,79.0,166.0,1,1,1.0
618,1,827.0,597.0,47.0,171.0,1,1,1.0
618,3,852.0,618.0,72.0,167.0,1,1,1.0
619,1,825.0,597.0,43.0,171.0,1,1,1.0
619,3,846.0,618.0,68.0,167.0,1,1,1.0
620,1,818.0,597.0,41.0,170.0,1,1,1.0
620,3,839.0,618.0,64.0,169.0,1,1,1.0
621,1,804.0,599.0,51.0,170.0,1,1,1.0
621,3,832.0,620.0,68.0,172.0,1,1,1.0
622,1,788.0,601.0,70.0,171.0,1,1,1.0
622,3,823.0,621.0,76.0,172.0,1,1,1.0
623,3,811.0,624.0,87.0,172.0,1,1,1.0
624,3,804.0,626.0,92.0,174.0,1,1,1.0
625,3,800.0,628.0,89.0,174.0,1,1,1.0
626,1,768.0,609.0,44.0,171.0,1,1,1.0
626,3,794.0,629.0,86.0,174.0,1,1,1.0
627,1,763.0,609.0,40.0,171.0,1,1,1.0
627,3,787.0,630.0,82.0,174.0,1,1,1.0
628,1,749.0,609.0,55.0,171.0,1,1,1.0
628,3,777.0,630.0,76.0,173.0,1,1,1.0
629,1,735.0,608.0,66.0,174.0,1,1,1.0
629,3,766.0,631.0,72.0,172.0,1,1,1.0
630,3,756.0,631.0,71.0,173.0,1,1,1.0
631,1,717.0,610.0,78.0,178.0,1,1,1.0
631,3,744.0,632.0,80.0,173.0,1,1,1.0
632,1,707.0,611.0,87.0,180.0,1,1,1.0
632,3,734.0,634.0,88.0,175.0,1,1,1.0
633,1,697.0,614.0,97.0,180.0,1,1,1.0
633,3,729.0,636.0,91.0,176.0,1,1,1.0
634,3,725.0,636.0,90.0,177.0,1,1,1.0
635,1,684.0,616.0,69.0,179.0,1,1,1.0
635,3,720.0,635.0,88.0,179.0,1,1,1.0
636,3,715.0,636.0,79.0,179.0,1,1,1.0
637,1,685.0,615.0,54.0,180.0,1,1,1.0
637,3,711.0,636.0,66.0,179.0,1,1,1.0
638,1,682.0,614.0,44.0,179.0,1,1,1.0
638,3,701.0,636.0,70.0,183.0,1,1,1.0
639,3,697.0,637.0,72.0,186.0,1,1,1.0
640,3,684.0,639.0,86.0,186.0,1,1,1.0
641,3,673.0,642.0,94.0,185.0,1,1,1.0
642,3,667.0,644.0,94.0,187.0,1,1,1.0
643,3,661.0,646.0,91.0,186.0,1,1,1.0
644,1,633.0,622.0,38.0,183.0,1,1,1.0
644,3,650.0,646.0,90.0,187.0,1,1,1.0
645,1,628.0,622.0,36.0,184.0,1,1,1.0
645,3,645.0,646.0,82.0,187.0,1,1,1.0
646,1,614.0,622.0,57.0,185.0,1,1,1.0
646,3,635.0,647.0,83.0,186.0,1,1,1.0
647,1,600.0,621.0,63.0,189.0,1,1,1.0
647,3,628.0,648.0,82.0,186.0,1,1,1.0
648,3,619.0,650.0,80.0,185.0,1,1,1.0
649,1,576.0,624.0,82.0,192.0,1,1,1.0
649,3,606.0,652.0,86.0,185.0,1,1,1.0
650,3,597.0,655.0,92.0,187.0,1,1,1.0
651,3,590.0,656.0,96.0,188.0,1,1,1.0
652,3,582.0,657.0,96.0,189.0,1,1,1.0
653,1,542.0,632.0,67.0,191.0,1,1,1.0
653,3,578.0,658.0,88.0,189.0,1,1,1.0
654,1,539.0,633.0,61.0,191.0,1,1,1.0
654,3,573.0,658.0,77.0,189.0,1,1,1.0
655,3,563.0,659.0,71.0,190.0,1,1,1.0
656,1,540.0,630.0,45.0,194.0,1,1,1.0
656,3,554.0,659.0,74.0,195.0,1,1,1.0
657,1,536.0,630.0,56.0,193.0,1,1,1.0
657,3,545.0,660.0,81.0,196.0,1,1,1.0
658,1,521.0,632.0,70.0,194.0,1,1,1.0
658,3,531.0,662.0,95.0,196.0,1,1,1.0
659,3,522.0,667.0,101.0,196.0,1,1,1.0
660,1,496.0,638.0,73.0,194.0,1,1,1.0
660,3,517.0,669.0,98.0,195.0,1,1,1.0
