1,1,1521.0,493.0,51.0,133.0,1,1,1.0
2,1,1512.0,493.0,56.0,134.0,1,1,1.0
3,1,1501.0,493.0,62.0,134.0,1,1,1.0
4,1,1492.0,494.0,67.0,134.0,1,1,1.0
5,1,1485.0,495.0,70.0,134.0,1,1,1.0
6,1,1480.0,497.0,72.0,133.0,1,1,1.0
7,1,1475.0,498.0,70.0,133.0,1,1,1.0
8,1,1471.0,497.0,67.0,133.0,1,1,1.0
9,1,1469.0,495.0,63.0,135.0,1,1,1.0
10,1,1471.0,494.0,56.0,136.0,1,1,1.0
11,1,1468.0,495.0,55.0,136.0,1,1,1.0
12,1,1456.0,496.0,62.0,135.0,1,1,1.0
13,1,1448.0,497.0,68.0,134.0,1,1,1.0
14,1,1443.0,498.0,69.0,133.0,1,1,1.0
15,1,1440.0,499.0,67.0,133.0,1,1,1.0
16,1,1439.0,498.0,60.0,133.0,1,1,1.0
17,1,1438.0,497.0,52.0,133.0,1,1,1.0
18,1,1432.0,496.0,49.0,135.0,1,1,1.0
19,1,1421.0,496.0,54.0,137.0,1,1,1.0
20,1,1409.0,497.0,59.0,137.0,1,1,1.0
21,1,1397.0,498.0,66.0,136.0,1,1,1.0
22,1,1388.0,499.0,73.0,136.0,1,1,1.0
23,1,1381.0,500.0,77.0,136.0,1,1,1.0
24,1,1373.0,500.0,78.0,135.0,1,1,1.0
25,1,1367.0,500.0,75.0,135.0,1,1,1.0
26,1,1367.0,499.0,68.0,136.0,1,1,1.0
27,1,1370.0,499.0,59.0,136.0,1,1,1.0
28,1,1370.0,499.0,54.0,137.0,1,1,1.0
29,1,1357.0,499.0,62.0,137.0,1,1,1.0
30,1,1347.0,500.0,68.0,137.0,1,1,1.0
31,1,1340.0,500.0,72.0,137.0,1,1,1.0
32,1,1337.0,500.0,72.0,137.0,1,1,1.0
33,1,1336.0,500.0,67.0,138.0,1,1,1.0
34,1,1335.0,500.0,59.0,139.0,1,1,1.0
35,1,1332.0,499.0,51.0,139.0,1,1,1.0
36,1,1324.0,498.0,50.0,140.0,1,1,1.0
37,1,1302.0,499.0,66.0,142.0,1,1,1.0
38,1,1293.0,499.0,69.0,141.0,1,1,1.0
39,1,1284.0,501.0,75.0,140.0,1,1,1.0
40,1,1277.0,501.0,80.0,140.0,1,1,1.0
41,1,1271.0,502.0,80.0,139.0,1,1,1.0
42,1,1266.0,501.0,77.0,139.0,1,1,1.0
43,1,1265.0,500.0,66.0,140.0,1,1,1.0
44,1,1268.0,500.0,58.0,141.0,1,1,1.0
45,1,1265.0,499.0,58.0,142.0,1,1,1.0
46,1,1253.0,499.0,68.0,142.0,1,1,1.0
47,1,1239.0,500.0,78.0,142.0,1,1,1.0
48,1,1231.0,500.0,80.0,142.0,1,1,1.0
49,1,1225.0,501.0,79.0,141.0,1,1,1.0
50,1,1225.0,501.0,72.0,141.0,1,1,1.0
51,1,1222.0,502.0,64.0,141.0,1,1,1.0
52,1,1217.0,501.0,59.0,142.0,1,1,1.0
53,1,1207.0,501.0,57.0,144.0,1,1,1.0
54,1,1193.0,500.0,62.0,145.0,1,1,1.0
55,1,1180.0,500.0,70.0,145.0,1,1,1.0
56,1,1169.0,500.0,77.0,145.0,1,1,1.0
57,1,1159.0,501.0,82.0,144.0,1,1,1.0
58,1,1152.0,502.0,79.0,144.0,1,1,1.0
59,1,1148.0,502.0,73.0,145.0,1,1,1.0
60,1,1146.0,502.0,65.0,146.0,1,1,1.0
61,1,1148.0,501.0,55.0,146.0,1,1,1.0
62,1,1141.0,501.0,57.0,146.0,1,1,1.0
63,1,1126.0,501.0,69.0,146.0,1,1,1.0
64,1,1115.0,503.0,78.0,145.0,1,1,1.0
65,1,1111.0,503.0,81.0,145.0,1,1,1.0
67,1,1106.0,502.0,68.0,144.0,1,1,1.0
68,1,1102.0,501.0,59.0,144.0,1,1,1.0
69,1,1098.0,501.0,52.0,146.0,1,1,1.0
70,1,1090.0,500.0,52.0,148.0,1,1,1.0
71,1,1076.0,501.0,60.0,148.0,1,1,1.0
72,1,1061.0,501.0,72.0,148.0,1,1,1.0
73,1,1049.0,502.0,79.0,149.0,1,1,1.0
74,1,1039.0,503.0,88.0,149.0,1,1,1.0
75,1,1032.0,504.0,89.0,149.0,1,1,1.0
76,1,1028.0,504.0,81.0,149.0,1,1,1.0
77,1,1027.0,503.0,71.0,150.0,1,1,1.0
78,1,1028.0,502.0,62.0,151.0,1,1,1.0
79,1,1027.0,502.0,57.0,152.0,1,1,1.0
80,1,1014.0,502.0,66.0,151.0,1,1,1.0
81,1,999.0,503.0,76.0,150.0,1,1,1.0
82,1,990.0,504.0,82.0,151.0,1,1,1.0
83,1,985.0,505.0,84.0,150.0,1,1,1.0
84,1,984.0,506.0,78.0,149.0,1,1,1.0
85,1,981.0,506.0,70.0,149.0,1,1,1.0
86,1,977.0,505.0,61.0,151.0,1,1,1.0
87,1,972.0,505.0,52.0,153.0,1,1,1.0
88,1,957.0,505.0,58.0,154.0,1,1,1.0
89,1,941.0,506.0,69.0,154.0,1,1,1.0
90,1,929.0,506.0,80.0,153.0,1,1,1.0
91,1,917.0,508.0,90.0,154.0,1,1,1.0
92,1,908.0,509.0,95.0,154.0,1,1,1.0
93,1,902.0,509.0,90.0,154.0,1,1,1.0
94,1,900.0,508.0,80.0,155.0,1,1,1.0
95,1,903.0,508.0,64.0,155.0,1,1,1.0
96,1,904.0,508.0,56.0,155.0,1,1,1.0
97,1,896.0,509.0,59.0,155.0,1,1,1.0
98,1,880.0,510.0,72.0,154.0,1,1,1.0
99,1,867.0,511.0,82.0,154.0,1,1,1.0
100,1,861.0,513.0,87.0,152.0,1,1,1.0
101,1,859.0,514.0,83.0,151.0,1,1,1.0
102,1,857.0,514.0,74.0,151.0,1,1,1.0
103,1,853.0,513.0,62.0,151.0,1,1,1.0
104,1,847.0,513.0,53.0,153.0,1,1,1.0
105,1,836.0,513.0,54.0,155.0,1,1,1.0
106,1,819.0,514.0,67.0,155.0,1,1,1.0
107,1,804.0,515.0,80.0,154.0,1,1,1.0
108,1,791.0,516.0,91.0,152.0,1,1,1.0
109,1,780.0,517.0,99.0,153.0,1,1,1.0
110,1,772.0,518.0,98.0,153.0,1,1,1.0
111,1,766.0,518.0,90.0,154.0,1,1,1.0
112,1,766.0,518.0,75.0,154.0,1,1,1.0
113,1,769.0,517.0,60.0,154.0,1,1,1.0
114,1,764.0,517.0,59.0,155.0,1,1,1.0
115,1,748.0,517.0,70.0,155.0,1,1,1.0
116,1,735.0,518.0,81.0,155.0,1,1,1.0
117,1,726.0,519.0,88.0,154.0,1,1,1.0
118,1,723.0,520.0,87.0,154.0,1,1,1.0
119,1,720.0,519.0,75.0,154.0,1,1,1.0
120,1,715.0,519.0,68.0,154.0,1,1,1.0
121,1,708.0,519.0,62.0,156.0,1,1,1.0
122,1,700.0,519.0,61.0,158.0,1,1,1.0
123,1,687.0,519.0,66.0,158.0,1,1,1.0
124,1,670.0,521.0,79.0,158.0,1,1,1.0
125,1,655.0,522.0,92.0,157.0,1,1,1.0
126,1,644.0,524.0,100.0,155.0,1,1,1.0
127,1,636.0,525.0,102.0,155.0,1,1,1.0
128,1,631.0,525.0,95.0,155.0,1,1,1.0
129,1,630.0,524.0,82.0,156.0,1,1,1.0
130,1,630.0,523.0,63.0,156.0,1,1,1.0
131,1,626.0,523.0,58.0,156.0,1,1,1.0
132,1,614.0,524.0,68.0,156.0,1,1,1.0
133,1,599.0,525.0,81.0,156.0,1,1,1.0
134,1,589.0,526.0,89.0,155.0,1,1,1.0
135,1,585.0,527.0,88.0,154.0,1,1,1.0
136,1,583.0,527.0,81.0,154.0,1,1,1.0
137,1,578.0,527.0,74.0,154.0,1,1,1.0
138,1,571.0,526.0,63.0,155.0,1,1,1.0
139,1,563.0,526.0,57.0,158.0,1,1,1.0
140,1,551.0,526.0,63.0,159.0,1,1,1.0
141,1,534.0,527.0,79.0,159.0,1,1,1.0
142,1,519.0,528.0,93.0,158.0,1,1,1.0
143,1,507.0,530.0,102.0,159.0,1,1,1.0
144,1,496.0,531.0,103.0,158.0,1,1,1.0
145,1,491.0,531.0,99.0,158.0,1,1,1.0
146,1,488.0,530.0,85.0,158.0,1,1,1.0
147,1,489.0,530.0,67.0,159.0,1,1,1.0
148,1,486.0,530.0,60.0,159.0,1,1,1.0
149,1,475.0,530.0,67.0,159.0,1,1,1.0
150,1,460.0,531.0,80.0,158.0,1,1,1.0
151,1,451.0,533.0,87.0,157.0,1,1,1.0
152,1,446.0,534.0,87.0,155.0,1,1,1.0
153,1,440.0,535.0,84.0,155.0,1,1,1.0
154,1,434.0,534.0,74.0,155.0,1,1,1.0
155,1,426.0,534.0,66.0,156.0,1,1,1.0
156,1,417.0,533.0,62.0,159.0,1,1,1.0
157,1,407.0,534.0,67.0,160.0,1,1,1.0
158,1,396.0,535.0,77.0,160.0,1,1,1.0
159,1,383.0,537.0,89.0,159.0,1,1,1.0
160,1,372.0,539.0,98.0,158.0,1,1,1.0
161,1,363.0,540.0,100.0,157.0,1,1,1.0
162,1,357.0,540.0,94.0,158.0,1,1,1.0
163,1,357.0,540.0,80.0,158.0,1,1,1.0
164,1,353.0,540.0,65.0,159.0,1,1,1.0
165,1,347.0,539.0,62.0,159.0,1,1,1.0
166,1,341.0,540.0,64.0,158.0,1,1,1.0
167,1,330.0,541.0,75.0,158.0,1,1,1.0
168,1,320.0,542.0,83.0,157.0,1,1,1.0
169,1,316.0,542.0,84.0,157.0,1,1,1.0
170,1,312.0,543.0,79.0,156.0,1,1,1.0
171,1,306.0,542.0,73.0,156.0,1,1,1.0
172,1,299.0,542.0,64.0,157.0,1,1,1.0
173,1,291.0,541.0,57.0,159.0,1,1,1.0
174,1,283.0,541.0,59.0,160.0,1,1,1.0
175,1,274.0,542.0,67.0,160.0,1,1,1.0
176,1,261.0,544.0,79.0,159.0,1,1,1.0
177,1,249.0,546.0,91.0,157.0,1,1,1.0
178,1,239.0,548.0,95.0,157.0,1,1,1.0
179,1,232.0,549.0,94.0,156.0,1,1,1.0
180,1,229.0,549.0,81.0,156.0,1,1,1.0
181,1,231.0,549.0,66.0,156.0,1,1,1.0
182,1,228.0,549.0,54.0,156.0,1,1,1.0
183,1,221.0,549.0,55.0,156.0,1,1,1.0
184,1,212.0,549.0,64.0,156.0,1,1,1.0
185,1,201.0,550.0,74.0,155.0,1,1,1.0
186,1,194.0,551.0,79.0,154.0,1,1,1.0
187,1,190.0,551.0,76.0,154.0,1,1,1.0
188,1,184.0,552.0,69.0,153.0,1,1,1.0
189,1,178.0,552.0,64.0,153.0,1,1,1.0
190,1,172.0,552.0,55.0,154.0,1,1,1.0
191,1,165.0,551.0,53.0,156.0,1,1,1.0
192,1,157.0,551.0,59.0,157.0,1,1,1.0
193,1,145.0,552.0,71.0,157.0,1,1,1.0
194,1,136.0,553.0,81.0,157.0,1,1,1.0
195,1,126.0,554.0,88.0,157.0,1,1,1.0
196,1,118.0,556.0,89.0,157.0,1,1,1.0
197,1,113.0,557.0,83.0,155.0,1,1,1.0
198,1,114.0,556.0,67.0,156.0,1,1,1.0
199,1,111.0,555.0,56.0,157.0,1,1,1.0
200,1,105.0,554.0,54.0,157.0,1,1,1.0
201,1,99.0,555.0,58.0,156.0,1,1,1.0
202,1,91.0,557.0,64.0,154.0,1,1,1.0
203,1,85.0,558.0,70.0,153.0,1,1,1.0
204,1,80.0,559.0,71.0,151.0,1,1,1.0
205,1,75.0,559.0,64.0,149.0,1,1,1.0
206,1,70.0,559.0,60.0,149.0,1,1,1.0
207,1,64.0,558.0,53.0,151.0,1,1,1.0
208,1,58.0,557.0,52.0,154.0,1,1,1.0
209,1,53.0,557.0,55.0,154.0,1,1,1.0
210,1,45.0,557.0,62.0,153.0,1,1,1.0
211,1,38.0,559.0,69.0,152.0,1,1,1.0
212,1,30.0,560.0,75.0,151.0,1,1,1.0
213,1,24.0,561.0,76.0,150.0,1,1,1.0
214,1,21.0,560.0,69.0,150.0,1,1,1.0
215,1,19.0,561.0,61.0,149.0,1,1,1.0
216,1,15.0,560.0,54.0,150.0,1,1,1.0
217,1,9.0,559.0,50.0,151.0,1,1,1.0
218,1,6.0,559.0,50.0,151.0,1,1,1.0
219,1,0.0,560.0,55.0,151.0,1,1,1.0
220,1,0.0,559.0,57.0,152.0,1,1,1.0
221,1,0.0,560.0,53.0,150.0,1,1,1.0
222,1,0.0,563.0,47.0,145.0,1,1,1.0
223,1,0.0,572.0,38.0,133.0,1,1,1.0
224,1,0.0,580.0,30.0,127.0,1,1,1.0
225,1,0.0,583.0,20.0,124.0,1,1,1.0
253,2,0.0,537.0,20.0,122.0,1,1,1.0
254,2,0.0,537.0,22.0,123.0,1,1,1.0
255,2,0.0,536.0,25.0,124.0,1,1,1.0
256,2,0.0,533.0,34.0,127.0,1,1,1.0
257,2,1.0,531.0,44.0,129.0,1,1,1.0
258,2,3.0,528.0,51.0,131.0,1,1,1.0
259,2,6.0,526.0,58.0,133.0,1,1,1.0
260,2,10.0,525.0,61.0,133.0,1,1,1.0
261,2,16.0,525.0,61.0,132.0,1,1,1.0
262,2,25.0,524.0,58.0,130.0,1,1,1.0
263,2,33.0,522.0,52.0,127.0,1,1,1.0
264,2,39.0,520.0,44.0,129.0,1,1,1.0
265,2,44.0,519.0,43.0,129.0,1,1,1.0
266,2,49.0,517.0,51.0,130.0,1,1,1.0
267,2,52.0,516.0,58.0,131.0,1,1,1.0
268,2,56.0,516.0,57.0,129.0,1,1,1.0
269,2,63.0,516.0,52.0,128.0,1,1,1.0
270,2,72.0,515.0,44.0,127.0,1,1,1.0
271,2,81.0,515.0,38.0,125.0,1,1,1.0
272,2,88.0,513.0,38.0,126.0,1,1,1.0
273,2,93.0,511.0,44.0,128.0,1,1,1.0
274,2,96.0,509.0,53.0,129.0,1,1,1.0
275,2,99.0,509.0,60.0,129.0,1,1,1.0
276,2,103.0,509.0,63.0,128.0,1,1,1.0
277,2,112.0,510.0,59.0,126.0,1,1,1.0
278,2,121.0,508.0,55.0,125.0,1,1,1.0
279,2,128.0,507.0,48.0,123.0,1,1,1.0
280,2,134.0,504.0,41.0,126.0,1,1,1.0
281,2,138.0,502.0,48.0,127.0,1,1,1.0
282,2,141.0,502.0,57.0,127.0,1,1,1.0
283,2,145.0,501.0,61.0,127.0,1,1,1.0
284,2,148.0,500.0,61.0,128.0,1,1,1.0
285,2,154.0,498.0,55.0,127.0,1,1,1.0
286,2,163.0,496.0,46.0,127.0,1,1,1.0
287,2,172.0,497.0,38.0,124.0,1,1,1.0
288,2,179.0,500.0,36.0,121.0,1,1,1.0
289,2,183.0,499.0,42.0,122.0,1,1,1.0
290,2,187.0,496.0,50.0,125.0,1,1,1.0
291,2,189.0,496.0,57.0,125.0,1,1,1.0
292,2,191.0,495.0,63.0,127.0,1,1,1.0
293,2,196.0,494.0,64.0,126.0,1,1,1.0
294,2,203.0,493.0,60.0,124.0,1,1,1.0
295,2,212.0,490.0,53.0,124.0,1,1,1.0
296,2,219.0,490.0,45.0,121.0,1,1,1.0
297,2,223.0,488.0,41.0,122.0,1,1,1.0
298,2,228.0,487.0,46.0,122.0,1,1,1.0
299,2,230.0,487.0,54.0,123.0,1,1,1.0
300,2,233.0,487.0,57.0,122.0,1,1,1.0
301,2,235.0,489.0,57.0,120.0,1,1,1.0
302,2,241.0,488.0,52.0,119.0,1,1,1.0
303,2,249.0,488.0,46.0,117.0,1,1,1.0
304,2,257.0,484.0,38.0,119.0,1,1,1.0
305,2,264.0,482.0,38.0,120.0,1,1,1.0
306,2,270.0,480.0,43.0,121.0,1,1,1.0
307,2,273.0,481.0,50.0,121.0,1,1,1.0
308,2,274.0,482.0,58.0,120.0,1,1,1.0
309,2,277.0,482.0,65.0,120.0,1,1,1.0
310,2,281.0,483.0,67.0,118.0,1,1,1.0
311,2,288.0,481.0,61.0,118.0,1,1,1.0
312,2,296.0,482.0,54.0,115.0,1,1,1.0
313,2,302.0,478.0,48.0,116.0,1,1,1.0
314,2,308.0,476.0,42.0,117.0,1,1,1.0
315,2,312.0,475.0,44.0,117.0,1,1,1.0
316,2,316.0,475.0,52.0,117.0,1,1,1.0
317,2,318.0,476.0,59.0,116.0,1,1,1.0
318,2,320.0,476.0,60.0,116.0,1,1,1.0
319,2,325.0,474.0,56.0,116.0,1,1,1.0
320,2,332.0,473.0,49.0,115.0,1,1,1.0
321,2,341.0,471.0,40.0,116.0,1,1,1.0
322,2,349.0,472.0,39.0,114.0,1,1,1.0
323,2,355.0,469.0,44.0,117.0,1,1,1.0
324,2,360.0,469.0,50.0,116.0,1,1,1.0
325,2,362.0,469.0,57.0,116.0,1,1,1.0
326,2,363.0,469.0,62.0,117.0,1,1,1.0
327,2,366.0,469.0,64.0,117.0,1,1,1.0
328,2,374.0,469.0,60.0,115.0,1,1,1.0
329,2,382.0,467.0,54.0,106.0,1,1,1.0
330,2,388.0,466.0,48.0,101.0,1,1,1.0
331,2,392.0,464.0,42.0,100.0,1,1,1.0
332,2,396.0,462.0,39.0,100.0,1,1,1.0
333,2,399.0,461.0,39.0,99.0,1,1,1.0
337,2,415.0,461.0,46.0,131.0,1,1,1.0
338,2,422.0,461.0,41.0,135.0,1,1,1.0
340,2,433.0,461.0,40.0,116.0,1,1,1.0
341,2,438.0,460.0,44.0,110.0,1,1,1.0
342,2,442.0,459.0,48.0,110.0,1,1,1.0
343,2,444.0,460.0,54.0,109.0,1,1,1.0
344,2,445.0,461.0,58.0,107.0,1,1,1.0
345,2,447.0,460.0,60.0,109.0,1,1,1.0
346,2,453.0,460.0,57.0,107.0,1,1,1.0
347,2,461.0,458.0,52.0,108.0,1,1,1.0
348,2,466.0,457.0,46.0,107.0,1,1,1.0
349,2,471.0,456.0,38.0,107.0,1,1,1.0
350,2,474.0,455.0,40.0,107.0,1,1,1.0
351,2,477.0,456.0,48.0,106.0,1,1,1.0
352,2,479.0,456.0,51.0,105.0,1,1,1.0
353,2,480.0,457.0,53.0,105.0,1,1,1.0
354,2,485.0,456.0,50.0,104.0,1,1,1.0
355,2,490.0,456.0,47.0,103.0,1,1,1.0
356,2,499.0,456.0,41.0,103.0,1,1,1.0
357,2,507.0,456.0,34.0,104.0,1,1,1.0
358,2,512.0,454.0,36.0,105.0,1,1,1.0
359,2,513.0,453.0,43.0,106.0,1,1,1.0
360,2,515.0,454.0,52.0,105.0,1,1,1.0
361,2,516.0,454.0,57.0,104.0,1,1,1.0
362,2,518.0,455.0,58.0,104.0,1,1,1.0
363,2,523.0,455.0,55.0,104.0,1,1,1.0
364,2,529.0,455.0,51.0,103.0,1,1,1.0
365,2,537.0,455.0,48.0,103.0,1,1,1.0
366,2,540.0,454.0,49.0,103.0,1,1,1.0
367,2,538.0,455.0,53.0,103.0,1,1,1.0
368,2,534.0,456.0,61.0,103.0,1,1,1.0
369,2,533.0,456.0,65.0,103.0,1,1,1.0
370,2,537.0,457.0,64.0,103.0,1,1,1.0
371,2,542.0,457.0,63.0,103.0,1,1,1.0
372,2,548.0,457.0,60.0,104.0,1,1,1.0
373,2,555.0,457.0,55.0,104.0,1,1,1.0
374,2,564.0,457.0,58.0,104.0,1,1,1.0
375,2,567.0,457.0,54.0,105.0,1,1,1.0
376,2,570.0,456.0,56.0,106.0,1,1,1.0
377,2,574.0,458.0,56.0,106.0,1,1,1.0
378,2,577.0,459.0,56.0,107.0,1,1,1.0
379,2,581.0,460.0,54.0,107.0,1,1,1.0
380,2,585.0,461.0,54.0,108.0,1,1,1.0
381,2,590.0,460.0,52.0,109.0,1,1,1.0
382,2,595.0,460.0,49.0,109.0,1,1,1.0
383,2,599.0,459.0,46.0,109.0,1,1,1.0
384,2,599.0,460.0,57.0,110.0,1,1,1.0
385,2,598.0,461.0,58.0,110.0,1,1,1.0
386,2,597.0,462.0,61.0,111.0,1,1,1.0
387,2,596.0,463.0,64.0,112.0,1,1,1.0
388,2,598.0,464.0,63.0,111.0,1,1,1.0
389,2,602.0,465.0,64.0,111.0,1,1,1.0
390,2,607.0,465.0,64.0,111.0,1,1,1.0
391,2,614.0,463.0,57.0,112.0,1,1,1.0
392,2,619.0,463.0,53.0,114.0,1,1,1.0
393,2,623.0,463.0,53.0,113.0,1,1,1.0
394,2,626.0,465.0,54.0,115.0,1,1,1.0
395,2,629.0,466.0,55.0,114.0,1,1,1.0
396,2,632.0,467.0,56.0,115.0,1,1,1.0
397,2,635.0,467.0,55.0,115.0,1,1,1.0
398,2,639.0,467.0,55.0,115.0,1,1,1.0
399,2,644.0,467.0,52.0,116.0,1,1,1.0
400,2,650.0,466.0,52.0,117.0,1,1,1.0
401,2,651.0,466.0,57.0,120.0,1,1,1.0
402,2,649.0,466.0,61.0,120.0,1,1,1.0
403,2,647.0,468.0,66.0,121.0,1,1,1.0
404,2,648.0,470.0,76.0,121.0,1,1,1.0
405,2,650.0,471.0,71.0,120.0,1,1,1.0
407,2,661.0,471.0,72.0,121.0,1,1,1.0
408,2,667.0,470.0,69.0,122.0,1,1,1.0
409,2,675.0,470.0,58.0,122.0,1,1,1.0
410,2,681.0,471.0,54.0,122.0,1,1,1.0
411,2,683.0,472.0,56.0,122.0,1,1,1.0
412,2,684.0,474.0,60.0,122.0,1,1,1.0
413,2,684.0,476.0,63.0,122.0,1,1,1.0
414,2,689.0,477.0,59.0,122.0,1,1,1.0
415,2,696.0,477.0,56.0,122.0,1,1,1.0
416,2,702.0,476.0,55.0,122.0,1,1,1.0
417,2,710.0,476.0,50.0,123.0,1,1,1.0
418,2,711.0,476.0,57.0,124.0,1,1,1.0
419,2,709.0,478.0,66.0,126.0,1,1,1.0
420,2,706.0,479.0,76.0,127.0,1,1,1.0
421,2,705.0,480.0,76.0,128.0,1,1,1.0
422,2,708.0,481.0,75.0,128.0,1,1,1.0
423,2,714.0,481.0,71.0,128.0,1,1,1.0
424,2,720.0,481.0,68.0,128.0,1,1,1.0
425,2,727.0,481.0,73.0,129.0,1,1,1.0
426,2,737.0,480.0,64.0,129.0,1,1,1.0
427,2,745.0,481.0,60.0,130.0,1,1,1.0
428,2,751.0,482.0,55.0,129.0,1,1,1.0
429,2,754.0,483.0,57.0,130.0,1,1,1.0
430,2,756.0,485.0,57.0,130.0,1,1,1.0
431,2,759.0,486.0,58.0,130.0,1,1,1.0
432,2,764.0,486.0,61.0,130.0,1,1,1.0
433,2,771.0,487.0,55.0,130.0,1,1,1.0
434,2,777.0,486.0,53.0,130.0,1,1,1.0
435,2,778.0,487.0,61.0,133.0,1,1,1.0
436,2,775.0,488.0,69.0,134.0,1,1,1.0
437,2,769.0,489.0,79.0,135.0,1,1,1.0
438,2,767.0,491.0,87.0,135.0,1,1,1.0
439,2,776.0,492.0,82.0,135.0,1,1,1.0
440,2,784.0,492.0,74.0,136.0,1,1,1.0
441,2,791.0,492.0,69.0,136.0,1,1,1.0
442,2,798.0,492.0,66.0,136.0,1,1,1.0
443,2,807.0,492.0,64.0,136.0,1,1,1.0
444,2,811.0,493.0,63.0,136.0,1,1,1.0
445,2,814.0,494.0,69.0,136.0,1,1,1.0
446,2,817.0,495.0,72.0,137.0,1,1,1.0
447,2,821.0,497.0,73.0,137.0,1,1,1.0
448,2,826.0,498.0,76.0,137.0,1,1,1.0
449,2,832.0,498.0,70.0,137.0,1,1,1.0
450,2,838.0,498.0,73.0,138.0,1,1,1.0
451,2,847.0,498.0,70.0,138.0,1,1,1.0
452,2,856.0,498.0,68.0,140.0,1,1,1.0
453,2,856.0,500.0,68.0,142.0,1,1,1.0
454,2,856.0,501.0,75.0,141.0,1,1,1.0
455,2,857.0,503.0,79.0,142.0,1,1,1.0
456,2,860.0,504.0,85.0,143.0,1,1,1.0
457,2,867.0,504.0,78.0,144.0,1,1,1.0
458,2,875.0,505.0,78.0,143.0,1,1,1.0
459,2,887.0,505.0,68.0,143.0,1,1,1.0
460,2,900.0,505.0,57.0,144.0,1,1,1.0
461,2,907.0,505.0,58.0,144.0,1,1,1.0
462,2,911.0,507.0,64.0,144.0,1,1,1.0
463,2,912.0,508.0,73.0,144.0,1,1,1.0
464,2,913.0,510.0,77.0,144.0,1,1,1.0
465,2,917.0,511.0,76.0,144.0,1,1,1.0
466,2,925.0,511.0,73.0,144.0,1,1,1.0
467,2,934.0,511.0,67.0,144.0,1,1,1.0
468,2,943.0,511.0,66.0,146.0,1,1,1.0
469,2,952.0,511.0,65.0,148.0,1,1,1.0
470,2,953.0,512.0,71.0,149.0,1,1,1.0
471,2,952.0,514.0,79.0,149.0,1,1,1.0
472,2,952.0,516.0,88.0,150.0,1,1,1.0
473,2,955.0,517.0,92.0,151.0,1,1,1.0
474,2,963.0,518.0,92.0,151.0,1,1,1.0
475,2,971.0,519.0,92.0,151.0,1,1,1.0
476,2,984.0,519.0,85.0,150.0,1,1,1.0
477,2,998.0,518.0,76.0,151.0,1,1,1.0
478,2,1007.0,518.0,71.0,152.0,1,1,1.0
479,2,1012.0,520.0,72.0,152.0,1,1,1.0
480,2,1014.0,522.0,78.0,153.0,1,1,1.0
481,2,1016.0,525.0,83.0,154.0,1,1,1.0
482,2,1020.0,526.0,82.0,155.0,1,1,1.0
483,2,1027.0,527.0,77.0,155.0,1,1,1.0
484,2,1038.0,527.0,71.0,156.0,1,1,1.0
485,2,1049.0,527.0,71.0,155.0,1,1,1.0
486,2,1057.0,527.0,72.0,159.0,1,1,1.0
487,2,1063.0,529.0,75.0,161.0,1,1,1.0
488,2,1062.0,531.0,80.0,162.0,1,1,1.0
489,2,1061.0,534.0,88.0,163.0,1,1,1.0
490,2,1064.0,536.0,89.0,163.0,1,1,1.0
491,2,1072.0,537.0,95.0,163.0,1,1,1.0
492,2,1082.0,538.0,95.0,163.0,1,1,1.0
493,2,1094.0,538.0,85.0,163.0,1,1,1.0
494,2,1114.0,538.0,65.0,163.0,1,1,1.0
495,2,1124.0,539.0,62.0,163.0,1,1,1.0
496,2,1126.0,540.0,73.0,164.0,1,1,1.0
497,2,1129.0,543.0,83.0,166.0,1,1,1.0
498,2,1131.0,545.0,88.0,167.0,1,1,1.0
499,2,1135.0,548.0,92.0,166.0,1,1,1.0
500,2,1142.0,549.0,91.0,165.0,1,1,1.0
501,2,1153.0,550.0,82.0,165.0,1,1,1.0
502,2,1169.0,550.0,74.0,165.0,1,1,1.0
503,2,1184.0,551.0,62.0,168.0,1,1,1.0
504,2,1190.0,552.0,65.0,171.0,1,1,1.0
505,2,1188.0,555.0,79.0,171.0,1,1,1.0
506,2,1187.0,557.0,91.0,172.0,1,1,1.0
507,2,1190.0,559.0,97.0,173.0,1,1,1.0
508,2,1199.0,561.0,90.0,173.0,1,1,1.0
509,2,1210.0,561.0,90.0,173.0,1,1,1.0
510,2,1226.0,562.0,79.0,173.0,1,1,1.0
511,2,1247.0,562.0,64.0,172.0,1,1,1.0
512,2,1255.0,563.0,66.0,172.0,1,1,1.0
513,2,1258.0,565.0,78.0,171.0,1,1,1.0
514,2,1259.0,567.0,92.0,172.0,1,1,1.0
515,2,1261.0,570.0,102.0,173.0,1,1,1.0
516,2,1264.0,572.0,109.0,174.0,1,1,1.0
517,2,1272.0,573.0,108.0,174.0,1,1,1.0
518,2,1284.0,574.0,98.0,172.0,1,1,1.0
519,2,1306.0,574.0,80.0,172.0,1,1,1.0
520,2,1327.0,575.0,67.0,175.0,1,1,1.0
521,2,1330.0,576.0,75.0,180.0,1,1,1.0
522,2,1328.0,579.0,86.0,180.0,1,1,1.0
523,2,1328.0,582.0,97.0,181.0,1,1,1.0
524,2,1332.0,585.0,101.0,182.0,1,1,1.0
525,2,1340.0,587.0,97.0,182.0,1,1,1.0
526,2,1352.0,588.0,95.0,181.0,1,1,1.0
527,2,1370.0,588.0,83.0,181.0,1,1,1.0
528,2,1389.0,589.0,71.0,181.0,1,1,1.0
529,2,1397.0,590.0,71.0,180.0,1,1,1.0
530,2,1399.0,592.0,84.0,179.0,1,1,1.0
531,2,1400.0,595.0,99.0,181.0,1,1,1.0
532,2,1402.0,598.0,111.0,181.0,1,1,1.0
533,2,1404.0,601.0,120.0,181.0,1,1,1.0
534,2,1412.0,602.0,122.0,180.0,1,1,1.0
535,2,1429.0,603.0,107.0,180.0,1,1,1.0
536,2,1449.0,603.0,90.0,180.0,1,1,1.0
537,2,1463.0,604.0,81.0,183.0,1,1,1.0
538,2,1474.0,605.0,80.0,187.0,1,1,1.0
539,2,1478.0,607.0,86.0,188.0,1,1,1.0
540,2,1480.0,610.0,95.0,189.0,1,1,1.0
541,2,1482.0,613.0,101.0,190.0,1,1,1.0
542,2,1489.0,616.0,101.0,189.0,1,1,1.0
543,2,1501.0,617.0,96.0,189.0,1,1,1.0
544,2,1520.0,618.0,87.0,188.0,1,1,1.0
545,2,1540.0,618.0,76.0,188.0,1,1,1.0
546,2,1550.0,618.0,74.0,187.0,1,1,1.0
547,2,1553.0,620.0,82.0,185.0,1,1,1.0
548,2,1554.0,623.0,97.0,185.0,1,1,1.0
549,2,1555.0,626.0,112.0,185.0,1,1,1.0
550,2,1555.0,629.0,125.0,185.0,1,1,1.0
551,2,1557.0,631.0,134.0,185.0,1,1,1.0
552,2,1562.0,632.0,136.0,185.0,1,1,1.0
553,2,1583.0,633.0,116.0,184.0,1,1,1.0
554,2,1606.0,633.0,96.0,184.0,1,1,1.0
555,2,1629.0,633.0,80.0,186.0,1,1,1.0
556,2,1638.0,635.0,78.0,188.0,1,1,1.0
557,2,1641.0,637.0,84.0,190.0,1,1,1.0
558,2,1641.0,640.0,93.0,190.0,1,1,1.0
559,2,1641.0,644.0,100.0,190.0,1,1,1.0
560,2,1642.0,647.0,106.0,190.0,1,1,1.0
561,2,1653.0,649.0,102.0,190.0,1,1,1.0
562,2,1671.0,649.0,92.0,190.0,1,1,1.0
563,2,1691.0,648.0,78.0,191.0,1,1,1.0
564,2,1704.0,647.0,70.0,192.0,1,1,1.0
565,2,1708.0,647.0,73.0,192.0,1,1,1.0
566,2,1711.0,647.0,82.0,192.0,1,1,1.0
567,2,1712.0,647.0,92.0,192.0,1,1,1.0
568,2,1714.0,648.0,102.0,191.0,1,1,1.0
569,2,1715.0,649.0,110.0,190.0,1,1,1.0
570,2,1715.0,651.0,117.0,188.0,1,1,1.0
571,2,1714.0,653.0,121.0,186.0,1,1,1.0
572,2,1714.0,655.0,122.0,184.0,1,1,1.0
573,2,1714.0,658.0,120.0,182.0,1,1,1.0
574,2,1713.0,660.0,122.0,181.0,1,1,1.0
575,2,1716.0,663.0,125.0,180.0,1,1,1.0
576,2,1723.0,665.0,127.0,177.0,1,1,1.0
578,2,1744.0,661.0,126.0,182.0,1,1,1.0
579,2,1758.0,660.0,118.0,184.0,1,1,1.0
580,2,1765.0,656.0,116.0,188.0,1,1,1.0
