1,1,988.0,217.0,40.0,102.0,1,1,1.0
1,2,959.0,216.0,33.0,100.0,1,1,1.0
2,1,989.0,219.0,39.0,101.0,1,1,1.0
2,2,958.0,216.0,33.0,100.0,1,1,1.0
3,1,989.0,219.0,39.0,102.0,1,1,1.0
3,2,957.0,216.0,33.0,100.0,1,1,1.0
4,1,987.0,219.0,40.0,102.0,1,1,1.0
4,2,955.0,215.0,33.0,102.0,1,1,1.0
5,1,985.0,219.0,38.0,102.0,1,1,1.0
5,2,953.0,215.0,33.0,103.0,1,1,1.0
6,1,984.0,219.0,34.0,102.0,1,1,1.0
6,2,951.0,216.0,35.0,103.0,1,1,1.0
7,1,983.0,219.0,33.0,102.0,1,1,1.0
7,2,949.0,218.0,37.0,102.0,1,1,1.0
8,1,982.0,219.0,33.0,103.0,1,1,1.0
8,2,947.0,220.0,37.0,102.0,1,1,1.0
9,1,981.0,221.0,33.0,104.0,1,1,1.0
9,2,945.0,221.0,38.0,102.0,1,1,1.0
10,1,980.0,222.0,33.0,104.0,1,1,1.0
10,2,943.0,222.0,39.0,99.0,1,1,1.0
11,1,979.0,223.0,34.0,104.0,1,1,1.0
11,2,941.0,221.0,39.0,101.0,1,1,1.0
12,1,978.0,224.0,34.0,105.0,1,1,1.0
12,2,940.0,220.0,39.0,101.0,1,1,1.0
13,1,978.0,224.0,35.0,105.0,1,1,1.0
13,2,940.0,219.0,39.0,102.0,1,1,1.0
14,1,978.0,224.0,35.0,105.0,1,1,1.0
14,2,939.0,218.0,38.0,105.0,1,1,1.0
15,1,977.0,224.0,36.0,105.0,1,1,1.0
15,2,940.0,219.0,38.0,107.0,1,1,1.0
16,1,977.0,224.0,36.0,105.0,1,1,1.0
16,2,941.0,220.0,36.0,108.0,1,1,1.0
17,1,976.0,224.0,36.0,106.0,1,1,1.0
17,2,941.0,221.0,36.0,107.0,1,1,1.0
18,1,976.0,225.0,37.0,107.0,1,1,1.0
18,2,941.0,222.0,35.0,108.0,1,1,1.0
19,1,975.0,226.0,38.0,108.0,1,1,1.0
19,2,941.0,223.0,36.0,107.0,1,1,1.0
20,1,974.0,227.0,39.0,108.0,1,1,1.0
20,2,940.0,223.0,36.0,108.0,1,1,1.0
21,1,975.0,228.0,38.0,109.0,1,1,1.0
21,2,940.0,223.0,36.0,108.0,1,1,1.0
22,1,974.0,228.0,38.0,109.0,1,1,1.0
22,2,939.0,222.0,37.0,110.0,1,1,1.0
23,1,974.0,228.0,39.0,109.0,1,1,1.0
23,2,937.0,222.0,38.0,110.0,1,1,1.0
24,1,973.0,228.0,40.0,109.0,1,1,1.0
24,2,935.0,222.0,39.0,111.0,1,1,1.0
25,1,973.0,228.0,40.0,109.0,1,1,1.0
25,2,934.0,225.0,39.0,111.0,1,1,1.0
26,1,973.0,228.0,39.0,110.0,1,1,1.0
26,2,932.0,226.0,40.0,112.0,1,1,1.0
27,1,973.0,229.0,39.0,111.0,1,1,1.0
27,2,930.0,227.0,41.0,112.0,1,1,1.0
28,1,972.0,230.0,39.0,111.0,1,1,1.0
28,2,929.0,228.0,41.0,109.0,1,1,1.0
29,1,973.0,231.0,38.0,112.0,1,1,1.0
29,2,927.0,228.0,42.0,110.0,1,1,1.0
30,1,973.0,232.0,38.0,112.0,1,1,1.0
30,2,927.0,227.0,42.0,112.0,1,1,1.0
31,1,972.0,232.0,37.0,112.0,1,1,1.0
31,2,927.0,226.0,42.0,113.0,1,1,1.0
32,1,972.0,232.0,39.0,112.0,1,1,1.0
32,2,927.0,227.0,41.0,114.0,1,1,1.0
33,1,973.0,231.0,40.0,113.0,1,1,1.0
33,2,927.0,227.0,41.0,115.0,1,1,1.0
34,1,973.0,231.0,42.0,114.0,1,1,1.0
34,2,928.0,229.0,40.0,115.0,1,1,1.0
35,1,974.0,231.0,41.0,115.0,1,1,1.0
35,2,928.0,230.0,41.0,116.0,1,1,1.0
36,1,975.0,233.0,40.0,116.0,1,1,1.0
36,2,927.0,231.0,41.0,116.0,1,1,1.0
37,1,975.0,234.0,40.0,116.0,1,1,1.0
37,2,927.0,232.0,41.0,116.0,1,1,1.0
38,1,976.0,236.0,43.0,117.0,1,1,1.0
38,2,927.0,232.0,41.0,116.0,1,1,1.0
39,1,976.0,237.0,47.0,116.0,1,1,1.0
39,2,927.0,231.0,40.0,117.0,1,1,1.0
40,1,977.0,238.0,48.0,116.0,1,1,1.0
40,2,926.0,231.0,40.0,118.0,1,1,1.0
41,1,978.0,238.0,48.0,116.0,1,1,1.0
41,2,924.0,230.0,41.0,119.0,1,1,1.0
42,1,979.0,238.0,48.0,117.0,1,1,1.0
42,2,922.0,231.0,42.0,119.0,1,1,1.0
43,1,979.0,238.0,47.0,117.0,1,1,1.0
43,2,921.0,232.0,43.0,119.0,1,1,1.0
44,1,980.0,237.0,46.0,118.0,1,1,1.0
44,2,919.0,234.0,43.0,120.0,1,1,1.0
45,1,979.0,238.0,45.0,120.0,1,1,1.0
45,2,918.0,236.0,43.0,120.0,1,1,1.0
46,1,979.0,239.0,45.0,121.0,1,1,1.0
46,2,917.0,237.0,43.0,118.0,1,1,1.0
47,1,979.0,241.0,45.0,122.0,1,1,1.0
47,2,913.0,237.0,46.0,119.0,1,1,1.0
48,1,979.0,242.0,45.0,122.0,1,1,1.0
48,2,912.0,237.0,46.0,121.0,1,1,1.0
49,1,979.0,242.0,45.0,122.0,1,1,1.0
49,2,911.0,237.0,47.0,122.0,1,1,1.0
50,1,979.0,243.0,45.0,122.0,1,1,1.0
50,2,913.0,236.0,45.0,122.0,1,1,1.0
51,1,979.0,243.0,45.0,122.0,1,1,1.0
51,2,915.0,236.0,44.0,123.0,1,1,1.0
52,1,980.0,243.0,44.0,122.0,1,1,1.0
52,2,916.0,237.0,45.0,125.0,1,1,1.0
53,1,981.0,243.0,44.0,122.0,1,1,1.0
53,2,916.0,239.0,46.0,125.0,1,1,1.0
54,1,981.0,243.0,44.0,123.0,1,1,1.0
54,2,917.0,240.0,46.0,125.0,1,1,1.0
55,1,981.0,244.0,44.0,125.0,1,1,1.0
55,2,918.0,241.0,47.0,125.0,1,1,1.0
56,1,981.0,246.0,46.0,127.0,1,1,1.0
56,2,918.0,242.0,47.0,125.0,1,1,1.0
57,1,982.0,247.0,47.0,127.0,1,1,1.0
57,2,918.0,242.0,47.0,125.0,1,1,1.0
58,1,982.0,248.0,47.0,127.0,1,1,1.0
58,2,919.0,241.0,47.0,125.0,1,1,1.0
59,1,982.0,249.0,48.0,127.0,1,1,1.0
59,2,918.0,241.0,46.0,127.0,1,1,1.0
60,1,983.0,249.0,49.0,127.0,1,1,1.0
60,2,918.0,241.0,45.0,128.0,1,1,1.0
61,1,983.0,249.0,49.0,127.0,1,1,1.0
61,2,917.0,241.0,46.0,130.0,1,1,1.0
62,1,983.0,248.0,49.0,127.0,1,1,1.0
62,2,916.0,243.0,46.0,131.0,1,1,1.0
63,1,984.0,248.0,48.0,128.0,1,1,1.0
63,2,914.0,245.0,47.0,131.0,1,1,1.0
64,1,983.0,250.0,47.0,128.0,1,1,1.0
64,2,913.0,247.0,47.0,131.0,1,1,1.0
65,1,981.0,252.0,46.0,131.0,1,1,1.0
65,2,912.0,248.0,47.0,129.0,1,1,1.0
66,1,979.0,253.0,46.0,132.0,1,1,1.0
66,2,912.0,247.0,48.0,129.0,1,1,1.0
67,1,978.0,254.0,46.0,133.0,1,1,1.0
67,2,913.0,247.0,47.0,129.0,1,1,1.0
68,1,978.0,255.0,46.0,133.0,1,1,1.0
68,2,914.0,247.0,47.0,131.0,1,1,1.0
69,1,978.0,255.0,46.0,133.0,1,1,1.0
69,2,916.0,247.0,47.0,134.0,1,1,1.0
70,1,978.0,255.0,46.0,133.0,1,1,1.0
70,2,917.0,248.0,47.0,137.0,1,1,1.0
71,1,978.0,255.0,45.0,133.0,1,1,1.0
71,2,917.0,250.0,48.0,137.0,1,1,1.0
72,1,979.0,255.0,45.0,134.0,1,1,1.0
72,2,918.0,252.0,48.0,137.0,1,1,1.0
73,1,979.0,257.0,45.0,135.0,1,1,1.0
73,2,918.0,253.0,48.0,137.0,1,1,1.0
74,1,979.0,259.0,45.0,136.0,1,1,1.0
74,2,919.0,253.0,48.0,136.0,1,1,1.0
75,1,979.0,261.0,46.0,136.0,1,1,1.0
75,2,919.0,253.0,48.0,136.0,1,1,1.0
76,1,979.0,262.0,46.0,137.0,1,1,1.0
76,2,919.0,253.0,48.0,137.0,1,1,1.0
77,1,979.0,262.0,47.0,137.0,1,1,1.0
77,2,919.0,253.0,49.0,138.0,1,1,1.0
78,1,978.0,262.0,49.0,137.0,1,1,1.0
78,2,919.0,254.0,49.0,138.0,1,1,1.0
79,1,977.0,262.0,50.0,137.0,1,1,1.0
79,2,919.0,255.0,48.0,140.0,1,1,1.0
80,1,976.0,262.0,50.0,137.0,1,1,1.0
80,2,918.0,257.0,48.0,140.0,1,1,1.0
81,1,975.0,262.0,50.0,138.0,1,1,1.0
81,2,917.0,259.0,49.0,141.0,1,1,1.0
82,1,974.0,262.0,48.0,139.0,1,1,1.0
82,2,916.0,261.0,50.0,141.0,1,1,1.0
83,1,972.0,264.0,47.0,141.0,1,1,1.0
83,2,915.0,261.0,50.0,140.0,1,1,1.0
84,1,971.0,268.0,46.0,141.0,1,1,1.0
84,2,915.0,261.0,49.0,140.0,1,1,1.0
85,1,970.0,269.0,45.0,142.0,1,1,1.0
85,2,916.0,261.0,48.0,142.0,1,1,1.0
86,1,969.0,270.0,45.0,143.0,1,1,1.0
86,2,918.0,260.0,47.0,142.0,1,1,1.0
87,1,968.0,271.0,45.0,143.0,1,1,1.0
87,2,919.0,261.0,47.0,144.0,1,1,1.0
88,1,968.0,271.0,46.0,142.0,1,1,1.0
88,2,919.0,262.0,48.0,144.0,1,1,1.0
89,1,968.0,270.0,47.0,143.0,1,1,1.0
89,2,919.0,264.0,49.0,147.0,1,1,1.0
90,1,967.0,270.0,48.0,144.0,1,1,1.0
90,2,919.0,266.0,50.0,148.0,1,1,1.0
91,1,967.0,271.0,49.0,147.0,1,1,1.0
91,2,919.0,268.0,51.0,147.0,1,1,1.0
92,1,965.0,272.0,52.0,149.0,1,1,1.0
92,2,918.0,268.0,51.0,147.0,1,1,1.0
93,1,964.0,273.0,52.0,152.0,1,1,1.0
93,2,918.0,268.0,50.0,148.0,1,1,1.0
94,1,964.0,273.0,53.0,153.0,1,1,1.0
94,2,917.0,267.0,50.0,148.0,1,1,1.0
95,1,964.0,273.0,53.0,154.0,1,1,1.0
95,2,917.0,267.0,50.0,149.0,1,1,1.0
96,1,963.0,273.0,53.0,155.0,1,1,1.0
96,2,915.0,268.0,51.0,151.0,1,1,1.0
97,1,962.0,273.0,54.0,155.0,1,1,1.0
97,2,914.0,269.0,51.0,153.0,1,1,1.0
98,1,962.0,273.0,54.0,155.0,1,1,1.0
98,2,913.0,270.0,52.0,155.0,1,1,1.0
99,1,961.0,273.0,53.0,155.0,1,1,1.0
99,2,911.0,271.0,52.0,157.0,1,1,1.0
100,1,960.0,275.0,52.0,154.0,1,1,1.0
100,2,911.0,273.0,52.0,156.0,1,1,1.0
101,1,961.0,279.0,49.0,155.0,1,1,1.0
101,2,909.0,275.0,54.0,155.0,1,1,1.0
102,1,960.0,282.0,49.0,154.0,1,1,1.0
102,2,907.0,275.0,55.0,156.0,1,1,1.0
103,1,958.0,284.0,49.0,154.0,1,1,1.0
103,2,905.0,274.0,55.0,156.0,1,1,1.0
104,1,958.0,285.0,49.0,156.0,1,1,1.0
104,2,906.0,274.0,55.0,156.0,1,1,1.0
105,1,956.0,286.0,50.0,157.0,1,1,1.0
105,2,906.0,276.0,53.0,158.0,1,1,1.0
106,1,957.0,287.0,50.0,158.0,1,1,1.0
106,2,907.0,278.0,53.0,158.0,1,1,1.0
107,1,956.0,286.0,51.0,158.0,1,1,1.0
107,2,907.0,281.0,52.0,162.0,1,1,1.0
108,1,955.0,286.0,54.0,158.0,1,1,1.0
108,2,905.0,281.0,53.0,162.0,1,1,1.0
109,1,956.0,289.0,56.0,160.0,1,1,1.0
109,2,907.0,284.0,53.0,163.0,1,1,1.0
110,1,955.0,290.0,57.0,163.0,1,1,1.0
110,2,905.0,284.0,53.0,161.0,1,1,1.0
111,1,953.0,290.0,58.0,164.0,1,1,1.0
111,2,902.0,281.0,55.0,162.0,1,1,1.0
112,1,956.0,294.0,58.0,165.0,1,1,1.0
112,2,903.0,283.0,55.0,162.0,1,1,1.0
113,1,954.0,295.0,58.0,166.0,1,1,1.0
113,2,900.0,283.0,56.0,164.0,1,1,1.0
114,1,953.0,294.0,59.0,167.0,1,1,1.0
114,2,898.0,282.0,57.0,167.0,1,1,1.0
115,1,956.0,297.0,61.0,167.0,1,1,1.0
115,2,899.0,287.0,58.0,169.0,1,1,1.0
116,1,954.0,296.0,62.0,166.0,1,1,1.0
116,2,895.0,290.0,59.0,169.0,1,1,1.0
117,1,953.0,294.0,62.0,167.0,1,1,1.0
117,2,891.0,289.0,59.0,172.0,1,1,1.0
118,1,956.0,297.0,61.0,167.0,1,1,1.0
118,2,891.0,294.0,61.0,171.0,1,1,1.0
119,1,953.0,298.0,59.0,171.0,1,1,1.0
119,2,886.0,294.0,60.0,171.0,1,1,1.0
120,1,952.0,298.0,57.0,174.0,1,1,1.0
120,2,883.0,292.0,62.0,169.0,1,1,1.0
121,1,954.0,303.0,56.0,176.0,1,1,1.0
121,2,883.0,294.0,64.0,170.0,1,1,1.0
122,1,951.0,305.0,56.0,175.0,1,1,1.0
122,2,880.0,294.0,64.0,171.0,1,1,1.0
123,1,950.0,306.0,56.0,176.0,1,1,1.0
123,2,880.0,294.0,64.0,175.0,1,1,1.0
124,1,952.0,308.0,58.0,175.0,1,1,1.0
124,2,882.0,298.0,63.0,178.0,1,1,1.0
125,1,950.0,307.0,59.0,174.0,1,1,1.0
125,2,880.0,300.0,63.0,179.0,1,1,1.0
126,1,951.0,308.0,60.0,175.0,1,1,1.0
126,2,881.0,303.0,63.0,180.0,1,1,1.0
127,1,953.0,309.0,62.0,175.0,1,1,1.0
127,2,882.0,306.0,63.0,181.0,1,1,1.0
128,1,951.0,309.0,63.0,177.0,1,1,1.0
128,2,879.0,306.0,62.0,179.0,1,1,1.0
129,1,952.0,311.0,63.0,181.0,1,1,1.0
129,2,878.0,306.0,63.0,178.0,1,1,1.0
130,1,955.0,315.0,63.0,183.0,1,1,1.0
130,2,879.0,307.0,62.0,179.0,1,1,1.0
131,1,952.0,318.0,62.0,180.0,1,1,1.0
131,2,874.0,306.0,62.0,180.0,1,1,1.0
132,1,953.0,321.0,63.0,183.0,1,1,1.0
132,2,874.0,307.0,62.0,185.0,1,1,1.0
133,1,955.0,323.0,66.0,183.0,1,1,1.0
133,2,875.0,310.0,62.0,188.0,1,1,1.0
134,1,955.0,323.0,67.0,183.0,1,1,1.0
134,2,873.0,313.0,63.0,189.0,1,1,1.0
135,1,955.0,324.0,68.0,182.0,1,1,1.0
135,2,869.0,317.0,64.0,188.0,1,1,1.0
136,1,956.0,325.0,68.0,182.0,1,1,1.0
136,2,866.0,320.0,64.0,189.0,1,1,1.0
137,1,956.0,324.0,67.0,184.0,1,1,1.0
137,2,862.0,322.0,66.0,189.0,1,1,1.0
138,1,956.0,326.0,65.0,190.0,1,1,1.0
138,2,860.0,323.0,67.0,189.0,1,1,1.0
139,1,957.0,329.0,63.0,190.0,1,1,1.0
139,2,859.0,322.0,68.0,190.0,1,1,1.0
140,1,955.0,331.0,63.0,192.0,1,1,1.0
140,2,858.0,322.0,69.0,190.0,1,1,1.0
141,1,954.0,334.0,63.0,195.0,1,1,1.0
141,2,858.0,322.0,68.0,193.0,1,1,1.0
142,1,953.0,336.0,63.0,196.0,1,1,1.0
142,2,858.0,324.0,69.0,196.0,1,1,1.0
143,1,952.0,338.0,64.0,196.0,1,1,1.0
143,2,858.0,327.0,70.0,198.0,1,1,1.0
144,1,952.0,339.0,66.0,195.0,1,1,1.0
144,2,858.0,330.0,71.0,198.0,1,1,1.0
145,1,953.0,339.0,67.0,195.0,1,1,1.0
145,2,858.0,333.0,72.0,200.0,1,1,1.0
146,1,953.0,338.0,69.0,195.0,1,1,1.0
146,2,858.0,336.0,72.0,201.0,1,1,1.0
147,1,954.0,340.0,70.0,198.0,1,1,1.0
147,2,858.0,337.0,71.0,200.0,1,1,1.0
148,1,954.0,342.0,70.0,204.0,1,1,1.0
148,2,857.0,336.0,70.0,200.0,1,1,1.0
149,1,954.0,345.0,71.0,204.0,1,1,1.0
149,2,855.0,336.0,70.0,201.0,1,1,1.0
150,1,954.0,349.0,72.0,204.0,1,1,1.0
150,2,853.0,337.0,70.0,202.0,1,1,1.0
151,1,955.0,352.0,73.0,208.0,1,1,1.0
151,2,852.0,339.0,71.0,207.0,1,1,1.0
152,1,955.0,354.0,75.0,209.0,1,1,1.0
152,2,849.0,341.0,72.0,209.0,1,1,1.0
153,1,955.0,355.0,78.0,209.0,1,1,1.0
153,2,847.0,344.0,72.0,211.0,1,1,1.0
154,1,956.0,356.0,81.0,208.0,1,1,1.0
154,2,845.0,349.0,72.0,213.0,1,1,1.0
155,1,956.0,356.0,82.0,208.0,1,1,1.0
155,2,842.0,351.0,73.0,214.0,1,1,1.0
156,1,955.0,357.0,81.0,208.0,1,1,1.0
156,2,840.0,353.0,73.0,214.0,1,1,1.0
157,1,955.0,360.0,79.0,215.0,1,1,1.0
157,2,838.0,353.0,74.0,214.0,1,1,1.0
158,1,955.0,363.0,74.0,216.0,1,1,1.0
158,2,837.0,353.0,75.0,214.0,1,1,1.0
159,1,954.0,367.0,72.0,216.0,1,1,1.0
159,2,837.0,354.0,75.0,213.0,1,1,1.0
160,1,953.0,371.0,72.0,219.0,1,1,1.0
160,2,837.0,356.0,76.0,217.0,1,1,1.0
161,1,952.0,374.0,72.0,223.0,1,1,1.0
161,2,838.0,359.0,77.0,220.0,1,1,1.0
162,1,952.0,377.0,75.0,223.0,1,1,1.0
162,2,839.0,363.0,79.0,221.0,1,1,1.0
163,1,952.0,379.0,78.0,222.0,1,1,1.0
163,2,840.0,366.0,80.0,224.0,1,1,1.0
164,1,952.0,380.0,80.0,221.0,1,1,1.0
164,2,840.0,369.0,81.0,227.0,1,1,1.0
165,1,953.0,381.0,80.0,220.0,1,1,1.0
165,2,841.0,372.0,81.0,227.0,1,1,1.0
166,1,954.0,383.0,80.0,219.0,1,1,1.0
166,2,842.0,373.0,80.0,227.0,1,1,1.0
167,1,954.0,385.0,81.0,227.0,1,1,1.0
167,2,842.0,373.0,79.0,227.0,1,1,1.0
168,1,954.0,389.0,81.0,230.0,1,1,1.0
168,2,842.0,374.0,80.0,226.0,1,1,1.0
169,1,954.0,393.0,82.0,233.0,1,1,1.0
169,2,842.0,375.0,80.0,231.0,1,1,1.0
170,1,954.0,397.0,83.0,236.0,1,1,1.0
170,2,841.0,377.0,80.0,236.0,1,1,1.0
171,1,954.0,400.0,86.0,237.0,1,1,1.0
171,2,840.0,382.0,81.0,238.0,1,1,1.0
172,1,953.0,403.0,89.0,236.0,1,1,1.0
172,2,839.0,387.0,81.0,239.0,1,1,1.0
173,1,952.0,404.0,93.0,236.0,1,1,1.0
173,2,837.0,391.0,82.0,243.0,1,1,1.0
174,1,952.0,405.0,95.0,234.0,1,1,1.0
174,2,834.0,395.0,83.0,243.0,1,1,1.0
175,1,950.0,407.0,94.0,233.0,1,1,1.0
175,2,832.0,396.0,85.0,242.0,1,1,1.0
176,1,948.0,409.0,91.0,239.0,1,1,1.0
176,2,830.0,397.0,85.0,242.0,1,1,1.0
177,1,947.0,412.0,86.0,248.0,1,1,1.0
177,2,830.0,397.0,85.0,242.0,1,1,1.0
178,1,945.0,416.0,82.0,251.0,1,1,1.0
178,2,832.0,398.0,86.0,243.0,1,1,1.0
179,1,944.0,422.0,81.0,251.0,1,1,1.0
179,2,834.0,399.0,86.0,250.0,1,1,1.0
180,1,943.0,426.0,81.0,256.0,1,1,1.0
180,2,835.0,404.0,88.0,251.0,1,1,1.0
181,1,941.0,430.0,83.0,255.0,1,1,1.0
181,2,836.0,408.0,90.0,254.0,1,1,1.0
182,1,941.0,433.0,84.0,254.0,1,1,1.0
182,2,836.0,413.0,93.0,260.0,1,1,1.0
183,1,940.0,435.0,87.0,251.0,1,1,1.0
183,2,837.0,417.0,95.0,261.0,1,1,1.0
184,1,940.0,436.0,90.0,250.0,1,1,1.0
184,2,837.0,419.0,95.0,261.0,1,1,1.0
185,1,940.0,438.0,93.0,250.0,1,1,1.0
185,2,838.0,420.0,95.0,260.0,1,1,1.0
186,1,940.0,440.0,95.0,259.0,1,1,1.0
186,2,837.0,421.0,95.0,260.0,1,1,1.0
187,1,940.0,445.0,95.0,267.0,1,1,1.0
187,2,837.0,421.0,92.0,260.0,1,1,1.0
188,1,940.0,450.0,94.0,269.0,1,1,1.0
188,2,835.0,422.0,92.0,268.0,1,1,1.0
189,1,939.0,455.0,94.0,272.0,1,1,1.0
189,2,834.0,428.0,92.0,273.0,1,1,1.0
190,1,939.0,459.0,95.0,276.0,1,1,1.0
190,2,832.0,434.0,92.0,275.0,1,1,1.0
191,1,938.0,462.0,98.0,276.0,1,1,1.0
191,2,830.0,440.0,91.0,278.0,1,1,1.0
192,1,938.0,465.0,102.0,274.0,1,1,1.0
192,2,826.0,445.0,93.0,280.0,1,1,1.0
193,1,937.0,467.0,105.0,272.0,1,1,1.0
193,2,822.0,448.0,95.0,280.0,1,1,1.0
194,1,937.0,469.0,106.0,270.0,1,1,1.0
194,2,818.0,450.0,96.0,279.0,1,1,1.0
195,1,936.0,472.0,105.0,275.0,1,1,1.0
195,2,816.0,451.0,98.0,279.0,1,1,1.0
196,1,935.0,476.0,103.0,287.0,1,1,1.0
196,2,815.0,453.0,100.0,276.0,1,1,1.0
197,1,934.0,482.0,101.0,290.0,1,1,1.0
197,2,815.0,455.0,100.0,279.0,1,1,1.0
198,1,933.0,489.0,98.0,292.0,1,1,1.0
198,2,814.0,459.0,102.0,287.0,1,1,1.0
199,1,931.0,495.0,99.0,299.0,1,1,1.0
199,2,814.0,465.0,105.0,292.0,1,1,1.0
200,1,930.0,500.0,100.0,299.0,1,1,1.0
200,2,813.0,471.0,107.0,296.0,1,1,1.0
201,1,929.0,504.0,102.0,297.0,1,1,1.0
201,2,813.0,476.0,108.0,301.0,1,1,1.0
202,1,930.0,507.0,105.0,294.0,1,1,1.0
202,2,813.0,481.0,108.0,302.0,1,1,1.0
203,1,930.0,509.0,106.0,292.0,1,1,1.0
203,2,812.0,484.0,108.0,301.0,1,1,1.0
204,1,931.0,511.0,107.0,290.0,1,1,1.0
204,2,811.0,486.0,108.0,299.0,1,1,1.0
205,1,931.0,516.0,109.0,301.0,1,1,1.0
205,2,810.0,488.0,107.0,297.0,1,1,1.0
206,1,931.0,522.0,108.0,311.0,1,1,1.0
206,2,808.0,491.0,107.0,296.0,1,1,1.0
207,1,932.0,528.0,107.0,315.0,1,1,1.0
207,2,806.0,494.0,106.0,307.0,1,1,1.0
208,1,932.0,536.0,107.0,321.0,1,1,1.0
208,2,803.0,500.0,108.0,316.0,1,1,1.0
209,1,933.0,543.0,110.0,325.0,1,1,1.0
209,2,801.0,508.0,107.0,320.0,1,1,1.0
210,1,935.0,547.0,113.0,324.0,1,1,1.0
210,2,796.0,516.0,108.0,326.0,1,1,1.0
211,1,937.0,551.0,118.0,321.0,1,1,1.0
211,2,791.0,523.0,110.0,328.0,1,1,1.0
212,1,938.0,554.0,123.0,318.0,1,1,1.0
212,2,785.0,528.0,113.0,326.0,1,1,1.0
213,1,939.0,557.0,125.0,315.0,1,1,1.0
213,2,779.0,532.0,117.0,324.0,1,1,1.0
214,1,939.0,561.0,126.0,325.0,1,1,1.0
214,2,776.0,534.0,119.0,322.0,1,1,1.0
215,1,938.0,566.0,125.0,342.0,1,1,1.0
215,2,774.0,536.0,121.0,319.0,1,1,1.0
216,1,936.0,573.0,124.0,350.0,1,1,1.0
216,2,773.0,539.0,123.0,330.0,1,1,1.0
217,1,933.0,582.0,124.0,354.0,1,1,1.0
217,2,772.0,545.0,126.0,343.0,1,1,1.0
218,1,930.0,590.0,124.0,360.0,1,1,1.0
218,2,772.0,552.0,130.0,350.0,1,1,1.0
219,1,928.0,598.0,127.0,359.0,1,1,1.0
219,2,772.0,559.0,133.0,357.0,1,1,1.0
220,1,927.0,604.0,129.0,355.0,1,1,1.0
220,2,772.0,568.0,136.0,359.0,1,1,1.0
221,1,928.0,609.0,129.0,351.0,1,1,1.0
221,2,771.0,575.0,137.0,356.0,1,1,1.0
222,1,930.0,614.0,128.0,346.0,1,1,1.0
222,2,771.0,580.0,137.0,352.0,1,1,1.0
223,1,932.0,619.0,127.0,342.0,1,1,1.0
223,2,770.0,584.0,135.0,349.0,1,1,1.0
224,1,932.0,625.0,127.0,358.0,1,1,1.0
224,2,768.0,586.0,133.0,346.0,1,1,1.0
225,1,932.0,642.0,127.0,372.0,1,1,1.0
225,2,764.0,596.0,131.0,367.0,1,1,1.0
226,1,931.0,654.0,129.0,382.0,1,1,1.0
226,2,760.0,605.0,129.0,379.0,1,1,1.0
227,1,931.0,665.0,132.0,388.0,1,1,1.0
227,2,755.0,615.0,129.0,388.0,1,1,1.0
228,1,932.0,673.0,138.0,386.0,1,1,1.0
228,2,748.0,625.0,130.0,392.0,1,1,1.0
229,1,932.0,681.0,146.0,381.0,1,1,1.0
229,2,740.0,633.0,135.0,389.0,1,1,1.0
230,1,931.0,687.0,152.0,375.0,1,1,1.0
230,2,732.0,639.0,139.0,385.0,1,1,1.0
231,1,930.0,693.0,155.0,369.0,1,1,1.0
231,2,725.0,642.0,144.0,382.0,1,1,1.0
232,1,928.0,699.0,157.0,376.0,1,1,1.0
232,2,722.0,647.0,148.0,377.0,1,1,1.0
233,1,925.0,709.0,156.0,372.0,1,1,1.0
233,2,721.0,652.0,151.0,381.0,1,1,1.0
234,1,922.0,720.0,155.0,362.0,1,1,1.0
234,2,719.0,659.0,156.0,398.0,1,1,1.0
235,1,917.0,732.0,155.0,350.0,1,1,1.0
235,2,718.0,669.0,161.0,405.0,1,1,1.0
236,1,912.0,746.0,157.0,336.0,1,1,1.0
236,2,717.0,680.0,167.0,400.0,1,1,1.0
237,1,909.0,758.0,158.0,324.0,1,1,1.0
237,2,717.0,691.0,171.0,391.0,1,1,1.0
238,1,905.0,768.0,161.0,313.0,1,1,1.0
238,2,717.0,702.0,174.0,381.0,1,1,1.0
239,1,902.0,776.0,164.0,305.0,1,1,1.0
239,2,716.0,710.0,174.0,373.0,1,1,1.0
240,1,901.0,784.0,166.0,297.0,1,1,1.0
240,2,717.0,716.0,171.0,367.0,1,1,1.0
241,1,899.0,791.0,170.0,289.0,1,1,1.0
241,2,716.0,721.0,167.0,361.0,1,1,1.0
242,1,897.0,800.0,172.0,280.0,1,1,1.0
242,2,714.0,727.0,162.0,354.0,1,1,1.0
243,1,894.0,812.0,174.0,267.0,1,1,1.0
243,2,714.0,736.0,155.0,345.0,1,1,1.0
244,1,890.0,828.0,176.0,252.0,1,1,1.0
244,2,712.0,748.0,153.0,333.0,1,1,1.0
245,1,888.0,852.0,182.0,227.0,1,1,1.0
245,2,706.0,769.0,151.0,311.0,1,1,1.0
246,1,886.0,869.0,190.0,210.0,1,1,1.0
246,2,699.0,784.0,154.0,296.0,1,1,1.0
247,1,883.0,881.0,197.0,198.0,1,1,1.0
247,2,692.0,796.0,157.0,284.0,1,1,1.0
248,1,881.0,892.0,191.0,187.0,1,1,1.0
248,2,686.0,804.0,161.0,275.0,1,1,1.0
249,1,879.0,902.0,184.0,177.0,1,1,1.0
249,2,680.0,811.0,169.0,268.0,1,1,1.0
250,1,877.0,914.0,179.0,164.0,1,1,1.0
250,2,677.0,819.0,175.0,260.0,1,1,1.0
251,1,876.0,929.0,176.0,150.0,1,1,1.0
251,2,674.0,829.0,184.0,250.0,1,1,1.0
252,1,874.0,947.0,173.0,132.0,1,1,1.0
252,2,672.0,841.0,191.0,238.0,1,1,1.0
253,1,873.0,967.0,167.0,112.0,1,1,1.0
253,2,670.0,856.0,200.0,223.0,1,1,1.0
254,1,875.0,986.0,157.0,93.0,1,1,1.0
254,2,670.0,871.0,205.0,208.0,1,1,1.0
255,1,883.0,1005.0,128.0,74.0,1,1,1.0
255,2,671.0,887.0,206.0,192.0,1,1,1.0
256,2,672.0,900.0,201.0,178.0,1,1,1.0
257,2,674.0,912.0,191.0,167.0,1,1,1.0
258,2,673.0,920.0,179.0,159.0,1,1,1.0
259,2,672.0,929.0,173.0,149.0,1,1,1.0
260,2,670.0,942.0,167.0,137.0,1,1,1.0
261,2,668.0,957.0,155.0,121.0,1,1,1.0
263,2,665.0,993.0,114.0,86.0,1,1,1.0
416,3,0.0,651.0,33.0,188.0,1,1,1.0
417,3,0.0,641.0,33.0,198.0,1,1,1.0
418,3,0.0,631.0,32.0,208.0,1,1,1.0
419,3,0.0,625.0,32.0,214.0,1,1,1.0
420,3,0.0,617.0,32.0,220.0,1,1,1.0
421,3,0.0,613.0,33.0,222.0,1,1,1.0
422,3,0.0,608.0,33.0,226.0,1,1,1.0
423,3,0.0,605.0,34.0,225.0,1,1,1.0
425,3,0.0,561.0,44.0,239.0,1,1,1.0
426,3,0.0,545.0,51.0,249.0,1,1,1.0
427,3,0.0,546.0,60.0,246.0,1,1,1.0
428,3,0.0,535.0,70.0,255.0,1,1,1.0
429,3,0.0,531.0,78.0,258.0,1,1,1.0
430,3,0.0,527.0,81.0,262.0,1,1,1.0
431,3,0.0,524.0,83.0,259.0,1,1,1.0
432,3,0.0,521.0,84.0,244.0,1,1,1.0
433,3,0.0,517.0,84.0,244.0,1,1,1.0
434,3,0.0,512.0,84.0,240.0,1,1,1.0
435,3,1.0,507.0,83.0,241.0,1,1,1.0
436,3,5.0,504.0,81.0,243.0,1,1,1.0
437,3,9.0,501.0,81.0,246.0,1,1,1.0
438,3,16.0,500.0,80.0,247.0,1,1,1.0
439,3,21.0,498.0,81.0,247.0,1,1,1.0
440,3,25.0,497.0,83.0,244.0,1,1,1.0
442,3,17.0,490.0,99.0,239.0,1,1,1.0
443,3,16.0,487.0,101.0,234.0,1,1,1.0
444,3,19.0,483.0,99.0,233.0,1,1,1.0
445,3,31.0,477.0,102.0,234.0,1,1,1.0
446,3,42.0,473.0,108.0,236.0,1,1,1.0
447,3,51.0,468.0,113.0,240.0,1,1,1.0
448,3,69.0,471.0,103.0,234.0,1,1,1.0
449,3,77.0,471.0,98.0,231.0,1,1,1.0
451,3,94.0,467.0,82.0,224.0,1,1,1.0
454,3,99.0,452.0,92.0,231.0,1,1,1.0
455,3,119.0,452.0,82.0,230.0,1,1,1.0
456,3,132.0,453.0,86.0,228.0,1,1,1.0
457,3,138.0,452.0,93.0,229.0,1,1,1.0
458,3,141.0,451.0,98.0,228.0,1,1,1.0
459,3,146.0,449.0,97.0,227.0,1,1,1.0
460,3,155.0,446.0,89.0,227.0,1,1,1.0
461,3,170.0,442.0,73.0,218.0,1,1,1.0
463,3,190.0,435.0,63.0,219.0,1,1,1.0
465,3,206.0,431.0,101.0,217.0,1,1,1.0
466,3,209.0,430.0,112.0,216.0,1,1,1.0
467,3,212.0,429.0,117.0,215.0,1,1,1.0
468,3,222.0,428.0,110.0,214.0,1,1,1.0
469,3,231.0,425.0,102.0,212.0,1,1,1.0
470,3,248.0,421.0,84.0,213.0,1,1,1.0
471,3,262.0,417.0,69.0,216.0,1,1,1.0
472,3,274.0,415.0,68.0,219.0,1,1,1.0
473,3,283.0,413.0,78.0,221.0,1,1,1.0
474,3,290.0,413.0,92.0,222.0,1,1,1.0
475,3,292.0,413.0,106.0,221.0,1,1,1.0
476,3,295.0,412.0,112.0,220.0,1,1,1.0
477,3,300.0,411.0,113.0,220.0,1,1,1.0
478,3,312.0,409.0,102.0,219.0,1,1,1.0
479,3,327.0,406.0,86.0,219.0,1,1,1.0
480,3,343.0,402.0,70.0,214.0,1,1,1.0
481,3,354.0,399.0,65.0,215.0,1,1,1.0
481,4,307.0,389.0,70.0,199.0,1,1,1.0
482,3,365.0,398.0,69.0,213.0,1,1,1.0
482,4,322.0,387.0,55.0,194.0,1,1,1.0
483,3,373.0,397.0,87.0,213.0,1,1,1.0
483,4,336.0,385.0,48.0,190.0,1,1,1.0
484,3,378.0,397.0,103.0,212.0,1,1,1.0
484,4,346.0,381.0,44.0,189.0,1,1,1.0
485,3,380.0,397.0,114.0,211.0,1,1,1.0
485,4,355.0,380.0,59.0,192.0,1,1,1.0
486,3,381.0,397.0,121.0,210.0,1,1,1.0
486,4,362.0,378.0,75.0,194.0,1,1,1.0
487,3,388.0,395.0,118.0,210.0,1,1,1.0
487,4,366.0,377.0,82.0,194.0,1,1,1.0
488,3,400.0,393.0,106.0,207.0,1,1,1.0
488,4,368.0,377.0,83.0,193.0,1,1,1.0
489,3,417.0,390.0,89.0,208.0,1,1,1.0
489,4,371.0,375.0,90.0,193.0,1,1,1.0
490,3,437.0,387.0,68.0,210.0,1,1,1.0
490,4,380.0,373.0,90.0,192.0,1,1,1.0
491,3,447.0,385.0,66.0,211.0,1,1,1.0
491,4,392.0,371.0,84.0,188.0,1,1,1.0
492,3,456.0,384.0,73.0,212.0,1,1,1.0
492,4,406.0,367.0,72.0,188.0,1,1,1.0
493,3,463.0,383.0,87.0,212.0,1,1,1.0
493,4,422.0,365.0,58.0,189.0,1,1,1.0
494,3,468.0,383.0,99.0,211.0,1,1,1.0
494,4,428.0,363.0,58.0,189.0,1,1,1.0
495,3,470.0,382.0,107.0,212.0,1,1,1.0
495,4,439.0,362.0,55.0,191.0,1,1,1.0
496,3,474.0,381.0,109.0,212.0,1,1,1.0
496,4,442.0,362.0,60.0,192.0,1,1,1.0
497,3,484.0,379.0,101.0,212.0,1,1,1.0
497,4,446.0,361.0,75.0,191.0,1,1,1.0
498,3,499.0,377.0,88.0,208.0,1,1,1.0
498,4,451.0,361.0,88.0,191.0,1,1,1.0
499,3,518.0,374.0,67.0,207.0,1,1,1.0
499,4,459.0,359.0,87.0,192.0,1,1,1.0
500,3,533.0,371.0,60.0,208.0,1,1,1.0
500,4,473.0,357.0,77.0,189.0,1,1,1.0
501,3,543.0,369.0,64.0,207.0,1,1,1.0
501,4,491.0,354.0,62.0,188.0,1,1,1.0
502,3,546.0,368.0,85.0,206.0,1,1,1.0
502,4,504.0,352.0,55.0,188.0,1,1,1.0
503,3,550.0,368.0,104.0,205.0,1,1,1.0
503,4,514.0,350.0,54.0,187.0,1,1,1.0
504,3,551.0,369.0,117.0,204.0,1,1,1.0
504,4,522.0,349.0,69.0,187.0,1,1,1.0
505,3,553.0,369.0,123.0,203.0,1,1,1.0
505,4,527.0,348.0,82.0,187.0,1,1,1.0
506,3,560.0,368.0,120.0,202.0,1,1,1.0
506,4,529.0,349.0,81.0,186.0,1,1,1.0
507,3,572.0,367.0,109.0,199.0,1,1,1.0
507,4,529.0,348.0,89.0,185.0,1,1,1.0
508,3,588.0,364.0,92.0,200.0,1,1,1.0
508,4,536.0,347.0,92.0,184.0,1,1,1.0
509,3,611.0,360.0,68.0,203.0,1,1,1.0
509,4,548.0,346.0,87.0,181.0,1,1,1.0
510,3,623.0,358.0,67.0,205.0,1,1,1.0
510,4,562.0,343.0,75.0,181.0,1,1,1.0
511,3,633.0,356.0,71.0,207.0,1,1,1.0
511,4,580.0,341.0,60.0,181.0,1,1,1.0
512,3,638.0,355.0,81.0,207.0,1,1,1.0
512,4,591.0,339.0,53.0,183.0,1,1,1.0
513,3,642.0,356.0,91.0,206.0,1,1,1.0
513,4,600.0,337.0,56.0,184.0,1,1,1.0
514,3,645.0,356.0,98.0,206.0,1,1,1.0
514,4,603.0,337.0,64.0,184.0,1,1,1.0
515,3,648.0,355.0,102.0,206.0,1,1,1.0
515,4,605.0,337.0,73.0,185.0,1,1,1.0
516,3,656.0,353.0,100.0,205.0,1,1,1.0
516,4,607.0,337.0,82.0,185.0,1,1,1.0
517,3,668.0,351.0,90.0,203.0,1,1,1.0
517,4,614.0,336.0,86.0,185.0,1,1,1.0
518,3,683.0,349.0,73.0,200.0,1,1,1.0
518,4,624.0,334.0,80.0,185.0,1,1,1.0
519,3,698.0,345.0,59.0,199.0,1,1,1.0
519,4,638.0,331.0,70.0,185.0,1,1,1.0
520,3,708.0,343.0,58.0,199.0,1,1,1.0
520,4,656.0,329.0,56.0,183.0,1,1,1.0
521,3,714.0,342.0,70.0,198.0,1,1,1.0
521,4,668.0,327.0,52.0,183.0,1,1,1.0
522,3,716.0,342.0,89.0,197.0,1,1,1.0
522,4,677.0,326.0,51.0,182.0,1,1,1.0
523,3,717.0,344.0,102.0,195.0,1,1,1.0
523,4,681.0,326.0,71.0,182.0,1,1,1.0
524,3,718.0,344.0,109.0,194.0,1,1,1.0
524,4,683.0,326.0,85.0,181.0,1,1,1.0
525,3,729.0,342.0,102.0,192.0,1,1,1.0
525,4,688.0,325.0,86.0,180.0,1,1,1.0
526,3,744.0,339.0,89.0,191.0,1,1,1.0
526,4,697.0,324.0,81.0,179.0,1,1,1.0
527,3,762.0,336.0,71.0,191.0,1,1,1.0
527,4,710.0,322.0,71.0,177.0,1,1,1.0
528,3,778.0,334.0,64.0,193.0,1,1,1.0
528,4,726.0,320.0,60.0,176.0,1,1,1.0
529,3,787.0,332.0,69.0,195.0,1,1,1.0
529,4,741.0,318.0,51.0,177.0,1,1,1.0
530,3,789.0,331.0,80.0,196.0,1,1,1.0
530,4,749.0,317.0,51.0,177.0,1,1,1.0
531,3,791.0,332.0,88.0,195.0,1,1,1.0
531,4,752.0,317.0,58.0,178.0,1,1,1.0
532,3,796.0,331.0,93.0,194.0,1,1,1.0
532,4,752.0,317.0,67.0,178.0,1,1,1.0
533,3,800.0,331.0,97.0,194.0,1,1,1.0
533,4,755.0,317.0,73.0,177.0,1,1,1.0
534,3,806.0,330.0,96.0,195.0,1,1,1.0
534,4,759.0,316.0,74.0,177.0,1,1,1.0
535,3,819.0,328.0,86.0,191.0,1,1,1.0
535,4,767.0,315.0,72.0,174.0,1,1,1.0
536,3,833.0,326.0,71.0,187.0,1,1,1.0
536,4,780.0,313.0,67.0,173.0,1,1,1.0
537,3,845.0,323.0,59.0,188.0,1,1,1.0
537,4,796.0,311.0,58.0,172.0,1,1,1.0
538,3,853.0,321.0,58.0,189.0,1,1,1.0
538,4,810.0,309.0,52.0,172.0,1,1,1.0
539,3,861.0,320.0,64.0,187.0,1,1,1.0
539,4,817.0,308.0,52.0,172.0,1,1,1.0
540,3,863.0,321.0,81.0,186.0,1,1,1.0
540,4,823.0,308.0,69.0,172.0,1,1,1.0
541,3,864.0,321.0,94.0,185.0,1,1,1.0
541,4,826.0,308.0,80.0,172.0,1,1,1.0
542,3,860.0,321.0,105.0,184.0,1,1,1.0
542,4,828.0,308.0,89.0,171.0,1,1,1.0
543,3,866.0,320.0,103.0,184.0,1,1,1.0
543,4,830.0,307.0,92.0,171.0,1,1,1.0
544,3,873.0,319.0,97.0,183.0,1,1,1.0
544,4,837.0,306.0,81.0,170.0,1,1,1.0
545,3,886.0,317.0,85.0,180.0,1,1,1.0
545,4,848.0,304.0,70.0,167.0,1,1,1.0
546,3,901.0,315.0,69.0,180.0,1,1,1.0
546,4,862.0,302.0,60.0,167.0,1,1,1.0
547,3,918.0,312.0,60.0,182.0,1,1,1.0
547,4,876.0,300.0,52.0,168.0,1,1,1.0
548,3,927.0,311.0,64.0,184.0,1,1,1.0
548,4,881.0,299.0,52.0,170.0,1,1,1.0
549,3,932.0,310.0,70.0,184.0,1,1,1.0
549,4,881.0,298.0,59.0,171.0,1,1,1.0
550,3,936.0,310.0,76.0,184.0,1,1,1.0
550,4,879.0,299.0,70.0,169.0,1,1,1.0
551,3,937.0,311.0,85.0,183.0,1,1,1.0
551,4,878.0,299.0,76.0,169.0,1,1,1.0
552,3,939.0,310.0,90.0,183.0,1,1,1.0
552,4,881.0,299.0,78.0,169.0,1,1,1.0
553,3,943.0,309.0,91.0,182.0,1,1,1.0
553,4,887.0,298.0,77.0,168.0,1,1,1.0
554,3,953.0,308.0,84.0,179.0,1,1,1.0
554,4,897.0,296.0,73.0,166.0,1,1,1.0
555,3,966.0,306.0,72.0,176.0,1,1,1.0
555,4,909.0,295.0,67.0,164.0,1,1,1.0
556,3,978.0,303.0,59.0,175.0,1,1,1.0
556,4,924.0,293.0,57.0,164.0,1,1,1.0
557,3,987.0,302.0,52.0,176.0,1,1,1.0
557,4,937.0,292.0,48.0,164.0,1,1,1.0
558,3,992.0,301.0,55.0,176.0,1,1,1.0
558,4,945.0,291.0,48.0,164.0,1,1,1.0
559,3,994.0,302.0,67.0,175.0,1,1,1.0
559,4,950.0,290.0,51.0,165.0,1,1,1.0
560,3,996.0,302.0,79.0,174.0,1,1,1.0
560,4,951.0,290.0,57.0,165.0,1,1,1.0
561,3,997.0,302.0,87.0,173.0,1,1,1.0
561,4,953.0,291.0,60.0,164.0,1,1,1.0
562,3,998.0,302.0,89.0,172.0,1,1,1.0
562,4,953.0,291.0,64.0,163.0,1,1,1.0
563,3,1001.0,303.0,87.0,170.0,1,1,1.0
563,4,958.0,291.0,64.0,162.0,1,1,1.0
564,3,1011.0,302.0,78.0,167.0,1,1,1.0
564,4,966.0,291.0,60.0,157.0,1,1,1.0
565,3,1023.0,300.0,68.0,168.0,1,1,1.0
565,4,977.0,290.0,56.0,156.0,1,1,1.0
566,3,1037.0,297.0,65.0,170.0,1,1,1.0
566,4,988.0,288.0,53.0,157.0,1,1,1.0
567,3,1048.0,295.0,65.0,172.0,1,1,1.0
567,4,995.0,286.0,54.0,158.0,1,1,1.0
568,3,1054.0,295.0,68.0,173.0,1,1,1.0
568,4,998.0,286.0,57.0,160.0,1,1,1.0
569,3,1057.0,295.0,76.0,172.0,1,1,1.0
569,4,998.0,285.0,63.0,160.0,1,1,1.0
570,3,1059.0,296.0,83.0,172.0,1,1,1.0
570,4,997.0,286.0,69.0,159.0,1,1,1.0
571,3,1061.0,296.0,85.0,171.0,1,1,1.0
571,4,997.0,286.0,74.0,159.0,1,1,1.0
572,3,1065.0,296.0,86.0,170.0,1,1,1.0
572,4,1000.0,286.0,76.0,158.0,1,1,1.0
573,3,1073.0,296.0,81.0,169.0,1,1,1.0
573,4,1007.0,286.0,74.0,156.0,1,1,1.0
574,3,1083.0,295.0,71.0,168.0,1,1,1.0
574,4,1015.0,285.0,67.0,152.0,1,1,1.0
575,3,1094.0,293.0,59.0,167.0,1,1,1.0
575,4,1026.0,283.0,58.0,152.0,1,1,1.0
576,3,1103.0,291.0,51.0,168.0,1,1,1.0
576,4,1037.0,282.0,47.0,153.0,1,1,1.0
577,3,1108.0,291.0,51.0,167.0,1,1,1.0
577,4,1044.0,281.0,44.0,154.0,1,1,1.0
578,3,1108.0,291.0,62.0,166.0,1,1,1.0
578,4,1048.0,282.0,53.0,154.0,1,1,1.0
579,3,1110.0,291.0,70.0,165.0,1,1,1.0
579,4,1049.0,282.0,57.0,152.0,1,1,1.0
580,3,1112.0,292.0,74.0,164.0,1,1,1.0
580,4,1049.0,283.0,60.0,151.0,1,1,1.0
581,3,1113.0,293.0,77.0,163.0,1,1,1.0
581,4,1050.0,284.0,62.0,150.0,1,1,1.0
582,3,1116.0,293.0,75.0,162.0,1,1,1.0
582,4,1054.0,283.0,63.0,150.0,1,1,1.0
583,3,1124.0,293.0,68.0,160.0,1,1,1.0
583,4,1061.0,282.0,60.0,147.0,1,1,1.0
584,3,1135.0,291.0,63.0,160.0,1,1,1.0
584,4,1070.0,280.0,57.0,147.0,1,1,1.0
585,3,1150.0,289.0,61.0,161.0,1,1,1.0
585,4,1084.0,278.0,57.0,148.0,1,1,1.0
586,3,1156.0,288.0,65.0,162.0,1,1,1.0
586,4,1088.0,278.0,61.0,148.0,1,1,1.0
587,3,1158.0,287.0,70.0,162.0,1,1,1.0
587,4,1090.0,278.0,65.0,148.0,1,1,1.0
588,3,1158.0,288.0,77.0,161.0,1,1,1.0
588,4,1091.0,278.0,67.0,148.0,1,1,1.0
589,3,1158.0,288.0,80.0,160.0,1,1,1.0
589,4,1093.0,278.0,69.0,147.0,1,1,1.0
590,3,1163.0,289.0,80.0,159.0,1,1,1.0
590,4,1097.0,279.0,74.0,146.0,1,1,1.0
591,3,1169.0,289.0,74.0,156.0,1,1,1.0
591,4,1104.0,279.0,69.0,145.0,1,1,1.0
592,3,1175.0,287.0,67.0,155.0,1,1,1.0
592,4,1112.0,278.0,63.0,143.0,1,1,1.0
593,3,1185.0,284.0,57.0,154.0,1,1,1.0
593,4,1123.0,276.0,54.0,142.0,1,1,1.0
594,3,1192.0,283.0,49.0,155.0,1,1,1.0
594,4,1133.0,275.0,45.0,144.0,1,1,1.0
595,3,1198.0,282.0,45.0,155.0,1,1,1.0
595,4,1137.0,274.0,44.0,144.0,1,1,1.0
596,3,1200.0,282.0,51.0,155.0,1,1,1.0
596,4,1139.0,274.0,51.0,143.0,1,1,1.0
597,3,1201.0,282.0,58.0,154.0,1,1,1.0
597,4,1140.0,274.0,52.0,142.0,1,1,1.0
598,3,1202.0,283.0,63.0,153.0,1,1,1.0
598,4,1141.0,274.0,59.0,142.0,1,1,1.0
599,3,1204.0,283.0,63.0,152.0,1,1,1.0
599,4,1142.0,275.0,63.0,141.0,1,1,1.0
600,3,1206.0,283.0,61.0,151.0,1,1,1.0
600,4,1146.0,275.0,63.0,140.0,1,1,1.0
601,3,1210.0,283.0,59.0,148.0,1,1,1.0
601,4,1154.0,274.0,58.0,138.0,1,1,1.0
602,3,1218.0,282.0,58.0,148.0,1,1,1.0
602,4,1163.0,273.0,53.0,139.0,1,1,1.0
603,3,1226.0,280.0,55.0,149.0,1,1,1.0
603,4,1173.0,271.0,48.0,140.0,1,1,1.0
604,3,1233.0,279.0,54.0,150.0,1,1,1.0
604,4,1176.0,263.0,53.0,147.0,1,1,1.0
605,3,1237.0,278.0,63.0,151.0,1,1,1.0
605,4,1178.0,267.0,59.0,143.0,1,1,1.0
606,3,1239.0,279.0,64.0,149.0,1,1,1.0
606,4,1180.0,269.0,63.0,142.0,1,1,1.0
607,3,1239.0,280.0,66.0,149.0,1,1,1.0
607,4,1183.0,272.0,61.0,139.0,1,1,1.0
608,3,1242.0,280.0,65.0,148.0,1,1,1.0
608,4,1188.0,272.0,60.0,138.0,1,1,1.0
609,3,1243.0,279.0,66.0,145.0,1,1,1.0
609,4,1194.0,270.0,58.0,137.0,1,1,1.0
610,3,1249.0,277.0,60.0,144.0,1,1,1.0
610,4,1203.0,269.0,53.0,137.0,1,1,1.0
611,3,1255.0,276.0,55.0,144.0,1,1,1.0
611,4,1211.0,269.0,47.0,136.0,1,1,1.0
612,3,1263.0,274.0,47.0,145.0,1,1,1.0
612,4,1216.0,269.0,43.0,136.0,1,1,1.0
613,3,1268.0,273.0,44.0,145.0,1,1,1.0
613,4,1222.0,268.0,43.0,136.0,1,1,1.0
614,3,1269.0,273.0,48.0,145.0,1,1,1.0
614,4,1224.0,269.0,46.0,135.0,1,1,1.0
615,3,1270.0,274.0,54.0,144.0,1,1,1.0
615,4,1223.0,269.0,49.0,135.0,1,1,1.0
616,3,1271.0,274.0,58.0,143.0,1,1,1.0
616,4,1225.0,269.0,50.0,134.0,1,1,1.0
617,3,1272.0,275.0,59.0,142.0,1,1,1.0
617,4,1227.0,269.0,52.0,134.0,1,1,1.0
618,3,1275.0,276.0,57.0,140.0,1,1,1.0
618,4,1230.0,269.0,52.0,133.0,1,1,1.0
619,3,1277.0,274.0,58.0,140.0,1,1,1.0
619,4,1237.0,269.0,49.0,130.0,1,1,1.0
620,3,1284.0,273.0,56.0,140.0,1,1,1.0
620,4,1245.0,269.0,48.0,130.0,1,1,1.0
