1,1,1845.0,340.0,41.0,125.0,1,1,1.0
2,1,1848.0,342.0,35.0,124.0,1,1,1.0
3,1,1839.0,342.0,41.0,124.0,1,1,1.0
4,1,1832.0,345.0,46.0,120.0,1,1,1.0
5,1,1828.0,344.0,46.0,121.0,1,1,1.0
6,1,1827.0,346.0,42.0,120.0,1,1,1.0
7,1,1827.0,345.0,38.0,121.0,1,1,1.0
8,1,1826.0,343.0,34.0,123.0,1,1,1.0
9,1,1824.0,341.0,33.0,124.0,1,1,1.0
10,1,1818.0,339.0,35.0,128.0,1,1,1.0
11,1,1808.0,338.0,41.0,128.0,1,1,1.0
12,1,1798.0,339.0,47.0,128.0,1,1,1.0
13,1,1791.0,340.0,53.0,127.0,1,1,1.0
14,1,1786.0,340.0,57.0,126.0,1,1,1.0
15,1,1783.0,340.0,58.0,126.0,1,1,1.0
16,1,1781.0,339.0,57.0,126.0,1,1,1.0
17,1,1779.0,338.0,53.0,127.0,1,1,1.0
18,1,1775.0,336.0,50.0,129.0,1,1,1.0
19,1,1779.0,334.0,40.0,131.0,1,1,1.0
20,1,1771.0,334.0,44.0,131.0,1,1,1.0
21,1,1766.0,334.0,45.0,131.0,1,1,1.0
22,1,1759.0,335.0,49.0,130.0,1,1,1.0
23,1,1753.0,336.0,51.0,128.0,1,1,1.0
24,1,1749.0,337.0,55.0,128.0,1,1,1.0
25,1,1747.0,337.0,57.0,128.0,1,1,1.0
26,1,1746.0,336.0,51.0,129.0,1,1,1.0
27,1,1746.0,334.0,44.0,131.0,1,1,1.0
28,1,1744.0,333.0,38.0,133.0,1,1,1.0
29,1,1741.0,332.0,36.0,133.0,1,1,1.0
30,1,1731.0,332.0,43.0,134.0,1,1,1.0
31,1,1719.0,332.0,51.0,134.0,1,1,1.0
32,1,1707.0,333.0,60.0,133.0,1,1,1.0
33,1,1700.0,333.0,66.0,133.0,1,1,1.0
34,1,1695.0,333.0,68.0,132.0,1,1,1.0
35,1,1693.0,332.0,67.0,131.0,1,1,1.0
36,1,1692.0,331.0,62.0,131.0,1,1,1.0
37,1,1689.0,330.0,57.0,132.0,1,1,1.0
38,1,1684.0,328.0,53.0,133.0,1,1,1.0
39,1,1686.0,327.0,43.0,135.0,1,1,1.0
40,1,1681.0,327.0,43.0,134.0,1,1,1.0
41,1,1672.0,328.0,49.0,133.0,1,1,1.0
42,1,1663.0,329.0,61.0,133.0,1,1,1.0
43,1,1656.0,329.0,67.0,133.0,1,1,1.0
44,1,1653.0,329.0,66.0,133.0,1,1,1.0
45,1,1652.0,329.0,60.0,133.0,1,1,1.0
46,1,1652.0,328.0,52.0,135.0,1,1,1.0
47,1,1651.0,327.0,43.0,136.0,1,1,1.0
48,1,1647.0,325.0,40.0,138.0,1,1,1.0
49,1,1638.0,325.0,44.0,139.0,1,1,1.0
50,1,1624.0,325.0,54.0,139.0,1,1,1.0
51,1,1611.0,326.0,63.0,138.0,1,1,1.0
52,1,1602.0,327.0,70.0,137.0,1,1,1.0
53,1,1597.0,327.0,73.0,135.0,1,1,1.0
54,1,1594.0,327.0,74.0,135.0,1,1,1.0
55,1,1593.0,326.0,68.0,134.0,1,1,1.0
56,1,1593.0,325.0,60.0,135.0,1,1,1.0
57,1,1593.0,323.0,49.0,137.0,1,1,1.0
58,1,1592.0,321.0,42.0,139.0,1,1,1.0
59,1,1589.0,321.0,40.0,140.0,1,1,1.0
60,1,1576.0,322.0,49.0,139.0,1,1,1.0
61,1,1563.0,322.0,61.0,138.0,1,1,1.0
62,1,1554.0,323.0,70.0,137.0,1,1,1.0
63,1,1549.0,324.0,74.0,137.0,1,1,1.0
64,1,1547.0,323.0,71.0,137.0,1,1,1.0
65,1,1546.0,322.0,65.0,138.0,1,1,1.0
66,1,1546.0,321.0,55.0,139.0,1,1,1.0
67,1,1544.0,320.0,43.0,141.0,1,1,1.0
68,1,1538.0,319.0,42.0,141.0,1,1,1.0
69,1,1523.0,320.0,57.0,141.0,1,1,1.0
70,1,1508.0,321.0,68.0,140.0,1,1,1.0
71,1,1496.0,321.0,75.0,139.0,1,1,1.0
72,1,1489.0,322.0,79.0,138.0,1,1,1.0
73,1,1485.0,322.0,80.0,138.0,1,1,1.0
74,1,1484.0,321.0,74.0,138.0,1,1,1.0
75,1,1484.0,320.0,65.0,139.0,1,1,1.0
76,1,1485.0,319.0,54.0,140.0,1,1,1.0
77,1,1484.0,318.0,46.0,142.0,1,1,1.0
78,1,1480.0,317.0,44.0,143.0,1,1,1.0
79,1,1466.0,318.0,56.0,143.0,1,1,1.0
80,1,1454.0,319.0,68.0,143.0,1,1,1.0
81,1,1446.0,320.0,77.0,143.0,1,1,1.0
82,1,1441.0,320.0,79.0,143.0,1,1,1.0
83,1,1438.0,320.0,75.0,144.0,1,1,1.0
84,1,1437.0,320.0,68.0,145.0,1,1,1.0
85,1,1436.0,319.0,55.0,146.0,1,1,1.0
86,1,1434.0,318.0,47.0,147.0,1,1,1.0
87,1,1427.0,318.0,51.0,147.0,1,1,1.0
88,1,1413.0,318.0,58.0,147.0,1,1,1.0
89,1,1399.0,319.0,66.0,146.0,1,1,1.0
90,1,1388.0,321.0,75.0,145.0,1,1,1.0
91,1,1381.0,322.0,79.0,145.0,1,1,1.0
92,1,1377.0,322.0,81.0,145.0,1,1,1.0
93,1,1376.0,322.0,76.0,145.0,1,1,1.0
94,1,1376.0,321.0,67.0,146.0,1,1,1.0
95,1,1376.0,319.0,55.0,148.0,1,1,1.0
96,1,1373.0,318.0,49.0,149.0,1,1,1.0
97,1,1371.0,318.0,45.0,150.0,1,1,1.0
98,1,1361.0,319.0,55.0,152.0,1,1,1.0
99,1,1347.0,319.0,68.0,151.0,1,1,1.0
100,1,1337.0,320.0,78.0,151.0,1,1,1.0
101,1,1332.0,321.0,81.0,151.0,1,1,1.0
102,1,1329.0,321.0,79.0,151.0,1,1,1.0
103,1,1328.0,322.0,72.0,152.0,1,1,1.0
104,1,1327.0,321.0,68.0,153.0,1,1,1.0
106,1,1322.0,320.0,47.0,154.0,1,1,1.0
107,1,1309.0,320.0,51.0,154.0,1,1,1.0
108,1,1294.0,321.0,62.0,153.0,1,1,1.0
109,1,1280.0,323.0,76.0,152.0,1,1,1.0
110,1,1272.0,324.0,82.0,151.0,1,1,1.0
111,1,1267.0,325.0,84.0,151.0,1,1,1.0
112,1,1265.0,326.0,82.0,152.0,1,1,1.0
113,1,1265.0,326.0,75.0,152.0,1,1,1.0
114,1,1265.0,324.0,66.0,153.0,1,1,1.0
115,1,1262.0,323.0,60.0,155.0,1,1,1.0
116,1,1256.0,322.0,55.0,157.0,1,1,1.0
117,1,1247.0,322.0,55.0,158.0,1,1,1.0
118,1,1233.0,323.0,67.0,158.0,1,1,1.0
119,1,1222.0,325.0,75.0,157.0,1,1,1.0
120,1,1214.0,326.0,82.0,156.0,1,1,1.0
121,1,1211.0,327.0,87.0,157.0,1,1,1.0
122,1,1209.0,327.0,77.0,157.0,1,1,1.0
123,1,1208.0,326.0,67.0,158.0,1,1,1.0
124,1,1207.0,325.0,59.0,159.0,1,1,1.0
125,1,1203.0,324.0,52.0,160.0,1,1,1.0
126,1,1195.0,324.0,52.0,160.0,1,1,1.0
127,1,1177.0,326.0,67.0,159.0,1,1,1.0
128,1,1160.0,327.0,81.0,157.0,1,1,1.0
129,1,1148.0,329.0,90.0,156.0,1,1,1.0
130,1,1141.0,330.0,95.0,155.0,1,1,1.0
131,1,1138.0,331.0,93.0,154.0,1,1,1.0
132,1,1137.0,331.0,87.0,154.0,1,1,1.0
133,1,1136.0,330.0,82.0,155.0,1,1,1.0
134,1,1135.0,328.0,63.0,157.0,1,1,1.0
135,1,1130.0,328.0,51.0,159.0,1,1,1.0
136,1,1121.0,328.0,51.0,161.0,1,1,1.0
137,1,1104.0,328.0,65.0,162.0,1,1,1.0
138,1,1089.0,330.0,79.0,161.0,1,1,1.0
139,1,1079.0,331.0,88.0,160.0,1,1,1.0
140,1,1074.0,331.0,90.0,161.0,1,1,1.0
141,1,1071.0,332.0,88.0,162.0,1,1,1.0
142,1,1069.0,332.0,84.0,162.0,1,1,1.0
144,1,1064.0,331.0,66.0,163.0,1,1,1.0
145,1,1059.0,330.0,63.0,163.0,1,1,1.0
146,1,1045.0,331.0,71.0,163.0,1,1,1.0
147,1,1027.0,332.0,80.0,163.0,1,1,1.0
148,1,1013.0,334.0,89.0,161.0,1,1,1.0
149,1,1006.0,335.0,95.0,160.0,1,1,1.0
150,1,1000.0,336.0,97.0,160.0,1,1,1.0
151,1,996.0,336.0,95.0,160.0,1,1,1.0
152,1,996.0,335.0,84.0,161.0,1,1,1.0
153,1,996.0,334.0,73.0,162.0,1,1,1.0
155,1,977.0,332.0,66.0,166.0,1,1,1.0
156,1,965.0,333.0,70.0,167.0,1,1,1.0
157,1,949.0,334.0,82.0,166.0,1,1,1.0
158,1,938.0,336.0,91.0,165.0,1,1,1.0
159,1,932.0,337.0,95.0,165.0,1,1,1.0
160,1,930.0,337.0,94.0,165.0,1,1,1.0
165,1,893.0,336.0,81.0,166.0,1,1,1.0
166,1,878.0,337.0,85.0,165.0,1,1,1.0
167,1,865.0,339.0,94.0,164.0,1,1,1.0
168,1,858.0,340.0,99.0,163.0,1,1,1.0
169,1,849.0,341.0,102.0,163.0,1,1,1.0
170,1,846.0,342.0,96.0,162.0,1,1,1.0
171,1,845.0,342.0,86.0,162.0,1,1,1.0
172,1,846.0,340.0,67.0,162.0,1,1,1.0
173,1,837.0,340.0,67.0,164.0,1,1,1.0
174,1,829.0,340.0,63.0,164.0,1,1,1.0
175,1,815.0,340.0,70.0,165.0,1,1,1.0
176,1,799.0,342.0,83.0,165.0,1,1,1.0
177,1,789.0,343.0,92.0,164.0,1,1,1.0
178,1,782.0,344.0,97.0,164.0,1,1,1.0
179,1,779.0,345.0,96.0,164.0,1,1,1.0
180,1,779.0,344.0,90.0,165.0,1,1,1.0
181,1,777.0,344.0,62.0,166.0,1,1,1.0
184,1,748.0,343.0,66.0,166.0,1,1,1.0
185,1,729.0,344.0,82.0,165.0,1,1,1.0
186,1,716.0,346.0,95.0,163.0,1,1,1.0
187,1,704.0,348.0,104.0,162.0,1,1,1.0
188,1,696.0,349.0,107.0,162.0,1,1,1.0
189,1,690.0,349.0,109.0,163.0,1,1,1.0
190,1,688.0,349.0,103.0,163.0,1,1,1.0
191,1,691.0,347.0,91.0,163.0,1,1,1.0
192,1,689.0,346.0,82.0,166.0,1,1,1.0
193,1,677.0,346.0,84.0,168.0,1,1,1.0
194,1,665.0,346.0,79.0,168.0,1,1,1.0
195,1,651.0,348.0,88.0,167.0,1,1,1.0
196,1,641.0,350.0,93.0,165.0,1,1,1.0
197,1,635.0,352.0,95.0,165.0,1,1,1.0
198,1,631.0,353.0,93.0,165.0,1,1,1.0
199,1,630.0,353.0,80.0,165.0,1,1,1.0
200,1,627.0,353.0,68.0,165.0,1,1,1.0
201,1,622.0,352.0,62.0,166.0,1,1,1.0
202,1,616.0,352.0,58.0,167.0,1,1,1.0
203,1,605.0,353.0,59.0,167.0,1,1,1.0
204,1,588.0,354.0,73.0,166.0,1,1,1.0
205,1,573.0,355.0,87.0,164.0,1,1,1.0
206,1,563.0,357.0,96.0,163.0,1,1,1.0
207,1,557.0,358.0,99.0,163.0,1,1,1.0
208,1,544.0,359.0,107.0,162.0,1,1,1.0
210,1,540.0,357.0,101.0,164.0,1,1,1.0
211,1,539.0,356.0,99.0,165.0,1,1,1.0
212,1,533.0,356.0,95.0,169.0,1,1,1.0
213,1,516.0,357.0,101.0,170.0,1,1,1.0
214,1,504.0,359.0,99.0,169.0,1,1,1.0
215,1,494.0,361.0,99.0,167.0,1,1,1.0
216,1,488.0,363.0,98.0,165.0,1,1,1.0
217,1,483.0,365.0,96.0,165.0,1,1,1.0
218,1,481.0,365.0,82.0,165.0,1,1,1.0
219,1,479.0,365.0,75.0,166.0,1,1,1.0
220,1,474.0,364.0,65.0,167.0,1,1,1.0
221,1,467.0,364.0,62.0,167.0,1,1,1.0
222,1,460.0,364.0,62.0,166.0,1,1,1.0
223,1,447.0,366.0,72.0,165.0,1,1,1.0
224,1,431.0,367.0,85.0,164.0,1,1,1.0
225,1,418.0,368.0,95.0,164.0,1,1,1.0
226,1,409.0,370.0,100.0,164.0,1,1,1.0
227,1,403.0,371.0,102.0,164.0,1,1,1.0
228,1,398.0,372.0,100.0,163.0,1,1,1.0
229,1,397.0,371.0,93.0,164.0,1,1,1.0
230,1,395.0,370.0,92.0,166.0,1,1,1.0
231,1,389.0,369.0,92.0,169.0,1,1,1.0
232,1,377.0,369.0,94.0,170.0,1,1,1.0
234,1,354.0,374.0,98.0,167.0,1,1,1.0
235,1,344.0,375.0,96.0,166.0,1,1,1.0
236,1,340.0,377.0,95.0,166.0,1,1,1.0
237,1,336.0,378.0,90.0,166.0,1,1,1.0
238,1,335.0,378.0,79.0,167.0,1,1,1.0
239,1,334.0,378.0,68.0,167.0,1,1,1.0
240,1,330.0,378.0,53.0,167.0,1,1,1.0
241,1,321.0,378.0,53.0,166.0,1,1,1.0
242,1,312.0,379.0,59.0,165.0,1,1,1.0
243,1,294.0,380.0,76.0,165.0,1,1,1.0
244,1,282.0,382.0,88.0,164.0,1,1,1.0
245,1,272.0,386.0,97.0,161.0,1,1,1.0
246,1,264.0,388.0,103.0,160.0,1,1,1.0
247,1,259.0,389.0,107.0,159.0,1,1,1.0
248,1,257.0,387.0,98.0,161.0,1,1,1.0
249,1,259.0,385.0,84.0,163.0,1,1,1.0
250,1,256.0,384.0,78.0,166.0,1,1,1.0
251,1,249.0,386.0,72.0,165.0,1,1,1.0
252,1,237.0,386.0,79.0,166.0,1,1,1.0
253,1,226.0,386.0,92.0,167.0,1,1,1.0
254,1,218.0,388.0,93.0,165.0,1,1,1.0
255,1,212.0,390.0,92.0,164.0,1,1,1.0
256,1,209.0,390.0,88.0,165.0,1,1,1.0
257,1,208.0,391.0,65.0,163.0,1,1,1.0
258,1,206.0,392.0,63.0,162.0,1,1,1.0
259,1,201.0,392.0,64.0,162.0,1,1,1.0
260,1,197.0,394.0,68.0,160.0,1,1,1.0
261,1,188.0,394.0,73.0,159.0,1,1,1.0
262,1,175.0,395.0,78.0,159.0,1,1,1.0
263,1,162.0,396.0,83.0,158.0,1,1,1.0
264,1,152.0,397.0,91.0,157.0,1,1,1.0
265,1,146.0,398.0,94.0,158.0,1,1,1.0
266,1,142.0,399.0,93.0,157.0,1,1,1.0
267,1,141.0,399.0,88.0,157.0,1,1,1.0
268,1,142.0,397.0,79.0,158.0,1,1,1.0
269,1,140.0,397.0,71.0,159.0,1,1,1.0
270,1,136.0,396.0,67.0,161.0,1,1,1.0
271,1,129.0,397.0,70.0,162.0,1,1,1.0
272,1,120.0,398.0,74.0,161.0,1,1,1.0
273,1,112.0,401.0,81.0,159.0,1,1,1.0
274,1,106.0,402.0,81.0,159.0,1,1,1.0
275,1,102.0,403.0,83.0,159.0,1,1,1.0
276,1,101.0,403.0,78.0,159.0,1,1,1.0
277,1,99.0,403.0,74.0,159.0,1,1,1.0
279,1,90.0,403.0,64.0,159.0,1,1,1.0
280,1,85.0,403.0,55.0,158.0,1,1,1.0
281,1,79.0,404.0,51.0,158.0,1,1,1.0
282,1,73.0,406.0,58.0,155.0,1,1,1.0
283,1,66.0,408.0,64.0,154.0,1,1,1.0
284,1,58.0,409.0,71.0,153.0,1,1,1.0
285,1,53.0,409.0,73.0,153.0,1,1,1.0
286,1,52.0,410.0,70.0,153.0,1,1,1.0
287,1,51.0,409.0,61.0,153.0,1,1,1.0
288,1,47.0,409.0,62.0,154.0,1,1,1.0
289,1,43.0,408.0,56.0,155.0,1,1,1.0
290,1,40.0,407.0,57.0,156.0,1,1,1.0
291,1,34.0,408.0,55.0,155.0,1,1,1.0
292,1,26.0,409.0,60.0,154.0,1,1,1.0
293,1,21.0,411.0,65.0,153.0,1,1,1.0
294,1,17.0,412.0,68.0,153.0,1,1,1.0
296,1,3.0,403.0,75.0,165.0,1,1,1.0
297,1,0.0,399.0,72.0,168.0,1,1,1.0
298,1,1.0,404.0,61.0,163.0,1,1,1.0
299,1,0.0,407.0,53.0,160.0,1,1,1.0
300,1,0.0,408.0,49.0,157.0,1,1,1.0
301,1,0.0,410.0,48.0,155.0,1,1,1.0
302,1,0.0,411.0,47.0,152.0,1,1,1.0
303,1,0.0,413.0,43.0,152.0,1,1,1.0
304,1,0.0,414.0,42.0,150.0,1,1,1.0
305,1,0.0,413.0,42.0,149.0,1,1,1.0
306,1,0.0,413.0,41.0,146.0,1,1,1.0
307,1,0.0,411.0,45.0,147.0,1,1,1.0
308,1,0.0,407.0,43.0,150.0,1,1,1.0
335,2,0.0,398.0,48.0,142.0,1,1,1.0
336,2,0.0,396.0,48.0,143.0,1,1,1.0
337,2,0.0,394.0,47.0,134.0,1,1,1.0
338,2,0.0,394.0,44.0,136.0,1,1,1.0
339,2,0.0,393.0,39.0,139.0,1,1,1.0
340,2,0.0,392.0,37.0,140.0,1,1,1.0
341,2,0.0,391.0,36.0,140.0,1,1,1.0
342,2,0.0,390.0,37.0,144.0,1,1,1.0
343,2,0.0,390.0,38.0,143.0,1,1,1.0
344,2,0.0,390.0,37.0,139.0,1,1,1.0
345,2,0.0,389.0,48.0,131.0,1,1,1.0
346,2,2.0,388.0,50.0,127.0,1,1,1.0
347,2,9.0,386.0,44.0,119.0,1,1,1.0
348,2,10.0,383.0,44.0,127.0,1,1,1.0
349,2,15.0,382.0,40.0,129.0,1,1,1.0
350,2,18.0,382.0,44.0,129.0,1,1,1.0
351,2,20.0,382.0,43.0,130.0,1,1,1.0
352,2,23.0,382.0,40.0,129.0,1,1,1.0
353,2,26.0,382.0,39.0,128.0,1,1,1.0
354,2,31.0,381.0,37.0,125.0,1,1,1.0
355,2,36.0,378.0,35.0,126.0,1,1,1.0
356,2,38.0,376.0,36.0,120.0,1,1,1.0
357,2,43.0,376.0,36.0,123.0,1,1,1.0
358,2,49.0,374.0,39.0,123.0,1,1,1.0
359,2,53.0,373.0,46.0,126.0,1,1,1.0
360,2,56.0,373.0,54.0,127.0,1,1,1.0
361,2,58.0,373.0,55.0,127.0,1,1,1.0
362,2,59.0,373.0,61.0,126.0,1,1,1.0
363,2,63.0,372.0,61.0,124.0,1,1,1.0
365,2,77.0,369.0,51.0,123.0,1,1,1.0
366,2,86.0,367.0,42.0,123.0,1,1,1.0
367,2,90.0,366.0,40.0,124.0,1,1,1.0
368,2,95.0,365.0,37.0,126.0,1,1,1.0
370,2,102.0,365.0,54.0,125.0,1,1,1.0
371,2,104.0,365.0,60.0,126.0,1,1,1.0
372,2,105.0,364.0,63.0,125.0,1,1,1.0
373,2,109.0,363.0,61.0,124.0,1,1,1.0
374,2,113.0,361.0,58.0,124.0,1,1,1.0
375,2,115.0,359.0,58.0,125.0,1,1,1.0
376,2,119.0,358.0,57.0,124.0,1,1,1.0
377,2,123.0,357.0,56.0,124.0,1,1,1.0
378,2,130.0,356.0,61.0,123.0,1,1,1.0
379,2,139.0,355.0,63.0,125.0,1,1,1.0
380,2,145.0,355.0,66.0,125.0,1,1,1.0
381,2,148.0,355.0,68.0,124.0,1,1,1.0
382,2,153.0,354.0,68.0,123.0,1,1,1.0
383,2,159.0,352.0,67.0,123.0,1,1,1.0
384,2,161.0,353.0,68.0,121.0,1,1,1.0
385,2,174.0,351.0,56.0,122.0,1,1,1.0
386,2,183.0,350.0,48.0,124.0,1,1,1.0
387,2,189.0,350.0,45.0,122.0,1,1,1.0
388,2,194.0,351.0,52.0,121.0,1,1,1.0
391,2,201.0,353.0,61.0,118.0,1,1,1.0
392,2,206.0,351.0,58.0,119.0,1,1,1.0
393,2,210.0,348.0,54.0,120.0,1,1,1.0
394,2,215.0,348.0,49.0,119.0,1,1,1.0
395,2,223.0,348.0,44.0,117.0,1,1,1.0
396,2,231.0,343.0,45.0,121.0,1,1,1.0
397,2,238.0,346.0,52.0,118.0,1,1,1.0
398,2,242.0,342.0,59.0,122.0,1,1,1.0
399,2,244.0,341.0,66.0,124.0,1,1,1.0
400,2,246.0,340.0,69.0,123.0,1,1,1.0
401,2,250.0,340.0,67.0,122.0,1,1,1.0
402,2,257.0,339.0,62.0,121.0,1,1,1.0
403,2,266.0,338.0,59.0,121.0,1,1,1.0
404,2,277.0,336.0,50.0,122.0,1,1,1.0
405,2,284.0,334.0,43.0,125.0,1,1,1.0
406,2,289.0,332.0,43.0,127.0,1,1,1.0
407,2,293.0,331.0,51.0,127.0,1,1,1.0
409,2,296.0,333.0,62.0,125.0,1,1,1.0
410,2,297.0,333.0,65.0,124.0,1,1,1.0
413,2,308.0,330.0,56.0,122.0,1,1,1.0
414,2,321.0,330.0,46.0,120.0,1,1,1.0
415,2,328.0,330.0,47.0,119.0,1,1,1.0
416,2,337.0,329.0,50.0,119.0,1,1,1.0
417,2,342.0,328.0,59.0,120.0,1,1,1.0
418,2,344.0,327.0,67.0,122.0,1,1,1.0
419,2,346.0,327.0,70.0,121.0,1,1,1.0
420,2,349.0,326.0,68.0,121.0,1,1,1.0
422,2,365.0,323.0,58.0,121.0,1,1,1.0
423,2,377.0,322.0,49.0,121.0,1,1,1.0
424,2,385.0,321.0,44.0,119.0,1,1,1.0
425,2,390.0,321.0,42.0,120.0,1,1,1.0
426,2,392.0,322.0,47.0,120.0,1,1,1.0
427,2,393.0,323.0,52.0,120.0,1,1,1.0
428,2,393.0,322.0,63.0,121.0,1,1,1.0
429,2,397.0,321.0,64.0,121.0,1,1,1.0
430,2,401.0,321.0,62.0,120.0,1,1,1.0
431,2,410.0,322.0,51.0,117.0,1,1,1.0
432,2,419.0,319.0,47.0,118.0,1,1,1.0
433,2,426.0,318.0,42.0,117.0,1,1,1.0
434,2,434.0,317.0,42.0,119.0,1,1,1.0
435,2,440.0,317.0,43.0,118.0,1,1,1.0
436,2,444.0,316.0,47.0,118.0,1,1,1.0
437,2,445.0,316.0,52.0,118.0,1,1,1.0
438,2,446.0,316.0,56.0,118.0,1,1,1.0
439,2,449.0,317.0,59.0,117.0,1,1,1.0
440,2,456.0,316.0,55.0,116.0,1,1,1.0
441,2,465.0,314.0,49.0,116.0,1,1,1.0
442,2,472.0,313.0,45.0,115.0,1,1,1.0
443,2,484.0,311.0,38.0,106.0,1,1,1.0
444,2,491.0,310.0,37.0,102.0,1,1,1.0
445,2,495.0,310.0,36.0,101.0,1,1,1.0
446,2,499.0,311.0,37.0,99.0,1,1,1.0
449,2,515.0,309.0,45.0,129.0,1,1,1.0
450,2,520.0,308.0,44.0,134.0,1,1,1.0
452,2,533.0,306.0,36.0,137.0,1,1,1.0
453,2,537.0,306.0,38.0,137.0,1,1,1.0
454,2,544.0,305.0,44.0,124.0,1,1,1.0
456,2,549.0,305.0,61.0,117.0,1,1,1.0
457,2,551.0,305.0,65.0,116.0,1,1,1.0
458,2,553.0,305.0,66.0,116.0,1,1,1.0
459,2,560.0,305.0,61.0,115.0,1,1,1.0
460,2,568.0,305.0,54.0,115.0,1,1,1.0
461,2,576.0,304.0,49.0,115.0,1,1,1.0
462,2,587.0,303.0,42.0,116.0,1,1,1.0
463,2,594.0,302.0,40.0,117.0,1,1,1.0
464,2,597.0,301.0,48.0,118.0,1,1,1.0
465,2,599.0,301.0,56.0,118.0,1,1,1.0
466,2,600.0,302.0,64.0,116.0,1,1,1.0
467,2,601.0,302.0,67.0,117.0,1,1,1.0
468,2,604.0,302.0,65.0,116.0,1,1,1.0
469,2,613.0,302.0,58.0,114.0,1,1,1.0
470,2,623.0,301.0,49.0,115.0,1,1,1.0
471,2,632.0,300.0,42.0,116.0,1,1,1.0
472,2,639.0,300.0,38.0,116.0,1,1,1.0
473,2,643.0,299.0,44.0,116.0,1,1,1.0
474,2,646.0,299.0,53.0,116.0,1,1,1.0
475,2,648.0,300.0,61.0,115.0,1,1,1.0
476,2,649.0,301.0,66.0,114.0,1,1,1.0
477,2,651.0,301.0,66.0,114.0,1,1,1.0
478,2,657.0,300.0,63.0,115.0,1,1,1.0
479,2,667.0,299.0,55.0,115.0,1,1,1.0
480,2,678.0,299.0,45.0,115.0,1,1,1.0
481,2,685.0,297.0,42.0,116.0,1,1,1.0
482,2,690.0,297.0,41.0,117.0,1,1,1.0
483,2,695.0,297.0,46.0,117.0,1,1,1.0
484,2,698.0,298.0,54.0,116.0,1,1,1.0
485,2,699.0,299.0,62.0,116.0,1,1,1.0
486,2,700.0,299.0,65.0,116.0,1,1,1.0
487,2,702.0,299.0,66.0,116.0,1,1,1.0
488,2,708.0,299.0,61.0,116.0,1,1,1.0
489,2,716.0,298.0,53.0,116.0,1,1,1.0
490,2,726.0,297.0,45.0,117.0,1,1,1.0
491,2,733.0,297.0,42.0,118.0,1,1,1.0
492,2,738.0,297.0,45.0,118.0,1,1,1.0
493,2,740.0,299.0,51.0,117.0,1,1,1.0
494,2,744.0,299.0,55.0,117.0,1,1,1.0
495,2,743.0,300.0,64.0,117.0,1,1,1.0
496,2,747.0,301.0,63.0,117.0,1,1,1.0
497,2,755.0,301.0,61.0,117.0,1,1,1.0
498,2,764.0,301.0,53.0,118.0,1,1,1.0
499,2,771.0,300.0,45.0,119.0,1,1,1.0
500,2,777.0,299.0,39.0,120.0,1,1,1.0
501,2,781.0,298.0,38.0,120.0,1,1,1.0
502,2,786.0,299.0,42.0,120.0,1,1,1.0
503,2,790.0,300.0,49.0,119.0,1,1,1.0
504,2,791.0,301.0,58.0,119.0,1,1,1.0
505,2,792.0,302.0,61.0,119.0,1,1,1.0
506,2,793.0,302.0,63.0,119.0,1,1,1.0
507,2,797.0,302.0,60.0,119.0,1,1,1.0
508,2,803.0,301.0,56.0,120.0,1,1,1.0
509,2,812.0,300.0,50.0,121.0,1,1,1.0
510,2,819.0,300.0,45.0,122.0,1,1,1.0
511,2,823.0,300.0,47.0,123.0,1,1,1.0
512,2,824.0,302.0,57.0,123.0,1,1,1.0
513,2,820.0,303.0,69.0,122.0,1,1,1.0
514,2,818.0,304.0,79.0,122.0,1,1,1.0
515,2,822.0,304.0,80.0,123.0,1,1,1.0
516,2,826.0,305.0,80.0,123.0,1,1,1.0
517,2,836.0,305.0,70.0,123.0,1,1,1.0
518,2,848.0,304.0,56.0,124.0,1,1,1.0
519,2,857.0,303.0,44.0,124.0,1,1,1.0
520,2,863.0,303.0,41.0,125.0,1,1,1.0
521,2,868.0,303.0,44.0,125.0,1,1,1.0
522,2,872.0,303.0,51.0,126.0,1,1,1.0
523,2,874.0,304.0,57.0,126.0,1,1,1.0
524,2,874.0,305.0,60.0,126.0,1,1,1.0
525,2,876.0,304.0,62.0,127.0,1,1,1.0
526,2,879.0,305.0,60.0,128.0,1,1,1.0
527,2,885.0,304.0,56.0,129.0,1,1,1.0
528,2,892.0,303.0,51.0,129.0,1,1,1.0
529,2,900.0,303.0,48.0,130.0,1,1,1.0
530,2,902.0,304.0,52.0,131.0,1,1,1.0
531,2,900.0,304.0,62.0,132.0,1,1,1.0
532,2,899.0,306.0,70.0,131.0,1,1,1.0
533,2,900.0,306.0,77.0,132.0,1,1,1.0
534,2,906.0,307.0,79.0,132.0,1,1,1.0
535,2,910.0,307.0,79.0,134.0,1,1,1.0
536,2,921.0,308.0,70.0,134.0,1,1,1.0
537,2,931.0,308.0,60.0,134.0,1,1,1.0
538,2,939.0,307.0,50.0,134.0,1,1,1.0
539,2,946.0,309.0,44.0,132.0,1,1,1.0
540,2,950.0,311.0,48.0,131.0,1,1,1.0
541,2,952.0,312.0,56.0,132.0,1,1,1.0
542,2,955.0,313.0,61.0,132.0,1,1,1.0
543,2,957.0,314.0,63.0,131.0,1,1,1.0
544,2,960.0,315.0,64.0,132.0,1,1,1.0
545,2,963.0,315.0,63.0,132.0,1,1,1.0
546,2,969.0,315.0,62.0,132.0,1,1,1.0
547,2,976.0,314.0,60.0,133.0,1,1,1.0
548,2,985.0,314.0,56.0,134.0,1,1,1.0
549,2,989.0,315.0,56.0,135.0,1,1,1.0
550,2,991.0,315.0,60.0,137.0,1,1,1.0
551,2,994.0,316.0,65.0,137.0,1,1,1.0
552,2,994.0,318.0,76.0,137.0,1,1,1.0
553,2,1000.0,318.0,76.0,138.0,1,1,1.0
554,2,1002.0,318.0,75.0,139.0,1,1,1.0
555,2,1008.0,319.0,68.0,139.0,1,1,1.0
556,2,1021.0,318.0,56.0,140.0,1,1,1.0
557,2,1025.0,318.0,52.0,141.0,1,1,1.0
558,2,1033.0,317.0,47.0,142.0,1,1,1.0
559,2,1034.0,317.0,56.0,142.0,1,1,1.0
560,2,1037.0,318.0,65.0,142.0,1,1,1.0
561,2,1039.0,320.0,73.0,141.0,1,1,1.0
562,2,1041.0,321.0,77.0,141.0,1,1,1.0
563,2,1044.0,322.0,76.0,142.0,1,1,1.0
564,2,1050.0,321.0,72.0,143.0,1,1,1.0
565,2,1059.0,321.0,67.0,143.0,1,1,1.0
566,2,1067.0,320.0,64.0,144.0,1,1,1.0
567,2,1080.0,319.0,54.0,146.0,1,1,1.0
568,2,1087.0,320.0,58.0,147.0,1,1,1.0
569,2,1088.0,321.0,63.0,148.0,1,1,1.0
570,2,1090.0,322.0,73.0,148.0,1,1,1.0
571,2,1094.0,323.0,79.0,148.0,1,1,1.0
572,2,1098.0,323.0,83.0,150.0,1,1,1.0
573,2,1099.0,324.0,85.0,150.0,1,1,1.0
575,2,1129.0,323.0,55.0,150.0,1,1,1.0
576,2,1139.0,322.0,48.0,149.0,1,1,1.0
577,2,1148.0,322.0,46.0,150.0,1,1,1.0
578,2,1152.0,322.0,58.0,152.0,1,1,1.0
579,2,1152.0,324.0,73.0,152.0,1,1,1.0
580,2,1152.0,325.0,82.0,152.0,1,1,1.0
581,2,1153.0,326.0,86.0,153.0,1,1,1.0
582,2,1157.0,326.0,84.0,153.0,1,1,1.0
583,2,1163.0,326.0,80.0,153.0,1,1,1.0
584,2,1171.0,325.0,76.0,155.0,1,1,1.0
585,2,1179.0,325.0,74.0,155.0,1,1,1.0
586,2,1197.0,325.0,63.0,157.0,1,1,1.0
587,2,1205.0,326.0,59.0,158.0,1,1,1.0
588,2,1208.0,327.0,69.0,159.0,1,1,1.0
589,2,1211.0,329.0,78.0,158.0,1,1,1.0
590,2,1215.0,331.0,81.0,159.0,1,1,1.0
591,2,1221.0,332.0,81.0,161.0,1,1,1.0
592,2,1233.0,333.0,72.0,161.0,1,1,1.0
593,2,1247.0,333.0,64.0,161.0,1,1,1.0
594,2,1264.0,333.0,54.0,161.0,1,1,1.0
595,2,1272.0,333.0,53.0,161.0,1,1,1.0
596,2,1276.0,333.0,57.0,161.0,1,1,1.0
597,2,1275.0,334.0,70.0,162.0,1,1,1.0
598,2,1275.0,336.0,83.0,162.0,1,1,1.0
599,2,1275.0,338.0,91.0,162.0,1,1,1.0
600,2,1278.0,340.0,96.0,162.0,1,1,1.0
601,2,1284.0,341.0,97.0,163.0,1,1,1.0
602,2,1291.0,341.0,94.0,164.0,1,1,1.0
603,2,1299.0,342.0,92.0,163.0,1,1,1.0
604,2,1309.0,342.0,86.0,164.0,1,1,1.0
605,2,1325.0,342.0,72.0,166.0,1,1,1.0
606,2,1338.0,343.0,64.0,168.0,1,1,1.0
607,2,1327.0,345.0,98.0,169.0,1,1,1.0
608,2,1334.0,347.0,104.0,169.0,1,1,1.0
609,2,1341.0,349.0,109.0,169.0,1,1,1.0
610,2,1350.0,351.0,109.0,169.0,1,1,1.0
611,2,1355.0,352.0,107.0,169.0,1,1,1.0
612,2,1376.0,352.0,86.0,168.0,1,1,1.0
613,2,1397.0,352.0,63.0,169.0,1,1,1.0
614,2,1408.0,352.0,55.0,169.0,1,1,1.0
615,2,1411.0,352.0,61.0,170.0,1,1,1.0
616,2,1414.0,354.0,73.0,171.0,1,1,1.0
