1,1,1135.0,74.0,78.0,149.0,1,1,1.0
2,1,1123.0,76.0,90.0,148.0,1,1,1.0
3,1,1120.0,77.0,92.0,148.0,1,1,1.0
4,1,1119.0,77.0,87.0,148.0,1,1,1.0
5,1,1118.0,77.0,78.0,148.0,1,1,1.0
6,1,1118.0,76.0,63.0,150.0,1,1,1.0
7,1,1117.0,75.0,50.0,150.0,1,1,1.0
8,1,1112.0,74.0,42.0,152.0,1,1,1.0
9,1,1104.0,74.0,44.0,154.0,1,1,1.0
10,1,1087.0,75.0,58.0,155.0,1,1,1.0
11,1,1074.0,76.0,74.0,156.0,1,1,1.0
12,1,1067.0,78.0,76.0,155.0,1,1,1.0
13,1,1062.0,78.0,79.0,156.0,1,1,1.0
14,1,1059.0,78.0,75.0,156.0,1,1,1.0
15,1,1058.0,77.0,62.0,158.0,1,1,1.0
16,1,1054.0,76.0,48.0,159.0,1,1,1.0
17,1,1046.0,76.0,46.0,159.0,1,1,1.0
18,1,1035.0,76.0,54.0,158.0,1,1,1.0
19,1,1018.0,78.0,71.0,158.0,1,1,1.0
20,1,1002.0,79.0,85.0,159.0,1,1,1.0
21,1,993.0,81.0,92.0,159.0,1,1,1.0
22,1,988.0,81.0,93.0,159.0,1,1,1.0
23,1,985.0,82.0,87.0,160.0,1,1,1.0
24,1,985.0,81.0,74.0,160.0,1,1,1.0
25,1,983.0,81.0,60.0,160.0,1,1,1.0
26,1,977.0,80.0,48.0,162.0,1,1,1.0
27,1,971.0,80.0,51.0,164.0,1,1,1.0
28,1,953.0,81.0,69.0,165.0,1,1,1.0
29,1,937.0,83.0,83.0,165.0,1,1,1.0
30,1,927.0,85.0,90.0,164.0,1,1,1.0
31,1,920.0,86.0,89.0,165.0,1,1,1.0
32,1,918.0,87.0,79.0,164.0,1,1,1.0
33,1,917.0,87.0,65.0,164.0,1,1,1.0
34,1,912.0,87.0,51.0,165.0,1,1,1.0
35,1,904.0,86.0,49.0,165.0,1,1,1.0
36,1,891.0,87.0,58.0,164.0,1,1,1.0
37,1,873.0,89.0,75.0,165.0,1,1,1.0
38,1,856.0,90.0,90.0,166.0,1,1,1.0
39,1,845.0,92.0,99.0,166.0,1,1,1.0
40,1,839.0,94.0,101.0,166.0,1,1,1.0
41,1,836.0,95.0,94.0,165.0,1,1,1.0
42,1,835.0,96.0,79.0,165.0,1,1,1.0
43,1,835.0,95.0,62.0,166.0,1,1,1.0
44,1,829.0,95.0,48.0,166.0,1,1,1.0
45,1,819.0,95.0,51.0,167.0,1,1,1.0
46,1,801.0,96.0,69.0,169.0,1,1,1.0
47,1,782.0,97.0,86.0,171.0,1,1,1.0
48,1,771.0,100.0,96.0,169.0,1,1,1.0
49,1,765.0,102.0,98.0,169.0,1,1,1.0
50,1,760.0,103.0,92.0,167.0,1,1,1.0
51,1,758.0,103.0,80.0,168.0,1,1,1.0
52,1,754.0,102.0,61.0,169.0,1,1,1.0
53,1,747.0,102.0,51.0,169.0,1,1,1.0
54,1,738.0,102.0,55.0,169.0,1,1,1.0
55,1,720.0,103.0,71.0,170.0,1,1,1.0
56,1,702.0,105.0,89.0,170.0,1,1,1.0
57,1,689.0,107.0,101.0,170.0,1,1,1.0
58,1,681.0,110.0,105.0,169.0,1,1,1.0
59,1,671.0,111.0,104.0,168.0,1,1,1.0
60,1,667.0,112.0,94.0,168.0,1,1,1.0
61,1,668.0,111.0,75.0,167.0,1,1,1.0
62,1,664.0,112.0,60.0,168.0,1,1,1.0
63,1,655.0,112.0,55.0,172.0,1,1,1.0
64,1,642.0,113.0,65.0,173.0,1,1,1.0
65,1,624.0,115.0,82.0,173.0,1,1,1.0
66,1,611.0,118.0,95.0,172.0,1,1,1.0
67,1,603.0,120.0,99.0,172.0,1,1,1.0
68,1,600.0,121.0,91.0,172.0,1,1,1.0
69,1,597.0,122.0,79.0,171.0,1,1,1.0
70,1,591.0,121.0,67.0,172.0,1,1,1.0
71,1,583.0,121.0,54.0,172.0,1,1,1.0
72,1,574.0,121.0,58.0,173.0,1,1,1.0
73,1,557.0,122.0,73.0,173.0,1,1,1.0
74,1,538.0,125.0,91.0,172.0,1,1,1.0
75,1,523.0,127.0,105.0,173.0,1,1,1.0
76,1,513.0,128.0,112.0,173.0,1,1,1.0
77,1,505.0,131.0,109.0,171.0,1,1,1.0
78,1,502.0,132.0,98.0,170.0,1,1,1.0
79,1,503.0,132.0,79.0,171.0,1,1,1.0
80,1,499.0,131.0,63.0,172.0,1,1,1.0
81,1,491.0,132.0,57.0,174.0,1,1,1.0
82,1,480.0,133.0,65.0,175.0,1,1,1.0
83,1,463.0,135.0,81.0,176.0,1,1,1.0
84,1,446.0,139.0,95.0,175.0,1,1,1.0
85,1,438.0,143.0,100.0,172.0,1,1,1.0
86,1,435.0,144.0,95.0,172.0,1,1,1.0
87,1,432.0,144.0,85.0,172.0,1,1,1.0
88,1,425.0,145.0,75.0,172.0,1,1,1.0
89,1,419.0,144.0,61.0,172.0,1,1,1.0
90,1,411.0,145.0,58.0,172.0,1,1,1.0
91,1,398.0,146.0,68.0,172.0,1,1,1.0
92,1,377.0,148.0,87.0,171.0,1,1,1.0
93,1,364.0,150.0,98.0,171.0,1,1,1.0
94,1,350.0,153.0,109.0,170.0,1,1,1.0
95,1,340.0,155.0,110.0,169.0,1,1,1.0
96,1,335.0,159.0,101.0,166.0,1,1,1.0
97,1,335.0,159.0,84.0,165.0,1,1,1.0
98,1,334.0,159.0,66.0,167.0,1,1,1.0
99,1,328.0,159.0,58.0,170.0,1,1,1.0
100,1,320.0,160.0,64.0,172.0,1,1,1.0
101,1,304.0,162.0,78.0,173.0,1,1,1.0
102,1,290.0,165.0,91.0,173.0,1,1,1.0
103,1,283.0,168.0,97.0,171.0,1,1,1.0
104,1,279.0,171.0,94.0,170.0,1,1,1.0
105,1,275.0,172.0,85.0,170.0,1,1,1.0
106,1,269.0,172.0,77.0,170.0,1,1,1.0
107,1,263.0,173.0,64.0,168.0,1,1,1.0
108,1,256.0,173.0,57.0,169.0,1,1,1.0
109,1,241.0,173.0,67.0,169.0,1,1,1.0
110,1,229.0,176.0,77.0,169.0,1,1,1.0
111,1,217.0,179.0,88.0,169.0,1,1,1.0
112,1,201.0,181.0,102.0,169.0,1,1,1.0
113,1,190.0,183.0,107.0,169.0,1,1,1.0
114,1,183.0,185.0,102.0,168.0,1,1,1.0
115,1,180.0,188.0,81.0,166.0,1,1,1.0
116,1,184.0,188.0,66.0,166.0,1,1,1.0
117,1,183.0,190.0,52.0,165.0,1,1,1.0
118,1,177.0,190.0,56.0,169.0,1,1,1.0
119,1,163.0,192.0,68.0,172.0,1,1,1.0
120,1,150.0,194.0,80.0,172.0,1,1,1.0
121,1,142.0,198.0,87.0,170.0,1,1,1.0
122,1,137.0,201.0,87.0,169.0,1,1,1.0
123,1,135.0,204.0,80.0,166.0,1,1,1.0
124,1,132.0,206.0,69.0,165.0,1,1,1.0
125,1,125.0,207.0,61.0,163.0,1,1,1.0
126,1,119.0,208.0,51.0,162.0,1,1,1.0
127,1,109.0,209.0,55.0,163.0,1,1,1.0
128,1,98.0,211.0,64.0,163.0,1,1,1.0
129,1,85.0,216.0,76.0,160.0,1,1,1.0
130,1,74.0,220.0,86.0,159.0,1,1,1.0
131,1,64.0,221.0,93.0,160.0,1,1,1.0
132,1,57.0,223.0,91.0,159.0,1,1,1.0
133,1,55.0,225.0,77.0,154.0,1,1,1.0
134,1,59.0,227.0,62.0,152.0,1,1,1.0
135,1,58.0,227.0,48.0,154.0,1,1,1.0
136,1,50.0,227.0,49.0,158.0,1,1,1.0
137,1,42.0,227.0,56.0,163.0,1,1,1.0
138,1,32.0,229.0,67.0,164.0,1,1,1.0
139,1,22.0,232.0,75.0,164.0,1,1,1.0
140,1,17.0,235.0,78.0,163.0,1,1,1.0
141,1,14.0,236.0,77.0,163.0,1,1,1.0
142,1,10.0,237.0,71.0,163.0,1,1,1.0
143,1,5.0,238.0,63.0,162.0,1,1,1.0
144,1,0.0,238.0,54.0,162.0,1,1,1.0
145,1,0.0,239.0,46.0,161.0,1,1,1.0
146,1,0.0,240.0,43.0,161.0,1,1,1.0
147,1,0.0,242.0,42.0,160.0,1,1,1.0
148,1,0.0,259.0,41.0,142.0,1,1,1.0
225,2,0.0,229.0,42.0,139.0,1,1,1.0
226,2,0.0,229.0,53.0,137.0,1,1,1.0
227,2,0.0,226.0,61.0,140.0,1,1,1.0
228,2,0.0,224.0,68.0,139.0,1,1,1.0
229,2,3.0,222.0,68.0,140.0,1,1,1.0
230,2,10.0,220.0,61.0,138.0,1,1,1.0
231,2,19.0,220.0,51.0,133.0,1,1,1.0
232,2,28.0,218.0,42.0,133.0,1,1,1.0
233,2,32.0,219.0,43.0,131.0,1,1,1.0
234,2,38.0,218.0,49.0,132.0,1,1,1.0
235,2,42.0,217.0,58.0,133.0,1,1,1.0
236,2,46.0,217.0,65.0,133.0,1,1,1.0
237,2,49.0,213.0,70.0,136.0,1,1,1.0
238,2,52.0,212.0,70.0,135.0,1,1,1.0
239,2,58.0,212.0,64.0,133.0,1,1,1.0
240,2,68.0,209.0,56.0,130.0,1,1,1.0
241,2,75.0,200.0,48.0,137.0,1,1,1.0
242,2,84.0,198.0,42.0,135.0,1,1,1.0
243,2,90.0,197.0,45.0,131.0,1,1,1.0
244,2,96.0,198.0,52.0,132.0,1,1,1.0
245,2,100.0,191.0,62.0,139.0,1,1,1.0
246,2,102.0,191.0,70.0,139.0,1,1,1.0
247,2,104.0,191.0,73.0,138.0,1,1,1.0
248,2,109.0,190.0,71.0,136.0,1,1,1.0
249,2,118.0,185.0,63.0,138.0,1,1,1.0
250,2,128.0,183.0,52.0,136.0,1,1,1.0
251,2,136.0,180.0,45.0,136.0,1,1,1.0
252,2,142.0,183.0,42.0,132.0,1,1,1.0
253,2,148.0,183.0,49.0,132.0,1,1,1.0
254,2,151.0,183.0,61.0,132.0,1,1,1.0
255,2,152.0,176.0,71.0,139.0,1,1,1.0
256,2,157.0,177.0,73.0,136.0,1,1,1.0
257,2,161.0,173.0,71.0,140.0,1,1,1.0
258,2,170.0,171.0,64.0,139.0,1,1,1.0
259,2,180.0,170.0,54.0,135.0,1,1,1.0
260,2,188.0,171.0,45.0,130.0,1,1,1.0
261,2,196.0,164.0,43.0,133.0,1,1,1.0
262,2,201.0,161.0,48.0,136.0,1,1,1.0
263,2,207.0,159.0,57.0,138.0,1,1,1.0
264,2,210.0,158.0,67.0,140.0,1,1,1.0
265,2,212.0,157.0,74.0,139.0,1,1,1.0
266,2,215.0,157.0,76.0,139.0,1,1,1.0
267,2,222.0,158.0,71.0,134.0,1,1,1.0
268,2,232.0,156.0,62.0,133.0,1,1,1.0
269,2,243.0,153.0,51.0,133.0,1,1,1.0
270,2,250.0,152.0,44.0,133.0,1,1,1.0
271,2,256.0,154.0,44.0,129.0,1,1,1.0
272,2,262.0,153.0,53.0,129.0,1,1,1.0
273,2,267.0,148.0,62.0,134.0,1,1,1.0
274,2,270.0,146.0,71.0,137.0,1,1,1.0
275,2,271.0,147.0,76.0,136.0,1,1,1.0
276,2,275.0,145.0,75.0,137.0,1,1,1.0
277,2,283.0,143.0,68.0,137.0,1,1,1.0
278,2,293.0,140.0,57.0,136.0,1,1,1.0
279,2,303.0,138.0,48.0,136.0,1,1,1.0
280,2,309.0,136.0,49.0,136.0,1,1,1.0
281,2,316.0,136.0,52.0,135.0,1,1,1.0
282,2,323.0,135.0,58.0,136.0,1,1,1.0
283,2,326.0,136.0,67.0,136.0,1,1,1.0
284,2,328.0,136.0,73.0,135.0,1,1,1.0
285,2,331.0,135.0,75.0,136.0,1,1,1.0
286,2,341.0,133.0,67.0,137.0,1,1,1.0
287,2,353.0,130.0,53.0,139.0,1,1,1.0
288,2,361.0,126.0,46.0,145.0,1,1,1.0
289,2,368.0,124.0,43.0,147.0,1,1,1.0
290,2,374.0,123.0,50.0,146.0,1,1,1.0
291,2,378.0,124.0,62.0,143.0,1,1,1.0
292,2,380.0,125.0,74.0,141.0,1,1,1.0
293,2,385.0,125.0,77.0,139.0,1,1,1.0
294,2,387.0,125.0,80.0,138.0,1,1,1.0
295,2,396.0,122.0,72.0,138.0,1,1,1.0
296,2,408.0,125.0,60.0,134.0,1,1,1.0
297,2,420.0,121.0,47.0,135.0,1,1,1.0
298,2,429.0,119.0,44.0,136.0,1,1,1.0
299,2,435.0,118.0,50.0,136.0,1,1,1.0
300,2,440.0,118.0,61.0,136.0,1,1,1.0
301,2,443.0,119.0,71.0,135.0,1,1,1.0
302,2,446.0,118.0,77.0,136.0,1,1,1.0
303,2,451.0,117.0,76.0,135.0,1,1,1.0
304,2,460.0,114.0,68.0,137.0,1,1,1.0
305,2,471.0,112.0,57.0,139.0,1,1,1.0
306,2,482.0,111.0,47.0,139.0,1,1,1.0
307,2,489.0,109.0,46.0,140.0,1,1,1.0
308,2,494.0,109.0,55.0,139.0,1,1,1.0
309,2,499.0,109.0,66.0,139.0,1,1,1.0
310,2,502.0,110.0,76.0,138.0,1,1,1.0
311,2,506.0,110.0,80.0,138.0,1,1,1.0
312,2,510.0,109.0,80.0,139.0,1,1,1.0
313,2,516.0,109.0,75.0,139.0,1,1,1.0
314,2,526.0,107.0,65.0,140.0,1,1,1.0
315,2,540.0,105.0,51.0,141.0,1,1,1.0
316,2,550.0,102.0,49.0,143.0,1,1,1.0
317,2,558.0,101.0,51.0,143.0,1,1,1.0
318,2,560.0,102.0,63.0,142.0,1,1,1.0
319,2,564.0,102.0,72.0,142.0,1,1,1.0
320,2,567.0,103.0,78.0,141.0,1,1,1.0
321,2,572.0,103.0,78.0,141.0,1,1,1.0
322,2,580.0,102.0,74.0,142.0,1,1,1.0
323,2,590.0,101.0,66.0,143.0,1,1,1.0
324,2,604.0,98.0,50.0,145.0,1,1,1.0
325,2,613.0,97.0,46.0,146.0,1,1,1.0
326,2,621.0,96.0,50.0,147.0,1,1,1.0
327,2,621.0,96.0,67.0,147.0,1,1,1.0
328,2,625.0,97.0,77.0,145.0,1,1,1.0
329,2,629.0,97.0,84.0,146.0,1,1,1.0
330,2,632.0,97.0,86.0,146.0,1,1,1.0
331,2,640.0,96.0,80.0,146.0,1,1,1.0
332,2,651.0,95.0,69.0,146.0,1,1,1.0
333,2,666.0,95.0,53.0,146.0,1,1,1.0
334,2,678.0,93.0,46.0,147.0,1,1,1.0
335,2,686.0,92.0,51.0,149.0,1,1,1.0
336,2,690.0,91.0,62.0,149.0,1,1,1.0
337,2,691.0,94.0,76.0,147.0,1,1,1.0
338,2,693.0,95.0,85.0,145.0,1,1,1.0
339,2,697.0,95.0,87.0,145.0,1,1,1.0
340,2,706.0,95.0,83.0,145.0,1,1,1.0
341,2,717.0,93.0,73.0,147.0,1,1,1.0
342,2,734.0,90.0,54.0,150.0,1,1,1.0
343,2,745.0,89.0,47.0,151.0,1,1,1.0
344,2,754.0,88.0,48.0,151.0,1,1,1.0
345,2,758.0,89.0,61.0,150.0,1,1,1.0
346,2,756.0,91.0,78.0,149.0,1,1,1.0
347,2,760.0,91.0,87.0,149.0,1,1,1.0
348,2,764.0,91.0,90.0,149.0,1,1,1.0
349,2,769.0,91.0,88.0,149.0,1,1,1.0
350,2,778.0,90.0,79.0,148.0,1,1,1.0
351,2,793.0,88.0,64.0,150.0,1,1,1.0
352,2,810.0,86.0,48.0,152.0,1,1,1.0
353,2,820.0,85.0,49.0,153.0,1,1,1.0
354,2,827.0,85.0,55.0,154.0,1,1,1.0
355,2,827.0,86.0,72.0,153.0,1,1,1.0
356,2,827.0,86.0,86.0,153.0,1,1,1.0
357,2,830.0,87.0,90.0,153.0,1,1,1.0
358,2,841.0,87.0,85.0,153.0,1,1,1.0
359,2,853.0,86.0,74.0,154.0,1,1,1.0
360,2,869.0,86.0,57.0,155.0,1,1,1.0
361,2,879.0,84.0,48.0,156.0,1,1,1.0
362,2,888.0,83.0,47.0,157.0,1,1,1.0
363,2,892.0,81.0,58.0,159.0,1,1,1.0
364,2,895.0,82.0,71.0,157.0,1,1,1.0
365,2,895.0,83.0,83.0,157.0,1,1,1.0
366,2,895.0,84.0,89.0,156.0,1,1,1.0
367,2,899.0,84.0,89.0,156.0,1,1,1.0
368,2,903.0,83.0,86.0,157.0,1,1,1.0
369,2,919.0,83.0,70.0,157.0,1,1,1.0
370,2,936.0,81.0,52.0,158.0,1,1,1.0
371,2,947.0,81.0,46.0,159.0,1,1,1.0
372,2,955.0,80.0,50.0,160.0,1,1,1.0
373,2,958.0,80.0,61.0,160.0,1,1,1.0
374,2,958.0,81.0,76.0,159.0,1,1,1.0
375,2,959.0,82.0,84.0,159.0,1,1,1.0
376,2,956.0,82.0,93.0,160.0,1,1,1.0
377,2,966.0,83.0,87.0,160.0,1,1,1.0
378,2,978.0,83.0,77.0,160.0,1,1,1.0
379,2,992.0,82.0,62.0,161.0,1,1,1.0
380,2,1005.0,81.0,48.0,162.0,1,1,1.0
381,2,1013.0,80.0,46.0,163.0,1,1,1.0
382,2,1019.0,80.0,48.0,162.0,1,1,1.0
383,2,1021.0,81.0,60.0,162.0,1,1,1.0
384,2,1022.0,82.0,75.0,162.0,1,1,1.0
385,2,1021.0,84.0,88.0,161.0,1,1,1.0
386,2,1020.0,85.0,96.0,160.0,1,1,1.0
387,2,1025.0,85.0,95.0,161.0,1,1,1.0
388,2,1036.0,86.0,85.0,161.0,1,1,1.0
389,2,1050.0,85.0,70.0,160.0,1,1,1.0
390,2,1066.0,84.0,55.0,162.0,1,1,1.0
391,2,1082.0,83.0,46.0,165.0,1,1,1.0
392,2,1089.0,83.0,49.0,167.0,1,1,1.0
393,2,1091.0,84.0,64.0,167.0,1,1,1.0
394,2,1091.0,86.0,83.0,167.0,1,1,1.0
395,2,1092.0,88.0,94.0,166.0,1,1,1.0
396,2,1092.0,89.0,100.0,166.0,1,1,1.0
397,2,1102.0,90.0,95.0,166.0,1,1,1.0
398,2,1119.0,90.0,77.0,166.0,1,1,1.0
399,2,1145.0,90.0,54.0,166.0,1,1,1.0
400,2,1159.0,90.0,47.0,166.0,1,1,1.0
401,2,1164.0,90.0,53.0,166.0,1,1,1.0
402,2,1166.0,90.0,65.0,165.0,1,1,1.0
403,2,1166.0,92.0,80.0,165.0,1,1,1.0
404,2,1168.0,93.0,94.0,165.0,1,1,1.0
405,2,1168.0,95.0,101.0,164.0,1,1,1.0
406,2,1178.0,96.0,95.0,163.0,1,1,1.0
407,2,1194.0,97.0,79.0,163.0,1,1,1.0
408,2,1213.0,96.0,62.0,163.0,1,1,1.0
409,2,1233.0,95.0,50.0,166.0,1,1,1.0
410,2,1243.0,95.0,56.0,169.0,1,1,1.0
411,2,1246.0,96.0,69.0,170.0,1,1,1.0
412,2,1245.0,97.0,88.0,169.0,1,1,1.0
413,2,1245.0,99.0,100.0,170.0,1,1,1.0
414,2,1252.0,100.0,102.0,170.0,1,1,1.0
415,2,1262.0,102.0,96.0,169.0,1,1,1.0
416,2,1277.0,103.0,88.0,169.0,1,1,1.0
417,2,1295.0,103.0,69.0,168.0,1,1,1.0
418,2,1313.0,102.0,51.0,169.0,1,1,1.0
419,2,1317.0,102.0,53.0,169.0,1,1,1.0
420,2,1317.0,102.0,68.0,170.0,1,1,1.0
421,2,1318.0,104.0,84.0,169.0,1,1,1.0
422,2,1320.0,106.0,94.0,169.0,1,1,1.0
423,2,1326.0,108.0,93.0,168.0,1,1,1.0
425,2,1350.0,109.0,72.0,167.0,1,1,1.0
426,2,1368.0,109.0,55.0,166.0,1,1,1.0
427,2,1386.0,109.0,50.0,168.0,1,1,1.0
428,2,1392.0,109.0,60.0,171.0,1,1,1.0
429,2,1393.0,110.0,73.0,173.0,1,1,1.0
430,2,1395.0,112.0,83.0,173.0,1,1,1.0
431,2,1395.0,114.0,92.0,173.0,1,1,1.0
432,2,1398.0,116.0,97.0,173.0,1,1,1.0
433,2,1408.0,118.0,92.0,172.0,1,1,1.0
434,2,1418.0,119.0,83.0,171.0,1,1,1.0
435,2,1434.0,121.0,67.0,169.0,1,1,1.0
436,2,1452.0,121.0,52.0,168.0,1,1,1.0
437,2,1461.0,120.0,50.0,169.0,1,1,1.0
438,2,1462.0,120.0,60.0,172.0,1,1,1.0
439,2,1462.0,121.0,77.0,173.0,1,1,1.0
440,2,1461.0,124.0,90.0,173.0,1,1,1.0
441,2,1457.0,126.0,101.0,174.0,1,1,1.0
442,2,1465.0,128.0,95.0,170.0,1,1,1.0
443,2,1478.0,130.0,83.0,169.0,1,1,1.0
444,2,1494.0,130.0,70.0,171.0,1,1,1.0
445,2,1512.0,131.0,59.0,171.0,1,1,1.0
446,2,1529.0,131.0,49.0,173.0,1,1,1.0
447,2,1533.0,131.0,58.0,177.0,1,1,1.0
448,2,1535.0,133.0,70.0,179.0,1,1,1.0
449,2,1535.0,135.0,83.0,179.0,1,1,1.0
450,2,1536.0,137.0,92.0,178.0,1,1,1.0
451,2,1539.0,140.0,95.0,176.0,1,1,1.0
452,2,1540.0,141.0,95.0,175.0,1,1,1.0
453,2,1560.0,142.0,77.0,174.0,1,1,1.0
454,2,1581.0,142.0,60.0,174.0,1,1,1.0
455,2,1596.0,142.0,52.0,174.0,1,1,1.0
456,2,1600.0,142.0,55.0,175.0,1,1,1.0
457,2,1601.0,143.0,67.0,176.0,1,1,1.0
458,2,1601.0,146.0,79.0,176.0,1,1,1.0
459,2,1605.0,149.0,80.0,173.0,1,1,1.0
460,2,1611.0,151.0,75.0,172.0,1,1,1.0
461,2,1623.0,153.0,66.0,169.0,1,1,1.0
462,2,1637.0,153.0,56.0,168.0,1,1,1.0
463,2,1650.0,154.0,49.0,170.0,1,1,1.0
464,2,1658.0,154.0,48.0,175.0,1,1,1.0
465,2,1660.0,155.0,54.0,180.0,1,1,1.0
466,2,1659.0,156.0,65.0,182.0,1,1,1.0
467,2,1657.0,158.0,73.0,183.0,1,1,1.0
468,2,1660.0,160.0,74.0,182.0,1,1,1.0
469,2,1664.0,163.0,72.0,181.0,1,1,1.0
470,2,1672.0,164.0,64.0,179.0,1,1,1.0
471,2,1681.0,164.0,58.0,179.0,1,1,1.0
472,2,1694.0,164.0,49.0,179.0,1,1,1.0
473,2,1705.0,163.0,42.0,179.0,1,1,1.0
474,2,1709.0,164.0,42.0,179.0,1,1,1.0
475,2,1710.0,164.0,48.0,179.0,1,1,1.0
476,2,1711.0,165.0,53.0,181.0,1,1,1.0
477,2,1712.0,166.0,57.0,181.0,1,1,1.0
478,2,1710.0,168.0,60.0,180.0,1,1,1.0
479,2,1712.0,169.0,59.0,178.0,1,1,1.0
480,2,1718.0,169.0,56.0,177.0,1,1,1.0
481,2,1726.0,169.0,50.0,176.0,1,1,1.0
482,2,1733.0,169.0,46.0,175.0,1,1,1.0
483,2,1736.0,169.0,47.0,169.0,1,1,1.0
484,2,1739.0,169.0,50.0,174.0,1,1,1.0
485,2,1740.0,168.0,55.0,179.0,1,1,1.0
486,2,1741.0,167.0,60.0,182.0,1,1,1.0
487,2,1741.0,167.0,63.0,184.0,1,1,1.0
488,2,1742.0,168.0,67.0,184.0,1,1,1.0
489,2,1742.0,168.0,70.0,175.0,1,1,1.0
490,2,1741.0,168.0,73.0,170.0,1,1,1.0
491,2,1741.0,168.0,79.0,172.0,1,1,1.0
492,2,1740.0,170.0,84.0,178.0,1,1,1.0
493,2,1738.0,170.0,88.0,180.0,1,1,1.0
494,2,1738.0,171.0,91.0,184.0,1,1,1.0
495,2,1739.0,172.0,89.0,186.0,1,1,1.0
496,2,1743.0,174.0,87.0,187.0,1,1,1.0
497,2,1744.0,176.0,86.0,189.0,1,1,1.0
498,2,1745.0,176.0,85.0,191.0,1,1,1.0
499,2,1745.0,179.0,85.0,191.0,1,1,1.0
500,2,1745.0,181.0,85.0,188.0,1,1,1.0
501,2,1745.0,184.0,87.0,186.0,1,1,1.0
502,2,1746.0,185.0,88.0,185.0,1,1,1.0
503,2,1749.0,185.0,88.0,185.0,1,1,1.0
504,2,1751.0,186.0,88.0,184.0,1,1,1.0
505,2,1756.0,186.0,89.0,184.0,1,1,1.0
506,2,1765.0,186.0,83.0,183.0,1,1,1.0
507,2,1783.0,188.0,68.0,182.0,1,1,1.0
508,2,1792.0,188.0,62.0,181.0,1,1,1.0
509,2,1793.0,188.0,61.0,181.0,1,1,1.0
510,2,1794.0,188.0,62.0,180.0,1,1,1.0
511,2,1797.0,189.0,60.0,180.0,1,1,1.0
512,2,1797.0,190.0,60.0,179.0,1,1,1.0
513,2,1800.0,191.0,58.0,178.0,1,1,1.0
514,2,1803.0,192.0,57.0,177.0,1,1,1.0
515,2,1804.0,195.0,58.0,173.0,1,1,1.0
516,2,1804.0,197.0,60.0,173.0,1,1,1.0
517,2,1804.0,197.0,65.0,172.0,1,1,1.0
518,2,1805.0,199.0,68.0,171.0,1,1,1.0
519,2,1807.0,201.0,69.0,170.0,1,1,1.0
520,2,1813.0,201.0,64.0,168.0,1,1,1.0
521,2,1824.0,206.0,55.0,162.0,1,1,1.0
522,2,1832.0,202.0,49.0,165.0,1,1,1.0
523,2,1839.0,199.0,46.0,167.0,1,1,1.0
524,2,1842.0,201.0,45.0,167.0,1,1,1.0
525,2,1844.0,200.0,45.0,169.0,1,1,1.0
526,2,1844.0,200.0,47.0,169.0,1,1,1.0
527,2,1845.0,199.0,49.0,169.0,1,1,1.0
528,2,1846.0,202.0,51.0,166.0,1,1,1.0
529,2,1846.0,203.0,56.0,165.0,1,1,1.0
530,2,1846.0,202.0,59.0,165.0,1,1,1.0
531,2,1849.0,202.0,60.0,166.0,1,1,1.0
532,2,1856.0,201.0,58.0,165.0,1,1,1.0
533,2,1858.0,200.0,57.0,165.0,1,1,1.0
534,2,1863.0,199.0,54.0,166.0,1,1,1.0
535,2,1868.0,199.0,51.0,166.0,1,1,1.0
536,2,1867.0,199.0,53.0,166.0,1,1,1.0
537,2,1866.0,200.0,54.0,164.0,1,1,1.0
538,2,1872.0,200.0,48.0,161.0,1,1,1.0
539,2,1872.0,201.0,48.0,159.0,1,1,1.0
540,2,1875.0,202.0,45.0,161.0,1,1,1.0
