1,1,966.0,221.0,33.0,103.0,1,1,1.0
2,1,966.0,221.0,33.0,104.0,1,1,1.0
3,1,965.0,221.0,33.0,104.0,1,1,1.0
4,1,965.0,220.0,33.0,105.0,1,1,1.0
5,1,966.0,219.0,33.0,105.0,1,1,1.0
6,1,962.0,220.0,36.0,107.0,1,1,1.0
7,1,960.0,222.0,38.0,106.0,1,1,1.0
8,1,959.0,224.0,39.0,106.0,1,1,1.0
9,1,959.0,225.0,38.0,106.0,1,1,1.0
10,1,959.0,225.0,38.0,106.0,1,1,1.0
11,1,958.0,225.0,39.0,107.0,1,1,1.0
12,1,958.0,225.0,38.0,107.0,1,1,1.0
13,1,961.0,224.0,36.0,108.0,1,1,1.0
14,1,962.0,223.0,35.0,108.0,1,1,1.0
15,1,961.0,224.0,35.0,108.0,1,1,1.0
16,1,962.0,225.0,34.0,109.0,1,1,1.0
17,1,961.0,227.0,35.0,108.0,1,1,1.0
18,1,961.0,228.0,35.0,109.0,1,1,1.0
19,1,959.0,229.0,36.0,110.0,1,1,1.0
20,1,958.0,230.0,36.0,110.0,1,1,1.0
21,1,955.0,230.0,39.0,109.0,1,1,1.0
22,1,952.0,230.0,41.0,109.0,1,1,1.0
23,1,952.0,230.0,41.0,109.0,1,1,1.0
24,1,952.0,230.0,40.0,110.0,1,1,1.0
25,1,953.0,229.0,38.0,112.0,1,1,1.0
26,1,953.0,229.0,37.0,115.0,1,1,1.0
27,1,953.0,229.0,38.0,117.0,1,1,1.0
28,1,953.0,229.0,38.0,118.0,1,1,1.0
29,1,953.0,229.0,38.0,119.0,1,1,1.0
30,1,952.0,229.0,39.0,119.0,1,1,1.0
31,1,951.0,229.0,41.0,120.0,1,1,1.0
32,1,951.0,228.0,42.0,121.0,1,1,1.0
33,1,953.0,229.0,40.0,120.0,1,1,1.0
34,1,954.0,229.0,39.0,121.0,1,1,1.0
35,1,955.0,233.0,38.0,120.0,1,1,1.0
36,1,954.0,235.0,38.0,119.0,1,1,1.0
37,1,952.0,238.0,40.0,119.0,1,1,1.0
38,1,954.0,238.0,38.0,119.0,1,1,1.0
39,1,954.0,240.0,37.0,119.0,1,1,1.0
40,1,954.0,240.0,38.0,118.0,1,1,1.0
41,1,949.0,240.0,42.0,118.0,1,1,1.0
42,1,949.0,239.0,41.0,119.0,1,1,1.0
43,1,948.0,239.0,42.0,121.0,1,1,1.0
44,1,948.0,241.0,42.0,122.0,1,1,1.0
45,1,948.0,242.0,41.0,123.0,1,1,1.0
46,1,948.0,242.0,40.0,124.0,1,1,1.0
47,1,948.0,244.0,41.0,124.0,1,1,1.0
48,1,947.0,244.0,42.0,124.0,1,1,1.0
49,1,945.0,244.0,44.0,124.0,1,1,1.0
50,1,946.0,245.0,43.0,123.0,1,1,1.0
51,1,948.0,244.0,41.0,124.0,1,1,1.0
52,1,949.0,244.0,40.0,125.0,1,1,1.0
53,1,950.0,245.0,38.0,127.0,1,1,1.0
54,1,950.0,245.0,39.0,128.0,1,1,1.0
55,1,949.0,247.0,38.0,128.0,1,1,1.0
56,1,948.0,249.0,38.0,128.0,1,1,1.0
57,1,948.0,251.0,38.0,128.0,1,1,1.0
58,1,947.0,251.0,39.0,128.0,1,1,1.0
59,1,941.0,251.0,45.0,128.0,1,1,1.0
60,1,937.0,250.0,48.0,129.0,1,1,1.0
61,1,937.0,250.0,48.0,129.0,1,1,1.0
62,1,937.0,250.0,48.0,132.0,1,1,1.0
63,1,938.0,251.0,46.0,134.0,1,1,1.0
64,1,938.0,254.0,46.0,135.0,1,1,1.0
65,1,938.0,255.0,45.0,134.0,1,1,1.0
66,1,938.0,256.0,46.0,134.0,1,1,1.0
67,1,937.0,257.0,47.0,134.0,1,1,1.0
68,1,936.0,257.0,48.0,134.0,1,1,1.0
69,1,934.0,257.0,50.0,134.0,1,1,1.0
70,1,938.0,257.0,46.0,133.0,1,1,1.0
71,1,938.0,257.0,45.0,136.0,1,1,1.0
72,1,939.0,259.0,44.0,138.0,1,1,1.0
73,1,938.0,261.0,45.0,139.0,1,1,1.0
74,1,938.0,263.0,45.0,139.0,1,1,1.0
75,1,937.0,264.0,45.0,139.0,1,1,1.0
76,1,936.0,264.0,46.0,140.0,1,1,1.0
77,1,934.0,263.0,48.0,140.0,1,1,1.0
78,1,930.0,264.0,50.0,139.0,1,1,1.0
79,1,930.0,264.0,51.0,138.0,1,1,1.0
80,1,930.0,264.0,50.0,140.0,1,1,1.0
81,1,931.0,266.0,48.0,142.0,1,1,1.0
82,1,932.0,267.0,46.0,145.0,1,1,1.0
83,1,932.0,268.0,46.0,147.0,1,1,1.0
84,1,932.0,271.0,46.0,146.0,1,1,1.0
85,1,932.0,273.0,48.0,145.0,1,1,1.0
86,1,931.0,273.0,50.0,145.0,1,1,1.0
87,1,931.0,272.0,51.0,147.0,1,1,1.0
88,1,933.0,272.0,49.0,147.0,1,1,1.0
89,1,935.0,272.0,48.0,148.0,1,1,1.0
90,1,936.0,274.0,47.0,150.0,1,1,1.0
91,1,937.0,274.0,47.0,155.0,1,1,1.0
92,1,932.0,276.0,52.0,155.0,1,1,1.0
93,1,934.0,278.0,50.0,150.0,1,1,1.0
94,1,935.0,279.0,48.0,153.0,1,1,1.0
95,1,935.0,279.0,48.0,155.0,1,1,1.0
96,1,936.0,279.0,48.0,155.0,1,1,1.0
97,1,935.0,279.0,48.0,155.0,1,1,1.0
98,1,933.0,280.0,50.0,155.0,1,1,1.0
99,1,933.0,281.0,51.0,159.0,1,1,1.0
100,1,933.0,282.0,51.0,160.0,1,1,1.0
101,1,933.0,285.0,50.0,163.0,1,1,1.0
102,1,934.0,286.0,51.0,163.0,1,1,1.0
103,1,934.0,287.0,52.0,164.0,1,1,1.0
104,1,934.0,288.0,54.0,164.0,1,1,1.0
105,1,932.0,288.0,56.0,164.0,1,1,1.0
106,1,931.0,288.0,58.0,164.0,1,1,1.0
107,1,929.0,288.0,61.0,164.0,1,1,1.0
111,1,927.0,298.0,64.0,170.0,1,1,1.0
112,1,932.0,300.0,59.0,171.0,1,1,1.0
113,1,931.0,302.0,60.0,170.0,1,1,1.0
114,1,931.0,302.0,60.0,170.0,1,1,1.0
115,1,934.0,302.0,57.0,171.0,1,1,1.0
116,1,936.0,302.0,55.0,171.0,1,1,1.0
117,1,937.0,303.0,54.0,173.0,1,1,1.0
118,1,938.0,305.0,54.0,178.0,1,1,1.0
119,1,939.0,309.0,54.0,177.0,1,1,1.0
120,1,939.0,311.0,54.0,179.0,1,1,1.0
121,1,940.0,313.0,54.0,181.0,1,1,1.0
122,1,940.0,314.0,55.0,180.0,1,1,1.0
123,1,940.0,315.0,57.0,181.0,1,1,1.0
124,1,940.0,315.0,58.0,181.0,1,1,1.0
125,1,939.0,315.0,61.0,182.0,1,1,1.0
126,1,938.0,316.0,63.0,186.0,1,1,1.0
127,1,935.0,318.0,67.0,191.0,1,1,1.0
128,1,934.0,322.0,70.0,192.0,1,1,1.0
129,1,933.0,326.0,71.0,192.0,1,1,1.0
130,1,939.0,328.0,66.0,192.0,1,1,1.0
131,1,940.0,330.0,67.0,192.0,1,1,1.0
132,1,941.0,330.0,67.0,191.0,1,1,1.0
133,1,943.0,330.0,65.0,190.0,1,1,1.0
134,1,945.0,331.0,64.0,191.0,1,1,1.0
135,1,947.0,332.0,63.0,197.0,1,1,1.0
136,1,949.0,335.0,61.0,198.0,1,1,1.0
137,1,950.0,339.0,62.0,202.0,1,1,1.0
138,1,952.0,342.0,63.0,203.0,1,1,1.0
139,1,954.0,345.0,63.0,203.0,1,1,1.0
140,1,956.0,346.0,64.0,202.0,1,1,1.0
141,1,958.0,347.0,65.0,202.0,1,1,1.0
142,1,959.0,346.0,66.0,203.0,1,1,1.0
143,1,959.0,346.0,67.0,205.0,1,1,1.0
144,1,958.0,348.0,70.0,211.0,1,1,1.0
145,1,957.0,352.0,73.0,212.0,1,1,1.0
146,1,957.0,356.0,75.0,216.0,1,1,1.0
147,1,958.0,360.0,75.0,215.0,1,1,1.0
148,1,960.0,363.0,73.0,218.0,1,1,1.0
149,1,962.0,366.0,72.0,218.0,1,1,1.0
150,1,965.0,367.0,70.0,218.0,1,1,1.0
151,1,966.0,367.0,69.0,217.0,1,1,1.0
152,1,967.0,368.0,69.0,216.0,1,1,1.0
153,1,969.0,370.0,68.0,220.0,1,1,1.0
154,1,970.0,373.0,69.0,228.0,1,1,1.0
155,1,970.0,377.0,70.0,230.0,1,1,1.0
156,1,971.0,381.0,71.0,232.0,1,1,1.0
157,1,973.0,385.0,70.0,233.0,1,1,1.0
158,1,975.0,388.0,71.0,232.0,1,1,1.0
159,1,975.0,390.0,72.0,231.0,1,1,1.0
160,1,975.0,391.0,74.0,229.0,1,1,1.0
161,1,975.0,393.0,76.0,229.0,1,1,1.0
162,1,974.0,395.0,78.0,234.0,1,1,1.0
163,1,972.0,398.0,81.0,241.0,1,1,1.0
164,1,971.0,404.0,83.0,244.0,1,1,1.0
165,1,971.0,409.0,85.0,250.0,1,1,1.0
166,1,972.0,413.0,83.0,250.0,1,1,1.0
167,1,973.0,416.0,82.0,250.0,1,1,1.0
168,1,975.0,417.0,82.0,248.0,1,1,1.0
169,1,977.0,418.0,80.0,248.0,1,1,1.0
170,1,978.0,419.0,80.0,247.0,1,1,1.0
171,1,978.0,421.0,80.0,254.0,1,1,1.0
172,1,978.0,426.0,81.0,259.0,1,1,1.0
173,1,979.0,431.0,81.0,269.0,1,1,1.0
174,1,980.0,437.0,82.0,270.0,1,1,1.0
175,1,981.0,442.0,83.0,271.0,1,1,1.0
176,1,983.0,445.0,83.0,269.0,1,1,1.0
177,1,983.0,448.0,86.0,268.0,1,1,1.0
178,1,983.0,449.0,88.0,266.0,1,1,1.0
179,1,983.0,451.0,90.0,268.0,1,1,1.0
180,1,980.0,454.0,94.0,280.0,1,1,1.0
181,1,977.0,459.0,98.0,285.0,1,1,1.0
182,1,975.0,465.0,100.0,288.0,1,1,1.0
183,1,974.0,472.0,101.0,292.0,1,1,1.0
184,1,974.0,477.0,101.0,296.0,1,1,1.0
185,1,976.0,482.0,99.0,294.0,1,1,1.0
186,1,978.0,485.0,97.0,292.0,1,1,1.0
187,1,980.0,486.0,95.0,291.0,1,1,1.0
188,1,980.0,488.0,95.0,291.0,1,1,1.0
189,1,980.0,491.0,95.0,301.0,1,1,1.0
190,1,979.0,497.0,95.0,309.0,1,1,1.0
191,1,979.0,505.0,96.0,313.0,1,1,1.0
192,1,979.0,512.0,96.0,318.0,1,1,1.0
193,1,979.0,519.0,96.0,322.0,1,1,1.0
194,1,978.0,524.0,98.0,321.0,1,1,1.0
195,1,977.0,527.0,103.0,319.0,1,1,1.0
196,1,975.0,528.0,107.0,318.0,1,1,1.0
197,1,970.0,531.0,113.0,318.0,1,1,1.0
198,1,964.0,535.0,118.0,332.0,1,1,1.0
199,1,960.0,543.0,122.0,341.0,1,1,1.0
200,1,966.0,552.0,114.0,345.0,1,1,1.0
201,1,955.0,562.0,124.0,349.0,1,1,1.0
202,1,965.0,570.0,112.0,356.0,1,1,1.0
203,1,956.0,578.0,119.0,354.0,1,1,1.0
204,1,953.0,583.0,122.0,350.0,1,1,1.0
205,1,953.0,587.0,121.0,347.0,1,1,1.0
206,1,953.0,591.0,120.0,344.0,1,1,1.0
207,1,953.0,597.0,119.0,359.0,1,1,1.0
208,1,952.0,606.0,120.0,374.0,1,1,1.0
209,1,951.0,616.0,121.0,380.0,1,1,1.0
210,1,950.0,626.0,122.0,389.0,1,1,1.0
211,1,948.0,636.0,125.0,389.0,1,1,1.0
212,1,945.0,644.0,130.0,385.0,1,1,1.0
213,1,946.0,651.0,131.0,380.0,1,1,1.0
214,1,951.0,656.0,127.0,374.0,1,1,1.0
217,1,950.0,685.0,127.0,389.0,1,1,1.0
218,1,949.0,699.0,126.0,381.0,1,1,1.0
219,1,947.0,713.0,127.0,369.0,1,1,1.0
221,1,942.0,737.0,130.0,346.0,1,1,1.0
222,1,937.0,747.0,135.0,335.0,1,1,1.0
223,1,933.0,754.0,139.0,328.0,1,1,1.0
224,1,928.0,761.0,143.0,320.0,1,1,1.0
225,1,922.0,770.0,150.0,311.0,1,1,1.0
226,1,920.0,782.0,151.0,298.0,1,1,1.0
227,1,911.0,797.0,160.0,283.0,1,1,1.0
228,1,915.0,812.0,157.0,268.0,1,1,1.0
229,1,918.0,828.0,154.0,251.0,1,1,1.0
230,1,913.0,842.0,160.0,237.0,1,1,1.0
231,1,910.0,854.0,164.0,225.0,1,1,1.0
232,1,904.0,864.0,170.0,215.0,1,1,1.0
235,1,899.0,902.0,174.0,179.0,1,1,1.0
236,1,905.0,920.0,166.0,160.0,1,1,1.0
237,1,903.0,939.0,165.0,141.0,1,1,1.0
238,1,897.0,959.0,165.0,121.0,1,1,1.0
239,1,893.0,978.0,162.0,102.0,1,1,1.0
240,1,895.0,994.0,149.0,86.0,1,1,1.0
338,2,0.0,911.0,138.0,168.0,1,1,1.0
339,2,0.0,897.0,135.0,181.0,1,1,1.0
340,2,0.0,884.0,134.0,194.0,1,1,1.0
341,2,0.0,875.0,133.0,204.0,1,1,1.0
342,2,1.0,867.0,137.0,211.0,1,1,1.0
343,2,6.0,859.0,136.0,219.0,1,1,1.0
344,2,9.0,850.0,136.0,228.0,1,1,1.0
345,2,12.0,840.0,141.0,238.0,1,1,1.0
346,2,14.0,828.0,148.0,250.0,1,1,1.0
347,2,16.0,815.0,151.0,263.0,1,1,1.0
348,2,17.0,802.0,153.0,276.0,1,1,1.0
349,2,21.0,790.0,155.0,288.0,1,1,1.0
350,2,24.0,781.0,167.0,297.0,1,1,1.0
351,2,29.0,774.0,168.0,304.0,1,1,1.0
352,2,34.0,768.0,166.0,310.0,1,1,1.0
353,2,40.0,762.0,163.0,316.0,1,1,1.0
354,2,46.0,752.0,159.0,325.0,1,1,1.0
355,2,50.0,743.0,155.0,335.0,1,1,1.0
356,2,53.0,733.0,152.0,344.0,1,1,1.0
357,2,56.0,722.0,149.0,345.0,1,1,1.0
358,2,60.0,713.0,144.0,349.0,1,1,1.0
359,2,63.0,706.0,139.0,354.0,1,1,1.0
360,2,67.0,701.0,136.0,358.0,1,1,1.0
361,2,72.0,697.0,132.0,360.0,1,1,1.0
362,2,76.0,693.0,130.0,363.0,1,1,1.0
363,2,77.0,686.0,128.0,360.0,1,1,1.0
364,2,78.0,679.0,127.0,359.0,1,1,1.0
365,2,81.0,670.0,127.0,346.0,1,1,1.0
366,2,87.0,661.0,129.0,333.0,1,1,1.0
367,2,89.0,652.0,133.0,328.0,1,1,1.0
368,2,90.0,645.0,140.0,325.0,1,1,1.0
369,2,91.0,640.0,146.0,331.0,1,1,1.0
370,2,93.0,636.0,150.0,335.0,1,1,1.0
371,2,103.0,632.0,141.0,337.0,1,1,1.0
372,2,110.0,627.0,135.0,334.0,1,1,1.0
373,2,114.0,621.0,131.0,333.0,1,1,1.0
374,2,119.0,614.0,126.0,319.0,1,1,1.0
375,2,122.0,606.0,122.0,305.0,1,1,1.0
376,2,124.0,598.0,120.0,301.0,1,1,1.0
377,2,126.0,592.0,116.0,304.0,1,1,1.0
378,2,132.0,588.0,110.0,306.0,1,1,1.0
379,2,135.0,585.0,105.0,309.0,1,1,1.0
380,2,138.0,583.0,103.0,310.0,1,1,1.0
381,2,141.0,581.0,101.0,306.0,1,1,1.0
382,2,143.0,577.0,100.0,310.0,1,1,1.0
383,2,145.0,571.0,100.0,305.0,1,1,1.0
384,2,148.0,565.0,101.0,292.0,1,1,1.0
385,2,150.0,558.0,103.0,284.0,1,1,1.0
386,2,152.0,553.0,106.0,284.0,1,1,1.0
387,2,157.0,549.0,107.0,287.0,1,1,1.0
388,2,162.0,546.0,110.0,290.0,1,1,1.0
389,2,166.0,544.0,111.0,292.0,1,1,1.0
390,2,170.0,541.0,109.0,291.0,1,1,1.0
391,2,175.0,537.0,109.0,292.0,1,1,1.0
392,2,181.0,532.0,108.0,284.0,1,1,1.0
393,2,186.0,526.0,106.0,272.0,1,1,1.0
394,2,190.0,521.0,104.0,265.0,1,1,1.0
395,2,195.0,515.0,104.0,266.0,1,1,1.0
396,2,199.0,511.0,104.0,269.0,1,1,1.0
397,2,204.0,509.0,104.0,271.0,1,1,1.0
398,2,212.0,507.0,101.0,271.0,1,1,1.0
399,2,218.0,506.0,100.0,272.0,1,1,1.0
400,2,225.0,503.0,98.0,272.0,1,1,1.0
401,2,230.0,500.0,99.0,272.0,1,1,1.0
402,2,235.0,494.0,99.0,262.0,1,1,1.0
403,2,242.0,489.0,98.0,252.0,1,1,1.0
404,2,248.0,483.0,99.0,246.0,1,1,1.0
405,2,254.0,478.0,98.0,251.0,1,1,1.0
406,2,260.0,475.0,103.0,254.0,1,1,1.0
407,2,267.0,473.0,108.0,257.0,1,1,1.0
408,2,272.0,471.0,111.0,259.0,1,1,1.0
409,2,282.0,469.0,107.0,257.0,1,1,1.0
410,2,290.0,466.0,103.0,256.0,1,1,1.0
411,2,298.0,462.0,101.0,245.0,1,1,1.0
412,2,305.0,458.0,100.0,239.0,1,1,1.0
413,2,313.0,453.0,96.0,239.0,1,1,1.0
414,2,320.0,448.0,94.0,241.0,1,1,1.0
415,2,327.0,446.0,95.0,230.0,1,1,1.0
416,2,335.0,444.0,96.0,239.0,1,1,1.0
417,2,342.0,443.0,97.0,243.0,1,1,1.0
418,2,350.0,442.0,97.0,242.0,1,1,1.0
419,2,357.0,440.0,95.0,226.0,1,1,1.0
420,2,364.0,436.0,93.0,226.0,1,1,1.0
421,2,371.0,432.0,94.0,223.0,1,1,1.0
422,2,376.0,429.0,96.0,226.0,1,1,1.0
423,2,381.0,424.0,101.0,230.0,1,1,1.0
424,2,387.0,422.0,104.0,232.0,1,1,1.0
425,2,393.0,422.0,104.0,231.0,1,1,1.0
426,2,397.0,422.0,103.0,228.0,1,1,1.0
427,2,402.0,422.0,99.0,223.0,1,1,1.0
428,2,406.0,421.0,97.0,222.0,1,1,1.0
429,2,408.0,418.0,97.0,221.0,1,1,1.0
430,2,411.0,415.0,96.0,222.0,1,1,1.0
431,2,413.0,414.0,95.0,224.0,1,1,1.0
432,2,415.0,413.0,94.0,225.0,1,1,1.0
433,2,415.0,412.0,93.0,226.0,1,1,1.0
434,2,415.0,412.0,93.0,226.0,1,1,1.0
435,2,415.0,412.0,93.0,227.0,1,1,1.0
436,2,413.0,412.0,92.0,228.0,1,1,1.0
437,2,411.0,413.0,92.0,229.0,1,1,1.0
438,2,408.0,414.0,92.0,230.0,1,1,1.0
439,2,400.0,414.0,97.0,233.0,1,1,1.0
440,2,395.0,416.0,101.0,234.0,1,1,1.0
441,2,391.0,418.0,105.0,235.0,1,1,1.0
442,2,386.0,421.0,109.0,234.0,1,1,1.0
443,2,381.0,423.0,115.0,235.0,1,1,1.0
444,2,375.0,425.0,111.0,234.0,1,1,1.0
445,2,370.0,425.0,102.0,233.0,1,1,1.0
446,2,364.0,425.0,92.0,233.0,1,1,1.0
447,2,359.0,425.0,81.0,233.0,1,1,1.0
448,2,356.0,426.0,74.0,233.0,1,1,1.0
449,2,351.0,427.0,72.0,232.0,1,1,1.0
450,2,346.0,428.0,74.0,230.0,1,1,1.0
451,2,340.0,429.0,80.0,229.0,1,1,1.0
452,2,336.0,429.0,84.0,229.0,1,1,1.0
453,2,331.0,428.0,87.0,230.0,1,1,1.0
454,2,326.0,429.0,87.0,229.0,1,1,1.0
455,2,322.0,429.0,80.0,228.0,1,1,1.0
456,2,317.0,429.0,72.0,228.0,1,1,1.0
457,2,312.0,427.0,68.0,226.0,1,1,1.0
458,2,309.0,425.0,65.0,227.0,1,1,1.0
459,2,304.0,424.0,65.0,227.0,1,1,1.0
460,2,300.0,423.0,65.0,227.0,1,1,1.0
461,2,296.0,423.0,67.0,227.0,1,1,1.0
462,2,292.0,424.0,69.0,226.0,1,1,1.0
463,2,287.0,424.0,72.0,224.0,1,1,1.0
464,2,283.0,422.0,73.0,223.0,1,1,1.0
465,2,276.0,418.0,74.0,219.0,1,1,1.0
466,2,272.0,415.0,75.0,216.0,1,1,1.0
467,2,271.0,413.0,75.0,216.0,1,1,1.0
468,2,269.0,412.0,77.0,216.0,1,1,1.0
469,2,268.0,412.0,79.0,217.0,1,1,1.0
470,2,266.0,411.0,81.0,217.0,1,1,1.0
471,2,265.0,411.0,82.0,215.0,1,1,1.0
472,2,264.0,410.0,75.0,212.0,1,1,1.0
473,2,264.0,408.0,70.0,211.0,1,1,1.0
474,2,263.0,406.0,70.0,201.0,1,1,1.0
475,2,262.0,403.0,70.0,203.0,1,1,1.0
476,2,261.0,401.0,69.0,201.0,1,1,1.0
477,2,261.0,400.0,66.0,202.0,1,1,1.0
478,2,261.0,399.0,64.0,203.0,1,1,1.0
479,2,261.0,399.0,63.0,203.0,1,1,1.0
480,2,260.0,399.0,64.0,202.0,1,1,1.0
481,2,260.0,399.0,65.0,198.0,1,1,1.0
482,2,260.0,398.0,67.0,197.0,1,1,1.0
483,2,260.0,395.0,72.0,191.0,1,1,1.0
484,2,260.0,392.0,75.0,189.0,1,1,1.0
485,2,262.0,389.0,78.0,186.0,1,1,1.0
486,2,267.0,388.0,76.0,192.0,1,1,1.0
487,2,271.0,388.0,77.0,195.0,1,1,1.0
488,2,273.0,387.0,81.0,196.0,1,1,1.0
489,2,277.0,387.0,83.0,195.0,1,1,1.0
490,2,281.0,386.0,85.0,194.0,1,1,1.0
491,2,291.0,384.0,78.0,186.0,1,1,1.0
492,2,294.0,382.0,81.0,184.0,1,1,1.0
493,2,298.0,380.0,82.0,182.0,1,1,1.0
494,2,307.0,378.0,78.0,184.0,1,1,1.0
495,2,318.0,377.0,72.0,187.0,1,1,1.0
496,2,327.0,376.0,71.0,188.0,1,1,1.0
497,2,333.0,377.0,73.0,188.0,1,1,1.0
498,2,335.0,376.0,82.0,188.0,1,1,1.0
499,2,338.0,375.0,89.0,189.0,1,1,1.0
500,2,341.0,373.0,94.0,190.0,1,1,1.0
501,2,348.0,370.0,90.0,191.0,1,1,1.0
502,2,362.0,366.0,81.0,189.0,1,1,1.0
503,2,377.0,363.0,70.0,190.0,1,1,1.0
504,2,389.0,361.0,65.0,190.0,1,1,1.0
505,2,396.0,359.0,65.0,189.0,1,1,1.0
506,2,401.0,359.0,76.0,190.0,1,1,1.0
507,2,402.0,359.0,92.0,189.0,1,1,1.0
508,2,405.0,358.0,101.0,188.0,1,1,1.0
509,2,409.0,357.0,105.0,188.0,1,1,1.0
510,2,418.0,356.0,98.0,183.0,1,1,1.0
511,2,431.0,353.0,87.0,180.0,1,1,1.0
512,2,449.0,350.0,75.0,180.0,1,1,1.0
513,2,463.0,346.0,68.0,183.0,1,1,1.0
514,2,471.0,345.0,67.0,184.0,1,1,1.0
515,2,481.0,344.0,66.0,185.0,1,1,1.0
516,2,485.0,344.0,79.0,186.0,1,1,1.0
517,2,487.0,344.0,89.0,186.0,1,1,1.0
518,2,490.0,344.0,97.0,185.0,1,1,1.0
519,2,499.0,342.0,91.0,185.0,1,1,1.0
520,2,512.0,340.0,82.0,181.0,1,1,1.0
521,2,529.0,338.0,71.0,180.0,1,1,1.0
522,2,543.0,335.0,65.0,179.0,1,1,1.0
523,2,554.0,333.0,61.0,181.0,1,1,1.0
524,2,561.0,332.0,69.0,177.0,1,1,1.0
525,2,563.0,332.0,82.0,178.0,1,1,1.0
526,2,565.0,333.0,93.0,178.0,1,1,1.0
527,2,568.0,332.0,99.0,178.0,1,1,1.0
528,2,574.0,330.0,96.0,177.0,1,1,1.0
529,2,586.0,328.0,88.0,175.0,1,1,1.0
530,2,604.0,325.0,76.0,176.0,1,1,1.0
531,2,623.0,323.0,65.0,175.0,1,1,1.0
532,2,634.0,321.0,63.0,177.0,1,1,1.0
533,2,640.0,320.0,66.0,179.0,1,1,1.0
534,2,641.0,321.0,78.0,178.0,1,1,1.0
535,2,643.0,321.0,89.0,178.0,1,1,1.0
536,2,649.0,320.0,89.0,177.0,1,1,1.0
537,2,660.0,319.0,84.0,176.0,1,1,1.0
538,2,675.0,317.0,75.0,173.0,1,1,1.0
539,2,692.0,315.0,66.0,173.0,1,1,1.0
540,2,705.0,312.0,61.0,174.0,1,1,1.0
541,2,712.0,310.0,63.0,175.0,1,1,1.0
542,2,715.0,310.0,76.0,173.0,1,1,1.0
543,2,716.0,310.0,89.0,172.0,1,1,1.0
544,2,717.0,310.0,99.0,173.0,1,1,1.0
545,2,722.0,310.0,98.0,171.0,1,1,1.0
546,2,733.0,309.0,91.0,168.0,1,1,1.0
547,2,748.0,307.0,82.0,169.0,1,1,1.0
548,2,765.0,304.0,71.0,170.0,1,1,1.0
549,2,779.0,302.0,65.0,173.0,1,1,1.0
550,2,788.0,300.0,63.0,173.0,1,1,1.0
551,2,791.0,300.0,69.0,173.0,1,1,1.0
552,2,793.0,301.0,76.0,170.0,1,1,1.0
553,2,791.0,301.0,87.0,171.0,1,1,1.0
554,2,800.0,301.0,85.0,170.0,1,1,1.0
555,2,813.0,300.0,78.0,165.0,1,1,1.0
556,2,828.0,298.0,69.0,165.0,1,1,1.0
557,2,840.0,295.0,64.0,164.0,1,1,1.0
558,2,850.0,293.0,61.0,165.0,1,1,1.0
559,2,857.0,292.0,61.0,166.0,1,1,1.0
560,2,859.0,292.0,68.0,166.0,1,1,1.0
561,2,861.0,292.0,78.0,166.0,1,1,1.0
562,2,863.0,292.0,82.0,164.0,1,1,1.0
563,2,866.0,292.0,84.0,163.0,1,1,1.0
564,2,873.0,291.0,83.0,160.0,1,1,1.0
565,2,884.0,289.0,78.0,159.0,1,1,1.0
566,2,897.0,287.0,71.0,160.0,1,1,1.0
567,2,909.0,286.0,65.0,161.0,1,1,1.0
568,2,917.0,285.0,62.0,162.0,1,1,1.0
569,2,922.0,285.0,63.0,162.0,1,1,1.0
570,2,926.0,286.0,66.0,161.0,1,1,1.0
571,2,927.0,286.0,70.0,160.0,1,1,1.0
572,2,929.0,287.0,77.0,158.0,1,1,1.0
573,2,934.0,287.0,78.0,157.0,1,1,1.0
574,2,945.0,286.0,73.0,154.0,1,1,1.0
575,2,960.0,285.0,65.0,153.0,1,1,1.0
576,2,971.0,283.0,60.0,154.0,1,1,1.0
577,2,979.0,281.0,60.0,157.0,1,1,1.0
578,2,983.0,281.0,62.0,156.0,1,1,1.0
579,2,984.0,282.0,67.0,154.0,1,1,1.0
580,2,985.0,283.0,74.0,153.0,1,1,1.0
581,2,987.0,284.0,79.0,153.0,1,1,1.0
582,2,991.0,284.0,82.0,151.0,1,1,1.0
583,2,999.0,284.0,80.0,149.0,1,1,1.0
584,2,1011.0,282.0,75.0,149.0,1,1,1.0
585,2,1025.0,280.0,66.0,151.0,1,1,1.0
586,2,1035.0,278.0,61.0,153.0,1,1,1.0
587,2,1042.0,277.0,60.0,154.0,1,1,1.0
588,2,1046.0,277.0,63.0,154.0,1,1,1.0
589,2,1048.0,278.0,66.0,153.0,1,1,1.0
590,2,1050.0,279.0,70.0,152.0,1,1,1.0
591,2,1055.0,280.0,72.0,149.0,1,1,1.0
592,2,1065.0,279.0,67.0,147.0,1,1,1.0
593,2,1075.0,277.0,61.0,147.0,1,1,1.0
594,2,1083.0,275.0,58.0,148.0,1,1,1.0
595,2,1088.0,275.0,59.0,147.0,1,1,1.0
596,2,1092.0,275.0,59.0,147.0,1,1,1.0
597,2,1094.0,275.0,62.0,147.0,1,1,1.0
598,2,1095.0,276.0,67.0,146.0,1,1,1.0
599,2,1098.0,277.0,69.0,144.0,1,1,1.0
600,2,1101.0,277.0,70.0,144.0,1,1,1.0
601,2,1108.0,275.0,68.0,141.0,1,1,1.0
603,2,1125.0,271.0,59.0,142.0,1,1,1.0
604,2,1131.0,269.0,56.0,143.0,1,1,1.0
605,2,1137.0,269.0,54.0,144.0,1,1,1.0
606,2,1140.0,269.0,47.0,143.0,1,1,1.0
607,2,1142.0,270.0,56.0,142.0,1,1,1.0
608,2,1144.0,271.0,60.0,141.0,1,1,1.0
609,2,1149.0,271.0,61.0,140.0,1,1,1.0
610,2,1156.0,270.0,49.0,135.0,1,1,1.0
611,2,1160.0,269.0,53.0,137.0,1,1,1.0
612,2,1163.0,267.0,56.0,137.0,1,1,1.0
613,2,1166.0,265.0,59.0,138.0,1,1,1.0
614,2,1172.0,264.0,57.0,138.0,1,1,1.0
615,2,1175.0,264.0,57.0,137.0,1,1,1.0
616,2,1178.0,264.0,60.0,135.0,1,1,1.0
617,2,1179.0,265.0,63.0,134.0,1,1,1.0
618,2,1181.0,265.0,65.0,136.0,1,1,1.0
619,2,1184.0,265.0,66.0,135.0,1,1,1.0
620,2,1191.0,264.0,62.0,132.0,1,1,1.0
621,2,1197.0,263.0,60.0,132.0,1,1,1.0
622,2,1203.0,261.0,52.0,133.0,1,1,1.0
623,2,1206.0,260.0,53.0,134.0,1,1,1.0
624,2,1208.0,260.0,55.0,134.0,1,1,1.0
625,2,1210.0,260.0,56.0,132.0,1,1,1.0
626,2,1214.0,261.0,51.0,132.0,1,1,1.0
627,2,1217.0,262.0,52.0,132.0,1,1,1.0
628,2,1223.0,262.0,54.0,129.0,1,1,1.0
629,2,1227.0,261.0,53.0,127.0,1,1,1.0
630,2,1229.0,260.0,54.0,127.0,1,1,1.0
631,2,1229.0,259.0,59.0,128.0,1,1,1.0
632,2,1232.0,258.0,59.0,129.0,1,1,1.0
633,2,1235.0,258.0,58.0,131.0,1,1,1.0
634,2,1240.0,258.0,52.0,130.0,1,1,1.0
635,2,1242.0,258.0,56.0,129.0,1,1,1.0
636,2,1244.0,259.0,58.0,128.0,1,1,1.0
637,2,1247.0,259.0,62.0,127.0,1,1,1.0
638,2,1251.0,259.0,61.0,123.0,1,1,1.0
639,2,1256.0,258.0,59.0,123.0,1,1,1.0
640,2,1261.0,257.0,58.0,124.0,1,1,1.0
