3,1,952.0,196.0,48.0,126.0,1,1,1.0
4,1,953.0,196.0,46.0,127.0,1,1,1.0
5,1,953.0,196.0,45.0,127.0,1,1,1.0
6,1,953.0,196.0,46.0,128.0,1,1,1.0
7,1,951.0,196.0,47.0,129.0,1,1,1.0
9,1,953.0,197.0,45.0,131.0,1,1,1.0
12,1,958.0,228.0,39.0,101.0,1,1,1.0
13,1,958.0,232.0,38.0,98.0,1,1,1.0
14,1,958.0,233.0,39.0,97.0,1,1,1.0
15,1,957.0,233.0,40.0,97.0,1,1,1.0
16,1,956.0,233.0,41.0,97.0,1,1,1.0
17,1,955.0,233.0,42.0,99.0,1,1,1.0
18,1,954.0,234.0,43.0,100.0,1,1,1.0
19,1,953.0,235.0,44.0,100.0,1,1,1.0
20,1,952.0,236.0,44.0,100.0,1,1,1.0
21,1,951.0,237.0,45.0,101.0,1,1,1.0
22,1,950.0,237.0,45.0,101.0,1,1,1.0
23,1,949.0,238.0,45.0,100.0,1,1,1.0
24,1,949.0,238.0,45.0,101.0,1,1,1.0
25,1,951.0,238.0,44.0,101.0,1,1,1.0
26,1,952.0,238.0,42.0,102.0,1,1,1.0
27,1,954.0,239.0,41.0,104.0,1,1,1.0
28,1,955.0,239.0,40.0,105.0,1,1,1.0
29,1,955.0,240.0,39.0,105.0,1,1,1.0
30,1,955.0,241.0,40.0,104.0,1,1,1.0
31,1,954.0,241.0,40.0,105.0,1,1,1.0
32,1,954.0,240.0,41.0,106.0,1,1,1.0
33,1,953.0,240.0,43.0,106.0,1,1,1.0
34,1,951.0,240.0,44.0,106.0,1,1,1.0
35,1,950.0,242.0,45.0,105.0,1,1,1.0
36,1,950.0,243.0,46.0,106.0,1,1,1.0
37,1,949.0,245.0,47.0,106.0,1,1,1.0
38,1,948.0,246.0,47.0,106.0,1,1,1.0
39,1,947.0,246.0,48.0,108.0,1,1,1.0
40,1,947.0,247.0,47.0,108.0,1,1,1.0
41,1,945.0,246.0,48.0,109.0,1,1,1.0
42,1,945.0,246.0,49.0,109.0,1,1,1.0
43,1,945.0,246.0,49.0,108.0,1,1,1.0
44,1,946.0,246.0,47.0,108.0,1,1,1.0
45,1,948.0,245.0,45.0,113.0,1,1,1.0
46,1,949.0,248.0,43.0,113.0,1,1,1.0
47,1,951.0,250.0,43.0,113.0,1,1,1.0
48,1,951.0,251.0,42.0,113.0,1,1,1.0
49,1,951.0,252.0,43.0,112.0,1,1,1.0
50,1,950.0,250.0,43.0,114.0,1,1,1.0
51,1,950.0,248.0,44.0,116.0,1,1,1.0
52,1,949.0,248.0,46.0,117.0,1,1,1.0
53,1,948.0,247.0,47.0,117.0,1,1,1.0
54,1,947.0,247.0,49.0,120.0,1,1,1.0
55,1,945.0,247.0,51.0,121.0,1,1,1.0
56,1,944.0,249.0,53.0,122.0,1,1,1.0
57,1,944.0,250.0,53.0,122.0,1,1,1.0
58,1,943.0,251.0,53.0,121.0,1,1,1.0
59,1,943.0,253.0,53.0,120.0,1,1,1.0
60,1,944.0,256.0,52.0,118.0,1,1,1.0
61,1,944.0,258.0,52.0,115.0,1,1,1.0
62,1,946.0,259.0,50.0,113.0,1,1,1.0
63,1,948.0,260.0,49.0,113.0,1,1,1.0
64,1,949.0,261.0,48.0,114.0,1,1,1.0
66,1,953.0,232.0,44.0,149.0,1,1,1.0
70,1,956.0,262.0,46.0,121.0,1,1,1.0
71,1,955.0,265.0,48.0,118.0,1,1,1.0
72,1,954.0,266.0,50.0,117.0,1,1,1.0
73,1,953.0,266.0,52.0,121.0,1,1,1.0
74,1,951.0,266.0,53.0,124.0,1,1,1.0
75,1,950.0,267.0,54.0,125.0,1,1,1.0
76,1,950.0,267.0,55.0,126.0,1,1,1.0
77,1,950.0,268.0,55.0,126.0,1,1,1.0
78,1,950.0,269.0,55.0,126.0,1,1,1.0
79,1,951.0,270.0,55.0,125.0,1,1,1.0
80,1,952.0,270.0,53.0,124.0,1,1,1.0
81,1,954.0,271.0,51.0,123.0,1,1,1.0
82,1,955.0,272.0,50.0,125.0,1,1,1.0
83,1,956.0,273.0,49.0,126.0,1,1,1.0
84,1,957.0,275.0,49.0,127.0,1,1,1.0
86,1,957.0,280.0,48.0,125.0,1,1,1.0
87,1,957.0,282.0,48.0,124.0,1,1,1.0
88,1,956.0,282.0,49.0,125.0,1,1,1.0
89,1,955.0,282.0,51.0,125.0,1,1,1.0
90,1,954.0,282.0,52.0,124.0,1,1,1.0
91,1,951.0,282.0,54.0,125.0,1,1,1.0
92,1,949.0,282.0,57.0,127.0,1,1,1.0
93,1,948.0,282.0,59.0,130.0,1,1,1.0
94,1,947.0,283.0,60.0,132.0,1,1,1.0
95,1,945.0,284.0,62.0,133.0,1,1,1.0
96,1,944.0,285.0,61.0,134.0,1,1,1.0
97,1,944.0,288.0,61.0,133.0,1,1,1.0
98,1,943.0,290.0,60.0,131.0,1,1,1.0
99,1,944.0,291.0,61.0,130.0,1,1,1.0
100,1,946.0,293.0,59.0,129.0,1,1,1.0
101,1,949.0,294.0,56.0,127.0,1,1,1.0
102,1,952.0,296.0,55.0,128.0,1,1,1.0
103,1,954.0,299.0,53.0,129.0,1,1,1.0
104,1,956.0,301.0,51.0,130.0,1,1,1.0
105,1,957.0,303.0,50.0,130.0,1,1,1.0
106,1,958.0,304.0,49.0,131.0,1,1,1.0
107,1,958.0,304.0,49.0,131.0,1,1,1.0
108,1,958.0,303.0,50.0,132.0,1,1,1.0
109,1,958.0,301.0,51.0,134.0,1,1,1.0
110,1,957.0,301.0,53.0,134.0,1,1,1.0
111,1,955.0,300.0,56.0,136.0,1,1,1.0
112,1,952.0,301.0,59.0,139.0,1,1,1.0
113,1,950.0,302.0,62.0,142.0,1,1,1.0
114,1,948.0,303.0,64.0,144.0,1,1,1.0
115,1,948.0,306.0,64.0,143.0,1,1,1.0
116,1,948.0,308.0,63.0,143.0,1,1,1.0
117,1,949.0,309.0,63.0,142.0,1,1,1.0
118,1,950.0,310.0,63.0,141.0,1,1,1.0
119,1,952.0,311.0,61.0,141.0,1,1,1.0
120,1,955.0,311.0,59.0,140.0,1,1,1.0
121,1,958.0,311.0,56.0,141.0,1,1,1.0
122,1,961.0,311.0,53.0,145.0,1,1,1.0
123,1,963.0,312.0,51.0,146.0,1,1,1.0
124,1,964.0,313.0,50.0,149.0,1,1,1.0
125,1,964.0,315.0,50.0,151.0,1,1,1.0
126,1,964.0,317.0,52.0,151.0,1,1,1.0
127,1,964.0,318.0,54.0,151.0,1,1,1.0
128,1,963.0,318.0,58.0,151.0,1,1,1.0
129,1,961.0,318.0,61.0,151.0,1,1,1.0
130,1,958.0,317.0,65.0,152.0,1,1,1.0
131,1,956.0,317.0,67.0,154.0,1,1,1.0
132,1,955.0,318.0,69.0,157.0,1,1,1.0
133,1,954.0,319.0,71.0,161.0,1,1,1.0
134,1,953.0,322.0,72.0,163.0,1,1,1.0
135,1,952.0,324.0,72.0,164.0,1,1,1.0
136,1,952.0,327.0,72.0,162.0,1,1,1.0
137,1,952.0,330.0,72.0,160.0,1,1,1.0
138,1,953.0,333.0,70.0,157.0,1,1,1.0
139,1,956.0,335.0,68.0,153.0,1,1,1.0
140,1,959.0,337.0,66.0,151.0,1,1,1.0
141,1,961.0,340.0,64.0,153.0,1,1,1.0
142,1,963.0,342.0,61.0,158.0,1,1,1.0
143,1,965.0,344.0,60.0,157.0,1,1,1.0
144,1,966.0,347.0,59.0,160.0,1,1,1.0
145,1,967.0,349.0,59.0,161.0,1,1,1.0
146,1,967.0,351.0,60.0,160.0,1,1,1.0
147,1,967.0,352.0,61.0,160.0,1,1,1.0
148,1,965.0,352.0,63.0,159.0,1,1,1.0
149,1,964.0,353.0,66.0,159.0,1,1,1.0
150,1,961.0,353.0,69.0,161.0,1,1,1.0
151,1,958.0,354.0,73.0,166.0,1,1,1.0
152,1,956.0,354.0,75.0,171.0,1,1,1.0
153,1,954.0,355.0,77.0,174.0,1,1,1.0
154,1,953.0,356.0,78.0,176.0,1,1,1.0
155,1,951.0,356.0,81.0,179.0,1,1,1.0
156,1,949.0,357.0,83.0,180.0,1,1,1.0
157,1,949.0,359.0,82.0,179.0,1,1,1.0
158,1,951.0,360.0,80.0,178.0,1,1,1.0
159,1,954.0,361.0,77.0,177.0,1,1,1.0
160,1,957.0,363.0,74.0,177.0,1,1,1.0
161,1,959.0,366.0,70.0,180.0,1,1,1.0
162,1,961.0,369.0,68.0,184.0,1,1,1.0
163,1,961.0,372.0,67.0,185.0,1,1,1.0
164,1,962.0,375.0,68.0,187.0,1,1,1.0
165,1,961.0,376.0,69.0,189.0,1,1,1.0
166,1,960.0,375.0,70.0,190.0,1,1,1.0
167,1,959.0,375.0,73.0,191.0,1,1,1.0
168,1,956.0,375.0,76.0,191.0,1,1,1.0
169,1,954.0,376.0,79.0,191.0,1,1,1.0
170,1,951.0,378.0,82.0,196.0,1,1,1.0
171,1,950.0,381.0,83.0,200.0,1,1,1.0
172,1,948.0,385.0,84.0,204.0,1,1,1.0
173,1,946.0,388.0,86.0,204.0,1,1,1.0
174,1,944.0,391.0,87.0,207.0,1,1,1.0
175,1,942.0,393.0,89.0,207.0,1,1,1.0
176,1,941.0,394.0,90.0,207.0,1,1,1.0
177,1,942.0,394.0,90.0,206.0,1,1,1.0
178,1,946.0,395.0,87.0,206.0,1,1,1.0
179,1,948.0,397.0,85.0,207.0,1,1,1.0
180,1,951.0,400.0,83.0,213.0,1,1,1.0
181,1,953.0,404.0,80.0,214.0,1,1,1.0
182,1,954.0,409.0,80.0,216.0,1,1,1.0
183,1,954.0,413.0,80.0,220.0,1,1,1.0
184,1,953.0,416.0,82.0,220.0,1,1,1.0
185,1,952.0,418.0,86.0,219.0,1,1,1.0
186,1,949.0,420.0,89.0,217.0,1,1,1.0
187,1,946.0,421.0,93.0,216.0,1,1,1.0
188,1,944.0,423.0,95.0,216.0,1,1,1.0
189,1,943.0,425.0,98.0,225.0,1,1,1.0
190,1,942.0,428.0,100.0,228.0,1,1,1.0
191,1,941.0,433.0,101.0,231.0,1,1,1.0
192,1,939.0,438.0,103.0,236.0,1,1,1.0
193,1,938.0,444.0,104.0,235.0,1,1,1.0
194,1,939.0,450.0,104.0,231.0,1,1,1.0
195,1,942.0,454.0,101.0,226.0,1,1,1.0
196,1,946.0,458.0,97.0,223.0,1,1,1.0
197,1,950.0,461.0,92.0,219.0,1,1,1.0
198,1,953.0,466.0,90.0,222.0,1,1,1.0
199,1,957.0,471.0,87.0,229.0,1,1,1.0
200,1,960.0,477.0,86.0,235.0,1,1,1.0
201,1,961.0,483.0,87.0,236.0,1,1,1.0
202,1,961.0,489.0,88.0,234.0,1,1,1.0
203,1,961.0,494.0,91.0,231.0,1,1,1.0
204,1,961.0,498.0,93.0,227.0,1,1,1.0
205,1,960.0,502.0,95.0,223.0,1,1,1.0
206,1,958.0,504.0,99.0,220.0,1,1,1.0
207,1,955.0,508.0,104.0,224.0,1,1,1.0
208,1,952.0,513.0,108.0,233.0,1,1,1.0
209,1,950.0,517.0,111.0,238.0,1,1,1.0
210,1,948.0,523.0,115.0,241.0,1,1,1.0
211,1,946.0,527.0,117.0,249.0,1,1,1.0
212,1,945.0,531.0,118.0,250.0,1,1,1.0
213,1,944.0,534.0,119.0,249.0,1,1,1.0
214,1,946.0,537.0,117.0,247.0,1,1,1.0
215,1,951.0,538.0,113.0,245.0,1,1,1.0
216,1,954.0,541.0,110.0,244.0,1,1,1.0
217,1,957.0,546.0,108.0,254.0,1,1,1.0
218,1,960.0,551.0,106.0,261.0,1,1,1.0
219,1,963.0,558.0,104.0,264.0,1,1,1.0
220,1,964.0,565.0,105.0,269.0,1,1,1.0
221,1,963.0,570.0,107.0,272.0,1,1,1.0
222,1,962.0,575.0,110.0,271.0,1,1,1.0
223,1,959.0,579.0,115.0,268.0,1,1,1.0
224,1,957.0,582.0,119.0,265.0,1,1,1.0
225,1,953.0,586.0,124.0,261.0,1,1,1.0
226,1,950.0,591.0,128.0,269.0,1,1,1.0
227,1,947.0,597.0,133.0,282.0,1,1,1.0
228,1,944.0,605.0,136.0,286.0,1,1,1.0
229,1,940.0,614.0,139.0,289.0,1,1,1.0
230,1,937.0,623.0,142.0,297.0,1,1,1.0
231,1,933.0,630.0,144.0,297.0,1,1,1.0
232,1,932.0,638.0,144.0,291.0,1,1,1.0
233,1,933.0,647.0,141.0,283.0,1,1,1.0
234,1,937.0,656.0,138.0,274.0,1,1,1.0
235,1,940.0,664.0,134.0,267.0,1,1,1.0
236,1,943.0,675.0,131.0,276.0,1,1,1.0
237,1,944.0,685.0,128.0,287.0,1,1,1.0
238,1,946.0,696.0,125.0,291.0,1,1,1.0
239,1,944.0,707.0,127.0,296.0,1,1,1.0
240,1,941.0,717.0,130.0,299.0,1,1,1.0
241,1,938.0,724.0,136.0,296.0,1,1,1.0
242,1,934.0,731.0,139.0,291.0,1,1,1.0
243,1,928.0,736.0,145.0,286.0,1,1,1.0
244,1,920.0,742.0,154.0,280.0,1,1,1.0
245,1,912.0,748.0,161.0,279.0,1,1,1.0
246,1,905.0,756.0,168.0,296.0,1,1,1.0
247,1,899.0,767.0,175.0,305.0,1,1,1.0
248,1,892.0,779.0,180.0,301.0,1,1,1.0
249,1,885.0,793.0,183.0,289.0,1,1,1.0
250,1,882.0,808.0,184.0,275.0,1,1,1.0
251,1,879.0,821.0,184.0,261.0,1,1,1.0
252,1,880.0,832.0,183.0,250.0,1,1,1.0
253,1,886.0,840.0,178.0,241.0,1,1,1.0
254,1,891.0,846.0,173.0,235.0,1,1,1.0
255,1,895.0,854.0,169.0,227.0,1,1,1.0
256,1,899.0,862.0,166.0,218.0,1,1,1.0
258,1,901.0,885.0,161.0,196.0,1,1,1.0
259,1,901.0,899.0,164.0,182.0,1,1,1.0
260,1,898.0,911.0,168.0,169.0,1,1,1.0
261,1,896.0,926.0,172.0,154.0,1,1,1.0
262,1,890.0,937.0,180.0,143.0,1,1,1.0
263,1,881.0,945.0,191.0,134.0,1,1,1.0
264,1,874.0,956.0,199.0,124.0,1,1,1.0
452,2,0.0,538.0,49.0,228.0,1,1,1.0
453,2,0.0,535.0,52.0,231.0,1,1,1.0
454,2,0.0,532.0,56.0,234.0,1,1,1.0
455,2,0.0,530.0,59.0,235.0,1,1,1.0
456,2,0.0,529.0,60.0,236.0,1,1,1.0
457,2,0.0,527.0,61.0,236.0,1,1,1.0
458,2,0.0,524.0,63.0,234.0,1,1,1.0
459,2,0.0,522.0,65.0,214.0,1,1,1.0
460,2,0.0,518.0,65.0,209.0,1,1,1.0
461,2,0.0,514.0,65.0,210.0,1,1,1.0
462,2,0.0,511.0,63.0,212.0,1,1,1.0
463,2,0.0,509.0,61.0,213.0,1,1,1.0
464,2,0.0,507.0,60.0,214.0,1,1,1.0
465,2,0.0,505.0,62.0,215.0,1,1,1.0
466,2,0.0,503.0,64.0,217.0,1,1,1.0
467,2,0.0,501.0,67.0,213.0,1,1,1.0
468,2,1.0,499.0,70.0,208.0,1,1,1.0
469,2,2.0,496.0,73.0,199.0,1,1,1.0
470,2,4.0,492.0,75.0,197.0,1,1,1.0
471,2,5.0,489.0,76.0,198.0,1,1,1.0
472,2,6.0,487.0,77.0,201.0,1,1,1.0
473,2,11.0,485.0,78.0,202.0,1,1,1.0
474,2,14.0,484.0,78.0,202.0,1,1,1.0
475,2,18.0,483.0,75.0,201.0,1,1,1.0
476,2,21.0,481.0,73.0,199.0,1,1,1.0
477,2,25.0,478.0,71.0,188.0,1,1,1.0
478,2,29.0,474.0,69.0,186.0,1,1,1.0
479,2,31.0,470.0,70.0,185.0,1,1,1.0
480,2,34.0,466.0,69.0,189.0,1,1,1.0
481,2,37.0,461.0,69.0,193.0,1,1,1.0
482,2,42.0,457.0,68.0,196.0,1,1,1.0
483,2,46.0,455.0,67.0,198.0,1,1,1.0
484,2,50.0,454.0,66.0,199.0,1,1,1.0
485,2,57.0,451.0,65.0,196.0,1,1,1.0
486,2,62.0,449.0,64.0,193.0,1,1,1.0
487,2,66.0,446.0,62.0,186.0,1,1,1.0
488,2,71.0,442.0,60.0,184.0,1,1,1.0
489,2,76.0,440.0,60.0,185.0,1,1,1.0
490,2,80.0,437.0,65.0,187.0,1,1,1.0
491,2,86.0,436.0,73.0,189.0,1,1,1.0
492,2,92.0,434.0,79.0,190.0,1,1,1.0
493,2,95.0,433.0,82.0,188.0,1,1,1.0
494,2,99.0,432.0,80.0,187.0,1,1,1.0
495,2,107.0,430.0,73.0,176.0,1,1,1.0
496,2,115.0,426.0,65.0,176.0,1,1,1.0
497,2,123.0,423.0,59.0,177.0,1,1,1.0
498,2,130.0,421.0,56.0,179.0,1,1,1.0
499,2,136.0,420.0,58.0,180.0,1,1,1.0
500,2,143.0,419.0,64.0,181.0,1,1,1.0
501,2,148.0,419.0,75.0,180.0,1,1,1.0
502,2,151.0,419.0,83.0,179.0,1,1,1.0
503,2,153.0,419.0,88.0,178.0,1,1,1.0
504,2,161.0,419.0,83.0,173.0,1,1,1.0
505,2,177.0,418.0,65.0,169.0,1,1,1.0
506,2,191.0,416.0,58.0,165.0,1,1,1.0
507,2,200.0,415.0,59.0,163.0,1,1,1.0
508,2,208.0,414.0,69.0,163.0,1,1,1.0
509,2,214.0,413.0,82.0,163.0,1,1,1.0
510,2,217.0,413.0,92.0,163.0,1,1,1.0
511,2,219.0,413.0,98.0,163.0,1,1,1.0
512,2,225.0,411.0,95.0,162.0,1,1,1.0
513,2,239.0,409.0,82.0,159.0,1,1,1.0
514,2,249.0,405.0,71.0,160.0,1,1,1.0
515,2,258.0,401.0,60.0,162.0,1,1,1.0
516,2,266.0,399.0,60.0,165.0,1,1,1.0
517,2,272.0,396.0,64.0,166.0,1,1,1.0
518,2,279.0,393.0,73.0,168.0,1,1,1.0
519,2,285.0,391.0,80.0,171.0,1,1,1.0
520,2,289.0,390.0,89.0,172.0,1,1,1.0
521,2,291.0,388.0,94.0,173.0,1,1,1.0
522,2,297.0,387.0,91.0,174.0,1,1,1.0
523,2,312.0,385.0,76.0,169.0,1,1,1.0
524,2,324.0,383.0,62.0,169.0,1,1,1.0
525,2,333.0,382.0,59.0,168.0,1,1,1.0
526,2,341.0,380.0,60.0,168.0,1,1,1.0
527,2,349.0,380.0,69.0,169.0,1,1,1.0
528,2,354.0,380.0,80.0,168.0,1,1,1.0
529,2,358.0,378.0,90.0,169.0,1,1,1.0
530,2,359.0,375.0,96.0,171.0,1,1,1.0
531,2,365.0,373.0,92.0,170.0,1,1,1.0
532,2,376.0,371.0,84.0,168.0,1,1,1.0
533,2,389.0,367.0,70.0,169.0,1,1,1.0
534,2,400.0,364.0,60.0,168.0,1,1,1.0
535,2,408.0,361.0,60.0,172.0,1,1,1.0
536,2,414.0,360.0,65.0,174.0,1,1,1.0
537,2,422.0,359.0,72.0,175.0,1,1,1.0
538,2,426.0,358.0,79.0,176.0,1,1,1.0
539,2,428.0,356.0,87.0,176.0,1,1,1.0
540,2,433.0,355.0,85.0,175.0,1,1,1.0
541,2,444.0,353.0,79.0,173.0,1,1,1.0
542,2,456.0,351.0,68.0,171.0,1,1,1.0
543,2,467.0,348.0,59.0,171.0,1,1,1.0
544,2,475.0,344.0,56.0,169.0,1,1,1.0
545,2,482.0,342.0,61.0,170.0,1,1,1.0
546,2,488.0,341.0,71.0,173.0,1,1,1.0
547,2,492.0,341.0,81.0,174.0,1,1,1.0
548,2,495.0,341.0,88.0,173.0,1,1,1.0
549,2,502.0,340.0,84.0,165.0,1,1,1.0
550,2,511.0,340.0,75.0,163.0,1,1,1.0
551,2,519.0,338.0,66.0,163.0,1,1,1.0
552,2,531.0,336.0,57.0,166.0,1,1,1.0
553,2,540.0,333.0,58.0,166.0,1,1,1.0
554,2,546.0,331.0,62.0,169.0,1,1,1.0
555,2,553.0,330.0,65.0,169.0,1,1,1.0
556,2,558.0,329.0,71.0,170.0,1,1,1.0
557,2,560.0,329.0,77.0,170.0,1,1,1.0
558,2,563.0,328.0,80.0,170.0,1,1,1.0
559,2,570.0,326.0,77.0,169.0,1,1,1.0
560,2,580.0,324.0,70.0,170.0,1,1,1.0
561,2,592.0,321.0,61.0,168.0,1,1,1.0
562,2,601.0,319.0,53.0,167.0,1,1,1.0
563,2,608.0,318.0,54.0,165.0,1,1,1.0
564,2,614.0,317.0,62.0,161.0,1,1,1.0
565,2,618.0,317.0,71.0,158.0,1,1,1.0
566,2,620.0,317.0,78.0,161.0,1,1,1.0
567,2,623.0,317.0,82.0,163.0,1,1,1.0
568,2,627.0,317.0,82.0,163.0,1,1,1.0
569,2,634.0,316.0,76.0,161.0,1,1,1.0
570,2,645.0,316.0,66.0,157.0,1,1,1.0
571,2,656.0,315.0,56.0,156.0,1,1,1.0
572,2,665.0,314.0,56.0,156.0,1,1,1.0
573,2,671.0,313.0,60.0,157.0,1,1,1.0
574,2,677.0,313.0,63.0,157.0,1,1,1.0
575,2,681.0,313.0,69.0,157.0,1,1,1.0
576,2,683.0,312.0,73.0,158.0,1,1,1.0
577,2,686.0,310.0,74.0,157.0,1,1,1.0
578,2,692.0,308.0,75.0,159.0,1,1,1.0
579,2,703.0,305.0,67.0,156.0,1,1,1.0
580,2,714.0,304.0,58.0,156.0,1,1,1.0
581,2,721.0,299.0,52.0,159.0,1,1,1.0
582,2,725.0,297.0,54.0,161.0,1,1,1.0
583,2,732.0,295.0,59.0,162.0,1,1,1.0
584,2,736.0,294.0,68.0,163.0,1,1,1.0
585,2,738.0,294.0,75.0,163.0,1,1,1.0
586,2,742.0,294.0,79.0,161.0,1,1,1.0
587,2,746.0,294.0,76.0,157.0,1,1,1.0
588,2,757.0,294.0,67.0,154.0,1,1,1.0
589,2,763.0,293.0,61.0,155.0,1,1,1.0
590,2,773.0,290.0,55.0,156.0,1,1,1.0
591,2,782.0,289.0,56.0,157.0,1,1,1.0
592,2,789.0,288.0,56.0,157.0,1,1,1.0
593,2,794.0,288.0,61.0,157.0,1,1,1.0
594,2,798.0,289.0,63.0,151.0,1,1,1.0
595,2,801.0,290.0,67.0,152.0,1,1,1.0
596,2,802.0,291.0,70.0,152.0,1,1,1.0
597,2,804.0,290.0,72.0,152.0,1,1,1.0
598,2,815.0,289.0,66.0,148.0,1,1,1.0
599,2,825.0,288.0,57.0,148.0,1,1,1.0
600,2,835.0,286.0,49.0,144.0,1,1,1.0
601,2,843.0,284.0,47.0,142.0,1,1,1.0
602,2,848.0,283.0,51.0,146.0,1,1,1.0
603,2,850.0,282.0,59.0,149.0,1,1,1.0
604,2,852.0,282.0,67.0,148.0,1,1,1.0
605,2,854.0,282.0,72.0,147.0,1,1,1.0
606,2,856.0,281.0,76.0,146.0,1,1,1.0
607,2,866.0,281.0,67.0,145.0,1,1,1.0
608,2,868.0,280.0,67.0,146.0,1,1,1.0
609,2,880.0,276.0,60.0,149.0,1,1,1.0
610,2,892.0,274.0,56.0,150.0,1,1,1.0
611,2,900.0,273.0,55.0,150.0,1,1,1.0
612,2,906.0,273.0,56.0,151.0,1,1,1.0
613,2,909.0,274.0,59.0,151.0,1,1,1.0
614,2,910.0,274.0,64.0,150.0,1,1,1.0
615,2,911.0,277.0,68.0,147.0,1,1,1.0
616,2,914.0,279.0,69.0,145.0,1,1,1.0
617,2,922.0,280.0,64.0,142.0,1,1,1.0
618,2,932.0,280.0,56.0,138.0,1,1,1.0
619,2,944.0,280.0,46.0,137.0,1,1,1.0
620,2,950.0,280.0,44.0,136.0,1,1,1.0
621,2,955.0,279.0,46.0,137.0,1,1,1.0
622,2,957.0,279.0,55.0,136.0,1,1,1.0
623,2,957.0,280.0,65.0,135.0,1,1,1.0
624,2,959.0,280.0,70.0,133.0,1,1,1.0
625,2,962.0,281.0,71.0,132.0,1,1,1.0
626,2,967.0,280.0,69.0,132.0,1,1,1.0
627,2,976.0,278.0,62.0,135.0,1,1,1.0
628,2,988.0,275.0,56.0,137.0,1,1,1.0
629,2,1001.0,273.0,52.0,138.0,1,1,1.0
630,2,1009.0,273.0,51.0,138.0,1,1,1.0
631,2,1012.0,273.0,54.0,139.0,1,1,1.0
632,2,1015.0,273.0,57.0,139.0,1,1,1.0
633,2,1017.0,272.0,61.0,139.0,1,1,1.0
634,2,1019.0,272.0,64.0,139.0,1,1,1.0
635,2,1023.0,272.0,65.0,139.0,1,1,1.0
636,2,1033.0,272.0,58.0,136.0,1,1,1.0
637,2,1044.0,271.0,51.0,137.0,1,1,1.0
638,2,1054.0,270.0,44.0,137.0,1,1,1.0
639,2,1061.0,269.0,42.0,137.0,1,1,1.0
640,2,1063.0,269.0,49.0,137.0,1,1,1.0
641,2,1065.0,269.0,58.0,135.0,1,1,1.0
642,2,1066.0,270.0,64.0,135.0,1,1,1.0
643,2,1067.0,270.0,69.0,134.0,1,1,1.0
644,2,1070.0,270.0,70.0,134.0,1,1,1.0
645,2,1080.0,271.0,60.0,132.0,1,1,1.0
646,2,1089.0,270.0,56.0,132.0,1,1,1.0
647,2,1099.0,269.0,53.0,133.0,1,1,1.0
648,2,1106.0,268.0,55.0,133.0,1,1,1.0
649,2,1112.0,269.0,56.0,132.0,1,1,1.0
650,2,1111.0,270.0,60.0,131.0,1,1,1.0
651,2,1116.0,271.0,60.0,130.0,1,1,1.0
652,2,1119.0,271.0,60.0,130.0,1,1,1.0
653,2,1122.0,272.0,63.0,129.0,1,1,1.0
654,2,1128.0,272.0,61.0,127.0,1,1,1.0
655,2,1137.0,272.0,55.0,125.0,1,1,1.0
656,2,1143.0,271.0,51.0,125.0,1,1,1.0
657,2,1149.0,270.0,47.0,126.0,1,1,1.0
658,2,1154.0,269.0,43.0,126.0,1,1,1.0
659,2,1157.0,269.0,49.0,126.0,1,1,1.0
660,2,1159.0,269.0,55.0,126.0,1,1,1.0
661,2,1160.0,269.0,58.0,126.0,1,1,1.0
662,2,1161.0,269.0,62.0,126.0,1,1,1.0
663,2,1163.0,270.0,61.0,125.0,1,1,1.0
664,2,1171.0,269.0,56.0,124.0,1,1,1.0
665,2,1178.0,267.0,54.0,125.0,1,1,1.0
666,2,1185.0,265.0,53.0,127.0,1,1,1.0
667,2,1193.0,263.0,49.0,128.0,1,1,1.0
668,2,1199.0,262.0,50.0,130.0,1,1,1.0
669,2,1203.0,262.0,51.0,130.0,1,1,1.0
670,2,1202.0,262.0,56.0,130.0,1,1,1.0
671,2,1205.0,262.0,57.0,130.0,1,1,1.0
672,2,1207.0,262.0,58.0,129.0,1,1,1.0
673,2,1208.0,262.0,61.0,129.0,1,1,1.0
674,2,1219.0,263.0,53.0,126.0,1,1,1.0
675,2,1225.0,263.0,47.0,125.0,1,1,1.0
676,2,1228.0,264.0,48.0,125.0,1,1,1.0
677,2,1235.0,263.0,44.0,125.0,1,1,1.0
678,2,1240.0,263.0,43.0,125.0,1,1,1.0
679,2,1242.0,264.0,49.0,124.0,1,1,1.0
680,2,1243.0,264.0,54.0,124.0,1,1,1.0
