1,1,988.0,225.0,43.0,105.0,1,1,1.0
1,2,951.0,220.0,36.0,108.0,1,1,1.0
2,1,988.0,227.0,43.0,105.0,1,1,1.0
2,2,951.0,220.0,35.0,108.0,1,1,1.0
3,1,986.0,227.0,42.0,105.0,1,1,1.0
3,2,948.0,219.0,35.0,107.0,1,1,1.0
4,1,986.0,228.0,41.0,106.0,1,1,1.0
4,2,947.0,220.0,36.0,108.0,1,1,1.0
5,1,985.0,229.0,41.0,107.0,1,1,1.0
5,2,944.0,222.0,39.0,108.0,1,1,1.0
6,1,983.0,229.0,40.0,107.0,1,1,1.0
6,2,941.0,222.0,40.0,108.0,1,1,1.0
7,1,983.0,230.0,40.0,108.0,1,1,1.0
7,2,941.0,224.0,40.0,109.0,1,1,1.0
8,1,982.0,229.0,41.0,108.0,1,1,1.0
8,2,940.0,224.0,40.0,108.0,1,1,1.0
9,1,978.0,229.0,43.0,108.0,1,1,1.0
9,2,939.0,224.0,39.0,109.0,1,1,1.0
10,1,978.0,229.0,44.0,109.0,1,1,1.0
10,2,938.0,224.0,39.0,110.0,1,1,1.0
11,1,977.0,229.0,45.0,109.0,1,1,1.0
11,2,937.0,224.0,38.0,111.0,1,1,1.0
12,1,976.0,229.0,46.0,110.0,1,1,1.0
12,2,935.0,223.0,39.0,111.0,1,1,1.0
13,1,976.0,230.0,47.0,111.0,1,1,1.0
13,2,932.0,224.0,41.0,111.0,1,1,1.0
14,1,975.0,232.0,48.0,110.0,1,1,1.0
14,2,930.0,225.0,43.0,112.0,1,1,1.0
15,1,974.0,233.0,51.0,110.0,1,1,1.0
15,2,928.0,225.0,45.0,113.0,1,1,1.0
16,1,974.0,234.0,50.0,111.0,1,1,1.0
16,2,927.0,226.0,47.0,114.0,1,1,1.0
17,1,973.0,234.0,50.0,111.0,1,1,1.0
17,2,929.0,227.0,45.0,114.0,1,1,1.0
18,1,973.0,234.0,48.0,111.0,1,1,1.0
18,2,931.0,227.0,42.0,114.0,1,1,1.0
19,1,973.0,234.0,47.0,111.0,1,1,1.0
19,2,934.0,228.0,40.0,114.0,1,1,1.0
20,1,972.0,234.0,46.0,111.0,1,1,1.0
20,2,934.0,227.0,39.0,114.0,1,1,1.0
21,1,971.0,234.0,46.0,111.0,1,1,1.0
21,2,935.0,227.0,37.0,114.0,1,1,1.0
22,1,971.0,235.0,45.0,111.0,1,1,1.0
22,2,935.0,227.0,37.0,114.0,1,1,1.0
23,1,970.0,236.0,44.0,112.0,1,1,1.0
23,2,934.0,227.0,37.0,115.0,1,1,1.0
24,1,969.0,237.0,44.0,112.0,1,1,1.0
24,2,933.0,227.0,38.0,117.0,1,1,1.0
25,1,969.0,238.0,42.0,112.0,1,1,1.0
25,2,933.0,228.0,38.0,117.0,1,1,1.0
26,1,966.0,239.0,41.0,112.0,1,1,1.0
26,2,932.0,228.0,39.0,117.0,1,1,1.0
27,1,965.0,239.0,41.0,113.0,1,1,1.0
27,2,932.0,230.0,39.0,118.0,1,1,1.0
28,1,964.0,240.0,43.0,114.0,1,1,1.0
28,2,931.0,231.0,40.0,118.0,1,1,1.0
29,1,962.0,240.0,45.0,114.0,1,1,1.0
29,2,929.0,231.0,40.0,119.0,1,1,1.0
30,1,961.0,240.0,44.0,114.0,1,1,1.0
30,2,929.0,231.0,40.0,119.0,1,1,1.0
31,1,961.0,240.0,45.0,114.0,1,1,1.0
31,2,929.0,231.0,39.0,118.0,1,1,1.0
32,1,959.0,240.0,46.0,115.0,1,1,1.0
32,2,929.0,231.0,38.0,119.0,1,1,1.0
33,1,958.0,241.0,47.0,116.0,1,1,1.0
33,2,930.0,231.0,36.0,118.0,1,1,1.0
34,1,958.0,242.0,48.0,116.0,1,1,1.0
34,2,931.0,232.0,35.0,119.0,1,1,1.0
35,1,955.0,243.0,50.0,115.0,1,1,1.0
35,2,930.0,233.0,36.0,120.0,1,1,1.0
36,1,956.0,245.0,50.0,116.0,1,1,1.0
36,2,930.0,235.0,39.0,120.0,1,1,1.0
37,1,956.0,246.0,50.0,117.0,1,1,1.0
37,2,930.0,236.0,45.0,122.0,1,1,1.0
38,1,954.0,246.0,53.0,117.0,1,1,1.0
38,2,929.0,236.0,43.0,122.0,1,1,1.0
39,1,953.0,246.0,53.0,118.0,1,1,1.0
39,2,929.0,237.0,39.0,121.0,1,1,1.0
40,1,954.0,246.0,54.0,118.0,1,1,1.0
40,2,928.0,237.0,36.0,123.0,1,1,1.0
41,1,953.0,246.0,51.0,117.0,1,1,1.0
41,2,927.0,237.0,36.0,122.0,1,1,1.0
42,1,952.0,246.0,50.0,118.0,1,1,1.0
42,2,925.0,237.0,37.0,123.0,1,1,1.0
43,1,952.0,246.0,49.0,119.0,1,1,1.0
43,2,922.0,237.0,38.0,124.0,1,1,1.0
44,1,951.0,247.0,48.0,121.0,1,1,1.0
44,2,919.0,237.0,39.0,124.0,1,1,1.0
45,1,950.0,250.0,54.0,121.0,1,1,1.0
45,2,918.0,238.0,41.0,124.0,1,1,1.0
46,1,947.0,250.0,56.0,122.0,1,1,1.0
46,2,915.0,240.0,43.0,124.0,1,1,1.0
47,1,946.0,251.0,54.0,122.0,1,1,1.0
47,2,913.0,242.0,43.0,125.0,1,1,1.0
48,1,946.0,251.0,53.0,122.0,1,1,1.0
48,2,911.0,242.0,44.0,125.0,1,1,1.0
49,1,950.0,250.0,47.0,123.0,1,1,1.0
49,2,909.0,242.0,44.0,127.0,1,1,1.0
50,1,952.0,250.0,46.0,123.0,1,1,1.0
50,2,909.0,242.0,44.0,127.0,1,1,1.0
51,1,952.0,250.0,46.0,123.0,1,1,1.0
51,2,910.0,241.0,43.0,127.0,1,1,1.0
52,1,951.0,250.0,47.0,125.0,1,1,1.0
52,2,911.0,240.0,43.0,128.0,1,1,1.0
53,1,950.0,251.0,49.0,126.0,1,1,1.0
53,2,911.0,241.0,42.0,128.0,1,1,1.0
54,1,949.0,252.0,51.0,127.0,1,1,1.0
54,2,911.0,242.0,42.0,130.0,1,1,1.0
55,1,948.0,252.0,52.0,129.0,1,1,1.0
55,2,910.0,242.0,43.0,131.0,1,1,1.0
56,1,949.0,253.0,53.0,129.0,1,1,1.0
56,2,911.0,243.0,43.0,132.0,1,1,1.0
57,1,950.0,254.0,54.0,129.0,1,1,1.0
57,2,912.0,245.0,43.0,131.0,1,1,1.0
58,1,948.0,254.0,55.0,129.0,1,1,1.0
58,2,910.0,245.0,44.0,129.0,1,1,1.0
59,1,949.0,254.0,56.0,130.0,1,1,1.0
59,2,910.0,246.0,45.0,130.0,1,1,1.0
60,1,949.0,254.0,57.0,130.0,1,1,1.0
60,2,910.0,245.0,47.0,133.0,1,1,1.0
61,1,951.0,254.0,58.0,131.0,1,1,1.0
61,2,910.0,245.0,51.0,133.0,1,1,1.0
62,1,953.0,254.0,56.0,133.0,1,1,1.0
62,2,909.0,246.0,47.0,133.0,1,1,1.0
63,1,951.0,254.0,55.0,134.0,1,1,1.0
63,2,907.0,246.0,51.0,133.0,1,1,1.0
64,1,953.0,255.0,52.0,135.0,1,1,1.0
64,2,906.0,247.0,49.0,132.0,1,1,1.0
65,1,955.0,257.0,56.0,135.0,1,1,1.0
65,2,906.0,248.0,49.0,134.0,1,1,1.0
66,1,958.0,258.0,55.0,135.0,1,1,1.0
66,2,906.0,250.0,56.0,135.0,1,1,1.0
67,1,957.0,258.0,55.0,135.0,1,1,1.0
67,2,904.0,250.0,57.0,136.0,1,1,1.0
68,1,956.0,258.0,57.0,136.0,1,1,1.0
68,2,902.0,250.0,61.0,137.0,1,1,1.0
69,1,958.0,259.0,53.0,137.0,1,1,1.0
69,2,901.0,251.0,63.0,138.0,1,1,1.0
70,1,959.0,258.0,52.0,138.0,1,1,1.0
70,2,900.0,250.0,62.0,138.0,1,1,1.0
71,1,960.0,258.0,50.0,137.0,1,1,1.0
71,2,900.0,250.0,61.0,138.0,1,1,1.0
72,1,962.0,259.0,48.0,139.0,1,1,1.0
72,2,902.0,250.0,59.0,138.0,1,1,1.0
73,1,963.0,260.0,51.0,141.0,1,1,1.0
73,2,902.0,250.0,57.0,141.0,1,1,1.0
74,1,964.0,261.0,54.0,141.0,1,1,1.0
74,2,903.0,252.0,54.0,141.0,1,1,1.0
75,1,964.0,264.0,57.0,140.0,1,1,1.0
75,2,904.0,254.0,52.0,141.0,1,1,1.0
76,1,962.0,265.0,61.0,140.0,1,1,1.0
76,2,905.0,255.0,49.0,141.0,1,1,1.0
77,1,963.0,265.0,58.0,140.0,1,1,1.0
77,2,906.0,257.0,46.0,141.0,1,1,1.0
78,1,964.0,265.0,54.0,141.0,1,1,1.0
78,2,907.0,258.0,44.0,141.0,1,1,1.0
79,1,965.0,265.0,53.0,141.0,1,1,1.0
79,2,908.0,258.0,44.0,140.0,1,1,1.0
80,1,966.0,265.0,54.0,142.0,1,1,1.0
80,2,909.0,258.0,44.0,141.0,1,1,1.0
81,1,965.0,265.0,55.0,142.0,1,1,1.0
81,2,908.0,258.0,45.0,141.0,1,1,1.0
82,1,964.0,265.0,57.0,143.0,1,1,1.0
82,2,907.0,257.0,46.0,142.0,1,1,1.0
83,1,963.0,269.0,58.0,143.0,1,1,1.0
83,2,907.0,258.0,47.0,143.0,1,1,1.0
84,1,963.0,270.0,59.0,143.0,1,1,1.0
84,2,907.0,260.0,48.0,144.0,1,1,1.0
85,1,962.0,271.0,60.0,145.0,1,1,1.0
85,2,905.0,261.0,49.0,145.0,1,1,1.0
86,1,963.0,271.0,60.0,147.0,1,1,1.0
86,2,905.0,262.0,50.0,146.0,1,1,1.0
87,1,963.0,272.0,61.0,147.0,1,1,1.0
87,2,905.0,263.0,49.0,147.0,1,1,1.0
88,1,963.0,272.0,60.0,147.0,1,1,1.0
88,2,905.0,264.0,48.0,147.0,1,1,1.0
89,1,965.0,272.0,59.0,147.0,1,1,1.0
89,2,906.0,265.0,48.0,147.0,1,1,1.0
90,1,966.0,272.0,58.0,147.0,1,1,1.0
90,2,906.0,264.0,47.0,147.0,1,1,1.0
91,1,966.0,272.0,58.0,147.0,1,1,1.0
91,2,907.0,263.0,47.0,148.0,1,1,1.0
92,1,966.0,272.0,58.0,148.0,1,1,1.0
92,2,908.0,264.0,47.0,148.0,1,1,1.0
93,1,966.0,272.0,58.0,151.0,1,1,1.0
93,2,909.0,265.0,46.0,150.0,1,1,1.0
94,1,966.0,273.0,58.0,155.0,1,1,1.0
94,2,909.0,267.0,47.0,151.0,1,1,1.0
95,1,966.0,273.0,59.0,157.0,1,1,1.0
95,2,911.0,268.0,48.0,152.0,1,1,1.0
96,1,966.0,274.0,59.0,158.0,1,1,1.0
96,2,912.0,269.0,49.0,154.0,1,1,1.0
97,1,966.0,274.0,60.0,159.0,1,1,1.0
97,2,913.0,270.0,49.0,154.0,1,1,1.0
98,1,966.0,278.0,61.0,150.0,1,1,1.0
98,2,914.0,272.0,49.0,153.0,1,1,1.0
99,1,966.0,278.0,60.0,153.0,1,1,1.0
99,2,915.0,272.0,49.0,153.0,1,1,1.0
100,1,964.0,279.0,60.0,154.0,1,1,1.0
100,2,914.0,271.0,49.0,154.0,1,1,1.0
101,1,965.0,280.0,59.0,153.0,1,1,1.0
101,2,914.0,271.0,50.0,154.0,1,1,1.0
102,1,964.0,282.0,59.0,152.0,1,1,1.0
102,2,913.0,271.0,50.0,154.0,1,1,1.0
103,1,961.0,284.0,61.0,153.0,1,1,1.0
103,2,912.0,271.0,52.0,157.0,1,1,1.0
104,1,959.0,286.0,60.0,155.0,1,1,1.0
104,2,911.0,271.0,54.0,160.0,1,1,1.0
105,1,957.0,287.0,60.0,157.0,1,1,1.0
105,2,910.0,274.0,55.0,160.0,1,1,1.0
106,1,957.0,288.0,58.0,157.0,1,1,1.0
106,2,909.0,277.0,54.0,160.0,1,1,1.0
107,1,956.0,290.0,57.0,158.0,1,1,1.0
107,2,908.0,279.0,54.0,159.0,1,1,1.0
108,1,954.0,290.0,57.0,158.0,1,1,1.0
108,2,905.0,280.0,55.0,159.0,1,1,1.0
109,1,953.0,290.0,59.0,158.0,1,1,1.0
109,2,905.0,280.0,56.0,159.0,1,1,1.0
110,1,951.0,290.0,58.0,158.0,1,1,1.0
110,2,905.0,279.0,55.0,159.0,1,1,1.0
111,1,950.0,290.0,57.0,159.0,1,1,1.0
111,2,906.0,279.0,54.0,161.0,1,1,1.0
112,1,949.0,290.0,56.0,159.0,1,1,1.0
112,2,907.0,279.0,54.0,161.0,1,1,1.0
113,1,948.0,291.0,55.0,161.0,1,1,1.0
113,2,907.0,280.0,53.0,165.0,1,1,1.0
114,1,947.0,293.0,54.0,165.0,1,1,1.0
114,2,907.0,282.0,51.0,164.0,1,1,1.0
115,1,947.0,295.0,54.0,165.0,1,1,1.0
115,2,907.0,284.0,49.0,165.0,1,1,1.0
116,1,946.0,297.0,55.0,165.0,1,1,1.0
116,2,907.0,286.0,48.0,167.0,1,1,1.0
117,1,945.0,297.0,56.0,167.0,1,1,1.0
117,2,907.0,287.0,46.0,167.0,1,1,1.0
118,1,943.0,297.0,57.0,168.0,1,1,1.0
118,2,906.0,287.0,46.0,168.0,1,1,1.0
119,1,941.0,298.0,59.0,168.0,1,1,1.0
119,2,906.0,287.0,47.0,167.0,1,1,1.0
120,1,939.0,298.0,60.0,168.0,1,1,1.0
120,2,903.0,287.0,48.0,166.0,1,1,1.0
121,1,938.0,299.0,60.0,167.0,1,1,1.0
121,2,900.0,288.0,51.0,166.0,1,1,1.0
122,1,937.0,299.0,59.0,167.0,1,1,1.0
122,2,898.0,288.0,52.0,167.0,1,1,1.0
123,1,937.0,301.0,58.0,168.0,1,1,1.0
123,2,897.0,290.0,52.0,170.0,1,1,1.0
124,1,936.0,303.0,58.0,171.0,1,1,1.0
124,2,895.0,292.0,54.0,171.0,1,1,1.0
125,1,935.0,305.0,57.0,172.0,1,1,1.0
125,2,893.0,293.0,54.0,173.0,1,1,1.0
126,1,933.0,307.0,57.0,173.0,1,1,1.0
126,2,891.0,295.0,55.0,174.0,1,1,1.0
127,2,889.0,297.0,57.0,176.0,1,1,1.0
128,2,885.0,297.0,58.0,176.0,1,1,1.0
129,1,928.0,311.0,63.0,173.0,1,1,1.0
129,2,882.0,298.0,59.0,176.0,1,1,1.0
130,1,925.0,311.0,62.0,174.0,1,1,1.0
130,2,879.0,298.0,60.0,176.0,1,1,1.0
131,1,923.0,311.0,62.0,174.0,1,1,1.0
131,2,877.0,298.0,58.0,176.0,1,1,1.0
132,1,920.0,311.0,65.0,174.0,1,1,1.0
132,2,875.0,299.0,58.0,177.0,1,1,1.0
133,1,918.0,312.0,68.0,179.0,1,1,1.0
133,2,874.0,300.0,57.0,180.0,1,1,1.0
134,1,916.0,314.0,69.0,183.0,1,1,1.0
134,2,873.0,303.0,55.0,180.0,1,1,1.0
135,1,915.0,317.0,70.0,183.0,1,1,1.0
135,2,872.0,305.0,52.0,180.0,1,1,1.0
136,1,915.0,320.0,69.0,184.0,1,1,1.0
136,2,870.0,306.0,54.0,183.0,1,1,1.0
137,1,913.0,322.0,70.0,185.0,1,1,1.0
137,2,867.0,308.0,56.0,184.0,1,1,1.0
138,1,913.0,323.0,70.0,185.0,1,1,1.0
138,2,866.0,309.0,55.0,184.0,1,1,1.0
139,1,913.0,324.0,68.0,184.0,1,1,1.0
139,2,865.0,309.0,54.0,184.0,1,1,1.0
140,1,916.0,325.0,63.0,184.0,1,1,1.0
140,2,864.0,309.0,54.0,185.0,1,1,1.0
141,1,910.0,325.0,68.0,185.0,1,1,1.0
141,2,862.0,310.0,55.0,183.0,1,1,1.0
142,1,906.0,326.0,70.0,185.0,1,1,1.0
142,2,860.0,310.0,55.0,185.0,1,1,1.0
143,1,904.0,327.0,71.0,188.0,1,1,1.0
143,2,856.0,313.0,56.0,188.0,1,1,1.0
144,1,901.0,329.0,72.0,191.0,1,1,1.0
144,2,853.0,315.0,57.0,189.0,1,1,1.0
145,1,898.0,331.0,72.0,192.0,1,1,1.0
145,2,853.0,318.0,55.0,191.0,1,1,1.0
146,1,895.0,334.0,73.0,194.0,1,1,1.0
146,2,851.0,320.0,55.0,193.0,1,1,1.0
147,1,891.0,336.0,75.0,195.0,1,1,1.0
147,2,846.0,322.0,60.0,194.0,1,1,1.0
148,1,889.0,338.0,82.0,195.0,1,1,1.0
148,2,840.0,323.0,61.0,195.0,1,1,1.0
149,1,886.0,339.0,88.0,195.0,1,1,1.0
149,2,835.0,324.0,64.0,194.0,1,1,1.0
150,1,884.0,340.0,82.0,194.0,1,1,1.0
150,2,832.0,324.0,66.0,194.0,1,1,1.0
151,1,882.0,340.0,81.0,194.0,1,1,1.0
151,2,831.0,324.0,64.0,193.0,1,1,1.0
152,1,880.0,340.0,85.0,194.0,1,1,1.0
152,2,832.0,326.0,62.0,195.0,1,1,1.0
153,1,877.0,341.0,89.0,199.0,1,1,1.0
153,2,832.0,327.0,62.0,197.0,1,1,1.0
154,1,875.0,343.0,89.0,203.0,1,1,1.0
154,2,832.0,330.0,67.0,199.0,1,1,1.0
155,1,874.0,346.0,89.0,204.0,1,1,1.0
155,2,831.0,332.0,66.0,200.0,1,1,1.0
156,1,873.0,349.0,89.0,207.0,1,1,1.0
156,2,831.0,334.0,63.0,202.0,1,1,1.0
157,1,871.0,352.0,89.0,208.0,1,1,1.0
157,2,830.0,337.0,61.0,203.0,1,1,1.0
158,1,871.0,355.0,88.0,207.0,1,1,1.0
158,2,829.0,338.0,61.0,203.0,1,1,1.0
159,1,870.0,356.0,86.0,207.0,1,1,1.0
159,2,826.0,339.0,63.0,203.0,1,1,1.0
160,1,868.0,357.0,85.0,206.0,1,1,1.0
160,2,823.0,339.0,61.0,202.0,1,1,1.0
161,1,867.0,357.0,81.0,206.0,1,1,1.0
161,2,821.0,340.0,61.0,201.0,1,1,1.0
162,1,865.0,358.0,79.0,206.0,1,1,1.0
162,2,819.0,342.0,60.0,204.0,1,1,1.0
163,1,862.0,359.0,78.0,212.0,1,1,1.0
163,2,817.0,344.0,60.0,207.0,1,1,1.0
164,1,859.0,361.0,78.0,217.0,1,1,1.0
164,2,815.0,346.0,61.0,209.0,1,1,1.0
165,1,856.0,366.0,77.0,220.0,1,1,1.0
165,2,811.0,351.0,64.0,213.0,1,1,1.0
166,1,853.0,369.0,79.0,220.0,1,1,1.0
166,2,807.0,354.0,66.0,214.0,1,1,1.0
167,1,851.0,372.0,85.0,220.0,1,1,1.0
167,2,803.0,355.0,68.0,215.0,1,1,1.0
168,1,849.0,373.0,94.0,219.0,1,1,1.0
168,2,799.0,355.0,69.0,216.0,1,1,1.0
169,1,847.0,374.0,87.0,218.0,1,1,1.0
169,2,796.0,355.0,70.0,216.0,1,1,1.0
170,1,846.0,375.0,86.0,217.0,1,1,1.0
170,2,796.0,355.0,69.0,215.0,1,1,1.0
171,1,844.0,376.0,96.0,216.0,1,1,1.0
171,2,795.0,357.0,69.0,218.0,1,1,1.0
172,1,842.0,378.0,100.0,218.0,1,1,1.0
172,2,795.0,360.0,66.0,222.0,1,1,1.0
173,1,842.0,380.0,96.0,224.0,1,1,1.0
173,2,795.0,364.0,65.0,222.0,1,1,1.0
174,1,841.0,383.0,106.0,228.0,1,1,1.0
174,2,795.0,367.0,65.0,224.0,1,1,1.0
175,1,841.0,387.0,104.0,229.0,1,1,1.0
175,2,795.0,371.0,66.0,227.0,1,1,1.0
176,1,841.0,390.0,98.0,231.0,1,1,1.0
176,2,794.0,373.0,67.0,227.0,1,1,1.0
177,1,842.0,392.0,95.0,231.0,1,1,1.0
177,2,793.0,375.0,67.0,226.0,1,1,1.0
178,1,842.0,394.0,94.0,231.0,1,1,1.0
178,2,791.0,376.0,68.0,225.0,1,1,1.0
179,1,842.0,394.0,93.0,230.0,1,1,1.0
179,2,790.0,376.0,68.0,225.0,1,1,1.0
180,1,841.0,395.0,92.0,229.0,1,1,1.0
180,2,787.0,377.0,69.0,225.0,1,1,1.0
181,1,840.0,396.0,90.0,228.0,1,1,1.0
181,2,783.0,378.0,72.0,231.0,1,1,1.0
182,1,839.0,398.0,90.0,233.0,1,1,1.0
182,2,781.0,382.0,72.0,234.0,1,1,1.0
183,1,837.0,400.0,89.0,241.0,1,1,1.0
183,2,781.0,386.0,73.0,236.0,1,1,1.0
184,1,836.0,403.0,89.0,244.0,1,1,1.0
184,2,779.0,390.0,77.0,238.0,1,1,1.0
185,1,833.0,411.0,89.0,248.0,1,1,1.0
185,2,773.0,395.0,79.0,240.0,1,1,1.0
186,1,831.0,414.0,90.0,249.0,1,1,1.0
186,2,767.0,398.0,83.0,241.0,1,1,1.0
187,1,829.0,416.0,91.0,249.0,1,1,1.0
187,2,762.0,399.0,84.0,241.0,1,1,1.0
188,1,827.0,419.0,93.0,247.0,1,1,1.0
188,2,759.0,399.0,83.0,241.0,1,1,1.0
189,1,825.0,420.0,95.0,246.0,1,1,1.0
189,2,758.0,400.0,79.0,241.0,1,1,1.0
190,1,823.0,421.0,98.0,245.0,1,1,1.0
190,2,757.0,402.0,78.0,246.0,1,1,1.0
191,1,821.0,423.0,102.0,245.0,1,1,1.0
191,2,756.0,406.0,76.0,252.0,1,1,1.0
192,1,819.0,425.0,106.0,251.0,1,1,1.0
192,2,751.0,410.0,80.0,254.0,1,1,1.0
193,1,817.0,429.0,109.0,258.0,1,1,1.0
193,2,747.0,413.0,84.0,259.0,1,1,1.0
194,1,816.0,433.0,111.0,260.0,1,1,1.0
194,2,744.0,418.0,88.0,260.0,1,1,1.0
195,1,816.0,437.0,112.0,264.0,1,1,1.0
195,2,742.0,421.0,89.0,259.0,1,1,1.0
196,1,815.0,440.0,109.0,264.0,1,1,1.0
196,2,739.0,422.0,91.0,258.0,1,1,1.0
197,1,815.0,442.0,107.0,264.0,1,1,1.0
197,2,736.0,423.0,94.0,257.0,1,1,1.0
198,1,814.0,444.0,107.0,263.0,1,1,1.0
198,2,734.0,424.0,96.0,256.0,1,1,1.0
199,1,813.0,445.0,107.0,263.0,1,1,1.0
199,2,734.0,425.0,95.0,256.0,1,1,1.0
200,1,812.0,446.0,105.0,261.0,1,1,1.0
200,2,736.0,428.0,92.0,263.0,1,1,1.0
201,1,812.0,448.0,104.0,259.0,1,1,1.0
201,2,736.0,431.0,89.0,268.0,1,1,1.0
202,1,811.0,451.0,102.0,267.0,1,1,1.0
202,2,738.0,436.0,84.0,270.0,1,1,1.0
203,1,810.0,454.0,101.0,276.0,1,1,1.0
203,2,737.0,441.0,83.0,275.0,1,1,1.0
204,1,809.0,459.0,101.0,278.0,1,1,1.0
204,2,734.0,445.0,85.0,278.0,1,1,1.0
205,1,806.0,465.0,101.0,284.0,1,1,1.0
205,2,726.0,449.0,96.0,276.0,1,1,1.0
206,1,803.0,469.0,104.0,285.0,1,1,1.0
206,2,720.0,450.0,103.0,275.0,1,1,1.0
207,1,800.0,472.0,107.0,284.0,1,1,1.0
207,2,716.0,452.0,104.0,274.0,1,1,1.0
208,1,798.0,474.0,109.0,282.0,1,1,1.0
208,2,715.0,454.0,103.0,273.0,1,1,1.0
209,1,796.0,475.0,112.0,281.0,1,1,1.0
209,2,715.0,456.0,98.0,282.0,1,1,1.0
210,1,793.0,477.0,115.0,279.0,1,1,1.0
210,2,715.0,460.0,92.0,289.0,1,1,1.0
211,1,791.0,480.0,117.0,285.0,1,1,1.0
211,2,716.0,465.0,87.0,292.0,1,1,1.0
212,1,790.0,484.0,117.0,295.0,1,1,1.0
212,2,716.0,469.0,86.0,296.0,1,1,1.0
213,1,789.0,489.0,118.0,298.0,1,1,1.0
213,2,716.0,474.0,85.0,299.0,1,1,1.0
214,1,789.0,494.0,119.0,300.0,1,1,1.0
214,2,714.0,478.0,85.0,298.0,1,1,1.0
215,1,789.0,499.0,120.0,305.0,1,1,1.0
215,2,712.0,480.0,86.0,297.0,1,1,1.0
216,1,789.0,503.0,121.0,307.0,1,1,1.0
216,2,709.0,481.0,91.0,296.0,1,1,1.0
217,1,790.0,506.0,122.0,307.0,1,1,1.0
217,2,704.0,481.0,98.0,295.0,1,1,1.0
218,1,790.0,510.0,123.0,303.0,1,1,1.0
218,2,703.0,484.0,99.0,292.0,1,1,1.0
219,1,790.0,512.0,124.0,301.0,1,1,1.0
219,2,701.0,488.0,100.0,300.0,1,1,1.0
220,1,789.0,514.0,123.0,300.0,1,1,1.0
220,2,699.0,492.0,101.0,308.0,1,1,1.0
221,1,788.0,517.0,122.0,302.0,1,1,1.0
221,2,697.0,499.0,100.0,314.0,1,1,1.0
222,1,787.0,521.0,123.0,315.0,1,1,1.0
222,2,692.0,504.0,102.0,315.0,1,1,1.0
223,1,786.0,527.0,126.0,324.0,1,1,1.0
223,2,687.0,510.0,104.0,319.0,1,1,1.0
224,1,785.0,532.0,130.0,326.0,1,1,1.0
224,2,681.0,514.0,107.0,319.0,1,1,1.0
225,1,783.0,538.0,133.0,330.0,1,1,1.0
225,2,676.0,517.0,113.0,318.0,1,1,1.0
226,1,781.0,544.0,129.0,335.0,1,1,1.0
226,2,670.0,518.0,115.0,316.0,1,1,1.0
227,1,780.0,548.0,128.0,335.0,1,1,1.0
227,2,667.0,520.0,122.0,314.0,1,1,1.0
228,1,779.0,552.0,129.0,332.0,1,1,1.0
228,2,665.0,524.0,134.0,312.0,1,1,1.0
229,1,779.0,555.0,138.0,330.0,1,1,1.0
229,2,664.0,527.0,139.0,322.0,1,1,1.0
230,1,778.0,558.0,139.0,327.0,1,1,1.0
230,2,663.0,532.0,131.0,333.0,1,1,1.0
231,1,778.0,561.0,147.0,323.0,1,1,1.0
231,2,663.0,538.0,119.0,339.0,1,1,1.0
232,1,777.0,565.0,153.0,334.0,1,1,1.0
232,2,656.0,545.0,121.0,344.0,1,1,1.0
233,1,777.0,571.0,152.0,346.0,1,1,1.0
233,2,649.0,551.0,126.0,345.0,1,1,1.0
234,1,776.0,579.0,150.0,350.0,1,1,1.0
234,2,644.0,556.0,129.0,344.0,1,1,1.0
235,1,776.0,587.0,146.0,354.0,1,1,1.0
235,2,643.0,560.0,129.0,341.0,1,1,1.0
236,1,777.0,593.0,143.0,360.0,1,1,1.0
236,2,647.0,562.0,124.0,340.0,1,1,1.0
237,1,776.0,599.0,143.0,361.0,1,1,1.0
237,2,647.0,564.0,122.0,338.0,1,1,1.0
238,1,776.0,603.0,145.0,359.0,1,1,1.0
238,2,644.0,568.0,119.0,333.0,1,1,1.0
239,1,774.0,606.0,147.0,356.0,1,1,1.0
239,2,641.0,573.0,117.0,345.0,1,1,1.0
240,1,773.0,610.0,148.0,352.0,1,1,1.0
240,2,638.0,579.0,116.0,356.0,1,1,1.0
241,1,770.0,614.0,150.0,347.0,1,1,1.0
241,2,633.0,587.0,117.0,362.0,1,1,1.0
242,1,767.0,620.0,150.0,360.0,1,1,1.0
242,2,628.0,595.0,119.0,371.0,1,1,1.0
243,1,766.0,626.0,149.0,377.0,1,1,1.0
243,2,623.0,602.0,122.0,373.0,1,1,1.0
244,1,764.0,634.0,148.0,391.0,1,1,1.0
244,2,617.0,608.0,128.0,370.0,1,1,1.0
245,1,762.0,643.0,148.0,395.0,1,1,1.0
245,2,611.0,613.0,134.0,367.0,1,1,1.0
246,1,760.0,651.0,147.0,397.0,1,1,1.0
246,2,605.0,616.0,131.0,364.0,1,1,1.0
247,1,759.0,658.0,147.0,395.0,1,1,1.0
247,2,600.0,619.0,128.0,361.0,1,1,1.0
248,1,757.0,664.0,149.0,390.0,1,1,1.0
248,2,598.0,623.0,128.0,357.0,1,1,1.0
249,1,755.0,669.0,151.0,386.0,1,1,1.0
249,2,594.0,629.0,131.0,373.0,1,1,1.0
250,1,753.0,673.0,155.0,381.0,1,1,1.0
250,2,593.0,636.0,131.0,388.0,1,1,1.0
251,1,752.0,679.0,159.0,374.0,1,1,1.0
251,2,592.0,643.0,133.0,396.0,1,1,1.0
252,1,750.0,686.0,163.0,382.0,1,1,1.0
252,2,592.0,652.0,135.0,402.0,1,1,1.0
253,1,750.0,694.0,168.0,383.0,1,1,1.0
253,2,591.0,660.0,135.0,404.0,1,1,1.0
254,1,749.0,705.0,173.0,376.0,1,1,1.0
254,2,586.0,667.0,141.0,400.0,1,1,1.0
255,1,749.0,714.0,180.0,367.0,1,1,1.0
255,2,579.0,672.0,147.0,396.0,1,1,1.0
256,1,749.0,725.0,180.0,356.0,1,1,1.0
256,2,570.0,677.0,153.0,392.0,1,1,1.0
257,1,749.0,734.0,179.0,347.0,1,1,1.0
257,2,575.0,682.0,145.0,386.0,1,1,1.0
258,1,748.0,741.0,181.0,340.0,1,1,1.0
258,2,575.0,687.0,146.0,380.0,1,1,1.0
259,1,747.0,748.0,185.0,332.0,1,1,1.0
259,2,572.0,694.0,148.0,382.0,1,1,1.0
260,1,743.0,754.0,188.0,326.0,1,1,1.0
260,2,566.0,703.0,152.0,376.0,1,1,1.0
261,1,740.0,762.0,191.0,318.0,1,1,1.0
261,2,560.0,714.0,153.0,367.0,1,1,1.0
262,1,736.0,769.0,190.0,311.0,1,1,1.0
262,2,554.0,724.0,156.0,357.0,1,1,1.0
263,1,735.0,778.0,188.0,302.0,1,1,1.0
263,2,546.0,734.0,172.0,347.0,1,1,1.0
264,1,731.0,789.0,187.0,291.0,1,1,1.0
264,2,537.0,743.0,193.0,338.0,1,1,1.0
265,1,728.0,801.0,187.0,278.0,1,1,1.0
265,2,528.0,750.0,209.0,330.0,1,1,1.0
266,1,724.0,815.0,187.0,264.0,1,1,1.0
266,2,521.0,755.0,214.0,324.0,1,1,1.0
267,1,720.0,827.0,188.0,252.0,1,1,1.0
267,2,516.0,761.0,197.0,319.0,1,1,1.0
268,1,717.0,838.0,189.0,241.0,1,1,1.0
268,2,510.0,767.0,180.0,312.0,1,1,1.0
269,1,714.0,848.0,192.0,231.0,1,1,1.0
269,2,503.0,775.0,175.0,304.0,1,1,1.0
270,1,710.0,857.0,196.0,222.0,1,1,1.0
270,2,498.0,785.0,176.0,294.0,1,1,1.0
271,1,707.0,865.0,201.0,214.0,1,1,1.0
271,2,498.0,796.0,178.0,283.0,1,1,1.0
272,1,704.0,875.0,206.0,204.0,1,1,1.0
272,2,499.0,808.0,179.0,271.0,1,1,1.0
273,1,702.0,887.0,210.0,192.0,1,1,1.0
273,2,500.0,820.0,179.0,259.0,1,1,1.0
274,1,700.0,900.0,214.0,179.0,1,1,1.0
274,2,497.0,830.0,179.0,249.0,1,1,1.0
275,1,697.0,916.0,217.0,163.0,1,1,1.0
275,2,494.0,838.0,176.0,240.0,1,1,1.0
276,1,696.0,932.0,214.0,147.0,1,1,1.0
276,2,490.0,846.0,172.0,232.0,1,1,1.0
277,1,696.0,946.0,211.0,133.0,1,1,1.0
277,2,481.0,854.0,178.0,225.0,1,1,1.0
278,1,695.0,959.0,201.0,120.0,1,1,1.0
278,2,477.0,862.0,179.0,216.0,1,1,1.0
279,1,695.0,970.0,193.0,108.0,1,1,1.0
279,2,476.0,871.0,174.0,207.0,1,1,1.0
280,1,696.0,982.0,180.0,97.0,1,1,1.0
280,2,475.0,883.0,165.0,195.0,1,1,1.0
281,1,699.0,993.0,159.0,85.0,1,1,1.0
281,2,469.0,897.0,161.0,182.0,1,1,1.0
282,1,704.0,1006.0,123.0,72.0,1,1,1.0
282,2,464.0,910.0,153.0,169.0,1,1,1.0
283,2,458.0,922.0,152.0,156.0,1,1,1.0
284,2,453.0,932.0,150.0,146.0,1,1,1.0
285,2,446.0,941.0,147.0,137.0,1,1,1.0
286,2,439.0,950.0,145.0,129.0,1,1,1.0
287,2,433.0,959.0,137.0,119.0,1,1,1.0
288,2,428.0,968.0,126.0,110.0,1,1,1.0
289,2,424.0,978.0,110.0,100.0,1,1,1.0
290,2,419.0,991.0,104.0,88.0,1,1,1.0
291,2,414.0,1006.0,101.0,72.0,1,1,1.0
292,2,410.0,1022.0,100.0,57.0,1,1,1.0
294,2,410.0,1048.0,86.0,31.0,1,1,1.0
482,3,0.0,528.0,72.0,238.0,1,1,1.0
483,3,0.0,525.0,85.0,240.0,1,1,1.0
484,3,0.0,522.0,93.0,241.0,1,1,1.0
485,3,0.0,518.0,96.0,240.0,1,1,1.0
486,3,0.0,513.0,95.0,238.0,1,1,1.0
487,3,8.0,507.0,88.0,235.0,1,1,1.0
488,3,19.0,504.0,77.0,236.0,1,1,1.0
489,3,27.0,501.0,68.0,237.0,1,1,1.0
490,3,34.0,498.0,76.0,240.0,1,1,1.0
491,3,39.0,497.0,92.0,241.0,1,1,1.0
492,3,42.0,496.0,104.0,242.0,1,1,1.0
493,3,51.0,494.0,107.0,242.0,1,1,1.0
494,3,58.0,493.0,107.0,242.0,1,1,1.0
495,3,63.0,491.0,104.0,242.0,1,1,1.0
496,3,68.0,487.0,99.0,233.0,1,1,1.0
497,3,75.0,484.0,93.0,234.0,1,1,1.0
498,3,80.0,481.0,87.0,233.0,1,1,1.0
499,3,88.0,478.0,79.0,233.0,1,1,1.0
499,4,0.0,488.0,46.0,211.0,1,1,1.0
500,3,101.0,477.0,83.0,232.0,1,1,1.0
500,4,0.0,488.0,63.0,213.0,1,1,1.0
501,3,107.0,476.0,99.0,233.0,1,1,1.0
501,4,0.0,486.0,78.0,213.0,1,1,1.0
502,3,110.0,475.0,117.0,233.0,1,1,1.0
502,4,0.0,485.0,88.0,213.0,1,1,1.0
503,3,119.0,475.0,123.0,233.0,1,1,1.0
503,4,0.0,483.0,93.0,211.0,1,1,1.0
504,3,123.0,474.0,126.0,231.0,1,1,1.0
504,4,0.0,480.0,93.0,210.0,1,1,1.0
505,3,130.0,471.0,122.0,231.0,1,1,1.0
505,4,3.0,477.0,91.0,209.0,1,1,1.0
506,3,140.0,469.0,115.0,231.0,1,1,1.0
506,4,12.0,473.0,82.0,203.0,1,1,1.0
507,3,147.0,466.0,107.0,230.0,1,1,1.0
507,4,13.0,468.0,80.0,203.0,1,1,1.0
508,3,157.0,462.0,97.0,233.0,1,1,1.0
508,4,18.0,464.0,77.0,204.0,1,1,1.0
509,3,166.0,460.0,88.0,234.0,1,1,1.0
509,4,30.0,463.0,79.0,205.0,1,1,1.0
510,3,174.0,457.0,87.0,236.0,1,1,1.0
510,4,40.0,461.0,88.0,205.0,1,1,1.0
511,3,190.0,456.0,95.0,238.0,1,1,1.0
511,4,41.0,460.0,105.0,206.0,1,1,1.0
512,3,196.0,456.0,110.0,238.0,1,1,1.0
512,4,45.0,460.0,114.0,207.0,1,1,1.0
513,3,199.0,455.0,120.0,238.0,1,1,1.0
513,4,53.0,456.0,111.0,209.0,1,1,1.0
514,3,208.0,455.0,120.0,237.0,1,1,1.0
514,4,62.0,454.0,105.0,209.0,1,1,1.0
515,3,217.0,453.0,115.0,238.0,1,1,1.0
515,4,67.0,450.0,101.0,208.0,1,1,1.0
517,3,235.0,448.0,97.0,236.0,1,1,1.0
517,4,77.0,443.0,91.0,204.0,1,1,1.0
518,3,245.0,444.0,86.0,233.0,1,1,1.0
518,4,106.0,441.0,70.0,204.0,1,1,1.0
519,3,255.0,441.0,82.0,233.0,1,1,1.0
519,4,120.0,439.0,79.0,203.0,1,1,1.0
520,3,268.0,439.0,85.0,232.0,1,1,1.0
521,3,276.0,439.0,102.0,232.0,1,1,1.0
521,4,112.0,438.0,123.0,203.0,1,1,1.0
522,3,279.0,438.0,120.0,231.0,1,1,1.0
522,4,123.0,437.0,123.0,199.0,1,1,1.0
523,3,282.0,437.0,131.0,230.0,1,1,1.0
523,4,134.0,436.0,117.0,198.0,1,1,1.0
524,3,285.0,436.0,136.0,230.0,1,1,1.0
524,4,137.0,434.0,116.0,202.0,1,1,1.0
525,3,293.0,434.0,133.0,230.0,1,1,1.0
525,4,156.0,431.0,97.0,198.0,1,1,1.0
526,3,307.0,432.0,119.0,228.0,1,1,1.0
526,4,169.0,427.0,84.0,198.0,1,1,1.0
527,3,323.0,430.0,103.0,228.0,1,1,1.0
528,3,339.0,426.0,86.0,230.0,1,1,1.0
528,4,191.0,421.0,77.0,202.0,1,1,1.0
529,3,356.0,424.0,73.0,232.0,1,1,1.0
529,4,187.0,420.0,103.0,203.0,1,1,1.0
530,3,366.0,423.0,76.0,233.0,1,1,1.0
530,4,190.0,419.0,116.0,204.0,1,1,1.0
531,3,375.0,422.0,87.0,234.0,1,1,1.0
531,4,197.0,418.0,126.0,204.0,1,1,1.0
532,3,381.0,421.0,101.0,234.0,1,1,1.0
532,4,206.0,417.0,126.0,205.0,1,1,1.0
533,3,386.0,420.0,108.0,233.0,1,1,1.0
533,4,218.0,415.0,119.0,206.0,1,1,1.0
534,3,389.0,419.0,113.0,234.0,1,1,1.0
534,4,231.0,412.0,108.0,205.0,1,1,1.0
535,3,392.0,418.0,113.0,234.0,1,1,1.0
535,4,241.0,409.0,98.0,203.0,1,1,1.0
536,3,397.0,414.0,109.0,235.0,1,1,1.0
537,3,404.0,411.0,102.0,232.0,1,1,1.0
537,4,272.0,405.0,76.0,200.0,1,1,1.0
538,3,417.0,408.0,88.0,227.0,1,1,1.0
538,4,286.0,403.0,80.0,201.0,1,1,1.0
539,3,433.0,406.0,79.0,227.0,1,1,1.0
539,4,297.0,402.0,93.0,202.0,1,1,1.0
540,3,449.0,404.0,79.0,227.0,1,1,1.0
540,4,303.0,402.0,106.0,199.0,1,1,1.0
541,3,458.0,403.0,94.0,227.0,1,1,1.0
541,4,305.0,401.0,115.0,203.0,1,1,1.0
542,3,464.0,403.0,106.0,226.0,1,1,1.0
542,4,309.0,401.0,117.0,202.0,1,1,1.0
543,3,467.0,403.0,120.0,225.0,1,1,1.0
543,4,314.0,399.0,113.0,195.0,1,1,1.0
544,3,471.0,402.0,124.0,224.0,1,1,1.0
544,4,336.0,396.0,91.0,195.0,1,1,1.0
545,3,477.0,400.0,122.0,224.0,1,1,1.0
545,4,350.0,394.0,75.0,196.0,1,1,1.0
546,3,485.0,399.0,116.0,222.0,1,1,1.0
546,4,351.0,390.0,75.0,200.0,1,1,1.0
547,3,497.0,398.0,104.0,219.0,1,1,1.0
547,4,366.0,387.0,69.0,201.0,1,1,1.0
548,3,511.0,394.0,89.0,220.0,1,1,1.0
548,4,376.0,386.0,80.0,202.0,1,1,1.0
549,3,526.0,392.0,79.0,222.0,1,1,1.0
549,4,384.0,385.0,93.0,203.0,1,1,1.0
550,3,540.0,390.0,77.0,224.0,1,1,1.0
550,4,389.0,385.0,104.0,203.0,1,1,1.0
551,3,548.0,389.0,85.0,225.0,1,1,1.0
551,4,393.0,385.0,110.0,203.0,1,1,1.0
552,3,554.0,389.0,97.0,225.0,1,1,1.0
552,4,398.0,384.0,110.0,204.0,1,1,1.0
553,3,560.0,389.0,103.0,224.0,1,1,1.0
553,4,409.0,382.0,100.0,202.0,1,1,1.0
554,3,563.0,388.0,107.0,223.0,1,1,1.0
554,4,420.0,379.0,88.0,200.0,1,1,1.0
555,3,567.0,387.0,108.0,223.0,1,1,1.0
555,4,428.0,375.0,80.0,199.0,1,1,1.0
556,3,569.0,385.0,107.0,222.0,1,1,1.0
556,4,436.0,373.0,77.0,199.0,1,1,1.0
557,3,574.0,382.0,102.0,218.0,1,1,1.0
557,4,446.0,371.0,80.0,199.0,1,1,1.0
558,3,585.0,379.0,91.0,216.0,1,1,1.0
558,4,460.0,371.0,90.0,199.0,1,1,1.0
559,3,597.0,377.0,84.0,216.0,1,1,1.0
560,3,608.0,375.0,84.0,217.0,1,1,1.0
560,4,472.0,371.0,109.0,197.0,1,1,1.0
561,3,622.0,374.0,91.0,217.0,1,1,1.0
561,4,476.0,371.0,114.0,194.0,1,1,1.0
562,3,632.0,374.0,103.0,216.0,1,1,1.0
562,4,479.0,369.0,114.0,196.0,1,1,1.0
563,3,637.0,374.0,113.0,215.0,1,1,1.0
563,4,483.0,367.0,111.0,192.0,1,1,1.0
564,3,641.0,374.0,116.0,214.0,1,1,1.0
564,4,495.0,364.0,99.0,190.0,1,1,1.0
565,3,644.0,373.0,117.0,213.0,1,1,1.0
565,4,509.0,361.0,84.0,192.0,1,1,1.0
566,3,650.0,371.0,112.0,212.0,1,1,1.0
566,4,522.0,359.0,77.0,194.0,1,1,1.0
567,3,662.0,369.0,101.0,209.0,1,1,1.0
567,4,535.0,357.0,72.0,195.0,1,1,1.0
568,3,673.0,367.0,92.0,210.0,1,1,1.0
568,4,546.0,356.0,75.0,196.0,1,1,1.0
569,3,688.0,363.0,84.0,212.0,1,1,1.0
569,4,553.0,356.0,82.0,196.0,1,1,1.0
570,3,701.0,361.0,82.0,214.0,1,1,1.0
570,4,558.0,356.0,94.0,196.0,1,1,1.0
571,3,710.0,360.0,83.0,215.0,1,1,1.0
571,4,559.0,356.0,103.0,196.0,1,1,1.0
572,3,716.0,361.0,86.0,214.0,1,1,1.0
572,4,558.0,354.0,107.0,196.0,1,1,1.0
573,3,722.0,361.0,90.0,214.0,1,1,1.0
573,4,560.0,352.0,107.0,195.0,1,1,1.0
574,3,726.0,360.0,95.0,213.0,1,1,1.0
574,4,565.0,350.0,102.0,192.0,1,1,1.0
575,3,729.0,359.0,97.0,213.0,1,1,1.0
575,4,584.0,347.0,88.0,191.0,1,1,1.0
576,3,735.0,357.0,95.0,214.0,1,1,1.0
576,4,605.0,345.0,72.0,190.0,1,1,1.0
577,3,743.0,355.0,87.0,212.0,1,1,1.0
578,3,749.0,353.0,80.0,209.0,1,1,1.0
578,4,612.0,344.0,103.0,190.0,1,1,1.0
579,3,757.0,350.0,79.0,206.0,1,1,1.0
579,4,620.0,344.0,110.0,190.0,1,1,1.0
580,3,766.0,348.0,78.0,205.0,1,1,1.0
580,4,627.0,344.0,113.0,189.0,1,1,1.0
581,3,781.0,347.0,74.0,206.0,1,1,1.0
581,4,636.0,343.0,100.0,188.0,1,1,1.0
582,3,788.0,347.0,86.0,205.0,1,1,1.0
582,4,643.0,342.0,100.0,189.0,1,1,1.0
583,3,792.0,347.0,97.0,204.0,1,1,1.0
583,4,654.0,341.0,93.0,184.0,1,1,1.0
584,3,793.0,347.0,104.0,202.0,1,1,1.0
584,4,666.0,339.0,83.0,183.0,1,1,1.0
585,3,795.0,346.0,107.0,202.0,1,1,1.0
585,4,679.0,337.0,73.0,184.0,1,1,1.0
586,3,799.0,345.0,107.0,202.0,1,1,1.0
586,4,694.0,334.0,64.0,185.0,1,1,1.0
587,3,808.0,344.0,98.0,199.0,1,1,1.0
587,4,701.0,333.0,64.0,187.0,1,1,1.0
588,3,818.0,342.0,90.0,197.0,1,1,1.0
588,4,705.0,332.0,73.0,187.0,1,1,1.0
589,3,812.0,340.0,103.0,198.0,1,1,1.0
589,4,708.0,333.0,84.0,187.0,1,1,1.0
590,3,835.0,338.0,87.0,199.0,1,1,1.0
590,4,715.0,333.0,88.0,187.0,1,1,1.0
591,3,851.0,337.0,80.0,200.0,1,1,1.0
591,4,720.0,332.0,88.0,186.0,1,1,1.0
592,3,862.0,336.0,77.0,201.0,1,1,1.0
592,4,726.0,330.0,83.0,185.0,1,1,1.0
593,3,867.0,336.0,82.0,200.0,1,1,1.0
593,4,734.0,329.0,77.0,183.0,1,1,1.0
594,3,870.0,336.0,86.0,199.0,1,1,1.0
594,4,731.0,327.0,85.0,183.0,1,1,1.0
595,3,874.0,335.0,88.0,199.0,1,1,1.0
595,4,739.0,325.0,81.0,180.0,1,1,1.0
596,3,879.0,334.0,86.0,199.0,1,1,1.0
596,4,752.0,323.0,75.0,180.0,1,1,1.0
597,3,888.0,332.0,79.0,199.0,1,1,1.0
597,4,766.0,322.0,72.0,180.0,1,1,1.0
598,3,899.0,330.0,70.0,196.0,1,1,1.0
598,4,775.0,322.0,80.0,180.0,1,1,1.0
599,3,912.0,328.0,65.0,193.0,1,1,1.0
599,4,780.0,323.0,88.0,179.0,1,1,1.0
600,3,920.0,326.0,59.0,193.0,1,1,1.0
600,4,783.0,323.0,84.0,178.0,1,1,1.0
601,3,927.0,325.0,61.0,193.0,1,1,1.0
602,3,930.0,324.0,73.0,193.0,1,1,1.0
602,4,789.0,322.0,94.0,180.0,1,1,1.0
603,3,931.0,325.0,85.0,192.0,1,1,1.0
603,4,799.0,320.0,87.0,179.0,1,1,1.0
604,3,933.0,325.0,92.0,190.0,1,1,1.0
604,4,811.0,319.0,76.0,174.0,1,1,1.0
605,3,936.0,324.0,94.0,189.0,1,1,1.0
605,4,828.0,315.0,69.0,173.0,1,1,1.0
606,3,943.0,322.0,90.0,187.0,1,1,1.0
606,4,840.0,313.0,65.0,177.0,1,1,1.0
607,3,955.0,320.0,79.0,186.0,1,1,1.0
607,4,846.0,313.0,67.0,179.0,1,1,1.0
608,3,968.0,319.0,68.0,186.0,1,1,1.0
608,4,850.0,313.0,72.0,177.0,1,1,1.0
609,3,981.0,317.0,63.0,187.0,1,1,1.0
609,4,855.0,314.0,73.0,176.0,1,1,1.0
610,3,989.0,316.0,64.0,188.0,1,1,1.0
610,4,858.0,314.0,76.0,167.0,1,1,1.0
611,3,994.0,316.0,68.0,189.0,1,1,1.0
611,4,862.0,312.0,78.0,173.0,1,1,1.0
612,3,996.0,316.0,74.0,189.0,1,1,1.0
612,4,872.0,311.0,73.0,174.0,1,1,1.0
613,3,997.0,316.0,79.0,188.0,1,1,1.0
613,4,885.0,309.0,66.0,172.0,1,1,1.0
614,3,998.0,315.0,81.0,187.0,1,1,1.0
614,4,895.0,306.0,60.0,172.0,1,1,1.0
615,3,1004.0,315.0,80.0,187.0,1,1,1.0
615,4,905.0,305.0,56.0,172.0,1,1,1.0
616,3,1010.0,314.0,76.0,186.0,1,1,1.0
616,4,912.0,304.0,56.0,173.0,1,1,1.0
617,3,1017.0,311.0,69.0,182.0,1,1,1.0
617,4,916.0,303.0,62.0,173.0,1,1,1.0
618,3,1028.0,311.0,59.0,181.0,1,1,1.0
618,4,922.0,304.0,72.0,171.0,1,1,1.0
619,3,1034.0,308.0,55.0,181.0,1,1,1.0
619,4,922.0,304.0,81.0,170.0,1,1,1.0
620,3,1041.0,306.0,55.0,182.0,1,1,1.0
620,4,925.0,304.0,83.0,167.0,1,1,1.0
621,3,1043.0,306.0,62.0,181.0,1,1,1.0
621,4,928.0,304.0,85.0,168.0,1,1,1.0
622,3,1044.0,306.0,74.0,181.0,1,1,1.0
622,4,932.0,302.0,82.0,168.0,1,1,1.0
623,3,1043.0,306.0,88.0,179.0,1,1,1.0
623,4,938.0,300.0,79.0,166.0,1,1,1.0
624,3,1047.0,307.0,94.0,177.0,1,1,1.0
624,4,949.0,299.0,74.0,165.0,1,1,1.0
625,3,1048.0,307.0,102.0,177.0,1,1,1.0
625,4,961.0,297.0,68.0,166.0,1,1,1.0
626,3,1053.0,306.0,102.0,176.0,1,1,1.0
626,4,966.0,295.0,67.0,168.0,1,1,1.0
627,3,1062.0,307.0,91.0,173.0,1,1,1.0
627,4,971.0,295.0,68.0,169.0,1,1,1.0
628,3,1071.0,304.0,80.0,174.0,1,1,1.0
628,4,972.0,294.0,71.0,170.0,1,1,1.0
629,3,1082.0,302.0,72.0,176.0,1,1,1.0
629,4,973.0,295.0,74.0,169.0,1,1,1.0
630,3,1092.0,302.0,70.0,176.0,1,1,1.0
630,4,976.0,295.0,76.0,167.0,1,1,1.0
631,3,1095.0,301.0,69.0,177.0,1,1,1.0
631,4,981.0,295.0,74.0,167.0,1,1,1.0
632,3,1097.0,301.0,72.0,177.0,1,1,1.0
632,4,989.0,295.0,69.0,166.0,1,1,1.0
633,3,1098.0,303.0,77.0,175.0,1,1,1.0
633,4,999.0,295.0,64.0,163.0,1,1,1.0
634,3,1098.0,303.0,80.0,174.0,1,1,1.0
634,4,1007.0,292.0,58.0,160.0,1,1,1.0
635,3,1103.0,303.0,79.0,173.0,1,1,1.0
635,4,1016.0,292.0,55.0,160.0,1,1,1.0
636,3,1109.0,303.0,75.0,172.0,1,1,1.0
636,4,1024.0,291.0,52.0,160.0,1,1,1.0
637,3,1117.0,301.0,66.0,169.0,1,1,1.0
637,4,1028.0,291.0,54.0,157.0,1,1,1.0
638,3,1125.0,299.0,58.0,169.0,1,1,1.0
638,4,1028.0,291.0,62.0,159.0,1,1,1.0
639,3,1132.0,297.0,59.0,170.0,1,1,1.0
639,4,1029.0,292.0,71.0,158.0,1,1,1.0
640,3,1138.0,295.0,59.0,171.0,1,1,1.0
640,4,1029.0,292.0,79.0,157.0,1,1,1.0
641,3,1142.0,295.0,64.0,171.0,1,1,1.0
641,4,1032.0,293.0,81.0,155.0,1,1,1.0
642,3,1144.0,296.0,65.0,169.0,1,1,1.0
643,3,1144.0,297.0,78.0,167.0,1,1,1.0
643,4,1047.0,291.0,73.0,153.0,1,1,1.0
645,3,1146.0,297.0,96.0,166.0,1,1,1.0
645,4,1062.0,288.0,64.0,155.0,1,1,1.0
646,3,1150.0,297.0,98.0,165.0,1,1,1.0
646,4,1063.0,287.0,67.0,156.0,1,1,1.0
647,3,1156.0,295.0,92.0,165.0,1,1,1.0
647,4,1065.0,287.0,69.0,155.0,1,1,1.0
648,3,1165.0,294.0,80.0,164.0,1,1,1.0
648,4,1067.0,287.0,73.0,153.0,1,1,1.0
649,3,1175.0,293.0,67.0,164.0,1,1,1.0
649,4,1068.0,288.0,78.0,148.0,1,1,1.0
650,3,1182.0,292.0,60.0,164.0,1,1,1.0
650,4,1076.0,289.0,77.0,146.0,1,1,1.0
651,3,1185.0,291.0,61.0,165.0,1,1,1.0
651,4,1083.0,289.0,73.0,149.0,1,1,1.0
652,3,1184.0,291.0,65.0,165.0,1,1,1.0
652,4,1093.0,288.0,69.0,149.0,1,1,1.0
653,3,1184.0,292.0,69.0,164.0,1,1,1.0
653,4,1105.0,287.0,62.0,150.0,1,1,1.0
654,3,1185.0,292.0,70.0,163.0,1,1,1.0
654,4,1117.0,285.0,55.0,152.0,1,1,1.0
655,3,1188.0,292.0,70.0,162.0,1,1,1.0
655,4,1125.0,284.0,51.0,152.0,1,1,1.0
656,3,1193.0,292.0,68.0,157.0,1,1,1.0
656,4,1128.0,283.0,58.0,151.0,1,1,1.0
657,3,1200.0,291.0,62.0,157.0,1,1,1.0
657,4,1130.0,284.0,66.0,150.0,1,1,1.0
658,3,1208.0,290.0,53.0,156.0,1,1,1.0
658,4,1130.0,284.0,72.0,149.0,1,1,1.0
659,3,1216.0,289.0,46.0,158.0,1,1,1.0
659,4,1131.0,286.0,79.0,147.0,1,1,1.0
660,3,1220.0,287.0,46.0,159.0,1,1,1.0
660,4,1132.0,286.0,80.0,146.0,1,1,1.0
661,3,1222.0,285.0,51.0,160.0,1,1,1.0
662,3,1224.0,286.0,58.0,158.0,1,1,1.0
663,3,1224.0,287.0,67.0,157.0,1,1,1.0
663,4,1157.0,284.0,64.0,146.0,1,1,1.0
664,3,1225.0,287.0,77.0,156.0,1,1,1.0
664,4,1168.0,282.0,56.0,148.0,1,1,1.0
665,3,1227.0,288.0,84.0,155.0,1,1,1.0
665,4,1172.0,280.0,55.0,150.0,1,1,1.0
666,3,1231.0,288.0,70.0,154.0,1,1,1.0
666,4,1171.0,280.0,60.0,150.0,1,1,1.0
667,4,1171.0,280.0,65.0,150.0,1,1,1.0
668,4,1175.0,281.0,65.0,148.0,1,1,1.0
669,3,1248.0,285.0,62.0,153.0,1,1,1.0
669,4,1183.0,283.0,61.0,143.0,1,1,1.0
670,3,1259.0,284.0,58.0,154.0,1,1,1.0
670,4,1187.0,284.0,60.0,140.0,1,1,1.0
671,3,1263.0,284.0,57.0,154.0,1,1,1.0
671,4,1186.0,283.0,65.0,143.0,1,1,1.0
672,3,1263.0,284.0,60.0,154.0,1,1,1.0
672,4,1191.0,281.0,64.0,143.0,1,1,1.0
673,3,1263.0,284.0,61.0,153.0,1,1,1.0
673,4,1198.0,280.0,61.0,142.0,1,1,1.0
674,3,1264.0,285.0,65.0,153.0,1,1,1.0
674,4,1206.0,278.0,56.0,143.0,1,1,1.0
675,3,1266.0,285.0,65.0,152.0,1,1,1.0
675,4,1215.0,277.0,53.0,142.0,1,1,1.0
676,3,1271.0,285.0,62.0,149.0,1,1,1.0
676,4,1221.0,276.0,50.0,143.0,1,1,1.0
677,3,1277.0,284.0,57.0,147.0,1,1,1.0
677,4,1223.0,276.0,52.0,143.0,1,1,1.0
678,3,1284.0,282.0,50.0,147.0,1,1,1.0
678,4,1224.0,277.0,60.0,142.0,1,1,1.0
679,3,1292.0,281.0,43.0,149.0,1,1,1.0
679,4,1224.0,278.0,66.0,141.0,1,1,1.0
680,3,1296.0,280.0,42.0,149.0,1,1,1.0
680,4,1226.0,278.0,66.0,140.0,1,1,1.0
681,3,1298.0,280.0,46.0,149.0,1,1,1.0
681,4,1230.0,278.0,64.0,139.0,1,1,1.0
682,3,1298.0,280.0,54.0,147.0,1,1,1.0
682,4,1235.0,278.0,66.0,139.0,1,1,1.0
683,3,1298.0,281.0,60.0,146.0,1,1,1.0
683,4,1242.0,276.0,62.0,138.0,1,1,1.0
684,3,1299.0,282.0,64.0,145.0,1,1,1.0
684,4,1250.0,275.0,58.0,138.0,1,1,1.0
685,3,1304.0,282.0,66.0,143.0,1,1,1.0
685,4,1251.0,275.0,64.0,146.0,1,1,1.0
686,3,1308.0,281.0,66.0,143.0,1,1,1.0
687,3,1313.0,281.0,65.0,143.0,1,1,1.0
687,4,1261.0,275.0,55.0,139.0,1,1,1.0
688,3,1320.0,279.0,60.0,144.0,1,1,1.0
688,4,1265.0,276.0,52.0,135.0,1,1,1.0
689,3,1327.0,279.0,57.0,144.0,1,1,1.0
689,4,1259.0,276.0,59.0,137.0,1,1,1.0
690,3,1331.0,278.0,56.0,145.0,1,1,1.0
690,4,1257.0,276.0,64.0,137.0,1,1,1.0
691,3,1334.0,278.0,56.0,145.0,1,1,1.0
691,4,1260.0,276.0,63.0,135.0,1,1,1.0
692,3,1335.0,279.0,56.0,144.0,1,1,1.0
692,4,1266.0,271.0,60.0,139.0,1,1,1.0
693,3,1336.0,279.0,58.0,143.0,1,1,1.0
693,4,1274.0,267.0,58.0,142.0,1,1,1.0
694,3,1338.0,279.0,57.0,143.0,1,1,1.0
694,4,1281.0,270.0,55.0,138.0,1,1,1.0
695,3,1339.0,279.0,57.0,139.0,1,1,1.0
695,4,1288.0,271.0,48.0,135.0,1,1,1.0
696,3,1344.0,278.0,52.0,139.0,1,1,1.0
696,4,1292.0,271.0,45.0,140.0,1,1,1.0
697,3,1351.0,278.0,46.0,138.0,1,1,1.0
697,4,1294.0,271.0,47.0,137.0,1,1,1.0
698,3,1356.0,277.0,42.0,140.0,1,1,1.0
698,4,1295.0,272.0,47.0,134.0,1,1,1.0
699,3,1358.0,277.0,42.0,139.0,1,1,1.0
699,4,1296.0,272.0,48.0,134.0,1,1,1.0
700,3,1360.0,276.0,45.0,139.0,1,1,1.0
700,4,1296.0,273.0,50.0,132.0,1,1,1.0
701,3,1362.0,277.0,51.0,138.0,1,1,1.0
701,4,1298.0,273.0,51.0,130.0,1,1,1.0
702,3,1363.0,276.0,54.0,138.0,1,1,1.0
702,4,1302.0,272.0,49.0,129.0,1,1,1.0
703,3,1364.0,276.0,55.0,137.0,1,1,1.0
703,4,1306.0,271.0,46.0,129.0,1,1,1.0
704,3,1365.0,277.0,55.0,137.0,1,1,1.0
704,4,1308.0,270.0,46.0,129.0,1,1,1.0
705,3,1367.0,276.0,55.0,136.0,1,1,1.0
705,4,1307.0,269.0,53.0,127.0,1,1,1.0
706,3,1371.0,276.0,54.0,136.0,1,1,1.0
706,4,1307.0,269.0,53.0,128.0,1,1,1.0
707,3,1376.0,276.0,52.0,136.0,1,1,1.0
707,4,1305.0,269.0,54.0,129.0,1,1,1.0
708,3,1384.0,275.0,49.0,137.0,1,1,1.0
708,4,1304.0,270.0,56.0,130.0,1,1,1.0
709,3,1388.0,275.0,48.0,136.0,1,1,1.0
709,4,1303.0,271.0,60.0,129.0,1,1,1.0
710,3,1391.0,274.0,48.0,138.0,1,1,1.0
710,4,1305.0,271.0,60.0,128.0,1,1,1.0
711,3,1391.0,276.0,51.0,136.0,1,1,1.0
711,4,1306.0,270.0,60.0,128.0,1,1,1.0
712,3,1390.0,275.0,54.0,137.0,1,1,1.0
712,4,1309.0,270.0,56.0,127.0,1,1,1.0
713,3,1389.0,275.0,56.0,136.0,1,1,1.0
713,4,1311.0,269.0,53.0,126.0,1,1,1.0
714,3,1389.0,274.0,57.0,136.0,1,1,1.0
714,4,1315.0,268.0,50.0,123.0,1,1,1.0
715,3,1391.0,273.0,54.0,135.0,1,1,1.0
715,4,1319.0,266.0,47.0,124.0,1,1,1.0
716,3,1395.0,273.0,50.0,132.0,1,1,1.0
716,4,1320.0,263.0,48.0,126.0,1,1,1.0
717,3,1400.0,273.0,46.0,133.0,1,1,1.0
717,4,1319.0,263.0,50.0,126.0,1,1,1.0
718,3,1402.0,272.0,43.0,133.0,1,1,1.0
718,4,1317.0,262.0,53.0,126.0,1,1,1.0
719,3,1401.0,271.0,46.0,134.0,1,1,1.0
719,4,1314.0,262.0,57.0,126.0,1,1,1.0
720,3,1401.0,270.0,50.0,134.0,1,1,1.0
720,4,1311.0,261.0,62.0,127.0,1,1,1.0
