1,1,741.0,331.0,68.0,149.0,1,1,1.0
2,1,740.0,333.0,71.0,152.0,1,1,1.0
3,1,741.0,336.0,73.0,153.0,1,1,1.0
4,1,742.0,339.0,71.0,155.0,1,1,1.0
5,1,741.0,340.0,70.0,154.0,1,1,1.0
6,1,742.0,342.0,70.0,154.0,1,1,1.0
7,1,743.0,344.0,70.0,153.0,1,1,1.0
8,1,743.0,344.0,70.0,153.0,1,1,1.0
9,1,743.0,344.0,69.0,153.0,1,1,1.0
10,1,743.0,344.0,68.0,153.0,1,1,1.0
11,1,743.0,344.0,67.0,155.0,1,1,1.0
12,1,744.0,345.0,66.0,161.0,1,1,1.0
13,1,744.0,347.0,66.0,163.0,1,1,1.0
15,1,742.0,350.0,66.0,168.0,1,1,1.0
16,1,742.0,354.0,68.0,167.0,1,1,1.0
17,1,741.0,357.0,67.0,164.0,1,1,1.0
18,1,741.0,361.0,68.0,161.0,1,1,1.0
19,1,740.0,363.0,69.0,158.0,1,1,1.0
20,1,740.0,365.0,71.0,156.0,1,1,1.0
21,1,739.0,367.0,74.0,157.0,1,1,1.0
22,1,739.0,369.0,76.0,162.0,1,1,1.0
23,1,739.0,371.0,79.0,164.0,1,1,1.0
24,1,740.0,373.0,77.0,168.0,1,1,1.0
25,1,741.0,376.0,76.0,169.0,1,1,1.0
26,1,742.0,378.0,74.0,169.0,1,1,1.0
27,1,744.0,382.0,73.0,166.0,1,1,1.0
28,1,744.0,384.0,73.0,164.0,1,1,1.0
29,1,745.0,386.0,74.0,163.0,1,1,1.0
30,1,745.0,388.0,74.0,160.0,1,1,1.0
31,1,744.0,390.0,75.0,164.0,1,1,1.0
33,1,745.0,394.0,75.0,173.0,1,1,1.0
34,1,746.0,396.0,75.0,176.0,1,1,1.0
35,1,745.0,398.0,77.0,181.0,1,1,1.0
36,1,745.0,400.0,77.0,181.0,1,1,1.0
37,1,745.0,403.0,78.0,180.0,1,1,1.0
38,1,744.0,404.0,79.0,178.0,1,1,1.0
39,1,744.0,406.0,81.0,177.0,1,1,1.0
40,1,742.0,407.0,82.0,176.0,1,1,1.0
41,1,741.0,408.0,83.0,181.0,1,1,1.0
42,1,741.0,409.0,83.0,189.0,1,1,1.0
45,1,741.0,417.0,97.0,197.0,1,1,1.0
47,1,742.0,422.0,89.0,195.0,1,1,1.0
48,1,742.0,424.0,87.0,193.0,1,1,1.0
49,1,742.0,427.0,85.0,191.0,1,1,1.0
50,1,742.0,430.0,83.0,188.0,1,1,1.0
51,1,742.0,433.0,83.0,194.0,1,1,1.0
52,1,742.0,437.0,83.0,199.0,1,1,1.0
54,1,740.0,445.0,79.0,208.0,1,1,1.0
55,1,738.0,451.0,78.0,206.0,1,1,1.0
56,1,737.0,456.0,77.0,203.0,1,1,1.0
57,1,735.0,459.0,75.0,200.0,1,1,1.0
58,1,734.0,462.0,75.0,197.0,1,1,1.0
59,1,733.0,464.0,77.0,198.0,1,1,1.0
60,1,731.0,467.0,79.0,194.0,1,1,1.0
61,1,728.0,471.0,84.0,198.0,1,1,1.0
62,1,725.0,475.0,89.0,206.0,1,1,1.0
63,1,723.0,480.0,95.0,207.0,1,1,1.0
64,1,721.0,484.0,100.0,213.0,1,1,1.0
65,1,730.0,490.0,99.0,211.0,1,1,1.0
66,1,735.0,493.0,90.0,210.0,1,1,1.0
67,1,738.0,496.0,78.0,208.0,1,1,1.0
68,1,738.0,497.0,73.0,206.0,1,1,1.0
69,1,738.0,501.0,72.0,203.0,1,1,1.0
71,1,733.0,509.0,87.0,217.0,1,1,1.0
78,1,716.0,538.0,102.0,215.0,1,1,1.0
79,1,714.0,543.0,97.0,220.0,1,1,1.0
80,1,712.0,551.0,91.0,225.0,1,1,1.0
81,1,712.0,561.0,87.0,226.0,1,1,1.0
82,1,712.0,569.0,87.0,225.0,1,1,1.0
83,1,711.0,576.0,89.0,229.0,1,1,1.0
84,1,710.0,579.0,90.0,232.0,1,1,1.0
86,1,694.0,580.0,114.0,236.0,1,1,1.0
87,1,690.0,581.0,122.0,234.0,1,1,1.0
88,1,688.0,585.0,123.0,240.0,1,1,1.0
90,1,686.0,595.0,132.0,256.0,1,1,1.0
91,1,686.0,602.0,131.0,259.0,1,1,1.0
92,1,686.0,610.0,128.0,265.0,1,1,1.0
93,1,686.0,620.0,135.0,261.0,1,1,1.0
94,1,686.0,631.0,145.0,252.0,1,1,1.0
95,1,687.0,642.0,156.0,242.0,1,1,1.0
96,1,688.0,650.0,158.0,233.0,1,1,1.0
97,1,690.0,657.0,149.0,227.0,1,1,1.0
98,1,689.0,663.0,143.0,232.0,1,1,1.0
99,1,687.0,668.0,133.0,246.0,1,1,1.0
100,1,686.0,676.0,127.0,252.0,1,1,1.0
101,1,685.0,685.0,126.0,255.0,1,1,1.0
102,1,684.0,698.0,126.0,256.0,1,1,1.0
103,1,683.0,711.0,127.0,248.0,1,1,1.0
104,1,681.0,725.0,128.0,237.0,1,1,1.0
105,1,677.0,740.0,131.0,228.0,1,1,1.0
106,1,675.0,753.0,132.0,214.0,1,1,1.0
107,1,671.0,763.0,133.0,219.0,1,1,1.0
108,1,667.0,775.0,136.0,228.0,1,1,1.0
113,1,653.0,825.0,139.0,224.0,1,1,1.0
114,1,649.0,836.0,137.0,216.0,1,1,1.0
115,1,645.0,849.0,132.0,204.0,1,1,1.0
118,1,633.0,870.0,133.0,207.0,1,1,1.0
119,1,630.0,875.0,133.0,206.0,1,1,1.0
120,1,626.0,880.0,142.0,201.0,1,1,1.0
121,1,622.0,886.0,149.0,196.0,1,1,1.0
122,1,618.0,892.0,152.0,190.0,1,1,1.0
124,1,611.0,907.0,158.0,175.0,1,1,1.0
125,1,603.0,927.0,164.0,154.0,1,1,1.0
126,1,598.0,944.0,168.0,137.0,1,1,1.0
127,1,592.0,960.0,170.0,120.0,1,1,1.0
373,2,0.0,459.0,55.0,206.0,1,1,1.0
374,2,0.0,457.0,69.0,207.0,1,1,1.0
375,2,3.0,460.0,82.0,205.0,1,1,1.0
376,2,5.0,460.0,93.0,203.0,1,1,1.0
377,2,12.0,461.0,93.0,201.0,1,1,1.0
378,2,18.0,460.0,91.0,199.0,1,1,1.0
379,2,23.0,460.0,88.0,194.0,1,1,1.0
380,2,22.0,458.0,89.0,183.0,1,1,1.0
381,2,25.0,458.0,87.0,179.0,1,1,1.0
382,2,36.0,458.0,80.0,176.0,1,1,1.0
385,2,58.0,450.0,96.0,183.0,1,1,1.0
386,2,67.0,447.0,100.0,186.0,1,1,1.0
387,2,70.0,444.0,104.0,190.0,1,1,1.0
389,2,83.0,428.0,95.0,195.0,1,1,1.0
390,2,93.0,422.0,85.0,194.0,1,1,1.0
391,2,100.0,418.0,78.0,195.0,1,1,1.0
396,2,143.0,412.0,92.0,197.0,1,1,1.0
397,2,148.0,410.0,95.0,197.0,1,1,1.0
398,2,151.0,408.0,96.0,199.0,1,1,1.0
399,2,156.0,407.0,92.0,198.0,1,1,1.0
400,2,159.0,404.0,89.0,193.0,1,1,1.0
401,2,174.0,401.0,77.0,191.0,1,1,1.0
402,2,188.0,400.0,67.0,188.0,1,1,1.0
403,2,198.0,399.0,66.0,185.0,1,1,1.0
404,2,206.0,398.0,78.0,187.0,1,1,1.0
405,2,213.0,397.0,91.0,189.0,1,1,1.0
406,2,216.0,394.0,101.0,190.0,1,1,1.0
407,2,218.0,392.0,106.0,191.0,1,1,1.0
408,2,224.0,390.0,103.0,190.0,1,1,1.0
409,2,235.0,389.0,94.0,187.0,1,1,1.0
410,2,241.0,388.0,87.0,183.0,1,1,1.0
411,2,254.0,388.0,75.0,181.0,1,1,1.0
412,2,259.0,387.0,75.0,181.0,1,1,1.0
413,2,266.0,386.0,73.0,181.0,1,1,1.0
414,2,276.0,383.0,80.0,184.0,1,1,1.0
415,2,284.0,379.0,87.0,188.0,1,1,1.0
416,2,290.0,376.0,92.0,190.0,1,1,1.0
417,2,295.0,373.0,93.0,192.0,1,1,1.0
418,2,302.0,371.0,88.0,193.0,1,1,1.0
419,2,309.0,368.0,81.0,188.0,1,1,1.0
420,2,319.0,364.0,74.0,187.0,1,1,1.0
421,2,322.0,362.0,76.0,185.0,1,1,1.0
422,2,328.0,362.0,75.0,184.0,1,1,1.0
423,2,339.0,363.0,77.0,181.0,1,1,1.0
424,2,348.0,365.0,85.0,180.0,1,1,1.0
425,2,356.0,367.0,91.0,177.0,1,1,1.0
426,2,355.0,368.0,101.0,176.0,1,1,1.0
427,2,354.0,368.0,108.0,173.0,1,1,1.0
429,2,374.0,365.0,89.0,167.0,1,1,1.0
430,2,389.0,362.0,75.0,167.0,1,1,1.0
431,2,404.0,358.0,63.0,170.0,1,1,1.0
432,2,413.0,354.0,59.0,172.0,1,1,1.0
433,2,418.0,349.0,63.0,178.0,1,1,1.0
434,2,423.0,345.0,68.0,182.0,1,1,1.0
435,2,427.0,341.0,77.0,186.0,1,1,1.0
436,2,431.0,338.0,84.0,187.0,1,1,1.0
437,2,435.0,337.0,85.0,188.0,1,1,1.0
438,2,443.0,335.0,78.0,181.0,1,1,1.0
439,2,449.0,333.0,76.0,180.0,1,1,1.0
440,2,454.0,330.0,77.0,178.0,1,1,1.0
441,2,464.0,328.0,73.0,179.0,1,1,1.0
442,2,476.0,325.0,68.0,180.0,1,1,1.0
443,2,486.0,324.0,67.0,180.0,1,1,1.0
444,2,492.0,324.0,76.0,179.0,1,1,1.0
445,2,494.0,325.0,87.0,179.0,1,1,1.0
446,2,495.0,324.0,87.0,179.0,1,1,1.0
447,2,499.0,324.0,89.0,178.0,1,1,1.0
449,2,519.0,320.0,80.0,171.0,1,1,1.0
450,2,532.0,318.0,68.0,174.0,1,1,1.0
451,2,539.0,317.0,66.0,173.0,1,1,1.0
452,2,543.0,314.0,65.0,177.0,1,1,1.0
453,2,547.0,313.0,66.0,177.0,1,1,1.0
454,2,548.0,313.0,73.0,174.0,1,1,1.0
455,2,549.0,314.0,84.0,173.0,1,1,1.0
456,2,555.0,314.0,84.0,173.0,1,1,1.0
457,2,562.0,312.0,79.0,175.0,1,1,1.0
458,2,570.0,311.0,74.0,173.0,1,1,1.0
459,2,580.0,309.0,70.0,170.0,1,1,1.0
460,2,590.0,306.0,64.0,171.0,1,1,1.0
461,2,599.0,304.0,60.0,171.0,1,1,1.0
462,2,607.0,303.0,57.0,171.0,1,1,1.0
463,2,614.0,302.0,61.0,169.0,1,1,1.0
464,2,617.0,302.0,73.0,166.0,1,1,1.0
465,2,619.0,303.0,84.0,167.0,1,1,1.0
466,2,622.0,303.0,87.0,167.0,1,1,1.0
467,2,629.0,301.0,85.0,168.0,1,1,1.0
468,2,639.0,298.0,77.0,165.0,1,1,1.0
469,2,652.0,297.0,66.0,163.0,1,1,1.0
470,2,660.0,296.0,61.0,163.0,1,1,1.0
471,2,665.0,296.0,61.0,164.0,1,1,1.0
472,2,671.0,296.0,61.0,165.0,1,1,1.0
473,2,672.0,296.0,68.0,167.0,1,1,1.0
474,2,674.0,297.0,75.0,166.0,1,1,1.0
475,2,678.0,297.0,75.0,165.0,1,1,1.0
476,2,685.0,296.0,73.0,163.0,1,1,1.0
477,2,694.0,295.0,68.0,158.0,1,1,1.0
478,2,704.0,294.0,61.0,158.0,1,1,1.0
479,2,713.0,292.0,58.0,158.0,1,1,1.0
480,2,720.0,291.0,57.0,155.0,1,1,1.0
481,2,728.0,289.0,61.0,157.0,1,1,1.0
482,2,734.0,289.0,61.0,159.0,1,1,1.0
483,2,738.0,289.0,64.0,159.0,1,1,1.0
484,2,740.0,288.0,71.0,158.0,1,1,1.0
485,2,744.0,288.0,74.0,156.0,1,1,1.0
486,2,748.0,288.0,76.0,155.0,1,1,1.0
487,2,755.0,287.0,73.0,152.0,1,1,1.0
488,2,765.0,286.0,66.0,152.0,1,1,1.0
489,2,774.0,285.0,58.0,151.0,1,1,1.0
490,2,778.0,283.0,57.0,153.0,1,1,1.0
491,2,780.0,281.0,59.0,154.0,1,1,1.0
492,2,780.0,280.0,63.0,155.0,1,1,1.0
493,2,781.0,280.0,67.0,155.0,1,1,1.0
494,2,782.0,281.0,70.0,155.0,1,1,1.0
495,2,785.0,281.0,71.0,147.0,1,1,1.0
496,2,792.0,282.0,69.0,144.0,1,1,1.0
497,2,801.0,281.0,64.0,145.0,1,1,1.0
498,2,811.0,281.0,58.0,144.0,1,1,1.0
499,2,819.0,280.0,53.0,144.0,1,1,1.0
500,2,827.0,279.0,49.0,146.0,1,1,1.0
501,2,832.0,278.0,53.0,146.0,1,1,1.0
502,2,835.0,278.0,59.0,146.0,1,1,1.0
503,2,835.0,279.0,68.0,144.0,1,1,1.0
504,2,836.0,279.0,75.0,144.0,1,1,1.0
505,2,841.0,279.0,76.0,142.0,1,1,1.0
506,2,848.0,277.0,73.0,142.0,1,1,1.0
507,2,857.0,276.0,66.0,141.0,1,1,1.0
508,2,867.0,274.0,64.0,141.0,1,1,1.0
509,2,871.0,274.0,62.0,142.0,1,1,1.0
510,2,873.0,273.0,62.0,141.0,1,1,1.0
511,2,873.0,273.0,61.0,141.0,1,1,1.0
512,2,873.0,275.0,63.0,141.0,1,1,1.0
513,2,873.0,276.0,67.0,139.0,1,1,1.0
514,2,874.0,277.0,70.0,137.0,1,1,1.0
515,2,882.0,277.0,66.0,135.0,1,1,1.0
516,2,892.0,277.0,60.0,134.0,1,1,1.0
517,2,902.0,276.0,53.0,133.0,1,1,1.0
518,2,911.0,276.0,48.0,133.0,1,1,1.0
519,2,915.0,275.0,50.0,134.0,1,1,1.0
520,2,921.0,274.0,54.0,134.0,1,1,1.0
521,2,924.0,273.0,61.0,135.0,1,1,1.0
522,2,925.0,274.0,65.0,134.0,1,1,1.0
523,2,926.0,274.0,68.0,132.0,1,1,1.0
524,2,927.0,274.0,70.0,132.0,1,1,1.0
525,2,931.0,274.0,69.0,132.0,1,1,1.0
526,2,938.0,272.0,65.0,131.0,1,1,1.0
528,2,951.0,270.0,59.0,130.0,1,1,1.0
529,2,954.0,269.0,55.0,131.0,1,1,1.0
530,2,956.0,268.0,53.0,132.0,1,1,1.0
531,2,957.0,267.0,56.0,133.0,1,1,1.0
532,2,958.0,266.0,57.0,132.0,1,1,1.0
533,2,964.0,268.0,54.0,127.0,1,1,1.0
534,2,967.0,268.0,54.0,123.0,1,1,1.0
535,2,968.0,267.0,57.0,123.0,1,1,1.0
536,2,972.0,267.0,56.0,125.0,1,1,1.0
537,2,979.0,265.0,51.0,125.0,1,1,1.0
538,2,986.0,264.0,47.0,127.0,1,1,1.0
539,2,993.0,262.0,43.0,129.0,1,1,1.0
544,2,998.0,237.0,65.0,154.0,1,1,1.0
548,2,1019.0,254.0,58.0,131.0,1,1,1.0
549,2,1025.0,258.0,52.0,121.0,1,1,1.0
550,2,1029.0,261.0,50.0,115.0,1,1,1.0
551,2,1029.0,261.0,52.0,118.0,1,1,1.0
552,2,1031.0,262.0,51.0,121.0,1,1,1.0
553,2,1032.0,263.0,53.0,120.0,1,1,1.0
554,2,1033.0,263.0,55.0,119.0,1,1,1.0
555,2,1035.0,264.0,56.0,118.0,1,1,1.0
556,2,1041.0,264.0,54.0,114.0,1,1,1.0
557,2,1048.0,264.0,49.0,113.0,1,1,1.0
558,2,1056.0,262.0,45.0,117.0,1,1,1.0
559,2,1063.0,262.0,40.0,117.0,1,1,1.0
560,2,1068.0,261.0,39.0,117.0,1,1,1.0
561,2,1070.0,260.0,42.0,118.0,1,1,1.0
562,2,1071.0,260.0,48.0,117.0,1,1,1.0
563,2,1070.0,262.0,53.0,116.0,1,1,1.0
564,2,1071.0,262.0,62.0,115.0,1,1,1.0
565,2,1072.0,262.0,59.0,115.0,1,1,1.0
566,2,1077.0,261.0,55.0,114.0,1,1,1.0
567,2,1082.0,260.0,52.0,115.0,1,1,1.0
568,2,1089.0,259.0,58.0,115.0,1,1,1.0
569,2,1096.0,258.0,49.0,114.0,1,1,1.0
570,2,1100.0,257.0,49.0,115.0,1,1,1.0
571,2,1101.0,257.0,48.0,117.0,1,1,1.0
572,2,1100.0,257.0,53.0,117.0,1,1,1.0
573,2,1100.0,257.0,54.0,117.0,1,1,1.0
574,2,1098.0,259.0,58.0,116.0,1,1,1.0
575,2,1100.0,259.0,58.0,116.0,1,1,1.0
576,2,1103.0,260.0,58.0,115.0,1,1,1.0
577,2,1109.0,259.0,54.0,113.0,1,1,1.0
578,2,1116.0,260.0,50.0,103.0,1,1,1.0
579,2,1123.0,260.0,45.0,107.0,1,1,1.0
580,2,1130.0,259.0,40.0,112.0,1,1,1.0
581,2,1133.0,258.0,38.0,110.0,1,1,1.0
582,2,1135.0,259.0,40.0,110.0,1,1,1.0
583,2,1136.0,259.0,43.0,108.0,1,1,1.0
584,2,1136.0,260.0,48.0,110.0,1,1,1.0
585,2,1136.0,260.0,52.0,110.0,1,1,1.0
586,2,1138.0,260.0,53.0,109.0,1,1,1.0
587,2,1145.0,259.0,48.0,107.0,1,1,1.0
590,2,1151.0,256.0,44.0,108.0,1,1,1.0
591,2,1150.0,255.0,45.0,103.0,1,1,1.0
593,2,1148.0,253.0,49.0,109.0,1,1,1.0
595,2,1148.0,254.0,50.0,103.0,1,1,1.0
596,2,1150.0,254.0,49.0,108.0,1,1,1.0
597,2,1151.0,252.0,51.0,111.0,1,1,1.0
599,2,1156.0,254.0,44.0,112.0,1,1,1.0
605,2,1163.0,253.0,61.0,112.0,1,1,1.0
611,2,1173.0,250.0,64.0,105.0,1,1,1.0
620,3,1173.0,249.0,47.0,110.0,1,1,1.0
621,3,1176.0,249.0,46.0,107.0,1,1,1.0
622,3,1179.0,247.0,44.0,98.0,1,1,1.0
623,3,1180.0,246.0,41.0,96.0,1,1,1.0
624,3,1175.0,244.0,44.0,97.0,1,1,1.0
625,3,1173.0,242.0,45.0,100.0,1,1,1.0
626,3,1172.0,240.0,45.0,102.0,1,1,1.0
629,3,1174.0,240.0,45.0,101.0,1,1,1.0
630,3,1173.0,240.0,49.0,101.0,1,1,1.0
631,3,1172.0,239.0,47.0,102.0,1,1,1.0
632,3,1172.0,239.0,47.0,102.0,1,1,1.0
633,3,1172.0,238.0,45.0,104.0,1,1,1.0
634,3,1172.0,238.0,42.0,103.0,1,1,1.0
636,3,1170.0,237.0,37.0,101.0,1,1,1.0
638,3,1168.0,236.0,46.0,101.0,1,1,1.0
639,3,1167.0,237.0,40.0,101.0,1,1,1.0
640,3,1166.0,237.0,35.0,101.0,1,1,1.0
641,3,1165.0,236.0,35.0,100.0,1,1,1.0
645,3,1155.0,233.0,38.0,101.0,1,1,1.0
646,3,1152.0,233.0,39.0,100.0,1,1,1.0
647,3,1150.0,231.0,38.0,101.0,1,1,1.0
648,3,1146.0,229.0,40.0,105.0,1,1,1.0
649,3,1142.0,227.0,44.0,103.0,1,1,1.0
650,3,1140.0,227.0,46.0,104.0,1,1,1.0
651,3,1139.0,227.0,46.0,104.0,1,1,1.0
652,3,1138.0,228.0,44.0,103.0,1,1,1.0
653,3,1137.0,228.0,42.0,102.0,1,1,1.0
654,3,1136.0,227.0,38.0,101.0,1,1,1.0
655,3,1126.0,226.0,44.0,108.0,1,1,1.0
656,3,1123.0,224.0,44.0,105.0,1,1,1.0
657,3,1123.0,224.0,42.0,100.0,1,1,1.0
658,3,1121.0,224.0,42.0,103.0,1,1,1.0
659,3,1117.0,223.0,46.0,104.0,1,1,1.0
660,3,1112.0,222.0,49.0,105.0,1,1,1.0
