22,1,773.0,302.0,60.0,141.0,1,1,1.0
23,1,771.0,304.0,61.0,141.0,1,1,1.0
24,1,770.0,307.0,61.0,142.0,1,1,1.0
25,1,770.0,309.0,60.0,141.0,1,1,1.0
26,1,770.0,311.0,60.0,140.0,1,1,1.0
27,1,771.0,312.0,58.0,139.0,1,1,1.0
28,1,773.0,313.0,56.0,138.0,1,1,1.0
29,1,777.0,314.0,53.0,137.0,1,1,1.0
30,1,778.0,316.0,52.0,139.0,1,1,1.0
31,1,780.0,318.0,51.0,142.0,1,1,1.0
32,1,781.0,321.0,50.0,144.0,1,1,1.0
33,1,782.0,322.0,49.0,145.0,1,1,1.0
34,1,782.0,322.0,49.0,148.0,1,1,1.0
35,1,783.0,321.0,49.0,150.0,1,1,1.0
36,1,782.0,320.0,49.0,151.0,1,1,1.0
37,1,782.0,318.0,50.0,154.0,1,1,1.0
38,1,781.0,318.0,52.0,154.0,1,1,1.0
39,1,778.0,318.0,56.0,154.0,1,1,1.0
40,1,775.0,321.0,61.0,156.0,1,1,1.0
41,1,772.0,325.0,65.0,159.0,1,1,1.0
42,1,769.0,328.0,69.0,162.0,1,1,1.0
43,1,767.0,330.0,72.0,163.0,1,1,1.0
44,1,765.0,335.0,73.0,160.0,1,1,1.0
45,1,765.0,339.0,73.0,156.0,1,1,1.0
46,1,767.0,342.0,69.0,153.0,1,1,1.0
47,1,772.0,344.0,65.0,151.0,1,1,1.0
48,1,776.0,346.0,61.0,149.0,1,1,1.0
49,1,779.0,348.0,57.0,152.0,1,1,1.0
50,1,781.0,350.0,55.0,156.0,1,1,1.0
51,1,783.0,353.0,54.0,158.0,1,1,1.0
52,1,784.0,355.0,53.0,160.0,1,1,1.0
53,1,786.0,357.0,51.0,161.0,1,1,1.0
54,1,786.0,358.0,51.0,160.0,1,1,1.0
55,1,786.0,359.0,52.0,160.0,1,1,1.0
56,1,785.0,360.0,54.0,159.0,1,1,1.0
57,1,782.0,361.0,58.0,158.0,1,1,1.0
58,1,778.0,361.0,64.0,161.0,1,1,1.0
59,1,774.0,361.0,71.0,168.0,1,1,1.0
60,1,770.0,363.0,77.0,171.0,1,1,1.0
61,1,768.0,364.0,79.0,177.0,1,1,1.0
62,1,766.0,367.0,80.0,180.0,1,1,1.0
63,1,766.0,368.0,80.0,180.0,1,1,1.0
64,1,766.0,371.0,79.0,178.0,1,1,1.0
65,1,769.0,375.0,75.0,175.0,1,1,1.0
66,1,773.0,377.0,70.0,172.0,1,1,1.0
67,1,777.0,380.0,66.0,170.0,1,1,1.0
68,1,780.0,384.0,63.0,173.0,1,1,1.0
69,1,782.0,389.0,63.0,175.0,1,1,1.0
70,1,784.0,393.0,61.0,174.0,1,1,1.0
71,1,785.0,397.0,60.0,177.0,1,1,1.0
72,1,786.0,401.0,60.0,180.0,1,1,1.0
73,1,786.0,402.0,60.0,180.0,1,1,1.0
74,1,786.0,403.0,62.0,180.0,1,1,1.0
75,1,785.0,405.0,65.0,179.0,1,1,1.0
76,1,781.0,406.0,71.0,178.0,1,1,1.0
79,1,772.0,413.0,86.0,191.0,1,1,1.0
80,1,770.0,420.0,89.0,191.0,1,1,1.0
81,1,768.0,425.0,90.0,193.0,1,1,1.0
82,1,768.0,431.0,92.0,190.0,1,1,1.0
83,1,767.0,435.0,93.0,186.0,1,1,1.0
84,1,770.0,437.0,91.0,185.0,1,1,1.0
85,1,779.0,441.0,83.0,180.0,1,1,1.0
86,1,787.0,444.0,75.0,178.0,1,1,1.0
87,1,791.0,447.0,71.0,185.0,1,1,1.0
88,1,796.0,452.0,67.0,188.0,1,1,1.0
89,1,800.0,453.0,65.0,194.0,1,1,1.0
90,1,803.0,462.0,63.0,192.0,1,1,1.0
91,1,804.0,467.0,63.0,191.0,1,1,1.0
92,1,805.0,468.0,69.0,190.0,1,1,1.0
93,1,805.0,469.0,71.0,190.0,1,1,1.0
94,1,805.0,470.0,73.0,189.0,1,1,1.0
95,1,803.0,472.0,76.0,187.0,1,1,1.0
96,1,798.0,476.0,83.0,192.0,1,1,1.0
97,1,794.0,479.0,89.0,202.0,1,1,1.0
98,1,791.0,484.0,95.0,210.0,1,1,1.0
99,1,787.0,489.0,99.0,212.0,1,1,1.0
100,1,784.0,493.0,102.0,212.0,1,1,1.0
101,1,783.0,497.0,102.0,210.0,1,1,1.0
102,1,783.0,500.0,101.0,207.0,1,1,1.0
103,1,787.0,502.0,96.0,204.0,1,1,1.0
104,1,793.0,505.0,91.0,202.0,1,1,1.0
105,1,797.0,510.0,87.0,202.0,1,1,1.0
106,1,800.0,516.0,86.0,211.0,1,1,1.0
107,1,801.0,522.0,84.0,212.0,1,1,1.0
108,1,799.0,529.0,87.0,213.0,1,1,1.0
109,1,799.0,535.0,88.0,218.0,1,1,1.0
110,1,801.0,539.0,86.0,219.0,1,1,1.0
111,1,802.0,543.0,85.0,216.0,1,1,1.0
112,1,803.0,545.0,87.0,215.0,1,1,1.0
113,1,802.0,547.0,89.0,213.0,1,1,1.0
114,1,797.0,548.0,95.0,212.0,1,1,1.0
115,1,790.0,550.0,103.0,221.0,1,1,1.0
116,1,785.0,556.0,109.0,234.0,1,1,1.0
117,1,780.0,561.0,114.0,238.0,1,1,1.0
118,1,775.0,568.0,119.0,244.0,1,1,1.0
119,1,772.0,575.0,122.0,243.0,1,1,1.0
120,1,769.0,581.0,124.0,238.0,1,1,1.0
121,1,768.0,587.0,122.0,234.0,1,1,1.0
122,1,771.0,590.0,117.0,231.0,1,1,1.0
123,1,777.0,592.0,112.0,228.0,1,1,1.0
124,1,782.0,596.0,102.0,234.0,1,1,1.0
125,1,786.0,604.0,94.0,244.0,1,1,1.0
126,1,788.0,612.0,99.0,247.0,1,1,1.0
127,1,792.0,622.0,91.0,249.0,1,1,1.0
128,1,793.0,630.0,87.0,252.0,1,1,1.0
129,1,793.0,637.0,94.0,250.0,1,1,1.0
130,1,793.0,641.0,99.0,246.0,1,1,1.0
131,1,791.0,644.0,104.0,244.0,1,1,1.0
132,1,788.0,649.0,108.0,239.0,1,1,1.0
133,1,781.0,654.0,114.0,239.0,1,1,1.0
134,1,776.0,661.0,123.0,252.0,1,1,1.0
135,1,772.0,670.0,129.0,261.0,1,1,1.0
136,1,768.0,680.0,133.0,264.0,1,1,1.0
137,1,764.0,690.0,137.0,268.0,1,1,1.0
138,1,760.0,700.0,139.0,269.0,1,1,1.0
139,1,758.0,710.0,141.0,262.0,1,1,1.0
140,1,757.0,719.0,141.0,254.0,1,1,1.0
141,1,761.0,724.0,137.0,249.0,1,1,1.0
142,1,768.0,729.0,130.0,244.0,1,1,1.0
143,1,772.0,735.0,127.0,258.0,1,1,1.0
144,1,774.0,744.0,122.0,272.0,1,1,1.0
145,1,778.0,754.0,118.0,278.0,1,1,1.0
146,1,780.0,766.0,116.0,281.0,1,1,1.0
147,1,781.0,779.0,117.0,280.0,1,1,1.0
148,1,780.0,789.0,119.0,274.0,1,1,1.0
149,1,779.0,798.0,121.0,267.0,1,1,1.0
150,1,776.0,805.0,127.0,260.0,1,1,1.0
151,1,769.0,814.0,137.0,250.0,1,1,1.0
152,1,761.0,821.0,145.0,255.0,1,1,1.0
153,1,753.0,835.0,155.0,245.0,1,1,1.0
154,1,747.0,849.0,163.0,231.0,1,1,1.0
155,1,742.0,865.0,178.0,215.0,1,1,1.0
157,1,732.0,894.0,171.0,187.0,1,1,1.0
158,1,729.0,907.0,167.0,174.0,1,1,1.0
159,1,730.0,918.0,153.0,163.0,1,1,1.0
162,1,740.0,953.0,137.0,128.0,1,1,1.0
415,2,0.0,474.0,66.0,181.0,1,1,1.0
416,2,1.0,470.0,65.0,175.0,1,1,1.0
417,2,8.0,467.0,57.0,173.0,1,1,1.0
418,2,14.0,463.0,58.0,173.0,1,1,1.0
419,2,23.0,459.0,63.0,176.0,1,1,1.0
420,2,30.0,457.0,75.0,178.0,1,1,1.0
421,2,37.0,456.0,86.0,178.0,1,1,1.0
422,2,40.0,456.0,94.0,179.0,1,1,1.0
423,2,44.0,455.0,95.0,176.0,1,1,1.0
424,2,51.0,453.0,90.0,173.0,1,1,1.0
425,2,59.0,449.0,83.0,170.0,1,1,1.0
426,2,69.0,446.0,73.0,168.0,1,1,1.0
427,2,77.0,443.0,64.0,170.0,1,1,1.0
428,2,82.0,440.0,64.0,172.0,1,1,1.0
429,2,84.0,438.0,77.0,174.0,1,1,1.0
430,2,94.0,438.0,84.0,175.0,1,1,1.0
431,2,101.0,438.0,90.0,174.0,1,1,1.0
432,2,108.0,437.0,91.0,173.0,1,1,1.0
433,2,114.0,435.0,89.0,175.0,1,1,1.0
434,2,124.0,432.0,81.0,166.0,1,1,1.0
435,2,133.0,428.0,71.0,168.0,1,1,1.0
436,2,143.0,426.0,62.0,166.0,1,1,1.0
437,2,149.0,422.0,60.0,169.0,1,1,1.0
438,2,156.0,419.0,68.0,171.0,1,1,1.0
439,2,161.0,416.0,81.0,174.0,1,1,1.0
440,2,168.0,414.0,90.0,175.0,1,1,1.0
441,2,173.0,413.0,96.0,175.0,1,1,1.0
442,2,176.0,411.0,97.0,175.0,1,1,1.0
443,2,182.0,409.0,92.0,173.0,1,1,1.0
444,2,193.0,405.0,82.0,172.0,1,1,1.0
445,2,204.0,400.0,70.0,172.0,1,1,1.0
446,2,213.0,397.0,62.0,174.0,1,1,1.0
447,2,219.0,393.0,63.0,178.0,1,1,1.0
448,2,221.0,389.0,72.0,181.0,1,1,1.0
449,2,233.0,390.0,74.0,180.0,1,1,1.0
450,2,241.0,391.0,80.0,178.0,1,1,1.0
451,2,244.0,392.0,86.0,177.0,1,1,1.0
452,2,248.0,391.0,86.0,177.0,1,1,1.0
453,2,257.0,389.0,78.0,173.0,1,1,1.0
454,2,271.0,385.0,66.0,169.0,1,1,1.0
455,2,281.0,382.0,56.0,169.0,1,1,1.0
456,2,290.0,378.0,55.0,172.0,1,1,1.0
457,2,296.0,376.0,59.0,174.0,1,1,1.0
458,2,302.0,375.0,72.0,174.0,1,1,1.0
459,2,305.0,374.0,86.0,174.0,1,1,1.0
460,2,308.0,374.0,94.0,174.0,1,1,1.0
461,2,310.0,373.0,98.0,172.0,1,1,1.0
462,2,316.0,373.0,94.0,169.0,1,1,1.0
463,2,326.0,372.0,84.0,164.0,1,1,1.0
464,2,340.0,368.0,70.0,166.0,1,1,1.0
465,2,353.0,365.0,58.0,168.0,1,1,1.0
466,2,361.0,361.0,57.0,171.0,1,1,1.0
467,2,367.0,360.0,63.0,172.0,1,1,1.0
468,2,374.0,359.0,68.0,172.0,1,1,1.0
469,2,378.0,360.0,74.0,171.0,1,1,1.0
470,2,380.0,361.0,82.0,170.0,1,1,1.0
471,2,383.0,360.0,84.0,170.0,1,1,1.0
472,2,392.0,356.0,78.0,168.0,1,1,1.0
473,2,403.0,353.0,70.0,166.0,1,1,1.0
474,2,414.0,351.0,60.0,165.0,1,1,1.0
475,2,422.0,348.0,56.0,164.0,1,1,1.0
476,2,429.0,347.0,56.0,166.0,1,1,1.0
477,2,435.0,345.0,63.0,167.0,1,1,1.0
478,2,437.0,345.0,75.0,166.0,1,1,1.0
479,2,439.0,346.0,84.0,165.0,1,1,1.0
480,2,442.0,346.0,87.0,163.0,1,1,1.0
481,2,446.0,345.0,86.0,162.0,1,1,1.0
482,2,454.0,344.0,78.0,159.0,1,1,1.0
483,2,464.0,341.0,68.0,155.0,1,1,1.0
484,2,476.0,338.0,60.0,156.0,1,1,1.0
485,2,483.0,334.0,62.0,159.0,1,1,1.0
486,2,490.0,332.0,66.0,161.0,1,1,1.0
487,2,496.0,331.0,68.0,161.0,1,1,1.0
488,2,500.0,331.0,71.0,161.0,1,1,1.0
489,2,503.0,331.0,75.0,161.0,1,1,1.0
490,2,506.0,331.0,77.0,161.0,1,1,1.0
491,2,511.0,329.0,76.0,161.0,1,1,1.0
492,2,521.0,328.0,68.0,159.0,1,1,1.0
493,2,532.0,325.0,58.0,157.0,1,1,1.0
494,2,541.0,323.0,52.0,155.0,1,1,1.0
495,2,547.0,319.0,54.0,157.0,1,1,1.0
496,2,554.0,318.0,56.0,158.0,1,1,1.0
497,2,557.0,317.0,67.0,159.0,1,1,1.0
498,2,559.0,316.0,77.0,159.0,1,1,1.0
499,2,561.0,317.0,82.0,158.0,1,1,1.0
500,2,565.0,317.0,82.0,156.0,1,1,1.0
501,2,570.0,316.0,77.0,154.0,1,1,1.0
502,2,581.0,315.0,66.0,151.0,1,1,1.0
503,2,594.0,313.0,56.0,151.0,1,1,1.0
504,2,603.0,310.0,55.0,152.0,1,1,1.0
505,2,610.0,309.0,59.0,153.0,1,1,1.0
506,2,616.0,309.0,62.0,152.0,1,1,1.0
507,2,619.0,311.0,65.0,151.0,1,1,1.0
508,2,621.0,313.0,68.0,149.0,1,1,1.0
509,2,623.0,314.0,71.0,147.0,1,1,1.0
510,2,628.0,313.0,69.0,147.0,1,1,1.0
511,2,635.0,311.0,67.0,146.0,1,1,1.0
512,2,645.0,307.0,60.0,145.0,1,1,1.0
513,2,651.0,303.0,56.0,145.0,1,1,1.0
514,2,659.0,301.0,50.0,147.0,1,1,1.0
515,2,663.0,298.0,55.0,149.0,1,1,1.0
516,2,665.0,297.0,64.0,150.0,1,1,1.0
517,2,668.0,297.0,69.0,150.0,1,1,1.0
518,2,671.0,297.0,70.0,149.0,1,1,1.0
519,2,674.0,297.0,69.0,148.0,1,1,1.0
520,2,681.0,296.0,63.0,145.0,1,1,1.0
521,2,686.0,294.0,60.0,143.0,1,1,1.0
522,2,697.0,293.0,55.0,143.0,1,1,1.0
523,2,704.0,291.0,55.0,143.0,1,1,1.0
524,2,709.0,290.0,60.0,144.0,1,1,1.0
525,2,715.0,290.0,61.0,144.0,1,1,1.0
526,2,719.0,290.0,63.0,143.0,1,1,1.0
527,2,719.0,290.0,69.0,144.0,1,1,1.0
528,2,722.0,289.0,69.0,144.0,1,1,1.0
529,2,726.0,289.0,69.0,143.0,1,1,1.0
530,2,737.0,288.0,62.0,139.0,1,1,1.0
531,2,744.0,286.0,57.0,139.0,1,1,1.0
532,2,751.0,284.0,52.0,139.0,1,1,1.0
533,2,757.0,281.0,47.0,142.0,1,1,1.0
534,2,761.0,279.0,46.0,143.0,1,1,1.0
535,2,764.0,277.0,53.0,145.0,1,1,1.0
536,2,763.0,277.0,59.0,145.0,1,1,1.0
537,2,765.0,278.0,64.0,144.0,1,1,1.0
538,2,767.0,280.0,64.0,142.0,1,1,1.0
539,2,771.0,280.0,63.0,140.0,1,1,1.0
540,2,778.0,280.0,59.0,138.0,1,1,1.0
541,2,788.0,280.0,56.0,137.0,1,1,1.0
542,2,797.0,277.0,55.0,139.0,1,1,1.0
543,2,805.0,275.0,56.0,141.0,1,1,1.0
544,2,811.0,274.0,59.0,142.0,1,1,1.0
545,2,812.0,274.0,66.0,142.0,1,1,1.0
546,2,814.0,274.0,65.0,141.0,1,1,1.0
547,2,815.0,274.0,68.0,140.0,1,1,1.0
548,2,818.0,275.0,68.0,139.0,1,1,1.0
549,2,824.0,275.0,67.0,138.0,1,1,1.0
550,2,834.0,276.0,62.0,135.0,1,1,1.0
551,2,844.0,275.0,55.0,134.0,1,1,1.0
552,2,853.0,273.0,46.0,135.0,1,1,1.0
553,2,858.0,273.0,44.0,136.0,1,1,1.0
554,2,858.0,272.0,52.0,136.0,1,1,1.0
555,2,860.0,272.0,60.0,136.0,1,1,1.0
556,2,861.0,274.0,69.0,133.0,1,1,1.0
557,2,862.0,273.0,74.0,133.0,1,1,1.0
558,2,867.0,273.0,71.0,132.0,1,1,1.0
559,2,873.0,273.0,66.0,131.0,1,1,1.0
560,2,883.0,273.0,58.0,131.0,1,1,1.0
561,2,895.0,272.0,53.0,132.0,1,1,1.0
562,2,904.0,271.0,52.0,133.0,1,1,1.0
563,2,910.0,270.0,54.0,134.0,1,1,1.0
564,2,915.0,271.0,56.0,133.0,1,1,1.0
565,2,916.0,272.0,59.0,131.0,1,1,1.0
566,2,916.0,274.0,65.0,129.0,1,1,1.0
567,2,919.0,276.0,67.0,127.0,1,1,1.0
568,2,921.0,276.0,66.0,126.0,1,1,1.0
569,2,932.0,275.0,58.0,124.0,1,1,1.0
570,2,941.0,273.0,51.0,124.0,1,1,1.0
571,2,949.0,270.0,45.0,128.0,1,1,1.0
572,2,953.0,269.0,42.0,127.0,1,1,1.0
573,2,956.0,268.0,45.0,127.0,1,1,1.0
574,2,956.0,268.0,53.0,127.0,1,1,1.0
575,2,956.0,266.0,57.0,128.0,1,1,1.0
576,2,957.0,267.0,58.0,127.0,1,1,1.0
577,2,959.0,268.0,58.0,126.0,1,1,1.0
578,2,964.0,268.0,57.0,124.0,1,1,1.0
579,2,973.0,267.0,52.0,125.0,1,1,1.0
580,2,983.0,264.0,50.0,127.0,1,1,1.0
581,2,989.0,262.0,51.0,129.0,1,1,1.0
582,2,990.0,260.0,57.0,131.0,1,1,1.0
583,2,996.0,262.0,55.0,129.0,1,1,1.0
584,2,1000.0,263.0,54.0,128.0,1,1,1.0
585,2,1002.0,264.0,56.0,127.0,1,1,1.0
586,2,1003.0,264.0,57.0,126.0,1,1,1.0
587,2,1006.0,264.0,58.0,125.0,1,1,1.0
588,2,1014.0,265.0,52.0,120.0,1,1,1.0
589,2,1018.0,265.0,49.0,119.0,1,1,1.0
590,2,1022.0,264.0,48.0,121.0,1,1,1.0
591,2,1023.0,262.0,48.0,122.0,1,1,1.0
592,2,1025.0,262.0,49.0,121.0,1,1,1.0
593,2,1028.0,263.0,52.0,119.0,1,1,1.0
594,2,1029.0,265.0,57.0,118.0,1,1,1.0
595,2,1031.0,267.0,59.0,115.0,1,1,1.0
596,2,1036.0,268.0,55.0,114.0,1,1,1.0
597,2,1040.0,267.0,53.0,113.0,1,1,1.0
598,2,1047.0,266.0,49.0,114.0,1,1,1.0
599,2,1055.0,264.0,46.0,116.0,1,1,1.0
600,2,1062.0,261.0,45.0,118.0,1,1,1.0
601,2,1066.0,260.0,46.0,119.0,1,1,1.0
602,2,1071.0,260.0,47.0,118.0,1,1,1.0
603,2,1072.0,260.0,51.0,118.0,1,1,1.0
604,2,1073.0,261.0,52.0,117.0,1,1,1.0
605,2,1074.0,261.0,52.0,118.0,1,1,1.0
606,2,1077.0,262.0,53.0,117.0,1,1,1.0
607,2,1082.0,262.0,50.0,115.0,1,1,1.0
608,2,1089.0,262.0,44.0,113.0,1,1,1.0
609,2,1094.0,260.0,40.0,112.0,1,1,1.0
610,2,1098.0,258.0,38.0,114.0,1,1,1.0
611,2,1101.0,258.0,37.0,115.0,1,1,1.0
612,2,1103.0,257.0,39.0,115.0,1,1,1.0
613,2,1103.0,257.0,42.0,115.0,1,1,1.0
614,2,1104.0,257.0,44.0,115.0,1,1,1.0
615,2,1103.0,258.0,49.0,114.0,1,1,1.0
616,2,1103.0,259.0,52.0,113.0,1,1,1.0
617,2,1108.0,259.0,50.0,112.0,1,1,1.0
618,2,1113.0,258.0,49.0,112.0,1,1,1.0
619,2,1118.0,257.0,49.0,112.0,1,1,1.0
620,2,1123.0,255.0,49.0,114.0,1,1,1.0
621,2,1126.0,253.0,49.0,116.0,1,1,1.0
622,2,1129.0,252.0,49.0,117.0,1,1,1.0
623,2,1131.0,252.0,48.0,117.0,1,1,1.0
624,2,1133.0,253.0,47.0,116.0,1,1,1.0
625,2,1134.0,253.0,46.0,116.0,1,1,1.0
626,2,1136.0,252.0,45.0,116.0,1,1,1.0
627,2,1138.0,253.0,44.0,113.0,1,1,1.0
628,2,1140.0,252.0,44.0,111.0,1,1,1.0
629,2,1141.0,251.0,44.0,109.0,1,1,1.0
630,2,1142.0,249.0,44.0,107.0,1,1,1.0
631,2,1143.0,249.0,45.0,106.0,1,1,1.0
632,2,1143.0,249.0,49.0,104.0,1,1,1.0
633,2,1144.0,249.0,53.0,104.0,1,1,1.0
634,2,1145.0,249.0,57.0,104.0,1,1,1.0
635,2,1147.0,249.0,58.0,104.0,1,1,1.0
636,2,1148.0,249.0,55.0,104.0,1,1,1.0
637,2,1150.0,250.0,50.0,104.0,1,1,1.0
638,2,1151.0,250.0,47.0,106.0,1,1,1.0
639,2,1152.0,250.0,47.0,108.0,1,1,1.0
640,2,1152.0,250.0,47.0,109.0,1,1,1.0
641,2,1154.0,251.0,47.0,109.0,1,1,1.0
642,2,1153.0,251.0,49.0,107.0,1,1,1.0
643,2,1153.0,250.0,51.0,108.0,1,1,1.0
644,2,1154.0,249.0,51.0,108.0,1,1,1.0
646,2,1155.0,245.0,52.0,111.0,1,1,1.0
647,2,1155.0,245.0,51.0,112.0,1,1,1.0
648,2,1156.0,244.0,51.0,112.0,1,1,1.0
649,2,1158.0,245.0,49.0,112.0,1,1,1.0
650,2,1159.0,245.0,47.0,111.0,1,1,1.0
651,2,1158.0,246.0,48.0,110.0,1,1,1.0
652,2,1160.0,247.0,45.0,109.0,1,1,1.0
653,2,1156.0,248.0,47.0,109.0,1,1,1.0
654,2,1155.0,248.0,48.0,108.0,1,1,1.0
655,2,1156.0,248.0,45.0,108.0,1,1,1.0
656,2,1158.0,247.0,42.0,99.0,1,1,1.0
657,2,1156.0,245.0,44.0,95.0,1,1,1.0
658,2,1155.0,242.0,44.0,97.0,1,1,1.0
659,2,1155.0,241.0,43.0,96.0,1,1,1.0
660,2,1154.0,240.0,43.0,96.0,1,1,1.0
661,2,1153.0,239.0,43.0,98.0,1,1,1.0
662,2,1153.0,239.0,42.0,97.0,1,1,1.0
663,2,1152.0,239.0,41.0,97.0,1,1,1.0
664,2,1151.0,239.0,40.0,96.0,1,1,1.0
665,2,1150.0,237.0,39.0,98.0,1,1,1.0
666,2,1148.0,235.0,37.0,99.0,1,1,1.0
667,2,1146.0,233.0,36.0,98.0,1,1,1.0
668,2,1144.0,232.0,36.0,99.0,1,1,1.0
669,2,1141.0,231.0,36.0,100.0,1,1,1.0
670,2,1138.0,230.0,37.0,100.0,1,1,1.0
671,2,1136.0,231.0,37.0,100.0,1,1,1.0
672,2,1134.0,232.0,37.0,100.0,1,1,1.0
673,2,1128.0,233.0,40.0,99.0,1,1,1.0
674,2,1125.0,231.0,40.0,99.0,1,1,1.0
675,2,1124.0,229.0,39.0,101.0,1,1,1.0
676,2,1120.0,228.0,42.0,102.0,1,1,1.0
677,2,1119.0,226.0,40.0,104.0,1,1,1.0
678,2,1117.0,225.0,42.0,103.0,1,1,1.0
679,2,1116.0,224.0,42.0,103.0,1,1,1.0
680,2,1115.0,224.0,43.0,102.0,1,1,1.0
