1,1,1680.0,494.0,58.0,125.0,1,1,1.0
2,1,1681.0,494.0,54.0,125.0,1,1,1.0
3,1,1681.0,493.0,48.0,126.0,1,1,1.0
4,1,1681.0,492.0,41.0,127.0,1,1,1.0
5,1,1677.0,491.0,40.0,128.0,1,1,1.0
6,1,1674.0,491.0,39.0,129.0,1,1,1.0
7,1,1668.0,491.0,41.0,130.0,1,1,1.0
8,1,1659.0,492.0,48.0,130.0,1,1,1.0
9,1,1649.0,493.0,58.0,130.0,1,1,1.0
10,1,1642.0,493.0,65.0,129.0,1,1,1.0
11,1,1638.0,493.0,66.0,129.0,1,1,1.0
12,1,1637.0,493.0,62.0,130.0,1,1,1.0
13,1,1637.0,493.0,56.0,130.0,1,1,1.0
14,1,1637.0,492.0,47.0,131.0,1,1,1.0
15,1,1635.0,491.0,42.0,132.0,1,1,1.0
16,1,1629.0,490.0,41.0,133.0,1,1,1.0
17,1,1620.0,490.0,46.0,132.0,1,1,1.0
18,1,1607.0,491.0,57.0,132.0,1,1,1.0
19,1,1597.0,492.0,65.0,131.0,1,1,1.0
20,1,1590.0,492.0,69.0,131.0,1,1,1.0
21,1,1587.0,493.0,70.0,130.0,1,1,1.0
22,1,1586.0,492.0,66.0,129.0,1,1,1.0
23,1,1586.0,492.0,60.0,130.0,1,1,1.0
24,1,1586.0,491.0,51.0,131.0,1,1,1.0
25,1,1585.0,489.0,44.0,132.0,1,1,1.0
26,1,1583.0,489.0,41.0,133.0,1,1,1.0
27,1,1575.0,488.0,45.0,134.0,1,1,1.0
28,1,1565.0,489.0,54.0,134.0,1,1,1.0
29,1,1556.0,490.0,63.0,133.0,1,1,1.0
30,1,1550.0,491.0,69.0,132.0,1,1,1.0
31,1,1547.0,492.0,68.0,133.0,1,1,1.0
32,1,1546.0,492.0,64.0,133.0,1,1,1.0
33,1,1546.0,491.0,57.0,134.0,1,1,1.0
34,1,1545.0,490.0,49.0,135.0,1,1,1.0
35,1,1542.0,488.0,44.0,137.0,1,1,1.0
36,1,1536.0,488.0,44.0,137.0,1,1,1.0
37,1,1525.0,489.0,51.0,136.0,1,1,1.0
38,1,1513.0,490.0,61.0,135.0,1,1,1.0
39,1,1504.0,490.0,67.0,135.0,1,1,1.0
40,1,1498.0,491.0,68.0,134.0,1,1,1.0
41,1,1496.0,491.0,68.0,135.0,1,1,1.0
42,1,1495.0,492.0,64.0,135.0,1,1,1.0
43,1,1494.0,491.0,56.0,136.0,1,1,1.0
44,1,1494.0,490.0,50.0,138.0,1,1,1.0
45,1,1491.0,490.0,47.0,138.0,1,1,1.0
46,1,1489.0,490.0,44.0,139.0,1,1,1.0
47,1,1479.0,490.0,54.0,141.0,1,1,1.0
48,1,1469.0,491.0,63.0,141.0,1,1,1.0
49,1,1461.0,492.0,69.0,140.0,1,1,1.0
50,1,1456.0,494.0,71.0,140.0,1,1,1.0
51,1,1454.0,494.0,68.0,141.0,1,1,1.0
52,1,1452.0,494.0,62.0,141.0,1,1,1.0
53,1,1451.0,492.0,53.0,142.0,1,1,1.0
54,1,1448.0,491.0,47.0,143.0,1,1,1.0
55,1,1442.0,491.0,48.0,143.0,1,1,1.0
56,1,1430.0,491.0,54.0,142.0,1,1,1.0
57,1,1416.0,492.0,67.0,142.0,1,1,1.0
58,1,1405.0,493.0,76.0,141.0,1,1,1.0
59,1,1398.0,494.0,79.0,140.0,1,1,1.0
60,1,1396.0,494.0,78.0,140.0,1,1,1.0
61,1,1395.0,493.0,71.0,140.0,1,1,1.0
62,1,1395.0,493.0,61.0,141.0,1,1,1.0
63,1,1395.0,491.0,51.0,143.0,1,1,1.0
64,1,1393.0,490.0,46.0,145.0,1,1,1.0
65,1,1385.0,490.0,50.0,146.0,1,1,1.0
66,1,1372.0,492.0,61.0,146.0,1,1,1.0
67,1,1363.0,493.0,69.0,143.0,1,1,1.0
68,1,1354.0,494.0,75.0,144.0,1,1,1.0
69,1,1349.0,495.0,76.0,145.0,1,1,1.0
70,1,1348.0,495.0,70.0,146.0,1,1,1.0
71,1,1346.0,494.0,62.0,147.0,1,1,1.0
72,1,1343.0,494.0,52.0,148.0,1,1,1.0
73,1,1339.0,493.0,46.0,149.0,1,1,1.0
74,1,1331.0,493.0,48.0,150.0,1,1,1.0
75,1,1321.0,493.0,53.0,149.0,1,1,1.0
76,1,1305.0,494.0,65.0,148.0,1,1,1.0
77,1,1293.0,495.0,76.0,147.0,1,1,1.0
78,1,1286.0,497.0,82.0,146.0,1,1,1.0
79,1,1283.0,497.0,84.0,145.0,1,1,1.0
80,1,1281.0,497.0,78.0,145.0,1,1,1.0
81,1,1282.0,496.0,67.0,146.0,1,1,1.0
82,1,1281.0,494.0,56.0,147.0,1,1,1.0
83,1,1276.0,493.0,50.0,149.0,1,1,1.0
84,1,1265.0,493.0,56.0,151.0,1,1,1.0
85,1,1256.0,493.0,66.0,151.0,1,1,1.0
86,1,1243.0,494.0,79.0,150.0,1,1,1.0
87,1,1235.0,495.0,85.0,150.0,1,1,1.0
88,1,1231.0,496.0,84.0,151.0,1,1,1.0
89,1,1229.0,497.0,78.0,152.0,1,1,1.0
90,1,1229.0,497.0,67.0,152.0,1,1,1.0
91,1,1226.0,496.0,55.0,153.0,1,1,1.0
92,1,1223.0,495.0,46.0,154.0,1,1,1.0
93,1,1214.0,495.0,48.0,154.0,1,1,1.0
94,1,1198.0,495.0,59.0,153.0,1,1,1.0
95,1,1182.0,497.0,72.0,152.0,1,1,1.0
96,1,1170.0,498.0,83.0,151.0,1,1,1.0
97,1,1164.0,499.0,87.0,150.0,1,1,1.0
98,1,1162.0,499.0,85.0,150.0,1,1,1.0
99,1,1162.0,498.0,77.0,151.0,1,1,1.0
100,1,1162.0,497.0,66.0,153.0,1,1,1.0
101,1,1160.0,496.0,54.0,154.0,1,1,1.0
102,1,1153.0,495.0,54.0,156.0,1,1,1.0
103,1,1142.0,496.0,58.0,157.0,1,1,1.0
104,1,1131.0,497.0,66.0,157.0,1,1,1.0
105,1,1117.0,498.0,80.0,156.0,1,1,1.0
106,1,1109.0,499.0,87.0,155.0,1,1,1.0
107,1,1105.0,500.0,88.0,156.0,1,1,1.0
108,1,1103.0,500.0,86.0,157.0,1,1,1.0
109,1,1103.0,499.0,73.0,158.0,1,1,1.0
110,1,1100.0,498.0,60.0,159.0,1,1,1.0
111,1,1094.0,497.0,50.0,159.0,1,1,1.0
112,1,1085.0,497.0,50.0,159.0,1,1,1.0
113,1,1069.0,498.0,63.0,159.0,1,1,1.0
114,1,1053.0,499.0,77.0,157.0,1,1,1.0
115,1,1041.0,501.0,88.0,156.0,1,1,1.0
116,1,1034.0,502.0,94.0,155.0,1,1,1.0
117,1,1032.0,502.0,91.0,154.0,1,1,1.0
118,1,1031.0,502.0,81.0,154.0,1,1,1.0
119,1,1031.0,501.0,67.0,155.0,1,1,1.0
120,1,1028.0,500.0,56.0,156.0,1,1,1.0
121,1,1018.0,499.0,54.0,159.0,1,1,1.0
122,1,1009.0,499.0,56.0,161.0,1,1,1.0
123,1,996.0,500.0,65.0,161.0,1,1,1.0
124,1,983.0,501.0,77.0,159.0,1,1,1.0
125,1,975.0,503.0,83.0,159.0,1,1,1.0
126,1,969.0,504.0,86.0,160.0,1,1,1.0
127,1,968.0,504.0,80.0,160.0,1,1,1.0
128,1,967.0,504.0,70.0,160.0,1,1,1.0
129,1,967.0,503.0,55.0,161.0,1,1,1.0
130,1,961.0,503.0,48.0,161.0,1,1,1.0
131,1,953.0,503.0,48.0,161.0,1,1,1.0
132,1,936.0,503.0,61.0,161.0,1,1,1.0
133,1,919.0,504.0,76.0,161.0,1,1,1.0
134,1,906.0,506.0,88.0,160.0,1,1,1.0
135,1,899.0,507.0,94.0,159.0,1,1,1.0
136,1,896.0,508.0,94.0,160.0,1,1,1.0
137,1,895.0,508.0,85.0,160.0,1,1,1.0
138,1,895.0,507.0,73.0,160.0,1,1,1.0
139,1,893.0,506.0,60.0,161.0,1,1,1.0
140,1,881.0,506.0,57.0,163.0,1,1,1.0
141,1,869.0,506.0,60.0,165.0,1,1,1.0
142,1,858.0,507.0,67.0,165.0,1,1,1.0
143,1,846.0,508.0,79.0,164.0,1,1,1.0
144,1,836.0,510.0,87.0,163.0,1,1,1.0
145,1,831.0,511.0,90.0,164.0,1,1,1.0
146,1,828.0,511.0,87.0,164.0,1,1,1.0
147,1,826.0,511.0,77.0,164.0,1,1,1.0
148,1,826.0,511.0,63.0,165.0,1,1,1.0
149,1,824.0,510.0,48.0,165.0,1,1,1.0
150,1,815.0,510.0,47.0,165.0,1,1,1.0
151,1,801.0,511.0,58.0,165.0,1,1,1.0
152,1,782.0,512.0,76.0,164.0,1,1,1.0
153,1,768.0,513.0,89.0,163.0,1,1,1.0
154,1,760.0,515.0,97.0,162.0,1,1,1.0
155,1,755.0,516.0,98.0,163.0,1,1,1.0
156,1,753.0,516.0,90.0,163.0,1,1,1.0
157,1,753.0,517.0,78.0,162.0,1,1,1.0
158,1,752.0,516.0,64.0,163.0,1,1,1.0
159,1,742.0,515.0,56.0,164.0,1,1,1.0
160,1,730.0,515.0,58.0,166.0,1,1,1.0
161,1,718.0,516.0,67.0,167.0,1,1,1.0
162,1,705.0,517.0,79.0,168.0,1,1,1.0
163,1,693.0,518.0,89.0,167.0,1,1,1.0
164,1,687.0,520.0,94.0,167.0,1,1,1.0
165,1,684.0,521.0,92.0,167.0,1,1,1.0
166,1,682.0,521.0,83.0,168.0,1,1,1.0
167,1,681.0,521.0,70.0,168.0,1,1,1.0
168,1,678.0,520.0,55.0,169.0,1,1,1.0
169,1,670.0,519.0,51.0,169.0,1,1,1.0
170,1,658.0,520.0,58.0,168.0,1,1,1.0
171,1,640.0,521.0,74.0,167.0,1,1,1.0
172,1,625.0,523.0,89.0,166.0,1,1,1.0
173,1,614.0,526.0,99.0,165.0,1,1,1.0
174,1,608.0,527.0,103.0,166.0,1,1,1.0
175,1,603.0,527.0,99.0,166.0,1,1,1.0
176,1,601.0,527.0,87.0,166.0,1,1,1.0
177,1,601.0,526.0,71.0,167.0,1,1,1.0
178,1,596.0,525.0,59.0,168.0,1,1,1.0
179,1,584.0,525.0,58.0,170.0,1,1,1.0
180,1,573.0,525.0,66.0,172.0,1,1,1.0
181,1,559.0,526.0,78.0,172.0,1,1,1.0
182,1,547.0,528.0,89.0,171.0,1,1,1.0
183,1,539.0,529.0,96.0,171.0,1,1,1.0
184,1,535.0,530.0,96.0,171.0,1,1,1.0
185,1,532.0,530.0,88.0,171.0,1,1,1.0
186,1,531.0,530.0,74.0,172.0,1,1,1.0
187,1,525.0,529.0,63.0,173.0,1,1,1.0
188,1,522.0,529.0,51.0,173.0,1,1,1.0
189,1,511.0,529.0,58.0,172.0,1,1,1.0
190,1,493.0,530.0,73.0,172.0,1,1,1.0
191,1,478.0,533.0,88.0,170.0,1,1,1.0
192,1,467.0,534.0,98.0,169.0,1,1,1.0
193,1,460.0,536.0,102.0,168.0,1,1,1.0
194,1,454.0,536.0,98.0,169.0,1,1,1.0
195,1,454.0,535.0,85.0,169.0,1,1,1.0
196,1,454.0,534.0,68.0,170.0,1,1,1.0
197,1,440.0,533.0,63.0,171.0,1,1,1.0
198,1,433.0,534.0,61.0,174.0,1,1,1.0
199,1,425.0,535.0,67.0,175.0,1,1,1.0
200,1,410.0,537.0,81.0,174.0,1,1,1.0
201,1,398.0,539.0,92.0,172.0,1,1,1.0
202,1,391.0,540.0,97.0,172.0,1,1,1.0
203,1,387.0,541.0,96.0,172.0,1,1,1.0
204,1,385.0,541.0,86.0,172.0,1,1,1.0
205,1,384.0,541.0,72.0,172.0,1,1,1.0
206,1,379.0,540.0,53.0,174.0,1,1,1.0
207,1,373.0,540.0,51.0,173.0,1,1,1.0
208,1,360.0,540.0,59.0,173.0,1,1,1.0
209,1,345.0,541.0,73.0,172.0,1,1,1.0
210,1,330.0,543.0,87.0,171.0,1,1,1.0
211,1,319.0,545.0,97.0,169.0,1,1,1.0
212,1,311.0,546.0,102.0,169.0,1,1,1.0
213,1,305.0,546.0,99.0,169.0,1,1,1.0
214,1,303.0,546.0,89.0,169.0,1,1,1.0
215,1,304.0,545.0,72.0,170.0,1,1,1.0
216,1,301.0,544.0,59.0,172.0,1,1,1.0
217,1,293.0,544.0,56.0,173.0,1,1,1.0
218,1,281.0,545.0,65.0,173.0,1,1,1.0
219,1,267.0,546.0,77.0,172.0,1,1,1.0
220,1,257.0,548.0,87.0,171.0,1,1,1.0
221,1,249.0,550.0,94.0,170.0,1,1,1.0
222,1,245.0,551.0,94.0,170.0,1,1,1.0
223,1,242.0,551.0,84.0,170.0,1,1,1.0
224,1,241.0,552.0,72.0,170.0,1,1,1.0
225,1,238.0,551.0,62.0,171.0,1,1,1.0
226,1,232.0,550.0,53.0,171.0,1,1,1.0
227,1,219.0,550.0,59.0,171.0,1,1,1.0
228,1,206.0,551.0,70.0,171.0,1,1,1.0
229,1,193.0,552.0,82.0,170.0,1,1,1.0
230,1,182.0,554.0,92.0,169.0,1,1,1.0
231,1,175.0,555.0,98.0,168.0,1,1,1.0
232,1,168.0,555.0,97.0,168.0,1,1,1.0
233,1,165.0,555.0,89.0,168.0,1,1,1.0
234,1,164.0,554.0,76.0,169.0,1,1,1.0
235,1,165.0,553.0,62.0,170.0,1,1,1.0
236,1,161.0,553.0,55.0,171.0,1,1,1.0
237,1,152.0,553.0,61.0,172.0,1,1,1.0
238,1,142.0,554.0,69.0,171.0,1,1,1.0
239,1,132.0,556.0,78.0,169.0,1,1,1.0
240,1,127.0,558.0,83.0,168.0,1,1,1.0
241,1,124.0,559.0,82.0,167.0,1,1,1.0
242,1,122.0,558.0,57.0,167.0,1,1,1.0
243,1,119.0,559.0,60.0,167.0,1,1,1.0
244,1,114.0,558.0,60.0,168.0,1,1,1.0
245,1,106.0,557.0,53.0,167.0,1,1,1.0
246,1,94.0,557.0,57.0,168.0,1,1,1.0
247,1,82.0,558.0,67.0,167.0,1,1,1.0
248,1,73.0,560.0,76.0,165.0,1,1,1.0
249,1,65.0,561.0,83.0,166.0,1,1,1.0
250,1,59.0,561.0,87.0,165.0,1,1,1.0
251,1,55.0,561.0,84.0,164.0,1,1,1.0
252,1,54.0,561.0,75.0,161.0,1,1,1.0
253,1,54.0,559.0,63.0,162.0,1,1,1.0
254,1,54.0,558.0,51.0,163.0,1,1,1.0
255,1,50.0,557.0,51.0,164.0,1,1,1.0
256,1,43.0,558.0,57.0,163.0,1,1,1.0
257,1,35.0,559.0,64.0,162.0,1,1,1.0
258,1,29.0,559.0,69.0,161.0,1,1,1.0
259,1,25.0,561.0,71.0,160.0,1,1,1.0
260,1,23.0,561.0,69.0,159.0,1,1,1.0
261,1,20.0,562.0,65.0,159.0,1,1,1.0
262,1,16.0,562.0,58.0,158.0,1,1,1.0
263,1,12.0,560.0,51.0,158.0,1,1,1.0
264,1,6.0,560.0,47.0,159.0,1,1,1.0
265,1,0.0,560.0,47.0,158.0,1,1,1.0
266,1,0.0,560.0,48.0,158.0,1,1,1.0
267,1,0.0,561.0,49.0,158.0,1,1,1.0
268,1,0.0,563.0,49.0,156.0,1,1,1.0
354,2,0.0,513.0,43.0,123.0,1,1,1.0
355,2,0.0,512.0,45.0,124.0,1,1,1.0
356,2,0.0,511.0,46.0,125.0,1,1,1.0
357,2,3.0,510.0,44.0,124.0,1,1,1.0
358,2,7.0,509.0,39.0,124.0,1,1,1.0
359,2,14.0,507.0,34.0,124.0,1,1,1.0
360,2,19.0,506.0,38.0,124.0,1,1,1.0
361,2,24.0,506.0,44.0,124.0,1,1,1.0
362,2,26.0,506.0,47.0,123.0,1,1,1.0
363,2,27.0,506.0,50.0,123.0,1,1,1.0
364,2,28.0,506.0,57.0,123.0,1,1,1.0
365,2,31.0,505.0,57.0,123.0,1,1,1.0
366,2,39.0,504.0,51.0,122.0,1,1,1.0
367,2,47.0,503.0,44.0,123.0,1,1,1.0
368,2,55.0,501.0,36.0,123.0,1,1,1.0
369,2,60.0,499.0,34.0,126.0,1,1,1.0
370,2,65.0,498.0,38.0,127.0,1,1,1.0
372,2,69.0,503.0,54.0,121.0,1,1,1.0
373,2,70.0,501.0,53.0,123.0,1,1,1.0
374,2,73.0,499.0,52.0,124.0,1,1,1.0
375,2,79.0,498.0,51.0,124.0,1,1,1.0
376,2,87.0,498.0,46.0,123.0,1,1,1.0
377,2,94.0,496.0,40.0,123.0,1,1,1.0
378,2,102.0,497.0,35.0,120.0,1,1,1.0
379,2,108.0,496.0,39.0,122.0,1,1,1.0
380,2,112.0,495.0,45.0,121.0,1,1,1.0
381,2,113.0,498.0,55.0,119.0,1,1,1.0
382,2,114.0,498.0,60.0,119.0,1,1,1.0
383,2,116.0,499.0,62.0,117.0,1,1,1.0
384,2,121.0,498.0,58.0,115.0,1,1,1.0
385,2,129.0,496.0,52.0,117.0,1,1,1.0
386,2,138.0,491.0,43.0,121.0,1,1,1.0
387,2,146.0,487.0,38.0,123.0,1,1,1.0
388,2,151.0,487.0,37.0,124.0,1,1,1.0
389,2,154.0,486.0,44.0,125.0,1,1,1.0
390,2,157.0,487.0,51.0,124.0,1,1,1.0
391,2,159.0,487.0,59.0,124.0,1,1,1.0
392,2,161.0,486.0,59.0,124.0,1,1,1.0
393,2,166.0,486.0,56.0,124.0,1,1,1.0
394,2,173.0,485.0,52.0,122.0,1,1,1.0
395,2,182.0,484.0,44.0,122.0,1,1,1.0
396,2,190.0,483.0,38.0,122.0,1,1,1.0
397,2,196.0,481.0,36.0,123.0,1,1,1.0
398,2,202.0,479.0,42.0,124.0,1,1,1.0
399,2,206.0,479.0,51.0,124.0,1,1,1.0
400,2,207.0,479.0,61.0,124.0,1,1,1.0
401,2,208.0,480.0,66.0,123.0,1,1,1.0
402,2,210.0,480.0,66.0,122.0,1,1,1.0
403,2,216.0,480.0,60.0,120.0,1,1,1.0
404,2,225.0,479.0,52.0,120.0,1,1,1.0
405,2,235.0,477.0,43.0,121.0,1,1,1.0
406,2,243.0,476.0,36.0,122.0,1,1,1.0
407,2,247.0,474.0,38.0,124.0,1,1,1.0
408,2,250.0,475.0,46.0,122.0,1,1,1.0
409,2,251.0,475.0,56.0,123.0,1,1,1.0
410,2,254.0,475.0,60.0,122.0,1,1,1.0
411,2,257.0,475.0,58.0,121.0,1,1,1.0
412,2,262.0,474.0,56.0,122.0,1,1,1.0
413,2,270.0,472.0,49.0,121.0,1,1,1.0
414,2,279.0,471.0,41.0,121.0,1,1,1.0
415,2,288.0,470.0,34.0,119.0,1,1,1.0
416,2,294.0,469.0,35.0,119.0,1,1,1.0
417,2,298.0,468.0,43.0,120.0,1,1,1.0
418,2,300.0,468.0,53.0,120.0,1,1,1.0
419,2,301.0,468.0,61.0,120.0,1,1,1.0
420,2,302.0,468.0,65.0,119.0,1,1,1.0
421,2,304.0,468.0,64.0,118.0,1,1,1.0
422,2,312.0,467.0,57.0,118.0,1,1,1.0
423,2,322.0,466.0,47.0,117.0,1,1,1.0
424,2,332.0,464.0,39.0,119.0,1,1,1.0
425,2,339.0,463.0,36.0,120.0,1,1,1.0
426,2,344.0,462.0,38.0,121.0,1,1,1.0
427,2,346.0,462.0,44.0,120.0,1,1,1.0
428,2,347.0,463.0,52.0,119.0,1,1,1.0
429,2,349.0,464.0,56.0,118.0,1,1,1.0
430,2,352.0,465.0,56.0,117.0,1,1,1.0
431,2,359.0,463.0,50.0,117.0,1,1,1.0
432,2,368.0,461.0,41.0,118.0,1,1,1.0
433,2,378.0,460.0,34.0,111.0,1,1,1.0
434,2,385.0,459.0,32.0,108.0,1,1,1.0
435,2,391.0,459.0,33.0,104.0,1,1,1.0
436,2,396.0,459.0,35.0,103.0,1,1,1.0
437,2,399.0,458.0,39.0,103.0,1,1,1.0
438,2,401.0,459.0,53.0,109.0,1,1,1.0
440,2,406.0,460.0,48.0,103.0,1,1,1.0
441,2,413.0,459.0,45.0,107.0,1,1,1.0
442,2,422.0,458.0,39.0,111.0,1,1,1.0
443,2,431.0,456.0,36.0,113.0,1,1,1.0
444,2,437.0,455.0,35.0,115.0,1,1,1.0
445,2,440.0,455.0,42.0,114.0,1,1,1.0
446,2,442.0,455.0,46.0,113.0,1,1,1.0
447,2,445.0,456.0,50.0,113.0,1,1,1.0
448,2,445.0,456.0,59.0,114.0,1,1,1.0
449,2,448.0,456.0,59.0,115.0,1,1,1.0
450,2,455.0,455.0,53.0,114.0,1,1,1.0
451,2,465.0,454.0,43.0,114.0,1,1,1.0
452,2,477.0,454.0,33.0,113.0,1,1,1.0
453,2,483.0,453.0,34.0,114.0,1,1,1.0
454,2,487.0,453.0,41.0,113.0,1,1,1.0
455,2,489.0,453.0,51.0,113.0,1,1,1.0
456,2,490.0,454.0,60.0,112.0,1,1,1.0
457,2,491.0,454.0,63.0,112.0,1,1,1.0
458,2,495.0,454.0,62.0,112.0,1,1,1.0
459,2,501.0,454.0,56.0,111.0,1,1,1.0
460,2,512.0,453.0,45.0,111.0,1,1,1.0
461,2,523.0,450.0,36.0,114.0,1,1,1.0
462,2,530.0,449.0,34.0,115.0,1,1,1.0
463,2,534.0,450.0,39.0,114.0,1,1,1.0
464,2,536.0,449.0,51.0,115.0,1,1,1.0
465,2,537.0,451.0,59.0,113.0,1,1,1.0
466,2,538.0,451.0,65.0,114.0,1,1,1.0
467,2,541.0,451.0,66.0,114.0,1,1,1.0
468,2,546.0,451.0,61.0,113.0,1,1,1.0
469,2,554.0,450.0,53.0,113.0,1,1,1.0
470,2,565.0,450.0,41.0,113.0,1,1,1.0
471,2,574.0,450.0,35.0,114.0,1,1,1.0
472,2,577.0,450.0,43.0,113.0,1,1,1.0
473,2,580.0,450.0,49.0,115.0,1,1,1.0
474,2,582.0,451.0,57.0,113.0,1,1,1.0
475,2,583.0,452.0,64.0,113.0,1,1,1.0
476,2,586.0,453.0,67.0,113.0,1,1,1.0
477,2,591.0,453.0,64.0,114.0,1,1,1.0
478,2,600.0,453.0,58.0,114.0,1,1,1.0
479,2,610.0,453.0,48.0,115.0,1,1,1.0
480,2,616.0,452.0,40.0,116.0,1,1,1.0
481,2,620.0,451.0,38.0,116.0,1,1,1.0
482,2,624.0,451.0,44.0,116.0,1,1,1.0
483,2,628.0,452.0,49.0,116.0,1,1,1.0
484,2,630.0,453.0,55.0,116.0,1,1,1.0
485,2,631.0,453.0,58.0,117.0,1,1,1.0
486,2,633.0,453.0,58.0,118.0,1,1,1.0
487,2,638.0,454.0,53.0,117.0,1,1,1.0
488,2,646.0,454.0,46.0,117.0,1,1,1.0
489,2,653.0,454.0,40.0,117.0,1,1,1.0
490,2,658.0,454.0,42.0,118.0,1,1,1.0
491,2,660.0,454.0,48.0,119.0,1,1,1.0
492,2,659.0,456.0,58.0,119.0,1,1,1.0
493,2,658.0,457.0,64.0,119.0,1,1,1.0
494,2,659.0,458.0,67.0,120.0,1,1,1.0
495,2,662.0,459.0,67.0,120.0,1,1,1.0
496,2,668.0,459.0,64.0,121.0,1,1,1.0
497,2,675.0,458.0,57.0,121.0,1,1,1.0
498,2,683.0,457.0,49.0,122.0,1,1,1.0
499,2,689.0,457.0,42.0,122.0,1,1,1.0
500,2,693.0,457.0,39.0,122.0,1,1,1.0
501,2,697.0,458.0,43.0,122.0,1,1,1.0
502,2,698.0,459.0,49.0,123.0,1,1,1.0
503,2,701.0,460.0,52.0,124.0,1,1,1.0
504,2,704.0,461.0,52.0,124.0,1,1,1.0
505,2,706.0,462.0,51.0,123.0,1,1,1.0
506,2,709.0,461.0,49.0,125.0,1,1,1.0
507,2,715.0,461.0,44.0,125.0,1,1,1.0
508,2,722.0,461.0,42.0,125.0,1,1,1.0
509,2,728.0,461.0,45.0,126.0,1,1,1.0
510,2,730.0,461.0,50.0,128.0,1,1,1.0
511,2,730.0,463.0,56.0,128.0,1,1,1.0
512,2,731.0,464.0,61.0,127.0,1,1,1.0
513,2,731.0,465.0,66.0,127.0,1,1,1.0
514,2,734.0,466.0,66.0,128.0,1,1,1.0
515,2,740.0,466.0,63.0,128.0,1,1,1.0
516,2,748.0,466.0,56.0,128.0,1,1,1.0
517,2,757.0,466.0,48.0,128.0,1,1,1.0
518,2,764.0,465.0,41.0,129.0,1,1,1.0
519,2,769.0,466.0,41.0,129.0,1,1,1.0
520,2,772.0,467.0,48.0,129.0,1,1,1.0
521,2,773.0,467.0,57.0,130.0,1,1,1.0
522,2,775.0,468.0,60.0,130.0,1,1,1.0
523,2,777.0,470.0,62.0,130.0,1,1,1.0
524,2,780.0,470.0,61.0,130.0,1,1,1.0
525,2,785.0,470.0,56.0,130.0,1,1,1.0
526,2,792.0,470.0,51.0,131.0,1,1,1.0
527,2,802.0,469.0,44.0,132.0,1,1,1.0
528,2,808.0,470.0,45.0,133.0,1,1,1.0
529,2,812.0,470.0,49.0,136.0,1,1,1.0
530,2,809.0,471.0,59.0,137.0,1,1,1.0
531,2,810.0,472.0,64.0,137.0,1,1,1.0
532,2,815.0,474.0,65.0,136.0,1,1,1.0
533,2,815.0,475.0,69.0,136.0,1,1,1.0
534,2,820.0,475.0,67.0,136.0,1,1,1.0
535,2,831.0,475.0,58.0,136.0,1,1,1.0
536,2,841.0,474.0,48.0,137.0,1,1,1.0
537,2,848.0,474.0,41.0,137.0,1,1,1.0
538,2,854.0,475.0,42.0,137.0,1,1,1.0
539,2,854.0,476.0,53.0,137.0,1,1,1.0
540,2,854.0,477.0,63.0,137.0,1,1,1.0
541,2,855.0,479.0,67.0,137.0,1,1,1.0
542,2,858.0,480.0,68.0,137.0,1,1,1.0
543,2,862.0,480.0,65.0,138.0,1,1,1.0
544,2,868.0,479.0,59.0,139.0,1,1,1.0
545,2,876.0,479.0,52.0,139.0,1,1,1.0
546,2,889.0,478.0,44.0,140.0,1,1,1.0
547,2,896.0,479.0,46.0,141.0,1,1,1.0
548,2,901.0,481.0,51.0,142.0,1,1,1.0
549,2,902.0,482.0,59.0,142.0,1,1,1.0
550,2,902.0,484.0,67.0,142.0,1,1,1.0
551,2,901.0,486.0,74.0,142.0,1,1,1.0
552,2,904.0,487.0,75.0,142.0,1,1,1.0
553,2,916.0,487.0,67.0,142.0,1,1,1.0
554,2,928.0,487.0,57.0,142.0,1,1,1.0
555,2,938.0,487.0,47.0,142.0,1,1,1.0
556,2,945.0,487.0,42.0,142.0,1,1,1.0
557,2,948.0,488.0,49.0,142.0,1,1,1.0
558,2,949.0,489.0,61.0,141.0,1,1,1.0
559,2,947.0,491.0,74.0,141.0,1,1,1.0
560,2,949.0,492.0,77.0,142.0,1,1,1.0
561,2,953.0,492.0,77.0,143.0,1,1,1.0
562,2,958.0,492.0,73.0,143.0,1,1,1.0
563,2,964.0,492.0,67.0,144.0,1,1,1.0
564,2,979.0,491.0,54.0,145.0,1,1,1.0
565,2,993.0,490.0,49.0,146.0,1,1,1.0
566,2,1000.0,491.0,53.0,148.0,1,1,1.0
567,2,1003.0,492.0,61.0,149.0,1,1,1.0
568,2,1005.0,494.0,69.0,148.0,1,1,1.0
569,2,1006.0,495.0,76.0,148.0,1,1,1.0
570,2,1005.0,496.0,84.0,149.0,1,1,1.0
571,2,1007.0,497.0,86.0,149.0,1,1,1.0
572,2,1021.0,497.0,75.0,149.0,1,1,1.0
573,2,1036.0,497.0,61.0,149.0,1,1,1.0
574,2,1048.0,496.0,48.0,150.0,1,1,1.0
575,2,1055.0,496.0,45.0,150.0,1,1,1.0
576,2,1058.0,497.0,52.0,150.0,1,1,1.0
577,2,1060.0,498.0,63.0,150.0,1,1,1.0
578,2,1061.0,500.0,71.0,151.0,1,1,1.0
579,2,1060.0,502.0,80.0,152.0,1,1,1.0
580,2,1062.0,503.0,83.0,152.0,1,1,1.0
581,2,1067.0,503.0,81.0,153.0,1,1,1.0
582,2,1073.0,503.0,76.0,153.0,1,1,1.0
583,2,1088.0,503.0,64.0,153.0,1,1,1.0
584,2,1105.0,503.0,54.0,154.0,1,1,1.0
585,2,1116.0,503.0,56.0,157.0,1,1,1.0
586,2,1121.0,504.0,69.0,159.0,1,1,1.0
587,2,1123.0,506.0,74.0,160.0,1,1,1.0
588,2,1123.0,509.0,81.0,160.0,1,1,1.0
589,2,1121.0,510.0,91.0,161.0,1,1,1.0
590,2,1127.0,512.0,89.0,161.0,1,1,1.0
591,2,1141.0,513.0,82.0,160.0,1,1,1.0
592,2,1156.0,513.0,67.0,160.0,1,1,1.0
593,2,1171.0,513.0,52.0,160.0,1,1,1.0
594,2,1178.0,513.0,50.0,161.0,1,1,1.0
595,2,1181.0,514.0,57.0,160.0,1,1,1.0
596,2,1181.0,515.0,70.0,161.0,1,1,1.0
597,2,1182.0,518.0,82.0,161.0,1,1,1.0
598,2,1181.0,520.0,90.0,161.0,1,1,1.0
599,2,1184.0,521.0,89.0,161.0,1,1,1.0
600,2,1195.0,522.0,80.0,160.0,1,1,1.0
601,2,1209.0,523.0,70.0,160.0,1,1,1.0
602,2,1225.0,522.0,58.0,161.0,1,1,1.0
603,2,1240.0,522.0,54.0,164.0,1,1,1.0
604,2,1246.0,523.0,63.0,167.0,1,1,1.0
605,2,1248.0,525.0,74.0,169.0,1,1,1.0
606,2,1247.0,528.0,86.0,169.0,1,1,1.0
607,2,1247.0,531.0,97.0,169.0,1,1,1.0
608,2,1248.0,532.0,103.0,170.0,1,1,1.0
609,2,1261.0,534.0,95.0,169.0,1,1,1.0
610,2,1279.0,535.0,79.0,168.0,1,1,1.0
611,2,1297.0,534.0,62.0,168.0,1,1,1.0
612,2,1308.0,534.0,55.0,168.0,1,1,1.0
613,2,1312.0,535.0,59.0,168.0,1,1,1.0
614,2,1313.0,536.0,73.0,168.0,1,1,1.0
615,2,1313.0,538.0,82.0,168.0,1,1,1.0
616,2,1313.0,541.0,93.0,169.0,1,1,1.0
617,2,1315.0,543.0,97.0,169.0,1,1,1.0
618,2,1326.0,544.0,91.0,168.0,1,1,1.0
619,2,1339.0,544.0,80.0,168.0,1,1,1.0
620,2,1356.0,544.0,68.0,168.0,1,1,1.0
621,2,1374.0,544.0,57.0,170.0,1,1,1.0
622,2,1381.0,544.0,61.0,174.0,1,1,1.0
623,2,1383.0,545.0,74.0,176.0,1,1,1.0
624,2,1384.0,548.0,87.0,176.0,1,1,1.0
625,2,1385.0,550.0,98.0,176.0,1,1,1.0
626,2,1389.0,553.0,103.0,176.0,1,1,1.0
627,2,1397.0,555.0,101.0,175.0,1,1,1.0
628,2,1410.0,556.0,91.0,174.0,1,1,1.0
629,2,1426.0,556.0,74.0,174.0,1,1,1.0
630,2,1445.0,556.0,59.0,174.0,1,1,1.0
631,2,1452.0,556.0,59.0,174.0,1,1,1.0
632,2,1454.0,557.0,66.0,174.0,1,1,1.0
633,2,1455.0,558.0,78.0,175.0,1,1,1.0
634,2,1455.0,560.0,89.0,175.0,1,1,1.0
635,2,1456.0,562.0,97.0,175.0,1,1,1.0
636,2,1461.0,564.0,98.0,174.0,1,1,1.0
637,2,1463.0,565.0,99.0,175.0,1,1,1.0
638,2,1479.0,566.0,87.0,174.0,1,1,1.0
639,2,1496.0,566.0,75.0,174.0,1,1,1.0
640,2,1516.0,566.0,62.0,175.0,1,1,1.0
641,2,1525.0,567.0,62.0,178.0,1,1,1.0
642,2,1528.0,568.0,72.0,180.0,1,1,1.0
643,2,1528.0,570.0,86.0,180.0,1,1,1.0
644,2,1528.0,572.0,100.0,180.0,1,1,1.0
645,2,1531.0,574.0,107.0,179.0,1,1,1.0
646,2,1539.0,576.0,106.0,179.0,1,1,1.0
647,2,1552.0,577.0,97.0,178.0,1,1,1.0
648,2,1565.0,577.0,85.0,178.0,1,1,1.0
649,2,1588.0,577.0,63.0,178.0,1,1,1.0
650,2,1597.0,576.0,59.0,178.0,1,1,1.0
651,2,1600.0,577.0,62.0,178.0,1,1,1.0
652,2,1602.0,579.0,71.0,178.0,1,1,1.0
653,2,1602.0,581.0,81.0,178.0,1,1,1.0
654,2,1603.0,583.0,87.0,178.0,1,1,1.0
655,2,1606.0,584.0,88.0,179.0,1,1,1.0
656,2,1615.0,585.0,84.0,178.0,1,1,1.0
657,2,1628.0,586.0,77.0,178.0,1,1,1.0
658,2,1642.0,586.0,68.0,177.0,1,1,1.0
659,2,1657.0,586.0,60.0,179.0,1,1,1.0
660,2,1663.0,587.0,61.0,183.0,1,1,1.0
661,2,1665.0,589.0,67.0,185.0,1,1,1.0
662,2,1668.0,591.0,73.0,185.0,1,1,1.0
663,2,1667.0,593.0,79.0,184.0,1,1,1.0
664,2,1670.0,594.0,82.0,184.0,1,1,1.0
665,2,1678.0,596.0,77.0,183.0,1,1,1.0
666,2,1689.0,597.0,70.0,182.0,1,1,1.0
667,2,1699.0,597.0,67.0,182.0,1,1,1.0
668,2,1708.0,597.0,63.0,182.0,1,1,1.0
669,2,1710.0,597.0,66.0,182.0,1,1,1.0
670,2,1712.0,597.0,69.0,182.0,1,1,1.0
671,2,1713.0,599.0,75.0,181.0,1,1,1.0
672,2,1715.0,599.0,79.0,182.0,1,1,1.0
673,2,1716.0,600.0,83.0,182.0,1,1,1.0
674,2,1723.0,600.0,80.0,182.0,1,1,1.0
675,2,1732.0,599.0,74.0,183.0,1,1,1.0
676,2,1744.0,599.0,63.0,183.0,1,1,1.0
677,2,1755.0,598.0,55.0,181.0,1,1,1.0
678,2,1758.0,598.0,56.0,184.0,1,1,1.0
679,2,1758.0,597.0,63.0,186.0,1,1,1.0
680,2,1761.0,598.0,64.0,186.0,1,1,1.0
