1,1,878.0,598.0,126.0,354.0,1,1,1.0
2,1,882.0,593.0,124.0,352.0,1,1,1.0
3,1,887.0,588.0,120.0,343.0,1,1,1.0
4,1,897.0,583.0,112.0,329.0,1,1,1.0
5,1,903.0,576.0,109.0,316.0,1,1,1.0
6,1,907.0,570.0,107.0,316.0,1,1,1.0
7,1,911.0,566.0,106.0,319.0,1,1,1.0
8,1,911.0,563.0,107.0,322.0,1,1,1.0
9,1,911.0,561.0,110.0,324.0,1,1,1.0
10,1,910.0,559.0,113.0,326.0,1,1,1.0
11,1,911.0,556.0,114.0,326.0,1,1,1.0
12,1,910.0,553.0,115.0,322.0,1,1,1.0
13,1,910.0,548.0,115.0,318.0,1,1,1.0
14,1,912.0,543.0,115.0,308.0,1,1,1.0
15,1,917.0,537.0,113.0,298.0,1,1,1.0
16,1,918.0,532.0,114.0,297.0,1,1,1.0
17,1,918.0,528.0,115.0,300.0,1,1,1.0
18,1,916.0,525.0,118.0,302.0,1,1,1.0
19,1,936.0,523.0,97.0,304.0,1,1,1.0
21,1,926.0,521.0,104.0,305.0,1,1,1.0
22,1,925.0,519.0,102.0,306.0,1,1,1.0
23,1,929.0,517.0,96.0,302.0,1,1,1.0
24,1,926.0,513.0,97.0,299.0,1,1,1.0
25,1,923.0,509.0,99.0,291.0,1,1,1.0
26,1,925.0,505.0,96.0,278.0,1,1,1.0
27,1,933.0,500.0,88.0,277.0,1,1,1.0
28,1,940.0,496.0,80.0,278.0,1,1,1.0
29,1,940.0,493.0,79.0,281.0,1,1,1.0
30,1,938.0,491.0,82.0,283.0,1,1,1.0
31,1,934.0,489.0,85.0,284.0,1,1,1.0
32,1,928.0,489.0,91.0,284.0,1,1,1.0
33,1,930.0,487.0,90.0,286.0,1,1,1.0
34,1,930.0,484.0,91.0,283.0,1,1,1.0
35,1,933.0,481.0,89.0,282.0,1,1,1.0
36,1,935.0,477.0,87.0,272.0,1,1,1.0
37,1,935.0,472.0,88.0,263.0,1,1,1.0
38,1,938.0,469.0,86.0,263.0,1,1,1.0
39,1,940.0,465.0,84.0,263.0,1,1,1.0
40,1,941.0,463.0,83.0,265.0,1,1,1.0
41,1,946.0,462.0,78.0,266.0,1,1,1.0
42,1,950.0,461.0,74.0,267.0,1,1,1.0
43,1,952.0,461.0,72.0,267.0,1,1,1.0
44,1,953.0,460.0,71.0,268.0,1,1,1.0
45,1,953.0,459.0,71.0,267.0,1,1,1.0
46,1,952.0,457.0,74.0,264.0,1,1,1.0
47,1,951.0,454.0,76.0,260.0,1,1,1.0
48,1,951.0,450.0,77.0,261.0,1,1,1.0
49,1,952.0,446.0,81.0,264.0,1,1,1.0
50,1,952.0,442.0,83.0,268.0,1,1,1.0
51,1,953.0,439.0,86.0,271.0,1,1,1.0
52,1,952.0,437.0,89.0,273.0,1,1,1.0
53,1,949.0,435.0,93.0,275.0,1,1,1.0
54,1,945.0,435.0,98.0,275.0,1,1,1.0
55,1,939.0,434.0,105.0,276.0,1,1,1.0
56,1,932.0,432.0,114.0,278.0,1,1,1.0
57,1,929.0,430.0,117.0,258.0,1,1,1.0
58,1,924.0,428.0,122.0,246.0,1,1,1.0
59,1,921.0,425.0,123.0,236.0,1,1,1.0
60,1,925.0,422.0,117.0,233.0,1,1,1.0
61,1,931.0,419.0,108.0,234.0,1,1,1.0
62,1,938.0,417.0,99.0,235.0,1,1,1.0
63,1,946.0,416.0,89.0,236.0,1,1,1.0
64,1,953.0,415.0,82.0,236.0,1,1,1.0
65,1,956.0,415.0,78.0,237.0,1,1,1.0
66,1,960.0,415.0,73.0,237.0,1,1,1.0
67,1,963.0,414.0,69.0,235.0,1,1,1.0
68,1,965.0,412.0,67.0,233.0,1,1,1.0
69,1,966.0,409.0,67.0,230.0,1,1,1.0
70,1,966.0,406.0,67.0,224.0,1,1,1.0
71,1,965.0,403.0,70.0,219.0,1,1,1.0
72,1,963.0,400.0,74.0,219.0,1,1,1.0
73,1,960.0,398.0,80.0,220.0,1,1,1.0
74,1,958.0,397.0,85.0,220.0,1,1,1.0
75,1,957.0,396.0,88.0,221.0,1,1,1.0
76,1,959.0,397.0,88.0,221.0,1,1,1.0
77,1,963.0,397.0,88.0,220.0,1,1,1.0
78,1,965.0,396.0,87.0,217.0,1,1,1.0
79,1,966.0,393.0,88.0,217.0,1,1,1.0
80,1,966.0,391.0,86.0,212.0,1,1,1.0
81,1,970.0,388.0,82.0,209.0,1,1,1.0
82,1,973.0,385.0,81.0,208.0,1,1,1.0
83,1,980.0,382.0,76.0,209.0,1,1,1.0
84,1,986.0,381.0,71.0,210.0,1,1,1.0
85,1,988.0,381.0,70.0,211.0,1,1,1.0
86,1,990.0,381.0,69.0,211.0,1,1,1.0
87,1,993.0,381.0,66.0,211.0,1,1,1.0
88,1,995.0,381.0,63.0,211.0,1,1,1.0
89,1,996.0,381.0,62.0,208.0,1,1,1.0
90,1,996.0,380.0,60.0,206.0,1,1,1.0
91,1,996.0,377.0,60.0,203.0,1,1,1.0
92,1,996.0,375.0,60.0,194.0,1,1,1.0
93,1,996.0,373.0,61.0,193.0,1,1,1.0
94,1,996.0,371.0,62.0,193.0,1,1,1.0
95,1,996.0,370.0,62.0,194.0,1,1,1.0
96,1,997.0,369.0,62.0,195.0,1,1,1.0
97,1,998.0,367.0,62.0,196.0,1,1,1.0
98,1,999.0,367.0,61.0,197.0,1,1,1.0
99,1,1000.0,366.0,61.0,197.0,1,1,1.0
100,1,1000.0,364.0,63.0,197.0,1,1,1.0
101,1,999.0,363.0,66.0,194.0,1,1,1.0
102,1,999.0,360.0,68.0,188.0,1,1,1.0
103,1,1001.0,358.0,68.0,187.0,1,1,1.0
104,1,1003.0,356.0,68.0,187.0,1,1,1.0
105,1,1003.0,354.0,68.0,188.0,1,1,1.0
106,1,1006.0,354.0,66.0,189.0,1,1,1.0
107,1,1007.0,354.0,64.0,188.0,1,1,1.0
108,1,1008.0,354.0,62.0,188.0,1,1,1.0
109,1,1008.0,354.0,60.0,187.0,1,1,1.0
110,1,1008.0,354.0,59.0,188.0,1,1,1.0
111,1,1006.0,353.0,59.0,187.0,1,1,1.0
112,1,1003.0,351.0,60.0,176.0,1,1,1.0
113,1,1002.0,348.0,60.0,174.0,1,1,1.0
114,1,1000.0,346.0,61.0,175.0,1,1,1.0
115,1,1000.0,344.0,61.0,176.0,1,1,1.0
116,1,998.0,342.0,62.0,178.0,1,1,1.0
117,1,1000.0,342.0,60.0,178.0,1,1,1.0
118,1,997.0,342.0,62.0,178.0,1,1,1.0
119,1,996.0,342.0,63.0,178.0,1,1,1.0
120,1,996.0,342.0,63.0,178.0,1,1,1.0
121,1,995.0,341.0,64.0,177.0,1,1,1.0
122,1,994.0,340.0,66.0,177.0,1,1,1.0
123,1,994.0,339.0,67.0,173.0,1,1,1.0
124,1,992.0,337.0,70.0,170.0,1,1,1.0
125,1,991.0,334.0,71.0,170.0,1,1,1.0
126,1,999.0,332.0,63.0,169.0,1,1,1.0
127,1,1003.0,330.0,59.0,171.0,1,1,1.0
128,1,1004.0,329.0,58.0,172.0,1,1,1.0
129,1,1005.0,329.0,56.0,173.0,1,1,1.0
130,1,1005.0,329.0,55.0,173.0,1,1,1.0
131,1,1005.0,329.0,54.0,172.0,1,1,1.0
132,1,1004.0,329.0,53.0,171.0,1,1,1.0
133,1,1003.0,328.0,53.0,171.0,1,1,1.0
134,1,1002.0,327.0,53.0,171.0,1,1,1.0
135,1,1002.0,326.0,52.0,163.0,1,1,1.0
136,1,1002.0,324.0,52.0,161.0,1,1,1.0
137,1,1002.0,322.0,51.0,160.0,1,1,1.0
138,1,1002.0,321.0,51.0,162.0,1,1,1.0
139,1,1002.0,320.0,52.0,162.0,1,1,1.0
140,1,1002.0,320.0,53.0,162.0,1,1,1.0
141,1,1000.0,321.0,55.0,162.0,1,1,1.0
142,1,997.0,321.0,58.0,161.0,1,1,1.0
143,1,996.0,321.0,60.0,161.0,1,1,1.0
144,1,994.0,320.0,63.0,162.0,1,1,1.0
145,1,998.0,318.0,60.0,161.0,1,1,1.0
146,1,998.0,316.0,61.0,159.0,1,1,1.0
147,1,998.0,315.0,61.0,157.0,1,1,1.0
148,1,999.0,313.0,59.0,157.0,1,1,1.0
149,1,1001.0,312.0,56.0,157.0,1,1,1.0
150,1,1004.0,312.0,52.0,156.0,1,1,1.0
151,1,1005.0,311.0,51.0,157.0,1,1,1.0
152,1,1003.0,311.0,51.0,157.0,1,1,1.0
153,1,1002.0,311.0,52.0,157.0,1,1,1.0
154,1,1000.0,311.0,53.0,157.0,1,1,1.0
155,1,1002.0,311.0,51.0,156.0,1,1,1.0
156,1,1001.0,311.0,51.0,154.0,1,1,1.0
157,1,1000.0,310.0,52.0,149.0,1,1,1.0
158,1,1000.0,308.0,51.0,148.0,1,1,1.0
159,1,1001.0,306.0,49.0,149.0,1,1,1.0
160,1,1001.0,305.0,49.0,149.0,1,1,1.0
161,1,1001.0,305.0,49.0,149.0,1,1,1.0
162,1,1000.0,304.0,48.0,149.0,1,1,1.0
163,1,1000.0,304.0,48.0,149.0,1,1,1.0
164,1,1000.0,304.0,47.0,149.0,1,1,1.0
165,1,1000.0,304.0,46.0,149.0,1,1,1.0
166,1,1000.0,304.0,46.0,148.0,1,1,1.0
167,1,997.0,303.0,49.0,145.0,1,1,1.0
168,1,992.0,302.0,53.0,143.0,1,1,1.0
169,1,994.0,300.0,50.0,144.0,1,1,1.0
170,1,992.0,299.0,52.0,144.0,1,1,1.0
171,1,995.0,299.0,47.0,144.0,1,1,1.0
172,1,994.0,299.0,47.0,144.0,1,1,1.0
173,1,987.0,299.0,52.0,144.0,1,1,1.0
174,1,985.0,299.0,53.0,144.0,1,1,1.0
175,1,985.0,299.0,52.0,144.0,1,1,1.0
176,1,983.0,299.0,53.0,144.0,1,1,1.0
177,1,980.0,298.0,56.0,144.0,1,1,1.0
178,1,979.0,296.0,54.0,141.0,1,1,1.0
179,1,977.0,295.0,56.0,139.0,1,1,1.0
181,1,986.0,292.0,46.0,139.0,1,1,1.0
182,1,984.0,291.0,48.0,140.0,1,1,1.0
183,1,986.0,291.0,46.0,140.0,1,1,1.0
184,1,988.0,291.0,44.0,140.0,1,1,1.0
185,1,989.0,291.0,43.0,140.0,1,1,1.0
186,1,989.0,291.0,44.0,139.0,1,1,1.0
187,1,988.0,291.0,45.0,140.0,1,1,1.0
188,1,987.0,289.0,46.0,140.0,1,1,1.0
189,1,985.0,288.0,48.0,137.0,1,1,1.0
190,1,984.0,287.0,48.0,135.0,1,1,1.0
191,1,987.0,286.0,45.0,135.0,1,1,1.0
192,1,989.0,286.0,43.0,135.0,1,1,1.0
193,1,990.0,286.0,42.0,134.0,1,1,1.0
194,1,990.0,286.0,41.0,135.0,1,1,1.0
195,1,990.0,286.0,41.0,135.0,1,1,1.0
196,1,988.0,286.0,42.0,135.0,1,1,1.0
197,1,988.0,286.0,42.0,135.0,1,1,1.0
198,1,988.0,286.0,42.0,134.0,1,1,1.0
199,1,986.0,285.0,44.0,130.0,1,1,1.0
200,1,984.0,284.0,45.0,128.0,1,1,1.0
201,1,984.0,282.0,45.0,128.0,1,1,1.0
202,1,983.0,281.0,45.0,129.0,1,1,1.0
203,1,981.0,280.0,47.0,129.0,1,1,1.0
204,1,982.0,280.0,46.0,129.0,1,1,1.0
205,1,983.0,280.0,45.0,129.0,1,1,1.0
206,1,986.0,280.0,42.0,129.0,1,1,1.0
207,1,984.0,280.0,45.0,128.0,1,1,1.0
208,1,982.0,280.0,46.0,129.0,1,1,1.0
209,1,983.0,280.0,46.0,129.0,1,1,1.0
210,1,984.0,278.0,45.0,129.0,1,1,1.0
211,1,986.0,277.0,43.0,127.0,1,1,1.0
212,1,986.0,276.0,42.0,127.0,1,1,1.0
213,1,987.0,275.0,43.0,125.0,1,1,1.0
214,1,987.0,275.0,43.0,126.0,1,1,1.0
215,1,986.0,275.0,44.0,126.0,1,1,1.0
216,1,985.0,275.0,45.0,126.0,1,1,1.0
217,1,983.0,275.0,46.0,126.0,1,1,1.0
218,1,982.0,275.0,48.0,126.0,1,1,1.0
220,1,981.0,275.0,48.0,125.0,1,1,1.0
221,1,980.0,274.0,49.0,124.0,1,1,1.0
222,1,981.0,273.0,48.0,122.0,1,1,1.0
223,1,986.0,272.0,44.0,122.0,1,1,1.0
224,1,990.0,271.0,40.0,122.0,1,1,1.0
225,1,993.0,271.0,38.0,122.0,1,1,1.0
226,1,993.0,270.0,38.0,122.0,1,1,1.0
227,1,992.0,271.0,39.0,121.0,1,1,1.0
228,1,991.0,271.0,41.0,121.0,1,1,1.0
229,1,993.0,271.0,41.0,120.0,1,1,1.0
230,1,995.0,271.0,39.0,120.0,1,1,1.0
231,1,997.0,270.0,39.0,120.0,1,1,1.0
232,1,996.0,270.0,40.0,119.0,1,1,1.0
233,1,997.0,269.0,40.0,119.0,1,1,1.0
234,1,996.0,268.0,42.0,119.0,1,1,1.0
235,1,997.0,267.0,41.0,119.0,1,1,1.0
236,1,997.0,267.0,41.0,118.0,1,1,1.0
237,1,998.0,267.0,41.0,118.0,1,1,1.0
238,1,998.0,266.0,40.0,118.0,1,1,1.0
239,1,999.0,267.0,40.0,119.0,1,1,1.0
240,1,999.0,267.0,39.0,119.0,1,1,1.0
241,1,1000.0,267.0,38.0,119.0,1,1,1.0
242,1,1000.0,265.0,38.0,117.0,1,1,1.0
243,1,999.0,265.0,38.0,114.0,1,1,1.0
244,1,999.0,264.0,37.0,114.0,1,1,1.0
245,1,999.0,264.0,38.0,114.0,1,1,1.0
246,1,999.0,263.0,38.0,114.0,1,1,1.0
247,1,998.0,263.0,39.0,115.0,1,1,1.0
248,1,998.0,262.0,40.0,115.0,1,1,1.0
249,1,997.0,262.0,41.0,115.0,1,1,1.0
250,1,998.0,262.0,41.0,115.0,1,1,1.0
251,1,999.0,263.0,40.0,114.0,1,1,1.0
252,1,1000.0,262.0,39.0,114.0,1,1,1.0
253,1,1000.0,262.0,40.0,113.0,1,1,1.0
254,1,1000.0,261.0,39.0,113.0,1,1,1.0
255,1,1001.0,260.0,38.0,114.0,1,1,1.0
256,1,1002.0,259.0,37.0,113.0,1,1,1.0
257,1,1003.0,259.0,36.0,113.0,1,1,1.0
258,1,1003.0,259.0,36.0,113.0,1,1,1.0
259,1,1003.0,259.0,37.0,113.0,1,1,1.0
260,1,1002.0,259.0,37.0,113.0,1,1,1.0
261,1,1002.0,259.0,38.0,113.0,1,1,1.0
262,1,1002.0,259.0,38.0,112.0,1,1,1.0
263,1,1002.0,259.0,38.0,111.0,1,1,1.0
264,1,1004.0,258.0,36.0,109.0,1,1,1.0
265,1,1006.0,258.0,34.0,109.0,1,1,1.0
266,1,1007.0,257.0,32.0,109.0,1,1,1.0
267,1,1009.0,256.0,32.0,110.0,1,1,1.0
268,1,1008.0,255.0,32.0,110.0,1,1,1.0
269,1,1008.0,255.0,33.0,111.0,1,1,1.0
270,1,1007.0,255.0,33.0,110.0,1,1,1.0
271,1,1007.0,255.0,34.0,110.0,1,1,1.0
272,1,1007.0,255.0,34.0,109.0,1,1,1.0
273,1,1008.0,255.0,34.0,109.0,1,1,1.0
274,1,1008.0,254.0,33.0,108.0,1,1,1.0
275,1,1007.0,254.0,34.0,108.0,1,1,1.0
276,1,1006.0,253.0,34.0,109.0,1,1,1.0
277,1,1005.0,253.0,35.0,108.0,1,1,1.0
278,1,1003.0,253.0,37.0,108.0,1,1,1.0
279,1,1002.0,254.0,37.0,108.0,1,1,1.0
280,1,1001.0,253.0,37.0,108.0,1,1,1.0
281,1,1000.0,253.0,36.0,108.0,1,1,1.0
282,1,1000.0,253.0,36.0,107.0,1,1,1.0
283,1,1000.0,252.0,35.0,106.0,1,1,1.0
284,1,999.0,252.0,35.0,105.0,1,1,1.0
285,1,999.0,252.0,36.0,104.0,1,1,1.0
286,1,999.0,251.0,35.0,104.0,1,1,1.0
287,1,999.0,251.0,34.0,104.0,1,1,1.0
288,1,999.0,251.0,34.0,104.0,1,1,1.0
289,1,999.0,251.0,33.0,104.0,1,1,1.0
290,1,1000.0,251.0,32.0,104.0,1,1,1.0
291,1,1000.0,251.0,33.0,104.0,1,1,1.0
292,1,1000.0,250.0,33.0,104.0,1,1,1.0
293,1,1000.0,250.0,34.0,104.0,1,1,1.0
294,1,1000.0,249.0,35.0,104.0,1,1,1.0
295,1,1000.0,249.0,35.0,104.0,1,1,1.0
296,1,1001.0,248.0,35.0,103.0,1,1,1.0
297,1,999.0,248.0,36.0,103.0,1,1,1.0
298,1,999.0,248.0,37.0,103.0,1,1,1.0
299,1,999.0,248.0,37.0,103.0,1,1,1.0
300,1,1000.0,248.0,34.0,103.0,1,1,1.0
301,1,1001.0,249.0,33.0,103.0,1,1,1.0
302,1,1001.0,249.0,31.0,102.0,1,1,1.0
303,1,1000.0,249.0,31.0,102.0,1,1,1.0
304,1,999.0,248.0,31.0,102.0,1,1,1.0
305,1,999.0,247.0,31.0,101.0,1,1,1.0
306,1,999.0,247.0,31.0,101.0,1,1,1.0
307,1,999.0,246.0,30.0,101.0,1,1,1.0
308,1,999.0,246.0,30.0,100.0,1,1,1.0
309,1,999.0,246.0,29.0,100.0,1,1,1.0
310,1,999.0,246.0,29.0,100.0,1,1,1.0
311,1,999.0,246.0,29.0,100.0,1,1,1.0
312,1,999.0,246.0,29.0,100.0,1,1,1.0
313,1,1000.0,246.0,28.0,100.0,1,1,1.0
314,1,1000.0,246.0,28.0,99.0,1,1,1.0
315,1,1000.0,246.0,28.0,99.0,1,1,1.0
316,1,1000.0,246.0,28.0,98.0,1,1,1.0
317,1,1000.0,246.0,29.0,98.0,1,1,1.0
318,1,999.0,246.0,30.0,97.0,1,1,1.0
319,1,998.0,246.0,31.0,97.0,1,1,1.0
320,1,998.0,245.0,30.0,97.0,1,1,1.0
321,1,998.0,245.0,30.0,97.0,1,1,1.0
322,1,998.0,245.0,29.0,97.0,1,1,1.0
323,1,997.0,245.0,28.0,96.0,1,1,1.0
324,1,997.0,245.0,28.0,96.0,1,1,1.0
325,1,997.0,245.0,28.0,96.0,1,1,1.0
326,1,998.0,244.0,28.0,96.0,1,1,1.0
327,1,998.0,244.0,28.0,96.0,1,1,1.0
328,1,998.0,244.0,29.0,95.0,1,1,1.0
329,1,997.0,245.0,30.0,95.0,1,1,1.0
330,1,997.0,245.0,31.0,95.0,1,1,1.0
331,1,997.0,245.0,32.0,95.0,1,1,1.0
332,1,998.0,245.0,33.0,95.0,1,1,1.0
333,1,998.0,245.0,35.0,94.0,1,1,1.0
334,1,998.0,245.0,37.0,90.0,1,1,1.0
335,1,997.0,245.0,40.0,86.0,1,1,1.0
336,1,1002.0,245.0,37.0,84.0,1,1,1.0
337,1,1000.0,245.0,41.0,83.0,1,1,1.0
338,1,1006.0,245.0,36.0,90.0,1,1,1.0
339,1,1010.0,245.0,33.0,92.0,1,1,1.0
340,1,1012.0,246.0,32.0,93.0,1,1,1.0
341,1,1013.0,246.0,33.0,93.0,1,1,1.0
342,1,1013.0,247.0,35.0,92.0,1,1,1.0
343,1,1014.0,248.0,37.0,92.0,1,1,1.0
344,1,1014.0,248.0,40.0,93.0,1,1,1.0
347,1,1017.0,251.0,46.0,92.0,1,1,1.0
348,1,1020.0,251.0,45.0,91.0,1,1,1.0
349,1,1023.0,251.0,44.0,92.0,1,1,1.0
350,1,1028.0,251.0,41.0,92.0,1,1,1.0
351,1,1032.0,251.0,38.0,92.0,1,1,1.0
352,1,1037.0,252.0,36.0,92.0,1,1,1.0
353,1,1039.0,252.0,36.0,93.0,1,1,1.0
354,1,1042.0,253.0,35.0,94.0,1,1,1.0
355,1,1043.0,253.0,36.0,92.0,1,1,1.0
356,1,1043.0,253.0,36.0,92.0,1,1,1.0
357,1,1045.0,252.0,36.0,93.0,1,1,1.0
358,1,1047.0,252.0,38.0,94.0,1,1,1.0
359,1,1049.0,252.0,38.0,98.0,1,1,1.0
360,1,1053.0,251.0,36.0,99.0,1,1,1.0
361,1,1054.0,251.0,37.0,100.0,1,1,1.0
362,1,1054.0,251.0,38.0,100.0,1,1,1.0
363,1,1054.0,251.0,40.0,100.0,1,1,1.0
364,1,1053.0,252.0,42.0,101.0,1,1,1.0
365,1,1053.0,252.0,47.0,101.0,1,1,1.0
366,1,1054.0,253.0,49.0,101.0,1,1,1.0
367,1,1057.0,254.0,48.0,101.0,1,1,1.0
368,1,1058.0,255.0,47.0,101.0,1,1,1.0
369,1,1061.0,255.0,45.0,102.0,1,1,1.0
370,1,1065.0,255.0,43.0,102.0,1,1,1.0
371,1,1069.0,255.0,40.0,102.0,1,1,1.0
372,1,1074.0,255.0,38.0,102.0,1,1,1.0
373,1,1079.0,255.0,34.0,101.0,1,1,1.0
374,1,1083.0,255.0,34.0,102.0,1,1,1.0
375,1,1085.0,256.0,38.0,104.0,1,1,1.0
376,1,1088.0,257.0,35.0,104.0,1,1,1.0
377,1,1090.0,258.0,36.0,104.0,1,1,1.0
378,1,1090.0,259.0,39.0,104.0,1,1,1.0
379,1,1091.0,259.0,40.0,105.0,1,1,1.0
380,1,1092.0,260.0,44.0,105.0,1,1,1.0
381,1,1096.0,260.0,44.0,105.0,1,1,1.0
382,1,1098.0,260.0,43.0,105.0,1,1,1.0
383,1,1099.0,260.0,40.0,105.0,1,1,1.0
384,1,1100.0,260.0,39.0,105.0,1,1,1.0
385,1,1102.0,260.0,40.0,105.0,1,1,1.0
386,1,1106.0,261.0,40.0,105.0,1,1,1.0
387,1,1108.0,262.0,43.0,105.0,1,1,1.0
388,1,1109.0,263.0,47.0,105.0,1,1,1.0
389,1,1110.0,264.0,48.0,106.0,1,1,1.0
390,1,1111.0,264.0,48.0,107.0,1,1,1.0
391,1,1114.0,264.0,46.0,107.0,1,1,1.0
392,1,1117.0,264.0,43.0,107.0,1,1,1.0
393,1,1123.0,264.0,39.0,107.0,1,1,1.0
394,1,1129.0,264.0,36.0,107.0,1,1,1.0
395,1,1135.0,264.0,39.0,107.0,1,1,1.0
396,1,1138.0,265.0,35.0,108.0,1,1,1.0
397,1,1141.0,266.0,43.0,109.0,1,1,1.0
398,1,1142.0,267.0,39.0,110.0,1,1,1.0
399,1,1143.0,268.0,37.0,110.0,1,1,1.0
401,1,1146.0,269.0,37.0,110.0,1,1,1.0
403,1,1153.0,270.0,39.0,110.0,1,1,1.0
404,1,1156.0,270.0,39.0,110.0,1,1,1.0
405,1,1157.0,270.0,36.0,110.0,1,1,1.0
406,1,1158.0,270.0,34.0,110.0,1,1,1.0
407,1,1159.0,270.0,35.0,110.0,1,1,1.0
408,1,1160.0,271.0,39.0,111.0,1,1,1.0
409,1,1161.0,273.0,44.0,110.0,1,1,1.0
410,1,1161.0,274.0,46.0,110.0,1,1,1.0
411,1,1161.0,274.0,47.0,111.0,1,1,1.0
412,1,1162.0,275.0,48.0,112.0,1,1,1.0
413,1,1163.0,275.0,46.0,112.0,1,1,1.0
414,1,1166.0,275.0,45.0,112.0,1,1,1.0
415,1,1170.0,274.0,46.0,112.0,1,1,1.0
416,1,1176.0,275.0,46.0,112.0,1,1,1.0
417,1,1181.0,275.0,50.0,112.0,1,1,1.0
418,1,1187.0,275.0,50.0,113.0,1,1,1.0
419,1,1191.0,276.0,41.0,114.0,1,1,1.0
420,1,1192.0,277.0,39.0,113.0,1,1,1.0
421,1,1192.0,278.0,40.0,113.0,1,1,1.0
422,1,1192.0,279.0,41.0,113.0,1,1,1.0
423,1,1193.0,279.0,41.0,114.0,1,1,1.0
425,1,1200.0,279.0,48.0,115.0,1,1,1.0
426,1,1204.0,279.0,45.0,115.0,1,1,1.0
427,1,1209.0,279.0,37.0,114.0,1,1,1.0
428,1,1211.0,280.0,34.0,114.0,1,1,1.0
429,1,1211.0,280.0,37.0,114.0,1,1,1.0
430,1,1211.0,281.0,42.0,125.0,1,1,1.0
431,1,1210.0,282.0,46.0,129.0,1,1,1.0
432,1,1211.0,283.0,50.0,128.0,1,1,1.0
433,1,1213.0,285.0,55.0,125.0,1,1,1.0
434,1,1214.0,286.0,56.0,122.0,1,1,1.0
435,1,1215.0,286.0,57.0,123.0,1,1,1.0
436,1,1218.0,286.0,65.0,125.0,1,1,1.0
437,1,1222.0,286.0,57.0,126.0,1,1,1.0
438,1,1229.0,286.0,59.0,125.0,1,1,1.0
439,1,1236.0,286.0,48.0,126.0,1,1,1.0
440,1,1241.0,286.0,47.0,125.0,1,1,1.0
441,1,1250.0,287.0,44.0,119.0,1,1,1.0
442,1,1253.0,288.0,38.0,119.0,1,1,1.0
443,1,1253.0,289.0,51.0,119.0,1,1,1.0
444,1,1253.0,290.0,57.0,119.0,1,1,1.0
446,1,1256.0,292.0,63.0,119.0,1,1,1.0
447,1,1260.0,293.0,61.0,119.0,1,1,1.0
448,1,1266.0,293.0,56.0,118.0,1,1,1.0
449,1,1271.0,293.0,52.0,118.0,1,1,1.0
450,1,1278.0,294.0,45.0,118.0,1,1,1.0
451,1,1280.0,293.0,42.0,119.0,1,1,1.0
458,1,1290.0,300.0,54.0,119.0,1,1,1.0
459,1,1295.0,302.0,52.0,119.0,1,1,1.0
460,1,1302.0,302.0,52.0,118.0,1,1,1.0
461,1,1310.0,302.0,45.0,115.0,1,1,1.0
463,1,1322.0,302.0,39.0,119.0,1,1,1.0
464,1,1324.0,304.0,39.0,121.0,1,1,1.0
465,1,1324.0,305.0,41.0,121.0,1,1,1.0
466,1,1324.0,306.0,46.0,122.0,1,1,1.0
467,1,1324.0,307.0,47.0,123.0,1,1,1.0
468,1,1335.0,307.0,38.0,123.0,1,1,1.0
469,1,1337.0,306.0,38.0,124.0,1,1,1.0
470,1,1340.0,307.0,38.0,124.0,1,1,1.0
471,1,1341.0,307.0,39.0,123.0,1,1,1.0
472,1,1344.0,308.0,40.0,123.0,1,1,1.0
473,1,1348.0,309.0,39.0,121.0,1,1,1.0
475,1,1349.0,312.0,46.0,122.0,1,1,1.0
477,1,1350.0,315.0,54.0,121.0,1,1,1.0
478,1,1350.0,316.0,56.0,122.0,1,1,1.0
479,1,1351.0,317.0,58.0,123.0,1,1,1.0
480,1,1353.0,317.0,58.0,123.0,1,1,1.0
481,1,1357.0,317.0,57.0,123.0,1,1,1.0
482,1,1361.0,317.0,56.0,123.0,1,1,1.0
483,1,1368.0,317.0,52.0,123.0,1,1,1.0
484,1,1374.0,318.0,48.0,123.0,1,1,1.0
485,1,1384.0,318.0,41.0,124.0,1,1,1.0
486,1,1388.0,318.0,41.0,127.0,1,1,1.0
487,1,1389.0,320.0,43.0,127.0,1,1,1.0
488,1,1389.0,321.0,46.0,127.0,1,1,1.0
489,1,1389.0,320.0,48.0,129.0,1,1,1.0
490,1,1391.0,320.0,49.0,130.0,1,1,1.0
491,1,1396.0,321.0,48.0,129.0,1,1,1.0
492,1,1405.0,322.0,41.0,129.0,1,1,1.0
493,1,1411.0,322.0,37.0,129.0,1,1,1.0
494,1,1414.0,323.0,39.0,127.0,1,1,1.0
495,1,1417.0,324.0,39.0,127.0,1,1,1.0
496,1,1418.0,324.0,44.0,128.0,1,1,1.0
497,1,1419.0,324.0,46.0,130.0,1,1,1.0
498,1,1419.0,324.0,51.0,132.0,1,1,1.0
499,1,1419.0,327.0,55.0,130.0,1,1,1.0
500,1,1419.0,326.0,57.0,132.0,1,1,1.0
501,1,1420.0,327.0,57.0,133.0,1,1,1.0
502,1,1421.0,328.0,59.0,132.0,1,1,1.0
503,1,1425.0,330.0,58.0,130.0,1,1,1.0
504,1,1430.0,330.0,56.0,130.0,1,1,1.0
505,1,1435.0,331.0,53.0,129.0,1,1,1.0
506,1,1440.0,332.0,50.0,128.0,1,1,1.0
507,1,1447.0,333.0,46.0,128.0,1,1,1.0
508,1,1452.0,334.0,44.0,129.0,1,1,1.0
509,1,1455.0,335.0,44.0,131.0,1,1,1.0
510,1,1456.0,337.0,46.0,132.0,1,1,1.0
511,1,1457.0,338.0,47.0,131.0,1,1,1.0
512,1,1457.0,339.0,49.0,131.0,1,1,1.0
513,1,1461.0,340.0,48.0,131.0,1,1,1.0
514,1,1467.0,340.0,44.0,130.0,1,1,1.0
515,1,1471.0,341.0,42.0,130.0,1,1,1.0
516,1,1475.0,341.0,41.0,130.0,1,1,1.0
517,1,1477.0,341.0,41.0,129.0,1,1,1.0
518,1,1479.0,342.0,42.0,130.0,1,1,1.0
519,1,1480.0,343.0,43.0,132.0,1,1,1.0
520,1,1480.0,344.0,46.0,132.0,1,1,1.0
521,1,1481.0,347.0,48.0,131.0,1,1,1.0
522,1,1483.0,349.0,51.0,131.0,1,1,1.0
523,1,1483.0,350.0,53.0,132.0,1,1,1.0
524,1,1485.0,350.0,54.0,132.0,1,1,1.0
525,1,1488.0,350.0,52.0,131.0,1,1,1.0
526,1,1491.0,351.0,51.0,131.0,1,1,1.0
527,1,1494.0,351.0,49.0,131.0,1,1,1.0
528,1,1497.0,351.0,50.0,131.0,1,1,1.0
529,1,1500.0,351.0,48.0,131.0,1,1,1.0
530,1,1500.0,351.0,47.0,131.0,1,1,1.0
531,1,1499.0,351.0,48.0,133.0,1,1,1.0
532,1,1498.0,352.0,48.0,134.0,1,1,1.0
533,1,1497.0,353.0,47.0,134.0,1,1,1.0
534,1,1496.0,353.0,46.0,135.0,1,1,1.0
535,1,1495.0,354.0,45.0,134.0,1,1,1.0
536,1,1495.0,353.0,44.0,136.0,1,1,1.0
537,1,1495.0,353.0,44.0,136.0,1,1,1.0
538,1,1494.0,353.0,43.0,136.0,1,1,1.0
539,1,1494.0,352.0,42.0,136.0,1,1,1.0
540,1,1494.0,353.0,41.0,136.0,1,1,1.0
541,1,1494.0,353.0,40.0,138.0,1,1,1.0
542,1,1493.0,354.0,40.0,140.0,1,1,1.0
543,1,1491.0,356.0,41.0,139.0,1,1,1.0
544,1,1488.0,358.0,44.0,139.0,1,1,1.0
545,1,1486.0,359.0,46.0,138.0,1,1,1.0
546,1,1485.0,360.0,46.0,139.0,1,1,1.0
547,1,1482.0,359.0,47.0,139.0,1,1,1.0
548,1,1480.0,359.0,47.0,140.0,1,1,1.0
549,1,1479.0,358.0,46.0,140.0,1,1,1.0
550,1,1478.0,357.0,45.0,140.0,1,1,1.0
551,1,1474.0,357.0,48.0,140.0,1,1,1.0
552,1,1469.0,357.0,52.0,141.0,1,1,1.0
553,1,1462.0,357.0,57.0,141.0,1,1,1.0
554,1,1455.0,357.0,62.0,143.0,1,1,1.0
555,1,1450.0,356.0,63.0,144.0,1,1,1.0
556,1,1448.0,356.0,62.0,144.0,1,1,1.0
557,1,1447.0,356.0,61.0,145.0,1,1,1.0
558,1,1447.0,356.0,60.0,145.0,1,1,1.0
559,1,1446.0,355.0,56.0,145.0,1,1,1.0
560,1,1446.0,355.0,54.0,145.0,1,1,1.0
561,1,1446.0,355.0,52.0,145.0,1,1,1.0
562,1,1446.0,355.0,50.0,146.0,1,1,1.0
563,1,1445.0,355.0,49.0,148.0,1,1,1.0
564,1,1444.0,356.0,48.0,150.0,1,1,1.0
565,1,1443.0,357.0,47.0,151.0,1,1,1.0
566,1,1441.0,358.0,46.0,152.0,1,1,1.0
567,1,1439.0,360.0,46.0,151.0,1,1,1.0
568,1,1437.0,361.0,46.0,151.0,1,1,1.0
569,1,1436.0,361.0,46.0,151.0,1,1,1.0
570,1,1434.0,361.0,46.0,151.0,1,1,1.0
571,1,1433.0,360.0,47.0,151.0,1,1,1.0
572,1,1430.0,360.0,49.0,152.0,1,1,1.0
573,1,1427.0,359.0,52.0,152.0,1,1,1.0
574,1,1422.0,359.0,55.0,152.0,1,1,1.0
575,1,1414.0,360.0,62.0,152.0,1,1,1.0
576,1,1406.0,360.0,68.0,151.0,1,1,1.0
577,1,1397.0,362.0,73.0,151.0,1,1,1.0
578,1,1391.0,362.0,76.0,150.0,1,1,1.0
579,1,1389.0,363.0,75.0,150.0,1,1,1.0
580,1,1388.0,362.0,75.0,151.0,1,1,1.0
581,1,1387.0,361.0,77.0,152.0,1,1,1.0
582,1,1387.0,361.0,76.0,153.0,1,1,1.0
583,1,1385.0,360.0,65.0,154.0,1,1,1.0
584,1,1379.0,359.0,65.0,155.0,1,1,1.0
585,1,1376.0,359.0,64.0,156.0,1,1,1.0
586,1,1374.0,358.0,62.0,158.0,1,1,1.0
587,1,1373.0,359.0,59.0,160.0,1,1,1.0
588,1,1372.0,360.0,58.0,161.0,1,1,1.0
589,1,1370.0,361.0,59.0,161.0,1,1,1.0
590,1,1369.0,363.0,57.0,160.0,1,1,1.0
591,1,1366.0,364.0,57.0,160.0,1,1,1.0
592,1,1363.0,364.0,58.0,160.0,1,1,1.0
593,1,1360.0,364.0,57.0,161.0,1,1,1.0
594,1,1359.0,363.0,58.0,161.0,1,1,1.0
595,1,1357.0,363.0,58.0,162.0,1,1,1.0
596,1,1356.0,363.0,61.0,161.0,1,1,1.0
597,1,1351.0,362.0,61.0,161.0,1,1,1.0
598,1,1342.0,363.0,66.0,161.0,1,1,1.0
599,1,1334.0,363.0,71.0,161.0,1,1,1.0
600,1,1326.0,365.0,75.0,161.0,1,1,1.0
601,1,1323.0,366.0,73.0,161.0,1,1,1.0
602,1,1319.0,366.0,70.0,161.0,1,1,1.0
603,1,1318.0,366.0,69.0,162.0,1,1,1.0
604,1,1317.0,364.0,67.0,163.0,1,1,1.0
605,1,1317.0,363.0,67.0,164.0,1,1,1.0
606,1,1316.0,362.0,68.0,165.0,1,1,1.0
607,1,1313.0,362.0,70.0,165.0,1,1,1.0
608,1,1313.0,362.0,59.0,167.0,1,1,1.0
609,1,1311.0,363.0,55.0,169.0,1,1,1.0
611,1,1303.0,365.0,54.0,167.0,1,1,1.0
612,1,1304.0,366.0,50.0,162.0,1,1,1.0
613,1,1291.0,368.0,60.0,165.0,1,1,1.0
614,1,1286.0,368.0,62.0,168.0,1,1,1.0
620,1,1268.0,367.0,65.0,146.0,1,1,1.0
621,1,1262.0,367.0,70.0,165.0,1,1,1.0
622,1,1256.0,368.0,73.0,170.0,1,1,1.0
623,1,1244.0,369.0,80.0,173.0,1,1,1.0
624,1,1239.0,370.0,90.0,174.0,1,1,1.0
625,1,1236.0,371.0,90.0,175.0,1,1,1.0
626,1,1234.0,370.0,83.0,175.0,1,1,1.0
627,1,1234.0,369.0,81.0,177.0,1,1,1.0
628,1,1234.0,368.0,73.0,177.0,1,1,1.0
629,1,1233.0,368.0,68.0,178.0,1,1,1.0
630,1,1228.0,367.0,66.0,178.0,1,1,1.0
631,1,1221.0,367.0,68.0,178.0,1,1,1.0
632,1,1215.0,367.0,71.0,181.0,1,1,1.0
633,1,1209.0,368.0,73.0,183.0,1,1,1.0
634,1,1204.0,368.0,75.0,185.0,1,1,1.0
635,1,1199.0,370.0,76.0,186.0,1,1,1.0
636,1,1196.0,371.0,75.0,185.0,1,1,1.0
637,1,1192.0,372.0,75.0,185.0,1,1,1.0
638,1,1190.0,372.0,73.0,185.0,1,1,1.0
639,1,1188.0,372.0,71.0,185.0,1,1,1.0
640,1,1186.0,372.0,70.0,185.0,1,1,1.0
641,1,1185.0,371.0,68.0,185.0,1,1,1.0
642,1,1185.0,371.0,67.0,186.0,1,1,1.0
643,1,1180.0,371.0,73.0,186.0,1,1,1.0
644,1,1169.0,371.0,80.0,186.0,1,1,1.0
645,1,1156.0,372.0,90.0,186.0,1,1,1.0
646,1,1148.0,372.0,91.0,186.0,1,1,1.0
647,1,1140.0,374.0,91.0,185.0,1,1,1.0
648,1,1135.0,375.0,90.0,185.0,1,1,1.0
649,1,1132.0,375.0,91.0,185.0,1,1,1.0
650,1,1130.0,374.0,88.0,186.0,1,1,1.0
651,1,1130.0,373.0,83.0,187.0,1,1,1.0
652,1,1130.0,372.0,74.0,188.0,1,1,1.0
653,1,1129.0,372.0,67.0,188.0,1,1,1.0
654,1,1123.0,371.0,68.0,188.0,1,1,1.0
655,1,1114.0,371.0,71.0,192.0,1,1,1.0
656,1,1106.0,372.0,74.0,195.0,1,1,1.0
657,1,1099.0,372.0,77.0,197.0,1,1,1.0
658,1,1093.0,373.0,78.0,196.0,1,1,1.0
659,1,1087.0,375.0,79.0,197.0,1,1,1.0
660,1,1081.0,377.0,82.0,198.0,1,1,1.0
661,1,1080.0,378.0,80.0,197.0,1,1,1.0
662,1,1083.0,379.0,74.0,197.0,1,1,1.0
663,1,1085.0,379.0,67.0,197.0,1,1,1.0
664,1,1083.0,379.0,63.0,197.0,1,1,1.0
665,1,1076.0,380.0,66.0,197.0,1,1,1.0
666,1,1073.0,380.0,65.0,197.0,1,1,1.0
667,1,1065.0,380.0,69.0,196.0,1,1,1.0
668,1,1054.0,380.0,79.0,197.0,1,1,1.0
669,1,1041.0,381.0,92.0,198.0,1,1,1.0
670,1,1030.0,382.0,102.0,198.0,1,1,1.0
671,1,1023.0,383.0,106.0,198.0,1,1,1.0
672,1,1019.0,384.0,106.0,198.0,1,1,1.0
673,1,1018.0,385.0,101.0,199.0,1,1,1.0
674,1,1017.0,385.0,93.0,199.0,1,1,1.0
675,1,1017.0,384.0,83.0,200.0,1,1,1.0
676,1,1015.0,384.0,76.0,200.0,1,1,1.0
677,1,1008.0,384.0,73.0,200.0,1,1,1.0
678,1,997.0,384.0,78.0,203.0,1,1,1.0
679,1,987.0,385.0,81.0,205.0,1,1,1.0
680,1,979.0,386.0,83.0,208.0,1,1,1.0
681,1,973.0,388.0,83.0,208.0,1,1,1.0
682,1,968.0,390.0,83.0,209.0,1,1,1.0
683,1,964.0,391.0,86.0,210.0,1,1,1.0
684,1,963.0,392.0,85.0,210.0,1,1,1.0
685,1,959.0,392.0,83.0,209.0,1,1,1.0
686,1,959.0,392.0,76.0,209.0,1,1,1.0
687,1,957.0,392.0,77.0,209.0,1,1,1.0
688,1,953.0,392.0,82.0,209.0,1,1,1.0
689,1,948.0,393.0,86.0,209.0,1,1,1.0
690,1,939.0,393.0,91.0,208.0,1,1,1.0
691,1,927.0,394.0,96.0,209.0,1,1,1.0
692,1,913.0,396.0,101.0,210.0,1,1,1.0
693,1,905.0,397.0,102.0,211.0,1,1,1.0
694,1,901.0,398.0,101.0,211.0,1,1,1.0
695,1,899.0,398.0,101.0,211.0,1,1,1.0
696,1,898.0,398.0,97.0,212.0,1,1,1.0
697,1,896.0,398.0,87.0,212.0,1,1,1.0
698,1,893.0,397.0,83.0,213.0,1,1,1.0
699,1,885.0,397.0,80.0,213.0,1,1,1.0
700,1,874.0,398.0,82.0,214.0,1,1,1.0
701,1,865.0,399.0,85.0,218.0,1,1,1.0
702,1,859.0,400.0,84.0,222.0,1,1,1.0
703,1,859.0,402.0,80.0,223.0,1,1,1.0
704,1,853.0,404.0,84.0,222.0,1,1,1.0
705,1,848.0,406.0,88.0,222.0,1,1,1.0
706,1,844.0,407.0,89.0,223.0,1,1,1.0
707,1,844.0,408.0,88.0,222.0,1,1,1.0
708,1,840.0,408.0,73.0,222.0,1,1,1.0
709,1,834.0,407.0,67.0,223.0,1,1,1.0
710,1,822.0,408.0,73.0,222.0,1,1,1.0
711,1,814.0,408.0,75.0,222.0,1,1,1.0
712,1,802.0,409.0,81.0,221.0,1,1,1.0
713,1,790.0,410.0,90.0,221.0,1,1,1.0
714,1,776.0,412.0,102.0,222.0,1,1,1.0
715,1,769.0,413.0,110.0,222.0,1,1,1.0
716,1,764.0,414.0,113.0,223.0,1,1,1.0
717,1,762.0,414.0,114.0,223.0,1,1,1.0
718,1,761.0,413.0,108.0,224.0,1,1,1.0
719,1,757.0,413.0,100.0,225.0,1,1,1.0
720,1,752.0,413.0,92.0,225.0,1,1,1.0
721,1,748.0,413.0,83.0,226.0,1,1,1.0
722,1,741.0,414.0,79.0,228.0,1,1,1.0
723,1,732.0,415.0,80.0,232.0,1,1,1.0
724,1,722.0,417.0,85.0,235.0,1,1,1.0
725,1,712.0,419.0,91.0,236.0,1,1,1.0
726,1,703.0,421.0,101.0,235.0,1,1,1.0
727,1,694.0,423.0,107.0,236.0,1,1,1.0
728,1,688.0,425.0,111.0,236.0,1,1,1.0
729,1,683.0,426.0,112.0,235.0,1,1,1.0
730,1,681.0,426.0,111.0,235.0,1,1,1.0
731,1,678.0,427.0,109.0,235.0,1,1,1.0
733,1,662.0,427.0,107.0,234.0,1,1,1.0
734,1,654.0,428.0,101.0,233.0,1,1,1.0
735,1,647.0,430.0,101.0,233.0,1,1,1.0
736,1,630.0,431.0,110.0,236.0,1,1,1.0
737,1,622.0,433.0,115.0,235.0,1,1,1.0
738,1,619.0,435.0,117.0,236.0,1,1,1.0
739,1,614.0,436.0,120.0,236.0,1,1,1.0
740,1,608.0,436.0,119.0,236.0,1,1,1.0
741,1,601.0,435.0,113.0,237.0,1,1,1.0
742,1,593.0,435.0,107.0,237.0,1,1,1.0
743,1,586.0,435.0,98.0,237.0,1,1,1.0
744,1,578.0,435.0,94.0,242.0,1,1,1.0
745,1,571.0,437.0,91.0,246.0,1,1,1.0
746,1,561.0,438.0,95.0,249.0,1,1,1.0
747,1,552.0,440.0,102.0,249.0,1,1,1.0
748,1,545.0,442.0,109.0,249.0,1,1,1.0
749,1,537.0,445.0,115.0,249.0,1,1,1.0
750,1,532.0,446.0,120.0,248.0,1,1,1.0
751,1,528.0,447.0,115.0,248.0,1,1,1.0
752,1,522.0,447.0,107.0,247.0,1,1,1.0
753,1,514.0,447.0,103.0,248.0,1,1,1.0
754,1,507.0,447.0,96.0,247.0,1,1,1.0
755,1,500.0,448.0,95.0,247.0,1,1,1.0
756,1,494.0,448.0,95.0,246.0,1,1,1.0
757,1,485.0,449.0,101.0,247.0,1,1,1.0
758,1,478.0,451.0,105.0,245.0,1,1,1.0
759,1,473.0,452.0,111.0,245.0,1,1,1.0
760,1,470.0,452.0,115.0,244.0,1,1,1.0
