1,1,881.0,217.0,38.0,123.0,1,1,1.0
2,1,881.0,217.0,38.0,123.0,1,1,1.0
3,1,882.0,217.0,38.0,123.0,1,1,1.0
4,1,882.0,217.0,38.0,123.0,1,1,1.0
5,1,882.0,219.0,39.0,123.0,1,1,1.0
6,1,881.0,220.0,40.0,124.0,1,1,1.0
7,1,880.0,221.0,41.0,123.0,1,1,1.0
8,1,879.0,223.0,42.0,124.0,1,1,1.0
9,1,877.0,224.0,43.0,124.0,1,1,1.0
10,1,876.0,224.0,45.0,125.0,1,1,1.0
11,1,873.0,224.0,45.0,126.0,1,1,1.0
12,1,872.0,224.0,46.0,127.0,1,1,1.0
13,1,871.0,224.0,47.0,127.0,1,1,1.0
14,1,871.0,224.0,47.0,127.0,1,1,1.0
15,1,871.0,224.0,47.0,127.0,1,1,1.0
16,1,871.0,225.0,46.0,128.0,1,1,1.0
17,1,871.0,226.0,45.0,130.0,1,1,1.0
18,1,872.0,227.0,44.0,131.0,1,1,1.0
19,1,873.0,228.0,43.0,131.0,1,1,1.0
20,1,874.0,230.0,43.0,132.0,1,1,1.0
21,1,875.0,231.0,43.0,132.0,1,1,1.0
22,1,876.0,231.0,43.0,132.0,1,1,1.0
23,1,877.0,231.0,43.0,132.0,1,1,1.0
24,1,877.0,231.0,44.0,132.0,1,1,1.0
25,1,878.0,231.0,44.0,132.0,1,1,1.0
26,1,879.0,231.0,43.0,132.0,1,1,1.0
27,1,879.0,233.0,43.0,133.0,1,1,1.0
28,1,879.0,234.0,44.0,134.0,1,1,1.0
29,1,879.0,236.0,45.0,133.0,1,1,1.0
30,1,879.0,237.0,46.0,134.0,1,1,1.0
31,1,878.0,238.0,46.0,135.0,1,1,1.0
32,1,876.0,238.0,47.0,137.0,1,1,1.0
33,1,875.0,238.0,47.0,137.0,1,1,1.0
34,1,875.0,237.0,46.0,138.0,1,1,1.0
35,1,874.0,237.0,46.0,138.0,1,1,1.0
36,1,873.0,237.0,45.0,138.0,1,1,1.0
37,1,873.0,237.0,46.0,138.0,1,1,1.0
38,1,872.0,238.0,47.0,139.0,1,1,1.0
39,1,871.0,239.0,47.0,142.0,1,1,1.0
40,1,871.0,241.0,47.0,143.0,1,1,1.0
41,1,871.0,243.0,47.0,143.0,1,1,1.0
42,1,872.0,245.0,46.0,143.0,1,1,1.0
43,1,872.0,246.0,46.0,143.0,1,1,1.0
44,1,873.0,246.0,46.0,143.0,1,1,1.0
45,1,873.0,246.0,46.0,143.0,1,1,1.0
46,1,872.0,246.0,46.0,143.0,1,1,1.0
47,1,872.0,246.0,46.0,143.0,1,1,1.0
48,1,871.0,246.0,46.0,143.0,1,1,1.0
49,1,870.0,246.0,47.0,143.0,1,1,1.0
50,1,869.0,248.0,48.0,146.0,1,1,1.0
51,1,868.0,249.0,49.0,148.0,1,1,1.0
52,1,867.0,250.0,51.0,148.0,1,1,1.0
53,1,867.0,252.0,51.0,149.0,1,1,1.0
54,1,867.0,253.0,50.0,149.0,1,1,1.0
55,1,866.0,253.0,49.0,149.0,1,1,1.0
56,1,865.0,253.0,49.0,149.0,1,1,1.0
57,1,865.0,253.0,48.0,150.0,1,1,1.0
58,1,864.0,253.0,48.0,150.0,1,1,1.0
59,1,863.0,253.0,49.0,150.0,1,1,1.0
60,1,862.0,254.0,49.0,152.0,1,1,1.0
61,1,860.0,254.0,50.0,155.0,1,1,1.0
62,1,860.0,257.0,50.0,155.0,1,1,1.0
63,1,859.0,259.0,50.0,155.0,1,1,1.0
64,1,860.0,261.0,50.0,155.0,1,1,1.0
65,1,860.0,262.0,50.0,156.0,1,1,1.0
66,1,859.0,261.0,50.0,157.0,1,1,1.0
67,1,859.0,261.0,50.0,157.0,1,1,1.0
68,1,858.0,262.0,51.0,157.0,1,1,1.0
69,1,857.0,262.0,52.0,157.0,1,1,1.0
70,1,856.0,262.0,52.0,156.0,1,1,1.0
71,1,855.0,262.0,53.0,159.0,1,1,1.0
72,1,853.0,264.0,54.0,160.0,1,1,1.0
73,1,852.0,266.0,56.0,161.0,1,1,1.0
74,1,851.0,268.0,57.0,162.0,1,1,1.0
75,1,850.0,269.0,57.0,163.0,1,1,1.0
76,1,849.0,270.0,56.0,164.0,1,1,1.0
77,1,847.0,270.0,56.0,165.0,1,1,1.0
78,1,845.0,270.0,56.0,165.0,1,1,1.0
79,1,844.0,270.0,55.0,164.0,1,1,1.0
80,1,843.0,270.0,54.0,164.0,1,1,1.0
81,1,843.0,271.0,54.0,164.0,1,1,1.0
82,1,843.0,273.0,55.0,166.0,1,1,1.0
83,1,842.0,274.0,56.0,168.0,1,1,1.0
84,1,842.0,276.0,56.0,168.0,1,1,1.0
85,1,842.0,278.0,56.0,170.0,1,1,1.0
86,1,842.0,279.0,55.0,171.0,1,1,1.0
87,1,842.0,280.0,55.0,171.0,1,1,1.0
88,1,842.0,280.0,56.0,172.0,1,1,1.0
89,1,842.0,281.0,56.0,172.0,1,1,1.0
90,1,842.0,281.0,55.0,172.0,1,1,1.0
91,1,841.0,281.0,55.0,171.0,1,1,1.0
92,1,841.0,282.0,55.0,172.0,1,1,1.0
93,1,840.0,284.0,55.0,174.0,1,1,1.0
94,1,839.0,286.0,57.0,175.0,1,1,1.0
95,1,838.0,288.0,58.0,174.0,1,1,1.0
96,1,837.0,291.0,59.0,176.0,1,1,1.0
97,1,836.0,292.0,59.0,179.0,1,1,1.0
98,1,835.0,293.0,60.0,180.0,1,1,1.0
99,1,833.0,293.0,59.0,180.0,1,1,1.0
100,1,832.0,294.0,58.0,179.0,1,1,1.0
101,1,830.0,294.0,58.0,180.0,1,1,1.0
102,1,830.0,293.0,57.0,180.0,1,1,1.0
103,1,829.0,293.0,57.0,180.0,1,1,1.0
104,1,828.0,294.0,58.0,183.0,1,1,1.0
105,1,827.0,296.0,59.0,185.0,1,1,1.0
106,1,826.0,299.0,62.0,186.0,1,1,1.0
107,1,824.0,302.0,63.0,185.0,1,1,1.0
108,1,823.0,305.0,64.0,186.0,1,1,1.0
109,1,821.0,307.0,65.0,188.0,1,1,1.0
110,1,820.0,308.0,65.0,189.0,1,1,1.0
111,1,820.0,308.0,64.0,189.0,1,1,1.0
112,1,820.0,308.0,62.0,189.0,1,1,1.0
113,1,821.0,308.0,61.0,189.0,1,1,1.0
114,1,822.0,308.0,60.0,189.0,1,1,1.0
115,1,822.0,309.0,59.0,188.0,1,1,1.0
116,1,822.0,311.0,59.0,191.0,1,1,1.0
117,1,823.0,313.0,60.0,194.0,1,1,1.0
118,1,824.0,315.0,60.0,196.0,1,1,1.0
119,1,824.0,318.0,60.0,197.0,1,1,1.0
120,1,823.0,320.0,61.0,200.0,1,1,1.0
121,1,821.0,322.0,61.0,201.0,1,1,1.0
122,1,818.0,323.0,63.0,201.0,1,1,1.0
123,1,815.0,324.0,65.0,201.0,1,1,1.0
124,1,812.0,324.0,66.0,201.0,1,1,1.0
125,1,810.0,325.0,66.0,200.0,1,1,1.0
126,1,808.0,325.0,69.0,199.0,1,1,1.0
127,1,807.0,327.0,72.0,201.0,1,1,1.0
128,1,806.0,329.0,76.0,207.0,1,1,1.0
129,1,806.0,333.0,78.0,207.0,1,1,1.0
130,1,807.0,337.0,79.0,207.0,1,1,1.0
131,1,808.0,340.0,77.0,209.0,1,1,1.0
132,1,809.0,342.0,72.0,212.0,1,1,1.0
133,1,810.0,343.0,70.0,213.0,1,1,1.0
134,1,810.0,344.0,69.0,213.0,1,1,1.0
135,1,810.0,344.0,68.0,213.0,1,1,1.0
136,1,811.0,345.0,67.0,212.0,1,1,1.0
137,1,810.0,346.0,68.0,211.0,1,1,1.0
138,1,809.0,348.0,71.0,216.0,1,1,1.0
139,1,807.0,351.0,75.0,218.0,1,1,1.0
140,1,804.0,354.0,79.0,223.0,1,1,1.0
141,1,803.0,358.0,80.0,223.0,1,1,1.0
142,1,802.0,362.0,78.0,225.0,1,1,1.0
143,1,802.0,364.0,75.0,226.0,1,1,1.0
144,1,801.0,366.0,73.0,225.0,1,1,1.0
145,1,800.0,367.0,72.0,225.0,1,1,1.0
146,1,799.0,368.0,71.0,224.0,1,1,1.0
147,1,799.0,369.0,70.0,223.0,1,1,1.0
148,1,798.0,370.0,69.0,222.0,1,1,1.0
149,1,798.0,372.0,69.0,227.0,1,1,1.0
150,1,797.0,376.0,70.0,232.0,1,1,1.0
151,1,796.0,380.0,73.0,233.0,1,1,1.0
152,1,795.0,384.0,75.0,234.0,1,1,1.0
153,1,795.0,388.0,76.0,239.0,1,1,1.0
154,1,795.0,390.0,75.0,240.0,1,1,1.0
155,1,796.0,392.0,75.0,240.0,1,1,1.0
156,1,796.0,393.0,74.0,240.0,1,1,1.0
157,1,795.0,393.0,75.0,239.0,1,1,1.0
158,1,794.0,394.0,75.0,238.0,1,1,1.0
159,1,793.0,397.0,75.0,240.0,1,1,1.0
160,1,792.0,399.0,77.0,249.0,1,1,1.0
161,1,790.0,403.0,81.0,250.0,1,1,1.0
162,1,788.0,408.0,85.0,253.0,1,1,1.0
163,1,785.0,412.0,86.0,257.0,1,1,1.0
164,1,785.0,415.0,85.0,259.0,1,1,1.0
165,1,786.0,418.0,82.0,259.0,1,1,1.0
166,1,786.0,420.0,80.0,257.0,1,1,1.0
167,1,786.0,421.0,79.0,256.0,1,1,1.0
168,1,786.0,423.0,78.0,254.0,1,1,1.0
169,1,785.0,425.0,79.0,253.0,1,1,1.0
170,1,785.0,428.0,79.0,260.0,1,1,1.0
171,1,786.0,432.0,79.0,266.0,1,1,1.0
172,1,788.0,437.0,77.0,266.0,1,1,1.0
173,1,789.0,443.0,76.0,267.0,1,1,1.0
174,1,790.0,448.0,75.0,271.0,1,1,1.0
175,1,791.0,452.0,75.0,273.0,1,1,1.0
176,1,792.0,455.0,75.0,272.0,1,1,1.0
177,1,792.0,457.0,77.0,271.0,1,1,1.0
178,1,791.0,458.0,78.0,269.0,1,1,1.0
179,1,790.0,460.0,81.0,267.0,1,1,1.0
180,1,789.0,463.0,83.0,267.0,1,1,1.0
181,1,787.0,466.0,84.0,276.0,1,1,1.0
182,1,786.0,471.0,87.0,282.0,1,1,1.0
183,1,784.0,475.0,89.0,288.0,1,1,1.0
184,1,783.0,482.0,90.0,288.0,1,1,1.0
185,1,779.0,489.0,93.0,292.0,1,1,1.0
186,1,776.0,493.0,96.0,292.0,1,1,1.0
187,1,774.0,497.0,95.0,291.0,1,1,1.0
188,1,775.0,500.0,93.0,288.0,1,1,1.0
189,1,776.0,503.0,94.0,285.0,1,1,1.0
190,1,777.0,507.0,96.0,287.0,1,1,1.0
191,1,778.0,512.0,98.0,297.0,1,1,1.0
192,1,779.0,518.0,98.0,303.0,1,1,1.0
193,1,779.0,524.0,98.0,305.0,1,1,1.0
194,1,779.0,531.0,97.0,311.0,1,1,1.0
195,1,779.0,536.0,98.0,312.0,1,1,1.0
196,1,780.0,539.0,100.0,312.0,1,1,1.0
197,1,780.0,541.0,104.0,310.0,1,1,1.0
198,1,779.0,543.0,109.0,307.0,1,1,1.0
199,1,778.0,546.0,112.0,304.0,1,1,1.0
200,1,777.0,550.0,114.0,302.0,1,1,1.0
201,1,775.0,554.0,116.0,314.0,1,1,1.0
202,1,775.0,560.0,117.0,322.0,1,1,1.0
203,1,774.0,566.0,118.0,327.0,1,1,1.0
204,1,773.0,572.0,119.0,330.0,1,1,1.0
205,1,768.0,581.0,122.0,336.0,1,1,1.0
206,1,765.0,586.0,126.0,336.0,1,1,1.0
207,1,763.0,590.0,128.0,334.0,1,1,1.0
208,1,762.0,593.0,129.0,332.0,1,1,1.0
209,1,763.0,597.0,126.0,328.0,1,1,1.0
210,1,765.0,601.0,124.0,324.0,1,1,1.0
211,1,766.0,606.0,122.0,335.0,1,1,1.0
212,1,767.0,612.0,120.0,349.0,1,1,1.0
213,1,767.0,620.0,121.0,357.0,1,1,1.0
214,1,767.0,628.0,124.0,363.0,1,1,1.0
215,1,767.0,635.0,127.0,368.0,1,1,1.0
216,1,771.0,641.0,125.0,367.0,1,1,1.0
217,1,775.0,646.0,125.0,364.0,1,1,1.0
218,1,778.0,650.0,127.0,361.0,1,1,1.0
219,1,779.0,653.0,127.0,357.0,1,1,1.0
220,1,780.0,658.0,123.0,352.0,1,1,1.0
221,1,780.0,663.0,121.0,352.0,1,1,1.0
222,1,777.0,669.0,123.0,367.0,1,1,1.0
223,1,773.0,677.0,126.0,378.0,1,1,1.0
224,1,770.0,685.0,129.0,387.0,1,1,1.0
225,1,764.0,699.0,132.0,381.0,1,1,1.0
226,1,761.0,708.0,132.0,374.0,1,1,1.0
227,1,757.0,715.0,131.0,367.0,1,1,1.0
228,1,753.0,721.0,132.0,362.0,1,1,1.0
229,1,749.0,726.0,133.0,356.0,1,1,1.0
230,1,747.0,732.0,135.0,350.0,1,1,1.0
231,1,744.0,738.0,139.0,343.0,1,1,1.0
232,1,738.0,746.0,145.0,335.0,1,1,1.0
233,1,733.0,755.0,151.0,325.0,1,1,1.0
234,1,730.0,766.0,154.0,314.0,1,1,1.0
235,1,730.0,777.0,154.0,303.0,1,1,1.0
236,1,731.0,788.0,154.0,291.0,1,1,1.0
237,1,732.0,797.0,153.0,283.0,1,1,1.0
238,1,733.0,805.0,152.0,274.0,1,1,1.0
239,1,735.0,811.0,150.0,268.0,1,1,1.0
240,1,736.0,818.0,149.0,261.0,1,1,1.0
241,1,735.0,825.0,149.0,254.0,1,1,1.0
242,1,734.0,832.0,152.0,247.0,1,1,1.0
243,1,729.0,841.0,161.0,238.0,1,1,1.0
244,1,722.0,850.0,170.0,228.0,1,1,1.0
245,1,713.0,870.0,177.0,209.0,1,1,1.0
246,1,709.0,885.0,179.0,194.0,1,1,1.0
247,1,711.0,896.0,175.0,183.0,1,1,1.0
248,1,712.0,904.0,169.0,175.0,1,1,1.0
249,1,712.0,912.0,166.0,167.0,1,1,1.0
250,1,708.0,920.0,167.0,159.0,1,1,1.0
251,1,701.0,929.0,171.0,150.0,1,1,1.0
252,1,694.0,938.0,174.0,141.0,1,1,1.0
253,1,691.0,949.0,169.0,130.0,1,1,1.0
254,1,692.0,960.0,162.0,119.0,1,1,1.0
255,1,696.0,972.0,156.0,106.0,1,1,1.0
256,1,702.0,986.0,149.0,93.0,1,1,1.0
257,1,716.0,1000.0,128.0,79.0,1,1,1.0
258,1,730.0,1013.0,106.0,65.0,1,1,1.0
325,2,143.0,938.0,150.0,141.0,1,1,1.0
326,2,137.0,925.0,155.0,154.0,1,1,1.0
327,2,131.0,910.0,161.0,168.0,1,1,1.0
328,2,126.0,898.0,165.0,180.0,1,1,1.0
329,2,123.0,887.0,165.0,191.0,1,1,1.0
330,2,122.0,878.0,164.0,200.0,1,1,1.0
331,2,122.0,870.0,161.0,209.0,1,1,1.0
332,2,122.0,862.0,159.0,216.0,1,1,1.0
333,2,123.0,853.0,153.0,226.0,1,1,1.0
334,2,120.0,842.0,149.0,236.0,1,1,1.0
335,2,117.0,831.0,145.0,247.0,1,1,1.0
336,2,114.0,819.0,143.0,259.0,1,1,1.0
337,2,112.0,808.0,142.0,270.0,1,1,1.0
338,2,111.0,798.0,142.0,280.0,1,1,1.0
339,2,108.0,793.0,144.0,285.0,1,1,1.0
340,2,105.0,785.0,147.0,293.0,1,1,1.0
341,2,102.0,781.0,147.0,297.0,1,1,1.0
342,2,101.0,779.0,146.0,299.0,1,1,1.0
343,2,99.0,774.0,146.0,305.0,1,1,1.0
344,2,96.0,769.0,146.0,309.0,1,1,1.0
345,2,88.0,757.0,153.0,321.0,1,1,1.0
346,2,83.0,748.0,159.0,329.0,1,1,1.0
347,2,80.0,738.0,157.0,334.0,1,1,1.0
348,2,77.0,730.0,152.0,338.0,1,1,1.0
349,2,74.0,724.0,144.0,344.0,1,1,1.0
350,2,71.0,718.0,138.0,350.0,1,1,1.0
351,2,68.0,714.0,136.0,353.0,1,1,1.0
352,2,67.0,710.0,136.0,356.0,1,1,1.0
353,2,66.0,705.0,136.0,359.0,1,1,1.0
354,2,65.0,700.0,135.0,361.0,1,1,1.0
355,2,64.0,693.0,132.0,358.0,1,1,1.0
356,2,63.0,686.0,125.0,356.0,1,1,1.0
357,2,61.0,679.0,123.0,331.0,1,1,1.0
358,2,60.0,672.0,123.0,321.0,1,1,1.0
359,2,59.0,665.0,123.0,318.0,1,1,1.0
360,2,59.0,660.0,123.0,319.0,1,1,1.0
361,2,59.0,655.0,124.0,323.0,1,1,1.0
362,2,58.0,652.0,125.0,326.0,1,1,1.0
363,2,56.0,650.0,127.0,327.0,1,1,1.0
364,2,54.0,649.0,129.0,327.0,1,1,1.0
365,2,49.0,645.0,132.0,321.0,1,1,1.0
366,2,45.0,640.0,133.0,318.0,1,1,1.0
367,2,41.0,634.0,131.0,308.0,1,1,1.0
368,2,37.0,628.0,127.0,298.0,1,1,1.0
369,2,34.0,622.0,123.0,298.0,1,1,1.0
370,2,32.0,617.0,118.0,302.0,1,1,1.0
371,2,30.0,613.0,113.0,305.0,1,1,1.0
372,2,28.0,609.0,109.0,309.0,1,1,1.0
373,2,26.0,607.0,107.0,311.0,1,1,1.0
374,2,26.0,604.0,107.0,314.0,1,1,1.0
375,2,29.0,601.0,107.0,316.0,1,1,1.0
376,2,30.0,596.0,105.0,317.0,1,1,1.0
377,2,31.0,592.0,101.0,307.0,1,1,1.0
378,2,32.0,586.0,99.0,292.0,1,1,1.0
379,2,32.0,580.0,99.0,291.0,1,1,1.0
380,2,33.0,574.0,96.0,286.0,1,1,1.0
381,2,34.0,569.0,94.0,285.0,1,1,1.0
382,2,36.0,565.0,92.0,287.0,1,1,1.0
383,2,36.0,562.0,92.0,290.0,1,1,1.0
384,2,37.0,560.0,91.0,292.0,1,1,1.0
385,2,36.0,558.0,92.0,293.0,1,1,1.0
386,2,35.0,556.0,93.0,292.0,1,1,1.0
387,2,34.0,553.0,94.0,288.0,1,1,1.0
388,2,32.0,549.0,94.0,286.0,1,1,1.0
389,2,32.0,545.0,95.0,275.0,1,1,1.0
390,2,30.0,541.0,96.0,265.0,1,1,1.0
391,2,30.0,536.0,96.0,264.0,1,1,1.0
392,2,30.0,532.0,97.0,266.0,1,1,1.0
393,2,29.0,529.0,99.0,270.0,1,1,1.0
394,2,28.0,526.0,99.0,273.0,1,1,1.0
395,2,28.0,523.0,97.0,274.0,1,1,1.0
396,2,29.0,522.0,96.0,275.0,1,1,1.0
397,2,31.0,519.0,93.0,277.0,1,1,1.0
398,2,33.0,515.0,91.0,275.0,1,1,1.0
399,2,34.0,512.0,89.0,255.0,1,1,1.0
400,2,34.0,507.0,89.0,248.0,1,1,1.0
401,2,35.0,503.0,87.0,250.0,1,1,1.0
402,2,36.0,500.0,86.0,251.0,1,1,1.0
403,2,37.0,498.0,85.0,253.0,1,1,1.0
404,2,39.0,496.0,84.0,254.0,1,1,1.0
405,2,39.0,495.0,83.0,255.0,1,1,1.0
406,2,38.0,494.0,84.0,256.0,1,1,1.0
407,2,36.0,493.0,85.0,256.0,1,1,1.0
408,2,34.0,491.0,87.0,253.0,1,1,1.0
409,2,32.0,489.0,88.0,250.0,1,1,1.0
410,2,30.0,486.0,87.0,242.0,1,1,1.0
411,2,28.0,482.0,86.0,237.0,1,1,1.0
412,2,27.0,479.0,82.0,238.0,1,1,1.0
413,2,25.0,476.0,79.0,239.0,1,1,1.0
414,2,23.0,474.0,76.0,241.0,1,1,1.0
415,2,21.0,472.0,75.0,242.0,1,1,1.0
416,2,20.0,472.0,75.0,243.0,1,1,1.0
417,2,20.0,471.0,76.0,243.0,1,1,1.0
418,2,20.0,470.0,75.0,243.0,1,1,1.0
419,2,20.0,467.0,73.0,243.0,1,1,1.0
420,2,20.0,464.0,71.0,227.0,1,1,1.0
421,2,19.0,460.0,71.0,222.0,1,1,1.0
422,2,19.0,457.0,69.0,223.0,1,1,1.0
423,2,19.0,454.0,68.0,224.0,1,1,1.0
424,2,19.0,452.0,68.0,226.0,1,1,1.0
425,2,12.0,450.0,75.0,227.0,1,1,1.0
426,2,9.0,449.0,77.0,228.0,1,1,1.0
427,2,8.0,449.0,78.0,228.0,1,1,1.0
428,2,8.0,448.0,77.0,227.0,1,1,1.0
429,2,8.0,447.0,79.0,226.0,1,1,1.0
430,2,11.0,445.0,74.0,224.0,1,1,1.0
431,2,12.0,443.0,71.0,218.0,1,1,1.0
432,2,11.0,440.0,70.0,215.0,1,1,1.0
433,2,10.0,437.0,69.0,215.0,1,1,1.0
434,2,9.0,434.0,67.0,216.0,1,1,1.0
435,2,8.0,432.0,66.0,218.0,1,1,1.0
436,2,7.0,431.0,65.0,219.0,1,1,1.0
437,2,7.0,430.0,64.0,220.0,1,1,1.0
438,2,7.0,429.0,64.0,220.0,1,1,1.0
439,2,7.0,428.0,63.0,221.0,1,1,1.0
440,2,8.0,426.0,62.0,221.0,1,1,1.0
441,2,8.0,424.0,60.0,210.0,1,1,1.0
442,2,9.0,421.0,59.0,203.0,1,1,1.0
443,2,10.0,419.0,58.0,203.0,1,1,1.0
444,2,10.0,416.0,58.0,204.0,1,1,1.0
445,2,9.0,413.0,61.0,207.0,1,1,1.0
446,2,9.0,411.0,62.0,208.0,1,1,1.0
447,2,12.0,410.0,60.0,209.0,1,1,1.0
448,2,16.0,409.0,57.0,209.0,1,1,1.0
449,2,19.0,408.0,56.0,209.0,1,1,1.0
450,2,20.0,407.0,57.0,210.0,1,1,1.0
451,2,21.0,405.0,58.0,208.0,1,1,1.0
452,2,15.0,403.0,65.0,207.0,1,1,1.0
454,2,9.0,397.0,76.0,198.0,1,1,1.0
455,2,26.0,395.0,64.0,197.0,1,1,1.0
456,2,35.0,394.0,63.0,197.0,1,1,1.0
457,2,41.0,392.0,70.0,198.0,1,1,1.0
458,2,45.0,391.0,77.0,199.0,1,1,1.0
459,2,49.0,390.0,82.0,199.0,1,1,1.0
460,2,52.0,388.0,85.0,198.0,1,1,1.0
461,2,54.0,385.0,85.0,199.0,1,1,1.0
462,2,58.0,384.0,81.0,197.0,1,1,1.0
463,2,66.0,381.0,73.0,191.0,1,1,1.0
464,2,74.0,379.0,65.0,190.0,1,1,1.0
465,2,84.0,376.0,56.0,191.0,1,1,1.0
466,2,91.0,374.0,55.0,193.0,1,1,1.0
467,2,97.0,373.0,64.0,194.0,1,1,1.0
468,2,100.0,373.0,77.0,194.0,1,1,1.0
469,2,104.0,373.0,85.0,194.0,1,1,1.0
470,2,107.0,372.0,91.0,194.0,1,1,1.0
471,2,110.0,371.0,93.0,193.0,1,1,1.0
472,2,112.0,368.0,94.0,194.0,1,1,1.0
473,2,129.0,366.0,77.0,183.0,1,1,1.0
474,2,136.0,363.0,70.0,182.0,1,1,1.0
475,2,146.0,360.0,60.0,185.0,1,1,1.0
476,2,156.0,357.0,51.0,186.0,1,1,1.0
477,2,162.0,356.0,51.0,187.0,1,1,1.0
478,2,167.0,355.0,63.0,187.0,1,1,1.0
479,2,172.0,354.0,77.0,188.0,1,1,1.0
480,2,175.0,353.0,89.0,188.0,1,1,1.0
481,2,176.0,353.0,97.0,187.0,1,1,1.0
482,2,177.0,352.0,101.0,187.0,1,1,1.0
483,2,181.0,351.0,100.0,187.0,1,1,1.0
484,2,190.0,350.0,91.0,184.0,1,1,1.0
485,2,211.0,345.0,70.0,186.0,1,1,1.0
486,2,223.0,342.0,57.0,188.0,1,1,1.0
487,2,230.0,340.0,52.0,189.0,1,1,1.0
488,2,235.0,339.0,63.0,190.0,1,1,1.0
489,2,240.0,339.0,75.0,190.0,1,1,1.0
490,2,243.0,339.0,85.0,190.0,1,1,1.0
491,2,246.0,339.0,92.0,190.0,1,1,1.0
492,2,250.0,338.0,95.0,189.0,1,1,1.0
493,2,253.0,336.0,95.0,190.0,1,1,1.0
494,2,261.0,334.0,87.0,190.0,1,1,1.0
495,2,272.0,332.0,77.0,187.0,1,1,1.0
496,2,283.0,329.0,65.0,186.0,1,1,1.0
497,2,290.0,327.0,58.0,186.0,1,1,1.0
498,2,296.0,326.0,59.0,185.0,1,1,1.0
499,2,300.0,325.0,71.0,185.0,1,1,1.0
500,2,307.0,325.0,81.0,185.0,1,1,1.0
501,2,313.0,325.0,89.0,184.0,1,1,1.0
502,2,316.0,326.0,95.0,184.0,1,1,1.0
503,2,316.0,326.0,99.0,183.0,1,1,1.0
504,2,319.0,325.0,99.0,182.0,1,1,1.0
505,2,329.0,322.0,90.0,181.0,1,1,1.0
506,2,341.0,319.0,77.0,179.0,1,1,1.0
507,2,355.0,317.0,63.0,179.0,1,1,1.0
508,2,362.0,315.0,60.0,181.0,1,1,1.0
509,2,368.0,313.0,63.0,182.0,1,1,1.0
510,2,373.0,312.0,66.0,183.0,1,1,1.0
511,2,378.0,312.0,73.0,183.0,1,1,1.0
512,2,384.0,313.0,81.0,183.0,1,1,1.0
513,2,387.0,313.0,87.0,182.0,1,1,1.0
514,2,388.0,313.0,92.0,182.0,1,1,1.0
515,2,390.0,312.0,93.0,182.0,1,1,1.0
516,2,395.0,310.0,89.0,183.0,1,1,1.0
517,2,408.0,307.0,76.0,178.0,1,1,1.0
518,2,420.0,304.0,64.0,177.0,1,1,1.0
519,2,428.0,303.0,57.0,176.0,1,1,1.0
520,2,435.0,301.0,53.0,176.0,1,1,1.0
521,2,441.0,300.0,58.0,177.0,1,1,1.0
522,2,448.0,299.0,69.0,178.0,1,1,1.0
523,2,451.0,299.0,81.0,178.0,1,1,1.0
524,2,453.0,300.0,90.0,176.0,1,1,1.0
525,2,456.0,299.0,96.0,175.0,1,1,1.0
526,2,460.0,298.0,96.0,174.0,1,1,1.0
527,2,469.0,296.0,88.0,173.0,1,1,1.0
528,2,480.0,294.0,76.0,171.0,1,1,1.0
529,2,494.0,292.0,63.0,172.0,1,1,1.0
530,2,502.0,290.0,58.0,174.0,1,1,1.0
531,2,509.0,289.0,56.0,175.0,1,1,1.0
532,2,514.0,288.0,62.0,175.0,1,1,1.0
533,2,520.0,289.0,71.0,175.0,1,1,1.0
534,2,525.0,290.0,78.0,174.0,1,1,1.0
535,2,528.0,290.0,83.0,173.0,1,1,1.0
536,2,528.0,290.0,88.0,173.0,1,1,1.0
537,2,531.0,289.0,87.0,173.0,1,1,1.0
538,2,542.0,287.0,77.0,168.0,1,1,1.0
539,2,552.0,285.0,67.0,169.0,1,1,1.0
540,2,563.0,283.0,56.0,169.0,1,1,1.0
541,2,570.0,281.0,53.0,169.0,1,1,1.0
542,2,576.0,280.0,54.0,170.0,1,1,1.0
543,2,581.0,279.0,63.0,170.0,1,1,1.0
544,2,587.0,279.0,72.0,170.0,1,1,1.0
545,2,590.0,280.0,83.0,168.0,1,1,1.0
546,2,591.0,280.0,89.0,167.0,1,1,1.0
547,2,594.0,279.0,90.0,168.0,1,1,1.0
548,2,598.0,277.0,87.0,169.0,1,1,1.0
549,2,608.0,275.0,78.0,166.0,1,1,1.0
550,2,619.0,274.0,67.0,165.0,1,1,1.0
551,2,629.0,272.0,58.0,166.0,1,1,1.0
552,2,636.0,271.0,54.0,167.0,1,1,1.0
553,2,641.0,270.0,54.0,167.0,1,1,1.0
554,2,646.0,270.0,58.0,167.0,1,1,1.0
555,2,651.0,271.0,67.0,166.0,1,1,1.0
556,2,654.0,272.0,74.0,165.0,1,1,1.0
557,2,657.0,272.0,77.0,164.0,1,1,1.0
558,2,658.0,272.0,79.0,164.0,1,1,1.0
559,2,660.0,271.0,79.0,164.0,1,1,1.0
560,2,667.0,269.0,72.0,164.0,1,1,1.0
561,2,676.0,267.0,63.0,161.0,1,1,1.0
562,2,687.0,265.0,54.0,161.0,1,1,1.0
563,2,696.0,264.0,49.0,159.0,1,1,1.0
564,2,702.0,263.0,48.0,159.0,1,1,1.0
565,2,710.0,262.0,57.0,162.0,1,1,1.0
566,2,714.0,263.0,68.0,161.0,1,1,1.0
567,2,716.0,263.0,76.0,160.0,1,1,1.0
568,2,716.0,264.0,80.0,159.0,1,1,1.0
569,2,717.0,264.0,81.0,157.0,1,1,1.0
570,2,721.0,263.0,78.0,156.0,1,1,1.0
571,2,728.0,263.0,70.0,155.0,1,1,1.0
572,2,738.0,261.0,61.0,156.0,1,1,1.0
573,2,748.0,259.0,56.0,158.0,1,1,1.0
574,2,755.0,258.0,56.0,159.0,1,1,1.0
575,2,759.0,258.0,60.0,159.0,1,1,1.0
576,2,763.0,258.0,62.0,159.0,1,1,1.0
577,2,768.0,259.0,63.0,158.0,1,1,1.0
578,2,770.0,260.0,66.0,156.0,1,1,1.0
579,2,772.0,261.0,68.0,155.0,1,1,1.0
580,2,771.0,260.0,72.0,155.0,1,1,1.0
581,2,776.0,259.0,68.0,155.0,1,1,1.0
582,2,785.0,257.0,60.0,154.0,1,1,1.0
583,2,794.0,255.0,51.0,153.0,1,1,1.0
584,2,800.0,254.0,47.0,152.0,1,1,1.0
585,2,808.0,253.0,47.0,152.0,1,1,1.0
586,2,813.0,254.0,53.0,151.0,1,1,1.0
587,2,814.0,254.0,65.0,151.0,1,1,1.0
588,2,815.0,255.0,70.0,150.0,1,1,1.0
589,2,816.0,257.0,73.0,147.0,1,1,1.0
590,2,818.0,257.0,73.0,146.0,1,1,1.0
591,2,820.0,255.0,72.0,148.0,1,1,1.0
592,2,826.0,254.0,66.0,147.0,1,1,1.0
593,2,835.0,254.0,60.0,148.0,1,1,1.0
594,2,844.0,253.0,57.0,148.0,1,1,1.0
595,2,851.0,252.0,57.0,149.0,1,1,1.0
596,2,856.0,251.0,61.0,150.0,1,1,1.0
597,2,859.0,251.0,64.0,150.0,1,1,1.0
598,2,862.0,252.0,68.0,149.0,1,1,1.0
599,2,864.0,253.0,76.0,148.0,1,1,1.0
600,2,866.0,253.0,79.0,148.0,1,1,1.0
601,2,866.0,253.0,82.0,147.0,1,1,1.0
602,2,869.0,253.0,80.0,147.0,1,1,1.0
603,2,878.0,251.0,71.0,145.0,1,1,1.0
604,2,887.0,250.0,61.0,144.0,1,1,1.0
605,2,898.0,249.0,48.0,143.0,1,1,1.0
606,2,904.0,249.0,45.0,143.0,1,1,1.0
607,2,907.0,250.0,51.0,142.0,1,1,1.0
608,2,908.0,250.0,60.0,141.0,1,1,1.0
609,2,909.0,250.0,67.0,141.0,1,1,1.0
610,2,909.0,250.0,70.0,141.0,1,1,1.0
611,2,909.0,250.0,71.0,140.0,1,1,1.0
612,2,912.0,250.0,68.0,140.0,1,1,1.0
613,2,918.0,249.0,62.0,139.0,1,1,1.0
614,2,927.0,247.0,55.0,141.0,1,1,1.0
615,2,935.0,246.0,52.0,142.0,1,1,1.0
616,2,943.0,245.0,51.0,143.0,1,1,1.0
617,2,948.0,243.0,46.0,145.0,1,1,1.0
618,2,951.0,244.0,43.0,144.0,1,1,1.0
619,2,953.0,246.0,51.0,141.0,1,1,1.0
620,2,955.0,245.0,54.0,143.0,1,1,1.0
621,2,956.0,247.0,64.0,140.0,1,1,1.0
622,2,957.0,249.0,62.0,138.0,1,1,1.0
623,2,960.0,249.0,67.0,138.0,1,1,1.0
624,2,970.0,248.0,58.0,134.0,1,1,1.0
625,2,979.0,248.0,49.0,133.0,1,1,1.0
626,2,982.0,247.0,48.0,134.0,1,1,1.0
628,2,991.0,246.0,51.0,135.0,1,1,1.0
629,2,990.0,246.0,64.0,134.0,1,1,1.0
630,2,991.0,246.0,67.0,134.0,1,1,1.0
631,2,994.0,246.0,68.0,133.0,1,1,1.0
632,2,994.0,247.0,68.0,133.0,1,1,1.0
633,2,999.0,246.0,64.0,134.0,1,1,1.0
634,2,1006.0,246.0,59.0,134.0,1,1,1.0
635,2,1013.0,245.0,54.0,135.0,1,1,1.0
636,2,1023.0,244.0,52.0,135.0,1,1,1.0
637,2,1028.0,244.0,51.0,136.0,1,1,1.0
638,2,1032.0,243.0,50.0,137.0,1,1,1.0
639,2,1034.0,244.0,55.0,136.0,1,1,1.0
640,2,1036.0,244.0,58.0,136.0,1,1,1.0
