1,1,1449.0,515.0,81.0,163.0,1,1,1.0
2,1,1440.0,515.0,86.0,163.0,1,1,1.0
3,1,1436.0,516.0,89.0,163.0,1,1,1.0
4,1,1433.0,516.0,90.0,162.0,1,1,1.0
5,1,1433.0,515.0,85.0,162.0,1,1,1.0
6,1,1433.0,514.0,78.0,163.0,1,1,1.0
7,1,1433.0,512.0,67.0,165.0,1,1,1.0
8,1,1430.0,512.0,61.0,166.0,1,1,1.0
9,1,1424.0,511.0,61.0,167.0,1,1,1.0
10,1,1422.0,511.0,57.0,169.0,1,1,1.0
11,1,1411.0,512.0,64.0,169.0,1,1,1.0
12,1,1398.0,513.0,71.0,167.0,1,1,1.0
13,1,1387.0,515.0,76.0,165.0,1,1,1.0
14,1,1379.0,516.0,80.0,164.0,1,1,1.0
15,1,1375.0,516.0,81.0,166.0,1,1,1.0
16,1,1373.0,516.0,76.0,167.0,1,1,1.0
17,1,1373.0,515.0,68.0,168.0,1,1,1.0
18,1,1372.0,514.0,62.0,169.0,1,1,1.0
19,1,1370.0,513.0,57.0,170.0,1,1,1.0
20,1,1363.0,512.0,57.0,170.0,1,1,1.0
21,1,1350.0,512.0,61.0,170.0,1,1,1.0
22,1,1333.0,513.0,73.0,170.0,1,1,1.0
23,1,1320.0,514.0,83.0,169.0,1,1,1.0
24,1,1311.0,514.0,90.0,168.0,1,1,1.0
25,1,1308.0,514.0,92.0,168.0,1,1,1.0
26,1,1306.0,513.0,88.0,168.0,1,1,1.0
27,1,1306.0,512.0,79.0,168.0,1,1,1.0
28,1,1306.0,511.0,70.0,169.0,1,1,1.0
29,1,1305.0,510.0,61.0,170.0,1,1,1.0
30,1,1302.0,510.0,58.0,172.0,1,1,1.0
31,1,1290.0,510.0,61.0,173.0,1,1,1.0
32,1,1279.0,511.0,63.0,172.0,1,1,1.0
33,1,1267.0,512.0,71.0,171.0,1,1,1.0
34,1,1256.0,514.0,81.0,169.0,1,1,1.0
35,1,1249.0,515.0,86.0,169.0,1,1,1.0
36,1,1246.0,515.0,83.0,169.0,1,1,1.0
37,1,1245.0,514.0,79.0,170.0,1,1,1.0
38,1,1245.0,513.0,71.0,171.0,1,1,1.0
39,1,1244.0,512.0,60.0,172.0,1,1,1.0
40,1,1238.0,511.0,58.0,173.0,1,1,1.0
41,1,1231.0,511.0,56.0,174.0,1,1,1.0
42,1,1214.0,511.0,66.0,174.0,1,1,1.0
43,1,1198.0,512.0,78.0,173.0,1,1,1.0
44,1,1185.0,513.0,89.0,172.0,1,1,1.0
45,1,1178.0,514.0,96.0,172.0,1,1,1.0
46,1,1173.0,514.0,100.0,172.0,1,1,1.0
47,1,1171.0,513.0,99.0,173.0,1,1,1.0
48,1,1170.0,512.0,92.0,173.0,1,1,1.0
49,1,1170.0,511.0,82.0,175.0,1,1,1.0
50,1,1170.0,511.0,73.0,176.0,1,1,1.0
51,1,1169.0,510.0,69.0,177.0,1,1,1.0
52,1,1161.0,509.0,62.0,178.0,1,1,1.0
53,1,1149.0,510.0,67.0,179.0,1,1,1.0
54,1,1134.0,511.0,77.0,178.0,1,1,1.0
55,1,1120.0,513.0,86.0,176.0,1,1,1.0
56,1,1111.0,515.0,91.0,174.0,1,1,1.0
57,1,1106.0,516.0,95.0,174.0,1,1,1.0
58,1,1104.0,515.0,93.0,175.0,1,1,1.0
59,1,1102.0,514.0,84.0,176.0,1,1,1.0
60,1,1102.0,513.0,71.0,177.0,1,1,1.0
61,1,1102.0,512.0,57.0,178.0,1,1,1.0
62,1,1094.0,511.0,54.0,178.0,1,1,1.0
63,1,1080.0,511.0,62.0,178.0,1,1,1.0
64,1,1064.0,512.0,73.0,178.0,1,1,1.0
65,1,1048.0,513.0,87.0,177.0,1,1,1.0
66,1,1038.0,514.0,97.0,176.0,1,1,1.0
67,1,1033.0,514.0,102.0,176.0,1,1,1.0
68,1,1030.0,514.0,102.0,175.0,1,1,1.0
69,1,1029.0,513.0,95.0,176.0,1,1,1.0
70,1,1028.0,512.0,84.0,177.0,1,1,1.0
71,1,1025.0,511.0,72.0,178.0,1,1,1.0
72,1,1021.0,511.0,63.0,179.0,1,1,1.0
73,1,1015.0,511.0,58.0,181.0,1,1,1.0
74,1,1007.0,512.0,59.0,183.0,1,1,1.0
75,1,990.0,513.0,72.0,182.0,1,1,1.0
76,1,976.0,515.0,85.0,181.0,1,1,1.0
77,1,965.0,517.0,95.0,179.0,1,1,1.0
78,1,959.0,518.0,100.0,180.0,1,1,1.0
79,1,956.0,518.0,98.0,180.0,1,1,1.0
80,1,955.0,518.0,88.0,181.0,1,1,1.0
81,1,954.0,517.0,77.0,182.0,1,1,1.0
82,1,952.0,516.0,63.0,183.0,1,1,1.0
83,1,943.0,515.0,60.0,184.0,1,1,1.0
84,1,938.0,515.0,58.0,183.0,1,1,1.0
85,1,920.0,515.0,71.0,184.0,1,1,1.0
86,1,904.0,516.0,84.0,183.0,1,1,1.0
87,1,889.0,517.0,98.0,181.0,1,1,1.0
88,1,879.0,518.0,107.0,181.0,1,1,1.0
89,1,882.0,518.0,105.0,181.0,1,1,1.0
90,1,883.0,517.0,100.0,181.0,1,1,1.0
91,1,884.0,516.0,88.0,181.0,1,1,1.0
92,1,882.0,515.0,76.0,181.0,1,1,1.0
93,1,876.0,513.0,67.0,180.0,1,1,1.0
94,1,870.0,513.0,58.0,179.0,1,1,1.0
95,1,862.0,513.0,57.0,178.0,1,1,1.0
96,1,849.0,513.0,62.0,179.0,1,1,1.0
97,1,841.0,515.0,66.0,177.0,1,1,1.0
98,1,831.0,516.0,75.0,175.0,1,1,1.0
99,1,815.0,518.0,92.0,177.0,1,1,1.0
100,1,812.0,518.0,87.0,170.0,1,1,1.0
101,1,806.0,519.0,84.0,170.0,1,1,1.0
102,1,802.0,518.0,83.0,176.0,1,1,1.0
103,1,798.0,517.0,77.0,179.0,1,1,1.0
104,1,796.0,516.0,64.0,182.0,1,1,1.0
105,1,788.0,516.0,60.0,184.0,1,1,1.0
106,1,777.0,516.0,61.0,183.0,1,1,1.0
107,1,759.0,517.0,73.0,182.0,1,1,1.0
108,1,743.0,518.0,84.0,181.0,1,1,1.0
109,1,733.0,519.0,92.0,181.0,1,1,1.0
110,1,727.0,520.0,101.0,181.0,1,1,1.0
111,1,724.0,521.0,100.0,180.0,1,1,1.0
112,1,722.0,520.0,93.0,181.0,1,1,1.0
113,1,718.0,519.0,85.0,182.0,1,1,1.0
114,1,715.0,518.0,72.0,183.0,1,1,1.0
115,1,712.0,517.0,62.0,184.0,1,1,1.0
116,1,700.0,517.0,63.0,187.0,1,1,1.0
117,1,689.0,518.0,69.0,188.0,1,1,1.0
118,1,674.0,519.0,83.0,187.0,1,1,1.0
119,1,661.0,521.0,95.0,185.0,1,1,1.0
120,1,654.0,523.0,101.0,185.0,1,1,1.0
121,1,651.0,524.0,102.0,185.0,1,1,1.0
122,1,650.0,524.0,94.0,186.0,1,1,1.0
123,1,650.0,524.0,82.0,186.0,1,1,1.0
124,1,646.0,523.0,69.0,187.0,1,1,1.0
125,1,639.0,523.0,66.0,186.0,1,1,1.0
126,1,630.0,523.0,69.0,186.0,1,1,1.0
127,1,618.0,523.0,74.0,186.0,1,1,1.0
128,1,601.0,524.0,85.0,185.0,1,1,1.0
129,1,587.0,526.0,96.0,183.0,1,1,1.0
130,1,580.0,527.0,102.0,182.0,1,1,1.0
131,1,576.0,528.0,103.0,182.0,1,1,1.0
132,1,573.0,527.0,98.0,182.0,1,1,1.0
133,1,571.0,527.0,86.0,182.0,1,1,1.0
134,1,566.0,526.0,76.0,183.0,1,1,1.0
135,1,561.0,525.0,66.0,185.0,1,1,1.0
136,1,559.0,525.0,56.0,187.0,1,1,1.0
137,1,545.0,526.0,65.0,188.0,1,1,1.0
138,1,530.0,527.0,78.0,188.0,1,1,1.0
139,1,514.0,529.0,93.0,187.0,1,1,1.0
140,1,505.0,531.0,102.0,186.0,1,1,1.0
141,1,499.0,532.0,107.0,186.0,1,1,1.0
142,1,497.0,533.0,104.0,186.0,1,1,1.0
143,1,496.0,532.0,93.0,186.0,1,1,1.0
144,1,494.0,532.0,82.0,187.0,1,1,1.0
145,1,491.0,530.0,67.0,188.0,1,1,1.0
146,1,487.0,530.0,60.0,189.0,1,1,1.0
147,1,476.0,530.0,60.0,189.0,1,1,1.0
148,1,463.0,530.0,68.0,188.0,1,1,1.0
149,1,447.0,532.0,82.0,187.0,1,1,1.0
150,1,435.0,533.0,94.0,185.0,1,1,1.0
151,1,429.0,535.0,99.0,184.0,1,1,1.0
152,1,422.0,535.0,103.0,183.0,1,1,1.0
153,1,419.0,535.0,99.0,183.0,1,1,1.0
154,1,419.0,534.0,90.0,183.0,1,1,1.0
155,1,420.0,534.0,72.0,183.0,1,1,1.0
156,1,416.0,533.0,58.0,184.0,1,1,1.0
157,1,408.0,533.0,53.0,186.0,1,1,1.0
158,1,397.0,534.0,62.0,187.0,1,1,1.0
159,1,384.0,535.0,73.0,186.0,1,1,1.0
160,1,370.0,537.0,86.0,185.0,1,1,1.0
161,1,360.0,538.0,96.0,184.0,1,1,1.0
162,1,355.0,539.0,100.0,184.0,1,1,1.0
163,1,353.0,540.0,98.0,183.0,1,1,1.0
165,1,351.0,538.0,76.0,185.0,1,1,1.0
166,1,348.0,537.0,64.0,186.0,1,1,1.0
167,1,338.0,537.0,58.0,186.0,1,1,1.0
168,1,324.0,537.0,65.0,186.0,1,1,1.0
169,1,311.0,537.0,75.0,185.0,1,1,1.0
170,1,302.0,538.0,83.0,184.0,1,1,1.0
171,1,293.0,539.0,92.0,184.0,1,1,1.0
172,1,286.0,540.0,99.0,183.0,1,1,1.0
173,1,282.0,540.0,101.0,183.0,1,1,1.0
174,1,280.0,541.0,95.0,183.0,1,1,1.0
175,1,281.0,540.0,82.0,183.0,1,1,1.0
176,1,282.0,540.0,69.0,183.0,1,1,1.0
177,1,280.0,539.0,56.0,183.0,1,1,1.0
178,1,274.0,539.0,55.0,186.0,1,1,1.0
179,1,268.0,539.0,58.0,187.0,1,1,1.0
180,1,257.0,541.0,69.0,187.0,1,1,1.0
181,1,245.0,542.0,79.0,185.0,1,1,1.0
182,1,240.0,544.0,84.0,183.0,1,1,1.0
183,1,238.0,546.0,84.0,182.0,1,1,1.0
184,1,235.0,546.0,79.0,180.0,1,1,1.0
185,1,231.0,546.0,72.0,180.0,1,1,1.0
186,1,225.0,545.0,65.0,182.0,1,1,1.0
187,1,220.0,544.0,56.0,182.0,1,1,1.0
188,1,208.0,543.0,63.0,183.0,1,1,1.0
189,1,195.0,544.0,73.0,183.0,1,1,1.0
190,1,184.0,544.0,83.0,182.0,1,1,1.0
191,1,175.0,545.0,90.0,181.0,1,1,1.0
192,1,168.0,546.0,97.0,180.0,1,1,1.0
193,1,164.0,548.0,98.0,179.0,1,1,1.0
194,1,160.0,548.0,93.0,177.0,1,1,1.0
195,1,161.0,547.0,82.0,178.0,1,1,1.0
196,1,166.0,546.0,66.0,178.0,1,1,1.0
197,1,166.0,545.0,54.0,179.0,1,1,1.0
198,1,161.0,545.0,53.0,179.0,1,1,1.0
199,1,157.0,545.0,56.0,180.0,1,1,1.0
200,1,148.0,547.0,64.0,180.0,1,1,1.0
201,1,137.0,548.0,75.0,178.0,1,1,1.0
202,1,131.0,549.0,80.0,177.0,1,1,1.0
203,1,128.0,550.0,82.0,177.0,1,1,1.0
204,1,126.0,551.0,78.0,177.0,1,1,1.0
205,1,123.0,550.0,70.0,177.0,1,1,1.0
206,1,119.0,550.0,63.0,178.0,1,1,1.0
207,1,113.0,549.0,56.0,178.0,1,1,1.0
208,1,104.0,549.0,55.0,178.0,1,1,1.0
209,1,92.0,549.0,63.0,178.0,1,1,1.0
211,1,84.0,550.0,69.0,177.0,1,1,1.0
212,1,75.0,551.0,78.0,176.0,1,1,1.0
213,1,69.0,551.0,83.0,176.0,1,1,1.0
214,1,63.0,551.0,84.0,175.0,1,1,1.0
215,1,61.0,552.0,77.0,172.0,1,1,1.0
216,1,61.0,550.0,70.0,172.0,1,1,1.0
217,1,62.0,550.0,55.0,171.0,1,1,1.0
218,1,61.0,549.0,51.0,173.0,1,1,1.0
219,1,58.0,550.0,54.0,174.0,1,1,1.0
220,1,53.0,551.0,58.0,174.0,1,1,1.0
221,1,47.0,551.0,64.0,175.0,1,1,1.0
222,1,40.0,552.0,70.0,173.0,1,1,1.0
223,1,37.0,553.0,74.0,173.0,1,1,1.0
224,1,33.0,555.0,74.0,171.0,1,1,1.0
225,1,30.0,555.0,70.0,170.0,1,1,1.0
227,1,23.0,553.0,59.0,170.0,1,1,1.0
228,1,18.0,552.0,52.0,169.0,1,1,1.0
229,1,14.0,551.0,50.0,174.0,1,1,1.0
230,1,10.0,553.0,52.0,173.0,1,1,1.0
231,1,5.0,554.0,54.0,170.0,1,1,1.0
233,1,0.0,557.0,59.0,168.0,1,1,1.0
234,1,0.0,556.0,58.0,168.0,1,1,1.0
235,1,0.0,555.0,53.0,168.0,1,1,1.0
236,1,0.0,554.0,46.0,168.0,1,1,1.0
237,1,0.0,554.0,38.0,167.0,1,1,1.0
238,1,0.0,554.0,29.0,167.0,1,1,1.0
239,1,0.0,566.0,29.0,157.0,1,1,1.0
240,1,0.0,570.0,28.0,152.0,1,1,1.0
280,2,0.0,535.0,37.0,151.0,1,1,1.0
281,2,0.0,533.0,38.0,152.0,1,1,1.0
282,2,0.0,532.0,37.0,153.0,1,1,1.0
283,2,2.0,531.0,36.0,153.0,1,1,1.0
284,2,6.0,530.0,37.0,154.0,1,1,1.0
285,2,11.0,530.0,43.0,154.0,1,1,1.0
286,2,14.0,529.0,52.0,154.0,1,1,1.0
287,2,15.0,530.0,60.0,154.0,1,1,1.0
288,2,17.0,529.0,65.0,154.0,1,1,1.0
289,2,18.0,529.0,67.0,154.0,1,1,1.0
290,2,21.0,527.0,65.0,155.0,1,1,1.0
291,2,28.0,526.0,58.0,153.0,1,1,1.0
292,2,37.0,524.0,46.0,153.0,1,1,1.0
293,2,44.0,523.0,40.0,152.0,1,1,1.0
294,2,48.0,522.0,42.0,153.0,1,1,1.0
295,2,52.0,522.0,48.0,153.0,1,1,1.0
296,2,53.0,521.0,59.0,153.0,1,1,1.0
297,2,55.0,522.0,69.0,151.0,1,1,1.0
298,2,54.0,522.0,76.0,151.0,1,1,1.0
299,2,56.0,522.0,79.0,150.0,1,1,1.0
300,2,62.0,522.0,75.0,149.0,1,1,1.0
301,2,70.0,522.0,66.0,148.0,1,1,1.0
302,2,79.0,520.0,57.0,150.0,1,1,1.0
303,2,86.0,518.0,50.0,152.0,1,1,1.0
304,2,90.0,518.0,47.0,153.0,1,1,1.0
305,2,95.0,516.0,46.0,154.0,1,1,1.0
306,2,100.0,515.0,46.0,155.0,1,1,1.0
307,2,106.0,516.0,56.0,154.0,1,1,1.0
308,2,110.0,517.0,62.0,153.0,1,1,1.0
309,2,112.0,517.0,67.0,153.0,1,1,1.0
310,2,113.0,516.0,69.0,153.0,1,1,1.0
311,2,115.0,516.0,68.0,152.0,1,1,1.0
312,2,122.0,514.0,62.0,152.0,1,1,1.0
313,2,131.0,512.0,53.0,152.0,1,1,1.0
314,2,139.0,511.0,45.0,151.0,1,1,1.0
315,2,145.0,511.0,40.0,149.0,1,1,1.0
316,2,151.0,510.0,44.0,149.0,1,1,1.0
317,2,154.0,511.0,55.0,148.0,1,1,1.0
318,2,155.0,510.0,67.0,150.0,1,1,1.0
319,2,158.0,509.0,73.0,150.0,1,1,1.0
320,2,160.0,512.0,74.0,146.0,1,1,1.0
321,2,163.0,510.0,74.0,147.0,1,1,1.0
322,2,169.0,507.0,68.0,148.0,1,1,1.0
323,2,177.0,506.0,60.0,148.0,1,1,1.0
324,2,186.0,505.0,50.0,148.0,1,1,1.0
325,2,192.0,502.0,44.0,150.0,1,1,1.0
326,2,195.0,502.0,42.0,151.0,1,1,1.0
327,2,198.0,501.0,49.0,152.0,1,1,1.0
329,2,206.0,502.0,61.0,151.0,1,1,1.0
330,2,210.0,502.0,65.0,150.0,1,1,1.0
331,2,212.0,502.0,67.0,150.0,1,1,1.0
332,2,215.0,501.0,66.0,149.0,1,1,1.0
333,2,221.0,499.0,60.0,149.0,1,1,1.0
334,2,228.0,497.0,52.0,149.0,1,1,1.0
335,2,235.0,496.0,45.0,147.0,1,1,1.0
336,2,241.0,495.0,44.0,147.0,1,1,1.0
337,2,247.0,494.0,43.0,147.0,1,1,1.0
338,2,251.0,494.0,51.0,147.0,1,1,1.0
339,2,253.0,495.0,62.0,146.0,1,1,1.0
340,2,255.0,495.0,68.0,145.0,1,1,1.0
341,2,257.0,494.0,73.0,145.0,1,1,1.0
342,2,258.0,494.0,73.0,145.0,1,1,1.0
343,2,262.0,492.0,71.0,145.0,1,1,1.0
344,2,269.0,490.0,64.0,145.0,1,1,1.0
345,2,277.0,487.0,56.0,147.0,1,1,1.0
346,2,283.0,486.0,49.0,147.0,1,1,1.0
347,2,290.0,485.0,42.0,149.0,1,1,1.0
348,2,294.0,485.0,46.0,149.0,1,1,1.0
349,2,297.0,485.0,51.0,149.0,1,1,1.0
350,2,302.0,484.0,56.0,150.0,1,1,1.0
351,2,306.0,485.0,61.0,148.0,1,1,1.0
352,2,308.0,486.0,65.0,147.0,1,1,1.0
353,2,309.0,486.0,67.0,147.0,1,1,1.0
354,2,313.0,485.0,65.0,146.0,1,1,1.0
355,2,321.0,482.0,57.0,145.0,1,1,1.0
356,2,329.0,481.0,48.0,144.0,1,1,1.0
357,2,335.0,481.0,44.0,142.0,1,1,1.0
358,2,341.0,479.0,41.0,144.0,1,1,1.0
359,2,346.0,477.0,45.0,144.0,1,1,1.0
360,2,348.0,476.0,56.0,145.0,1,1,1.0
361,2,352.0,478.0,63.0,144.0,1,1,1.0
362,2,354.0,479.0,68.0,142.0,1,1,1.0
363,2,356.0,481.0,71.0,139.0,1,1,1.0
364,2,357.0,478.0,72.0,141.0,1,1,1.0
365,2,361.0,476.0,68.0,142.0,1,1,1.0
366,2,369.0,476.0,61.0,140.0,1,1,1.0
367,2,376.0,474.0,53.0,141.0,1,1,1.0
368,2,384.0,474.0,45.0,141.0,1,1,1.0
369,2,389.0,473.0,40.0,142.0,1,1,1.0
370,2,393.0,474.0,38.0,142.0,1,1,1.0
371,2,396.0,474.0,38.0,142.0,1,1,1.0
374,2,403.0,474.0,58.0,140.0,1,1,1.0
375,2,405.0,472.0,52.0,140.0,1,1,1.0
376,2,410.0,470.0,47.0,140.0,1,1,1.0
377,2,416.0,469.0,46.0,139.0,1,1,1.0
378,2,421.0,468.0,46.0,137.0,1,1,1.0
379,2,427.0,467.0,44.0,136.0,1,1,1.0
380,2,433.0,467.0,44.0,136.0,1,1,1.0
381,2,431.0,467.0,56.0,135.0,1,1,1.0
383,2,437.0,467.0,68.0,134.0,1,1,1.0
384,2,440.0,466.0,71.0,134.0,1,1,1.0
385,2,443.0,466.0,70.0,134.0,1,1,1.0
386,2,447.0,465.0,67.0,134.0,1,1,1.0
387,2,454.0,464.0,60.0,134.0,1,1,1.0
388,2,464.0,463.0,50.0,134.0,1,1,1.0
389,2,465.0,462.0,49.0,135.0,1,1,1.0
390,2,470.0,461.0,47.0,136.0,1,1,1.0
391,2,478.0,461.0,41.0,136.0,1,1,1.0
392,2,483.0,461.0,46.0,135.0,1,1,1.0
393,2,488.0,461.0,51.0,136.0,1,1,1.0
394,2,490.0,461.0,55.0,135.0,1,1,1.0
395,2,492.0,461.0,57.0,135.0,1,1,1.0
396,2,494.0,461.0,57.0,134.0,1,1,1.0
397,2,499.0,460.0,52.0,133.0,1,1,1.0
398,2,506.0,459.0,46.0,132.0,1,1,1.0
399,2,511.0,456.0,41.0,133.0,1,1,1.0
400,2,513.0,454.0,43.0,134.0,1,1,1.0
401,2,517.0,454.0,44.0,133.0,1,1,1.0
402,2,521.0,454.0,50.0,133.0,1,1,1.0
403,2,525.0,454.0,56.0,133.0,1,1,1.0
404,2,527.0,454.0,62.0,132.0,1,1,1.0
405,2,529.0,455.0,63.0,131.0,1,1,1.0
406,2,531.0,454.0,63.0,131.0,1,1,1.0
407,2,535.0,454.0,60.0,130.0,1,1,1.0
408,2,542.0,453.0,53.0,129.0,1,1,1.0
409,2,548.0,453.0,47.0,128.0,1,1,1.0
410,2,554.0,452.0,41.0,128.0,1,1,1.0
411,2,559.0,451.0,37.0,130.0,1,1,1.0
412,2,562.0,450.0,36.0,131.0,1,1,1.0
413,2,565.0,450.0,38.0,131.0,1,1,1.0
414,2,569.0,450.0,44.0,130.0,1,1,1.0
415,2,571.0,451.0,48.0,129.0,1,1,1.0
416,2,574.0,451.0,50.0,129.0,1,1,1.0
417,2,575.0,450.0,50.0,129.0,1,1,1.0
418,2,577.0,449.0,48.0,129.0,1,1,1.0
419,2,581.0,448.0,45.0,129.0,1,1,1.0
420,2,589.0,447.0,40.0,127.0,1,1,1.0
421,2,595.0,447.0,37.0,126.0,1,1,1.0
422,2,600.0,447.0,36.0,125.0,1,1,1.0
423,2,604.0,446.0,40.0,126.0,1,1,1.0
424,2,605.0,446.0,48.0,126.0,1,1,1.0
425,2,606.0,446.0,55.0,125.0,1,1,1.0
426,2,607.0,446.0,59.0,125.0,1,1,1.0
427,2,608.0,446.0,61.0,125.0,1,1,1.0
428,2,609.0,446.0,60.0,124.0,1,1,1.0
429,2,614.0,445.0,55.0,123.0,1,1,1.0
430,2,622.0,445.0,47.0,123.0,1,1,1.0
431,2,630.0,444.0,39.0,123.0,1,1,1.0
432,2,638.0,443.0,34.0,124.0,1,1,1.0
433,2,643.0,443.0,34.0,125.0,1,1,1.0
434,2,645.0,443.0,39.0,124.0,1,1,1.0
435,2,647.0,442.0,49.0,125.0,1,1,1.0
436,2,647.0,443.0,58.0,124.0,1,1,1.0
437,2,647.0,444.0,63.0,123.0,1,1,1.0
438,2,648.0,443.0,66.0,124.0,1,1,1.0
439,2,649.0,444.0,66.0,122.0,1,1,1.0
440,2,655.0,443.0,61.0,121.0,1,1,1.0
441,2,663.0,442.0,52.0,122.0,1,1,1.0
442,2,672.0,442.0,43.0,122.0,1,1,1.0
443,2,681.0,441.0,38.0,121.0,1,1,1.0
444,2,686.0,442.0,37.0,121.0,1,1,1.0
445,2,690.0,442.0,42.0,121.0,1,1,1.0
446,2,692.0,442.0,50.0,121.0,1,1,1.0
447,2,693.0,443.0,58.0,121.0,1,1,1.0
448,2,694.0,444.0,62.0,121.0,1,1,1.0
449,2,694.0,443.0,64.0,121.0,1,1,1.0
450,2,697.0,443.0,62.0,122.0,1,1,1.0
451,2,705.0,442.0,55.0,123.0,1,1,1.0
452,2,712.0,441.0,47.0,124.0,1,1,1.0
453,2,720.0,438.0,39.0,127.0,1,1,1.0
454,2,726.0,437.0,35.0,128.0,1,1,1.0
455,2,730.0,439.0,38.0,126.0,1,1,1.0
456,2,734.0,440.0,43.0,126.0,1,1,1.0
457,2,737.0,442.0,48.0,124.0,1,1,1.0
458,2,739.0,443.0,56.0,123.0,1,1,1.0
459,2,740.0,445.0,61.0,121.0,1,1,1.0
460,2,740.0,445.0,65.0,122.0,1,1,1.0
461,2,741.0,445.0,65.0,123.0,1,1,1.0
462,2,744.0,445.0,63.0,123.0,1,1,1.0
463,2,746.0,445.0,61.0,124.0,1,1,1.0
465,2,765.0,444.0,46.0,124.0,1,1,1.0
466,2,771.0,444.0,47.0,125.0,1,1,1.0
467,2,775.0,444.0,50.0,126.0,1,1,1.0
468,2,778.0,445.0,52.0,127.0,1,1,1.0
469,2,782.0,446.0,53.0,126.0,1,1,1.0
470,2,785.0,447.0,56.0,126.0,1,1,1.0
471,2,786.0,448.0,57.0,126.0,1,1,1.0
472,2,788.0,448.0,58.0,127.0,1,1,1.0
473,2,793.0,448.0,53.0,128.0,1,1,1.0
474,2,799.0,447.0,47.0,129.0,1,1,1.0
475,2,801.0,447.0,41.0,129.0,1,1,1.0
476,2,804.0,447.0,40.0,129.0,1,1,1.0
477,2,808.0,446.0,40.0,130.0,1,1,1.0
478,2,811.0,446.0,44.0,130.0,1,1,1.0
479,2,812.0,447.0,51.0,130.0,1,1,1.0
480,2,810.0,447.0,61.0,130.0,1,1,1.0
481,2,809.0,449.0,67.0,130.0,1,1,1.0
482,2,813.0,450.0,66.0,130.0,1,1,1.0
483,2,817.0,450.0,64.0,131.0,1,1,1.0
484,2,821.0,450.0,59.0,131.0,1,1,1.0
485,2,827.0,449.0,54.0,132.0,1,1,1.0
486,2,834.0,448.0,48.0,134.0,1,1,1.0
487,2,843.0,447.0,45.0,135.0,1,1,1.0
488,2,847.0,446.0,46.0,136.0,1,1,1.0
489,2,851.0,448.0,50.0,137.0,1,1,1.0
490,2,855.0,449.0,52.0,136.0,1,1,1.0
491,2,858.0,453.0,54.0,134.0,1,1,1.0
492,2,860.0,454.0,56.0,133.0,1,1,1.0
493,2,861.0,455.0,58.0,134.0,1,1,1.0
494,2,864.0,455.0,57.0,135.0,1,1,1.0
495,2,868.0,455.0,54.0,136.0,1,1,1.0
496,2,871.0,454.0,50.0,136.0,1,1,1.0
497,2,874.0,454.0,47.0,137.0,1,1,1.0
498,2,882.0,454.0,42.0,136.0,1,1,1.0
499,2,888.0,454.0,40.0,136.0,1,1,1.0
500,2,892.0,454.0,44.0,136.0,1,1,1.0
501,2,893.0,456.0,53.0,135.0,1,1,1.0
502,2,893.0,457.0,60.0,135.0,1,1,1.0
503,2,895.0,457.0,64.0,136.0,1,1,1.0
504,2,895.0,457.0,65.0,137.0,1,1,1.0
505,2,897.0,458.0,64.0,137.0,1,1,1.0
506,2,902.0,457.0,59.0,138.0,1,1,1.0
507,2,909.0,457.0,52.0,138.0,1,1,1.0
508,2,917.0,457.0,47.0,137.0,1,1,1.0
509,2,924.0,458.0,45.0,138.0,1,1,1.0
510,2,930.0,458.0,44.0,139.0,1,1,1.0
511,2,935.0,459.0,47.0,141.0,1,1,1.0
512,2,939.0,461.0,49.0,140.0,1,1,1.0
513,2,940.0,462.0,53.0,139.0,1,1,1.0
514,2,939.0,463.0,61.0,139.0,1,1,1.0
515,2,939.0,464.0,65.0,140.0,1,1,1.0
516,2,949.0,464.0,56.0,140.0,1,1,1.0
517,2,951.0,464.0,52.0,140.0,1,1,1.0
518,2,960.0,464.0,42.0,141.0,1,1,1.0
519,2,962.0,464.0,42.0,141.0,1,1,1.0
520,2,965.0,464.0,42.0,140.0,1,1,1.0
521,2,968.0,464.0,44.0,140.0,1,1,1.0
522,2,966.0,464.0,52.0,140.0,1,1,1.0
523,2,968.0,466.0,59.0,140.0,1,1,1.0
524,2,969.0,467.0,68.0,139.0,1,1,1.0
525,2,973.0,469.0,70.0,139.0,1,1,1.0
526,2,975.0,470.0,72.0,140.0,1,1,1.0
527,2,977.0,470.0,71.0,141.0,1,1,1.0
528,2,984.0,469.0,65.0,142.0,1,1,1.0
529,2,992.0,469.0,57.0,142.0,1,1,1.0
530,2,1001.0,468.0,51.0,143.0,1,1,1.0
531,2,1014.0,469.0,43.0,144.0,1,1,1.0
532,2,1021.0,470.0,44.0,145.0,1,1,1.0
533,2,1024.0,471.0,49.0,146.0,1,1,1.0
534,2,1025.0,473.0,56.0,146.0,1,1,1.0
535,2,1026.0,474.0,61.0,146.0,1,1,1.0
536,2,1027.0,475.0,66.0,146.0,1,1,1.0
537,2,1030.0,475.0,67.0,147.0,1,1,1.0
538,2,1033.0,475.0,67.0,147.0,1,1,1.0
539,2,1048.0,474.0,52.0,148.0,1,1,1.0
540,2,1045.0,474.0,56.0,148.0,1,1,1.0
541,2,1056.0,473.0,49.0,148.0,1,1,1.0
542,2,1055.0,475.0,58.0,147.0,1,1,1.0
543,2,1056.0,475.0,69.0,147.0,1,1,1.0
544,2,1059.0,477.0,77.0,146.0,1,1,1.0
545,2,1061.0,478.0,81.0,147.0,1,1,1.0
546,2,1064.0,478.0,82.0,148.0,1,1,1.0
547,2,1069.0,478.0,78.0,149.0,1,1,1.0
548,2,1076.0,477.0,71.0,150.0,1,1,1.0
549,2,1086.0,477.0,64.0,150.0,1,1,1.0
550,2,1089.0,476.0,65.0,151.0,1,1,1.0
551,2,1104.0,476.0,56.0,152.0,1,1,1.0
552,2,1114.0,477.0,54.0,154.0,1,1,1.0
553,2,1120.0,477.0,57.0,156.0,1,1,1.0
554,2,1122.0,479.0,65.0,156.0,1,1,1.0
555,2,1122.0,479.0,71.0,158.0,1,1,1.0
556,2,1123.0,476.0,77.0,163.0,1,1,1.0
557,2,1126.0,475.0,72.0,165.0,1,1,1.0
558,2,1127.0,474.0,76.0,167.0,1,1,1.0
561,2,1162.0,479.0,50.0,161.0,1,1,1.0
562,2,1168.0,480.0,49.0,160.0,1,1,1.0
563,2,1169.0,482.0,57.0,159.0,1,1,1.0
564,2,1171.0,484.0,68.0,159.0,1,1,1.0
565,2,1170.0,487.0,79.0,157.0,1,1,1.0
566,2,1171.0,489.0,84.0,157.0,1,1,1.0
567,2,1173.0,490.0,86.0,158.0,1,1,1.0
568,2,1178.0,490.0,81.0,159.0,1,1,1.0
569,2,1186.0,490.0,73.0,159.0,1,1,1.0
570,2,1198.0,490.0,61.0,159.0,1,1,1.0
571,2,1211.0,490.0,52.0,160.0,1,1,1.0
572,2,1223.0,491.0,49.0,161.0,1,1,1.0
573,2,1228.0,492.0,55.0,164.0,1,1,1.0
574,2,1231.0,493.0,64.0,166.0,1,1,1.0
575,2,1234.0,494.0,70.0,167.0,1,1,1.0
576,2,1235.0,496.0,76.0,168.0,1,1,1.0
577,2,1235.0,497.0,80.0,168.0,1,1,1.0
578,2,1240.0,498.0,79.0,168.0,1,1,1.0
579,2,1247.0,498.0,73.0,168.0,1,1,1.0
580,2,1259.0,498.0,59.0,168.0,1,1,1.0
581,2,1268.0,498.0,49.0,168.0,1,1,1.0
582,2,1274.0,499.0,48.0,167.0,1,1,1.0
583,2,1276.0,500.0,52.0,167.0,1,1,1.0
584,2,1277.0,502.0,62.0,167.0,1,1,1.0
585,2,1277.0,504.0,75.0,167.0,1,1,1.0
586,2,1273.0,505.0,89.0,168.0,1,1,1.0
587,2,1270.0,507.0,95.0,169.0,1,1,1.0
588,2,1272.0,508.0,96.0,170.0,1,1,1.0
589,2,1278.0,509.0,92.0,170.0,1,1,1.0
590,2,1295.0,509.0,76.0,171.0,1,1,1.0
591,2,1312.0,509.0,61.0,171.0,1,1,1.0
592,2,1325.0,510.0,54.0,171.0,1,1,1.0
593,2,1334.0,511.0,57.0,173.0,1,1,1.0
594,2,1339.0,512.0,64.0,176.0,1,1,1.0
595,2,1343.0,514.0,70.0,176.0,1,1,1.0
596,2,1343.0,516.0,77.0,175.0,1,1,1.0
597,2,1343.0,518.0,82.0,176.0,1,1,1.0
598,2,1344.0,518.0,87.0,177.0,1,1,1.0
599,2,1349.0,519.0,77.0,177.0,1,1,1.0
600,2,1359.0,519.0,70.0,177.0,1,1,1.0
601,2,1368.0,519.0,63.0,177.0,1,1,1.0
602,2,1380.0,519.0,56.0,177.0,1,1,1.0
603,2,1388.0,520.0,53.0,176.0,1,1,1.0
604,2,1392.0,521.0,56.0,175.0,1,1,1.0
605,2,1389.0,523.0,69.0,175.0,1,1,1.0
606,2,1389.0,525.0,82.0,176.0,1,1,1.0
607,2,1391.0,527.0,90.0,175.0,1,1,1.0
608,2,1392.0,528.0,94.0,176.0,1,1,1.0
609,2,1389.0,529.0,99.0,177.0,1,1,1.0
610,2,1399.0,529.0,90.0,178.0,1,1,1.0
611,2,1414.0,530.0,78.0,177.0,1,1,1.0
612,2,1429.0,530.0,67.0,177.0,1,1,1.0
613,2,1444.0,530.0,57.0,179.0,1,1,1.0
614,2,1455.0,531.0,57.0,182.0,1,1,1.0
615,2,1459.0,533.0,63.0,185.0,1,1,1.0
616,2,1460.0,534.0,72.0,186.0,1,1,1.0
617,2,1460.0,536.0,82.0,186.0,1,1,1.0
618,2,1460.0,538.0,89.0,186.0,1,1,1.0
619,2,1460.0,540.0,94.0,186.0,1,1,1.0
620,2,1468.0,541.0,89.0,186.0,1,1,1.0
621,2,1478.0,542.0,80.0,186.0,1,1,1.0
622,2,1489.0,542.0,69.0,185.0,1,1,1.0
623,2,1501.0,542.0,60.0,185.0,1,1,1.0
624,2,1510.0,543.0,56.0,185.0,1,1,1.0
625,2,1512.0,545.0,61.0,183.0,1,1,1.0
626,2,1514.0,546.0,68.0,184.0,1,1,1.0
627,2,1514.0,548.0,80.0,184.0,1,1,1.0
628,2,1514.0,551.0,90.0,184.0,1,1,1.0
629,2,1515.0,552.0,95.0,185.0,1,1,1.0
630,2,1512.0,554.0,101.0,185.0,1,1,1.0
631,2,1520.0,555.0,95.0,184.0,1,1,1.0
632,2,1534.0,555.0,84.0,184.0,1,1,1.0
633,2,1548.0,555.0,74.0,184.0,1,1,1.0
634,2,1560.0,556.0,67.0,184.0,1,1,1.0
635,2,1569.0,556.0,66.0,187.0,1,1,1.0
636,2,1578.0,558.0,68.0,190.0,1,1,1.0
637,2,1574.0,559.0,82.0,192.0,1,1,1.0
638,2,1577.0,562.0,88.0,191.0,1,1,1.0
639,2,1581.0,564.0,91.0,192.0,1,1,1.0
640,2,1583.0,565.0,96.0,192.0,1,1,1.0
641,2,1591.0,566.0,91.0,192.0,1,1,1.0
642,2,1602.0,567.0,79.0,191.0,1,1,1.0
643,2,1612.0,567.0,70.0,191.0,1,1,1.0
644,2,1626.0,568.0,60.0,191.0,1,1,1.0
645,2,1634.0,568.0,57.0,190.0,1,1,1.0
646,2,1637.0,569.0,59.0,190.0,1,1,1.0
647,2,1638.0,570.0,65.0,189.0,1,1,1.0
648,2,1639.0,572.0,72.0,188.0,1,1,1.0
649,2,1639.0,574.0,81.0,188.0,1,1,1.0
650,2,1639.0,576.0,87.0,188.0,1,1,1.0
651,2,1639.0,578.0,90.0,188.0,1,1,1.0
652,2,1640.0,578.0,92.0,188.0,1,1,1.0
653,2,1648.0,579.0,87.0,189.0,1,1,1.0
654,2,1657.0,579.0,82.0,189.0,1,1,1.0
655,2,1668.0,579.0,77.0,189.0,1,1,1.0
656,2,1679.0,579.0,71.0,189.0,1,1,1.0
657,2,1690.0,580.0,68.0,190.0,1,1,1.0
658,2,1699.0,581.0,66.0,193.0,1,1,1.0
659,2,1700.0,583.0,72.0,195.0,1,1,1.0
660,2,1700.0,585.0,80.0,196.0,1,1,1.0
661,2,1700.0,587.0,86.0,195.0,1,1,1.0
662,2,1700.0,589.0,90.0,195.0,1,1,1.0
663,2,1703.0,590.0,90.0,195.0,1,1,1.0
664,2,1715.0,591.0,79.0,195.0,1,1,1.0
665,2,1727.0,592.0,67.0,195.0,1,1,1.0
666,2,1736.0,592.0,61.0,194.0,1,1,1.0
667,2,1743.0,593.0,62.0,194.0,1,1,1.0
668,2,1746.0,593.0,64.0,193.0,1,1,1.0
669,2,1748.0,594.0,70.0,193.0,1,1,1.0
670,2,1749.0,594.0,75.0,192.0,1,1,1.0
671,2,1749.0,595.0,85.0,192.0,1,1,1.0
673,2,1750.0,597.0,96.0,190.0,1,1,1.0
674,2,1749.0,599.0,101.0,188.0,1,1,1.0
675,2,1749.0,601.0,101.0,186.0,1,1,1.0
676,2,1749.0,602.0,104.0,185.0,1,1,1.0
677,2,1749.0,604.0,101.0,187.0,1,1,1.0
678,2,1749.0,605.0,100.0,191.0,1,1,1.0
679,2,1749.0,606.0,103.0,192.0,1,1,1.0
680,2,1753.0,605.0,102.0,194.0,1,1,1.0
