1,1,865.0,811.0,132.0,267.0,1,1,1.0
1,2,995.0,803.0,141.0,276.0,1,1,1.0
2,1,867.0,809.0,146.0,269.0,1,1,1.0
2,2,996.0,798.0,132.0,281.0,1,1,1.0
3,1,868.0,808.0,142.0,271.0,1,1,1.0
3,2,996.0,792.0,125.0,286.0,1,1,1.0
4,1,867.0,803.0,131.0,275.0,1,1,1.0
4,2,996.0,786.0,125.0,292.0,1,1,1.0
5,1,868.0,798.0,115.0,281.0,1,1,1.0
5,2,995.0,782.0,125.0,296.0,1,1,1.0
6,1,867.0,792.0,110.0,287.0,1,1,1.0
6,2,993.0,779.0,121.0,300.0,1,1,1.0
7,1,866.0,785.0,109.0,293.0,1,1,1.0
7,2,992.0,776.0,118.0,302.0,1,1,1.0
8,1,865.0,779.0,108.0,299.0,1,1,1.0
8,2,991.0,775.0,116.0,304.0,1,1,1.0
9,1,866.0,775.0,109.0,304.0,1,1,1.0
9,2,991.0,774.0,113.0,305.0,1,1,1.0
10,1,867.0,771.0,113.0,307.0,1,1,1.0
10,2,991.0,772.0,110.0,307.0,1,1,1.0
11,1,868.0,768.0,117.0,310.0,1,1,1.0
11,2,991.0,768.0,109.0,310.0,1,1,1.0
12,1,870.0,767.0,121.0,311.0,1,1,1.0
12,2,992.0,764.0,110.0,314.0,1,1,1.0
13,1,871.0,766.0,119.0,312.0,1,1,1.0
13,2,993.0,759.0,112.0,317.0,1,1,1.0
14,1,873.0,764.0,117.0,314.0,1,1,1.0
14,2,993.0,754.0,118.0,318.0,1,1,1.0
15,1,875.0,760.0,110.0,318.0,1,1,1.0
15,2,993.0,749.0,125.0,322.0,1,1,1.0
16,1,877.0,756.0,106.0,322.0,1,1,1.0
16,2,993.0,746.0,131.0,327.0,1,1,1.0
17,1,878.0,751.0,105.0,322.0,1,1,1.0
17,2,993.0,744.0,135.0,325.0,1,1,1.0
18,1,879.0,745.0,105.0,317.0,1,1,1.0
18,2,994.0,742.0,139.0,325.0,1,1,1.0
19,1,879.0,741.0,106.0,318.0,1,1,1.0
19,2,995.0,741.0,140.0,320.0,1,1,1.0
20,1,880.0,738.0,106.0,318.0,1,1,1.0
20,2,998.0,740.0,139.0,315.0,1,1,1.0
21,1,882.0,736.0,103.0,320.0,1,1,1.0
21,2,1001.0,737.0,133.0,315.0,1,1,1.0
22,1,883.0,736.0,99.0,320.0,1,1,1.0
22,2,1003.0,733.0,126.0,303.0,1,1,1.0
23,1,884.0,736.0,98.0,319.0,1,1,1.0
23,2,1005.0,729.0,117.0,295.0,1,1,1.0
24,1,883.0,736.0,98.0,318.0,1,1,1.0
24,2,1006.0,725.0,111.0,294.0,1,1,1.0
25,1,880.0,734.0,101.0,319.0,1,1,1.0
25,2,1005.0,721.0,106.0,295.0,1,1,1.0
26,1,878.0,731.0,102.0,313.0,1,1,1.0
26,2,1004.0,719.0,103.0,297.0,1,1,1.0
27,1,876.0,726.0,100.0,305.0,1,1,1.0
27,2,1003.0,718.0,100.0,297.0,1,1,1.0
28,1,873.0,722.0,99.0,291.0,1,1,1.0
28,2,1001.0,717.0,98.0,296.0,1,1,1.0
29,1,870.0,717.0,98.0,287.0,1,1,1.0
29,2,999.0,717.0,97.0,292.0,1,1,1.0
30,1,870.0,713.0,95.0,288.0,1,1,1.0
30,2,997.0,715.0,95.0,290.0,1,1,1.0
31,1,871.0,710.0,93.0,290.0,1,1,1.0
31,2,995.0,712.0,95.0,285.0,1,1,1.0
32,1,873.0,708.0,89.0,291.0,1,1,1.0
32,2,994.0,708.0,96.0,279.0,1,1,1.0
33,1,875.0,707.0,86.0,292.0,1,1,1.0
33,2,993.0,704.0,99.0,276.0,1,1,1.0
34,1,876.0,706.0,85.0,292.0,1,1,1.0
34,2,991.0,700.0,104.0,278.0,1,1,1.0
35,1,878.0,706.0,89.0,292.0,1,1,1.0
35,2,991.0,696.0,109.0,279.0,1,1,1.0
36,1,879.0,704.0,95.0,289.0,1,1,1.0
36,2,990.0,695.0,112.0,279.0,1,1,1.0
37,1,880.0,701.0,97.0,287.0,1,1,1.0
37,2,990.0,694.0,115.0,279.0,1,1,1.0
38,1,881.0,697.0,94.0,280.0,1,1,1.0
38,2,990.0,693.0,115.0,279.0,1,1,1.0
39,1,881.0,693.0,88.0,271.0,1,1,1.0
39,2,990.0,692.0,115.0,277.0,1,1,1.0
40,1,880.0,689.0,86.0,268.0,1,1,1.0
40,2,991.0,689.0,113.0,275.0,1,1,1.0
41,1,877.0,686.0,89.0,270.0,1,1,1.0
41,2,990.0,687.0,110.0,267.0,1,1,1.0
42,1,876.0,683.0,90.0,272.0,1,1,1.0
42,2,986.0,684.0,108.0,260.0,1,1,1.0
43,1,875.0,682.0,90.0,274.0,1,1,1.0
43,2,983.0,680.0,103.0,258.0,1,1,1.0
44,1,875.0,681.0,91.0,274.0,1,1,1.0
44,2,979.0,676.0,98.0,259.0,1,1,1.0
45,1,875.0,682.0,97.0,273.0,1,1,1.0
45,2,976.0,674.0,96.0,260.0,1,1,1.0
46,1,875.0,682.0,93.0,272.0,1,1,1.0
46,2,972.0,672.0,95.0,261.0,1,1,1.0
47,1,875.0,683.0,90.0,271.0,1,1,1.0
47,2,970.0,672.0,92.0,259.0,1,1,1.0
48,1,875.0,682.0,89.0,269.0,1,1,1.0
48,2,969.0,672.0,91.0,257.0,1,1,1.0
49,1,875.0,679.0,92.0,267.0,1,1,1.0
49,2,968.0,671.0,89.0,256.0,1,1,1.0
50,1,876.0,676.0,87.0,266.0,1,1,1.0
50,2,968.0,669.0,87.0,252.0,1,1,1.0
51,1,877.0,672.0,84.0,268.0,1,1,1.0
51,2,968.0,666.0,85.0,244.0,1,1,1.0
52,1,877.0,668.0,84.0,251.0,1,1,1.0
52,2,968.0,663.0,86.0,243.0,1,1,1.0
53,1,878.0,664.0,80.0,249.0,1,1,1.0
53,2,969.0,660.0,88.0,244.0,1,1,1.0
54,1,879.0,661.0,77.0,248.0,1,1,1.0
54,2,968.0,658.0,93.0,245.0,1,1,1.0
55,1,879.0,659.0,81.0,249.0,1,1,1.0
55,2,968.0,657.0,97.0,246.0,1,1,1.0
56,1,879.0,658.0,86.0,250.0,1,1,1.0
56,2,969.0,656.0,99.0,246.0,1,1,1.0
57,1,879.0,657.0,88.0,250.0,1,1,1.0
57,2,970.0,655.0,100.0,245.0,1,1,1.0
58,1,880.0,657.0,79.0,250.0,1,1,1.0
58,2,972.0,654.0,100.0,244.0,1,1,1.0
59,1,880.0,656.0,74.0,249.0,1,1,1.0
59,2,975.0,653.0,98.0,243.0,1,1,1.0
60,1,881.0,655.0,73.0,246.0,1,1,1.0
60,2,976.0,650.0,96.0,237.0,1,1,1.0
61,1,881.0,652.0,76.0,246.0,1,1,1.0
61,2,977.0,647.0,93.0,230.0,1,1,1.0
62,1,882.0,649.0,74.0,239.0,1,1,1.0
62,2,977.0,644.0,88.0,229.0,1,1,1.0
63,1,882.0,646.0,72.0,234.0,1,1,1.0
63,2,976.0,641.0,82.0,229.0,1,1,1.0
64,1,882.0,644.0,72.0,233.0,1,1,1.0
64,2,975.0,639.0,79.0,230.0,1,1,1.0
65,1,882.0,642.0,78.0,233.0,1,1,1.0
65,2,974.0,638.0,78.0,230.0,1,1,1.0
66,1,882.0,642.0,84.0,233.0,1,1,1.0
66,2,973.0,638.0,77.0,230.0,1,1,1.0
67,1,881.0,642.0,89.0,233.0,1,1,1.0
67,2,972.0,638.0,76.0,229.0,1,1,1.0
68,2,971.0,638.0,76.0,227.0,1,1,1.0
69,1,879.0,642.0,76.0,233.0,1,1,1.0
69,2,971.0,636.0,76.0,225.0,1,1,1.0
70,1,876.0,641.0,73.0,230.0,1,1,1.0
70,2,971.0,635.0,75.0,217.0,1,1,1.0
71,1,874.0,638.0,73.0,228.0,1,1,1.0
71,2,971.0,633.0,77.0,213.0,1,1,1.0
72,1,873.0,635.0,75.0,221.0,1,1,1.0
72,2,971.0,630.0,80.0,212.0,1,1,1.0
73,1,872.0,632.0,72.0,218.0,1,1,1.0
73,2,972.0,628.0,84.0,213.0,1,1,1.0
74,1,872.0,629.0,70.0,219.0,1,1,1.0
74,2,972.0,626.0,88.0,215.0,1,1,1.0
75,1,873.0,627.0,72.0,220.0,1,1,1.0
75,2,972.0,625.0,91.0,215.0,1,1,1.0
76,1,875.0,626.0,74.0,220.0,1,1,1.0
76,2,973.0,625.0,94.0,216.0,1,1,1.0
77,1,876.0,625.0,69.0,221.0,1,1,1.0
77,2,974.0,625.0,94.0,214.0,1,1,1.0
78,1,878.0,625.0,66.0,221.0,1,1,1.0
78,2,975.0,624.0,93.0,212.0,1,1,1.0
79,1,879.0,625.0,65.0,221.0,1,1,1.0
79,2,976.0,623.0,93.0,212.0,1,1,1.0
80,1,880.0,623.0,66.0,219.0,1,1,1.0
80,2,977.0,621.0,91.0,208.0,1,1,1.0
81,1,882.0,621.0,67.0,217.0,1,1,1.0
81,2,978.0,619.0,87.0,203.0,1,1,1.0
82,1,882.0,619.0,69.0,209.0,1,1,1.0
82,2,977.0,617.0,83.0,202.0,1,1,1.0
83,1,882.0,617.0,72.0,206.0,1,1,1.0
83,2,977.0,614.0,79.0,202.0,1,1,1.0
84,1,882.0,615.0,72.0,207.0,1,1,1.0
84,2,976.0,613.0,76.0,203.0,1,1,1.0
85,1,883.0,614.0,73.0,208.0,1,1,1.0
85,2,975.0,612.0,75.0,203.0,1,1,1.0
86,1,883.0,614.0,72.0,208.0,1,1,1.0
86,2,975.0,612.0,73.0,203.0,1,1,1.0
87,1,884.0,614.0,71.0,208.0,1,1,1.0
87,2,975.0,612.0,72.0,202.0,1,1,1.0
88,1,885.0,613.0,69.0,208.0,1,1,1.0
88,2,975.0,611.0,71.0,201.0,1,1,1.0
89,1,886.0,613.0,68.0,208.0,1,1,1.0
89,2,975.0,610.0,70.0,200.0,1,1,1.0
90,1,888.0,613.0,67.0,207.0,1,1,1.0
90,2,975.0,609.0,69.0,195.0,1,1,1.0
91,1,888.0,612.0,68.0,206.0,1,1,1.0
91,2,976.0,607.0,70.0,191.0,1,1,1.0
92,1,889.0,610.0,68.0,201.0,1,1,1.0
92,2,976.0,605.0,71.0,191.0,1,1,1.0
93,1,891.0,608.0,67.0,196.0,1,1,1.0
93,2,976.0,603.0,75.0,191.0,1,1,1.0
94,1,892.0,607.0,66.0,195.0,1,1,1.0
94,2,976.0,602.0,79.0,191.0,1,1,1.0
95,1,894.0,605.0,63.0,195.0,1,1,1.0
95,2,976.0,602.0,81.0,192.0,1,1,1.0
96,1,896.0,604.0,63.0,196.0,1,1,1.0
96,2,976.0,601.0,83.0,193.0,1,1,1.0
97,1,897.0,603.0,63.0,196.0,1,1,1.0
97,2,976.0,601.0,84.0,192.0,1,1,1.0
98,1,899.0,602.0,63.0,197.0,1,1,1.0
98,2,977.0,601.0,85.0,191.0,1,1,1.0
99,1,900.0,602.0,62.0,197.0,1,1,1.0
99,2,977.0,600.0,85.0,190.0,1,1,1.0
100,1,902.0,601.0,60.0,196.0,1,1,1.0
100,2,978.0,599.0,84.0,186.0,1,1,1.0
101,1,903.0,598.0,59.0,198.0,1,1,1.0
101,2,979.0,598.0,80.0,181.0,1,1,1.0
102,1,905.0,596.0,59.0,197.0,1,1,1.0
102,2,981.0,597.0,74.0,179.0,1,1,1.0
103,1,906.0,595.0,59.0,192.0,1,1,1.0
103,2,983.0,593.0,67.0,181.0,1,1,1.0
104,1,907.0,594.0,59.0,187.0,1,1,1.0
104,2,985.0,592.0,62.0,182.0,1,1,1.0
105,1,907.0,593.0,60.0,186.0,1,1,1.0
105,2,986.0,591.0,59.0,183.0,1,1,1.0
106,1,907.0,592.0,61.0,186.0,1,1,1.0
106,2,987.0,590.0,56.0,184.0,1,1,1.0
107,1,907.0,591.0,63.0,186.0,1,1,1.0
107,2,987.0,591.0,54.0,183.0,1,1,1.0
108,1,907.0,591.0,64.0,186.0,1,1,1.0
108,2,986.0,591.0,54.0,181.0,1,1,1.0
109,1,907.0,591.0,64.0,186.0,1,1,1.0
109,2,984.0,591.0,55.0,179.0,1,1,1.0
110,1,907.0,592.0,64.0,185.0,1,1,1.0
110,2,983.0,590.0,56.0,178.0,1,1,1.0
111,1,907.0,592.0,64.0,184.0,1,1,1.0
111,2,981.0,589.0,57.0,174.0,1,1,1.0
112,1,907.0,591.0,64.0,184.0,1,1,1.0
112,2,980.0,587.0,61.0,173.0,1,1,1.0
113,1,906.0,590.0,64.0,179.0,1,1,1.0
113,2,978.0,585.0,66.0,174.0,1,1,1.0
114,1,905.0,588.0,63.0,177.0,1,1,1.0
114,2,977.0,583.0,70.0,175.0,1,1,1.0
115,1,906.0,586.0,62.0,174.0,1,1,1.0
115,2,975.0,583.0,73.0,174.0,1,1,1.0
116,1,906.0,584.0,61.0,175.0,1,1,1.0
116,2,975.0,582.0,76.0,175.0,1,1,1.0
117,1,908.0,583.0,60.0,176.0,1,1,1.0
117,2,974.0,583.0,76.0,175.0,1,1,1.0
118,1,909.0,582.0,58.0,176.0,1,1,1.0
118,2,974.0,583.0,76.0,174.0,1,1,1.0
119,1,910.0,582.0,58.0,177.0,1,1,1.0
119,2,975.0,583.0,75.0,173.0,1,1,1.0
120,1,911.0,582.0,57.0,176.0,1,1,1.0
120,2,975.0,582.0,73.0,173.0,1,1,1.0
121,1,911.0,582.0,59.0,176.0,1,1,1.0
121,2,976.0,581.0,71.0,168.0,1,1,1.0
122,1,911.0,582.0,60.0,176.0,1,1,1.0
122,2,976.0,580.0,68.0,165.0,1,1,1.0
123,1,913.0,580.0,60.0,177.0,1,1,1.0
123,2,976.0,578.0,63.0,165.0,1,1,1.0
124,1,915.0,578.0,59.0,177.0,1,1,1.0
124,2,974.0,576.0,59.0,166.0,1,1,1.0
125,1,917.0,576.0,58.0,173.0,1,1,1.0
125,2,973.0,576.0,56.0,165.0,1,1,1.0
126,1,918.0,574.0,57.0,170.0,1,1,1.0
126,2,972.0,575.0,55.0,165.0,1,1,1.0
127,1,918.0,573.0,56.0,170.0,1,1,1.0
127,2,971.0,575.0,54.0,166.0,1,1,1.0
128,1,917.0,571.0,56.0,171.0,1,1,1.0
128,2,969.0,576.0,53.0,165.0,1,1,1.0
129,1,917.0,571.0,56.0,170.0,1,1,1.0
129,2,968.0,576.0,53.0,165.0,1,1,1.0
130,1,917.0,571.0,56.0,170.0,1,1,1.0
130,2,966.0,575.0,53.0,164.0,1,1,1.0
131,1,917.0,572.0,56.0,170.0,1,1,1.0
131,2,965.0,575.0,53.0,160.0,1,1,1.0
132,1,915.0,573.0,56.0,169.0,1,1,1.0
132,2,964.0,574.0,53.0,157.0,1,1,1.0
133,1,915.0,573.0,57.0,168.0,1,1,1.0
133,2,964.0,573.0,55.0,157.0,1,1,1.0
134,1,916.0,573.0,55.0,167.0,1,1,1.0
134,2,963.0,571.0,59.0,157.0,1,1,1.0
135,1,913.0,572.0,57.0,167.0,1,1,1.0
135,2,963.0,571.0,61.0,158.0,1,1,1.0
136,1,912.0,572.0,58.0,163.0,1,1,1.0
136,2,962.0,570.0,65.0,158.0,1,1,1.0
137,1,913.0,570.0,57.0,159.0,1,1,1.0
137,2,962.0,571.0,67.0,158.0,1,1,1.0
138,1,913.0,568.0,56.0,159.0,1,1,1.0
138,2,963.0,571.0,68.0,157.0,1,1,1.0
139,1,914.0,566.0,55.0,160.0,1,1,1.0
139,2,963.0,571.0,69.0,155.0,1,1,1.0
140,1,914.0,565.0,55.0,161.0,1,1,1.0
140,2,964.0,571.0,68.0,154.0,1,1,1.0
141,1,914.0,564.0,54.0,162.0,1,1,1.0
141,2,966.0,569.0,66.0,151.0,1,1,1.0
142,1,914.0,564.0,54.0,162.0,1,1,1.0
142,2,966.0,567.0,62.0,151.0,1,1,1.0
143,1,914.0,564.0,53.0,162.0,1,1,1.0
143,2,966.0,566.0,58.0,151.0,1,1,1.0
144,1,914.0,564.0,51.0,161.0,1,1,1.0
144,2,966.0,565.0,54.0,150.0,1,1,1.0
145,1,914.0,564.0,50.0,160.0,1,1,1.0
145,2,966.0,565.0,52.0,152.0,1,1,1.0
146,1,913.0,563.0,51.0,158.0,1,1,1.0
146,2,965.0,564.0,51.0,153.0,1,1,1.0
147,1,914.0,562.0,51.0,156.0,1,1,1.0
147,2,965.0,564.0,49.0,153.0,1,1,1.0
148,1,913.0,560.0,52.0,156.0,1,1,1.0
148,2,965.0,564.0,49.0,152.0,1,1,1.0
149,1,913.0,560.0,51.0,155.0,1,1,1.0
149,2,964.0,565.0,49.0,150.0,1,1,1.0
150,1,913.0,560.0,52.0,154.0,1,1,1.0
150,2,962.0,564.0,50.0,148.0,1,1,1.0
151,1,912.0,560.0,53.0,154.0,1,1,1.0
151,2,961.0,565.0,51.0,145.0,1,1,1.0
152,1,911.0,561.0,54.0,153.0,1,1,1.0
152,2,960.0,564.0,53.0,143.0,1,1,1.0
153,1,911.0,561.0,53.0,153.0,1,1,1.0
153,2,960.0,562.0,56.0,143.0,1,1,1.0
154,1,909.0,562.0,54.0,152.0,1,1,1.0
154,2,960.0,561.0,60.0,145.0,1,1,1.0
155,1,908.0,561.0,53.0,152.0,1,1,1.0
155,2,960.0,560.0,62.0,146.0,1,1,1.0
156,1,906.0,561.0,53.0,149.0,1,1,1.0
156,2,960.0,560.0,63.0,146.0,1,1,1.0
157,1,905.0,560.0,53.0,146.0,1,1,1.0
157,2,960.0,560.0,64.0,146.0,1,1,1.0
158,1,905.0,558.0,53.0,145.0,1,1,1.0
158,2,960.0,560.0,64.0,146.0,1,1,1.0
159,1,905.0,556.0,54.0,147.0,1,1,1.0
159,2,959.0,560.0,64.0,144.0,1,1,1.0
160,1,905.0,556.0,55.0,147.0,1,1,1.0
160,2,960.0,560.0,64.0,144.0,1,1,1.0
161,1,905.0,555.0,57.0,147.0,1,1,1.0
161,2,959.0,559.0,61.0,142.0,1,1,1.0
162,1,905.0,555.0,56.0,147.0,1,1,1.0
162,2,959.0,558.0,57.0,140.0,1,1,1.0
163,1,905.0,556.0,56.0,147.0,1,1,1.0
163,2,958.0,557.0,54.0,139.0,1,1,1.0
164,1,904.0,556.0,54.0,146.0,1,1,1.0
164,2,956.0,556.0,51.0,137.0,1,1,1.0
165,1,905.0,556.0,50.0,145.0,1,1,1.0
165,2,955.0,555.0,49.0,139.0,1,1,1.0
166,1,905.0,556.0,48.0,143.0,1,1,1.0
166,2,955.0,555.0,47.0,140.0,1,1,1.0
167,1,905.0,555.0,46.0,140.0,1,1,1.0
167,2,954.0,556.0,47.0,139.0,1,1,1.0
168,1,907.0,553.0,43.0,140.0,1,1,1.0
168,2,953.0,557.0,46.0,137.0,1,1,1.0
169,1,908.0,552.0,42.0,141.0,1,1,1.0
169,2,952.0,557.0,45.0,136.0,1,1,1.0
170,1,908.0,551.0,42.0,141.0,1,1,1.0
170,2,950.0,556.0,45.0,136.0,1,1,1.0
171,1,907.0,551.0,44.0,141.0,1,1,1.0
171,2,949.0,555.0,45.0,135.0,1,1,1.0
172,1,907.0,551.0,45.0,141.0,1,1,1.0
172,2,948.0,553.0,45.0,134.0,1,1,1.0
173,1,907.0,552.0,44.0,140.0,1,1,1.0
173,2,946.0,552.0,48.0,134.0,1,1,1.0
174,1,906.0,552.0,42.0,140.0,1,1,1.0
174,2,945.0,551.0,51.0,133.0,1,1,1.0
175,1,905.0,552.0,43.0,139.0,1,1,1.0
175,2,944.0,551.0,54.0,133.0,1,1,1.0
176,1,903.0,551.0,44.0,138.0,1,1,1.0
176,2,944.0,550.0,57.0,132.0,1,1,1.0
177,1,902.0,551.0,43.0,135.0,1,1,1.0
177,2,942.0,550.0,59.0,134.0,1,1,1.0
178,1,901.0,549.0,44.0,134.0,1,1,1.0
178,2,941.0,550.0,62.0,134.0,1,1,1.0
179,1,900.0,548.0,45.0,135.0,1,1,1.0
179,2,940.0,550.0,63.0,134.0,1,1,1.0
180,1,899.0,547.0,46.0,136.0,1,1,1.0
180,2,939.0,550.0,62.0,133.0,1,1,1.0
181,1,897.0,546.0,47.0,136.0,1,1,1.0
181,2,939.0,550.0,61.0,131.0,1,1,1.0
182,1,897.0,546.0,47.0,136.0,1,1,1.0
182,2,940.0,549.0,58.0,129.0,1,1,1.0
183,1,897.0,546.0,45.0,135.0,1,1,1.0
183,2,941.0,548.0,52.0,128.0,1,1,1.0
184,1,897.0,547.0,43.0,135.0,1,1,1.0
184,2,941.0,546.0,47.0,129.0,1,1,1.0
185,1,898.0,547.0,42.0,134.0,1,1,1.0
185,2,941.0,545.0,43.0,130.0,1,1,1.0
186,1,898.0,547.0,41.0,133.0,1,1,1.0
186,2,941.0,545.0,41.0,130.0,1,1,1.0
187,1,898.0,546.0,40.0,131.0,1,1,1.0
187,2,940.0,546.0,40.0,129.0,1,1,1.0
188,1,898.0,544.0,40.0,130.0,1,1,1.0
188,2,939.0,546.0,40.0,129.0,1,1,1.0
189,1,900.0,543.0,38.0,131.0,1,1,1.0
189,2,937.0,547.0,41.0,128.0,1,1,1.0
190,1,901.0,542.0,38.0,131.0,1,1,1.0
190,2,936.0,547.0,42.0,127.0,1,1,1.0
191,1,900.0,542.0,39.0,132.0,1,1,1.0
191,2,935.0,547.0,41.0,125.0,1,1,1.0
192,1,900.0,542.0,39.0,131.0,1,1,1.0
192,2,935.0,546.0,42.0,124.0,1,1,1.0
193,1,900.0,542.0,38.0,131.0,1,1,1.0
193,2,934.0,544.0,43.0,125.0,1,1,1.0
194,1,900.0,542.0,37.0,130.0,1,1,1.0
194,2,934.0,543.0,46.0,125.0,1,1,1.0
195,1,899.0,543.0,38.0,130.0,1,1,1.0
195,2,934.0,542.0,49.0,124.0,1,1,1.0
196,1,898.0,543.0,39.0,129.0,1,1,1.0
196,2,934.0,542.0,51.0,123.0,1,1,1.0
197,1,896.0,543.0,40.0,128.0,1,1,1.0
197,2,934.0,542.0,54.0,122.0,1,1,1.0
198,1,894.0,542.0,42.0,125.0,1,1,1.0
198,2,934.0,542.0,54.0,122.0,1,1,1.0
199,1,889.0,541.0,47.0,124.0,1,1,1.0
199,2,935.0,543.0,55.0,123.0,1,1,1.0
200,1,890.0,540.0,45.0,125.0,1,1,1.0
200,2,935.0,543.0,54.0,123.0,1,1,1.0
201,1,892.0,539.0,42.0,125.0,1,1,1.0
201,2,936.0,542.0,53.0,122.0,1,1,1.0
202,1,892.0,538.0,41.0,125.0,1,1,1.0
202,2,936.0,541.0,51.0,121.0,1,1,1.0
203,1,892.0,538.0,40.0,125.0,1,1,1.0
203,2,936.0,540.0,47.0,120.0,1,1,1.0
204,1,893.0,538.0,39.0,125.0,1,1,1.0
204,2,937.0,538.0,44.0,121.0,1,1,1.0
205,1,894.0,539.0,37.0,125.0,1,1,1.0
205,2,937.0,538.0,42.0,122.0,1,1,1.0
206,1,894.0,539.0,37.0,125.0,1,1,1.0
206,2,937.0,538.0,41.0,122.0,1,1,1.0
207,1,893.0,539.0,38.0,124.0,1,1,1.0
207,2,936.0,538.0,41.0,122.0,1,1,1.0
208,1,893.0,538.0,38.0,123.0,1,1,1.0
208,2,936.0,539.0,41.0,121.0,1,1,1.0
209,1,893.0,537.0,38.0,120.0,1,1,1.0
209,2,936.0,539.0,41.0,120.0,1,1,1.0
210,1,892.0,536.0,39.0,121.0,1,1,1.0
210,2,937.0,539.0,40.0,119.0,1,1,1.0
211,1,893.0,535.0,40.0,121.0,1,1,1.0
211,2,937.0,539.0,39.0,118.0,1,1,1.0
212,1,893.0,534.0,41.0,121.0,1,1,1.0
212,2,937.0,539.0,39.0,116.0,1,1,1.0
213,1,893.0,534.0,41.0,121.0,1,1,1.0
213,2,937.0,538.0,40.0,115.0,1,1,1.0
214,1,893.0,534.0,40.0,121.0,1,1,1.0
214,2,937.0,537.0,44.0,116.0,1,1,1.0
215,1,893.0,535.0,39.0,120.0,1,1,1.0
215,2,937.0,536.0,47.0,116.0,1,1,1.0
216,1,893.0,535.0,37.0,119.0,1,1,1.0
216,2,937.0,536.0,50.0,117.0,1,1,1.0
217,1,893.0,535.0,35.0,119.0,1,1,1.0
217,2,937.0,535.0,51.0,116.0,1,1,1.0
218,1,892.0,535.0,35.0,118.0,1,1,1.0
218,2,937.0,535.0,52.0,116.0,1,1,1.0
219,1,890.0,535.0,37.0,116.0,1,1,1.0
219,2,937.0,535.0,53.0,116.0,1,1,1.0
220,1,888.0,534.0,38.0,115.0,1,1,1.0
220,2,938.0,536.0,53.0,115.0,1,1,1.0
221,1,886.0,532.0,39.0,117.0,1,1,1.0
221,2,938.0,536.0,53.0,114.0,1,1,1.0
222,1,885.0,531.0,39.0,117.0,1,1,1.0
222,2,938.0,536.0,51.0,113.0,1,1,1.0
223,1,884.0,531.0,40.0,117.0,1,1,1.0
223,2,939.0,535.0,48.0,113.0,1,1,1.0
224,1,884.0,531.0,40.0,118.0,1,1,1.0
224,2,940.0,533.0,45.0,113.0,1,1,1.0
225,1,884.0,531.0,39.0,117.0,1,1,1.0
225,2,940.0,532.0,42.0,112.0,1,1,1.0
226,1,885.0,531.0,37.0,117.0,1,1,1.0
226,2,940.0,532.0,40.0,112.0,1,1,1.0
227,1,885.0,532.0,36.0,117.0,1,1,1.0
227,2,940.0,532.0,39.0,112.0,1,1,1.0
228,1,886.0,531.0,36.0,116.0,1,1,1.0
228,2,940.0,532.0,38.0,112.0,1,1,1.0
229,1,885.0,531.0,36.0,115.0,1,1,1.0
229,2,940.0,532.0,38.0,112.0,1,1,1.0
230,1,886.0,530.0,36.0,113.0,1,1,1.0
230,2,940.0,532.0,38.0,111.0,1,1,1.0
231,1,885.0,529.0,37.0,113.0,1,1,1.0
231,2,940.0,532.0,38.0,110.0,1,1,1.0
232,1,885.0,528.0,37.0,113.0,1,1,1.0
232,2,940.0,531.0,38.0,110.0,1,1,1.0
233,1,886.0,527.0,37.0,113.0,1,1,1.0
233,2,940.0,530.0,38.0,110.0,1,1,1.0
234,1,886.0,527.0,37.0,113.0,1,1,1.0
234,2,940.0,530.0,40.0,110.0,1,1,1.0
235,1,888.0,527.0,37.0,113.0,1,1,1.0
235,2,941.0,529.0,41.0,110.0,1,1,1.0
236,1,888.0,527.0,35.0,113.0,1,1,1.0
236,2,941.0,529.0,44.0,110.0,1,1,1.0
237,1,888.0,528.0,35.0,112.0,1,1,1.0
237,2,941.0,529.0,46.0,110.0,1,1,1.0
238,1,888.0,528.0,35.0,112.0,1,1,1.0
238,2,942.0,529.0,47.0,109.0,1,1,1.0
239,1,887.0,528.0,35.0,112.0,1,1,1.0
239,2,942.0,530.0,47.0,109.0,1,1,1.0
240,1,886.0,527.0,36.0,110.0,1,1,1.0
240,2,942.0,530.0,48.0,108.0,1,1,1.0
241,1,886.0,526.0,36.0,110.0,1,1,1.0
241,2,943.0,529.0,47.0,107.0,1,1,1.0
242,1,885.0,526.0,37.0,109.0,1,1,1.0
242,2,944.0,528.0,45.0,107.0,1,1,1.0
243,1,884.0,525.0,38.0,110.0,1,1,1.0
243,2,944.0,527.0,42.0,107.0,1,1,1.0
244,1,884.0,525.0,38.0,110.0,1,1,1.0
244,2,944.0,527.0,40.0,107.0,1,1,1.0
245,1,885.0,525.0,38.0,110.0,1,1,1.0
245,2,945.0,526.0,37.0,107.0,1,1,1.0
246,1,886.0,525.0,38.0,110.0,1,1,1.0
246,2,946.0,526.0,36.0,106.0,1,1,1.0
247,1,887.0,525.0,36.0,109.0,1,1,1.0
247,2,946.0,527.0,35.0,106.0,1,1,1.0
248,1,887.0,525.0,35.0,109.0,1,1,1.0
248,2,946.0,527.0,35.0,105.0,1,1,1.0
249,1,887.0,525.0,35.0,109.0,1,1,1.0
249,2,946.0,527.0,34.0,104.0,1,1,1.0
250,1,888.0,525.0,35.0,107.0,1,1,1.0
250,2,946.0,527.0,34.0,104.0,1,1,1.0
251,1,888.0,524.0,35.0,107.0,1,1,1.0
251,2,945.0,526.0,34.0,104.0,1,1,1.0
252,1,889.0,523.0,34.0,107.0,1,1,1.0
252,2,945.0,526.0,35.0,103.0,1,1,1.0
253,1,891.0,523.0,34.0,107.0,1,1,1.0
253,2,945.0,525.0,37.0,103.0,1,1,1.0
254,1,892.0,522.0,34.0,107.0,1,1,1.0
254,2,944.0,524.0,39.0,104.0,1,1,1.0
255,1,892.0,522.0,34.0,107.0,1,1,1.0
255,2,945.0,524.0,42.0,104.0,1,1,1.0
256,1,892.0,522.0,35.0,107.0,1,1,1.0
256,2,945.0,523.0,44.0,105.0,1,1,1.0
257,1,892.0,523.0,35.0,106.0,1,1,1.0
257,2,945.0,524.0,46.0,104.0,1,1,1.0
258,1,891.0,523.0,34.0,106.0,1,1,1.0
258,2,946.0,524.0,46.0,103.0,1,1,1.0
259,1,890.0,523.0,35.0,106.0,1,1,1.0
259,2,946.0,524.0,46.0,102.0,1,1,1.0
260,1,889.0,522.0,36.0,105.0,1,1,1.0
260,2,947.0,524.0,46.0,102.0,1,1,1.0
261,1,888.0,522.0,36.0,104.0,1,1,1.0
261,2,948.0,524.0,45.0,101.0,1,1,1.0
262,1,888.0,521.0,36.0,103.0,1,1,1.0
262,2,949.0,523.0,42.0,100.0,1,1,1.0
263,1,889.0,520.0,35.0,104.0,1,1,1.0
263,2,950.0,522.0,40.0,101.0,1,1,1.0
264,1,890.0,520.0,33.0,104.0,1,1,1.0
264,2,950.0,522.0,38.0,100.0,1,1,1.0
265,1,891.0,520.0,33.0,104.0,1,1,1.0
265,2,950.0,522.0,37.0,101.0,1,1,1.0
266,1,892.0,519.0,32.0,104.0,1,1,1.0
266,2,949.0,521.0,36.0,101.0,1,1,1.0
267,1,893.0,519.0,32.0,104.0,1,1,1.0
267,2,949.0,521.0,37.0,101.0,1,1,1.0
268,1,894.0,519.0,31.0,104.0,1,1,1.0
268,2,949.0,522.0,36.0,100.0,1,1,1.0
269,1,895.0,519.0,31.0,104.0,1,1,1.0
269,2,948.0,522.0,36.0,100.0,1,1,1.0
270,1,895.0,519.0,31.0,104.0,1,1,1.0
270,2,948.0,522.0,36.0,99.0,1,1,1.0
272,3,969.0,518.0,44.0,91.0,1,1,1.0
272,4,917.0,516.0,27.0,94.0,1,1,1.0
273,3,971.0,518.0,41.0,90.0,1,1,1.0
273,4,919.0,516.0,26.0,95.0,1,1,1.0
274,3,974.0,518.0,36.0,88.0,1,1,1.0
274,4,920.0,515.0,26.0,95.0,1,1,1.0
275,3,983.0,518.0,30.0,89.0,1,1,1.0
275,4,921.0,515.0,27.0,96.0,1,1,1.0
276,3,986.0,517.0,29.0,93.0,1,1,1.0
276,4,920.0,515.0,31.0,96.0,1,1,1.0
277,3,989.0,516.0,31.0,95.0,1,1,1.0
277,4,920.0,515.0,37.0,96.0,1,1,1.0
278,3,990.0,517.0,33.0,94.0,1,1,1.0
278,4,921.0,515.0,41.0,96.0,1,1,1.0
279,3,991.0,517.0,33.0,94.0,1,1,1.0
279,4,921.0,515.0,42.0,95.0,1,1,1.0
280,3,992.0,517.0,35.0,94.0,1,1,1.0
280,4,928.0,515.0,37.0,96.0,1,1,1.0
281,3,992.0,517.0,42.0,94.0,1,1,1.0
281,4,935.0,515.0,30.0,96.0,1,1,1.0
282,3,992.0,518.0,45.0,93.0,1,1,1.0
282,4,939.0,515.0,27.0,96.0,1,1,1.0
283,3,992.0,519.0,45.0,92.0,1,1,1.0
283,4,942.0,515.0,27.0,96.0,1,1,1.0
284,3,991.0,519.0,45.0,92.0,1,1,1.0
284,4,945.0,515.0,27.0,96.0,1,1,1.0
285,3,994.0,519.0,44.0,90.0,1,1,1.0
285,4,947.0,515.0,30.0,96.0,1,1,1.0
286,3,998.0,519.0,43.0,90.0,1,1,1.0
286,4,948.0,515.0,32.0,96.0,1,1,1.0
287,3,1003.0,519.0,40.0,90.0,1,1,1.0
287,4,949.0,516.0,37.0,95.0,1,1,1.0
288,3,1008.0,519.0,39.0,93.0,1,1,1.0
288,4,949.0,518.0,44.0,94.0,1,1,1.0
289,3,1011.0,519.0,40.0,91.0,1,1,1.0
289,4,950.0,519.0,48.0,94.0,1,1,1.0
290,3,1013.0,519.0,40.0,93.0,1,1,1.0
290,4,950.0,519.0,49.0,95.0,1,1,1.0
291,3,1015.0,519.0,42.0,95.0,1,1,1.0
291,4,952.0,518.0,49.0,95.0,1,1,1.0
292,3,1017.0,520.0,42.0,95.0,1,1,1.0
292,4,957.0,518.0,45.0,93.0,1,1,1.0
293,3,1018.0,521.0,42.0,95.0,1,1,1.0
293,4,962.0,517.0,40.0,95.0,1,1,1.0
294,3,1020.0,521.0,42.0,95.0,1,1,1.0
294,4,968.0,517.0,35.0,96.0,1,1,1.0
295,3,1022.0,522.0,41.0,96.0,1,1,1.0
295,4,973.0,517.0,33.0,97.0,1,1,1.0
296,3,1024.0,522.0,40.0,95.0,1,1,1.0
296,4,975.0,517.0,33.0,98.0,1,1,1.0
297,3,1028.0,522.0,36.0,94.0,1,1,1.0
297,4,977.0,518.0,34.0,98.0,1,1,1.0
298,3,1032.0,522.0,33.0,94.0,1,1,1.0
298,4,980.0,518.0,35.0,99.0,1,1,1.0
299,3,1035.0,521.0,31.0,95.0,1,1,1.0
299,4,982.0,519.0,35.0,99.0,1,1,1.0
300,3,1038.0,521.0,30.0,96.0,1,1,1.0
300,4,983.0,519.0,37.0,99.0,1,1,1.0
301,3,1041.0,521.0,30.0,96.0,1,1,1.0
301,4,986.0,519.0,37.0,100.0,1,1,1.0
302,3,1042.0,522.0,34.0,96.0,1,1,1.0
302,4,989.0,518.0,34.0,100.0,1,1,1.0
303,3,1042.0,522.0,40.0,96.0,1,1,1.0
303,4,992.0,518.0,33.0,100.0,1,1,1.0
304,3,1042.0,523.0,44.0,96.0,1,1,1.0
304,4,995.0,518.0,30.0,101.0,1,1,1.0
305,3,1041.0,523.0,46.0,96.0,1,1,1.0
305,4,997.0,518.0,29.0,101.0,1,1,1.0
306,3,1042.0,523.0,48.0,96.0,1,1,1.0
306,4,997.0,518.0,31.0,101.0,1,1,1.0
307,3,1045.0,523.0,49.0,96.0,1,1,1.0
307,4,996.0,519.0,38.0,101.0,1,1,1.0
308,3,1048.0,523.0,47.0,97.0,1,1,1.0
308,4,997.0,520.0,43.0,100.0,1,1,1.0
309,3,1054.0,522.0,42.0,97.0,1,1,1.0
309,4,998.0,521.0,47.0,100.0,1,1,1.0
310,3,1060.0,522.0,39.0,98.0,1,1,1.0
310,4,999.0,522.0,47.0,100.0,1,1,1.0
311,3,1062.0,522.0,39.0,99.0,1,1,1.0
311,4,1002.0,522.0,46.0,100.0,1,1,1.0
312,3,1064.0,522.0,42.0,100.0,1,1,1.0
312,4,1005.0,523.0,43.0,101.0,1,1,1.0
313,3,1065.0,523.0,44.0,100.0,1,1,1.0
313,4,1008.0,522.0,40.0,101.0,1,1,1.0
314,3,1066.0,523.0,45.0,100.0,1,1,1.0
314,4,1012.0,522.0,36.0,102.0,1,1,1.0
315,3,1067.0,524.0,45.0,100.0,1,1,1.0
315,4,1018.0,521.0,34.0,102.0,1,1,1.0
316,3,1069.0,525.0,44.0,99.0,1,1,1.0
316,4,1021.0,521.0,35.0,102.0,1,1,1.0
317,3,1072.0,525.0,44.0,99.0,1,1,1.0
317,4,1023.0,522.0,36.0,103.0,1,1,1.0
318,3,1076.0,525.0,43.0,98.0,1,1,1.0
318,4,1024.0,523.0,40.0,104.0,1,1,1.0
319,3,1080.0,525.0,40.0,98.0,1,1,1.0
319,4,1026.0,523.0,41.0,104.0,1,1,1.0
320,3,1084.0,524.0,36.0,101.0,1,1,1.0
320,4,1028.0,524.0,40.0,104.0,1,1,1.0
321,3,1088.0,524.0,33.0,102.0,1,1,1.0
321,4,1028.0,524.0,42.0,105.0,1,1,1.0
322,3,1090.0,524.0,34.0,103.0,1,1,1.0
322,4,1030.0,524.0,43.0,105.0,1,1,1.0
323,3,1092.0,525.0,39.0,103.0,1,1,1.0
323,4,1034.0,524.0,41.0,105.0,1,1,1.0
324,3,1092.0,526.0,44.0,103.0,1,1,1.0
324,4,1037.0,524.0,37.0,106.0,1,1,1.0
325,3,1092.0,527.0,47.0,102.0,1,1,1.0
325,4,1041.0,524.0,33.0,106.0,1,1,1.0
326,3,1092.0,527.0,48.0,102.0,1,1,1.0
326,4,1043.0,523.0,30.0,106.0,1,1,1.0
327,3,1094.0,528.0,47.0,102.0,1,1,1.0
327,4,1044.0,523.0,31.0,106.0,1,1,1.0
328,3,1097.0,527.0,46.0,103.0,1,1,1.0
328,4,1045.0,524.0,34.0,106.0,1,1,1.0
329,3,1101.0,527.0,46.0,103.0,1,1,1.0
329,4,1046.0,525.0,39.0,106.0,1,1,1.0
330,3,1106.0,527.0,44.0,105.0,1,1,1.0
330,4,1047.0,526.0,43.0,105.0,1,1,1.0
331,3,1110.0,527.0,43.0,104.0,1,1,1.0
331,4,1048.0,527.0,45.0,105.0,1,1,1.0
332,3,1112.0,527.0,43.0,104.0,1,1,1.0
332,4,1048.0,527.0,47.0,105.0,1,1,1.0
333,3,1113.0,527.0,45.0,105.0,1,1,1.0
333,4,1049.0,527.0,46.0,105.0,1,1,1.0
334,3,1112.0,528.0,48.0,105.0,1,1,1.0
334,4,1053.0,527.0,43.0,106.0,1,1,1.0
335,3,1114.0,528.0,47.0,105.0,1,1,1.0
335,4,1056.0,527.0,41.0,106.0,1,1,1.0
336,3,1117.0,529.0,45.0,104.0,1,1,1.0
336,4,1063.0,527.0,36.0,106.0,1,1,1.0
337,3,1119.0,530.0,45.0,102.0,1,1,1.0
337,4,1068.0,527.0,37.0,106.0,1,1,1.0
338,3,1122.0,530.0,44.0,101.0,1,1,1.0
338,4,1071.0,527.0,38.0,108.0,1,1,1.0
339,3,1124.0,530.0,44.0,100.0,1,1,1.0
339,4,1074.0,527.0,41.0,108.0,1,1,1.0
340,3,1128.0,530.0,41.0,102.0,1,1,1.0
340,4,1075.0,528.0,40.0,109.0,1,1,1.0
341,3,1132.0,530.0,38.0,104.0,1,1,1.0
341,4,1077.0,528.0,42.0,109.0,1,1,1.0
342,3,1135.0,530.0,37.0,104.0,1,1,1.0
342,4,1078.0,529.0,43.0,110.0,1,1,1.0
343,3,1137.0,530.0,37.0,106.0,1,1,1.0
343,4,1080.0,529.0,42.0,110.0,1,1,1.0
344,3,1139.0,531.0,38.0,106.0,1,1,1.0
344,4,1084.0,529.0,41.0,111.0,1,1,1.0
345,3,1139.0,532.0,43.0,106.0,1,1,1.0
345,4,1088.0,528.0,39.0,111.0,1,1,1.0
346,3,1140.0,533.0,47.0,106.0,1,1,1.0
346,4,1092.0,528.0,37.0,112.0,1,1,1.0
347,4,1095.0,528.0,34.0,112.0,1,1,1.0
348,3,1142.0,534.0,58.0,106.0,1,1,1.0
348,4,1098.0,528.0,37.0,112.0,1,1,1.0
349,3,1144.0,534.0,56.0,106.0,1,1,1.0
349,4,1100.0,528.0,39.0,112.0,1,1,1.0
350,3,1148.0,534.0,54.0,107.0,1,1,1.0
350,4,1101.0,529.0,43.0,112.0,1,1,1.0
351,3,1152.0,534.0,51.0,106.0,1,1,1.0
351,4,1101.0,530.0,47.0,111.0,1,1,1.0
352,3,1158.0,534.0,48.0,107.0,1,1,1.0
352,4,1101.0,531.0,49.0,111.0,1,1,1.0
353,3,1162.0,534.0,46.0,107.0,1,1,1.0
353,4,1102.0,532.0,50.0,111.0,1,1,1.0
354,3,1164.0,534.0,45.0,108.0,1,1,1.0
354,4,1104.0,531.0,48.0,111.0,1,1,1.0
355,3,1166.0,534.0,45.0,109.0,1,1,1.0
355,4,1108.0,531.0,44.0,112.0,1,1,1.0
356,3,1168.0,535.0,45.0,109.0,1,1,1.0
356,4,1114.0,530.0,38.0,112.0,1,1,1.0
357,3,1170.0,536.0,45.0,109.0,1,1,1.0
357,4,1120.0,530.0,33.0,113.0,1,1,1.0
358,3,1172.0,537.0,44.0,109.0,1,1,1.0
358,4,1124.0,530.0,33.0,113.0,1,1,1.0
359,3,1175.0,537.0,43.0,109.0,1,1,1.0
359,4,1127.0,531.0,34.0,113.0,1,1,1.0
360,3,1179.0,537.0,41.0,107.0,1,1,1.0
360,4,1129.0,532.0,35.0,113.0,1,1,1.0
361,3,1182.0,536.0,39.0,107.0,1,1,1.0
361,4,1131.0,533.0,37.0,113.0,1,1,1.0
362,3,1186.0,535.0,39.0,109.0,1,1,1.0
362,4,1132.0,534.0,39.0,113.0,1,1,1.0
363,3,1188.0,535.0,39.0,110.0,1,1,1.0
363,4,1134.0,534.0,41.0,117.0,1,1,1.0
364,3,1190.0,535.0,40.0,110.0,1,1,1.0
364,4,1136.0,534.0,42.0,121.0,1,1,1.0
365,3,1191.0,536.0,42.0,111.0,1,1,1.0
365,4,1140.0,534.0,40.0,124.0,1,1,1.0
366,3,1190.0,537.0,48.0,111.0,1,1,1.0
366,4,1144.0,534.0,37.0,125.0,1,1,1.0
367,3,1189.0,538.0,53.0,111.0,1,1,1.0
367,4,1147.0,534.0,36.0,126.0,1,1,1.0
368,3,1190.0,540.0,54.0,111.0,1,1,1.0
368,4,1148.0,534.0,37.0,126.0,1,1,1.0
369,3,1192.0,540.0,55.0,111.0,1,1,1.0
369,4,1151.0,534.0,37.0,126.0,1,1,1.0
370,3,1197.0,540.0,55.0,112.0,1,1,1.0
370,4,1154.0,534.0,38.0,124.0,1,1,1.0
371,3,1202.0,539.0,59.0,113.0,1,1,1.0
371,4,1155.0,535.0,43.0,123.0,1,1,1.0
372,3,1208.0,539.0,59.0,112.0,1,1,1.0
372,4,1156.0,536.0,49.0,121.0,1,1,1.0
373,3,1215.0,539.0,54.0,113.0,1,1,1.0
373,4,1157.0,537.0,52.0,120.0,1,1,1.0
374,3,1220.0,539.0,50.0,114.0,1,1,1.0
374,4,1158.0,538.0,52.0,120.0,1,1,1.0
375,3,1223.0,539.0,47.0,114.0,1,1,1.0
375,4,1159.0,538.0,53.0,120.0,1,1,1.0
376,3,1225.0,540.0,45.0,114.0,1,1,1.0
376,4,1162.0,537.0,52.0,121.0,1,1,1.0
377,3,1227.0,540.0,46.0,115.0,1,1,1.0
377,4,1166.0,537.0,51.0,121.0,1,1,1.0
378,3,1227.0,541.0,49.0,115.0,1,1,1.0
378,4,1168.0,537.0,52.0,121.0,1,1,1.0
379,3,1229.0,542.0,49.0,114.0,1,1,1.0
379,4,1179.0,537.0,43.0,118.0,1,1,1.0
380,3,1233.0,544.0,47.0,113.0,1,1,1.0
380,4,1185.0,537.0,38.0,117.0,1,1,1.0
381,3,1238.0,544.0,44.0,114.0,1,1,1.0
381,4,1188.0,538.0,37.0,118.0,1,1,1.0
382,3,1246.0,542.0,41.0,116.0,1,1,1.0
382,4,1190.0,539.0,46.0,118.0,1,1,1.0
383,3,1251.0,542.0,39.0,114.0,1,1,1.0
383,4,1192.0,541.0,49.0,117.0,1,1,1.0
384,3,1254.0,543.0,39.0,113.0,1,1,1.0
384,4,1193.0,542.0,48.0,117.0,1,1,1.0
385,3,1255.0,542.0,43.0,115.0,1,1,1.0
385,4,1194.0,541.0,48.0,119.0,1,1,1.0
386,3,1256.0,543.0,51.0,115.0,1,1,1.0
386,4,1197.0,541.0,46.0,120.0,1,1,1.0
387,3,1256.0,544.0,57.0,115.0,1,1,1.0
387,4,1205.0,540.0,39.0,121.0,1,1,1.0
388,3,1257.0,545.0,62.0,115.0,1,1,1.0
388,4,1210.0,540.0,36.0,121.0,1,1,1.0
389,3,1256.0,545.0,65.0,116.0,1,1,1.0
389,4,1215.0,540.0,37.0,121.0,1,1,1.0
390,3,1257.0,545.0,67.0,115.0,1,1,1.0
390,4,1219.0,539.0,39.0,122.0,1,1,1.0
391,3,1263.0,545.0,64.0,117.0,1,1,1.0
391,4,1222.0,539.0,42.0,122.0,1,1,1.0
392,3,1274.0,544.0,58.0,118.0,1,1,1.0
392,4,1223.0,539.0,47.0,122.0,1,1,1.0
393,3,1286.0,545.0,51.0,118.0,1,1,1.0
393,4,1224.0,541.0,52.0,121.0,1,1,1.0
394,3,1290.0,544.0,50.0,117.0,1,1,1.0
395,3,1295.0,545.0,48.0,118.0,1,1,1.0
395,4,1224.0,544.0,58.0,120.0,1,1,1.0
396,3,1297.0,545.0,47.0,119.0,1,1,1.0
396,4,1225.0,545.0,58.0,120.0,1,1,1.0
397,3,1299.0,545.0,48.0,119.0,1,1,1.0
397,4,1228.0,545.0,56.0,120.0,1,1,1.0
398,3,1300.0,546.0,48.0,120.0,1,1,1.0
398,4,1234.0,544.0,51.0,121.0,1,1,1.0
399,3,1302.0,547.0,48.0,120.0,1,1,1.0
399,4,1242.0,544.0,47.0,121.0,1,1,1.0
400,3,1304.0,548.0,49.0,120.0,1,1,1.0
400,4,1249.0,543.0,42.0,122.0,1,1,1.0
401,3,1306.0,549.0,49.0,120.0,1,1,1.0
401,4,1255.0,543.0,39.0,122.0,1,1,1.0
402,3,1310.0,549.0,50.0,120.0,1,1,1.0
402,4,1257.0,544.0,39.0,123.0,1,1,1.0
403,3,1314.0,549.0,49.0,120.0,1,1,1.0
403,4,1259.0,545.0,41.0,123.0,1,1,1.0
404,3,1319.0,549.0,48.0,120.0,1,1,1.0
404,4,1261.0,546.0,45.0,123.0,1,1,1.0
405,3,1324.0,549.0,46.0,119.0,1,1,1.0
405,4,1262.0,546.0,49.0,123.0,1,1,1.0
406,3,1327.0,549.0,46.0,120.0,1,1,1.0
406,4,1264.0,546.0,49.0,125.0,1,1,1.0
407,3,1332.0,550.0,47.0,121.0,1,1,1.0
407,4,1267.0,547.0,47.0,125.0,1,1,1.0
408,3,1334.0,552.0,49.0,120.0,1,1,1.0
408,4,1273.0,547.0,41.0,125.0,1,1,1.0
409,3,1336.0,553.0,52.0,120.0,1,1,1.0
409,4,1281.0,546.0,37.0,126.0,1,1,1.0
410,3,1337.0,554.0,56.0,121.0,1,1,1.0
410,4,1286.0,546.0,37.0,126.0,1,1,1.0
411,3,1337.0,555.0,57.0,120.0,1,1,1.0
411,4,1291.0,546.0,36.0,126.0,1,1,1.0
412,3,1340.0,555.0,54.0,121.0,1,1,1.0
412,4,1294.0,547.0,37.0,125.0,1,1,1.0
413,3,1344.0,555.0,52.0,121.0,1,1,1.0
413,4,1295.0,547.0,41.0,125.0,1,1,1.0
414,3,1348.0,554.0,50.0,122.0,1,1,1.0
414,4,1296.0,548.0,49.0,125.0,1,1,1.0
415,3,1352.0,554.0,50.0,123.0,1,1,1.0
415,4,1296.0,549.0,55.0,125.0,1,1,1.0
416,3,1355.0,553.0,50.0,123.0,1,1,1.0
416,4,1296.0,550.0,60.0,125.0,1,1,1.0
417,3,1357.0,553.0,48.0,125.0,1,1,1.0
417,4,1296.0,550.0,62.0,126.0,1,1,1.0
418,3,1358.0,554.0,47.0,126.0,1,1,1.0
418,4,1300.0,551.0,59.0,126.0,1,1,1.0
419,3,1359.0,556.0,47.0,125.0,1,1,1.0
419,4,1306.0,551.0,53.0,125.0,1,1,1.0
420,3,1359.0,559.0,49.0,124.0,1,1,1.0
420,4,1314.0,551.0,48.0,125.0,1,1,1.0
421,3,1360.0,560.0,49.0,123.0,1,1,1.0
421,4,1321.0,552.0,43.0,125.0,1,1,1.0
422,3,1362.0,560.0,49.0,124.0,1,1,1.0
422,4,1324.0,552.0,42.0,126.0,1,1,1.0
423,3,1363.0,560.0,49.0,124.0,1,1,1.0
423,4,1326.0,552.0,42.0,127.0,1,1,1.0
424,3,1365.0,560.0,49.0,124.0,1,1,1.0
424,4,1328.0,552.0,41.0,128.0,1,1,1.0
425,3,1367.0,560.0,50.0,124.0,1,1,1.0
425,4,1330.0,553.0,41.0,128.0,1,1,1.0
426,3,1367.0,560.0,52.0,125.0,1,1,1.0
426,4,1332.0,554.0,40.0,128.0,1,1,1.0
427,3,1368.0,562.0,53.0,124.0,1,1,1.0
427,4,1331.0,554.0,41.0,128.0,1,1,1.0
428,3,1369.0,562.0,54.0,127.0,1,1,1.0
428,4,1331.0,554.0,41.0,129.0,1,1,1.0
429,3,1370.0,563.0,55.0,127.0,1,1,1.0
429,4,1331.0,553.0,41.0,129.0,1,1,1.0
430,3,1371.0,564.0,55.0,127.0,1,1,1.0
430,4,1333.0,553.0,41.0,129.0,1,1,1.0
431,3,1371.0,564.0,55.0,127.0,1,1,1.0
431,4,1334.0,553.0,41.0,129.0,1,1,1.0
432,3,1371.0,562.0,56.0,129.0,1,1,1.0
432,4,1335.0,553.0,41.0,129.0,1,1,1.0
433,3,1371.0,562.0,56.0,130.0,1,1,1.0
433,4,1336.0,554.0,40.0,129.0,1,1,1.0
434,3,1372.0,561.0,54.0,132.0,1,1,1.0
434,4,1337.0,554.0,39.0,130.0,1,1,1.0
435,3,1372.0,560.0,52.0,132.0,1,1,1.0
435,4,1338.0,556.0,39.0,131.0,1,1,1.0
436,3,1372.0,560.0,50.0,133.0,1,1,1.0
436,4,1338.0,557.0,41.0,132.0,1,1,1.0
437,3,1372.0,560.0,47.0,134.0,1,1,1.0
437,4,1338.0,558.0,42.0,132.0,1,1,1.0
438,3,1371.0,559.0,45.0,136.0,1,1,1.0
438,4,1338.0,560.0,40.0,131.0,1,1,1.0
439,3,1369.0,560.0,45.0,137.0,1,1,1.0
439,4,1336.0,561.0,40.0,130.0,1,1,1.0
440,3,1367.0,561.0,45.0,137.0,1,1,1.0
440,4,1335.0,561.0,39.0,130.0,1,1,1.0
441,3,1366.0,564.0,45.0,135.0,1,1,1.0
441,4,1333.0,560.0,40.0,131.0,1,1,1.0
442,3,1365.0,566.0,44.0,133.0,1,1,1.0
442,4,1332.0,560.0,41.0,131.0,1,1,1.0
443,3,1363.0,565.0,45.0,134.0,1,1,1.0
443,4,1331.0,559.0,41.0,132.0,1,1,1.0
444,3,1361.0,564.0,47.0,135.0,1,1,1.0
444,4,1330.0,559.0,41.0,132.0,1,1,1.0
445,3,1360.0,564.0,50.0,136.0,1,1,1.0
445,4,1328.0,559.0,42.0,132.0,1,1,1.0
446,3,1358.0,565.0,54.0,135.0,1,1,1.0
446,4,1326.0,559.0,43.0,132.0,1,1,1.0
447,3,1356.0,565.0,57.0,136.0,1,1,1.0
447,4,1324.0,560.0,43.0,133.0,1,1,1.0
448,3,1355.0,566.0,59.0,139.0,1,1,1.0
448,4,1322.0,562.0,44.0,133.0,1,1,1.0
449,3,1353.0,566.0,62.0,140.0,1,1,1.0
449,4,1320.0,562.0,44.0,135.0,1,1,1.0
450,3,1350.0,567.0,65.0,141.0,1,1,1.0
450,4,1319.0,562.0,45.0,136.0,1,1,1.0
451,3,1350.0,568.0,65.0,141.0,1,1,1.0
451,4,1317.0,562.0,46.0,136.0,1,1,1.0
452,3,1350.0,568.0,64.0,141.0,1,1,1.0
452,4,1314.0,561.0,51.0,137.0,1,1,1.0
453,3,1351.0,568.0,60.0,141.0,1,1,1.0
453,4,1312.0,561.0,51.0,138.0,1,1,1.0
454,3,1351.0,569.0,56.0,141.0,1,1,1.0
454,4,1309.0,560.0,55.0,138.0,1,1,1.0
455,3,1349.0,569.0,54.0,141.0,1,1,1.0
455,4,1305.0,560.0,52.0,138.0,1,1,1.0
456,3,1346.0,570.0,51.0,139.0,1,1,1.0
456,4,1303.0,560.0,50.0,139.0,1,1,1.0
457,3,1343.0,570.0,49.0,139.0,1,1,1.0
457,4,1301.0,561.0,51.0,140.0,1,1,1.0
458,3,1340.0,570.0,46.0,140.0,1,1,1.0
458,4,1297.0,563.0,51.0,140.0,1,1,1.0
459,3,1335.0,570.0,48.0,141.0,1,1,1.0
459,4,1293.0,564.0,52.0,141.0,1,1,1.0
460,3,1332.0,569.0,51.0,143.0,1,1,1.0
460,4,1291.0,565.0,52.0,142.0,1,1,1.0
461,3,1328.0,572.0,54.0,142.0,1,1,1.0
461,4,1290.0,566.0,52.0,141.0,1,1,1.0
462,3,1327.0,574.0,54.0,141.0,1,1,1.0
462,4,1289.0,566.0,51.0,142.0,1,1,1.0
463,3,1326.0,574.0,53.0,141.0,1,1,1.0
463,4,1289.0,566.0,49.0,142.0,1,1,1.0
464,3,1323.0,574.0,52.0,141.0,1,1,1.0
464,4,1288.0,566.0,48.0,142.0,1,1,1.0
465,3,1318.0,573.0,53.0,142.0,1,1,1.0
465,4,1287.0,565.0,46.0,142.0,1,1,1.0
466,3,1315.0,573.0,50.0,143.0,1,1,1.0
466,4,1286.0,565.0,43.0,142.0,1,1,1.0
467,3,1310.0,572.0,55.0,145.0,1,1,1.0
467,4,1284.0,566.0,44.0,142.0,1,1,1.0
468,3,1306.0,573.0,59.0,147.0,1,1,1.0
468,4,1280.0,566.0,46.0,143.0,1,1,1.0
469,3,1303.0,574.0,63.0,145.0,1,1,1.0
469,4,1273.0,567.0,52.0,145.0,1,1,1.0
470,3,1301.0,575.0,65.0,144.0,1,1,1.0
470,4,1268.0,568.0,56.0,147.0,1,1,1.0
471,3,1301.0,575.0,65.0,146.0,1,1,1.0
471,4,1265.0,568.0,57.0,146.0,1,1,1.0
472,3,1296.0,576.0,67.0,148.0,1,1,1.0
472,4,1264.0,569.0,55.0,146.0,1,1,1.0
473,3,1295.0,576.0,62.0,149.0,1,1,1.0
473,4,1263.0,568.0,52.0,147.0,1,1,1.0
474,3,1294.0,576.0,55.0,149.0,1,1,1.0
475,3,1289.0,576.0,53.0,149.0,1,1,1.0
475,4,1261.0,567.0,53.0,147.0,1,1,1.0
476,3,1286.0,576.0,49.0,149.0,1,1,1.0
476,4,1256.0,567.0,54.0,148.0,1,1,1.0
477,3,1281.0,575.0,49.0,150.0,1,1,1.0
477,4,1249.0,567.0,52.0,147.0,1,1,1.0
478,3,1276.0,576.0,50.0,149.0,1,1,1.0
478,4,1245.0,569.0,51.0,149.0,1,1,1.0
479,3,1270.0,577.0,54.0,149.0,1,1,1.0
479,4,1240.0,570.0,53.0,149.0,1,1,1.0
480,3,1261.0,576.0,63.0,153.0,1,1,1.0
480,4,1236.0,572.0,56.0,146.0,1,1,1.0
481,3,1257.0,577.0,65.0,153.0,1,1,1.0
481,4,1232.0,573.0,57.0,145.0,1,1,1.0
482,3,1254.0,578.0,65.0,153.0,1,1,1.0
482,4,1229.0,573.0,56.0,148.0,1,1,1.0
483,3,1253.0,578.0,63.0,153.0,1,1,1.0
483,4,1227.0,573.0,51.0,153.0,1,1,1.0
484,3,1252.0,577.0,58.0,154.0,1,1,1.0
484,4,1226.0,572.0,46.0,152.0,1,1,1.0
485,3,1251.0,577.0,51.0,154.0,1,1,1.0
486,3,1245.0,575.0,53.0,157.0,1,1,1.0
487,3,1239.0,576.0,59.0,157.0,1,1,1.0
487,4,1223.0,572.0,36.0,150.0,1,1,1.0
488,3,1232.0,578.0,67.0,158.0,1,1,1.0
489,3,1235.0,580.0,64.0,154.0,1,1,1.0
489,4,1210.0,574.0,46.0,150.0,1,1,1.0
490,3,1225.0,582.0,73.0,150.0,1,1,1.0
491,3,1212.0,583.0,85.0,148.0,1,1,1.0
492,3,1221.0,584.0,72.0,147.0,1,1,1.0
492,4,1190.0,575.0,64.0,151.0,1,1,1.0
495,4,1183.0,574.0,59.0,155.0,1,1,1.0
496,3,1210.0,580.0,51.0,160.0,1,1,1.0
496,4,1182.0,574.0,48.0,156.0,1,1,1.0
497,3,1207.0,579.0,47.0,162.0,1,1,1.0
497,4,1178.0,573.0,49.0,157.0,1,1,1.0
498,3,1198.0,581.0,50.0,161.0,1,1,1.0
498,4,1171.0,573.0,51.0,157.0,1,1,1.0
499,3,1188.0,582.0,56.0,161.0,1,1,1.0
500,3,1178.0,584.0,64.0,161.0,1,1,1.0
500,4,1159.0,574.0,58.0,157.0,1,1,1.0
501,3,1173.0,584.0,69.0,162.0,1,1,1.0
501,4,1154.0,575.0,57.0,159.0,1,1,1.0
502,3,1171.0,586.0,70.0,161.0,1,1,1.0
503,3,1171.0,584.0,66.0,164.0,1,1,1.0
503,4,1147.0,578.0,56.0,165.0,1,1,1.0
504,3,1170.0,582.0,63.0,166.0,1,1,1.0
507,3,1148.0,583.0,66.0,169.0,1,1,1.0
508,3,1151.0,585.0,61.0,169.0,1,1,1.0
508,4,1141.0,582.0,56.0,161.0,1,1,1.0
509,3,1141.0,584.0,70.0,172.0,1,1,1.0
510,3,1137.0,587.0,72.0,171.0,1,1,1.0
511,3,1135.0,588.0,72.0,171.0,1,1,1.0
513,3,1127.0,587.0,68.0,173.0,1,1,1.0
517,3,1114.0,589.0,50.0,171.0,1,1,1.0
518,3,1101.0,587.0,59.0,173.0,1,1,1.0
519,3,1089.0,588.0,69.0,173.0,1,1,1.0
520,3,1079.0,588.0,78.0,174.0,1,1,1.0
521,3,1074.0,592.0,80.0,171.0,1,1,1.0
522,3,1063.0,584.0,71.0,171.0,1,1,1.0
522,4,1076.0,597.0,77.0,168.0,1,1,1.0
526,3,1058.0,586.0,62.0,178.0,1,1,1.0
527,3,1046.0,586.0,75.0,182.0,1,1,1.0
528,3,1042.0,586.0,79.0,186.0,1,1,1.0
529,3,1038.0,593.0,83.0,181.0,1,1,1.0
530,3,1034.0,596.0,86.0,179.0,1,1,1.0
531,3,1031.0,600.0,85.0,178.0,1,1,1.0
532,3,1026.0,600.0,85.0,178.0,1,1,1.0
533,3,1024.0,600.0,80.0,179.0,1,1,1.0
535,3,996.0,591.0,84.0,188.0,1,1,1.0
536,3,990.0,590.0,81.0,187.0,1,1,1.0
538,3,990.0,588.0,70.0,190.0,1,1,1.0
539,3,982.0,588.0,76.0,191.0,1,1,1.0
540,3,973.0,588.0,84.0,193.0,1,1,1.0
541,3,969.0,588.0,87.0,196.0,1,1,1.0
543,3,961.0,593.0,90.0,193.0,1,1,1.0
546,3,941.0,594.0,79.0,192.0,1,1,1.0
547,3,936.0,594.0,76.0,194.0,1,1,1.0
548,3,933.0,595.0,78.0,198.0,1,1,1.0
549,3,928.0,598.0,82.0,199.0,1,1,1.0
550,3,923.0,604.0,86.0,197.0,1,1,1.0
551,3,918.0,608.0,89.0,195.0,1,1,1.0
552,3,913.0,611.0,91.0,194.0,1,1,1.0
553,3,908.0,614.0,90.0,191.0,1,1,1.0
559,3,868.0,602.0,83.0,206.0,1,1,1.0
560,3,856.0,620.0,91.0,192.0,1,1,1.0
561,3,850.0,619.0,97.0,194.0,1,1,1.0
563,3,845.0,622.0,99.0,194.0,1,1,1.0
564,3,845.0,622.0,88.0,195.0,1,1,1.0
566,3,822.0,616.0,83.0,201.0,1,1,1.0
567,3,816.0,612.0,76.0,207.0,1,1,1.0
568,3,810.0,611.0,82.0,213.0,1,1,1.0
569,3,802.0,611.0,90.0,218.0,1,1,1.0
570,3,794.0,611.0,97.0,221.0,1,1,1.0
