1,1,1885.0,342.0,34.0,126.0,1,1,1.0
3,1,1884.0,340.0,31.0,128.0,1,1,1.0
4,1,1883.0,340.0,31.0,128.0,1,1,1.0
5,1,1878.0,340.0,35.0,128.0,1,1,1.0
6,1,1872.0,340.0,39.0,128.0,1,1,1.0
7,1,1866.0,340.0,44.0,127.0,1,1,1.0
8,1,1861.0,341.0,45.0,127.0,1,1,1.0
9,1,1858.0,341.0,46.0,127.0,1,1,1.0
10,1,1856.0,341.0,46.0,127.0,1,1,1.0
11,1,1856.0,341.0,45.0,127.0,1,1,1.0
12,1,1855.0,339.0,43.0,129.0,1,1,1.0
13,1,1854.0,338.0,42.0,131.0,1,1,1.0
14,1,1852.0,337.0,43.0,131.0,1,1,1.0
15,1,1851.0,337.0,41.0,131.0,1,1,1.0
16,1,1849.0,338.0,40.0,131.0,1,1,1.0
17,1,1847.0,338.0,39.0,131.0,1,1,1.0
18,1,1844.0,339.0,38.0,131.0,1,1,1.0
19,1,1840.0,339.0,41.0,131.0,1,1,1.0
20,1,1836.0,340.0,42.0,131.0,1,1,1.0
21,1,1833.0,340.0,43.0,132.0,1,1,1.0
23,1,1830.0,340.0,40.0,132.0,1,1,1.0
24,1,1829.0,339.0,38.0,133.0,1,1,1.0
25,1,1829.0,336.0,35.0,136.0,1,1,1.0
26,1,1827.0,335.0,35.0,137.0,1,1,1.0
27,1,1821.0,335.0,38.0,137.0,1,1,1.0
28,1,1814.0,336.0,43.0,136.0,1,1,1.0
29,1,1807.0,338.0,47.0,134.0,1,1,1.0
30,1,1802.0,334.0,50.0,138.0,1,1,1.0
31,1,1799.0,333.0,51.0,139.0,1,1,1.0
32,1,1798.0,334.0,51.0,139.0,1,1,1.0
33,1,1797.0,335.0,50.0,138.0,1,1,1.0
34,1,1797.0,335.0,47.0,138.0,1,1,1.0
35,1,1796.0,333.0,42.0,141.0,1,1,1.0
36,1,1795.0,331.0,38.0,142.0,1,1,1.0
39,1,1785.0,333.0,41.0,143.0,1,1,1.0
40,1,1777.0,359.0,42.0,117.0,1,1,1.0
41,1,1771.0,366.0,47.0,109.0,1,1,1.0
42,1,1767.0,347.0,50.0,129.0,1,1,1.0
43,1,1765.0,341.0,50.0,136.0,1,1,1.0
44,1,1764.0,339.0,47.0,139.0,1,1,1.0
45,1,1764.0,337.0,42.0,141.0,1,1,1.0
46,1,1763.0,334.0,37.0,143.0,1,1,1.0
48,1,1755.0,333.0,38.0,144.0,1,1,1.0
49,1,1746.0,333.0,45.0,144.0,1,1,1.0
50,1,1736.0,334.0,51.0,144.0,1,1,1.0
51,1,1728.0,334.0,57.0,144.0,1,1,1.0
52,1,1723.0,334.0,61.0,143.0,1,1,1.0
53,1,1720.0,334.0,62.0,143.0,1,1,1.0
54,1,1719.0,334.0,61.0,143.0,1,1,1.0
55,1,1719.0,333.0,57.0,144.0,1,1,1.0
56,1,1719.0,332.0,49.0,145.0,1,1,1.0
57,1,1719.0,331.0,43.0,146.0,1,1,1.0
58,1,1718.0,330.0,40.0,148.0,1,1,1.0
59,1,1715.0,330.0,42.0,149.0,1,1,1.0
60,1,1708.0,331.0,47.0,149.0,1,1,1.0
61,1,1700.0,332.0,56.0,148.0,1,1,1.0
62,1,1693.0,333.0,62.0,148.0,1,1,1.0
63,1,1689.0,334.0,61.0,148.0,1,1,1.0
64,1,1686.0,333.0,61.0,148.0,1,1,1.0
65,1,1685.0,333.0,54.0,149.0,1,1,1.0
66,1,1685.0,332.0,46.0,150.0,1,1,1.0
67,1,1683.0,332.0,43.0,150.0,1,1,1.0
68,1,1681.0,331.0,41.0,151.0,1,1,1.0
69,1,1675.0,331.0,42.0,151.0,1,1,1.0
70,1,1664.0,330.0,49.0,151.0,1,1,1.0
71,1,1652.0,331.0,57.0,152.0,1,1,1.0
72,1,1643.0,331.0,64.0,151.0,1,1,1.0
73,1,1636.0,332.0,70.0,150.0,1,1,1.0
74,1,1633.0,332.0,72.0,151.0,1,1,1.0
75,1,1632.0,331.0,72.0,151.0,1,1,1.0
76,1,1631.0,330.0,68.0,152.0,1,1,1.0
77,1,1631.0,329.0,62.0,153.0,1,1,1.0
78,1,1631.0,327.0,52.0,154.0,1,1,1.0
79,1,1630.0,327.0,46.0,155.0,1,1,1.0
80,1,1626.0,326.0,43.0,156.0,1,1,1.0
81,1,1620.0,326.0,46.0,156.0,1,1,1.0
82,1,1610.0,327.0,52.0,156.0,1,1,1.0
83,1,1600.0,328.0,61.0,155.0,1,1,1.0
84,1,1592.0,330.0,66.0,153.0,1,1,1.0
85,1,1588.0,330.0,68.0,154.0,1,1,1.0
86,1,1585.0,330.0,68.0,154.0,1,1,1.0
87,1,1584.0,329.0,63.0,155.0,1,1,1.0
88,1,1584.0,328.0,54.0,156.0,1,1,1.0
89,1,1583.0,327.0,46.0,157.0,1,1,1.0
90,1,1582.0,326.0,41.0,158.0,1,1,1.0
91,1,1573.0,326.0,45.0,158.0,1,1,1.0
92,1,1559.0,326.0,54.0,158.0,1,1,1.0
93,1,1540.0,327.0,70.0,157.0,1,1,1.0
94,1,1531.0,328.0,77.0,156.0,1,1,1.0
95,1,1527.0,328.0,81.0,156.0,1,1,1.0
96,1,1525.0,327.0,81.0,157.0,1,1,1.0
97,1,1524.0,326.0,77.0,157.0,1,1,1.0
98,1,1524.0,324.0,68.0,159.0,1,1,1.0
99,1,1524.0,323.0,57.0,159.0,1,1,1.0
100,1,1525.0,323.0,47.0,160.0,1,1,1.0
101,1,1522.0,323.0,43.0,161.0,1,1,1.0
102,1,1517.0,323.0,45.0,162.0,1,1,1.0
103,1,1505.0,324.0,54.0,162.0,1,1,1.0
104,1,1494.0,325.0,66.0,161.0,1,1,1.0
105,1,1485.0,327.0,73.0,160.0,1,1,1.0
106,1,1479.0,328.0,74.0,160.0,1,1,1.0
107,1,1475.0,328.0,75.0,160.0,1,1,1.0
108,1,1473.0,328.0,73.0,162.0,1,1,1.0
109,1,1473.0,327.0,64.0,163.0,1,1,1.0
110,1,1473.0,326.0,54.0,164.0,1,1,1.0
111,1,1470.0,324.0,47.0,165.0,1,1,1.0
112,1,1465.0,324.0,45.0,166.0,1,1,1.0
113,1,1455.0,324.0,50.0,166.0,1,1,1.0
114,1,1440.0,324.0,62.0,165.0,1,1,1.0
115,1,1425.0,325.0,76.0,164.0,1,1,1.0
116,1,1414.0,326.0,86.0,163.0,1,1,1.0
117,1,1409.0,327.0,92.0,162.0,1,1,1.0
118,1,1405.0,326.0,93.0,162.0,1,1,1.0
119,1,1404.0,326.0,88.0,162.0,1,1,1.0
120,1,1404.0,324.0,80.0,163.0,1,1,1.0
121,1,1404.0,323.0,68.0,165.0,1,1,1.0
122,1,1404.0,322.0,55.0,166.0,1,1,1.0
123,1,1403.0,321.0,46.0,168.0,1,1,1.0
124,1,1396.0,321.0,47.0,170.0,1,1,1.0
125,1,1383.0,321.0,54.0,170.0,1,1,1.0
126,1,1370.0,323.0,63.0,169.0,1,1,1.0
127,1,1359.0,324.0,72.0,167.0,1,1,1.0
128,1,1352.0,326.0,79.0,167.0,1,1,1.0
129,1,1347.0,327.0,83.0,167.0,1,1,1.0
130,1,1345.0,327.0,83.0,168.0,1,1,1.0
131,1,1344.0,326.0,77.0,169.0,1,1,1.0
132,1,1344.0,325.0,66.0,170.0,1,1,1.0
133,1,1344.0,324.0,52.0,171.0,1,1,1.0
134,1,1341.0,323.0,45.0,172.0,1,1,1.0
135,1,1329.0,323.0,50.0,172.0,1,1,1.0
136,1,1313.0,323.0,62.0,172.0,1,1,1.0
137,1,1294.0,324.0,79.0,171.0,1,1,1.0
138,1,1284.0,325.0,89.0,170.0,1,1,1.0
139,1,1277.0,326.0,94.0,168.0,1,1,1.0
140,1,1275.0,326.0,96.0,168.0,1,1,1.0
141,1,1274.0,326.0,93.0,168.0,1,1,1.0
142,1,1275.0,325.0,82.0,169.0,1,1,1.0
143,1,1275.0,323.0,71.0,171.0,1,1,1.0
144,1,1276.0,322.0,56.0,172.0,1,1,1.0
145,1,1276.0,322.0,44.0,174.0,1,1,1.0
146,1,1269.0,322.0,43.0,176.0,1,1,1.0
147,1,1254.0,322.0,54.0,177.0,1,1,1.0
148,1,1239.0,324.0,66.0,175.0,1,1,1.0
149,1,1225.0,326.0,80.0,174.0,1,1,1.0
150,1,1218.0,328.0,86.0,173.0,1,1,1.0
151,1,1214.0,328.0,89.0,173.0,1,1,1.0
152,1,1212.0,328.0,86.0,174.0,1,1,1.0
153,1,1211.0,328.0,77.0,175.0,1,1,1.0
154,1,1211.0,327.0,64.0,176.0,1,1,1.0
155,1,1211.0,325.0,50.0,177.0,1,1,1.0
156,1,1207.0,324.0,44.0,179.0,1,1,1.0
157,1,1192.0,324.0,52.0,178.0,1,1,1.0
158,1,1174.0,324.0,68.0,178.0,1,1,1.0
159,1,1157.0,326.0,83.0,177.0,1,1,1.0
160,1,1146.0,327.0,94.0,176.0,1,1,1.0
161,1,1140.0,329.0,100.0,174.0,1,1,1.0
162,1,1135.0,329.0,104.0,174.0,1,1,1.0
163,1,1134.0,328.0,101.0,175.0,1,1,1.0
164,1,1134.0,327.0,91.0,176.0,1,1,1.0
165,1,1135.0,326.0,77.0,177.0,1,1,1.0
166,1,1135.0,325.0,61.0,179.0,1,1,1.0
167,1,1134.0,323.0,47.0,182.0,1,1,1.0
168,1,1125.0,323.0,46.0,183.0,1,1,1.0
169,1,1108.0,324.0,60.0,182.0,1,1,1.0
170,1,1092.0,326.0,75.0,182.0,1,1,1.0
171,1,1078.0,328.0,88.0,180.0,1,1,1.0
172,1,1070.0,331.0,95.0,179.0,1,1,1.0
173,1,1065.0,332.0,100.0,179.0,1,1,1.0
174,1,1063.0,332.0,99.0,181.0,1,1,1.0
175,1,1063.0,332.0,88.0,182.0,1,1,1.0
176,1,1063.0,331.0,75.0,183.0,1,1,1.0
177,1,1056.0,329.0,68.0,184.0,1,1,1.0
178,1,1050.0,327.0,56.0,186.0,1,1,1.0
179,1,1040.0,327.0,58.0,186.0,1,1,1.0
180,1,1028.0,327.0,68.0,186.0,1,1,1.0
181,1,1012.0,328.0,82.0,185.0,1,1,1.0
182,1,999.0,330.0,95.0,184.0,1,1,1.0
183,1,992.0,331.0,102.0,182.0,1,1,1.0
184,1,991.0,333.0,101.0,180.0,1,1,1.0
185,1,990.0,332.0,97.0,179.0,1,1,1.0
186,1,989.0,332.0,86.0,179.0,1,1,1.0
187,1,989.0,331.0,74.0,180.0,1,1,1.0
188,1,986.0,330.0,62.0,180.0,1,1,1.0
189,1,982.0,329.0,51.0,182.0,1,1,1.0
190,1,974.0,329.0,51.0,181.0,1,1,1.0
191,1,958.0,330.0,63.0,183.0,1,1,1.0
192,1,944.0,332.0,75.0,183.0,1,1,1.0
193,1,929.0,333.0,88.0,184.0,1,1,1.0
194,1,920.0,335.0,97.0,183.0,1,1,1.0
195,1,917.0,337.0,99.0,181.0,1,1,1.0
196,1,915.0,338.0,96.0,181.0,1,1,1.0
197,1,914.0,338.0,85.0,182.0,1,1,1.0
198,1,913.0,337.0,73.0,184.0,1,1,1.0
199,1,910.0,336.0,60.0,183.0,1,1,1.0
200,1,903.0,335.0,50.0,186.0,1,1,1.0
201,1,886.0,334.0,59.0,187.0,1,1,1.0
202,1,869.0,336.0,73.0,187.0,1,1,1.0
203,1,854.0,337.0,88.0,186.0,1,1,1.0
204,1,845.0,339.0,97.0,185.0,1,1,1.0
205,1,840.0,341.0,101.0,185.0,1,1,1.0
206,1,837.0,342.0,105.0,186.0,1,1,1.0
207,1,836.0,342.0,101.0,186.0,1,1,1.0
208,1,835.0,341.0,91.0,187.0,1,1,1.0
209,1,835.0,341.0,77.0,187.0,1,1,1.0
210,1,832.0,340.0,64.0,187.0,1,1,1.0
211,1,824.0,340.0,55.0,188.0,1,1,1.0
212,1,816.0,341.0,57.0,190.0,1,1,1.0
213,1,804.0,342.0,67.0,192.0,1,1,1.0
214,1,787.0,343.0,82.0,191.0,1,1,1.0
215,1,773.0,345.0,95.0,192.0,1,1,1.0
216,1,765.0,346.0,102.0,191.0,1,1,1.0
217,1,761.0,348.0,102.0,191.0,1,1,1.0
218,1,760.0,349.0,92.0,191.0,1,1,1.0
220,1,756.0,348.0,69.0,191.0,1,1,1.0
221,1,746.0,347.0,57.0,192.0,1,1,1.0
222,1,734.0,348.0,62.0,191.0,1,1,1.0
223,1,723.0,348.0,71.0,191.0,1,1,1.0
224,1,706.0,349.0,87.0,191.0,1,1,1.0
225,1,693.0,351.0,99.0,190.0,1,1,1.0
226,1,685.0,352.0,106.0,189.0,1,1,1.0
227,1,681.0,353.0,108.0,189.0,1,1,1.0
228,1,677.0,352.0,103.0,189.0,1,1,1.0
229,1,675.0,352.0,93.0,189.0,1,1,1.0
230,1,672.0,352.0,81.0,190.0,1,1,1.0
231,1,666.0,351.0,69.0,191.0,1,1,1.0
232,1,659.0,351.0,62.0,192.0,1,1,1.0
233,1,652.0,352.0,64.0,194.0,1,1,1.0
234,1,640.0,352.0,75.0,195.0,1,1,1.0
235,1,625.0,354.0,90.0,194.0,1,1,1.0
236,1,611.0,356.0,102.0,194.0,1,1,1.0
237,1,605.0,358.0,107.0,193.0,1,1,1.0
238,1,601.0,358.0,106.0,194.0,1,1,1.0
240,1,599.0,358.0,83.0,194.0,1,1,1.0
241,1,599.0,357.0,53.0,195.0,1,1,1.0
242,1,594.0,357.0,49.0,196.0,1,1,1.0
243,1,586.0,358.0,53.0,195.0,1,1,1.0
244,1,572.0,359.0,66.0,194.0,1,1,1.0
245,1,554.0,361.0,83.0,192.0,1,1,1.0
246,1,540.0,363.0,97.0,190.0,1,1,1.0
247,1,533.0,365.0,104.0,188.0,1,1,1.0
248,1,528.0,366.0,107.0,188.0,1,1,1.0
249,1,526.0,366.0,101.0,188.0,1,1,1.0
250,1,526.0,366.0,88.0,187.0,1,1,1.0
251,1,525.0,365.0,74.0,188.0,1,1,1.0
252,1,519.0,364.0,62.0,189.0,1,1,1.0
253,1,509.0,363.0,59.0,191.0,1,1,1.0
254,1,498.0,363.0,65.0,193.0,1,1,1.0
255,1,485.0,364.0,74.0,193.0,1,1,1.0
256,1,469.0,366.0,90.0,192.0,1,1,1.0
257,1,456.0,368.0,102.0,190.0,1,1,1.0
258,1,448.0,371.0,109.0,189.0,1,1,1.0
259,1,444.0,372.0,109.0,189.0,1,1,1.0
260,1,447.0,372.0,97.0,187.0,1,1,1.0
261,1,445.0,371.0,85.0,189.0,1,1,1.0
262,1,442.0,370.0,73.0,191.0,1,1,1.0
263,1,436.0,369.0,59.0,192.0,1,1,1.0
264,1,428.0,369.0,53.0,192.0,1,1,1.0
265,1,420.0,370.0,58.0,190.0,1,1,1.0
266,1,403.0,371.0,74.0,190.0,1,1,1.0
267,1,390.0,372.0,86.0,188.0,1,1,1.0
268,1,383.0,374.0,92.0,187.0,1,1,1.0
269,1,377.0,375.0,97.0,186.0,1,1,1.0
270,1,375.0,375.0,95.0,187.0,1,1,1.0
271,1,372.0,375.0,85.0,187.0,1,1,1.0
272,1,371.0,376.0,72.0,185.0,1,1,1.0
273,1,366.0,375.0,63.0,186.0,1,1,1.0
274,1,360.0,375.0,56.0,187.0,1,1,1.0
275,1,353.0,375.0,58.0,188.0,1,1,1.0
276,1,342.0,375.0,68.0,189.0,1,1,1.0
277,1,327.0,376.0,82.0,188.0,1,1,1.0
278,1,314.0,378.0,94.0,186.0,1,1,1.0
279,1,308.0,381.0,99.0,184.0,1,1,1.0
280,1,306.0,382.0,98.0,183.0,1,1,1.0
281,1,305.0,381.0,89.0,184.0,1,1,1.0
283,1,299.0,379.0,67.0,186.0,1,1,1.0
284,1,295.0,381.0,56.0,185.0,1,1,1.0
285,1,288.0,380.0,51.0,186.0,1,1,1.0
286,1,283.0,380.0,54.0,185.0,1,1,1.0
287,1,268.0,384.0,67.0,181.0,1,1,1.0
288,1,257.0,385.0,76.0,180.0,1,1,1.0
289,1,252.0,386.0,81.0,179.0,1,1,1.0
290,1,249.0,386.0,83.0,179.0,1,1,1.0
291,1,246.0,387.0,80.0,179.0,1,1,1.0
293,1,237.0,386.0,68.0,181.0,1,1,1.0
294,1,231.0,386.0,61.0,181.0,1,1,1.0
295,1,224.0,387.0,55.0,180.0,1,1,1.0
296,1,220.0,388.0,55.0,180.0,1,1,1.0
297,1,212.0,388.0,62.0,180.0,1,1,1.0
298,1,200.0,390.0,73.0,178.0,1,1,1.0
299,1,192.0,393.0,81.0,175.0,1,1,1.0
300,1,188.0,394.0,85.0,174.0,1,1,1.0
301,1,186.0,393.0,85.0,175.0,1,1,1.0
302,1,183.0,390.0,82.0,179.0,1,1,1.0
303,1,177.0,392.0,78.0,177.0,1,1,1.0
304,1,173.0,391.0,73.0,179.0,1,1,1.0
305,1,168.0,390.0,63.0,179.0,1,1,1.0
306,1,165.0,390.0,55.0,179.0,1,1,1.0
307,1,161.0,391.0,54.0,178.0,1,1,1.0
308,1,158.0,392.0,56.0,177.0,1,1,1.0
309,1,153.0,392.0,60.0,176.0,1,1,1.0
310,1,148.0,393.0,64.0,176.0,1,1,1.0
311,1,146.0,393.0,65.0,175.0,1,1,1.0
312,1,142.0,393.0,64.0,174.0,1,1,1.0
313,1,136.0,393.0,62.0,174.0,1,1,1.0
314,1,132.0,393.0,58.0,173.0,1,1,1.0
315,1,128.0,393.0,52.0,173.0,1,1,1.0
316,1,124.0,393.0,51.0,174.0,1,1,1.0
317,1,120.0,393.0,54.0,174.0,1,1,1.0
318,1,115.0,394.0,59.0,174.0,1,1,1.0
319,1,107.0,396.0,66.0,173.0,1,1,1.0
320,1,101.0,397.0,72.0,172.0,1,1,1.0
321,1,97.0,398.0,75.0,171.0,1,1,1.0
322,1,96.0,400.0,76.0,171.0,1,1,1.0
323,1,94.0,400.0,73.0,170.0,1,1,1.0
324,1,90.0,400.0,68.0,170.0,1,1,1.0
325,1,86.0,400.0,64.0,170.0,1,1,1.0
326,1,83.0,399.0,63.0,171.0,1,1,1.0
327,1,79.0,399.0,52.0,172.0,1,1,1.0
328,1,74.0,401.0,50.0,170.0,1,1,1.0
329,1,72.0,401.0,50.0,170.0,1,1,1.0
330,1,68.0,401.0,53.0,169.0,1,1,1.0
332,1,62.0,403.0,57.0,168.0,1,1,1.0
333,1,59.0,403.0,59.0,168.0,1,1,1.0
337,1,45.0,403.0,49.0,166.0,1,1,1.0
338,1,42.0,403.0,45.0,167.0,1,1,1.0
339,1,35.0,403.0,51.0,168.0,1,1,1.0
341,1,29.0,404.0,57.0,170.0,1,1,1.0
342,1,22.0,405.0,63.0,170.0,1,1,1.0
343,1,19.0,407.0,66.0,169.0,1,1,1.0
344,1,16.0,408.0,68.0,168.0,1,1,1.0
345,1,13.0,409.0,71.0,168.0,1,1,1.0
346,1,7.0,409.0,76.0,169.0,1,1,1.0
347,1,5.0,409.0,73.0,168.0,1,1,1.0
348,1,4.0,410.0,68.0,167.0,1,1,1.0
349,1,1.0,409.0,64.0,168.0,1,1,1.0
350,1,0.0,409.0,58.0,169.0,1,1,1.0
351,1,0.0,408.0,54.0,169.0,1,1,1.0
352,1,0.0,408.0,52.0,169.0,1,1,1.0
353,1,0.0,409.0,47.0,168.0,1,1,1.0
354,1,0.0,412.0,45.0,165.0,1,1,1.0
355,1,0.0,412.0,43.0,164.0,1,1,1.0
356,1,0.0,411.0,41.0,164.0,1,1,1.0
357,1,0.0,411.0,42.0,165.0,1,1,1.0
358,1,0.0,409.0,41.0,164.0,1,1,1.0
359,1,0.0,407.0,42.0,164.0,1,1,1.0
360,1,0.0,406.0,44.0,164.0,1,1,1.0
361,1,0.0,405.0,44.0,164.0,1,1,1.0
362,1,0.0,404.0,45.0,164.0,1,1,1.0
363,1,2.0,403.0,44.0,165.0,1,1,1.0
364,1,5.0,403.0,42.0,165.0,1,1,1.0
365,1,8.0,403.0,40.0,165.0,1,1,1.0
366,1,11.0,403.0,39.0,166.0,1,1,1.0
367,1,13.0,403.0,38.0,165.0,1,1,1.0
369,1,16.0,402.0,52.0,165.0,1,1,1.0
370,1,17.0,401.0,56.0,166.0,1,1,1.0
372,1,24.0,398.0,47.0,158.0,1,1,1.0
373,1,27.0,396.0,40.0,161.0,1,1,1.0
374,1,31.0,395.0,38.0,160.0,1,1,1.0
375,1,34.0,394.0,40.0,160.0,1,1,1.0
376,1,37.0,392.0,42.0,160.0,1,1,1.0
377,1,41.0,391.0,48.0,160.0,1,1,1.0
378,1,44.0,391.0,56.0,161.0,1,1,1.0
379,1,48.0,391.0,62.0,161.0,1,1,1.0
380,1,51.0,391.0,66.0,161.0,1,1,1.0
381,1,52.0,391.0,69.0,161.0,1,1,1.0
382,1,53.0,390.0,70.0,161.0,1,1,1.0
383,1,54.0,388.0,70.0,161.0,1,1,1.0
384,1,60.0,387.0,65.0,160.0,1,1,1.0
385,1,66.0,385.0,59.0,158.0,1,1,1.0
386,1,75.0,382.0,50.0,159.0,1,1,1.0
387,1,82.0,381.0,43.0,159.0,1,1,1.0
388,1,87.0,380.0,38.0,160.0,1,1,1.0
389,1,92.0,379.0,43.0,161.0,1,1,1.0
390,1,97.0,380.0,50.0,161.0,1,1,1.0
391,1,100.0,379.0,58.0,161.0,1,1,1.0
392,1,101.0,380.0,65.0,161.0,1,1,1.0
393,1,102.0,380.0,70.0,161.0,1,1,1.0
394,1,102.0,379.0,74.0,160.0,1,1,1.0
395,1,105.0,378.0,73.0,160.0,1,1,1.0
396,1,112.0,375.0,66.0,160.0,1,1,1.0
397,1,122.0,373.0,57.0,160.0,1,1,1.0
398,1,131.0,371.0,48.0,159.0,1,1,1.0
399,1,137.0,369.0,43.0,158.0,1,1,1.0
400,1,143.0,369.0,47.0,158.0,1,1,1.0
401,1,146.0,369.0,58.0,159.0,1,1,1.0
402,1,149.0,369.0,68.0,158.0,1,1,1.0
403,1,151.0,369.0,75.0,158.0,1,1,1.0
404,1,153.0,368.0,78.0,158.0,1,1,1.0
405,1,155.0,369.0,77.0,156.0,1,1,1.0
406,1,161.0,367.0,72.0,155.0,1,1,1.0
407,1,169.0,365.0,64.0,154.0,1,1,1.0
408,1,179.0,364.0,54.0,155.0,1,1,1.0
409,1,187.0,363.0,46.0,155.0,1,1,1.0
410,1,191.0,364.0,41.0,155.0,1,1,1.0
411,1,197.0,362.0,45.0,156.0,1,1,1.0
412,1,201.0,361.0,55.0,157.0,1,1,1.0
413,1,201.0,359.0,67.0,160.0,1,1,1.0
414,1,205.0,361.0,71.0,158.0,1,1,1.0
415,1,207.0,359.0,74.0,159.0,1,1,1.0
416,1,210.0,360.0,73.0,157.0,1,1,1.0
417,1,217.0,360.0,67.0,155.0,1,1,1.0
418,1,226.0,367.0,58.0,146.0,1,1,1.0
419,1,236.0,368.0,46.0,143.0,1,1,1.0
420,1,242.0,358.0,44.0,150.0,1,1,1.0
421,1,249.0,355.0,44.0,152.0,1,1,1.0
422,1,252.0,352.0,54.0,154.0,1,1,1.0
423,1,255.0,353.0,65.0,154.0,1,1,1.0
424,1,257.0,353.0,74.0,154.0,1,1,1.0
425,1,258.0,353.0,78.0,153.0,1,1,1.0
426,1,259.0,352.0,79.0,153.0,1,1,1.0
427,1,264.0,353.0,75.0,152.0,1,1,1.0
428,1,271.0,351.0,67.0,151.0,1,1,1.0
429,1,281.0,349.0,57.0,152.0,1,1,1.0
430,1,290.0,346.0,48.0,153.0,1,1,1.0
431,1,296.0,345.0,42.0,154.0,1,1,1.0
432,1,301.0,345.0,42.0,155.0,1,1,1.0
433,1,306.0,345.0,42.0,155.0,1,1,1.0
434,1,310.0,345.0,56.0,155.0,1,1,1.0
435,1,312.0,345.0,65.0,155.0,1,1,1.0
436,1,313.0,345.0,69.0,154.0,1,1,1.0
437,1,314.0,345.0,72.0,154.0,1,1,1.0
438,1,317.0,344.0,71.0,153.0,1,1,1.0
439,1,323.0,344.0,65.0,152.0,1,1,1.0
440,1,332.0,341.0,56.0,153.0,1,1,1.0
441,1,339.0,341.0,49.0,150.0,1,1,1.0
442,1,341.0,338.0,50.0,150.0,1,1,1.0
443,1,344.0,338.0,51.0,149.0,1,1,1.0
444,1,348.0,336.0,58.0,150.0,1,1,1.0
445,1,353.0,336.0,65.0,150.0,1,1,1.0
446,1,355.0,337.0,73.0,150.0,1,1,1.0
447,1,358.0,337.0,76.0,149.0,1,1,1.0
448,1,361.0,337.0,77.0,149.0,1,1,1.0
449,1,363.0,336.0,77.0,149.0,1,1,1.0
450,1,365.0,334.0,75.0,150.0,1,1,1.0
451,1,371.0,333.0,69.0,149.0,1,1,1.0
452,1,379.0,332.0,61.0,147.0,1,1,1.0
453,1,388.0,332.0,51.0,146.0,1,1,1.0
454,1,396.0,330.0,43.0,147.0,1,1,1.0
456,1,404.0,332.0,51.0,145.0,1,1,1.0
457,1,408.0,329.0,52.0,148.0,1,1,1.0
458,1,411.0,328.0,57.0,150.0,1,1,1.0
459,1,414.0,328.0,61.0,150.0,1,1,1.0
460,1,415.0,328.0,64.0,150.0,1,1,1.0
461,1,415.0,328.0,66.0,149.0,1,1,1.0
462,1,417.0,326.0,65.0,148.0,1,1,1.0
463,1,425.0,326.0,57.0,146.0,1,1,1.0
464,1,433.0,325.0,49.0,146.0,1,1,1.0
465,1,440.0,323.0,44.0,145.0,1,1,1.0
466,1,444.0,322.0,46.0,145.0,1,1,1.0
467,1,448.0,321.0,49.0,145.0,1,1,1.0
468,1,452.0,321.0,56.0,145.0,1,1,1.0
469,1,455.0,322.0,64.0,145.0,1,1,1.0
470,1,457.0,322.0,70.0,145.0,1,1,1.0
471,1,458.0,322.0,73.0,145.0,1,1,1.0
472,1,459.0,322.0,74.0,144.0,1,1,1.0
473,1,462.0,321.0,72.0,144.0,1,1,1.0
474,1,467.0,320.0,68.0,143.0,1,1,1.0
475,1,474.0,318.0,60.0,143.0,1,1,1.0
476,1,483.0,317.0,51.0,143.0,1,1,1.0
477,1,489.0,315.0,45.0,145.0,1,1,1.0
478,1,493.0,314.0,41.0,146.0,1,1,1.0
479,1,498.0,313.0,41.0,146.0,1,1,1.0
480,1,503.0,314.0,49.0,150.0,1,1,1.0
481,1,507.0,314.0,55.0,147.0,1,1,1.0
482,1,510.0,316.0,61.0,145.0,1,1,1.0
483,1,511.0,317.0,64.0,142.0,1,1,1.0
484,1,512.0,317.0,66.0,141.0,1,1,1.0
485,1,515.0,316.0,63.0,141.0,1,1,1.0
486,1,524.0,315.0,54.0,139.0,1,1,1.0
487,1,532.0,313.0,45.0,151.0,1,1,1.0
488,1,537.0,311.0,45.0,143.0,1,1,1.0
489,1,542.0,311.0,45.0,140.0,1,1,1.0
490,1,547.0,310.0,48.0,138.0,1,1,1.0
491,1,552.0,311.0,57.0,138.0,1,1,1.0
492,1,554.0,310.0,66.0,138.0,1,1,1.0
493,1,554.0,310.0,72.0,138.0,1,1,1.0
494,1,555.0,311.0,74.0,138.0,1,1,1.0
495,1,557.0,310.0,74.0,138.0,1,1,1.0
496,1,563.0,308.0,68.0,138.0,1,1,1.0
497,1,570.0,308.0,61.0,136.0,1,1,1.0
498,1,579.0,306.0,51.0,136.0,1,1,1.0
499,1,587.0,304.0,51.0,137.0,1,1,1.0
500,1,593.0,303.0,48.0,138.0,1,1,1.0
501,1,598.0,303.0,50.0,139.0,1,1,1.0
502,1,602.0,302.0,52.0,139.0,1,1,1.0
503,1,606.0,302.0,54.0,140.0,1,1,1.0
504,1,608.0,302.0,58.0,139.0,1,1,1.0
505,1,609.0,303.0,61.0,138.0,1,1,1.0
506,1,610.0,303.0,63.0,138.0,1,1,1.0
507,1,613.0,304.0,61.0,136.0,1,1,1.0
508,1,621.0,302.0,53.0,136.0,1,1,1.0
509,1,629.0,300.0,46.0,136.0,1,1,1.0
510,1,636.0,300.0,42.0,135.0,1,1,1.0
511,1,642.0,298.0,41.0,135.0,1,1,1.0
512,1,645.0,298.0,44.0,135.0,1,1,1.0
513,1,649.0,298.0,52.0,135.0,1,1,1.0
514,1,651.0,298.0,59.0,135.0,1,1,1.0
515,1,653.0,298.0,64.0,135.0,1,1,1.0
516,1,654.0,299.0,67.0,134.0,1,1,1.0
517,1,655.0,298.0,67.0,133.0,1,1,1.0
518,1,659.0,297.0,63.0,133.0,1,1,1.0
519,1,666.0,296.0,56.0,131.0,1,1,1.0
520,1,674.0,294.0,48.0,132.0,1,1,1.0
521,1,680.0,295.0,42.0,131.0,1,1,1.0
522,1,683.0,295.0,42.0,130.0,1,1,1.0
523,1,688.0,295.0,47.0,131.0,1,1,1.0
524,1,692.0,296.0,50.0,130.0,1,1,1.0
525,1,696.0,294.0,54.0,131.0,1,1,1.0
526,1,698.0,295.0,56.0,130.0,1,1,1.0
527,1,700.0,295.0,57.0,130.0,1,1,1.0
528,1,701.0,294.0,56.0,130.0,1,1,1.0
529,1,704.0,293.0,52.0,131.0,1,1,1.0
530,1,710.0,291.0,44.0,131.0,1,1,1.0
531,1,715.0,290.0,40.0,130.0,1,1,1.0
532,1,719.0,289.0,38.0,129.0,1,1,1.0
533,1,722.0,288.0,38.0,130.0,1,1,1.0
534,1,726.0,288.0,41.0,129.0,1,1,1.0
535,1,728.0,288.0,48.0,130.0,1,1,1.0
536,1,729.0,288.0,54.0,129.0,1,1,1.0
537,1,727.0,288.0,61.0,128.0,1,1,1.0
538,1,729.0,287.0,61.0,129.0,1,1,1.0
539,1,731.0,288.0,60.0,126.0,1,1,1.0
540,1,735.0,289.0,56.0,125.0,1,1,1.0
541,1,741.0,287.0,50.0,126.0,1,1,1.0
542,1,746.0,285.0,45.0,126.0,1,1,1.0
543,1,752.0,285.0,44.0,126.0,1,1,1.0
544,1,761.0,285.0,38.0,126.0,1,1,1.0
545,1,766.0,290.0,39.0,120.0,1,1,1.0
546,1,768.0,287.0,41.0,123.0,1,1,1.0
547,1,769.0,286.0,47.0,125.0,1,1,1.0
548,1,770.0,287.0,52.0,125.0,1,1,1.0
549,1,770.0,287.0,56.0,124.0,1,1,1.0
550,1,771.0,287.0,57.0,124.0,1,1,1.0
551,1,772.0,286.0,57.0,124.0,1,1,1.0
552,1,777.0,283.0,53.0,126.0,1,1,1.0
553,1,784.0,282.0,45.0,125.0,1,1,1.0
554,1,791.0,282.0,39.0,124.0,1,1,1.0
555,1,799.0,282.0,36.0,124.0,1,1,1.0
556,1,804.0,282.0,35.0,124.0,1,1,1.0
557,1,805.0,283.0,42.0,123.0,1,1,1.0
558,1,807.0,282.0,50.0,125.0,1,1,1.0
559,1,808.0,283.0,57.0,124.0,1,1,1.0
560,1,809.0,284.0,61.0,124.0,1,1,1.0
561,1,811.0,283.0,60.0,125.0,1,1,1.0
562,1,817.0,284.0,54.0,125.0,1,1,1.0
563,1,824.0,283.0,46.0,126.0,1,1,1.0
564,1,835.0,282.0,36.0,127.0,1,1,1.0
565,1,842.0,282.0,34.0,128.0,1,1,1.0
566,1,846.0,281.0,36.0,129.0,1,1,1.0
567,1,849.0,281.0,40.0,129.0,1,1,1.0
568,1,851.0,281.0,46.0,129.0,1,1,1.0
569,1,851.0,282.0,56.0,127.0,1,1,1.0
570,1,851.0,283.0,63.0,126.0,1,1,1.0
571,1,852.0,284.0,66.0,125.0,1,1,1.0
572,1,851.0,284.0,69.0,126.0,1,1,1.0
573,1,854.0,283.0,67.0,126.0,1,1,1.0
574,1,861.0,282.0,61.0,126.0,1,1,1.0
575,1,870.0,281.0,51.0,127.0,1,1,1.0
576,1,878.0,281.0,44.0,127.0,1,1,1.0
577,1,883.0,281.0,42.0,127.0,1,1,1.0
578,1,886.0,281.0,48.0,127.0,1,1,1.0
579,1,887.0,282.0,50.0,128.0,1,1,1.0
580,1,889.0,283.0,50.0,128.0,1,1,1.0
581,1,890.0,284.0,52.0,128.0,1,1,1.0
582,1,893.0,285.0,51.0,128.0,1,1,1.0
583,1,897.0,285.0,48.0,129.0,1,1,1.0
584,1,903.0,285.0,42.0,129.0,1,1,1.0
585,1,909.0,285.0,37.0,129.0,1,1,1.0
586,1,913.0,284.0,36.0,130.0,1,1,1.0
587,1,916.0,283.0,37.0,131.0,1,1,1.0
588,1,919.0,283.0,37.0,131.0,1,1,1.0
589,1,921.0,284.0,39.0,131.0,1,1,1.0
590,1,924.0,285.0,42.0,131.0,1,1,1.0
591,1,925.0,286.0,48.0,131.0,1,1,1.0
592,1,926.0,287.0,52.0,130.0,1,1,1.0
593,1,926.0,288.0,54.0,131.0,1,1,1.0
594,1,927.0,288.0,54.0,132.0,1,1,1.0
595,1,932.0,288.0,49.0,133.0,1,1,1.0
596,1,937.0,287.0,44.0,133.0,1,1,1.0
597,1,943.0,287.0,40.0,133.0,1,1,1.0
598,1,946.0,287.0,39.0,133.0,1,1,1.0
599,1,947.0,287.0,41.0,135.0,1,1,1.0
600,1,948.0,288.0,46.0,136.0,1,1,1.0
601,1,949.0,288.0,50.0,137.0,1,1,1.0
602,1,951.0,290.0,53.0,136.0,1,1,1.0
603,1,954.0,291.0,52.0,137.0,1,1,1.0
604,1,958.0,292.0,49.0,137.0,1,1,1.0
605,1,965.0,292.0,44.0,137.0,1,1,1.0
606,1,971.0,291.0,42.0,138.0,1,1,1.0
607,1,975.0,291.0,41.0,138.0,1,1,1.0
608,1,979.0,290.0,42.0,139.0,1,1,1.0
609,1,983.0,290.0,43.0,139.0,1,1,1.0
610,1,986.0,291.0,47.0,139.0,1,1,1.0
611,1,987.0,292.0,55.0,138.0,1,1,1.0
612,1,987.0,293.0,64.0,138.0,1,1,1.0
613,1,987.0,294.0,69.0,139.0,1,1,1.0
614,1,988.0,294.0,69.0,140.0,1,1,1.0
615,1,991.0,293.0,67.0,140.0,1,1,1.0
616,1,998.0,293.0,60.0,141.0,1,1,1.0
617,1,1007.0,292.0,51.0,141.0,1,1,1.0
618,1,1018.0,292.0,41.0,142.0,1,1,1.0
619,1,1027.0,292.0,35.0,143.0,1,1,1.0
620,1,1032.0,292.0,36.0,145.0,1,1,1.0
621,1,1035.0,293.0,40.0,145.0,1,1,1.0
622,1,1036.0,294.0,47.0,145.0,1,1,1.0
623,1,1037.0,295.0,51.0,145.0,1,1,1.0
624,1,1036.0,296.0,54.0,145.0,1,1,1.0
625,1,1042.0,295.0,48.0,146.0,1,1,1.0
626,1,1052.0,295.0,40.0,146.0,1,1,1.0
627,1,1058.0,294.0,36.0,147.0,1,1,1.0
628,1,1062.0,294.0,35.0,147.0,1,1,1.0
629,1,1065.0,294.0,37.0,147.0,1,1,1.0
630,1,1068.0,294.0,40.0,147.0,1,1,1.0
631,1,1069.0,295.0,49.0,147.0,1,1,1.0
632,1,1069.0,296.0,61.0,147.0,1,1,1.0
633,1,1068.0,297.0,68.0,147.0,1,1,1.0
634,1,1069.0,298.0,71.0,148.0,1,1,1.0
635,1,1071.0,300.0,71.0,148.0,1,1,1.0
636,1,1075.0,300.0,67.0,148.0,1,1,1.0
637,1,1081.0,299.0,61.0,149.0,1,1,1.0
638,1,1090.0,299.0,53.0,150.0,1,1,1.0
639,1,1101.0,299.0,45.0,150.0,1,1,1.0
640,1,1110.0,299.0,42.0,150.0,1,1,1.0
641,1,1115.0,300.0,42.0,151.0,1,1,1.0
642,1,1118.0,301.0,46.0,151.0,1,1,1.0
643,1,1119.0,303.0,54.0,150.0,1,1,1.0
644,1,1119.0,304.0,60.0,150.0,1,1,1.0
645,1,1120.0,305.0,63.0,151.0,1,1,1.0
646,1,1121.0,305.0,62.0,152.0,1,1,1.0
647,1,1129.0,304.0,55.0,153.0,1,1,1.0
648,1,1141.0,304.0,43.0,153.0,1,1,1.0
649,1,1149.0,303.0,37.0,154.0,1,1,1.0
650,1,1154.0,302.0,38.0,154.0,1,1,1.0
651,1,1158.0,303.0,39.0,154.0,1,1,1.0
652,1,1161.0,303.0,46.0,155.0,1,1,1.0
653,1,1161.0,304.0,58.0,154.0,1,1,1.0
654,1,1160.0,305.0,69.0,153.0,1,1,1.0
655,1,1160.0,307.0,77.0,153.0,1,1,1.0
656,1,1160.0,308.0,81.0,153.0,1,1,1.0
657,1,1160.0,308.0,83.0,155.0,1,1,1.0
658,1,1167.0,308.0,76.0,155.0,1,1,1.0
659,1,1177.0,307.0,67.0,156.0,1,1,1.0
660,1,1188.0,306.0,57.0,157.0,1,1,1.0
661,1,1199.0,305.0,48.0,158.0,1,1,1.0
662,1,1210.0,304.0,41.0,160.0,1,1,1.0
663,1,1217.0,305.0,41.0,162.0,1,1,1.0
664,1,1219.0,305.0,47.0,164.0,1,1,1.0
665,1,1220.0,307.0,57.0,161.0,1,1,1.0
666,1,1220.0,309.0,64.0,162.0,1,1,1.0
667,1,1219.0,311.0,70.0,163.0,1,1,1.0
668,1,1221.0,312.0,71.0,164.0,1,1,1.0
669,1,1225.0,312.0,67.0,164.0,1,1,1.0
670,1,1242.0,312.0,50.0,164.0,1,1,1.0
671,1,1253.0,312.0,39.0,165.0,1,1,1.0
672,1,1261.0,312.0,37.0,165.0,1,1,1.0
673,1,1265.0,312.0,40.0,165.0,1,1,1.0
674,1,1269.0,312.0,42.0,165.0,1,1,1.0
675,1,1269.0,313.0,55.0,165.0,1,1,1.0
676,1,1269.0,315.0,71.0,165.0,1,1,1.0
677,1,1269.0,318.0,81.0,165.0,1,1,1.0
678,1,1268.0,320.0,88.0,165.0,1,1,1.0
679,1,1269.0,322.0,90.0,166.0,1,1,1.0
680,1,1274.0,323.0,87.0,167.0,1,1,1.0
681,1,1281.0,323.0,80.0,167.0,1,1,1.0
682,1,1293.0,323.0,69.0,167.0,1,1,1.0
683,1,1307.0,322.0,58.0,168.0,1,1,1.0
684,1,1322.0,321.0,48.0,170.0,1,1,1.0
685,1,1331.0,321.0,47.0,173.0,1,1,1.0
686,1,1334.0,322.0,55.0,176.0,1,1,1.0
687,1,1335.0,325.0,67.0,175.0,1,1,1.0
688,1,1335.0,327.0,77.0,175.0,1,1,1.0
689,1,1336.0,329.0,82.0,175.0,1,1,1.0
690,1,1338.0,331.0,82.0,175.0,1,1,1.0
691,1,1337.0,332.0,85.0,175.0,1,1,1.0
692,1,1366.0,332.0,56.0,175.0,1,1,1.0
693,1,1383.0,331.0,43.0,176.0,1,1,1.0
694,1,1390.0,330.0,58.0,177.0,1,1,1.0
695,1,1395.0,331.0,55.0,177.0,1,1,1.0
696,1,1396.0,332.0,61.0,176.0,1,1,1.0
697,1,1396.0,334.0,73.0,176.0,1,1,1.0
698,1,1397.0,337.0,84.0,176.0,1,1,1.0
699,1,1396.0,339.0,94.0,176.0,1,1,1.0
700,1,1396.0,341.0,97.0,176.0,1,1,1.0
701,1,1400.0,341.0,95.0,177.0,1,1,1.0
702,1,1410.0,341.0,85.0,177.0,1,1,1.0
703,1,1424.0,341.0,73.0,178.0,1,1,1.0
704,1,1439.0,340.0,60.0,179.0,1,1,1.0
