1,1,870.0,0.0,44.0,83.0,1,1,1.0
2,1,870.0,0.0,41.0,83.0,1,1,1.0
3,1,871.0,0.0,37.0,86.0,1,1,1.0
4,1,872.0,0.0,35.0,87.0,1,1,1.0
5,1,873.0,0.0,34.0,88.0,1,1,1.0
6,1,873.0,0.0,33.0,89.0,1,1,1.0
7,1,874.0,0.0,34.0,89.0,1,1,1.0
8,1,874.0,0.0,35.0,89.0,1,1,1.0
9,1,875.0,0.0,36.0,89.0,1,1,1.0
10,1,875.0,0.0,37.0,89.0,1,1,1.0
11,1,875.0,0.0,39.0,89.0,1,1,1.0
12,1,875.0,0.0,41.0,89.0,1,1,1.0
13,1,875.0,0.0,44.0,89.0,1,1,1.0
14,1,874.0,0.0,46.0,89.0,1,1,1.0
15,1,874.0,0.0,48.0,89.0,1,1,1.0
16,1,873.0,0.0,48.0,89.0,1,1,1.0
17,1,873.0,0.0,48.0,90.0,1,1,1.0
18,1,873.0,0.0,47.0,90.0,1,1,1.0
19,1,873.0,0.0,46.0,90.0,1,1,1.0
20,1,872.0,0.0,44.0,90.0,1,1,1.0
21,1,872.0,0.0,43.0,91.0,1,1,1.0
22,1,872.0,0.0,41.0,91.0,1,1,1.0
23,1,872.0,0.0,41.0,91.0,1,1,1.0
24,1,871.0,0.0,41.0,91.0,1,1,1.0
25,1,871.0,0.0,42.0,90.0,1,1,1.0
26,1,871.0,0.0,42.0,92.0,1,1,1.0
27,1,871.0,0.0,43.0,93.0,1,1,1.0
28,1,871.0,0.0,43.0,93.0,1,1,1.0
29,1,872.0,0.0,42.0,93.0,1,1,1.0
30,1,872.0,0.0,43.0,95.0,1,1,1.0
31,1,872.0,0.0,42.0,97.0,1,1,1.0
32,1,873.0,0.0,42.0,97.0,1,1,1.0
33,1,873.0,0.0,43.0,98.0,1,1,1.0
34,1,874.0,0.0,42.0,98.0,1,1,1.0
35,1,874.0,0.0,42.0,98.0,1,1,1.0
36,1,874.0,0.0,43.0,98.0,1,1,1.0
37,1,875.0,0.0,43.0,99.0,1,1,1.0
38,1,874.0,0.0,44.0,99.0,1,1,1.0
39,1,874.0,0.0,44.0,101.0,1,1,1.0
40,1,874.0,0.0,44.0,102.0,1,1,1.0
41,1,875.0,0.0,43.0,103.0,1,1,1.0
42,1,875.0,0.0,43.0,104.0,1,1,1.0
43,1,875.0,0.0,42.0,104.0,1,1,1.0
44,1,875.0,0.0,43.0,105.0,1,1,1.0
45,1,875.0,0.0,45.0,105.0,1,1,1.0
46,1,875.0,0.0,46.0,105.0,1,1,1.0
47,1,875.0,0.0,47.0,105.0,1,1,1.0
48,1,874.0,0.0,48.0,105.0,1,1,1.0
49,1,873.0,0.0,49.0,106.0,1,1,1.0
50,1,873.0,0.0,49.0,107.0,1,1,1.0
51,1,873.0,0.0,49.0,108.0,1,1,1.0
52,1,873.0,0.0,49.0,110.0,1,1,1.0
53,1,874.0,0.0,48.0,111.0,1,1,1.0
54,1,875.0,0.0,47.0,111.0,1,1,1.0
55,1,875.0,0.0,47.0,112.0,1,1,1.0
56,1,876.0,0.0,47.0,112.0,1,1,1.0
57,1,877.0,0.0,46.0,112.0,1,1,1.0
58,1,877.0,0.0,46.0,112.0,1,1,1.0
59,1,877.0,0.0,46.0,112.0,1,1,1.0
60,1,876.0,0.0,46.0,113.0,1,1,1.0
61,1,875.0,0.0,46.0,114.0,1,1,1.0
62,1,875.0,0.0,46.0,116.0,1,1,1.0
63,1,875.0,0.0,46.0,117.0,1,1,1.0
64,1,875.0,0.0,46.0,118.0,1,1,1.0
65,1,874.0,0.0,46.0,119.0,1,1,1.0
66,1,874.0,0.0,45.0,119.0,1,1,1.0
67,1,872.0,0.0,47.0,120.0,1,1,1.0
68,1,871.0,0.0,48.0,120.0,1,1,1.0
69,1,870.0,0.0,49.0,120.0,1,1,1.0
70,1,869.0,0.0,50.0,120.0,1,1,1.0
71,1,868.0,0.0,51.0,122.0,1,1,1.0
72,1,867.0,0.0,52.0,123.0,1,1,1.0
73,1,867.0,0.0,52.0,124.0,1,1,1.0
74,1,867.0,1.0,51.0,124.0,1,1,1.0
75,1,867.0,1.0,50.0,124.0,1,1,1.0
76,1,868.0,2.0,48.0,125.0,1,1,1.0
77,1,868.0,1.0,47.0,126.0,1,1,1.0
78,1,868.0,1.0,46.0,126.0,1,1,1.0
79,1,868.0,1.0,48.0,127.0,1,1,1.0
80,1,867.0,0.0,49.0,127.0,1,1,1.0
81,1,867.0,0.0,51.0,127.0,1,1,1.0
82,1,866.0,0.0,53.0,128.0,1,1,1.0
83,1,866.0,1.0,54.0,129.0,1,1,1.0
84,1,865.0,2.0,55.0,130.0,1,1,1.0
85,1,864.0,3.0,54.0,130.0,1,1,1.0
86,1,863.0,5.0,55.0,130.0,1,1,1.0
87,1,862.0,6.0,54.0,130.0,1,1,1.0
88,1,862.0,5.0,52.0,130.0,1,1,1.0
89,1,861.0,5.0,52.0,131.0,1,1,1.0
90,1,861.0,4.0,52.0,131.0,1,1,1.0
91,1,860.0,4.0,52.0,132.0,1,1,1.0
92,1,859.0,3.0,53.0,133.0,1,1,1.0
93,1,858.0,3.0,54.0,133.0,1,1,1.0
94,1,857.0,4.0,55.0,134.0,1,1,1.0
95,1,857.0,5.0,55.0,135.0,1,1,1.0
96,1,858.0,7.0,54.0,135.0,1,1,1.0
97,1,859.0,8.0,53.0,136.0,1,1,1.0
98,1,860.0,9.0,52.0,136.0,1,1,1.0
99,1,860.0,9.0,52.0,136.0,1,1,1.0
100,1,860.0,9.0,53.0,136.0,1,1,1.0
101,1,860.0,9.0,53.0,136.0,1,1,1.0
102,1,860.0,8.0,53.0,137.0,1,1,1.0
103,1,860.0,8.0,52.0,137.0,1,1,1.0
104,1,860.0,8.0,52.0,138.0,1,1,1.0
105,1,861.0,8.0,52.0,140.0,1,1,1.0
106,1,861.0,9.0,52.0,141.0,1,1,1.0
107,1,861.0,10.0,51.0,142.0,1,1,1.0
108,1,859.0,12.0,52.0,142.0,1,1,1.0
109,1,859.0,14.0,52.0,141.0,1,1,1.0
110,1,857.0,14.0,52.0,140.0,1,1,1.0
111,1,856.0,14.0,53.0,141.0,1,1,1.0
112,1,856.0,14.0,53.0,142.0,1,1,1.0
113,1,856.0,13.0,53.0,143.0,1,1,1.0
114,1,856.0,12.0,52.0,144.0,1,1,1.0
115,1,856.0,12.0,52.0,145.0,1,1,1.0
116,1,856.0,12.0,51.0,146.0,1,1,1.0
117,1,855.0,14.0,53.0,147.0,1,1,1.0
118,1,854.0,16.0,55.0,147.0,1,1,1.0
119,1,852.0,17.0,58.0,148.0,1,1,1.0
120,1,850.0,18.0,61.0,148.0,1,1,1.0
121,1,847.0,19.0,63.0,148.0,1,1,1.0
122,1,846.0,19.0,64.0,149.0,1,1,1.0
123,1,845.0,18.0,64.0,149.0,1,1,1.0
124,1,844.0,18.0,64.0,150.0,1,1,1.0
125,1,845.0,17.0,63.0,150.0,1,1,1.0
126,1,845.0,17.0,63.0,151.0,1,1,1.0
127,1,846.0,18.0,62.0,153.0,1,1,1.0
128,1,847.0,18.0,61.0,156.0,1,1,1.0
129,1,847.0,20.0,60.0,156.0,1,1,1.0
130,1,847.0,22.0,60.0,156.0,1,1,1.0
131,1,846.0,23.0,60.0,157.0,1,1,1.0
132,1,845.0,23.0,60.0,157.0,1,1,1.0
133,1,843.0,23.0,61.0,157.0,1,1,1.0
134,1,842.0,22.0,62.0,158.0,1,1,1.0
135,1,840.0,22.0,63.0,158.0,1,1,1.0
136,1,839.0,22.0,64.0,158.0,1,1,1.0
137,1,839.0,22.0,64.0,159.0,1,1,1.0
138,1,838.0,23.0,64.0,161.0,1,1,1.0
139,1,839.0,24.0,64.0,162.0,1,1,1.0
140,1,839.0,27.0,63.0,162.0,1,1,1.0
141,1,840.0,28.0,63.0,162.0,1,1,1.0
142,1,841.0,29.0,62.0,162.0,1,1,1.0
143,1,842.0,29.0,62.0,163.0,1,1,1.0
144,1,843.0,28.0,62.0,163.0,1,1,1.0
145,1,843.0,28.0,64.0,164.0,1,1,1.0
146,1,844.0,27.0,65.0,164.0,1,1,1.0
147,1,845.0,27.0,66.0,166.0,1,1,1.0
148,1,846.0,28.0,67.0,168.0,1,1,1.0
149,1,846.0,29.0,68.0,170.0,1,1,1.0
150,1,846.0,30.0,68.0,172.0,1,1,1.0
151,1,845.0,32.0,68.0,172.0,1,1,1.0
152,1,844.0,33.0,68.0,172.0,1,1,1.0
153,1,843.0,33.0,67.0,172.0,1,1,1.0
154,1,842.0,33.0,66.0,173.0,1,1,1.0
155,1,841.0,33.0,67.0,173.0,1,1,1.0
156,1,840.0,33.0,67.0,173.0,1,1,1.0
157,1,839.0,32.0,68.0,174.0,1,1,1.0
158,1,838.0,32.0,69.0,176.0,1,1,1.0
159,1,838.0,34.0,70.0,178.0,1,1,1.0
160,1,838.0,37.0,70.0,179.0,1,1,1.0
161,1,838.0,39.0,70.0,179.0,1,1,1.0
162,1,839.0,40.0,69.0,179.0,1,1,1.0
163,1,839.0,40.0,69.0,181.0,1,1,1.0
164,1,839.0,41.0,70.0,182.0,1,1,1.0
165,1,838.0,40.0,71.0,183.0,1,1,1.0
166,1,837.0,40.0,72.0,183.0,1,1,1.0
167,1,836.0,40.0,74.0,183.0,1,1,1.0
168,1,836.0,40.0,74.0,183.0,1,1,1.0
169,1,835.0,40.0,75.0,183.0,1,1,1.0
170,1,834.0,41.0,75.0,184.0,1,1,1.0
171,1,833.0,44.0,75.0,184.0,1,1,1.0
172,1,832.0,46.0,75.0,187.0,1,1,1.0
173,1,829.0,48.0,75.0,189.0,1,1,1.0
174,1,827.0,49.0,77.0,191.0,1,1,1.0
175,1,824.0,50.0,78.0,191.0,1,1,1.0
176,1,822.0,49.0,78.0,192.0,1,1,1.0
177,1,821.0,49.0,78.0,193.0,1,1,1.0
178,1,820.0,48.0,78.0,193.0,1,1,1.0
179,1,820.0,48.0,78.0,193.0,1,1,1.0
180,1,820.0,48.0,78.0,195.0,1,1,1.0
181,1,819.0,50.0,77.0,198.0,1,1,1.0
182,1,820.0,53.0,76.0,199.0,1,1,1.0
183,1,820.0,56.0,74.0,199.0,1,1,1.0
184,1,820.0,60.0,73.0,199.0,1,1,1.0
185,1,820.0,61.0,72.0,199.0,1,1,1.0
186,1,819.0,61.0,72.0,199.0,1,1,1.0
187,1,818.0,61.0,73.0,200.0,1,1,1.0
188,1,816.0,61.0,74.0,200.0,1,1,1.0
189,1,813.0,59.0,77.0,201.0,1,1,1.0
190,1,810.0,59.0,81.0,202.0,1,1,1.0
191,1,807.0,60.0,85.0,207.0,1,1,1.0
192,1,803.0,63.0,88.0,210.0,1,1,1.0
193,1,800.0,64.0,90.0,214.0,1,1,1.0
194,1,798.0,67.0,91.0,215.0,1,1,1.0
195,1,797.0,69.0,90.0,217.0,1,1,1.0
196,1,796.0,71.0,89.0,217.0,1,1,1.0
197,1,794.0,71.0,89.0,217.0,1,1,1.0
198,1,792.0,70.0,89.0,217.0,1,1,1.0
199,1,791.0,70.0,88.0,217.0,1,1,1.0
200,1,790.0,70.0,88.0,218.0,1,1,1.0
201,1,789.0,71.0,88.0,220.0,1,1,1.0
202,1,788.0,73.0,87.0,222.0,1,1,1.0
203,1,788.0,75.0,86.0,224.0,1,1,1.0
204,1,789.0,79.0,85.0,225.0,1,1,1.0
205,1,789.0,82.0,85.0,226.0,1,1,1.0
206,1,790.0,83.0,84.0,228.0,1,1,1.0
207,1,790.0,84.0,84.0,229.0,1,1,1.0
208,1,791.0,84.0,84.0,230.0,1,1,1.0
209,1,790.0,84.0,85.0,230.0,1,1,1.0
210,1,789.0,84.0,88.0,230.0,1,1,1.0
211,1,787.0,84.0,91.0,230.0,1,1,1.0
212,1,786.0,85.0,93.0,235.0,1,1,1.0
213,1,785.0,87.0,94.0,239.0,1,1,1.0
214,1,785.0,91.0,93.0,239.0,1,1,1.0
215,1,785.0,94.0,92.0,242.0,1,1,1.0
216,1,785.0,96.0,91.0,245.0,1,1,1.0
217,1,785.0,98.0,90.0,246.0,1,1,1.0
218,1,785.0,100.0,89.0,247.0,1,1,1.0
219,1,784.0,100.0,89.0,247.0,1,1,1.0
220,1,782.0,100.0,92.0,247.0,1,1,1.0
221,1,780.0,100.0,95.0,247.0,1,1,1.0
222,1,777.0,101.0,99.0,247.0,1,1,1.0
223,1,776.0,103.0,102.0,246.0,1,1,1.0
224,1,776.0,105.0,103.0,252.0,1,1,1.0
225,1,776.0,108.0,103.0,256.0,1,1,1.0
226,1,777.0,112.0,102.0,256.0,1,1,1.0
227,1,778.0,115.0,100.0,259.0,1,1,1.0
228,1,780.0,117.0,98.0,262.0,1,1,1.0
229,1,783.0,118.0,96.0,262.0,1,1,1.0
230,1,786.0,118.0,95.0,263.0,1,1,1.0
231,1,787.0,118.0,94.0,263.0,1,1,1.0
232,1,788.0,118.0,97.0,263.0,1,1,1.0
233,1,787.0,118.0,101.0,264.0,1,1,1.0
234,1,786.0,119.0,105.0,270.0,1,1,1.0
235,1,785.0,122.0,107.0,276.0,1,1,1.0
236,1,785.0,126.0,109.0,279.0,1,1,1.0
237,1,785.0,129.0,110.0,280.0,1,1,1.0
238,1,785.0,132.0,110.0,285.0,1,1,1.0
239,1,785.0,135.0,109.0,286.0,1,1,1.0
240,1,786.0,136.0,107.0,286.0,1,1,1.0
241,1,786.0,138.0,105.0,285.0,1,1,1.0
242,1,784.0,138.0,106.0,285.0,1,1,1.0
243,1,782.0,138.0,109.0,284.0,1,1,1.0
244,1,781.0,139.0,111.0,283.0,1,1,1.0
245,1,780.0,141.0,113.0,289.0,1,1,1.0
246,1,779.0,145.0,113.0,295.0,1,1,1.0
247,1,780.0,149.0,113.0,296.0,1,1,1.0
248,1,781.0,153.0,111.0,298.0,1,1,1.0
249,1,783.0,157.0,109.0,302.0,1,1,1.0
250,1,786.0,159.0,108.0,305.0,1,1,1.0
251,1,788.0,160.0,109.0,306.0,1,1,1.0
252,1,790.0,161.0,109.0,306.0,1,1,1.0
253,1,792.0,161.0,112.0,306.0,1,1,1.0
254,1,792.0,162.0,117.0,305.0,1,1,1.0
255,1,792.0,163.0,122.0,307.0,1,1,1.0
256,1,792.0,165.0,126.0,317.0,1,1,1.0
257,1,792.0,170.0,129.0,322.0,1,1,1.0
258,1,792.0,174.0,131.0,325.0,1,1,1.0
259,1,791.0,180.0,132.0,329.0,1,1,1.0
260,1,791.0,184.0,132.0,333.0,1,1,1.0
261,1,791.0,186.0,131.0,334.0,1,1,1.0
262,1,791.0,187.0,129.0,334.0,1,1,1.0
263,1,791.0,187.0,127.0,333.0,1,1,1.0
264,1,790.0,188.0,127.0,333.0,1,1,1.0
265,1,789.0,189.0,128.0,332.0,1,1,1.0
266,1,789.0,191.0,128.0,335.0,1,1,1.0
267,1,789.0,195.0,127.0,346.0,1,1,1.0
268,1,790.0,200.0,127.0,350.0,1,1,1.0
269,1,792.0,206.0,126.0,352.0,1,1,1.0
270,1,794.0,211.0,125.0,358.0,1,1,1.0
271,1,796.0,215.0,126.0,364.0,1,1,1.0
272,1,798.0,218.0,128.0,365.0,1,1,1.0
273,1,800.0,219.0,130.0,365.0,1,1,1.0
274,1,801.0,220.0,134.0,365.0,1,1,1.0
275,1,801.0,221.0,140.0,364.0,1,1,1.0
276,1,800.0,223.0,146.0,369.0,1,1,1.0
277,1,799.0,226.0,152.0,382.0,1,1,1.0
278,1,798.0,231.0,156.0,393.0,1,1,1.0
279,1,797.0,236.0,159.0,394.0,1,1,1.0
280,1,797.0,242.0,160.0,397.0,1,1,1.0
281,1,797.0,248.0,159.0,402.0,1,1,1.0
282,1,797.0,252.0,158.0,404.0,1,1,1.0
283,1,797.0,255.0,156.0,403.0,1,1,1.0
284,1,797.0,257.0,155.0,402.0,1,1,1.0
285,1,796.0,259.0,155.0,400.0,1,1,1.0
286,1,795.0,261.0,157.0,398.0,1,1,1.0
287,1,795.0,264.0,158.0,394.0,1,1,1.0
288,1,796.0,269.0,158.0,402.0,1,1,1.0
289,1,797.0,274.0,156.0,415.0,1,1,1.0
290,1,799.0,281.0,154.0,422.0,1,1,1.0
291,1,801.0,288.0,153.0,427.0,1,1,1.0
292,1,804.0,295.0,152.0,434.0,1,1,1.0
293,1,807.0,299.0,153.0,438.0,1,1,1.0
294,1,810.0,303.0,154.0,438.0,1,1,1.0
295,1,811.0,306.0,157.0,437.0,1,1,1.0
296,1,810.0,308.0,161.0,435.0,1,1,1.0
297,1,808.0,311.0,168.0,432.0,1,1,1.0
298,1,804.0,315.0,176.0,432.0,1,1,1.0
299,1,801.0,320.0,181.0,450.0,1,1,1.0
300,1,798.0,326.0,185.0,466.0,1,1,1.0
301,1,796.0,333.0,187.0,475.0,1,1,1.0
302,1,794.0,342.0,188.0,481.0,1,1,1.0
303,1,793.0,349.0,189.0,488.0,1,1,1.0
304,1,792.0,355.0,189.0,490.0,1,1,1.0
305,1,792.0,360.0,188.0,489.0,1,1,1.0
306,1,792.0,364.0,188.0,486.0,1,1,1.0
307,1,791.0,368.0,192.0,482.0,1,1,1.0
308,1,790.0,372.0,196.0,478.0,1,1,1.0
309,1,788.0,377.0,201.0,473.0,1,1,1.0
310,1,787.0,384.0,202.0,491.0,1,1,1.0
311,1,788.0,392.0,203.0,508.0,1,1,1.0
312,1,788.0,402.0,202.0,522.0,1,1,1.0
313,1,790.0,412.0,201.0,527.0,1,1,1.0
314,1,793.0,420.0,200.0,533.0,1,1,1.0
315,1,797.0,427.0,200.0,533.0,1,1,1.0
316,1,800.0,431.0,201.0,531.0,1,1,1.0
317,1,801.0,434.0,205.0,529.0,1,1,1.0
318,1,802.0,438.0,208.0,525.0,1,1,1.0
319,1,802.0,443.0,215.0,520.0,1,1,1.0
320,1,801.0,449.0,223.0,515.0,1,1,1.0
321,1,801.0,457.0,229.0,538.0,1,1,1.0
322,1,802.0,466.0,234.0,563.0,1,1,1.0
323,1,802.0,476.0,237.0,580.0,1,1,1.0
324,1,804.0,487.0,238.0,587.0,1,1,1.0
325,1,805.0,498.0,238.0,584.0,1,1,1.0
326,1,806.0,507.0,238.0,577.0,1,1,1.0
327,1,806.0,515.0,238.0,570.0,1,1,1.0
328,1,805.0,522.0,240.0,563.0,1,1,1.0
329,1,803.0,529.0,244.0,555.0,1,1,1.0
330,1,800.0,537.0,249.0,546.0,1,1,1.0
331,1,798.0,546.0,252.0,537.0,1,1,1.0
332,1,798.0,555.0,252.0,527.0,1,1,1.0
333,1,798.0,566.0,250.0,516.0,1,1,1.0
334,1,799.0,579.0,247.0,502.0,1,1,1.0
335,1,802.0,594.0,243.0,487.0,1,1,1.0
336,1,805.0,609.0,241.0,472.0,1,1,1.0
337,1,809.0,623.0,240.0,457.0,1,1,1.0
338,1,813.0,637.0,242.0,443.0,1,1,1.0
339,1,816.0,648.0,249.0,432.0,1,1,1.0
340,1,817.0,657.0,259.0,422.0,1,1,1.0
341,1,816.0,666.0,274.0,413.0,1,1,1.0
342,1,814.0,675.0,289.0,405.0,1,1,1.0
343,1,811.0,685.0,302.0,394.0,1,1,1.0
344,1,808.0,696.0,312.0,383.0,1,1,1.0
345,1,805.0,710.0,317.0,369.0,1,1,1.0
346,1,804.0,724.0,314.0,355.0,1,1,1.0
347,1,803.0,738.0,303.0,340.0,1,1,1.0
348,1,799.0,753.0,293.0,325.0,1,1,1.0
349,1,794.0,767.0,284.0,312.0,1,1,1.0
350,1,787.0,777.0,276.0,302.0,1,1,1.0
351,1,778.0,786.0,269.0,293.0,1,1,1.0
352,1,768.0,796.0,266.0,283.0,1,1,1.0
353,1,756.0,804.0,268.0,275.0,1,1,1.0
354,1,745.0,812.0,271.0,267.0,1,1,1.0
355,1,733.0,820.0,269.0,258.0,1,1,1.0
356,1,722.0,830.0,257.0,249.0,1,1,1.0
357,1,711.0,840.0,246.0,238.0,1,1,1.0
358,1,697.0,852.0,238.0,227.0,1,1,1.0
359,1,681.0,865.0,224.0,214.0,1,1,1.0
360,1,663.0,878.0,212.0,201.0,1,1,1.0
361,1,642.0,888.0,211.0,191.0,1,1,1.0
362,1,620.0,895.0,206.0,183.0,1,1,1.0
363,1,598.0,902.0,214.0,176.0,1,1,1.0
364,1,575.0,908.0,225.0,171.0,1,1,1.0
365,1,555.0,913.0,231.0,165.0,1,1,1.0
366,1,533.0,909.0,241.0,169.0,1,1,1.0
367,1,509.0,906.0,255.0,173.0,1,1,1.0
368,1,488.0,905.0,266.0,174.0,1,1,1.0
369,1,471.0,903.0,271.0,176.0,1,1,1.0
370,1,456.0,901.0,274.0,177.0,1,1,1.0
373,1,413.0,868.0,276.0,211.0,1,1,1.0
374,1,397.0,853.0,275.0,226.0,1,1,1.0
375,1,384.0,835.0,269.0,244.0,1,1,1.0
376,1,372.0,810.0,261.0,269.0,1,1,1.0
377,1,360.0,810.0,254.0,269.0,1,1,1.0
378,1,344.0,793.0,255.0,286.0,1,1,1.0
379,1,330.0,788.0,257.0,291.0,1,1,1.0
380,1,316.0,784.0,258.0,295.0,1,1,1.0
381,1,305.0,780.0,256.0,299.0,1,1,1.0
382,1,296.0,774.0,253.0,305.0,1,1,1.0
383,1,288.0,766.0,243.0,312.0,1,1,1.0
384,1,276.0,755.0,240.0,323.0,1,1,1.0
385,1,262.0,742.0,238.0,337.0,1,1,1.0
386,1,246.0,728.0,239.0,351.0,1,1,1.0
387,1,231.0,715.0,238.0,363.0,1,1,1.0
388,1,218.0,700.0,240.0,379.0,1,1,1.0
389,1,208.0,685.0,243.0,393.0,1,1,1.0
390,1,199.0,673.0,246.0,406.0,1,1,1.0
391,1,194.0,665.0,246.0,414.0,1,1,1.0
392,1,191.0,656.0,236.0,422.0,1,1,1.0
393,1,190.0,650.0,230.0,428.0,1,1,1.0
394,1,188.0,642.0,225.0,436.0,1,1,1.0
395,1,187.0,630.0,223.0,448.0,1,1,1.0
396,1,185.0,618.0,224.0,460.0,1,1,1.0
397,1,183.0,606.0,226.0,472.0,1,1,1.0
398,1,181.0,593.0,229.0,486.0,1,1,1.0
399,1,177.0,582.0,233.0,496.0,1,1,1.0
400,1,174.0,574.0,237.0,504.0,1,1,1.0
401,1,171.0,568.0,240.0,510.0,1,1,1.0
402,1,166.0,565.0,244.0,514.0,1,1,1.0
403,1,160.0,563.0,249.0,516.0,1,1,1.0
404,1,156.0,561.0,251.0,517.0,1,1,1.0
405,1,151.0,558.0,254.0,518.0,1,1,1.0
406,1,144.0,554.0,255.0,505.0,1,1,1.0
407,1,136.0,548.0,253.0,494.0,1,1,1.0
408,1,128.0,540.0,246.0,471.0,1,1,1.0
409,1,121.0,531.0,237.0,464.0,1,1,1.0
410,1,111.0,522.0,230.0,466.0,1,1,1.0
411,1,105.0,514.0,220.0,472.0,1,1,1.0
412,1,102.0,507.0,210.0,478.0,1,1,1.0
413,1,100.0,502.0,207.0,483.0,1,1,1.0
414,1,99.0,497.0,206.0,487.0,1,1,1.0
415,1,100.0,493.0,203.0,492.0,1,1,1.0
416,1,101.0,487.0,200.0,491.0,1,1,1.0
417,1,103.0,478.0,192.0,487.0,1,1,1.0
418,1,103.0,468.0,185.0,465.0,1,1,1.0
419,1,103.0,462.0,178.0,457.0,1,1,1.0
420,1,102.0,454.0,175.0,444.0,1,1,1.0
421,1,101.0,448.0,174.0,436.0,1,1,1.0
422,1,101.0,445.0,175.0,433.0,1,1,1.0
423,1,100.0,441.0,176.0,434.0,1,1,1.0
424,1,99.0,440.0,177.0,435.0,1,1,1.0
425,1,96.0,440.0,179.0,434.0,1,1,1.0
426,1,93.0,440.0,182.0,433.0,1,1,1.0
427,1,89.0,438.0,185.0,430.0,1,1,1.0
428,1,84.0,435.0,188.0,421.0,1,1,1.0
429,1,78.0,430.0,189.0,406.0,1,1,1.0
430,1,70.0,424.0,190.0,396.0,1,1,1.0
431,1,64.0,418.0,188.0,390.0,1,1,1.0
432,1,58.0,412.0,185.0,391.0,1,1,1.0
433,1,56.0,407.0,177.0,394.0,1,1,1.0
434,1,53.0,404.0,170.0,398.0,1,1,1.0
435,1,51.0,401.0,168.0,400.0,1,1,1.0
436,1,52.0,399.0,164.0,403.0,1,1,1.0
437,1,53.0,397.0,159.0,404.0,1,1,1.0
438,1,54.0,394.0,157.0,407.0,1,1,1.0
439,1,58.0,388.0,156.0,404.0,1,1,1.0
440,1,59.0,383.0,157.0,395.0,1,1,1.0
441,1,59.0,377.0,156.0,390.0,1,1,1.0
442,1,59.0,371.0,149.0,374.0,1,1,1.0
443,1,57.0,367.0,144.0,365.0,1,1,1.0
444,1,55.0,363.0,141.0,365.0,1,1,1.0
445,1,52.0,361.0,142.0,363.0,1,1,1.0
446,1,50.0,360.0,143.0,363.0,1,1,1.0
447,1,49.0,360.0,144.0,363.0,1,1,1.0
448,1,49.0,361.0,144.0,362.0,1,1,1.0
449,1,49.0,360.0,144.0,362.0,1,1,1.0
450,1,48.0,359.0,145.0,363.0,1,1,1.0
451,1,47.0,356.0,145.0,355.0,1,1,1.0
452,1,45.0,353.0,144.0,349.0,1,1,1.0
453,1,42.0,349.0,143.0,336.0,1,1,1.0
454,1,40.0,345.0,142.0,330.0,1,1,1.0
455,1,41.0,340.0,138.0,331.0,1,1,1.0
456,1,41.0,337.0,135.0,333.0,1,1,1.0
457,1,41.0,334.0,134.0,336.0,1,1,1.0
458,1,39.0,331.0,139.0,339.0,1,1,1.0
459,1,33.0,331.0,148.0,339.0,1,1,1.0
460,1,33.0,330.0,152.0,340.0,1,1,1.0
461,1,37.0,328.0,149.0,342.0,1,1,1.0
462,1,43.0,325.0,144.0,338.0,1,1,1.0
463,1,46.0,322.0,140.0,334.0,1,1,1.0
464,1,46.0,317.0,137.0,328.0,1,1,1.0
465,1,45.0,312.0,134.0,320.0,1,1,1.0
466,1,44.0,309.0,131.0,310.0,1,1,1.0
467,1,43.0,307.0,127.0,308.0,1,1,1.0
468,1,44.0,304.0,122.0,309.0,1,1,1.0
469,1,45.0,304.0,115.0,309.0,1,1,1.0
470,1,46.0,303.0,111.0,309.0,1,1,1.0
471,1,47.0,304.0,109.0,308.0,1,1,1.0
472,1,49.0,305.0,107.0,307.0,1,1,1.0
473,1,49.0,306.0,106.0,307.0,1,1,1.0
474,1,49.0,304.0,107.0,304.0,1,1,1.0
475,1,47.0,300.0,107.0,300.0,1,1,1.0
476,1,46.0,298.0,106.0,288.0,1,1,1.0
477,1,45.0,294.0,106.0,284.0,1,1,1.0
478,1,43.0,290.0,106.0,286.0,1,1,1.0
479,1,40.0,287.0,107.0,287.0,1,1,1.0
480,1,40.0,284.0,106.0,290.0,1,1,1.0
481,1,39.0,283.0,103.0,290.0,1,1,1.0
482,1,40.0,282.0,99.0,291.0,1,1,1.0
483,1,43.0,282.0,94.0,289.0,1,1,1.0
484,1,44.0,281.0,93.0,289.0,1,1,1.0
485,1,45.0,279.0,93.0,289.0,1,1,1.0
486,1,45.0,275.0,93.0,270.0,1,1,1.0
487,1,46.0,271.0,94.0,263.0,1,1,1.0
488,1,44.0,268.0,96.0,265.0,1,1,1.0
489,1,41.0,265.0,98.0,265.0,1,1,1.0
490,1,39.0,263.0,99.0,264.0,1,1,1.0
491,1,37.0,263.0,100.0,264.0,1,1,1.0
492,1,37.0,263.0,100.0,264.0,1,1,1.0
493,1,37.0,263.0,99.0,264.0,1,1,1.0
494,1,39.0,264.0,97.0,263.0,1,1,1.0
495,1,42.0,264.0,95.0,263.0,1,1,1.0
496,1,44.0,264.0,93.0,262.0,1,1,1.0
497,1,42.0,263.0,94.0,257.0,1,1,1.0
498,1,39.0,262.0,95.0,252.0,1,1,1.0
499,1,37.0,259.0,94.0,247.0,1,1,1.0
500,1,34.0,257.0,94.0,246.0,1,1,1.0
501,1,31.0,253.0,92.0,247.0,1,1,1.0
502,1,27.0,251.0,94.0,250.0,1,1,1.0
503,1,25.0,249.0,97.0,251.0,1,1,1.0
504,1,26.0,249.0,98.0,251.0,1,1,1.0
505,1,26.0,249.0,99.0,251.0,1,1,1.0
506,1,27.0,249.0,98.0,251.0,1,1,1.0
507,1,29.0,248.0,96.0,252.0,1,1,1.0
508,1,32.0,246.0,92.0,252.0,1,1,1.0
509,1,36.0,243.0,87.0,250.0,1,1,1.0
510,1,38.0,240.0,82.0,246.0,1,1,1.0
511,1,40.0,237.0,79.0,240.0,1,1,1.0
512,1,40.0,235.0,76.0,236.0,1,1,1.0
513,1,39.0,233.0,75.0,238.0,1,1,1.0
514,1,38.0,231.0,76.0,238.0,1,1,1.0
515,1,36.0,231.0,77.0,237.0,1,1,1.0
516,1,36.0,231.0,77.0,237.0,1,1,1.0
517,1,36.0,231.0,77.0,237.0,1,1,1.0
518,1,37.0,232.0,76.0,236.0,1,1,1.0
519,1,39.0,232.0,75.0,235.0,1,1,1.0
520,1,41.0,232.0,73.0,233.0,1,1,1.0
521,1,43.0,231.0,73.0,231.0,1,1,1.0
522,1,44.0,229.0,73.0,223.0,1,1,1.0
523,1,44.0,226.0,75.0,220.0,1,1,1.0
524,1,43.0,224.0,77.0,221.0,1,1,1.0
525,1,43.0,222.0,78.0,222.0,1,1,1.0
526,1,43.0,221.0,79.0,222.0,1,1,1.0
527,1,43.0,221.0,78.0,222.0,1,1,1.0
528,1,44.0,221.0,77.0,222.0,1,1,1.0
529,1,46.0,220.0,74.0,222.0,1,1,1.0
530,1,48.0,219.0,71.0,223.0,1,1,1.0
531,1,50.0,218.0,69.0,222.0,1,1,1.0
532,1,52.0,213.0,67.0,224.0,1,1,1.0
533,1,53.0,212.0,67.0,211.0,1,1,1.0
534,1,53.0,211.0,67.0,207.0,1,1,1.0
535,1,54.0,209.0,68.0,206.0,1,1,1.0
536,1,56.0,208.0,68.0,206.0,1,1,1.0
537,1,56.0,207.0,70.0,207.0,1,1,1.0
538,1,57.0,207.0,71.0,208.0,1,1,1.0
539,1,57.0,206.0,72.0,208.0,1,1,1.0
540,1,57.0,206.0,72.0,208.0,1,1,1.0
541,1,58.0,205.0,71.0,209.0,1,1,1.0
542,1,60.0,205.0,70.0,208.0,1,1,1.0
543,1,61.0,203.0,68.0,208.0,1,1,1.0
544,1,64.0,199.0,65.0,208.0,1,1,1.0
545,1,66.0,198.0,63.0,202.0,1,1,1.0
546,1,68.0,195.0,63.0,199.0,1,1,1.0
547,1,71.0,194.0,62.0,201.0,1,1,1.0
548,1,75.0,193.0,62.0,203.0,1,1,1.0
549,1,80.0,191.0,67.0,204.0,1,1,1.0
550,1,84.0,191.0,73.0,204.0,1,1,1.0
551,1,88.0,189.0,80.0,206.0,1,1,1.0
552,1,91.0,187.0,82.0,207.0,1,1,1.0
553,1,93.0,185.0,84.0,206.0,1,1,1.0
554,1,95.0,183.0,83.0,205.0,1,1,1.0
555,1,100.0,180.0,78.0,202.0,1,1,1.0
556,1,107.0,178.0,70.0,196.0,1,1,1.0
557,1,113.0,176.0,66.0,194.0,1,1,1.0
558,1,118.0,173.0,63.0,195.0,1,1,1.0
559,1,122.0,170.0,63.0,196.0,1,1,1.0
560,1,127.0,170.0,65.0,197.0,1,1,1.0
561,1,132.0,169.0,71.0,199.0,1,1,1.0
562,1,137.0,169.0,80.0,200.0,1,1,1.0
563,1,141.0,170.0,85.0,199.0,1,1,1.0
564,1,144.0,169.0,87.0,200.0,1,1,1.0
565,1,146.0,166.0,89.0,201.0,1,1,1.0
566,1,148.0,161.0,88.0,204.0,1,1,1.0
567,1,152.0,157.0,84.0,203.0,1,1,1.0
568,1,157.0,154.0,80.0,199.0,1,1,1.0
569,1,171.0,152.0,65.0,195.0,1,1,1.0
570,1,181.0,150.0,56.0,192.0,1,1,1.0
571,1,188.0,149.0,53.0,191.0,1,1,1.0
572,1,194.0,147.0,58.0,193.0,1,1,1.0
573,1,199.0,146.0,69.0,194.0,1,1,1.0
574,1,203.0,145.0,80.0,195.0,1,1,1.0
575,1,206.0,145.0,89.0,196.0,1,1,1.0
576,1,208.0,143.0,94.0,198.0,1,1,1.0
577,1,209.0,141.0,97.0,197.0,1,1,1.0
578,1,213.0,139.0,95.0,196.0,1,1,1.0
579,1,220.0,136.0,88.0,195.0,1,1,1.0
580,1,231.0,133.0,76.0,194.0,1,1,1.0
581,1,244.0,131.0,63.0,192.0,1,1,1.0
582,1,252.0,130.0,56.0,192.0,1,1,1.0
583,1,258.0,129.0,57.0,193.0,1,1,1.0
584,1,262.0,128.0,69.0,193.0,1,1,1.0
585,1,268.0,127.0,80.0,194.0,1,1,1.0
586,1,272.0,127.0,89.0,194.0,1,1,1.0
587,1,274.0,127.0,96.0,195.0,1,1,1.0
588,1,277.0,125.0,98.0,196.0,1,1,1.0
589,1,284.0,123.0,93.0,196.0,1,1,1.0
590,1,294.0,120.0,83.0,194.0,1,1,1.0
591,1,304.0,116.0,72.0,192.0,1,1,1.0
592,1,312.0,113.0,64.0,189.0,1,1,1.0
593,1,319.0,112.0,61.0,190.0,1,1,1.0
594,1,326.0,110.0,65.0,190.0,1,1,1.0
595,1,333.0,110.0,77.0,189.0,1,1,1.0
596,1,340.0,110.0,88.0,189.0,1,1,1.0
597,1,344.0,111.0,97.0,188.0,1,1,1.0
598,1,345.0,111.0,103.0,187.0,1,1,1.0
599,1,348.0,109.0,105.0,188.0,1,1,1.0
600,1,353.0,106.0,103.0,189.0,1,1,1.0
601,1,359.0,103.0,97.0,187.0,1,1,1.0
602,1,371.0,99.0,86.0,188.0,1,1,1.0
603,1,383.0,96.0,73.0,190.0,1,1,1.0
604,1,392.0,94.0,64.0,190.0,1,1,1.0
605,1,399.0,93.0,63.0,191.0,1,1,1.0
606,1,405.0,94.0,67.0,191.0,1,1,1.0
607,1,411.0,93.0,78.0,191.0,1,1,1.0
608,1,418.0,93.0,85.0,191.0,1,1,1.0
609,1,422.0,93.0,90.0,191.0,1,1,1.0
610,1,423.0,92.0,93.0,191.0,1,1,1.0
611,1,426.0,90.0,93.0,191.0,1,1,1.0
612,1,437.0,87.0,82.0,190.0,1,1,1.0
613,1,449.0,84.0,70.0,186.0,1,1,1.0
614,1,456.0,81.0,65.0,185.0,1,1,1.0
615,1,463.0,79.0,64.0,185.0,1,1,1.0
616,1,470.0,78.0,66.0,185.0,1,1,1.0
617,1,476.0,77.0,76.0,186.0,1,1,1.0
618,1,481.0,77.0,88.0,186.0,1,1,1.0
619,1,484.0,77.0,98.0,186.0,1,1,1.0
620,1,486.0,78.0,103.0,184.0,1,1,1.0
621,1,486.0,75.0,107.0,185.0,1,1,1.0
622,1,490.0,74.0,105.0,186.0,1,1,1.0
623,1,499.0,72.0,96.0,184.0,1,1,1.0
624,1,511.0,69.0,84.0,182.0,1,1,1.0
625,1,525.0,67.0,68.0,182.0,1,1,1.0
626,1,535.0,65.0,64.0,182.0,1,1,1.0
627,1,541.0,63.0,67.0,184.0,1,1,1.0
628,1,548.0,62.0,70.0,186.0,1,1,1.0
629,1,553.0,62.0,77.0,186.0,1,1,1.0
630,1,560.0,63.0,82.0,185.0,1,1,1.0
631,1,564.0,63.0,88.0,184.0,1,1,1.0
632,1,565.0,63.0,92.0,184.0,1,1,1.0
633,1,568.0,62.0,94.0,183.0,1,1,1.0
634,1,574.0,60.0,91.0,183.0,1,1,1.0
635,1,583.0,58.0,86.0,180.0,1,1,1.0
636,1,598.0,56.0,73.0,178.0,1,1,1.0
637,1,607.0,54.0,67.0,177.0,1,1,1.0
638,1,614.0,52.0,64.0,179.0,1,1,1.0
639,1,621.0,52.0,67.0,178.0,1,1,1.0
640,1,627.0,52.0,78.0,178.0,1,1,1.0
641,1,629.0,52.0,92.0,181.0,1,1,1.0
642,1,632.0,53.0,98.0,179.0,1,1,1.0
643,1,630.0,53.0,107.0,179.0,1,1,1.0
644,1,627.0,51.0,114.0,181.0,1,1,1.0
645,1,638.0,48.0,105.0,179.0,1,1,1.0
646,1,650.0,46.0,92.0,175.0,1,1,1.0
647,1,665.0,46.0,77.0,172.0,1,1,1.0
648,1,677.0,43.0,69.0,173.0,1,1,1.0
649,1,684.0,43.0,70.0,173.0,1,1,1.0
650,1,690.0,43.0,72.0,172.0,1,1,1.0
651,1,695.0,43.0,74.0,172.0,1,1,1.0
652,1,700.0,45.0,76.0,170.0,1,1,1.0
653,1,706.0,45.0,80.0,169.0,1,1,1.0
654,1,710.0,45.0,81.0,170.0,1,1,1.0
655,1,713.0,45.0,82.0,169.0,1,1,1.0
656,1,716.0,42.0,82.0,170.0,1,1,1.0
657,1,718.0,37.0,83.0,172.0,1,1,1.0
658,1,733.0,35.0,71.0,168.0,1,1,1.0
659,1,744.0,34.0,65.0,166.0,1,1,1.0
660,1,751.0,32.0,62.0,168.0,1,1,1.0
661,1,758.0,31.0,60.0,168.0,1,1,1.0
662,1,764.0,31.0,65.0,169.0,1,1,1.0
663,1,768.0,31.0,71.0,169.0,1,1,1.0
664,1,770.0,31.0,80.0,167.0,1,1,1.0
665,1,770.0,32.0,86.0,167.0,1,1,1.0
666,1,770.0,31.0,90.0,168.0,1,1,1.0
667,1,774.0,30.0,87.0,167.0,1,1,1.0
668,1,783.0,29.0,78.0,165.0,1,1,1.0
669,1,795.0,28.0,69.0,164.0,1,1,1.0
670,1,806.0,27.0,64.0,164.0,1,1,1.0
671,1,813.0,26.0,66.0,165.0,1,1,1.0
672,1,818.0,25.0,69.0,166.0,1,1,1.0
673,1,822.0,25.0,72.0,165.0,1,1,1.0
674,1,826.0,26.0,75.0,165.0,1,1,1.0
675,1,830.0,26.0,78.0,164.0,1,1,1.0
676,1,833.0,27.0,80.0,163.0,1,1,1.0
677,1,837.0,27.0,80.0,162.0,1,1,1.0
678,1,845.0,27.0,75.0,159.0,1,1,1.0
679,1,854.0,25.0,68.0,157.0,1,1,1.0
680,1,861.0,23.0,63.0,158.0,1,1,1.0
681,1,868.0,21.0,60.0,159.0,1,1,1.0
682,1,874.0,20.0,58.0,159.0,1,1,1.0
683,1,879.0,20.0,62.0,159.0,1,1,1.0
684,1,882.0,21.0,71.0,158.0,1,1,1.0
685,1,883.0,22.0,75.0,158.0,1,1,1.0
686,1,883.0,22.0,80.0,157.0,1,1,1.0
687,1,885.0,22.0,81.0,156.0,1,1,1.0
688,1,888.0,22.0,80.0,156.0,1,1,1.0
689,1,894.0,21.0,74.0,154.0,1,1,1.0
690,1,903.0,20.0,71.0,153.0,1,1,1.0
691,1,913.0,20.0,67.0,153.0,1,1,1.0
692,1,922.0,18.0,67.0,154.0,1,1,1.0
693,1,927.0,17.0,67.0,155.0,1,1,1.0
694,1,930.0,17.0,71.0,155.0,1,1,1.0
695,1,932.0,18.0,73.0,154.0,1,1,1.0
696,1,935.0,19.0,75.0,153.0,1,1,1.0
697,1,938.0,20.0,76.0,152.0,1,1,1.0
698,1,942.0,19.0,75.0,153.0,1,1,1.0
699,1,944.0,16.0,77.0,154.0,1,1,1.0
700,1,951.0,18.0,73.0,151.0,1,1,1.0
701,1,961.0,19.0,66.0,148.0,1,1,1.0
702,1,970.0,19.0,60.0,146.0,1,1,1.0
703,1,977.0,19.0,57.0,145.0,1,1,1.0
704,1,982.0,7.0,55.0,158.0,1,1,1.0
705,1,986.0,2.0,56.0,163.0,1,1,1.0
706,1,988.0,0.0,65.0,165.0,1,1,1.0
707,1,990.0,0.0,71.0,165.0,1,1,1.0
708,1,991.0,0.0,74.0,165.0,1,1,1.0
709,1,992.0,14.0,76.0,151.0,1,1,1.0
710,1,992.0,4.0,76.0,159.0,1,1,1.0
711,1,998.0,11.0,70.0,151.0,1,1,1.0
712,1,1006.0,14.0,63.0,147.0,1,1,1.0
713,1,1015.0,14.0,60.0,147.0,1,1,1.0
714,1,1023.0,13.0,61.0,147.0,1,1,1.0
715,1,1024.0,12.0,66.0,148.0,1,1,1.0
716,1,1026.0,12.0,72.0,148.0,1,1,1.0
717,1,1027.0,13.0,77.0,147.0,1,1,1.0
718,1,1030.0,14.0,77.0,146.0,1,1,1.0
719,1,1033.0,15.0,77.0,145.0,1,1,1.0
720,1,1037.0,16.0,73.0,144.0,1,1,1.0
