1,1,1017.0,215.0,41.0,108.0,1,1,1.0
2,1,1018.0,215.0,41.0,108.0,1,1,1.0
3,1,1018.0,215.0,41.0,109.0,1,1,1.0
4,1,1018.0,215.0,42.0,109.0,1,1,1.0
5,1,1018.0,215.0,42.0,110.0,1,1,1.0
6,1,1018.0,215.0,42.0,111.0,1,1,1.0
7,1,1018.0,216.0,42.0,112.0,1,1,1.0
8,1,1018.0,217.0,42.0,112.0,1,1,1.0
9,1,1018.0,219.0,41.0,112.0,1,1,1.0
10,1,1018.0,219.0,40.0,112.0,1,1,1.0
11,1,1018.0,219.0,40.0,112.0,1,1,1.0
12,1,1018.0,219.0,42.0,112.0,1,1,1.0
13,1,1018.0,219.0,43.0,113.0,1,1,1.0
14,1,1019.0,218.0,44.0,113.0,1,1,1.0
15,1,1018.0,218.0,45.0,113.0,1,1,1.0
16,1,1017.0,218.0,46.0,115.0,1,1,1.0
17,1,1017.0,219.0,46.0,117.0,1,1,1.0
18,1,1017.0,221.0,46.0,116.0,1,1,1.0
19,1,1017.0,222.0,46.0,116.0,1,1,1.0
20,1,1018.0,223.0,46.0,116.0,1,1,1.0
21,1,1017.0,223.0,46.0,116.0,1,1,1.0
22,1,1018.0,223.0,45.0,117.0,1,1,1.0
23,1,1019.0,224.0,45.0,117.0,1,1,1.0
24,1,1023.0,224.0,44.0,117.0,1,1,1.0
25,1,1021.0,222.0,44.0,118.0,1,1,1.0
26,1,1021.0,221.0,44.0,118.0,1,1,1.0
27,1,1019.0,224.0,45.0,119.0,1,1,1.0
28,1,1018.0,224.0,44.0,119.0,1,1,1.0
29,1,1018.0,226.0,44.0,119.0,1,1,1.0
30,1,1018.0,227.0,44.0,119.0,1,1,1.0
31,1,1018.0,228.0,44.0,120.0,1,1,1.0
32,1,1018.0,228.0,43.0,120.0,1,1,1.0
33,1,1018.0,228.0,43.0,121.0,1,1,1.0
34,1,1017.0,228.0,43.0,122.0,1,1,1.0
35,1,1014.0,226.0,44.0,122.0,1,1,1.0
36,1,1014.0,226.0,46.0,123.0,1,1,1.0
37,1,1013.0,227.0,47.0,123.0,1,1,1.0
38,1,1011.0,227.0,48.0,124.0,1,1,1.0
39,1,1011.0,228.0,49.0,125.0,1,1,1.0
40,1,1011.0,229.0,49.0,125.0,1,1,1.0
41,1,1010.0,231.0,47.0,125.0,1,1,1.0
42,1,1011.0,233.0,46.0,124.0,1,1,1.0
43,1,1011.0,233.0,45.0,125.0,1,1,1.0
44,1,1011.0,233.0,44.0,125.0,1,1,1.0
45,1,1011.0,233.0,44.0,126.0,1,1,1.0
46,1,1011.0,233.0,44.0,126.0,1,1,1.0
47,1,1011.0,232.0,45.0,127.0,1,1,1.0
48,1,1011.0,233.0,47.0,127.0,1,1,1.0
49,1,1010.0,233.0,48.0,127.0,1,1,1.0
50,1,1009.0,233.0,50.0,128.0,1,1,1.0
51,1,1008.0,234.0,51.0,129.0,1,1,1.0
52,1,1007.0,236.0,51.0,129.0,1,1,1.0
53,1,1007.0,237.0,51.0,129.0,1,1,1.0
54,1,1006.0,238.0,50.0,129.0,1,1,1.0
55,1,1005.0,239.0,50.0,129.0,1,1,1.0
56,1,1004.0,239.0,50.0,130.0,1,1,1.0
57,1,1003.0,239.0,50.0,130.0,1,1,1.0
58,1,1003.0,238.0,51.0,130.0,1,1,1.0
59,1,1002.0,238.0,51.0,131.0,1,1,1.0
60,1,1001.0,238.0,52.0,131.0,1,1,1.0
61,1,1001.0,237.0,52.0,133.0,1,1,1.0
62,1,1001.0,239.0,52.0,135.0,1,1,1.0
63,1,1001.0,241.0,52.0,135.0,1,1,1.0
64,1,1001.0,242.0,51.0,136.0,1,1,1.0
65,1,1002.0,243.0,51.0,135.0,1,1,1.0
66,1,1003.0,244.0,50.0,136.0,1,1,1.0
67,1,1003.0,244.0,50.0,136.0,1,1,1.0
68,1,1003.0,244.0,50.0,137.0,1,1,1.0
69,1,1003.0,244.0,50.0,137.0,1,1,1.0
70,1,1003.0,243.0,50.0,138.0,1,1,1.0
71,1,1003.0,243.0,50.0,138.0,1,1,1.0
72,1,1003.0,244.0,50.0,139.0,1,1,1.0
73,1,1003.0,244.0,50.0,140.0,1,1,1.0
74,1,1003.0,246.0,50.0,140.0,1,1,1.0
75,1,1002.0,248.0,50.0,140.0,1,1,1.0
76,1,1001.0,249.0,50.0,140.0,1,1,1.0
77,1,1000.0,250.0,51.0,141.0,1,1,1.0
78,1,999.0,250.0,51.0,141.0,1,1,1.0
79,1,998.0,250.0,51.0,142.0,1,1,1.0
80,1,998.0,250.0,51.0,142.0,1,1,1.0
81,1,998.0,249.0,50.0,143.0,1,1,1.0
82,1,998.0,248.0,50.0,144.0,1,1,1.0
83,1,998.0,249.0,50.0,145.0,1,1,1.0
84,1,997.0,250.0,50.0,147.0,1,1,1.0
85,1,996.0,252.0,52.0,147.0,1,1,1.0
86,1,995.0,254.0,56.0,147.0,1,1,1.0
87,1,991.0,255.0,59.0,147.0,1,1,1.0
88,1,989.0,257.0,62.0,147.0,1,1,1.0
89,1,988.0,258.0,63.0,147.0,1,1,1.0
90,1,988.0,255.0,64.0,148.0,1,1,1.0
91,1,986.0,254.0,63.0,149.0,1,1,1.0
92,1,987.0,253.0,62.0,149.0,1,1,1.0
93,1,987.0,254.0,62.0,149.0,1,1,1.0
94,1,987.0,252.0,61.0,151.0,1,1,1.0
95,1,991.0,257.0,60.0,153.0,1,1,1.0
96,1,988.0,258.0,60.0,153.0,1,1,1.0
97,1,988.0,261.0,60.0,154.0,1,1,1.0
98,1,987.0,262.0,59.0,152.0,1,1,1.0
99,1,987.0,259.0,59.0,153.0,1,1,1.0
100,1,984.0,263.0,60.0,155.0,1,1,1.0
101,1,983.0,261.0,60.0,156.0,1,1,1.0
102,1,983.0,263.0,61.0,155.0,1,1,1.0
103,1,982.0,263.0,61.0,156.0,1,1,1.0
104,1,983.0,263.0,62.0,156.0,1,1,1.0
105,1,981.0,264.0,62.0,159.0,1,1,1.0
106,1,981.0,265.0,62.0,161.0,1,1,1.0
107,1,981.0,268.0,62.0,161.0,1,1,1.0
108,1,982.0,270.0,61.0,161.0,1,1,1.0
109,1,984.0,271.0,60.0,162.0,1,1,1.0
110,1,982.0,271.0,61.0,161.0,1,1,1.0
111,1,984.0,271.0,61.0,162.0,1,1,1.0
112,1,985.0,271.0,62.0,162.0,1,1,1.0
113,1,985.0,271.0,64.0,162.0,1,1,1.0
114,1,984.0,275.0,64.0,168.0,1,1,1.0
115,1,983.0,276.0,64.0,171.0,1,1,1.0
116,1,982.0,277.0,64.0,172.0,1,1,1.0
117,1,982.0,277.0,65.0,172.0,1,1,1.0
118,1,980.0,278.0,66.0,174.0,1,1,1.0
119,1,980.0,278.0,66.0,177.0,1,1,1.0
120,1,980.0,281.0,67.0,179.0,1,1,1.0
121,1,980.0,283.0,67.0,179.0,1,1,1.0
122,1,971.0,294.0,72.0,185.0,1,1,1.0
123,1,967.0,298.0,75.0,188.0,1,1,1.0
124,1,963.0,299.0,76.0,189.0,1,1,1.0
125,1,961.0,300.0,77.0,190.0,1,1,1.0
126,1,960.0,300.0,77.0,190.0,1,1,1.0
127,1,959.0,299.0,76.0,190.0,1,1,1.0
128,1,960.0,301.0,75.0,190.0,1,1,1.0
129,1,960.0,302.0,74.0,192.0,1,1,1.0
130,1,960.0,304.0,73.0,196.0,1,1,1.0
131,1,961.0,307.0,72.0,197.0,1,1,1.0
132,1,960.0,309.0,71.0,197.0,1,1,1.0
133,1,961.0,311.0,70.0,199.0,1,1,1.0
134,1,961.0,312.0,69.0,199.0,1,1,1.0
135,1,959.0,311.0,70.0,199.0,1,1,1.0
136,1,956.0,309.0,71.0,200.0,1,1,1.0
137,1,945.0,319.0,82.0,207.0,1,1,1.0
138,1,939.0,323.0,85.0,211.0,1,1,1.0
139,1,937.0,325.0,86.0,212.0,1,1,1.0
140,1,938.0,325.0,86.0,212.0,1,1,1.0
141,1,932.0,327.0,86.0,212.0,1,1,1.0
142,1,932.0,328.0,85.0,212.0,1,1,1.0
143,1,930.0,327.0,85.0,212.0,1,1,1.0
144,1,929.0,327.0,85.0,214.0,1,1,1.0
145,1,929.0,329.0,84.0,219.0,1,1,1.0
146,1,929.0,331.0,83.0,220.0,1,1,1.0
147,1,929.0,336.0,82.0,221.0,1,1,1.0
148,1,929.0,339.0,82.0,221.0,1,1,1.0
149,1,931.0,341.0,82.0,224.0,1,1,1.0
150,1,928.0,343.0,81.0,225.0,1,1,1.0
151,1,930.0,344.0,82.0,225.0,1,1,1.0
152,1,929.0,345.0,83.0,225.0,1,1,1.0
153,1,928.0,344.0,85.0,224.0,1,1,1.0
154,1,928.0,346.0,88.0,224.0,1,1,1.0
155,1,925.0,345.0,91.0,228.0,1,1,1.0
156,1,924.0,348.0,92.0,232.0,1,1,1.0
157,1,925.0,352.0,91.0,234.0,1,1,1.0
158,1,925.0,356.0,90.0,237.0,1,1,1.0
159,1,923.0,358.0,89.0,237.0,1,1,1.0
160,1,924.0,361.0,88.0,240.0,1,1,1.0
161,1,923.0,363.0,87.0,241.0,1,1,1.0
162,1,922.0,364.0,86.0,241.0,1,1,1.0
163,1,921.0,365.0,88.0,241.0,1,1,1.0
164,1,918.0,365.0,90.0,240.0,1,1,1.0
165,1,916.0,366.0,94.0,239.0,1,1,1.0
166,1,916.0,368.0,97.0,239.0,1,1,1.0
167,1,914.0,370.0,99.0,245.0,1,1,1.0
168,1,914.0,374.0,99.0,250.0,1,1,1.0
169,1,915.0,378.0,98.0,251.0,1,1,1.0
170,1,916.0,382.0,97.0,254.0,1,1,1.0
171,1,918.0,385.0,95.0,256.0,1,1,1.0
172,1,920.0,387.0,93.0,257.0,1,1,1.0
173,1,922.0,388.0,92.0,256.0,1,1,1.0
174,1,924.0,388.0,91.0,256.0,1,1,1.0
175,1,925.0,388.0,92.0,256.0,1,1,1.0
176,1,925.0,389.0,96.0,255.0,1,1,1.0
177,1,924.0,392.0,99.0,260.0,1,1,1.0
178,1,922.0,395.0,103.0,266.0,1,1,1.0
179,1,921.0,398.0,105.0,269.0,1,1,1.0
180,1,920.0,403.0,107.0,270.0,1,1,1.0
181,1,920.0,406.0,107.0,277.0,1,1,1.0
182,1,920.0,409.0,106.0,278.0,1,1,1.0
183,1,921.0,412.0,104.0,278.0,1,1,1.0
184,1,921.0,413.0,102.0,276.0,1,1,1.0
185,1,920.0,415.0,102.0,275.0,1,1,1.0
186,1,919.0,416.0,104.0,274.0,1,1,1.0
187,1,917.0,417.0,106.0,273.0,1,1,1.0
188,1,916.0,419.0,108.0,277.0,1,1,1.0
189,1,914.0,423.0,110.0,284.0,1,1,1.0
190,1,915.0,428.0,109.0,286.0,1,1,1.0
191,1,916.0,433.0,108.0,289.0,1,1,1.0
192,1,917.0,437.0,106.0,293.0,1,1,1.0
193,1,919.0,440.0,105.0,297.0,1,1,1.0
194,1,922.0,443.0,104.0,297.0,1,1,1.0
195,1,924.0,444.0,105.0,296.0,1,1,1.0
196,1,925.0,446.0,106.0,295.0,1,1,1.0
197,1,927.0,447.0,110.0,294.0,1,1,1.0
198,1,927.0,449.0,115.0,292.0,1,1,1.0
199,1,926.0,452.0,120.0,300.0,1,1,1.0
200,1,925.0,457.0,123.0,310.0,1,1,1.0
201,1,925.0,466.0,126.0,313.0,1,1,1.0
202,1,924.0,472.0,126.0,320.0,1,1,1.0
203,1,923.0,476.0,126.0,321.0,1,1,1.0
204,1,923.0,479.0,125.0,321.0,1,1,1.0
205,1,923.0,480.0,123.0,320.0,1,1,1.0
206,1,922.0,482.0,122.0,319.0,1,1,1.0
207,1,921.0,484.0,123.0,317.0,1,1,1.0
208,1,921.0,487.0,123.0,316.0,1,1,1.0
209,1,920.0,490.0,123.0,328.0,1,1,1.0
210,1,921.0,496.0,123.0,337.0,1,1,1.0
211,1,922.0,503.0,122.0,340.0,1,1,1.0
212,1,923.0,509.0,121.0,346.0,1,1,1.0
213,1,925.0,514.0,121.0,351.0,1,1,1.0
214,1,927.0,518.0,123.0,351.0,1,1,1.0
215,1,929.0,521.0,124.0,350.0,1,1,1.0
216,1,930.0,522.0,127.0,348.0,1,1,1.0
217,1,930.0,524.0,132.0,346.0,1,1,1.0
218,1,930.0,527.0,138.0,345.0,1,1,1.0
219,1,928.0,531.0,144.0,359.0,1,1,1.0
220,1,927.0,536.0,148.0,372.0,1,1,1.0
221,1,925.0,547.0,152.0,382.0,1,1,1.0
222,1,924.0,555.0,153.0,384.0,1,1,1.0
223,1,924.0,561.0,152.0,385.0,1,1,1.0
224,1,924.0,566.0,150.0,384.0,1,1,1.0
225,1,924.0,570.0,148.0,381.0,1,1,1.0
226,1,923.0,573.0,148.0,378.0,1,1,1.0
227,1,922.0,575.0,150.0,375.0,1,1,1.0
228,1,922.0,580.0,151.0,369.0,1,1,1.0
229,1,921.0,585.0,151.0,374.0,1,1,1.0
230,1,923.0,592.0,150.0,390.0,1,1,1.0
231,1,924.0,599.0,148.0,398.0,1,1,1.0
232,1,926.0,608.0,147.0,402.0,1,1,1.0
233,1,928.0,616.0,147.0,408.0,1,1,1.0
234,1,930.0,622.0,146.0,413.0,1,1,1.0
235,1,932.0,628.0,147.0,412.0,1,1,1.0
236,1,933.0,632.0,149.0,409.0,1,1,1.0
237,1,932.0,637.0,152.0,406.0,1,1,1.0
238,1,930.0,641.0,158.0,402.0,1,1,1.0
239,1,927.0,645.0,165.0,397.0,1,1,1.0
240,1,923.0,651.0,171.0,410.0,1,1,1.0
241,1,918.0,664.0,176.0,411.0,1,1,1.0
242,1,915.0,675.0,178.0,405.0,1,1,1.0
243,1,913.0,685.0,180.0,397.0,1,1,1.0
244,1,912.0,692.0,179.0,390.0,1,1,1.0
245,1,911.0,698.0,178.0,383.0,1,1,1.0
246,1,911.0,705.0,178.0,377.0,1,1,1.0
247,1,909.0,710.0,180.0,371.0,1,1,1.0
248,1,908.0,716.0,185.0,365.0,1,1,1.0
249,1,906.0,722.0,189.0,358.0,1,1,1.0
250,1,904.0,730.0,192.0,350.0,1,1,1.0
251,1,904.0,740.0,193.0,340.0,1,1,1.0
252,1,904.0,751.0,193.0,329.0,1,1,1.0
253,1,905.0,762.0,193.0,317.0,1,1,1.0
254,1,907.0,772.0,192.0,307.0,1,1,1.0
255,1,910.0,781.0,191.0,298.0,1,1,1.0
256,1,912.0,787.0,190.0,292.0,1,1,1.0
257,1,914.0,793.0,192.0,286.0,1,1,1.0
258,1,914.0,799.0,194.0,280.0,1,1,1.0
259,1,913.0,806.0,199.0,273.0,1,1,1.0
260,1,912.0,813.0,208.0,265.0,1,1,1.0
261,1,912.0,829.0,215.0,250.0,1,1,1.0
262,1,911.0,843.0,218.0,236.0,1,1,1.0
263,1,913.0,856.0,216.0,223.0,1,1,1.0
264,1,914.0,869.0,213.0,209.0,1,1,1.0
265,1,917.0,880.0,209.0,199.0,1,1,1.0
266,1,919.0,890.0,206.0,189.0,1,1,1.0
267,1,920.0,898.0,202.0,180.0,1,1,1.0
268,1,922.0,907.0,199.0,171.0,1,1,1.0
269,1,920.0,917.0,200.0,162.0,1,1,1.0
270,1,919.0,928.0,202.0,151.0,1,1,1.0
271,1,918.0,939.0,201.0,139.0,1,1,1.0
272,1,919.0,952.0,197.0,127.0,1,1,1.0
273,1,925.0,967.0,189.0,112.0,1,1,1.0
274,1,936.0,981.0,174.0,97.0,1,1,1.0
340,2,317.0,882.0,165.0,196.0,1,1,1.0
341,2,312.0,877.0,172.0,201.0,1,1,1.0
343,2,300.0,867.0,180.0,211.0,1,1,1.0
347,2,270.0,835.0,170.0,243.0,1,1,1.0
349,2,247.0,815.0,188.0,262.0,1,1,1.0
350,2,238.0,803.0,199.0,274.0,1,1,1.0
351,2,233.0,795.0,204.0,281.0,1,1,1.0
352,2,233.0,787.0,205.0,290.0,1,1,1.0
353,2,232.0,782.0,205.0,295.0,1,1,1.0
354,2,231.0,775.0,206.0,302.0,1,1,1.0
355,2,232.0,768.0,203.0,309.0,1,1,1.0
356,2,235.0,759.0,196.0,318.0,1,1,1.0
357,2,238.0,749.0,186.0,329.0,1,1,1.0
358,2,239.0,739.0,178.0,339.0,1,1,1.0
359,2,238.0,730.0,172.0,347.0,1,1,1.0
360,2,237.0,722.0,166.0,355.0,1,1,1.0
361,2,237.0,716.0,161.0,361.0,1,1,1.0
362,2,235.0,709.0,159.0,368.0,1,1,1.0
363,2,233.0,705.0,160.0,372.0,1,1,1.0
364,2,230.0,703.0,162.0,374.0,1,1,1.0
365,2,227.0,700.0,165.0,378.0,1,1,1.0
366,2,222.0,695.0,171.0,383.0,1,1,1.0
367,2,216.0,688.0,174.0,385.0,1,1,1.0
368,2,206.0,681.0,178.0,381.0,1,1,1.0
369,2,198.0,672.0,179.0,372.0,1,1,1.0
370,2,191.0,665.0,177.0,372.0,1,1,1.0
371,2,187.0,659.0,173.0,373.0,1,1,1.0
372,2,183.0,654.0,173.0,376.0,1,1,1.0
373,2,179.0,651.0,174.0,379.0,1,1,1.0
374,2,179.0,646.0,172.0,382.0,1,1,1.0
375,2,180.0,643.0,167.0,385.0,1,1,1.0
376,2,182.0,639.0,162.0,387.0,1,1,1.0
377,2,185.0,634.0,162.0,391.0,1,1,1.0
378,2,187.0,627.0,162.0,386.0,1,1,1.0
379,2,187.0,620.0,163.0,371.0,1,1,1.0
380,2,187.0,614.0,159.0,363.0,1,1,1.0
381,2,185.0,607.0,153.0,352.0,1,1,1.0
382,2,183.0,603.0,148.0,347.0,1,1,1.0
383,2,178.0,597.0,144.0,348.0,1,1,1.0
384,2,176.0,596.0,142.0,349.0,1,1,1.0
385,2,176.0,595.0,142.0,350.0,1,1,1.0
386,2,175.0,593.0,142.0,351.0,1,1,1.0
387,2,175.0,592.0,141.0,353.0,1,1,1.0
388,2,175.0,590.0,141.0,354.0,1,1,1.0
389,2,173.0,586.0,143.0,347.0,1,1,1.0
390,2,171.0,583.0,143.0,343.0,1,1,1.0
391,2,168.0,577.0,143.0,334.0,1,1,1.0
392,2,165.0,572.0,145.0,323.0,1,1,1.0
393,2,165.0,568.0,142.0,319.0,1,1,1.0
394,2,167.0,563.0,139.0,321.0,1,1,1.0
395,2,167.0,559.0,141.0,324.0,1,1,1.0
396,2,167.0,556.0,144.0,327.0,1,1,1.0
397,2,163.0,555.0,151.0,328.0,1,1,1.0
398,2,161.0,552.0,157.0,330.0,1,1,1.0
399,2,165.0,550.0,155.0,332.0,1,1,1.0
400,2,171.0,548.0,150.0,335.0,1,1,1.0
401,2,174.0,543.0,147.0,329.0,1,1,1.0
402,2,176.0,539.0,145.0,305.0,1,1,1.0
403,2,173.0,533.0,142.0,298.0,1,1,1.0
404,2,171.0,528.0,139.0,300.0,1,1,1.0
405,2,170.0,525.0,135.0,299.0,1,1,1.0
406,2,170.0,522.0,130.0,301.0,1,1,1.0
407,2,171.0,520.0,123.0,303.0,1,1,1.0
408,2,172.0,519.0,115.0,304.0,1,1,1.0
409,2,173.0,517.0,111.0,305.0,1,1,1.0
410,2,176.0,517.0,107.0,306.0,1,1,1.0
411,2,177.0,517.0,105.0,307.0,1,1,1.0
412,2,176.0,514.0,106.0,304.0,1,1,1.0
413,2,176.0,513.0,105.0,302.0,1,1,1.0
414,2,174.0,509.0,105.0,296.0,1,1,1.0
415,2,172.0,505.0,105.0,286.0,1,1,1.0
416,2,170.0,501.0,106.0,282.0,1,1,1.0
417,2,167.0,497.0,108.0,282.0,1,1,1.0
418,2,166.0,494.0,107.0,283.0,1,1,1.0
419,2,165.0,492.0,105.0,285.0,1,1,1.0
420,2,166.0,491.0,103.0,287.0,1,1,1.0
421,2,169.0,490.0,97.0,287.0,1,1,1.0
422,2,171.0,489.0,95.0,286.0,1,1,1.0
423,2,171.0,487.0,96.0,284.0,1,1,1.0
424,2,172.0,484.0,98.0,281.0,1,1,1.0
425,2,172.0,481.0,99.0,261.0,1,1,1.0
426,2,171.0,475.0,101.0,258.0,1,1,1.0
427,2,167.0,472.0,104.0,259.0,1,1,1.0
428,2,164.0,469.0,106.0,259.0,1,1,1.0
429,2,162.0,468.0,106.0,260.0,1,1,1.0
430,2,161.0,467.0,105.0,261.0,1,1,1.0
431,2,161.0,466.0,103.0,262.0,1,1,1.0
432,2,163.0,466.0,101.0,262.0,1,1,1.0
433,2,166.0,466.0,98.0,261.0,1,1,1.0
434,2,169.0,466.0,95.0,261.0,1,1,1.0
435,2,168.0,465.0,96.0,260.0,1,1,1.0
436,2,164.0,462.0,98.0,257.0,1,1,1.0
437,2,162.0,459.0,98.0,252.0,1,1,1.0
438,2,159.0,455.0,97.0,248.0,1,1,1.0
439,2,156.0,451.0,96.0,247.0,1,1,1.0
440,2,152.0,448.0,99.0,247.0,1,1,1.0
441,2,149.0,448.0,103.0,247.0,1,1,1.0
442,2,148.0,446.0,105.0,248.0,1,1,1.0
443,2,149.0,445.0,106.0,250.0,1,1,1.0
444,2,149.0,444.0,106.0,250.0,1,1,1.0
445,2,151.0,442.0,105.0,252.0,1,1,1.0
446,2,154.0,439.0,101.0,253.0,1,1,1.0
447,2,158.0,437.0,96.0,250.0,1,1,1.0
448,2,162.0,434.0,91.0,246.0,1,1,1.0
449,2,163.0,431.0,87.0,239.0,1,1,1.0
450,2,164.0,429.0,84.0,234.0,1,1,1.0
451,2,163.0,427.0,82.0,234.0,1,1,1.0
452,2,162.0,425.0,82.0,235.0,1,1,1.0
453,2,161.0,423.0,82.0,237.0,1,1,1.0
454,2,160.0,422.0,82.0,238.0,1,1,1.0
455,2,159.0,421.0,82.0,239.0,1,1,1.0
456,2,160.0,421.0,82.0,239.0,1,1,1.0
457,2,162.0,421.0,80.0,239.0,1,1,1.0
458,2,164.0,420.0,78.0,237.0,1,1,1.0
459,2,165.0,419.0,78.0,234.0,1,1,1.0
460,2,167.0,417.0,79.0,230.0,1,1,1.0
461,2,168.0,415.0,81.0,223.0,1,1,1.0
462,2,168.0,411.0,83.0,223.0,1,1,1.0
463,2,168.0,410.0,85.0,222.0,1,1,1.0
464,2,168.0,409.0,85.0,221.0,1,1,1.0
465,2,169.0,408.0,84.0,222.0,1,1,1.0
466,2,170.0,406.0,83.0,223.0,1,1,1.0
467,2,171.0,405.0,80.0,224.0,1,1,1.0
468,2,172.0,404.0,77.0,225.0,1,1,1.0
469,2,175.0,403.0,74.0,224.0,1,1,1.0
470,2,177.0,401.0,72.0,223.0,1,1,1.0
471,2,178.0,400.0,71.0,211.0,1,1,1.0
472,2,179.0,398.0,71.0,209.0,1,1,1.0
473,2,180.0,395.0,72.0,207.0,1,1,1.0
474,2,181.0,393.0,73.0,211.0,1,1,1.0
475,2,182.0,392.0,74.0,210.0,1,1,1.0
476,2,183.0,391.0,76.0,210.0,1,1,1.0
477,2,183.0,391.0,77.0,209.0,1,1,1.0
478,2,183.0,391.0,78.0,209.0,1,1,1.0
479,2,183.0,391.0,78.0,210.0,1,1,1.0
480,2,184.0,390.0,77.0,211.0,1,1,1.0
481,2,186.0,389.0,75.0,209.0,1,1,1.0
482,2,189.0,387.0,71.0,208.0,1,1,1.0
483,2,193.0,384.0,67.0,204.0,1,1,1.0
484,2,195.0,381.0,66.0,201.0,1,1,1.0
485,2,198.0,380.0,65.0,200.0,1,1,1.0
486,2,203.0,378.0,64.0,200.0,1,1,1.0
487,2,207.0,377.0,68.0,201.0,1,1,1.0
488,2,212.0,375.0,73.0,202.0,1,1,1.0
489,2,216.0,375.0,84.0,202.0,1,1,1.0
490,2,218.0,375.0,88.0,202.0,1,1,1.0
491,2,221.0,374.0,88.0,202.0,1,1,1.0
492,2,219.0,371.0,91.0,205.0,1,1,1.0
493,2,226.0,370.0,85.0,201.0,1,1,1.0
494,2,234.0,368.0,77.0,195.0,1,1,1.0
495,2,243.0,367.0,69.0,194.0,1,1,1.0
496,2,249.0,365.0,66.0,194.0,1,1,1.0
497,2,254.0,363.0,65.0,196.0,1,1,1.0
498,2,259.0,361.0,67.0,197.0,1,1,1.0
499,2,264.0,361.0,71.0,197.0,1,1,1.0
500,2,269.0,361.0,79.0,197.0,1,1,1.0
501,2,274.0,360.0,88.0,198.0,1,1,1.0
502,2,276.0,359.0,93.0,199.0,1,1,1.0
503,2,278.0,356.0,93.0,199.0,1,1,1.0
504,2,283.0,355.0,89.0,199.0,1,1,1.0
505,2,290.0,354.0,82.0,195.0,1,1,1.0
506,2,298.0,351.0,75.0,197.0,1,1,1.0
507,2,314.0,349.0,61.0,192.0,1,1,1.0
508,2,324.0,347.0,55.0,191.0,1,1,1.0
509,2,331.0,347.0,54.0,190.0,1,1,1.0
510,2,336.0,347.0,64.0,190.0,1,1,1.0
511,2,340.0,347.0,78.0,190.0,1,1,1.0
512,2,342.0,346.0,89.0,190.0,1,1,1.0
513,2,343.0,345.0,96.0,191.0,1,1,1.0
514,2,344.0,344.0,101.0,191.0,1,1,1.0
515,2,346.0,342.0,100.0,190.0,1,1,1.0
516,2,354.0,341.0,93.0,190.0,1,1,1.0
517,2,366.0,339.0,81.0,188.0,1,1,1.0
518,2,379.0,337.0,67.0,189.0,1,1,1.0
519,2,391.0,336.0,55.0,190.0,1,1,1.0
520,2,398.0,336.0,55.0,190.0,1,1,1.0
521,2,407.0,335.0,73.0,191.0,1,1,1.0
522,2,411.0,335.0,87.0,191.0,1,1,1.0
523,2,413.0,336.0,97.0,190.0,1,1,1.0
524,2,415.0,335.0,101.0,190.0,1,1,1.0
525,2,417.0,333.0,101.0,190.0,1,1,1.0
526,2,426.0,331.0,92.0,191.0,1,1,1.0
527,2,442.0,328.0,76.0,189.0,1,1,1.0
528,2,454.0,326.0,63.0,187.0,1,1,1.0
529,2,463.0,324.0,58.0,188.0,1,1,1.0
531,3,509.0,320.0,86.0,183.0,1,1,1.0
532,3,524.0,317.0,71.0,185.0,1,1,1.0
533,3,537.0,316.0,58.0,186.0,1,1,1.0
534,3,549.0,315.0,64.0,187.0,1,1,1.0
535,3,557.0,315.0,71.0,187.0,1,1,1.0
536,3,563.0,315.0,80.0,187.0,1,1,1.0
537,3,566.0,315.0,88.0,187.0,1,1,1.0
538,3,567.0,315.0,92.0,187.0,1,1,1.0
539,3,570.0,313.0,91.0,187.0,1,1,1.0
540,3,579.0,311.0,82.0,186.0,1,1,1.0
541,3,591.0,308.0,70.0,185.0,1,1,1.0
542,3,602.0,305.0,63.0,183.0,1,1,1.0
543,3,609.0,303.0,60.0,184.0,1,1,1.0
544,3,616.0,302.0,60.0,183.0,1,1,1.0
545,3,622.0,302.0,68.0,182.0,1,1,1.0
546,3,631.0,302.0,90.0,180.0,1,1,1.0
547,3,639.0,301.0,94.0,179.0,1,1,1.0
548,3,651.0,299.0,87.0,178.0,1,1,1.0
549,3,664.0,298.0,75.0,178.0,1,1,1.0
550,3,683.0,295.0,67.0,180.0,1,1,1.0
551,3,693.0,293.0,68.0,182.0,1,1,1.0
552,3,700.0,293.0,71.0,181.0,1,1,1.0
553,3,704.0,294.0,78.0,181.0,1,1,1.0
554,3,706.0,294.0,87.0,180.0,1,1,1.0
555,3,709.0,295.0,91.0,179.0,1,1,1.0
556,3,710.0,294.0,94.0,179.0,1,1,1.0
557,3,715.0,293.0,93.0,179.0,1,1,1.0
558,3,727.0,291.0,85.0,177.0,1,1,1.0
559,3,739.0,289.0,77.0,175.0,1,1,1.0
560,3,752.0,287.0,66.0,175.0,1,1,1.0
561,3,760.0,286.0,61.0,176.0,1,1,1.0
562,3,767.0,286.0,59.0,174.0,1,1,1.0
563,3,771.0,286.0,70.0,174.0,1,1,1.0
564,3,770.0,287.0,88.0,173.0,1,1,1.0
565,3,771.0,287.0,97.0,172.0,1,1,1.0
566,3,774.0,288.0,102.0,171.0,1,1,1.0
567,3,775.0,288.0,104.0,172.0,1,1,1.0
568,3,780.0,287.0,100.0,171.0,1,1,1.0
569,3,791.0,285.0,89.0,168.0,1,1,1.0
570,3,812.0,282.0,73.0,170.0,1,1,1.0
571,3,826.0,280.0,67.0,171.0,1,1,1.0
572,3,834.0,279.0,68.0,172.0,1,1,1.0
573,3,839.0,278.0,71.0,172.0,1,1,1.0
574,3,844.0,279.0,73.0,171.0,1,1,1.0
575,3,848.0,280.0,77.0,170.0,1,1,1.0
576,3,851.0,280.0,80.0,169.0,1,1,1.0
577,3,853.0,280.0,82.0,169.0,1,1,1.0
578,3,857.0,278.0,82.0,170.0,1,1,1.0
579,3,866.0,277.0,76.0,169.0,1,1,1.0
580,3,876.0,275.0,69.0,166.0,1,1,1.0
581,3,886.0,273.0,62.0,164.0,1,1,1.0
582,3,894.0,272.0,58.0,165.0,1,1,1.0
583,3,901.0,271.0,57.0,166.0,1,1,1.0
584,3,906.0,271.0,57.0,166.0,1,1,1.0
585,3,909.0,269.0,65.0,167.0,1,1,1.0
586,3,910.0,269.0,76.0,167.0,1,1,1.0
587,3,909.0,271.0,84.0,165.0,1,1,1.0
588,3,909.0,273.0,87.0,163.0,1,1,1.0
589,3,911.0,274.0,87.0,162.0,1,1,1.0
590,3,919.0,269.0,80.0,162.0,1,1,1.0
591,3,930.0,268.0,70.0,162.0,1,1,1.0
592,3,943.0,268.0,64.0,162.0,1,1,1.0
593,3,952.0,267.0,63.0,162.0,1,1,1.0
594,3,959.0,267.0,65.0,163.0,1,1,1.0
595,3,963.0,268.0,69.0,162.0,1,1,1.0
596,3,967.0,268.0,72.0,161.0,1,1,1.0
597,3,970.0,269.0,76.0,160.0,1,1,1.0
598,3,971.0,269.0,79.0,159.0,1,1,1.0
599,3,974.0,270.0,80.0,158.0,1,1,1.0
600,3,981.0,269.0,77.0,158.0,1,1,1.0
601,3,990.0,267.0,71.0,157.0,1,1,1.0
602,3,1000.0,265.0,63.0,156.0,1,1,1.0
603,3,1009.0,263.0,57.0,157.0,1,1,1.0
604,3,1015.0,262.0,55.0,157.0,1,1,1.0
605,3,1019.0,262.0,56.0,157.0,1,1,1.0
606,3,1020.0,263.0,66.0,156.0,1,1,1.0
607,3,1020.0,264.0,73.0,155.0,1,1,1.0
608,3,1022.0,264.0,77.0,154.0,1,1,1.0
609,3,1022.0,265.0,80.0,153.0,1,1,1.0
610,3,1023.0,265.0,81.0,153.0,1,1,1.0
611,3,1029.0,264.0,76.0,152.0,1,1,1.0
612,3,1037.0,264.0,71.0,151.0,1,1,1.0
613,3,1047.0,264.0,69.0,151.0,1,1,1.0
614,3,1057.0,262.0,67.0,152.0,1,1,1.0
615,3,1064.0,261.0,66.0,154.0,1,1,1.0
616,3,1068.0,260.0,68.0,154.0,1,1,1.0
617,3,1071.0,260.0,72.0,154.0,1,1,1.0
618,3,1074.0,261.0,77.0,154.0,1,1,1.0
619,3,1077.0,261.0,76.0,153.0,1,1,1.0
620,3,1079.0,263.0,76.0,151.0,1,1,1.0
621,3,1081.0,264.0,78.0,149.0,1,1,1.0
622,3,1085.0,264.0,76.0,149.0,1,1,1.0
623,3,1095.0,262.0,69.0,149.0,1,1,1.0
624,3,1104.0,260.0,67.0,149.0,1,1,1.0
625,3,1114.0,261.0,60.0,148.0,1,1,1.0
626,3,1120.0,259.0,54.0,149.0,1,1,1.0
627,3,1123.0,258.0,54.0,150.0,1,1,1.0
628,3,1123.0,236.0,61.0,171.0,1,1,1.0
630,3,1125.0,255.0,72.0,152.0,1,1,1.0
631,3,1127.0,259.0,75.0,147.0,1,1,1.0
633,3,1133.0,258.0,70.0,146.0,1,1,1.0
634,3,1140.0,258.0,64.0,145.0,1,1,1.0
635,3,1149.0,258.0,62.0,146.0,1,1,1.0
636,3,1158.0,257.0,60.0,146.0,1,1,1.0
637,3,1162.0,257.0,64.0,147.0,1,1,1.0
638,3,1164.0,257.0,69.0,147.0,1,1,1.0
639,3,1165.0,257.0,74.0,147.0,1,1,1.0
640,3,1167.0,258.0,77.0,146.0,1,1,1.0
641,3,1168.0,259.0,78.0,145.0,1,1,1.0
642,3,1172.0,259.0,75.0,144.0,1,1,1.0
643,3,1177.0,259.0,71.0,144.0,1,1,1.0
644,3,1183.0,259.0,66.0,144.0,1,1,1.0
645,3,1185.0,258.0,63.0,142.0,1,1,1.0
646,3,1186.0,256.0,62.0,141.0,1,1,1.0
647,3,1186.0,255.0,63.0,142.0,1,1,1.0
648,3,1186.0,254.0,65.0,143.0,1,1,1.0
650,3,1205.0,254.0,55.0,142.0,1,1,1.0
651,3,1209.0,254.0,58.0,142.0,1,1,1.0
652,3,1211.0,255.0,60.0,140.0,1,1,1.0
653,3,1212.0,256.0,61.0,139.0,1,1,1.0
654,3,1211.0,256.0,63.0,139.0,1,1,1.0
655,3,1212.0,256.0,65.0,138.0,1,1,1.0
656,3,1219.0,256.0,64.0,138.0,1,1,1.0
657,3,1225.0,254.0,62.0,140.0,1,1,1.0
658,3,1233.0,254.0,59.0,140.0,1,1,1.0
659,3,1237.0,253.0,57.0,139.0,1,1,1.0
660,3,1240.0,253.0,58.0,140.0,1,1,1.0
661,3,1241.0,253.0,61.0,140.0,1,1,1.0
662,3,1243.0,254.0,66.0,139.0,1,1,1.0
663,3,1245.0,254.0,67.0,139.0,1,1,1.0
664,3,1248.0,255.0,66.0,139.0,1,1,1.0
665,3,1251.0,255.0,64.0,138.0,1,1,1.0
