1,1,1070.0,216.0,136.0,400.0,1,1,1.0
2,1,1072.0,216.0,135.0,400.0,1,1,1.0
3,1,1074.0,215.0,133.0,399.0,1,1,1.0
4,1,1077.0,213.0,131.0,398.0,1,1,1.0
5,1,1080.0,209.0,129.0,392.0,1,1,1.0
6,1,1083.0,205.0,128.0,390.0,1,1,1.0
7,1,1085.0,200.0,129.0,379.0,1,1,1.0
8,1,1087.0,195.0,127.0,368.0,1,1,1.0
9,1,1088.0,192.0,126.0,365.0,1,1,1.0
10,1,1090.0,189.0,125.0,366.0,1,1,1.0
11,1,1091.0,187.0,124.0,367.0,1,1,1.0
12,1,1092.0,186.0,123.0,368.0,1,1,1.0
13,1,1092.0,186.0,122.0,368.0,1,1,1.0
14,1,1092.0,186.0,121.0,368.0,1,1,1.0
15,1,1091.0,185.0,120.0,367.0,1,1,1.0
16,1,1091.0,185.0,120.0,365.0,1,1,1.0
17,1,1089.0,183.0,120.0,360.0,1,1,1.0
18,1,1089.0,180.0,119.0,351.0,1,1,1.0
19,1,1088.0,177.0,120.0,337.0,1,1,1.0
20,1,1088.0,173.0,120.0,332.0,1,1,1.0
21,1,1088.0,170.0,117.0,333.0,1,1,1.0
22,1,1089.0,167.0,115.0,334.0,1,1,1.0
23,1,1088.0,166.0,114.0,336.0,1,1,1.0
24,1,1088.0,165.0,113.0,337.0,1,1,1.0
25,1,1089.0,164.0,112.0,338.0,1,1,1.0
26,1,1089.0,164.0,111.0,338.0,1,1,1.0
27,1,1090.0,163.0,109.0,338.0,1,1,1.0
28,1,1091.0,162.0,109.0,337.0,1,1,1.0
29,1,1092.0,159.0,108.0,333.0,1,1,1.0
30,1,1092.0,156.0,108.0,329.0,1,1,1.0
31,1,1092.0,153.0,108.0,319.0,1,1,1.0
32,1,1093.0,151.0,107.0,313.0,1,1,1.0
33,1,1093.0,149.0,106.0,311.0,1,1,1.0
34,1,1092.0,147.0,106.0,311.0,1,1,1.0
35,1,1092.0,146.0,104.0,312.0,1,1,1.0
36,1,1091.0,146.0,103.0,312.0,1,1,1.0
37,1,1089.0,146.0,103.0,312.0,1,1,1.0
38,1,1088.0,147.0,102.0,311.0,1,1,1.0
39,1,1085.0,146.0,101.0,309.0,1,1,1.0
40,1,1082.0,145.0,101.0,305.0,1,1,1.0
41,1,1079.0,143.0,100.0,304.0,1,1,1.0
42,1,1077.0,141.0,101.0,297.0,1,1,1.0
43,1,1074.0,138.0,101.0,289.0,1,1,1.0
44,1,1073.0,135.0,100.0,288.0,1,1,1.0
45,1,1072.0,133.0,100.0,289.0,1,1,1.0
46,1,1070.0,131.0,99.0,290.0,1,1,1.0
47,1,1070.0,130.0,99.0,291.0,1,1,1.0
48,1,1069.0,130.0,98.0,291.0,1,1,1.0
49,1,1069.0,130.0,97.0,291.0,1,1,1.0
50,1,1070.0,130.0,96.0,291.0,1,1,1.0
51,1,1070.0,129.0,96.0,290.0,1,1,1.0
52,1,1070.0,127.0,95.0,288.0,1,1,1.0
53,1,1071.0,125.0,94.0,286.0,1,1,1.0
54,1,1071.0,123.0,94.0,280.0,1,1,1.0
55,1,1071.0,120.0,93.0,272.0,1,1,1.0
56,1,1071.0,118.0,93.0,270.0,1,1,1.0
57,1,1071.0,116.0,93.0,271.0,1,1,1.0
58,1,1071.0,115.0,92.0,271.0,1,1,1.0
59,1,1071.0,114.0,92.0,272.0,1,1,1.0
60,1,1070.0,114.0,95.0,272.0,1,1,1.0
61,1,1069.0,115.0,99.0,272.0,1,1,1.0
62,1,1069.0,115.0,95.0,271.0,1,1,1.0
63,1,1067.0,116.0,102.0,270.0,1,1,1.0
64,1,1065.0,115.0,106.0,268.0,1,1,1.0
65,1,1063.0,113.0,106.0,267.0,1,1,1.0
66,1,1061.0,111.0,105.0,261.0,1,1,1.0
67,1,1060.0,109.0,101.0,254.0,1,1,1.0
68,1,1059.0,107.0,98.0,252.0,1,1,1.0
69,1,1057.0,105.0,92.0,253.0,1,1,1.0
70,1,1056.0,104.0,89.0,254.0,1,1,1.0
71,1,1056.0,104.0,88.0,254.0,1,1,1.0
72,1,1056.0,103.0,88.0,255.0,1,1,1.0
73,1,1056.0,104.0,88.0,254.0,1,1,1.0
74,1,1056.0,104.0,94.0,254.0,1,1,1.0
75,1,1057.0,104.0,96.0,253.0,1,1,1.0
76,1,1058.0,103.0,93.0,253.0,1,1,1.0
77,1,1059.0,101.0,87.0,251.0,1,1,1.0
78,1,1059.0,97.0,84.0,250.0,1,1,1.0
79,1,1060.0,95.0,82.0,242.0,1,1,1.0
80,1,1060.0,94.0,81.0,241.0,1,1,1.0
81,1,1060.0,92.0,82.0,240.0,1,1,1.0
82,1,1060.0,90.0,81.0,241.0,1,1,1.0
83,1,1059.0,89.0,81.0,241.0,1,1,1.0
84,1,1059.0,89.0,80.0,241.0,1,1,1.0
85,1,1058.0,89.0,79.0,241.0,1,1,1.0
86,1,1057.0,91.0,79.0,239.0,1,1,1.0
87,1,1057.0,92.0,78.0,238.0,1,1,1.0
88,1,1055.0,92.0,78.0,237.0,1,1,1.0
89,1,1053.0,91.0,78.0,234.0,1,1,1.0
90,1,1051.0,89.0,78.0,231.0,1,1,1.0
91,1,1050.0,86.0,78.0,225.0,1,1,1.0
92,1,1048.0,84.0,77.0,223.0,1,1,1.0
93,1,1047.0,83.0,77.0,224.0,1,1,1.0
94,1,1047.0,81.0,76.0,225.0,1,1,1.0
95,1,1046.0,81.0,75.0,225.0,1,1,1.0
96,1,1046.0,81.0,75.0,225.0,1,1,1.0
97,1,1046.0,81.0,75.0,225.0,1,1,1.0
98,1,1046.0,82.0,74.0,224.0,1,1,1.0
99,1,1046.0,82.0,74.0,223.0,1,1,1.0
100,1,1046.0,81.0,74.0,223.0,1,1,1.0
101,1,1046.0,80.0,73.0,222.0,1,1,1.0
102,1,1045.0,78.0,73.0,219.0,1,1,1.0
103,1,1045.0,76.0,74.0,214.0,1,1,1.0
104,1,1043.0,74.0,75.0,213.0,1,1,1.0
105,1,1042.0,73.0,76.0,213.0,1,1,1.0
106,1,1042.0,72.0,77.0,213.0,1,1,1.0
107,1,1041.0,72.0,77.0,213.0,1,1,1.0
108,1,1040.0,72.0,78.0,213.0,1,1,1.0
109,1,1037.0,72.0,79.0,212.0,1,1,1.0
110,1,1035.0,73.0,80.0,211.0,1,1,1.0
111,1,1034.0,73.0,80.0,211.0,1,1,1.0
112,1,1033.0,73.0,80.0,211.0,1,1,1.0
113,1,1032.0,72.0,79.0,210.0,1,1,1.0
114,1,1031.0,70.0,79.0,206.0,1,1,1.0
115,1,1031.0,67.0,79.0,202.0,1,1,1.0
116,1,1032.0,66.0,79.0,200.0,1,1,1.0
117,1,1031.0,66.0,78.0,200.0,1,1,1.0
118,1,1031.0,65.0,77.0,200.0,1,1,1.0
119,1,1031.0,65.0,77.0,201.0,1,1,1.0
120,1,1031.0,65.0,75.0,201.0,1,1,1.0
121,1,1032.0,65.0,73.0,200.0,1,1,1.0
122,1,1032.0,66.0,72.0,199.0,1,1,1.0
123,1,1032.0,66.0,72.0,199.0,1,1,1.0
124,1,1032.0,65.0,72.0,199.0,1,1,1.0
125,1,1031.0,63.0,73.0,199.0,1,1,1.0
126,1,1031.0,61.0,74.0,197.0,1,1,1.0
127,1,1030.0,60.0,74.0,195.0,1,1,1.0
128,1,1030.0,58.0,74.0,194.0,1,1,1.0
129,1,1031.0,57.0,73.0,192.0,1,1,1.0
130,1,1031.0,56.0,72.0,192.0,1,1,1.0
131,1,1032.0,56.0,70.0,191.0,1,1,1.0
132,1,1033.0,57.0,69.0,191.0,1,1,1.0
133,1,1033.0,58.0,67.0,190.0,1,1,1.0
134,1,1032.0,58.0,66.0,189.0,1,1,1.0
135,1,1031.0,59.0,65.0,188.0,1,1,1.0
136,1,1029.0,59.0,65.0,188.0,1,1,1.0
137,1,1027.0,58.0,67.0,187.0,1,1,1.0
138,1,1024.0,57.0,67.0,183.0,1,1,1.0
139,1,1021.0,55.0,69.0,181.0,1,1,1.0
140,1,1019.0,54.0,70.0,181.0,1,1,1.0
141,1,1017.0,53.0,70.0,181.0,1,1,1.0
142,1,1016.0,51.0,71.0,182.0,1,1,1.0
143,1,1015.0,51.0,71.0,183.0,1,1,1.0
144,1,1015.0,51.0,72.0,183.0,1,1,1.0
145,1,1014.0,52.0,72.0,182.0,1,1,1.0
146,1,1014.0,53.0,71.0,181.0,1,1,1.0
147,1,1014.0,53.0,70.0,181.0,1,1,1.0
148,1,1013.0,53.0,69.0,180.0,1,1,1.0
149,1,1013.0,52.0,68.0,180.0,1,1,1.0
150,1,1013.0,51.0,68.0,177.0,1,1,1.0
151,1,1012.0,49.0,69.0,174.0,1,1,1.0
152,1,1012.0,48.0,70.0,174.0,1,1,1.0
153,1,1012.0,47.0,69.0,175.0,1,1,1.0
154,1,1012.0,46.0,67.0,175.0,1,1,1.0
155,1,1013.0,47.0,66.0,174.0,1,1,1.0
156,1,1014.0,47.0,65.0,173.0,1,1,1.0
157,1,1014.0,48.0,63.0,173.0,1,1,1.0
158,1,1014.0,49.0,61.0,172.0,1,1,1.0
159,1,1012.0,49.0,61.0,171.0,1,1,1.0
160,1,1010.0,49.0,62.0,171.0,1,1,1.0
161,1,1008.0,48.0,68.0,170.0,1,1,1.0
162,1,1005.0,46.0,72.0,166.0,1,1,1.0
163,1,1002.0,45.0,73.0,166.0,1,1,1.0
164,1,999.0,44.0,73.0,166.0,1,1,1.0
165,1,998.0,43.0,72.0,167.0,1,1,1.0
166,1,997.0,43.0,72.0,167.0,1,1,1.0
167,1,996.0,43.0,70.0,167.0,1,1,1.0
168,1,995.0,43.0,69.0,166.0,1,1,1.0
169,1,995.0,43.0,69.0,166.0,1,1,1.0
170,1,995.0,43.0,69.0,166.0,1,1,1.0
171,1,995.0,43.0,69.0,166.0,1,1,1.0
172,1,995.0,43.0,69.0,164.0,1,1,1.0
173,1,994.0,42.0,69.0,160.0,1,1,1.0
174,1,993.0,41.0,70.0,159.0,1,1,1.0
175,1,992.0,40.0,71.0,160.0,1,1,1.0
176,1,992.0,40.0,72.0,160.0,1,1,1.0
177,1,991.0,40.0,72.0,159.0,1,1,1.0
178,1,990.0,40.0,72.0,159.0,1,1,1.0
179,1,990.0,40.0,72.0,159.0,1,1,1.0
180,1,989.0,41.0,72.0,158.0,1,1,1.0
181,1,988.0,41.0,71.0,158.0,1,1,1.0
182,1,988.0,41.0,71.0,158.0,1,1,1.0
183,1,987.0,41.0,70.0,157.0,1,1,1.0
184,1,987.0,40.0,69.0,154.0,1,1,1.0
185,1,986.0,39.0,68.0,153.0,1,1,1.0
186,1,987.0,38.0,67.0,154.0,1,1,1.0
187,1,989.0,37.0,64.0,154.0,1,1,1.0
188,1,991.0,37.0,61.0,154.0,1,1,1.0
189,1,992.0,37.0,60.0,154.0,1,1,1.0
190,1,993.0,37.0,59.0,153.0,1,1,1.0
191,1,994.0,38.0,58.0,153.0,1,1,1.0
192,1,994.0,38.0,57.0,152.0,1,1,1.0
193,1,994.0,38.0,58.0,151.0,1,1,1.0
194,1,993.0,38.0,59.0,151.0,1,1,1.0
195,1,993.0,38.0,60.0,148.0,1,1,1.0
196,1,992.0,37.0,61.0,146.0,1,1,1.0
197,1,992.0,36.0,61.0,147.0,1,1,1.0
198,1,991.0,35.0,62.0,148.0,1,1,1.0
199,1,991.0,34.0,62.0,148.0,1,1,1.0
200,1,990.0,34.0,63.0,148.0,1,1,1.0
201,1,989.0,34.0,64.0,148.0,1,1,1.0
202,1,989.0,35.0,63.0,148.0,1,1,1.0
203,1,988.0,35.0,63.0,147.0,1,1,1.0
204,1,988.0,36.0,63.0,146.0,1,1,1.0
205,1,987.0,36.0,64.0,146.0,1,1,1.0
206,1,986.0,36.0,63.0,145.0,1,1,1.0
207,1,986.0,34.0,63.0,142.0,1,1,1.0
208,1,987.0,34.0,61.0,141.0,1,1,1.0
209,1,989.0,33.0,59.0,142.0,1,1,1.0
210,1,990.0,32.0,56.0,142.0,1,1,1.0
211,1,991.0,32.0,55.0,143.0,1,1,1.0
212,1,991.0,32.0,54.0,143.0,1,1,1.0
213,1,992.0,32.0,54.0,142.0,1,1,1.0
214,1,992.0,32.0,54.0,141.0,1,1,1.0
215,1,991.0,33.0,54.0,141.0,1,1,1.0
216,1,991.0,33.0,54.0,140.0,1,1,1.0
217,1,989.0,33.0,56.0,140.0,1,1,1.0
218,1,987.0,32.0,58.0,139.0,1,1,1.0
219,1,985.0,32.0,59.0,137.0,1,1,1.0
220,1,984.0,30.0,60.0,138.0,1,1,1.0
221,1,983.0,29.0,60.0,138.0,1,1,1.0
222,1,983.0,29.0,60.0,138.0,1,1,1.0
223,1,983.0,29.0,59.0,138.0,1,1,1.0
224,1,983.0,30.0,58.0,137.0,1,1,1.0
225,1,983.0,31.0,57.0,136.0,1,1,1.0
226,1,983.0,31.0,57.0,136.0,1,1,1.0
227,1,982.0,31.0,56.0,136.0,1,1,1.0
228,1,983.0,31.0,54.0,135.0,1,1,1.0
229,1,978.0,31.0,59.0,134.0,1,1,1.0
230,1,976.0,30.0,59.0,132.0,1,1,1.0
231,1,977.0,29.0,58.0,131.0,1,1,1.0
232,1,976.0,28.0,57.0,131.0,1,1,1.0
233,1,976.0,28.0,56.0,132.0,1,1,1.0
234,1,977.0,28.0,54.0,132.0,1,1,1.0
235,1,978.0,28.0,52.0,131.0,1,1,1.0
236,1,978.0,28.0,51.0,131.0,1,1,1.0
237,1,979.0,29.0,51.0,130.0,1,1,1.0
238,1,979.0,29.0,51.0,130.0,1,1,1.0
239,1,978.0,28.0,51.0,130.0,1,1,1.0
240,1,978.0,27.0,51.0,129.0,1,1,1.0
241,1,979.0,26.0,50.0,128.0,1,1,1.0
242,1,979.0,26.0,48.0,128.0,1,1,1.0
243,1,980.0,26.0,47.0,128.0,1,1,1.0
244,1,981.0,25.0,45.0,128.0,1,1,1.0
245,1,982.0,25.0,45.0,128.0,1,1,1.0
246,1,981.0,25.0,44.0,127.0,1,1,1.0
247,1,981.0,26.0,43.0,126.0,1,1,1.0
248,1,979.0,26.0,43.0,125.0,1,1,1.0
249,1,976.0,26.0,43.0,125.0,1,1,1.0
250,1,974.0,26.0,44.0,124.0,1,1,1.0
251,1,972.0,25.0,46.0,123.0,1,1,1.0
252,1,970.0,24.0,47.0,124.0,1,1,1.0
253,1,967.0,24.0,49.0,124.0,1,1,1.0
254,1,965.0,23.0,50.0,124.0,1,1,1.0
255,1,964.0,23.0,50.0,124.0,1,1,1.0
256,1,963.0,23.0,50.0,124.0,1,1,1.0
257,1,962.0,23.0,50.0,124.0,1,1,1.0
258,1,962.0,23.0,50.0,124.0,1,1,1.0
259,1,961.0,24.0,50.0,123.0,1,1,1.0
260,1,960.0,23.0,50.0,123.0,1,1,1.0
261,1,960.0,22.0,50.0,122.0,1,1,1.0
262,1,959.0,21.0,50.0,122.0,1,1,1.0
263,1,960.0,21.0,49.0,122.0,1,1,1.0
264,1,961.0,21.0,47.0,119.0,1,1,1.0
265,1,961.0,21.0,45.0,120.0,1,1,1.0
266,1,962.0,21.0,44.0,121.0,1,1,1.0
267,1,962.0,22.0,43.0,120.0,1,1,1.0
268,1,961.0,22.0,42.0,119.0,1,1,1.0
269,1,960.0,22.0,42.0,119.0,1,1,1.0
270,1,958.0,22.0,42.0,119.0,1,1,1.0
271,1,955.0,22.0,44.0,118.0,1,1,1.0
272,1,953.0,21.0,45.0,117.0,1,1,1.0
273,1,950.0,21.0,46.0,118.0,1,1,1.0
274,1,948.0,20.0,47.0,118.0,1,1,1.0
275,1,947.0,20.0,48.0,118.0,1,1,1.0
276,1,946.0,20.0,48.0,118.0,1,1,1.0
277,1,945.0,20.0,48.0,118.0,1,1,1.0
278,1,945.0,20.0,48.0,118.0,1,1,1.0
279,1,946.0,21.0,47.0,117.0,1,1,1.0
280,1,946.0,21.0,46.0,116.0,1,1,1.0
281,1,948.0,20.0,45.0,116.0,1,1,1.0
282,1,949.0,20.0,44.0,116.0,1,1,1.0
283,1,949.0,20.0,44.0,114.0,1,1,1.0
284,1,949.0,19.0,44.0,114.0,1,1,1.0
285,1,949.0,19.0,44.0,114.0,1,1,1.0
286,1,949.0,19.0,43.0,114.0,1,1,1.0
287,1,949.0,19.0,43.0,114.0,1,1,1.0
288,1,949.0,18.0,43.0,114.0,1,1,1.0
289,1,949.0,19.0,43.0,114.0,1,1,1.0
290,1,949.0,19.0,42.0,113.0,1,1,1.0
291,1,949.0,19.0,42.0,113.0,1,1,1.0
292,1,948.0,20.0,42.0,112.0,1,1,1.0
293,1,948.0,19.0,41.0,112.0,1,1,1.0
294,1,948.0,19.0,41.0,111.0,1,1,1.0
295,1,947.0,19.0,40.0,110.0,1,1,1.0
296,1,947.0,19.0,40.0,110.0,1,1,1.0
297,1,948.0,18.0,39.0,110.0,1,1,1.0
298,1,947.0,18.0,39.0,110.0,1,1,1.0
299,1,947.0,19.0,39.0,110.0,1,1,1.0
300,1,948.0,19.0,38.0,110.0,1,1,1.0
301,1,948.0,19.0,38.0,109.0,1,1,1.0
302,1,949.0,19.0,38.0,108.0,1,1,1.0
303,1,949.0,19.0,37.0,108.0,1,1,1.0
304,1,949.0,18.0,37.0,108.0,1,1,1.0
305,1,949.0,18.0,39.0,107.0,1,1,1.0
306,1,949.0,17.0,39.0,107.0,1,1,1.0
307,1,949.0,17.0,39.0,107.0,1,1,1.0
308,1,949.0,17.0,39.0,107.0,1,1,1.0
309,1,949.0,17.0,39.0,107.0,1,1,1.0
310,1,949.0,17.0,39.0,107.0,1,1,1.0
311,1,949.0,17.0,40.0,106.0,1,1,1.0
312,1,949.0,18.0,39.0,105.0,1,1,1.0
313,1,949.0,18.0,39.0,105.0,1,1,1.0
314,1,949.0,18.0,38.0,105.0,1,1,1.0
315,1,949.0,17.0,38.0,104.0,1,1,1.0
316,1,949.0,16.0,38.0,104.0,1,1,1.0
317,1,949.0,16.0,37.0,104.0,1,1,1.0
318,1,950.0,15.0,37.0,104.0,1,1,1.0
319,1,950.0,15.0,37.0,104.0,1,1,1.0
320,1,951.0,15.0,36.0,104.0,1,1,1.0
321,1,951.0,15.0,37.0,103.0,1,1,1.0
322,1,952.0,16.0,37.0,103.0,1,1,1.0
323,1,952.0,16.0,37.0,103.0,1,1,1.0
324,1,952.0,15.0,38.0,103.0,1,1,1.0
325,1,953.0,15.0,38.0,103.0,1,1,1.0
326,1,953.0,15.0,39.0,102.0,1,1,1.0
327,1,954.0,14.0,39.0,102.0,1,1,1.0
328,1,954.0,14.0,39.0,102.0,1,1,1.0
329,1,954.0,13.0,39.0,101.0,1,1,1.0
330,1,955.0,13.0,39.0,102.0,1,1,1.0
331,1,955.0,13.0,38.0,102.0,1,1,1.0
332,1,955.0,13.0,39.0,102.0,1,1,1.0
333,1,955.0,14.0,39.0,101.0,1,1,1.0
334,1,955.0,14.0,39.0,101.0,1,1,1.0
335,1,955.0,14.0,39.0,100.0,1,1,1.0
336,1,955.0,14.0,38.0,99.0,1,1,1.0
337,1,955.0,14.0,38.0,98.0,1,1,1.0
338,1,954.0,13.0,39.0,98.0,1,1,1.0
339,1,954.0,13.0,39.0,98.0,1,1,1.0
340,1,954.0,12.0,38.0,99.0,1,1,1.0
341,1,955.0,12.0,38.0,100.0,1,1,1.0
342,1,955.0,11.0,37.0,100.0,1,1,1.0
343,1,956.0,11.0,36.0,100.0,1,1,1.0
344,1,956.0,12.0,36.0,99.0,1,1,1.0
345,1,957.0,12.0,35.0,99.0,1,1,1.0
346,1,957.0,12.0,35.0,99.0,1,1,1.0
347,1,958.0,11.0,35.0,98.0,1,1,1.0
348,1,958.0,11.0,35.0,99.0,1,1,1.0
349,1,958.0,10.0,36.0,99.0,1,1,1.0
350,1,957.0,10.0,38.0,98.0,1,1,1.0
351,1,956.0,10.0,38.0,98.0,1,1,1.0
352,1,956.0,10.0,39.0,98.0,1,1,1.0
353,1,957.0,10.0,38.0,98.0,1,1,1.0
354,1,958.0,11.0,37.0,97.0,1,1,1.0
355,1,959.0,11.0,37.0,97.0,1,1,1.0
356,1,961.0,11.0,36.0,97.0,1,1,1.0
357,1,962.0,11.0,36.0,97.0,1,1,1.0
358,1,963.0,11.0,35.0,96.0,1,1,1.0
359,1,965.0,10.0,34.0,95.0,1,1,1.0
360,1,968.0,9.0,33.0,94.0,1,1,1.0
363,1,972.0,9.0,32.0,95.0,1,1,1.0
364,1,973.0,9.0,34.0,95.0,1,1,1.0
365,1,973.0,9.0,37.0,95.0,1,1,1.0
370,1,984.0,9.0,35.0,87.0,1,1,1.0
372,1,990.0,9.0,35.0,91.0,1,1,1.0
377,1,1000.0,11.0,42.0,95.0,1,1,1.0
379,1,1010.0,12.0,37.0,91.0,1,1,1.0
380,1,1015.0,12.0,36.0,92.0,1,1,1.0
381,1,1016.0,12.0,39.0,93.0,1,1,1.0
382,1,1020.0,12.0,39.0,94.0,1,1,1.0
383,1,1022.0,12.0,39.0,96.0,1,1,1.0
384,1,1024.0,12.0,40.0,97.0,1,1,1.0
385,1,1025.0,12.0,41.0,98.0,1,1,1.0
386,1,1025.0,12.0,42.0,99.0,1,1,1.0
387,1,1026.0,12.0,43.0,99.0,1,1,1.0
388,1,1030.0,12.0,41.0,99.0,1,1,1.0
389,1,1033.0,12.0,39.0,100.0,1,1,1.0
390,1,1034.0,12.0,38.0,99.0,1,1,1.0
391,1,1037.0,12.0,34.0,100.0,1,1,1.0
392,1,1039.0,12.0,31.0,99.0,1,1,1.0
393,1,1041.0,12.0,32.0,100.0,1,1,1.0
394,1,1042.0,13.0,35.0,99.0,1,1,1.0
395,1,1042.0,13.0,39.0,99.0,1,1,1.0
396,1,1042.0,14.0,43.0,99.0,1,1,1.0
397,1,1042.0,15.0,45.0,99.0,1,1,1.0
398,1,1044.0,15.0,45.0,99.0,1,1,1.0
399,1,1046.0,15.0,45.0,99.0,1,1,1.0
400,1,1051.0,14.0,45.0,100.0,1,1,1.0
401,1,1057.0,14.0,45.0,99.0,1,1,1.0
402,1,1062.0,14.0,43.0,99.0,1,1,1.0
403,1,1065.0,14.0,43.0,100.0,1,1,1.0
404,1,1067.0,15.0,43.0,101.0,1,1,1.0
405,1,1069.0,15.0,44.0,101.0,1,1,1.0
406,1,1070.0,16.0,44.0,101.0,1,1,1.0
407,1,1071.0,16.0,44.0,101.0,1,1,1.0
408,1,1072.0,17.0,44.0,101.0,1,1,1.0
409,1,1075.0,17.0,41.0,102.0,1,1,1.0
410,1,1078.0,16.0,39.0,102.0,1,1,1.0
411,1,1080.0,16.0,37.0,103.0,1,1,1.0
412,1,1082.0,16.0,37.0,103.0,1,1,1.0
413,1,1083.0,16.0,37.0,103.0,1,1,1.0
414,1,1085.0,16.0,37.0,103.0,1,1,1.0
415,1,1086.0,17.0,37.0,103.0,1,1,1.0
416,1,1087.0,18.0,40.0,103.0,1,1,1.0
417,1,1088.0,18.0,43.0,103.0,1,1,1.0
418,1,1088.0,19.0,44.0,103.0,1,1,1.0
419,1,1089.0,20.0,45.0,103.0,1,1,1.0
420,1,1090.0,20.0,46.0,103.0,1,1,1.0
421,1,1092.0,19.0,47.0,104.0,1,1,1.0
422,1,1097.0,19.0,46.0,104.0,1,1,1.0
423,1,1101.0,19.0,44.0,104.0,1,1,1.0
424,1,1106.0,19.0,42.0,102.0,1,1,1.0
425,1,1109.0,20.0,40.0,103.0,1,1,1.0
426,1,1112.0,20.0,39.0,104.0,1,1,1.0
427,1,1114.0,20.0,36.0,104.0,1,1,1.0
428,1,1115.0,20.0,35.0,104.0,1,1,1.0
429,1,1116.0,21.0,34.0,105.0,1,1,1.0
430,1,1116.0,21.0,35.0,106.0,1,1,1.0
431,1,1117.0,21.0,35.0,106.0,1,1,1.0
432,1,1120.0,21.0,34.0,106.0,1,1,1.0
433,1,1123.0,20.0,34.0,107.0,1,1,1.0
434,1,1124.0,20.0,36.0,107.0,1,1,1.0
435,1,1126.0,20.0,36.0,107.0,1,1,1.0
436,1,1127.0,20.0,38.0,107.0,1,1,1.0
437,1,1128.0,20.0,41.0,107.0,1,1,1.0
438,1,1128.0,21.0,44.0,108.0,1,1,1.0
439,1,1130.0,22.0,46.0,107.0,1,1,1.0
440,1,1131.0,23.0,47.0,107.0,1,1,1.0
441,1,1132.0,23.0,47.0,107.0,1,1,1.0
442,1,1133.0,24.0,50.0,107.0,1,1,1.0
443,1,1134.0,24.0,53.0,108.0,1,1,1.0
444,1,1136.0,23.0,54.0,109.0,1,1,1.0
445,1,1139.0,23.0,53.0,109.0,1,1,1.0
446,1,1144.0,23.0,51.0,109.0,1,1,1.0
447,1,1150.0,23.0,46.0,109.0,1,1,1.0
448,1,1154.0,23.0,42.0,108.0,1,1,1.0
449,1,1157.0,23.0,41.0,109.0,1,1,1.0
450,1,1159.0,24.0,40.0,109.0,1,1,1.0
451,1,1161.0,25.0,39.0,109.0,1,1,1.0
452,1,1162.0,25.0,38.0,109.0,1,1,1.0
453,1,1162.0,26.0,39.0,109.0,1,1,1.0
454,1,1163.0,26.0,40.0,110.0,1,1,1.0
455,1,1165.0,25.0,38.0,110.0,1,1,1.0
456,1,1169.0,25.0,36.0,111.0,1,1,1.0
457,1,1172.0,25.0,35.0,111.0,1,1,1.0
458,1,1173.0,25.0,35.0,111.0,1,1,1.0
459,1,1173.0,25.0,37.0,111.0,1,1,1.0
460,1,1175.0,25.0,39.0,110.0,1,1,1.0
461,1,1175.0,26.0,43.0,110.0,1,1,1.0
462,1,1178.0,26.0,44.0,111.0,1,1,1.0
463,1,1177.0,27.0,48.0,114.0,1,1,1.0
464,1,1177.0,28.0,52.0,116.0,1,1,1.0
465,1,1179.0,28.0,53.0,119.0,1,1,1.0
466,1,1180.0,29.0,54.0,120.0,1,1,1.0
467,1,1182.0,29.0,55.0,122.0,1,1,1.0
468,1,1185.0,29.0,55.0,123.0,1,1,1.0
469,1,1189.0,29.0,53.0,123.0,1,1,1.0
470,1,1195.0,28.0,50.0,123.0,1,1,1.0
471,1,1202.0,28.0,45.0,123.0,1,1,1.0
472,1,1207.0,28.0,41.0,122.0,1,1,1.0
473,1,1210.0,29.0,39.0,122.0,1,1,1.0
474,1,1213.0,30.0,39.0,120.0,1,1,1.0
475,1,1215.0,31.0,40.0,120.0,1,1,1.0
476,1,1215.0,31.0,41.0,120.0,1,1,1.0
477,1,1216.0,32.0,42.0,120.0,1,1,1.0
478,1,1216.0,32.0,44.0,120.0,1,1,1.0
479,1,1218.0,32.0,45.0,118.0,1,1,1.0
480,1,1218.0,32.0,47.0,119.0,1,1,1.0
483,1,1234.0,32.0,38.0,116.0,1,1,1.0
484,1,1236.0,32.0,41.0,116.0,1,1,1.0
485,1,1237.0,32.0,49.0,116.0,1,1,1.0
486,1,1239.0,32.0,51.0,117.0,1,1,1.0
487,1,1241.0,33.0,52.0,117.0,1,1,1.0
488,1,1242.0,34.0,55.0,117.0,1,1,1.0
489,1,1243.0,35.0,57.0,118.0,1,1,1.0
490,1,1244.0,36.0,56.0,118.0,1,1,1.0
491,1,1248.0,36.0,54.0,118.0,1,1,1.0
492,1,1253.0,35.0,51.0,118.0,1,1,1.0
493,1,1261.0,35.0,46.0,116.0,1,1,1.0
494,1,1266.0,35.0,44.0,117.0,1,1,1.0
495,1,1272.0,36.0,42.0,118.0,1,1,1.0
496,1,1276.0,36.0,42.0,118.0,1,1,1.0
497,1,1278.0,37.0,44.0,120.0,1,1,1.0
498,1,1280.0,38.0,45.0,120.0,1,1,1.0
499,1,1281.0,39.0,47.0,120.0,1,1,1.0
500,1,1281.0,39.0,48.0,121.0,1,1,1.0
501,1,1288.0,40.0,47.0,121.0,1,1,1.0
502,1,1290.0,40.0,47.0,121.0,1,1,1.0
503,1,1295.0,39.0,43.0,122.0,1,1,1.0
504,1,1298.0,39.0,41.0,122.0,1,1,1.0
505,1,1299.0,40.0,42.0,121.0,1,1,1.0
506,1,1299.0,41.0,46.0,119.0,1,1,1.0
507,1,1299.0,43.0,50.0,118.0,1,1,1.0
508,1,1299.0,43.0,59.0,120.0,1,1,1.0
511,1,1304.0,45.0,64.0,122.0,1,1,1.0
513,1,1314.0,47.0,58.0,121.0,1,1,1.0
514,1,1321.0,46.0,54.0,121.0,1,1,1.0
515,1,1328.0,46.0,52.0,120.0,1,1,1.0
516,1,1337.0,47.0,49.0,120.0,1,1,1.0
518,1,1346.0,47.0,51.0,123.0,1,1,1.0
519,1,1348.0,47.0,54.0,124.0,1,1,1.0
520,1,1348.0,48.0,55.0,125.0,1,1,1.0
521,1,1348.0,49.0,58.0,125.0,1,1,1.0
522,1,1349.0,50.0,60.0,125.0,1,1,1.0
523,1,1353.0,50.0,58.0,126.0,1,1,1.0
524,1,1358.0,51.0,54.0,126.0,1,1,1.0
525,1,1364.0,51.0,49.0,126.0,1,1,1.0
527,1,1375.0,50.0,42.0,127.0,1,1,1.0
528,1,1379.0,50.0,41.0,127.0,1,1,1.0
529,1,1381.0,51.0,42.0,126.0,1,1,1.0
530,1,1383.0,55.0,49.0,124.0,1,1,1.0
531,1,1381.0,55.0,59.0,124.0,1,1,1.0
532,1,1382.0,56.0,63.0,124.0,1,1,1.0
533,1,1383.0,58.0,65.0,125.0,1,1,1.0
534,1,1384.0,58.0,66.0,126.0,1,1,1.0
535,1,1387.0,59.0,64.0,125.0,1,1,1.0
536,1,1392.0,58.0,62.0,125.0,1,1,1.0
537,1,1397.0,56.0,62.0,127.0,1,1,1.0
538,1,1404.0,56.0,59.0,127.0,1,1,1.0
539,1,1415.0,57.0,53.0,124.0,1,1,1.0
540,1,1422.0,58.0,48.0,125.0,1,1,1.0
541,1,1426.0,60.0,48.0,126.0,1,1,1.0
542,1,1428.0,61.0,51.0,127.0,1,1,1.0
543,1,1428.0,62.0,53.0,127.0,1,1,1.0
544,1,1429.0,63.0,56.0,127.0,1,1,1.0
545,1,1429.0,63.0,59.0,128.0,1,1,1.0
546,1,1431.0,63.0,59.0,129.0,1,1,1.0
547,1,1435.0,63.0,57.0,130.0,1,1,1.0
548,1,1442.0,63.0,52.0,129.0,1,1,1.0
549,1,1449.0,63.0,47.0,129.0,1,1,1.0
550,1,1455.0,64.0,45.0,129.0,1,1,1.0
551,1,1458.0,64.0,44.0,129.0,1,1,1.0
552,1,1462.0,64.0,44.0,128.0,1,1,1.0
553,1,1463.0,65.0,47.0,129.0,1,1,1.0
554,1,1464.0,67.0,54.0,129.0,1,1,1.0
555,1,1465.0,68.0,62.0,130.0,1,1,1.0
556,1,1465.0,69.0,65.0,130.0,1,1,1.0
557,1,1466.0,70.0,67.0,131.0,1,1,1.0
558,1,1468.0,71.0,67.0,131.0,1,1,1.0
559,1,1473.0,71.0,65.0,132.0,1,1,1.0
560,1,1480.0,71.0,63.0,131.0,1,1,1.0
561,1,1485.0,71.0,63.0,131.0,1,1,1.0
562,1,1495.0,72.0,55.0,131.0,1,1,1.0
563,1,1502.0,72.0,51.0,131.0,1,1,1.0
564,1,1507.0,73.0,49.0,132.0,1,1,1.0
565,1,1510.0,75.0,50.0,131.0,1,1,1.0
566,1,1512.0,76.0,46.0,131.0,1,1,1.0
567,1,1513.0,78.0,49.0,131.0,1,1,1.0
568,1,1513.0,78.0,51.0,131.0,1,1,1.0
569,1,1516.0,79.0,50.0,132.0,1,1,1.0
570,1,1522.0,78.0,44.0,132.0,1,1,1.0
571,1,1525.0,78.0,43.0,133.0,1,1,1.0
572,1,1528.0,78.0,45.0,133.0,1,1,1.0
573,1,1529.0,78.0,48.0,133.0,1,1,1.0
574,1,1529.0,78.0,49.0,133.0,1,1,1.0
575,1,1530.0,79.0,50.0,135.0,1,1,1.0
576,1,1527.0,79.0,53.0,136.0,1,1,1.0
577,1,1530.0,80.0,52.0,137.0,1,1,1.0
578,1,1533.0,81.0,50.0,137.0,1,1,1.0
579,1,1534.0,81.0,51.0,137.0,1,1,1.0
580,1,1537.0,82.0,51.0,137.0,1,1,1.0
581,1,1539.0,83.0,50.0,136.0,1,1,1.0
582,1,1540.0,83.0,51.0,136.0,1,1,1.0
583,1,1541.0,84.0,52.0,136.0,1,1,1.0
584,1,1542.0,84.0,52.0,136.0,1,1,1.0
585,1,1542.0,84.0,52.0,136.0,1,1,1.0
586,1,1541.0,83.0,53.0,136.0,1,1,1.0
587,1,1537.0,83.0,56.0,138.0,1,1,1.0
588,1,1533.0,84.0,59.0,138.0,1,1,1.0
589,1,1531.0,85.0,58.0,137.0,1,1,1.0
590,1,1531.0,85.0,56.0,137.0,1,1,1.0
591,1,1531.0,85.0,54.0,138.0,1,1,1.0
592,1,1530.0,83.0,52.0,139.0,1,1,1.0
593,1,1528.0,83.0,53.0,140.0,1,1,1.0
594,1,1526.0,82.0,53.0,141.0,1,1,1.0
595,1,1525.0,81.0,53.0,141.0,1,1,1.0
596,1,1523.0,80.0,53.0,142.0,1,1,1.0
597,1,1520.0,80.0,54.0,142.0,1,1,1.0
598,1,1518.0,80.0,54.0,144.0,1,1,1.0
599,1,1515.0,82.0,55.0,142.0,1,1,1.0
600,1,1512.0,84.0,56.0,141.0,1,1,1.0
601,1,1509.0,84.0,57.0,141.0,1,1,1.0
602,1,1507.0,85.0,56.0,142.0,1,1,1.0
603,1,1505.0,85.0,54.0,142.0,1,1,1.0
604,1,1502.0,84.0,52.0,142.0,1,1,1.0
605,1,1499.0,83.0,51.0,144.0,1,1,1.0
606,1,1495.0,82.0,52.0,145.0,1,1,1.0
608,1,1488.0,80.0,52.0,146.0,1,1,1.0
609,1,1481.0,80.0,57.0,147.0,1,1,1.0
610,1,1474.0,80.0,61.0,147.0,1,1,1.0
611,1,1468.0,81.0,63.0,147.0,1,1,1.0
612,1,1465.0,81.0,64.0,147.0,1,1,1.0
613,1,1462.0,80.0,64.0,147.0,1,1,1.0
614,1,1463.0,79.0,61.0,148.0,1,1,1.0
615,1,1463.0,78.0,60.0,148.0,1,1,1.0
616,1,1462.0,77.0,60.0,149.0,1,1,1.0
617,1,1460.0,76.0,61.0,150.0,1,1,1.0
618,1,1455.0,76.0,64.0,153.0,1,1,1.0
619,1,1452.0,76.0,65.0,154.0,1,1,1.0
620,1,1449.0,77.0,66.0,156.0,1,1,1.0
621,1,1447.0,77.0,66.0,157.0,1,1,1.0
622,1,1445.0,78.0,65.0,157.0,1,1,1.0
623,1,1444.0,80.0,63.0,155.0,1,1,1.0
624,1,1442.0,81.0,63.0,155.0,1,1,1.0
625,1,1441.0,79.0,61.0,157.0,1,1,1.0
626,1,1438.0,77.0,59.0,158.0,1,1,1.0
627,1,1436.0,77.0,57.0,158.0,1,1,1.0
628,1,1433.0,77.0,55.0,158.0,1,1,1.0
629,1,1429.0,76.0,56.0,159.0,1,1,1.0
630,1,1422.0,77.0,60.0,159.0,1,1,1.0
631,1,1413.0,78.0,64.0,159.0,1,1,1.0
632,1,1406.0,79.0,68.0,159.0,1,1,1.0
633,1,1403.0,79.0,68.0,159.0,1,1,1.0
634,1,1401.0,79.0,67.0,159.0,1,1,1.0
635,1,1400.0,79.0,65.0,159.0,1,1,1.0
636,1,1399.0,78.0,63.0,159.0,1,1,1.0
637,1,1399.0,77.0,61.0,160.0,1,1,1.0
638,1,1398.0,76.0,61.0,162.0,1,1,1.0
639,1,1395.0,76.0,63.0,161.0,1,1,1.0
640,1,1392.0,76.0,65.0,162.0,1,1,1.0
641,1,1389.0,76.0,67.0,163.0,1,1,1.0
642,1,1386.0,76.0,68.0,165.0,1,1,1.0
643,1,1384.0,77.0,68.0,164.0,1,1,1.0
644,1,1381.0,78.0,68.0,165.0,1,1,1.0
645,1,1378.0,78.0,68.0,165.0,1,1,1.0
646,1,1375.0,77.0,67.0,166.0,1,1,1.0
647,1,1372.0,76.0,66.0,167.0,1,1,1.0
648,1,1369.0,75.0,65.0,168.0,1,1,1.0
649,1,1366.0,75.0,64.0,168.0,1,1,1.0
650,1,1363.0,74.0,62.0,169.0,1,1,1.0
651,1,1360.0,74.0,60.0,169.0,1,1,1.0
652,1,1353.0,74.0,62.0,169.0,1,1,1.0
653,1,1342.0,74.0,67.0,171.0,1,1,1.0
654,1,1333.0,74.0,72.0,171.0,1,1,1.0
655,1,1327.0,75.0,74.0,170.0,1,1,1.0
656,1,1323.0,75.0,76.0,170.0,1,1,1.0
657,1,1321.0,74.0,77.0,171.0,1,1,1.0
658,1,1320.0,73.0,74.0,172.0,1,1,1.0
659,1,1319.0,72.0,71.0,174.0,1,1,1.0
660,1,1319.0,70.0,68.0,175.0,1,1,1.0
661,1,1317.0,69.0,68.0,175.0,1,1,1.0
662,1,1315.0,69.0,69.0,176.0,1,1,1.0
663,1,1311.0,69.0,71.0,179.0,1,1,1.0
664,1,1306.0,69.0,75.0,180.0,1,1,1.0
665,1,1303.0,70.0,75.0,182.0,1,1,1.0
666,1,1300.0,71.0,75.0,178.0,1,1,1.0
667,1,1297.0,73.0,74.0,179.0,1,1,1.0
668,1,1293.0,74.0,73.0,180.0,1,1,1.0
669,1,1289.0,73.0,72.0,182.0,1,1,1.0
670,1,1286.0,73.0,70.0,182.0,1,1,1.0
671,1,1283.0,72.0,67.0,183.0,1,1,1.0
672,1,1279.0,70.0,64.0,185.0,1,1,1.0
673,1,1275.0,69.0,61.0,188.0,1,1,1.0
675,1,1266.0,70.0,60.0,186.0,1,1,1.0
676,1,1264.0,70.0,57.0,184.0,1,1,1.0
677,1,1260.0,71.0,56.0,182.0,1,1,1.0
680,1,1227.0,72.0,78.0,186.0,1,1,1.0
681,1,1222.0,70.0,76.0,195.0,1,1,1.0
682,1,1221.0,69.0,73.0,196.0,1,1,1.0
683,1,1220.0,68.0,69.0,201.0,1,1,1.0
684,1,1217.0,67.0,69.0,198.0,1,1,1.0
685,1,1215.0,66.0,69.0,195.0,1,1,1.0
687,1,1208.0,65.0,71.0,198.0,1,1,1.0
688,1,1204.0,67.0,72.0,195.0,1,1,1.0
689,1,1195.0,69.0,77.0,195.0,1,1,1.0
690,1,1187.0,70.0,83.0,195.0,1,1,1.0
691,1,1182.0,71.0,83.0,195.0,1,1,1.0
692,1,1179.0,71.0,81.0,195.0,1,1,1.0
693,1,1178.0,71.0,76.0,195.0,1,1,1.0
694,1,1176.0,70.0,70.0,197.0,1,1,1.0
695,1,1172.0,68.0,66.0,198.0,1,1,1.0
696,1,1168.0,67.0,64.0,199.0,1,1,1.0
697,1,1163.0,66.0,62.0,200.0,1,1,1.0
698,1,1155.0,66.0,66.0,202.0,1,1,1.0
699,1,1143.0,66.0,74.0,202.0,1,1,1.0
700,1,1131.0,67.0,80.0,203.0,1,1,1.0
701,1,1120.0,69.0,90.0,202.0,1,1,1.0
702,1,1114.0,70.0,94.0,202.0,1,1,1.0
703,1,1111.0,71.0,95.0,202.0,1,1,1.0
704,1,1109.0,71.0,95.0,202.0,1,1,1.0
705,1,1107.0,70.0,92.0,203.0,1,1,1.0
706,1,1105.0,69.0,86.0,204.0,1,1,1.0
707,1,1103.0,68.0,79.0,205.0,1,1,1.0
708,1,1100.0,68.0,78.0,205.0,1,1,1.0
709,1,1097.0,68.0,78.0,206.0,1,1,1.0
710,1,1093.0,69.0,81.0,209.0,1,1,1.0
711,1,1088.0,69.0,83.0,212.0,1,1,1.0
712,1,1082.0,71.0,86.0,212.0,1,1,1.0
713,1,1074.0,72.0,90.0,213.0,1,1,1.0
714,1,1069.0,74.0,90.0,213.0,1,1,1.0
715,1,1066.0,75.0,87.0,214.0,1,1,1.0
716,1,1062.0,76.0,83.0,213.0,1,1,1.0
717,1,1058.0,76.0,79.0,214.0,1,1,1.0
718,1,1054.0,75.0,75.0,214.0,1,1,1.0
719,1,1050.0,75.0,71.0,214.0,1,1,1.0
720,1,1045.0,75.0,68.0,215.0,1,1,1.0
721,1,1039.0,75.0,68.0,214.0,1,1,1.0
722,1,1027.0,75.0,75.0,215.0,1,1,1.0
723,1,1013.0,76.0,83.0,217.0,1,1,1.0
724,1,1003.0,76.0,92.0,218.0,1,1,1.0
725,1,997.0,78.0,96.0,218.0,1,1,1.0
726,1,994.0,80.0,97.0,218.0,1,1,1.0
727,1,993.0,80.0,97.0,217.0,1,1,1.0
728,1,992.0,80.0,91.0,218.0,1,1,1.0
729,1,990.0,79.0,86.0,218.0,1,1,1.0
730,1,987.0,79.0,82.0,218.0,1,1,1.0
731,1,982.0,79.0,79.0,218.0,1,1,1.0
732,1,977.0,80.0,72.0,221.0,1,1,1.0
733,1,972.0,80.0,69.0,224.0,1,1,1.0
734,1,967.0,81.0,67.0,227.0,1,1,1.0
735,1,961.0,83.0,69.0,229.0,1,1,1.0
736,1,954.0,85.0,75.0,228.0,1,1,1.0
737,1,949.0,86.0,78.0,229.0,1,1,1.0
738,1,944.0,87.0,82.0,230.0,1,1,1.0
739,1,940.0,88.0,84.0,230.0,1,1,1.0
740,1,935.0,89.0,82.0,229.0,1,1,1.0
741,1,930.0,89.0,77.0,229.0,1,1,1.0
742,1,924.0,88.0,73.0,229.0,1,1,1.0
743,1,919.0,89.0,72.0,229.0,1,1,1.0
744,1,913.0,89.0,72.0,229.0,1,1,1.0
745,1,903.0,89.0,77.0,230.0,1,1,1.0
746,1,882.0,91.0,94.0,230.0,1,1,1.0
747,1,874.0,92.0,101.0,231.0,1,1,1.0
748,1,869.0,94.0,106.0,231.0,1,1,1.0
749,1,867.0,95.0,108.0,232.0,1,1,1.0
750,1,865.0,95.0,108.0,232.0,1,1,1.0
751,1,863.0,95.0,103.0,233.0,1,1,1.0
752,1,860.0,95.0,95.0,233.0,1,1,1.0
753,1,856.0,94.0,88.0,233.0,1,1,1.0
754,1,852.0,94.0,79.0,234.0,1,1,1.0
755,1,846.0,94.0,74.0,237.0,1,1,1.0
756,1,842.0,95.0,72.0,240.0,1,1,1.0
757,1,836.0,97.0,72.0,243.0,1,1,1.0
758,1,830.0,99.0,74.0,243.0,1,1,1.0
759,1,823.0,102.0,81.0,242.0,1,1,1.0
760,1,818.0,103.0,85.0,243.0,1,1,1.0
