1,1,1209.0,387.0,216.0,569.0,1,1,1.0
1,2,952.0,389.0,240.0,595.0,1,1,1.0
1,3,193.0,583.0,316.0,336.0,1,1,1.0
2,1,1208.0,380.0,212.0,550.0,1,1,1.0
2,2,953.0,390.0,238.0,586.0,1,1,1.0
2,3,193.0,584.0,316.0,335.0,1,1,1.0
3,1,1208.0,371.0,210.0,526.0,1,1,1.0
3,2,954.0,387.0,236.0,588.0,1,1,1.0
3,3,193.0,584.0,316.0,335.0,1,1,1.0
4,1,1206.0,361.0,209.0,515.0,1,1,1.0
4,2,956.0,382.0,234.0,592.0,1,1,1.0
4,3,193.0,584.0,316.0,335.0,1,1,1.0
5,1,1205.0,352.0,211.0,519.0,1,1,1.0
5,2,958.0,382.0,232.0,589.0,1,1,1.0
5,3,193.0,584.0,316.0,335.0,1,1,1.0
6,1,1203.0,345.0,215.0,524.0,1,1,1.0
6,2,961.0,376.0,230.0,588.0,1,1,1.0
6,3,193.0,584.0,316.0,335.0,1,1,1.0
7,1,1198.0,340.0,224.0,528.0,1,1,1.0
7,2,966.0,369.0,226.0,582.0,1,1,1.0
7,3,193.0,584.0,316.0,335.0,1,1,1.0
8,1,1192.0,337.0,233.0,527.0,1,1,1.0
8,2,972.0,359.0,222.0,569.0,1,1,1.0
8,3,193.0,585.0,316.0,334.0,1,1,1.0
9,1,1193.0,334.0,235.0,521.0,1,1,1.0
9,2,975.0,349.0,219.0,554.0,1,1,1.0
9,3,193.0,585.0,316.0,334.0,1,1,1.0
10,1,1197.0,330.0,232.0,512.0,1,1,1.0
10,2,976.0,337.0,218.0,536.0,1,1,1.0
10,3,193.0,585.0,316.0,334.0,1,1,1.0
11,1,1201.0,323.0,224.0,503.0,1,1,1.0
11,2,976.0,327.0,218.0,523.0,1,1,1.0
11,3,193.0,585.0,316.0,333.0,1,1,1.0
12,1,1206.0,317.0,212.0,485.0,1,1,1.0
12,2,975.0,319.0,217.0,524.0,1,1,1.0
12,3,193.0,585.0,316.0,333.0,1,1,1.0
13,1,1207.0,309.0,200.0,467.0,1,1,1.0
13,2,975.0,312.0,215.0,529.0,1,1,1.0
13,3,193.0,585.0,316.0,334.0,1,1,1.0
14,1,1205.0,302.0,191.0,465.0,1,1,1.0
14,2,976.0,312.0,212.0,528.0,1,1,1.0
14,3,193.0,585.0,316.0,334.0,1,1,1.0
15,1,1201.0,297.0,188.0,464.0,1,1,1.0
15,2,977.0,311.0,208.0,529.0,1,1,1.0
15,3,193.0,585.0,316.0,334.0,1,1,1.0
16,1,1187.0,291.0,194.0,468.0,1,1,1.0
16,2,979.0,312.0,204.0,526.0,1,1,1.0
16,3,193.0,584.0,316.0,335.0,1,1,1.0
17,1,1189.0,289.0,185.0,468.0,1,1,1.0
17,2,981.0,313.0,199.0,524.0,1,1,1.0
17,3,193.0,584.0,316.0,335.0,1,1,1.0
18,1,1183.0,287.0,186.0,466.0,1,1,1.0
18,2,982.0,310.0,196.0,511.0,1,1,1.0
18,3,193.0,584.0,316.0,335.0,1,1,1.0
19,1,1185.0,285.0,177.0,459.0,1,1,1.0
19,2,982.0,303.0,205.0,480.0,1,1,1.0
19,3,193.0,584.0,316.0,335.0,1,1,1.0
20,1,1183.0,281.0,172.0,452.0,1,1,1.0
20,2,980.0,294.0,204.0,475.0,1,1,1.0
20,3,193.0,584.0,316.0,335.0,1,1,1.0
21,1,1181.0,276.0,169.0,445.0,1,1,1.0
21,2,978.0,282.0,195.0,460.0,1,1,1.0
21,3,192.0,584.0,317.0,338.0,1,1,1.0
22,1,1179.0,270.0,168.0,431.0,1,1,1.0
22,2,976.0,273.0,191.0,453.0,1,1,1.0
22,3,192.0,584.0,317.0,340.0,1,1,1.0
23,1,1167.0,263.0,179.0,415.0,1,1,1.0
23,2,972.0,265.0,190.0,456.0,1,1,1.0
23,3,192.0,584.0,317.0,340.0,1,1,1.0
24,1,1172.0,257.0,174.0,413.0,1,1,1.0
24,2,971.0,261.0,188.0,458.0,1,1,1.0
24,3,192.0,585.0,317.0,340.0,1,1,1.0
25,1,1159.0,252.0,188.0,415.0,1,1,1.0
25,2,973.0,258.0,181.0,461.0,1,1,1.0
25,3,192.0,585.0,317.0,340.0,1,1,1.0
26,1,1156.0,248.0,195.0,419.0,1,1,1.0
26,2,975.0,256.0,174.0,460.0,1,1,1.0
26,3,192.0,586.0,317.0,339.0,1,1,1.0
27,1,1156.0,245.0,198.0,420.0,1,1,1.0
27,2,975.0,255.0,169.0,461.0,1,1,1.0
27,3,192.0,586.0,317.0,338.0,1,1,1.0
28,1,1157.0,243.0,200.0,419.0,1,1,1.0
28,2,975.0,253.0,165.0,456.0,1,1,1.0
28,3,192.0,586.0,317.0,338.0,1,1,1.0
29,1,1159.0,241.0,200.0,413.0,1,1,1.0
29,2,975.0,249.0,163.0,449.0,1,1,1.0
29,3,192.0,586.0,317.0,338.0,1,1,1.0
30,1,1159.0,238.0,200.0,410.0,1,1,1.0
30,2,974.0,243.0,161.0,437.0,1,1,1.0
30,3,192.0,586.0,317.0,338.0,1,1,1.0
31,1,1160.0,233.0,193.0,404.0,1,1,1.0
31,2,972.0,235.0,164.0,422.0,1,1,1.0
31,3,192.0,586.0,317.0,337.0,1,1,1.0
32,1,1159.0,227.0,185.0,392.0,1,1,1.0
32,2,968.0,228.0,168.0,412.0,1,1,1.0
32,3,192.0,586.0,317.0,337.0,1,1,1.0
33,1,1158.0,222.0,176.0,383.0,1,1,1.0
33,2,964.0,221.0,174.0,412.0,1,1,1.0
33,3,192.0,586.0,318.0,337.0,1,1,1.0
34,1,1161.0,217.0,164.0,381.0,1,1,1.0
34,2,961.0,217.0,179.0,413.0,1,1,1.0
34,3,192.0,586.0,317.0,337.0,1,1,1.0
35,1,1164.0,214.0,154.0,382.0,1,1,1.0
35,2,959.0,216.0,181.0,413.0,1,1,1.0
35,3,192.0,586.0,318.0,337.0,1,1,1.0
36,1,1162.0,211.0,150.0,382.0,1,1,1.0
36,2,959.0,217.0,181.0,412.0,1,1,1.0
36,3,192.0,586.0,318.0,337.0,1,1,1.0
37,1,1161.0,210.0,146.0,382.0,1,1,1.0
37,2,961.0,218.0,178.0,410.0,1,1,1.0
37,3,192.0,586.0,318.0,337.0,1,1,1.0
38,1,1160.0,208.0,141.0,381.0,1,1,1.0
38,2,964.0,217.0,173.0,407.0,1,1,1.0
38,3,192.0,586.0,318.0,337.0,1,1,1.0
39,1,1159.0,206.0,136.0,376.0,1,1,1.0
39,2,967.0,215.0,170.0,402.0,1,1,1.0
39,3,192.0,586.0,318.0,337.0,1,1,1.0
40,1,1156.0,204.0,135.0,374.0,1,1,1.0
40,2,969.0,210.0,168.0,397.0,1,1,1.0
40,3,192.0,586.0,318.0,337.0,1,1,1.0
41,1,1153.0,200.0,133.0,368.0,1,1,1.0
41,2,970.0,205.0,166.0,381.0,1,1,1.0
41,3,192.0,584.0,317.0,337.0,1,1,1.0
42,1,1149.0,195.0,133.0,356.0,1,1,1.0
42,2,971.0,199.0,162.0,369.0,1,1,1.0
42,3,192.0,583.0,317.0,337.0,1,1,1.0
43,1,1144.0,191.0,137.0,348.0,1,1,1.0
43,2,972.0,193.0,161.0,368.0,1,1,1.0
43,3,193.0,584.0,316.0,336.0,1,1,1.0
44,1,1140.0,186.0,139.0,347.0,1,1,1.0
44,2,971.0,190.0,162.0,369.0,1,1,1.0
44,3,193.0,586.0,316.0,334.0,1,1,1.0
45,1,1137.0,183.0,143.0,348.0,1,1,1.0
45,2,971.0,188.0,164.0,370.0,1,1,1.0
45,3,193.0,586.0,316.0,333.0,1,1,1.0
46,1,1136.0,182.0,145.0,349.0,1,1,1.0
46,2,971.0,188.0,166.0,370.0,1,1,1.0
46,3,193.0,586.0,316.0,333.0,1,1,1.0
47,1,1137.0,181.0,146.0,348.0,1,1,1.0
47,2,972.0,188.0,165.0,368.0,1,1,1.0
47,3,193.0,586.0,316.0,333.0,1,1,1.0
48,1,1141.0,181.0,143.0,344.0,1,1,1.0
48,2,974.0,187.0,162.0,365.0,1,1,1.0
48,3,193.0,587.0,316.0,332.0,1,1,1.0
49,1,1148.0,180.0,136.0,341.0,1,1,1.0
49,2,978.0,184.0,159.0,362.0,1,1,1.0
49,3,193.0,587.0,316.0,333.0,1,1,1.0
50,1,1151.0,177.0,130.0,336.0,1,1,1.0
50,2,983.0,179.0,156.0,358.0,1,1,1.0
50,3,193.0,587.0,316.0,333.0,1,1,1.0
51,1,1152.0,174.0,124.0,329.0,1,1,1.0
51,2,987.0,174.0,152.0,349.0,1,1,1.0
51,3,193.0,587.0,316.0,333.0,1,1,1.0
52,1,1150.0,169.0,121.0,320.0,1,1,1.0
52,2,991.0,170.0,148.0,339.0,1,1,1.0
52,3,193.0,587.0,316.0,333.0,1,1,1.0
53,1,1148.0,164.0,119.0,317.0,1,1,1.0
53,2,994.0,165.0,145.0,340.0,1,1,1.0
53,3,193.0,586.0,316.0,333.0,1,1,1.0
54,1,1145.0,161.0,118.0,318.0,1,1,1.0
54,2,994.0,163.0,143.0,339.0,1,1,1.0
54,3,193.0,586.0,316.0,333.0,1,1,1.0
55,1,1142.0,159.0,118.0,320.0,1,1,1.0
55,2,994.0,162.0,142.0,338.0,1,1,1.0
55,3,193.0,586.0,316.0,334.0,1,1,1.0
56,1,1138.0,157.0,118.0,319.0,1,1,1.0
56,2,994.0,163.0,139.0,337.0,1,1,1.0
56,3,193.0,586.0,316.0,334.0,1,1,1.0
57,1,1135.0,157.0,117.0,316.0,1,1,1.0
57,2,993.0,164.0,137.0,336.0,1,1,1.0
57,3,193.0,586.0,316.0,334.0,1,1,1.0
58,1,1129.0,157.0,118.0,313.0,1,1,1.0
58,2,990.0,164.0,136.0,336.0,1,1,1.0
58,3,193.0,586.0,316.0,334.0,1,1,1.0
59,1,1124.0,156.0,119.0,312.0,1,1,1.0
59,2,985.0,162.0,138.0,328.0,1,1,1.0
59,3,193.0,586.0,316.0,334.0,1,1,1.0
60,1,1118.0,155.0,120.0,306.0,1,1,1.0
60,2,978.0,159.0,141.0,307.0,1,1,1.0
60,3,193.0,586.0,316.0,334.0,1,1,1.0
61,1,1112.0,151.0,124.0,299.0,1,1,1.0
61,2,974.0,155.0,142.0,299.0,1,1,1.0
61,3,192.0,586.0,317.0,333.0,1,1,1.0
62,1,1109.0,148.0,125.0,292.0,1,1,1.0
62,2,974.0,151.0,139.0,301.0,1,1,1.0
62,3,192.0,586.0,317.0,333.0,1,1,1.0
63,1,1109.0,144.0,124.0,291.0,1,1,1.0
63,2,979.0,147.0,131.0,301.0,1,1,1.0
63,3,193.0,586.0,318.0,333.0,1,1,1.0
64,1,1113.0,142.0,119.0,292.0,1,1,1.0
64,2,983.0,144.0,124.0,303.0,1,1,1.0
64,3,193.0,586.0,317.0,333.0,1,1,1.0
65,1,1112.0,140.0,119.0,294.0,1,1,1.0
65,2,983.0,142.0,122.0,305.0,1,1,1.0
65,3,193.0,586.0,317.0,333.0,1,1,1.0
66,1,1107.0,138.0,122.0,294.0,1,1,1.0
66,2,984.0,141.0,122.0,305.0,1,1,1.0
66,3,193.0,586.0,317.0,333.0,1,1,1.0
67,1,1105.0,138.0,122.0,291.0,1,1,1.0
67,2,984.0,142.0,122.0,304.0,1,1,1.0
67,3,193.0,586.0,317.0,333.0,1,1,1.0
68,1,1110.0,138.0,114.0,289.0,1,1,1.0
68,2,984.0,143.0,120.0,304.0,1,1,1.0
68,3,192.0,586.0,317.0,333.0,1,1,1.0
69,1,1107.0,137.0,114.0,287.0,1,1,1.0
69,2,984.0,142.0,118.0,301.0,1,1,1.0
69,3,192.0,586.0,317.0,333.0,1,1,1.0
70,1,1106.0,134.0,112.0,280.0,1,1,1.0
70,2,985.0,140.0,116.0,299.0,1,1,1.0
70,3,192.0,586.0,317.0,333.0,1,1,1.0
71,1,1108.0,131.0,107.0,274.0,1,1,1.0
71,2,986.0,136.0,113.0,294.0,1,1,1.0
71,3,193.0,586.0,317.0,333.0,1,1,1.0
72,1,1107.0,127.0,105.0,271.0,1,1,1.0
72,2,987.0,132.0,111.0,287.0,1,1,1.0
72,3,192.0,586.0,317.0,333.0,1,1,1.0
73,1,1104.0,124.0,103.0,271.0,1,1,1.0
73,2,988.0,128.0,109.0,281.0,1,1,1.0
73,3,192.0,586.0,317.0,333.0,1,1,1.0
74,1,1100.0,123.0,102.0,270.0,1,1,1.0
74,2,988.0,125.0,108.0,279.0,1,1,1.0
74,3,192.0,587.0,317.0,333.0,1,1,1.0
75,1,1098.0,122.0,99.0,270.0,1,1,1.0
75,2,987.0,123.0,108.0,280.0,1,1,1.0
75,3,192.0,587.0,317.0,333.0,1,1,1.0
76,1,1095.0,122.0,96.0,268.0,1,1,1.0
76,2,986.0,122.0,107.0,280.0,1,1,1.0
76,3,192.0,587.0,317.0,333.0,1,1,1.0
77,1,1093.0,122.0,92.0,266.0,1,1,1.0
77,2,985.0,123.0,107.0,280.0,1,1,1.0
77,3,192.0,587.0,317.0,333.0,1,1,1.0
78,1,1091.0,122.0,89.0,265.0,1,1,1.0
78,2,985.0,124.0,105.0,278.0,1,1,1.0
78,3,192.0,587.0,317.0,333.0,1,1,1.0
79,1,1088.0,121.0,87.0,261.0,1,1,1.0
79,2,983.0,124.0,103.0,277.0,1,1,1.0
79,3,192.0,587.0,317.0,333.0,1,1,1.0
80,1,1085.0,119.0,88.0,255.0,1,1,1.0
80,2,979.0,124.0,105.0,273.0,1,1,1.0
80,3,192.0,587.0,317.0,333.0,1,1,1.0
81,1,1080.0,116.0,91.0,254.0,1,1,1.0
81,2,975.0,121.0,107.0,271.0,1,1,1.0
81,3,192.0,587.0,317.0,333.0,1,1,1.0
82,1,1076.0,114.0,94.0,255.0,1,1,1.0
82,2,973.0,118.0,105.0,260.0,1,1,1.0
82,3,192.0,587.0,317.0,333.0,1,1,1.0
83,1,1074.0,112.0,95.0,256.0,1,1,1.0
83,2,974.0,115.0,103.0,256.0,1,1,1.0
83,3,192.0,587.0,317.0,333.0,1,1,1.0
84,1,1072.0,111.0,94.0,256.0,1,1,1.0
84,2,974.0,112.0,106.0,256.0,1,1,1.0
84,3,192.0,587.0,317.0,333.0,1,1,1.0
85,1,1072.0,111.0,92.0,256.0,1,1,1.0
85,2,973.0,110.0,107.0,258.0,1,1,1.0
85,3,192.0,587.0,317.0,333.0,1,1,1.0
86,1,1071.0,110.0,91.0,254.0,1,1,1.0
86,2,972.0,108.0,108.0,259.0,1,1,1.0
86,3,192.0,587.0,317.0,333.0,1,1,1.0
87,1,1069.0,110.0,91.0,253.0,1,1,1.0
87,2,971.0,108.0,107.0,259.0,1,1,1.0
87,3,192.0,587.0,317.0,332.0,1,1,1.0
88,1,1068.0,109.0,90.0,253.0,1,1,1.0
88,2,970.0,108.0,107.0,258.0,1,1,1.0
88,3,192.0,587.0,317.0,332.0,1,1,1.0
89,1,1067.0,106.0,87.0,248.0,1,1,1.0
89,2,969.0,109.0,106.0,256.0,1,1,1.0
89,3,192.0,587.0,317.0,332.0,1,1,1.0
90,1,1067.0,103.0,84.0,244.0,1,1,1.0
90,2,970.0,108.0,104.0,255.0,1,1,1.0
90,3,192.0,587.0,317.0,332.0,1,1,1.0
91,1,1065.0,99.0,82.0,241.0,1,1,1.0
91,2,970.0,105.0,101.0,255.0,1,1,1.0
91,3,192.0,587.0,317.0,332.0,1,1,1.0
92,1,1065.0,95.0,78.0,243.0,1,1,1.0
92,2,972.0,102.0,98.0,251.0,1,1,1.0
92,3,192.0,587.0,317.0,332.0,1,1,1.0
93,1,1063.0,94.0,77.0,244.0,1,1,1.0
93,2,975.0,99.0,93.0,245.0,1,1,1.0
93,3,192.0,588.0,317.0,332.0,1,1,1.0
94,1,1061.0,92.0,75.0,244.0,1,1,1.0
94,2,978.0,96.0,91.0,243.0,1,1,1.0
94,3,192.0,588.0,317.0,332.0,1,1,1.0
95,1,1060.0,93.0,73.0,242.0,1,1,1.0
95,2,981.0,94.0,87.0,243.0,1,1,1.0
95,3,192.0,588.0,317.0,332.0,1,1,1.0
96,1,1060.0,95.0,69.0,239.0,1,1,1.0
96,2,981.0,93.0,86.0,243.0,1,1,1.0
96,3,192.0,588.0,317.0,331.0,1,1,1.0
97,1,1058.0,96.0,68.0,237.0,1,1,1.0
97,2,981.0,92.0,85.0,244.0,1,1,1.0
97,3,192.0,588.0,317.0,331.0,1,1,1.0
98,1,1055.0,94.0,69.0,237.0,1,1,1.0
98,2,981.0,92.0,86.0,243.0,1,1,1.0
98,3,192.0,588.0,317.0,332.0,1,1,1.0
99,1,1053.0,92.0,69.0,230.0,1,1,1.0
99,2,980.0,93.0,85.0,243.0,1,1,1.0
99,3,192.0,588.0,317.0,331.0,1,1,1.0
100,1,1052.0,90.0,70.0,226.0,1,1,1.0
100,2,979.0,94.0,88.0,241.0,1,1,1.0
100,3,192.0,588.0,317.0,331.0,1,1,1.0
101,1,1050.0,89.0,74.0,225.0,1,1,1.0
101,2,976.0,93.0,88.0,239.0,1,1,1.0
101,3,192.0,588.0,316.0,331.0,1,1,1.0
102,1,1049.0,88.0,80.0,225.0,1,1,1.0
102,2,973.0,92.0,91.0,237.0,1,1,1.0
102,3,192.0,588.0,316.0,331.0,1,1,1.0
103,1,1048.0,88.0,89.0,225.0,1,1,1.0
103,2,970.0,88.0,93.0,228.0,1,1,1.0
103,3,192.0,588.0,316.0,331.0,1,1,1.0
104,1,1047.0,87.0,97.0,225.0,1,1,1.0
104,2,968.0,85.0,95.0,226.0,1,1,1.0
104,3,192.0,588.0,316.0,331.0,1,1,1.0
105,1,1047.0,88.0,101.0,224.0,1,1,1.0
105,2,967.0,83.0,95.0,226.0,1,1,1.0
105,3,192.0,588.0,316.0,331.0,1,1,1.0
106,1,1047.0,88.0,103.0,223.0,1,1,1.0
106,2,965.0,81.0,94.0,227.0,1,1,1.0
106,3,192.0,588.0,316.0,331.0,1,1,1.0
107,1,1047.0,88.0,103.0,222.0,1,1,1.0
107,2,964.0,80.0,91.0,228.0,1,1,1.0
107,3,192.0,588.0,316.0,331.0,1,1,1.0
108,1,1047.0,87.0,101.0,219.0,1,1,1.0
108,2,964.0,80.0,90.0,228.0,1,1,1.0
108,3,192.0,588.0,316.0,331.0,1,1,1.0
109,1,1047.0,86.0,96.0,213.0,1,1,1.0
109,2,964.0,80.0,89.0,227.0,1,1,1.0
109,3,192.0,588.0,316.0,331.0,1,1,1.0
110,1,1046.0,84.0,88.0,210.0,1,1,1.0
110,2,964.0,81.0,87.0,226.0,1,1,1.0
110,3,192.0,588.0,316.0,331.0,1,1,1.0
111,1,1045.0,82.0,80.0,209.0,1,1,1.0
111,2,965.0,82.0,84.0,224.0,1,1,1.0
111,3,192.0,588.0,316.0,332.0,1,1,1.0
112,1,1044.0,80.0,76.0,210.0,1,1,1.0
112,2,965.0,81.0,82.0,223.0,1,1,1.0
112,3,192.0,588.0,316.0,331.0,1,1,1.0
113,1,1043.0,79.0,75.0,211.0,1,1,1.0
113,2,964.0,80.0,82.0,219.0,1,1,1.0
113,3,192.0,588.0,316.0,331.0,1,1,1.0
114,1,1042.0,79.0,75.0,211.0,1,1,1.0
114,2,964.0,77.0,81.0,214.0,1,1,1.0
114,3,192.0,588.0,316.0,331.0,1,1,1.0
115,1,1042.0,79.0,74.0,211.0,1,1,1.0
115,2,962.0,74.0,84.0,214.0,1,1,1.0
115,3,192.0,588.0,316.0,331.0,1,1,1.0
116,1,1041.0,79.0,74.0,210.0,1,1,1.0
116,2,961.0,72.0,85.0,214.0,1,1,1.0
116,3,192.0,588.0,316.0,331.0,1,1,1.0
117,1,1042.0,78.0,73.0,209.0,1,1,1.0
117,2,959.0,71.0,85.0,214.0,1,1,1.0
117,3,192.0,588.0,316.0,331.0,1,1,1.0
118,1,1043.0,78.0,72.0,205.0,1,1,1.0
118,2,958.0,71.0,85.0,214.0,1,1,1.0
118,3,192.0,589.0,316.0,332.0,1,1,1.0
119,1,1044.0,77.0,72.0,200.0,1,1,1.0
119,2,958.0,73.0,85.0,212.0,1,1,1.0
119,3,192.0,589.0,316.0,332.0,1,1,1.0
120,1,1045.0,75.0,73.0,197.0,1,1,1.0
120,2,957.0,74.0,84.0,211.0,1,1,1.0
120,3,192.0,589.0,316.0,331.0,1,1,1.0
121,1,1046.0,73.0,76.0,197.0,1,1,1.0
121,2,957.0,74.0,83.0,209.0,1,1,1.0
121,3,192.0,589.0,316.0,330.0,1,1,1.0
122,1,1047.0,72.0,81.0,198.0,1,1,1.0
122,2,957.0,74.0,82.0,206.0,1,1,1.0
122,3,192.0,589.0,316.0,330.0,1,1,1.0
123,1,1048.0,71.0,87.0,198.0,1,1,1.0
123,2,957.0,72.0,81.0,205.0,1,1,1.0
123,3,192.0,589.0,316.0,330.0,1,1,1.0
124,1,1048.0,71.0,92.0,198.0,1,1,1.0
124,2,956.0,69.0,81.0,201.0,1,1,1.0
124,3,192.0,589.0,316.0,330.0,1,1,1.0
125,1,1050.0,71.0,95.0,197.0,1,1,1.0
125,2,956.0,67.0,81.0,200.0,1,1,1.0
125,3,192.0,589.0,316.0,329.0,1,1,1.0
126,1,1051.0,71.0,96.0,195.0,1,1,1.0
126,2,956.0,65.0,80.0,201.0,1,1,1.0
126,3,192.0,589.0,316.0,329.0,1,1,1.0
127,1,1052.0,70.0,95.0,195.0,1,1,1.0
127,2,955.0,63.0,79.0,201.0,1,1,1.0
127,3,193.0,589.0,316.0,329.0,1,1,1.0
128,1,1053.0,69.0,91.0,192.0,1,1,1.0
128,2,955.0,63.0,79.0,201.0,1,1,1.0
128,3,193.0,589.0,316.0,329.0,1,1,1.0
129,1,1053.0,66.0,84.0,189.0,1,1,1.0
129,2,955.0,63.0,78.0,200.0,1,1,1.0
129,3,193.0,589.0,316.0,329.0,1,1,1.0
130,1,1054.0,65.0,78.0,189.0,1,1,1.0
130,2,956.0,63.0,78.0,199.0,1,1,1.0
130,3,193.0,589.0,316.0,329.0,1,1,1.0
131,1,1054.0,64.0,73.0,189.0,1,1,1.0
131,2,957.0,63.0,78.0,199.0,1,1,1.0
131,3,193.0,589.0,316.0,329.0,1,1,1.0
132,1,1053.0,64.0,70.0,189.0,1,1,1.0
132,2,958.0,62.0,79.0,198.0,1,1,1.0
132,3,193.0,589.0,316.0,329.0,1,1,1.0
133,1,1053.0,64.0,68.0,189.0,1,1,1.0
133,2,958.0,61.0,79.0,195.0,1,1,1.0
133,3,192.0,589.0,316.0,330.0,1,1,1.0
134,1,1052.0,64.0,67.0,188.0,1,1,1.0
134,2,958.0,60.0,80.0,191.0,1,1,1.0
134,3,192.0,589.0,316.0,330.0,1,1,1.0
135,1,1051.0,64.0,65.0,187.0,1,1,1.0
135,2,958.0,58.0,81.0,190.0,1,1,1.0
135,3,192.0,589.0,316.0,330.0,1,1,1.0
136,1,1051.0,64.0,64.0,185.0,1,1,1.0
136,2,962.0,57.0,78.0,191.0,1,1,1.0
136,3,193.0,589.0,316.0,330.0,1,1,1.0
137,1,1050.0,63.0,63.0,184.0,1,1,1.0
137,2,964.0,56.0,77.0,191.0,1,1,1.0
137,3,192.0,589.0,316.0,330.0,1,1,1.0
138,1,1049.0,63.0,64.0,180.0,1,1,1.0
138,2,966.0,56.0,75.0,191.0,1,1,1.0
138,3,192.0,589.0,316.0,330.0,1,1,1.0
139,1,1048.0,61.0,65.0,178.0,1,1,1.0
139,2,969.0,57.0,73.0,190.0,1,1,1.0
139,3,192.0,589.0,316.0,331.0,1,1,1.0
140,1,1047.0,60.0,67.0,178.0,1,1,1.0
140,2,970.0,58.0,71.0,189.0,1,1,1.0
140,3,192.0,589.0,316.0,331.0,1,1,1.0
141,1,1047.0,58.0,70.0,178.0,1,1,1.0
141,2,971.0,58.0,69.0,187.0,1,1,1.0
141,3,192.0,589.0,317.0,330.0,1,1,1.0
142,1,1047.0,58.0,74.0,178.0,1,1,1.0
142,2,971.0,58.0,68.0,186.0,1,1,1.0
142,3,192.0,589.0,317.0,329.0,1,1,1.0
143,1,1047.0,57.0,77.0,179.0,1,1,1.0
143,2,970.0,56.0,68.0,185.0,1,1,1.0
143,3,192.0,589.0,317.0,329.0,1,1,1.0
144,1,1046.0,58.0,80.0,179.0,1,1,1.0
144,2,970.0,55.0,68.0,180.0,1,1,1.0
144,3,192.0,589.0,317.0,330.0,1,1,1.0
145,1,1047.0,58.0,81.0,177.0,1,1,1.0
145,2,968.0,53.0,69.0,179.0,1,1,1.0
145,3,192.0,589.0,317.0,330.0,1,1,1.0
146,1,1047.0,58.0,81.0,177.0,1,1,1.0
146,2,967.0,51.0,70.0,179.0,1,1,1.0
146,3,192.0,589.0,317.0,330.0,1,1,1.0
147,1,1047.0,58.0,80.0,175.0,1,1,1.0
147,2,966.0,50.0,71.0,180.0,1,1,1.0
147,3,192.0,589.0,317.0,330.0,1,1,1.0
148,1,1047.0,57.0,77.0,172.0,1,1,1.0
148,2,966.0,50.0,71.0,180.0,1,1,1.0
148,3,192.0,589.0,317.0,330.0,1,1,1.0
149,1,1047.0,56.0,71.0,170.0,1,1,1.0
149,2,965.0,49.0,71.0,181.0,1,1,1.0
149,3,192.0,589.0,317.0,330.0,1,1,1.0
150,1,1047.0,54.0,65.0,171.0,1,1,1.0
150,2,966.0,50.0,71.0,179.0,1,1,1.0
150,3,192.0,589.0,317.0,330.0,1,1,1.0
151,1,1046.0,54.0,62.0,170.0,1,1,1.0
151,2,967.0,51.0,71.0,178.0,1,1,1.0
151,3,192.0,589.0,317.0,330.0,1,1,1.0
152,1,1046.0,53.0,60.0,171.0,1,1,1.0
152,2,967.0,51.0,70.0,178.0,1,1,1.0
152,3,192.0,589.0,317.0,329.0,1,1,1.0
153,1,1045.0,52.0,58.0,171.0,1,1,1.0
153,2,969.0,50.0,69.0,178.0,1,1,1.0
153,3,192.0,589.0,317.0,329.0,1,1,1.0
154,1,1045.0,53.0,57.0,170.0,1,1,1.0
154,2,970.0,49.0,68.0,175.0,1,1,1.0
154,3,192.0,589.0,317.0,329.0,1,1,1.0
155,1,1045.0,53.0,56.0,170.0,1,1,1.0
155,2,971.0,48.0,68.0,172.0,1,1,1.0
155,3,192.0,589.0,317.0,330.0,1,1,1.0
156,1,1044.0,53.0,56.0,168.0,1,1,1.0
156,2,972.0,46.0,67.0,172.0,1,1,1.0
156,3,192.0,589.0,317.0,330.0,1,1,1.0
157,1,1043.0,53.0,56.0,165.0,1,1,1.0
157,2,974.0,45.0,66.0,171.0,1,1,1.0
157,3,192.0,589.0,317.0,330.0,1,1,1.0
158,1,1042.0,52.0,57.0,162.0,1,1,1.0
158,2,975.0,45.0,64.0,170.0,1,1,1.0
158,3,192.0,589.0,317.0,330.0,1,1,1.0
159,1,1041.0,50.0,59.0,162.0,1,1,1.0
159,2,976.0,45.0,61.0,170.0,1,1,1.0
159,3,192.0,589.0,317.0,330.0,1,1,1.0
160,1,1040.0,49.0,63.0,161.0,1,1,1.0
160,2,978.0,46.0,59.0,170.0,1,1,1.0
160,3,192.0,589.0,317.0,330.0,1,1,1.0
161,1,1040.0,48.0,66.0,162.0,1,1,1.0
161,2,979.0,46.0,57.0,170.0,1,1,1.0
161,3,192.0,589.0,317.0,329.0,1,1,1.0
162,1,1040.0,47.0,68.0,162.0,1,1,1.0
162,2,979.0,46.0,56.0,170.0,1,1,1.0
162,3,192.0,589.0,317.0,329.0,1,1,1.0
163,1,1040.0,47.0,69.0,163.0,1,1,1.0
163,2,978.0,45.0,56.0,170.0,1,1,1.0
163,3,192.0,589.0,317.0,329.0,1,1,1.0
164,1,1040.0,48.0,68.0,162.0,1,1,1.0
164,2,976.0,44.0,57.0,166.0,1,1,1.0
164,3,192.0,589.0,317.0,329.0,1,1,1.0
165,1,1041.0,49.0,66.0,161.0,1,1,1.0
165,2,974.0,43.0,59.0,163.0,1,1,1.0
165,3,192.0,589.0,317.0,329.0,1,1,1.0
166,1,1042.0,49.0,63.0,157.0,1,1,1.0
166,2,972.0,42.0,61.0,163.0,1,1,1.0
166,3,192.0,589.0,317.0,329.0,1,1,1.0
167,1,1042.0,48.0,61.0,156.0,1,1,1.0
167,2,971.0,41.0,64.0,164.0,1,1,1.0
167,3,192.0,589.0,317.0,329.0,1,1,1.0
168,1,1042.0,47.0,59.0,156.0,1,1,1.0
168,2,969.0,41.0,66.0,164.0,1,1,1.0
168,3,192.0,589.0,317.0,329.0,1,1,1.0
169,1,1042.0,45.0,58.0,156.0,1,1,1.0
169,2,969.0,41.0,67.0,164.0,1,1,1.0
169,3,192.0,589.0,317.0,329.0,1,1,1.0
170,1,1042.0,44.0,57.0,157.0,1,1,1.0
170,2,968.0,41.0,67.0,163.0,1,1,1.0
170,3,192.0,589.0,317.0,329.0,1,1,1.0
171,1,1041.0,43.0,56.0,157.0,1,1,1.0
171,2,969.0,41.0,68.0,163.0,1,1,1.0
171,3,192.0,589.0,317.0,329.0,1,1,1.0
172,1,1041.0,43.0,56.0,158.0,1,1,1.0
172,2,969.0,41.0,68.0,162.0,1,1,1.0
172,3,192.0,589.0,317.0,329.0,1,1,1.0
173,1,1040.0,43.0,55.0,157.0,1,1,1.0
173,2,970.0,40.0,67.0,161.0,1,1,1.0
173,3,192.0,589.0,317.0,329.0,1,1,1.0
174,1,1039.0,44.0,54.0,156.0,1,1,1.0
174,2,971.0,39.0,65.0,159.0,1,1,1.0
174,3,192.0,589.0,317.0,329.0,1,1,1.0
175,1,1038.0,44.0,54.0,155.0,1,1,1.0
175,2,972.0,38.0,63.0,159.0,1,1,1.0
175,3,192.0,589.0,317.0,329.0,1,1,1.0
176,1,1038.0,44.0,54.0,154.0,1,1,1.0
176,2,973.0,37.0,61.0,158.0,1,1,1.0
176,3,192.0,589.0,317.0,329.0,1,1,1.0
177,1,1037.0,44.0,54.0,151.0,1,1,1.0
177,2,974.0,37.0,60.0,157.0,1,1,1.0
177,3,192.0,589.0,317.0,329.0,1,1,1.0
178,1,1037.0,43.0,54.0,149.0,1,1,1.0
178,2,975.0,37.0,59.0,156.0,1,1,1.0
178,3,192.0,589.0,317.0,329.0,1,1,1.0
179,1,1036.0,42.0,54.0,149.0,1,1,1.0
179,2,976.0,37.0,57.0,156.0,1,1,1.0
179,3,192.0,589.0,317.0,329.0,1,1,1.0
180,1,1036.0,41.0,53.0,149.0,1,1,1.0
180,2,976.0,38.0,56.0,155.0,1,1,1.0
180,3,192.0,589.0,317.0,329.0,1,1,1.0
181,1,1036.0,40.0,53.0,148.0,1,1,1.0
181,2,976.0,39.0,55.0,155.0,1,1,1.0
181,3,192.0,589.0,316.0,329.0,1,1,1.0
182,1,1036.0,40.0,53.0,146.0,1,1,1.0
182,2,975.0,39.0,55.0,154.0,1,1,1.0
182,3,192.0,589.0,316.0,329.0,1,1,1.0
183,1,1036.0,41.0,53.0,145.0,1,1,1.0
183,2,974.0,39.0,55.0,151.0,1,1,1.0
183,3,192.0,589.0,316.0,329.0,1,1,1.0
184,1,1036.0,42.0,53.0,146.0,1,1,1.0
184,2,972.0,38.0,55.0,148.0,1,1,1.0
184,3,192.0,589.0,316.0,329.0,1,1,1.0
185,1,1036.0,41.0,53.0,146.0,1,1,1.0
185,2,971.0,37.0,55.0,149.0,1,1,1.0
185,3,192.0,589.0,316.0,329.0,1,1,1.0
186,1,1036.0,41.0,53.0,146.0,1,1,1.0
186,2,969.0,35.0,56.0,150.0,1,1,1.0
186,3,192.0,589.0,316.0,329.0,1,1,1.0
187,1,1036.0,40.0,52.0,145.0,1,1,1.0
187,2,967.0,35.0,58.0,150.0,1,1,1.0
187,3,192.0,589.0,316.0,329.0,1,1,1.0
188,1,1037.0,39.0,50.0,145.0,1,1,1.0
188,2,966.0,34.0,59.0,150.0,1,1,1.0
188,3,192.0,589.0,316.0,329.0,1,1,1.0
189,1,1037.0,38.0,50.0,145.0,1,1,1.0
189,2,964.0,34.0,60.0,150.0,1,1,1.0
189,3,192.0,589.0,316.0,329.0,1,1,1.0
190,1,1036.0,37.0,49.0,145.0,1,1,1.0
190,2,963.0,35.0,60.0,149.0,1,1,1.0
190,3,192.0,589.0,316.0,329.0,1,1,1.0
191,1,1036.0,37.0,49.0,145.0,1,1,1.0
191,2,962.0,36.0,61.0,149.0,1,1,1.0
191,3,192.0,589.0,316.0,329.0,1,1,1.0
192,1,1036.0,37.0,47.0,145.0,1,1,1.0
192,2,962.0,35.0,61.0,149.0,1,1,1.0
192,3,192.0,589.0,316.0,329.0,1,1,1.0
193,1,1036.0,38.0,46.0,144.0,1,1,1.0
193,2,963.0,35.0,59.0,146.0,1,1,1.0
193,3,192.0,589.0,316.0,329.0,1,1,1.0
194,1,1035.0,39.0,45.0,143.0,1,1,1.0
194,2,963.0,34.0,58.0,144.0,1,1,1.0
194,3,192.0,589.0,316.0,329.0,1,1,1.0
195,1,1034.0,39.0,45.0,142.0,1,1,1.0
195,2,963.0,33.0,58.0,145.0,1,1,1.0
195,3,192.0,589.0,316.0,329.0,1,1,1.0
196,1,1031.0,38.0,46.0,141.0,1,1,1.0
196,2,964.0,32.0,58.0,146.0,1,1,1.0
196,3,192.0,589.0,316.0,329.0,1,1,1.0
197,1,1029.0,37.0,47.0,139.0,1,1,1.0
197,2,964.0,31.0,58.0,145.0,1,1,1.0
197,3,192.0,589.0,316.0,329.0,1,1,1.0
198,1,1027.0,36.0,48.0,139.0,1,1,1.0
198,2,964.0,31.0,58.0,145.0,1,1,1.0
198,3,192.0,589.0,316.0,329.0,1,1,1.0
199,1,1026.0,35.0,49.0,139.0,1,1,1.0
199,2,964.0,32.0,57.0,144.0,1,1,1.0
199,3,192.0,589.0,316.0,329.0,1,1,1.0
200,1,1024.0,35.0,50.0,139.0,1,1,1.0
200,2,964.0,32.0,56.0,144.0,1,1,1.0
200,3,192.0,589.0,316.0,329.0,1,1,1.0
201,1,1023.0,35.0,50.0,140.0,1,1,1.0
201,2,965.0,33.0,53.0,143.0,1,1,1.0
201,3,192.0,588.0,317.0,333.0,1,1,1.0
202,1,1022.0,35.0,50.0,139.0,1,1,1.0
202,2,964.0,33.0,53.0,143.0,1,1,1.0
202,3,192.0,588.0,317.0,335.0,1,1,1.0
203,1,1021.0,35.0,50.0,138.0,1,1,1.0
203,2,963.0,32.0,54.0,141.0,1,1,1.0
203,3,192.0,588.0,317.0,336.0,1,1,1.0
204,1,1020.0,36.0,50.0,137.0,1,1,1.0
204,2,962.0,32.0,54.0,140.0,1,1,1.0
204,3,192.0,588.0,317.0,336.0,1,1,1.0
205,1,1020.0,35.0,49.0,136.0,1,1,1.0
205,2,960.0,31.0,55.0,139.0,1,1,1.0
205,3,192.0,588.0,317.0,336.0,1,1,1.0
206,1,1019.0,35.0,49.0,136.0,1,1,1.0
206,2,959.0,29.0,54.0,139.0,1,1,1.0
206,3,192.0,588.0,317.0,336.0,1,1,1.0
207,1,1019.0,34.0,48.0,135.0,1,1,1.0
207,2,957.0,28.0,54.0,139.0,1,1,1.0
207,3,192.0,588.0,317.0,336.0,1,1,1.0
208,1,1018.0,33.0,47.0,134.0,1,1,1.0
208,2,954.0,28.0,56.0,139.0,1,1,1.0
208,3,191.0,588.0,317.0,335.0,1,1,1.0
209,1,1018.0,32.0,46.0,135.0,1,1,1.0
209,2,953.0,28.0,57.0,139.0,1,1,1.0
209,3,191.0,588.0,317.0,336.0,1,1,1.0
210,1,1018.0,32.0,44.0,135.0,1,1,1.0
210,2,952.0,29.0,57.0,139.0,1,1,1.0
210,3,191.0,588.0,317.0,335.0,1,1,1.0
211,1,1018.0,32.0,43.0,134.0,1,1,1.0
211,2,951.0,29.0,58.0,138.0,1,1,1.0
211,3,192.0,588.0,317.0,335.0,1,1,1.0
212,1,1016.0,32.0,44.0,133.0,1,1,1.0
212,2,952.0,30.0,57.0,137.0,1,1,1.0
212,3,192.0,588.0,317.0,334.0,1,1,1.0
213,1,1015.0,33.0,43.0,132.0,1,1,1.0
213,2,952.0,29.0,57.0,137.0,1,1,1.0
213,3,192.0,588.0,317.0,335.0,1,1,1.0
214,1,1014.0,34.0,42.0,131.0,1,1,1.0
214,2,952.0,29.0,57.0,136.0,1,1,1.0
214,3,192.0,588.0,317.0,336.0,1,1,1.0
215,1,1012.0,34.0,42.0,130.0,1,1,1.0
215,2,953.0,28.0,56.0,134.0,1,1,1.0
215,3,192.0,588.0,317.0,336.0,1,1,1.0
216,1,1011.0,33.0,41.0,129.0,1,1,1.0
216,2,954.0,27.0,54.0,133.0,1,1,1.0
216,3,192.0,588.0,317.0,336.0,1,1,1.0
217,1,1009.0,32.0,42.0,129.0,1,1,1.0
217,2,955.0,27.0,53.0,133.0,1,1,1.0
217,3,192.0,588.0,317.0,336.0,1,1,1.0
218,1,1006.0,31.0,43.0,129.0,1,1,1.0
218,2,956.0,26.0,54.0,133.0,1,1,1.0
218,3,192.0,588.0,317.0,336.0,1,1,1.0
219,1,1005.0,30.0,43.0,128.0,1,1,1.0
219,2,956.0,26.0,53.0,133.0,1,1,1.0
219,3,192.0,588.0,317.0,336.0,1,1,1.0
220,1,1004.0,29.0,43.0,128.0,1,1,1.0
220,2,956.0,26.0,52.0,133.0,1,1,1.0
220,3,192.0,588.0,317.0,336.0,1,1,1.0
221,1,1003.0,29.0,43.0,130.0,1,1,1.0
221,2,957.0,27.0,50.0,132.0,1,1,1.0
221,3,192.0,588.0,317.0,332.0,1,1,1.0
222,1,1003.0,29.0,42.0,129.0,1,1,1.0
222,2,957.0,28.0,50.0,132.0,1,1,1.0
222,3,192.0,588.0,317.0,331.0,1,1,1.0
223,1,1002.0,30.0,42.0,128.0,1,1,1.0
223,2,955.0,28.0,49.0,131.0,1,1,1.0
223,3,192.0,588.0,317.0,330.0,1,1,1.0
224,1,1002.0,30.0,42.0,127.0,1,1,1.0
224,2,953.0,28.0,48.0,129.0,1,1,1.0
224,3,192.0,588.0,317.0,330.0,1,1,1.0
225,1,1001.0,30.0,41.0,127.0,1,1,1.0
225,2,951.0,28.0,48.0,127.0,1,1,1.0
225,3,192.0,588.0,317.0,330.0,1,1,1.0
226,1,1001.0,29.0,41.0,126.0,1,1,1.0
226,2,950.0,27.0,48.0,127.0,1,1,1.0
226,3,192.0,588.0,317.0,330.0,1,1,1.0
227,1,1001.0,28.0,41.0,127.0,1,1,1.0
227,2,949.0,26.0,49.0,127.0,1,1,1.0
227,3,192.0,588.0,317.0,330.0,1,1,1.0
228,1,1000.0,27.0,40.0,126.0,1,1,1.0
228,2,948.0,25.0,49.0,128.0,1,1,1.0
228,3,192.0,588.0,317.0,330.0,1,1,1.0
229,1,1000.0,26.0,40.0,126.0,1,1,1.0
229,2,946.0,24.0,51.0,128.0,1,1,1.0
229,3,192.0,588.0,317.0,331.0,1,1,1.0
230,1,999.0,26.0,39.0,126.0,1,1,1.0
230,2,946.0,25.0,52.0,128.0,1,1,1.0
230,3,192.0,588.0,317.0,331.0,1,1,1.0
231,1,997.0,26.0,40.0,126.0,1,1,1.0
231,2,946.0,25.0,51.0,127.0,1,1,1.0
231,3,192.0,588.0,317.0,331.0,1,1,1.0
232,1,996.0,26.0,39.0,125.0,1,1,1.0
232,2,946.0,26.0,51.0,126.0,1,1,1.0
232,3,192.0,588.0,317.0,331.0,1,1,1.0
233,1,996.0,27.0,39.0,124.0,1,1,1.0
233,2,947.0,26.0,50.0,126.0,1,1,1.0
233,3,192.0,588.0,317.0,331.0,1,1,1.0
234,1,995.0,27.0,38.0,123.0,1,1,1.0
234,2,947.0,25.0,49.0,125.0,1,1,1.0
234,3,192.0,588.0,317.0,331.0,1,1,1.0
235,1,995.0,27.0,37.0,121.0,1,1,1.0
235,2,948.0,24.0,48.0,124.0,1,1,1.0
235,3,192.0,588.0,317.0,331.0,1,1,1.0
236,1,994.0,27.0,37.0,120.0,1,1,1.0
236,2,949.0,23.0,48.0,123.0,1,1,1.0
236,3,192.0,588.0,317.0,331.0,1,1,1.0
237,1,993.0,26.0,39.0,119.0,1,1,1.0
237,2,949.0,23.0,47.0,123.0,1,1,1.0
237,3,192.0,588.0,317.0,330.0,1,1,1.0
238,1,992.0,26.0,42.0,119.0,1,1,1.0
238,2,949.0,22.0,46.0,123.0,1,1,1.0
238,3,192.0,588.0,317.0,330.0,1,1,1.0
239,1,991.0,25.0,47.0,120.0,1,1,1.0
239,2,950.0,22.0,45.0,124.0,1,1,1.0
239,3,192.0,588.0,317.0,330.0,1,1,1.0
240,1,990.0,25.0,51.0,121.0,1,1,1.0
240,2,950.0,21.0,43.0,124.0,1,1,1.0
240,3,192.0,588.0,317.0,330.0,1,1,1.0
241,1,989.0,25.0,56.0,120.0,1,1,1.0
241,2,950.0,22.0,43.0,124.0,1,1,1.0
241,3,192.0,588.0,317.0,330.0,1,1,1.0
242,1,989.0,26.0,58.0,120.0,1,1,1.0
242,2,950.0,23.0,42.0,123.0,1,1,1.0
242,3,192.0,588.0,316.0,330.0,1,1,1.0
243,1,988.0,26.0,59.0,119.0,1,1,1.0
243,2,950.0,24.0,42.0,122.0,1,1,1.0
243,3,192.0,588.0,316.0,330.0,1,1,1.0
244,1,988.0,26.0,58.0,118.0,1,1,1.0
244,2,949.0,23.0,42.0,122.0,1,1,1.0
244,3,192.0,588.0,316.0,330.0,1,1,1.0
245,1,988.0,26.0,54.0,117.0,1,1,1.0
245,2,947.0,23.0,42.0,121.0,1,1,1.0
245,3,192.0,588.0,316.0,330.0,1,1,1.0
246,1,988.0,25.0,49.0,117.0,1,1,1.0
246,2,945.0,22.0,44.0,119.0,1,1,1.0
246,3,192.0,588.0,316.0,330.0,1,1,1.0
247,1,988.0,24.0,45.0,117.0,1,1,1.0
247,2,944.0,21.0,44.0,119.0,1,1,1.0
247,3,192.0,588.0,317.0,331.0,1,1,1.0
248,1,988.0,24.0,42.0,117.0,1,1,1.0
248,2,943.0,21.0,45.0,119.0,1,1,1.0
248,3,192.0,588.0,317.0,331.0,1,1,1.0
249,1,988.0,23.0,40.0,117.0,1,1,1.0
249,2,942.0,20.0,45.0,119.0,1,1,1.0
249,3,192.0,588.0,317.0,331.0,1,1,1.0
250,1,987.0,23.0,40.0,115.0,1,1,1.0
250,2,941.0,20.0,46.0,119.0,1,1,1.0
250,3,192.0,588.0,317.0,331.0,1,1,1.0
251,1,986.0,23.0,40.0,116.0,1,1,1.0
251,2,940.0,20.0,46.0,119.0,1,1,1.0
251,3,192.0,588.0,316.0,331.0,1,1,1.0
252,1,985.0,24.0,39.0,115.0,1,1,1.0
252,2,940.0,20.0,45.0,118.0,1,1,1.0
252,3,192.0,588.0,317.0,331.0,1,1,1.0
253,1,985.0,24.0,38.0,115.0,1,1,1.0
253,2,940.0,21.0,46.0,118.0,1,1,1.0
253,3,192.0,588.0,317.0,331.0,1,1,1.0
254,1,985.0,24.0,38.0,114.0,1,1,1.0
254,2,940.0,21.0,46.0,117.0,1,1,1.0
254,3,192.0,588.0,317.0,330.0,1,1,1.0
255,1,984.0,24.0,38.0,112.0,1,1,1.0
255,2,940.0,21.0,45.0,117.0,1,1,1.0
255,3,192.0,588.0,317.0,330.0,1,1,1.0
256,1,984.0,24.0,39.0,112.0,1,1,1.0
256,2,939.0,20.0,46.0,116.0,1,1,1.0
256,3,192.0,588.0,316.0,331.0,1,1,1.0
257,1,983.0,24.0,42.0,112.0,1,1,1.0
257,2,939.0,19.0,47.0,115.0,1,1,1.0
257,3,192.0,588.0,316.0,330.0,1,1,1.0
258,1,983.0,23.0,45.0,112.0,1,1,1.0
258,2,938.0,19.0,47.0,115.0,1,1,1.0
258,3,192.0,588.0,316.0,330.0,1,1,1.0
259,1,983.0,22.0,48.0,112.0,1,1,1.0
259,2,938.0,18.0,46.0,116.0,1,1,1.0
259,3,192.0,588.0,316.0,330.0,1,1,1.0
260,1,983.0,22.0,51.0,113.0,1,1,1.0
260,2,938.0,18.0,45.0,116.0,1,1,1.0
260,3,192.0,588.0,316.0,330.0,1,1,1.0
261,1,982.0,22.0,54.0,112.0,1,1,1.0
261,2,939.0,18.0,43.0,115.0,1,1,1.0
261,3,192.0,588.0,316.0,330.0,1,1,1.0
262,1,982.0,23.0,55.0,111.0,1,1,1.0
262,2,940.0,19.0,42.0,114.0,1,1,1.0
262,3,192.0,588.0,316.0,330.0,1,1,1.0
263,1,982.0,23.0,56.0,110.0,1,1,1.0
263,2,940.0,19.0,41.0,114.0,1,1,1.0
263,3,192.0,588.0,317.0,330.0,1,1,1.0
264,1,983.0,23.0,56.0,110.0,1,1,1.0
264,2,940.0,20.0,40.0,114.0,1,1,1.0
264,3,192.0,588.0,317.0,330.0,1,1,1.0
265,1,983.0,23.0,55.0,110.0,1,1,1.0
265,2,940.0,20.0,40.0,113.0,1,1,1.0
265,3,192.0,588.0,317.0,330.0,1,1,1.0
266,1,984.0,22.0,52.0,110.0,1,1,1.0
266,2,938.0,20.0,41.0,112.0,1,1,1.0
266,3,192.0,588.0,317.0,330.0,1,1,1.0
267,1,984.0,21.0,47.0,110.0,1,1,1.0
267,2,936.0,19.0,42.0,111.0,1,1,1.0
267,3,192.0,588.0,316.0,331.0,1,1,1.0
268,1,985.0,20.0,43.0,110.0,1,1,1.0
268,2,935.0,18.0,43.0,111.0,1,1,1.0
268,3,192.0,588.0,316.0,331.0,1,1,1.0
269,1,985.0,19.0,40.0,110.0,1,1,1.0
269,2,934.0,17.0,44.0,112.0,1,1,1.0
269,3,192.0,588.0,316.0,331.0,1,1,1.0
270,1,985.0,19.0,39.0,110.0,1,1,1.0
270,2,932.0,17.0,45.0,112.0,1,1,1.0
270,3,192.0,588.0,316.0,331.0,1,1,1.0
271,1,985.0,19.0,37.0,109.0,1,1,1.0
271,2,931.0,17.0,46.0,112.0,1,1,1.0
271,3,192.0,588.0,316.0,330.0,1,1,1.0
272,1,985.0,19.0,36.0,109.0,1,1,1.0
272,2,931.0,16.0,47.0,112.0,1,1,1.0
272,3,192.0,588.0,316.0,330.0,1,1,1.0
273,1,984.0,20.0,36.0,109.0,1,1,1.0
273,2,931.0,17.0,47.0,112.0,1,1,1.0
273,3,192.0,588.0,316.0,330.0,1,1,1.0
274,1,984.0,20.0,35.0,108.0,1,1,1.0
274,2,931.0,17.0,47.0,111.0,1,1,1.0
274,3,192.0,588.0,316.0,330.0,1,1,1.0
275,1,983.0,20.0,35.0,107.0,1,1,1.0
275,2,931.0,17.0,47.0,110.0,1,1,1.0
275,3,192.0,588.0,316.0,330.0,1,1,1.0
276,1,982.0,19.0,36.0,106.0,1,1,1.0
276,2,931.0,17.0,46.0,110.0,1,1,1.0
276,3,192.0,588.0,316.0,330.0,1,1,1.0
277,1,981.0,19.0,38.0,107.0,1,1,1.0
277,2,932.0,16.0,44.0,109.0,1,1,1.0
277,3,192.0,588.0,316.0,330.0,1,1,1.0
278,1,981.0,18.0,41.0,107.0,1,1,1.0
278,2,933.0,15.0,43.0,109.0,1,1,1.0
278,3,192.0,588.0,316.0,330.0,1,1,1.0
279,1,980.0,18.0,44.0,107.0,1,1,1.0
279,2,934.0,15.0,42.0,109.0,1,1,1.0
279,3,192.0,588.0,316.0,330.0,1,1,1.0
280,1,979.0,17.0,47.0,107.0,1,1,1.0
280,2,935.0,15.0,42.0,109.0,1,1,1.0
280,3,192.0,588.0,316.0,330.0,1,1,1.0
281,1,979.0,18.0,49.0,107.0,1,1,1.0
281,2,935.0,15.0,42.0,109.0,1,1,1.0
281,3,192.0,588.0,316.0,331.0,1,1,1.0
282,1,979.0,18.0,50.0,106.0,1,1,1.0
282,2,936.0,15.0,41.0,108.0,1,1,1.0
282,3,192.0,588.0,316.0,331.0,1,1,1.0
283,1,979.0,18.0,50.0,106.0,1,1,1.0
283,2,936.0,15.0,41.0,108.0,1,1,1.0
283,3,192.0,588.0,316.0,331.0,1,1,1.0
284,1,980.0,18.0,50.0,105.0,1,1,1.0
284,2,935.0,16.0,41.0,107.0,1,1,1.0
284,3,192.0,588.0,316.0,331.0,1,1,1.0
285,1,981.0,17.0,48.0,105.0,1,1,1.0
285,2,935.0,16.0,41.0,107.0,1,1,1.0
285,3,192.0,588.0,316.0,331.0,1,1,1.0
286,1,981.0,17.0,46.0,104.0,1,1,1.0
286,2,934.0,16.0,41.0,107.0,1,1,1.0
286,3,192.0,588.0,316.0,331.0,1,1,1.0
287,1,982.0,16.0,43.0,104.0,1,1,1.0
287,2,933.0,15.0,41.0,105.0,1,1,1.0
287,3,192.0,588.0,316.0,331.0,1,1,1.0
288,1,982.0,16.0,38.0,104.0,1,1,1.0
288,2,933.0,15.0,41.0,105.0,1,1,1.0
288,3,192.0,588.0,316.0,331.0,1,1,1.0
289,1,983.0,15.0,36.0,103.0,1,1,1.0
289,2,932.0,15.0,41.0,105.0,1,1,1.0
289,3,192.0,588.0,316.0,332.0,1,1,1.0
290,1,982.0,15.0,34.0,103.0,1,1,1.0
290,2,932.0,14.0,41.0,105.0,1,1,1.0
290,3,192.0,588.0,316.0,332.0,1,1,1.0
291,1,982.0,15.0,34.0,103.0,1,1,1.0
291,2,932.0,14.0,41.0,106.0,1,1,1.0
291,3,192.0,588.0,316.0,332.0,1,1,1.0
292,1,981.0,16.0,33.0,103.0,1,1,1.0
292,2,933.0,14.0,40.0,106.0,1,1,1.0
292,3,192.0,588.0,316.0,332.0,1,1,1.0
293,1,981.0,16.0,33.0,102.0,1,1,1.0
293,2,933.0,14.0,40.0,105.0,1,1,1.0
293,3,192.0,588.0,316.0,331.0,1,1,1.0
294,1,980.0,17.0,33.0,102.0,1,1,1.0
294,2,934.0,14.0,40.0,105.0,1,1,1.0
294,3,192.0,588.0,316.0,331.0,1,1,1.0
295,1,979.0,16.0,33.0,101.0,1,1,1.0
295,2,934.0,14.0,40.0,105.0,1,1,1.0
295,3,192.0,588.0,316.0,331.0,1,1,1.0
296,1,978.0,16.0,34.0,100.0,1,1,1.0
296,2,935.0,14.0,40.0,104.0,1,1,1.0
296,3,192.0,588.0,316.0,330.0,1,1,1.0
297,1,978.0,15.0,35.0,100.0,1,1,1.0
297,2,936.0,13.0,39.0,104.0,1,1,1.0
297,3,192.0,588.0,316.0,330.0,1,1,1.0
298,1,978.0,15.0,37.0,100.0,1,1,1.0
298,2,936.0,13.0,39.0,103.0,1,1,1.0
298,3,192.0,588.0,316.0,331.0,1,1,1.0
299,1,977.0,14.0,40.0,101.0,1,1,1.0
299,2,936.0,13.0,39.0,103.0,1,1,1.0
299,3,192.0,588.0,316.0,330.0,1,1,1.0
300,1,977.0,14.0,43.0,101.0,1,1,1.0
300,2,936.0,13.0,39.0,102.0,1,1,1.0
300,3,192.0,588.0,316.0,330.0,1,1,1.0
301,1,978.0,13.0,45.0,101.0,1,1,1.0
301,2,936.0,13.0,40.0,102.0,1,1,1.0
301,3,192.0,588.0,316.0,331.0,1,1,1.0
302,1,978.0,14.0,47.0,101.0,1,1,1.0
302,2,936.0,13.0,40.0,102.0,1,1,1.0
302,3,192.0,588.0,316.0,332.0,1,1,1.0
303,1,978.0,14.0,47.0,100.0,1,1,1.0
303,2,935.0,13.0,41.0,101.0,1,1,1.0
303,3,192.0,588.0,316.0,332.0,1,1,1.0
304,1,978.0,15.0,47.0,99.0,1,1,1.0
304,2,935.0,13.0,41.0,101.0,1,1,1.0
304,3,192.0,588.0,316.0,332.0,1,1,1.0
305,1,978.0,15.0,46.0,98.0,1,1,1.0
305,2,935.0,14.0,42.0,101.0,1,1,1.0
305,3,192.0,588.0,316.0,332.0,1,1,1.0
306,1,979.0,14.0,45.0,97.0,1,1,1.0
306,2,935.0,13.0,41.0,100.0,1,1,1.0
306,3,192.0,588.0,316.0,332.0,1,1,1.0
307,1,980.0,14.0,42.0,97.0,1,1,1.0
307,2,934.0,13.0,40.0,99.0,1,1,1.0
307,3,192.0,588.0,316.0,332.0,1,1,1.0
308,1,981.0,13.0,39.0,97.0,1,1,1.0
308,2,935.0,12.0,39.0,99.0,1,1,1.0
308,3,192.0,588.0,316.0,331.0,1,1,1.0
309,1,981.0,12.0,36.0,97.0,1,1,1.0
309,2,935.0,12.0,39.0,99.0,1,1,1.0
309,3,192.0,589.0,316.0,331.0,1,1,1.0
310,1,981.0,12.0,35.0,97.0,1,1,1.0
310,2,935.0,12.0,38.0,100.0,1,1,1.0
310,3,192.0,589.0,316.0,330.0,1,1,1.0
311,1,981.0,12.0,34.0,98.0,1,1,1.0
311,2,935.0,12.0,38.0,99.0,1,1,1.0
311,3,192.0,589.0,316.0,330.0,1,1,1.0
312,1,981.0,13.0,34.0,98.0,1,1,1.0
312,2,935.0,12.0,38.0,99.0,1,1,1.0
312,3,192.0,589.0,316.0,329.0,1,1,1.0
313,1,981.0,13.0,34.0,98.0,1,1,1.0
313,2,936.0,12.0,37.0,99.0,1,1,1.0
313,3,192.0,589.0,316.0,329.0,1,1,1.0
314,1,981.0,13.0,34.0,97.0,1,1,1.0
314,2,937.0,12.0,36.0,99.0,1,1,1.0
314,3,192.0,589.0,316.0,329.0,1,1,1.0
315,1,981.0,14.0,34.0,96.0,1,1,1.0
315,2,939.0,12.0,35.0,99.0,1,1,1.0
315,3,192.0,589.0,316.0,330.0,1,1,1.0
316,1,981.0,13.0,34.0,95.0,1,1,1.0
316,2,940.0,12.0,35.0,99.0,1,1,1.0
316,3,192.0,588.0,316.0,330.0,1,1,1.0
317,1,982.0,13.0,35.0,94.0,1,1,1.0
317,2,941.0,11.0,35.0,98.0,1,1,1.0
317,3,192.0,588.0,316.0,330.0,1,1,1.0
318,1,982.0,12.0,35.0,93.0,1,1,1.0
318,2,942.0,11.0,35.0,97.0,1,1,1.0
318,3,192.0,588.0,316.0,330.0,1,1,1.0
319,1,983.0,12.0,36.0,94.0,1,1,1.0
319,2,943.0,11.0,36.0,97.0,1,1,1.0
319,3,192.0,588.0,316.0,330.0,1,1,1.0
320,1,983.0,11.0,37.0,95.0,1,1,1.0
320,2,943.0,11.0,36.0,97.0,1,1,1.0
320,3,192.0,588.0,316.0,330.0,1,1,1.0
321,1,984.0,10.0,38.0,96.0,1,1,1.0
321,2,945.0,10.0,36.0,97.0,1,1,1.0
321,3,192.0,588.0,316.0,331.0,1,1,1.0
322,1,984.0,10.0,38.0,96.0,1,1,1.0
322,2,946.0,10.0,35.0,98.0,1,1,1.0
322,3,192.0,588.0,316.0,331.0,1,1,1.0
323,1,986.0,11.0,36.0,95.0,1,1,1.0
323,2,947.0,10.0,35.0,98.0,1,1,1.0
323,3,192.0,588.0,316.0,332.0,1,1,1.0
324,1,987.0,11.0,35.0,94.0,1,1,1.0
324,2,948.0,10.0,35.0,98.0,1,1,1.0
324,3,192.0,588.0,316.0,332.0,1,1,1.0
325,1,989.0,12.0,33.0,94.0,1,1,1.0
325,2,949.0,10.0,35.0,98.0,1,1,1.0
325,3,192.0,588.0,316.0,331.0,1,1,1.0
326,1,990.0,12.0,32.0,93.0,1,1,1.0
326,2,950.0,10.0,34.0,98.0,1,1,1.0
326,3,192.0,588.0,316.0,331.0,1,1,1.0
327,1,991.0,12.0,32.0,92.0,1,1,1.0
327,2,951.0,10.0,33.0,98.0,1,1,1.0
327,3,192.0,588.0,316.0,331.0,1,1,1.0
328,1,992.0,12.0,31.0,92.0,1,1,1.0
328,2,952.0,10.0,32.0,97.0,1,1,1.0
328,3,192.0,588.0,316.0,331.0,1,1,1.0
329,1,993.0,12.0,32.0,88.0,1,1,1.0
329,2,953.0,11.0,32.0,97.0,1,1,1.0
329,3,192.0,588.0,316.0,331.0,1,1,1.0
330,1,994.0,12.0,31.0,89.0,1,1,1.0
330,2,954.0,11.0,31.0,94.0,1,1,1.0
330,3,192.0,589.0,316.0,331.0,1,1,1.0
331,1,995.0,11.0,30.0,89.0,1,1,1.0
331,2,957.0,10.0,29.0,92.0,1,1,1.0
331,3,192.0,589.0,316.0,331.0,1,1,1.0
332,1,996.0,11.0,30.0,89.0,1,1,1.0
332,2,959.0,10.0,28.0,93.0,1,1,1.0
332,3,192.0,589.0,316.0,331.0,1,1,1.0
333,1,997.0,11.0,29.0,90.0,1,1,1.0
333,2,962.0,9.0,27.0,95.0,1,1,1.0
333,3,192.0,589.0,316.0,331.0,1,1,1.0
334,1,998.0,11.0,28.0,90.0,1,1,1.0
334,2,962.0,9.0,28.0,96.0,1,1,1.0
334,3,192.0,588.0,316.0,331.0,1,1,1.0
335,1,999.0,12.0,27.0,89.0,1,1,1.0
335,2,963.0,9.0,30.0,93.0,1,1,1.0
335,3,192.0,588.0,316.0,331.0,1,1,1.0
336,1,998.0,12.0,26.0,90.0,1,1,1.0
336,3,192.0,588.0,316.0,331.0,1,1,1.0
337,1,998.0,11.0,24.0,88.0,1,1,1.0
337,2,963.0,10.0,37.0,93.0,1,1,1.0
337,3,192.0,589.0,316.0,330.0,1,1,1.0
338,3,192.0,588.0,316.0,330.0,1,1,1.0
339,3,192.0,588.0,316.0,331.0,1,1,1.0
340,1,999.0,10.0,25.0,85.0,1,1,1.0
340,3,192.0,588.0,316.0,331.0,1,1,1.0
341,3,192.0,588.0,317.0,331.0,1,1,1.0
342,2,974.0,9.0,29.0,94.0,1,1,1.0
342,3,192.0,588.0,317.0,330.0,1,1,1.0
343,1,999.0,11.0,30.0,86.0,1,1,1.0
343,3,192.0,588.0,317.0,330.0,1,1,1.0
344,1,1000.0,11.0,30.0,86.0,1,1,1.0
344,2,978.0,9.0,30.0,95.0,1,1,1.0
344,3,192.0,588.0,317.0,330.0,1,1,1.0
345,1,1000.0,11.0,31.0,88.0,1,1,1.0
345,2,979.0,9.0,29.0,96.0,1,1,1.0
345,3,192.0,588.0,317.0,330.0,1,1,1.0
346,3,192.0,588.0,317.0,330.0,1,1,1.0
347,3,192.0,588.0,317.0,330.0,1,1,1.0
348,3,192.0,588.0,317.0,330.0,1,1,1.0
349,3,192.0,588.0,317.0,330.0,1,1,1.0
350,3,192.0,588.0,317.0,330.0,1,1,1.0
351,1,1007.0,13.0,27.0,90.0,1,1,1.0
351,3,192.0,588.0,317.0,330.0,1,1,1.0
352,3,192.0,588.0,317.0,330.0,1,1,1.0
353,3,192.0,588.0,317.0,330.0,1,1,1.0
354,1,1014.0,13.0,24.0,91.0,1,1,1.0
354,2,984.0,10.0,36.0,95.0,1,1,1.0
354,3,192.0,588.0,317.0,330.0,1,1,1.0
355,1,1015.0,13.0,25.0,91.0,1,1,1.0
355,2,984.0,10.0,36.0,95.0,1,1,1.0
355,3,192.0,588.0,317.0,330.0,1,1,1.0
356,1,1016.0,13.0,26.0,91.0,1,1,1.0
356,2,985.0,10.0,36.0,95.0,1,1,1.0
356,3,192.0,588.0,317.0,330.0,1,1,1.0
357,1,1017.0,13.0,28.0,91.0,1,1,1.0
357,2,986.0,11.0,38.0,95.0,1,1,1.0
357,3,192.0,588.0,317.0,330.0,1,1,1.0
358,1,1018.0,13.0,28.0,92.0,1,1,1.0
358,2,986.0,11.0,36.0,95.0,1,1,1.0
358,3,192.0,588.0,317.0,330.0,1,1,1.0
359,1,1020.0,13.0,28.0,91.0,1,1,1.0
359,2,988.0,12.0,39.0,95.0,1,1,1.0
359,3,192.0,588.0,317.0,330.0,1,1,1.0
360,1,1021.0,12.0,29.0,92.0,1,1,1.0
360,2,990.0,12.0,38.0,95.0,1,1,1.0
360,3,192.0,588.0,317.0,330.0,1,1,1.0
361,1,1022.0,13.0,32.0,92.0,1,1,1.0
361,2,991.0,12.0,36.0,96.0,1,1,1.0
361,3,192.0,588.0,317.0,330.0,1,1,1.0
362,1,1022.0,13.0,35.0,92.0,1,1,1.0
362,2,992.0,11.0,35.0,96.0,1,1,1.0
362,3,192.0,588.0,317.0,331.0,1,1,1.0
363,1,1023.0,13.0,37.0,94.0,1,1,1.0
363,2,994.0,11.0,34.0,97.0,1,1,1.0
363,3,192.0,588.0,317.0,331.0,1,1,1.0
364,1,1023.0,14.0,39.0,93.0,1,1,1.0
364,2,995.0,11.0,35.0,98.0,1,1,1.0
364,3,192.0,588.0,317.0,331.0,1,1,1.0
365,1,1024.0,14.0,39.0,93.0,1,1,1.0
365,2,996.0,11.0,36.0,98.0,1,1,1.0
365,3,192.0,588.0,317.0,331.0,1,1,1.0
366,1,1027.0,14.0,36.0,93.0,1,1,1.0
366,2,998.0,10.0,35.0,98.0,1,1,1.0
366,3,192.0,588.0,317.0,331.0,1,1,1.0
367,1,1031.0,14.0,35.0,94.0,1,1,1.0
367,2,1000.0,10.0,34.0,99.0,1,1,1.0
367,3,192.0,588.0,317.0,330.0,1,1,1.0
368,1,1034.0,13.0,34.0,94.0,1,1,1.0
368,2,1003.0,10.0,34.0,99.0,1,1,1.0
368,3,192.0,588.0,317.0,330.0,1,1,1.0
369,1,1037.0,13.0,35.0,93.0,1,1,1.0
369,2,1005.0,11.0,34.0,99.0,1,1,1.0
369,3,192.0,589.0,317.0,330.0,1,1,1.0
370,1,1038.0,14.0,37.0,94.0,1,1,1.0
370,2,1006.0,12.0,36.0,98.0,1,1,1.0
370,3,192.0,589.0,317.0,330.0,1,1,1.0
371,1,1040.0,15.0,39.0,94.0,1,1,1.0
371,2,1006.0,12.0,39.0,98.0,1,1,1.0
371,3,192.0,589.0,317.0,330.0,1,1,1.0
372,1,1041.0,16.0,40.0,93.0,1,1,1.0
372,2,1007.0,13.0,40.0,98.0,1,1,1.0
372,3,192.0,589.0,317.0,330.0,1,1,1.0
373,1,1043.0,17.0,41.0,92.0,1,1,1.0
373,2,1007.0,13.0,40.0,98.0,1,1,1.0
373,3,192.0,589.0,317.0,330.0,1,1,1.0
374,1,1044.0,17.0,40.0,91.0,1,1,1.0
374,2,1008.0,13.0,40.0,99.0,1,1,1.0
374,3,192.0,589.0,317.0,330.0,1,1,1.0
375,1,1048.0,17.0,38.0,90.0,1,1,1.0
375,2,1010.0,13.0,41.0,100.0,1,1,1.0
375,3,192.0,589.0,317.0,330.0,1,1,1.0
376,1,1051.0,17.0,35.0,88.0,1,1,1.0
376,2,1013.0,13.0,41.0,100.0,1,1,1.0
376,3,192.0,589.0,317.0,330.0,1,1,1.0
377,1,1053.0,17.0,33.0,92.0,1,1,1.0
377,2,1017.0,13.0,37.0,100.0,1,1,1.0
377,3,192.0,589.0,317.0,330.0,1,1,1.0
378,1,1055.0,16.0,31.0,95.0,1,1,1.0
378,2,1020.0,12.0,37.0,100.0,1,1,1.0
378,3,192.0,589.0,317.0,330.0,1,1,1.0
379,1,1057.0,16.0,31.0,96.0,1,1,1.0
379,2,1023.0,12.0,37.0,101.0,1,1,1.0
379,3,192.0,589.0,317.0,330.0,1,1,1.0
380,1,1057.0,16.0,35.0,97.0,1,1,1.0
380,2,1024.0,12.0,37.0,102.0,1,1,1.0
380,3,192.0,589.0,317.0,329.0,1,1,1.0
381,1,1057.0,17.0,41.0,97.0,1,1,1.0
381,2,1027.0,12.0,37.0,102.0,1,1,1.0
381,3,192.0,589.0,316.0,330.0,1,1,1.0
382,1,1056.0,17.0,47.0,97.0,1,1,1.0
382,2,1029.0,13.0,39.0,101.0,1,1,1.0
382,3,192.0,589.0,316.0,330.0,1,1,1.0
383,1,1056.0,18.0,49.0,98.0,1,1,1.0
383,2,1030.0,14.0,40.0,100.0,1,1,1.0
383,3,192.0,589.0,316.0,330.0,1,1,1.0
384,1,1060.0,18.0,44.0,96.0,1,1,1.0
384,2,1032.0,14.0,41.0,101.0,1,1,1.0
384,3,192.0,588.0,316.0,330.0,1,1,1.0
385,1,1065.0,19.0,41.0,96.0,1,1,1.0
385,2,1034.0,15.0,40.0,102.0,1,1,1.0
385,3,192.0,588.0,316.0,330.0,1,1,1.0
386,1,1067.0,18.0,41.0,97.0,1,1,1.0
386,2,1037.0,14.0,39.0,103.0,1,1,1.0
386,3,192.0,588.0,316.0,330.0,1,1,1.0
387,1,1072.0,18.0,41.0,98.0,1,1,1.0
387,2,1039.0,14.0,37.0,103.0,1,1,1.0
387,3,192.0,588.0,316.0,330.0,1,1,1.0
388,1,1078.0,18.0,39.0,99.0,1,1,1.0
388,2,1043.0,14.0,36.0,104.0,1,1,1.0
388,3,192.0,588.0,316.0,330.0,1,1,1.0
389,1,1082.0,17.0,38.0,100.0,1,1,1.0
389,2,1045.0,13.0,34.0,104.0,1,1,1.0
389,3,192.0,588.0,316.0,330.0,1,1,1.0
390,1,1084.0,17.0,39.0,100.0,1,1,1.0
390,2,1048.0,13.0,32.0,104.0,1,1,1.0
390,3,193.0,589.0,316.0,330.0,1,1,1.0
391,1,1086.0,18.0,41.0,98.0,1,1,1.0
391,2,1051.0,14.0,33.0,104.0,1,1,1.0
391,3,193.0,588.0,316.0,330.0,1,1,1.0
392,1,1088.0,19.0,40.0,98.0,1,1,1.0
392,2,1053.0,14.0,34.0,104.0,1,1,1.0
392,3,193.0,588.0,316.0,330.0,1,1,1.0
393,1,1090.0,20.0,41.0,97.0,1,1,1.0
393,2,1054.0,16.0,37.0,103.0,1,1,1.0
393,3,193.0,588.0,316.0,330.0,1,1,1.0
394,1,1092.0,20.0,41.0,96.0,1,1,1.0
394,2,1054.0,17.0,42.0,102.0,1,1,1.0
394,3,192.0,588.0,316.0,330.0,1,1,1.0
395,1,1095.0,20.0,40.0,98.0,1,1,1.0
395,2,1055.0,17.0,44.0,103.0,1,1,1.0
395,3,192.0,588.0,316.0,330.0,1,1,1.0
396,1,1099.0,21.0,38.0,99.0,1,1,1.0
396,2,1056.0,18.0,43.0,104.0,1,1,1.0
396,3,192.0,588.0,316.0,330.0,1,1,1.0
397,1,1104.0,21.0,35.0,100.0,1,1,1.0
397,2,1058.0,18.0,43.0,104.0,1,1,1.0
397,3,192.0,588.0,316.0,330.0,1,1,1.0
398,1,1109.0,20.0,32.0,100.0,1,1,1.0
398,2,1061.0,17.0,43.0,105.0,1,1,1.0
398,3,192.0,588.0,316.0,331.0,1,1,1.0
399,1,1113.0,20.0,31.0,101.0,1,1,1.0
399,2,1065.0,17.0,42.0,105.0,1,1,1.0
399,3,192.0,587.0,316.0,331.0,1,1,1.0
400,1,1115.0,20.0,32.0,101.0,1,1,1.0
400,2,1068.0,17.0,42.0,105.0,1,1,1.0
400,3,192.0,587.0,316.0,331.0,1,1,1.0
401,1,1116.0,20.0,38.0,102.0,1,1,1.0
401,2,1069.0,18.0,46.0,105.0,1,1,1.0
401,3,192.0,587.0,316.0,333.0,1,1,1.0
402,1,1116.0,21.0,44.0,102.0,1,1,1.0
402,2,1071.0,18.0,48.0,105.0,1,1,1.0
402,3,192.0,587.0,316.0,334.0,1,1,1.0
403,1,1117.0,22.0,47.0,103.0,1,1,1.0
403,2,1073.0,19.0,49.0,105.0,1,1,1.0
403,3,192.0,588.0,316.0,333.0,1,1,1.0
404,1,1117.0,22.0,48.0,103.0,1,1,1.0
404,2,1075.0,20.0,51.0,104.0,1,1,1.0
404,3,192.0,588.0,316.0,333.0,1,1,1.0
405,1,1119.0,23.0,47.0,103.0,1,1,1.0
405,2,1078.0,20.0,52.0,105.0,1,1,1.0
405,3,192.0,588.0,316.0,332.0,1,1,1.0
406,1,1123.0,23.0,47.0,103.0,1,1,1.0
406,2,1080.0,20.0,51.0,106.0,1,1,1.0
406,3,192.0,588.0,316.0,332.0,1,1,1.0
407,1,1128.0,23.0,47.0,103.0,1,1,1.0
407,2,1084.0,20.0,49.0,106.0,1,1,1.0
407,3,192.0,588.0,316.0,331.0,1,1,1.0
408,1,1134.0,22.0,46.0,104.0,1,1,1.0
408,2,1087.0,19.0,47.0,107.0,1,1,1.0
408,3,192.0,588.0,316.0,332.0,1,1,1.0
409,1,1139.0,22.0,45.0,104.0,1,1,1.0
409,2,1091.0,19.0,44.0,108.0,1,1,1.0
409,3,192.0,588.0,316.0,331.0,1,1,1.0
410,1,1141.0,22.0,44.0,105.0,1,1,1.0
410,2,1094.0,19.0,42.0,108.0,1,1,1.0
410,3,192.0,588.0,316.0,331.0,1,1,1.0
411,1,1143.0,23.0,45.0,104.0,1,1,1.0
411,2,1096.0,19.0,41.0,108.0,1,1,1.0
411,3,193.0,588.0,316.0,331.0,1,1,1.0
412,1,1144.0,24.0,47.0,103.0,1,1,1.0
412,2,1097.0,19.0,42.0,108.0,1,1,1.0
412,3,193.0,588.0,316.0,331.0,1,1,1.0
413,1,1145.0,25.0,47.0,104.0,1,1,1.0
413,2,1100.0,20.0,43.0,108.0,1,1,1.0
413,3,192.0,588.0,316.0,332.0,1,1,1.0
414,1,1146.0,25.0,49.0,104.0,1,1,1.0
414,2,1101.0,20.0,47.0,108.0,1,1,1.0
414,3,192.0,588.0,316.0,332.0,1,1,1.0
415,1,1149.0,26.0,50.0,104.0,1,1,1.0
415,2,1102.0,22.0,51.0,108.0,1,1,1.0
415,3,192.0,589.0,316.0,332.0,1,1,1.0
416,1,1154.0,25.0,47.0,105.0,1,1,1.0
416,2,1103.0,22.0,51.0,108.0,1,1,1.0
416,3,192.0,589.0,316.0,332.0,1,1,1.0
417,1,1159.0,25.0,43.0,106.0,1,1,1.0
417,2,1105.0,22.0,50.0,109.0,1,1,1.0
417,3,192.0,589.0,316.0,331.0,1,1,1.0
418,1,1163.0,25.0,39.0,106.0,1,1,1.0
418,2,1110.0,22.0,48.0,109.0,1,1,1.0
418,3,192.0,589.0,317.0,331.0,1,1,1.0
419,1,1167.0,25.0,38.0,107.0,1,1,1.0
419,2,1116.0,22.0,45.0,110.0,1,1,1.0
419,3,192.0,590.0,317.0,331.0,1,1,1.0
420,1,1170.0,25.0,38.0,107.0,1,1,1.0
420,2,1123.0,22.0,41.0,109.0,1,1,1.0
420,3,192.0,590.0,317.0,331.0,1,1,1.0
421,1,1171.0,26.0,40.0,106.0,1,1,1.0
421,2,1127.0,22.0,39.0,109.0,1,1,1.0
421,3,192.0,590.0,317.0,330.0,1,1,1.0
422,1,1172.0,27.0,44.0,106.0,1,1,1.0
422,2,1130.0,22.0,41.0,110.0,1,1,1.0
422,3,192.0,589.0,316.0,330.0,1,1,1.0
423,1,1173.0,28.0,44.0,105.0,1,1,1.0
423,2,1132.0,23.0,44.0,110.0,1,1,1.0
423,3,192.0,589.0,316.0,330.0,1,1,1.0
424,1,1169.0,28.0,49.0,105.0,1,1,1.0
424,2,1133.0,24.0,46.0,108.0,1,1,1.0
424,3,192.0,589.0,317.0,330.0,1,1,1.0
425,1,1173.0,29.0,47.0,105.0,1,1,1.0
425,2,1135.0,25.0,49.0,108.0,1,1,1.0
425,3,192.0,589.0,317.0,331.0,1,1,1.0
426,1,1179.0,28.0,45.0,104.0,1,1,1.0
426,2,1137.0,26.0,50.0,109.0,1,1,1.0
426,3,192.0,589.0,317.0,331.0,1,1,1.0
427,1,1185.0,28.0,45.0,105.0,1,1,1.0
427,2,1139.0,25.0,50.0,110.0,1,1,1.0
427,3,192.0,589.0,317.0,330.0,1,1,1.0
428,1,1190.0,28.0,44.0,106.0,1,1,1.0
428,2,1143.0,25.0,47.0,111.0,1,1,1.0
428,3,192.0,590.0,317.0,330.0,1,1,1.0
429,1,1196.0,28.0,43.0,103.0,1,1,1.0
429,2,1147.0,25.0,43.0,112.0,1,1,1.0
429,3,192.0,590.0,317.0,330.0,1,1,1.0
430,1,1200.0,28.0,43.0,106.0,1,1,1.0
430,2,1151.0,24.0,41.0,112.0,1,1,1.0
430,3,192.0,590.0,317.0,329.0,1,1,1.0
431,1,1202.0,29.0,42.0,107.0,1,1,1.0
431,2,1155.0,24.0,39.0,113.0,1,1,1.0
431,3,192.0,591.0,317.0,329.0,1,1,1.0
432,1,1203.0,30.0,43.0,108.0,1,1,1.0
432,2,1159.0,23.0,38.0,113.0,1,1,1.0
432,3,192.0,590.0,317.0,329.0,1,1,1.0
433,1,1205.0,31.0,43.0,105.0,1,1,1.0
433,2,1161.0,24.0,38.0,113.0,1,1,1.0
433,3,192.0,590.0,317.0,330.0,1,1,1.0
434,1,1207.0,31.0,43.0,107.0,1,1,1.0
434,2,1163.0,25.0,43.0,113.0,1,1,1.0
434,3,192.0,590.0,317.0,329.0,1,1,1.0
435,1,1211.0,31.0,44.0,107.0,1,1,1.0
435,2,1163.0,26.0,49.0,112.0,1,1,1.0
435,3,192.0,590.0,317.0,330.0,1,1,1.0
436,1,1215.0,31.0,44.0,108.0,1,1,1.0
436,2,1163.0,27.0,53.0,111.0,1,1,1.0
436,3,192.0,589.0,317.0,330.0,1,1,1.0
437,1,1219.0,31.0,44.0,107.0,1,1,1.0
437,2,1163.0,28.0,55.0,112.0,1,1,1.0
437,3,192.0,589.0,317.0,330.0,1,1,1.0
438,1,1223.0,31.0,43.0,109.0,1,1,1.0
438,2,1163.0,28.0,56.0,113.0,1,1,1.0
438,3,192.0,589.0,317.0,330.0,1,1,1.0
439,1,1227.0,31.0,43.0,108.0,1,1,1.0
439,2,1166.0,28.0,55.0,113.0,1,1,1.0
439,3,192.0,589.0,317.0,330.0,1,1,1.0
440,1,1229.0,31.0,44.0,110.0,1,1,1.0
440,2,1171.0,27.0,52.0,114.0,1,1,1.0
440,3,192.0,590.0,317.0,329.0,1,1,1.0
441,1,1229.0,32.0,46.0,111.0,1,1,1.0
441,2,1178.0,27.0,47.0,114.0,1,1,1.0
441,3,192.0,590.0,317.0,329.0,1,1,1.0
442,1,1229.0,33.0,49.0,112.0,1,1,1.0
442,2,1185.0,27.0,44.0,114.0,1,1,1.0
442,3,192.0,590.0,317.0,329.0,1,1,1.0
443,1,1230.0,35.0,52.0,111.0,1,1,1.0
443,2,1188.0,27.0,44.0,114.0,1,1,1.0
443,3,192.0,591.0,317.0,329.0,1,1,1.0
444,1,1230.0,35.0,57.0,112.0,1,1,1.0
444,2,1191.0,28.0,46.0,120.0,1,1,1.0
444,3,192.0,590.0,317.0,329.0,1,1,1.0
445,1,1234.0,35.0,57.0,112.0,1,1,1.0
445,2,1192.0,29.0,48.0,121.0,1,1,1.0
445,3,192.0,590.0,317.0,329.0,1,1,1.0
446,1,1237.0,36.0,54.0,112.0,1,1,1.0
446,2,1194.0,30.0,52.0,121.0,1,1,1.0
446,3,192.0,591.0,317.0,329.0,1,1,1.0
447,1,1243.0,36.0,48.0,109.0,1,1,1.0
447,2,1196.0,31.0,52.0,120.0,1,1,1.0
447,3,192.0,591.0,317.0,329.0,1,1,1.0
448,1,1250.0,35.0,45.0,112.0,1,1,1.0
448,2,1199.0,31.0,52.0,120.0,1,1,1.0
448,3,192.0,590.0,317.0,329.0,1,1,1.0
449,1,1257.0,35.0,44.0,112.0,1,1,1.0
449,2,1201.0,31.0,52.0,121.0,1,1,1.0
449,3,192.0,590.0,317.0,330.0,1,1,1.0
450,1,1261.0,35.0,45.0,112.0,1,1,1.0
450,3,192.0,590.0,317.0,330.0,1,1,1.0
451,1,1263.0,36.0,45.0,111.0,1,1,1.0
451,2,1209.0,31.0,49.0,121.0,1,1,1.0
451,3,192.0,590.0,317.0,330.0,1,1,1.0
452,1,1264.0,36.0,47.0,113.0,1,1,1.0
452,2,1213.0,31.0,46.0,121.0,1,1,1.0
452,3,192.0,590.0,317.0,330.0,1,1,1.0
453,1,1264.0,37.0,49.0,112.0,1,1,1.0
453,2,1217.0,31.0,44.0,121.0,1,1,1.0
453,3,192.0,590.0,317.0,330.0,1,1,1.0
454,1,1268.0,39.0,48.0,111.0,1,1,1.0
454,2,1220.0,31.0,43.0,119.0,1,1,1.0
454,3,192.0,590.0,317.0,329.0,1,1,1.0
455,1,1273.0,39.0,46.0,110.0,1,1,1.0
455,2,1220.0,31.0,45.0,119.0,1,1,1.0
455,3,192.0,590.0,317.0,329.0,1,1,1.0
456,2,1220.0,32.0,51.0,119.0,1,1,1.0
456,3,192.0,590.0,317.0,329.0,1,1,1.0
457,1,1281.0,40.0,45.0,107.0,1,1,1.0
457,2,1221.0,34.0,57.0,118.0,1,1,1.0
457,3,192.0,590.0,317.0,329.0,1,1,1.0
458,1,1286.0,40.0,42.0,108.0,1,1,1.0
458,2,1221.0,35.0,61.0,118.0,1,1,1.0
458,3,192.0,590.0,317.0,329.0,1,1,1.0
459,1,1291.0,39.0,40.0,108.0,1,1,1.0
459,2,1221.0,36.0,64.0,118.0,1,1,1.0
459,3,192.0,589.0,317.0,329.0,1,1,1.0
460,1,1291.0,40.0,44.0,112.0,1,1,1.0
460,2,1223.0,36.0,67.0,119.0,1,1,1.0
460,3,192.0,589.0,317.0,329.0,1,1,1.0
461,1,1291.0,40.0,49.0,116.0,1,1,1.0
461,2,1239.0,35.0,50.0,120.0,1,1,1.0
461,3,192.0,589.0,316.0,329.0,1,1,1.0
462,1,1293.0,40.0,54.0,118.0,1,1,1.0
462,2,1241.0,35.0,50.0,120.0,1,1,1.0
462,3,192.0,589.0,316.0,329.0,1,1,1.0
463,1,1293.0,41.0,59.0,118.0,1,1,1.0
463,2,1249.0,35.0,45.0,121.0,1,1,1.0
463,3,192.0,589.0,316.0,329.0,1,1,1.0
464,1,1295.0,44.0,60.0,117.0,1,1,1.0
464,2,1255.0,35.0,44.0,120.0,1,1,1.0
464,3,192.0,589.0,316.0,329.0,1,1,1.0
465,1,1299.0,44.0,58.0,116.0,1,1,1.0
465,2,1258.0,35.0,45.0,120.0,1,1,1.0
465,3,192.0,589.0,316.0,329.0,1,1,1.0
466,1,1305.0,45.0,56.0,116.0,1,1,1.0
466,2,1261.0,36.0,48.0,121.0,1,1,1.0
466,3,192.0,589.0,316.0,329.0,1,1,1.0
467,1,1313.0,46.0,53.0,115.0,1,1,1.0
467,2,1262.0,36.0,52.0,122.0,1,1,1.0
467,3,192.0,589.0,316.0,329.0,1,1,1.0
468,1,1320.0,46.0,51.0,116.0,1,1,1.0
468,2,1264.0,38.0,53.0,122.0,1,1,1.0
468,3,192.0,589.0,316.0,329.0,1,1,1.0
469,1,1328.0,46.0,47.0,115.0,1,1,1.0
469,2,1265.0,40.0,54.0,121.0,1,1,1.0
469,3,192.0,589.0,316.0,328.0,1,1,1.0
470,1,1334.0,46.0,44.0,115.0,1,1,1.0
470,2,1267.0,40.0,56.0,121.0,1,1,1.0
470,3,192.0,590.0,316.0,328.0,1,1,1.0
471,1,1336.0,46.0,46.0,116.0,1,1,1.0
471,2,1270.0,40.0,54.0,122.0,1,1,1.0
471,3,192.0,589.0,316.0,328.0,1,1,1.0
472,1,1339.0,47.0,45.0,113.0,1,1,1.0
472,2,1277.0,40.0,49.0,122.0,1,1,1.0
472,3,192.0,589.0,316.0,329.0,1,1,1.0
473,1,1343.0,48.0,44.0,111.0,1,1,1.0
473,2,1284.0,40.0,46.0,122.0,1,1,1.0
473,3,192.0,589.0,316.0,329.0,1,1,1.0
474,1,1340.0,49.0,51.0,112.0,1,1,1.0
474,2,1289.0,40.0,42.0,122.0,1,1,1.0
474,3,193.0,589.0,316.0,329.0,1,1,1.0
475,1,1340.0,51.0,55.0,110.0,1,1,1.0
475,2,1293.0,40.0,42.0,123.0,1,1,1.0
475,3,193.0,589.0,316.0,329.0,1,1,1.0
476,1,1350.0,51.0,50.0,108.0,1,1,1.0
476,2,1295.0,40.0,42.0,123.0,1,1,1.0
476,3,193.0,589.0,316.0,329.0,1,1,1.0
477,1,1359.0,51.0,45.0,109.0,1,1,1.0
477,2,1298.0,40.0,44.0,124.0,1,1,1.0
477,3,192.0,589.0,316.0,329.0,1,1,1.0
478,1,1365.0,51.0,43.0,115.0,1,1,1.0
478,2,1299.0,42.0,53.0,123.0,1,1,1.0
478,3,192.0,589.0,316.0,329.0,1,1,1.0
479,1,1370.0,50.0,42.0,118.0,1,1,1.0
479,2,1299.0,45.0,59.0,121.0,1,1,1.0
479,3,192.0,589.0,316.0,330.0,1,1,1.0
480,1,1373.0,51.0,43.0,118.0,1,1,1.0
480,2,1300.0,46.0,62.0,120.0,1,1,1.0
480,3,192.0,589.0,316.0,330.0,1,1,1.0
481,1,1373.0,51.0,49.0,120.0,1,1,1.0
481,2,1300.0,46.0,64.0,120.0,1,1,1.0
481,3,192.0,589.0,317.0,330.0,1,1,1.0
482,1,1373.0,52.0,56.0,121.0,1,1,1.0
482,2,1303.0,46.0,62.0,122.0,1,1,1.0
482,3,192.0,589.0,317.0,330.0,1,1,1.0
483,1,1373.0,54.0,60.0,120.0,1,1,1.0
483,2,1317.0,47.0,49.0,122.0,1,1,1.0
483,3,192.0,589.0,317.0,331.0,1,1,1.0
484,1,1373.0,54.0,62.0,122.0,1,1,1.0
484,2,1319.0,47.0,50.0,122.0,1,1,1.0
484,3,192.0,589.0,317.0,331.0,1,1,1.0
485,1,1375.0,55.0,65.0,121.0,1,1,1.0
485,2,1327.0,47.0,47.0,122.0,1,1,1.0
485,3,192.0,589.0,317.0,331.0,1,1,1.0
486,1,1381.0,56.0,63.0,121.0,1,1,1.0
486,2,1333.0,47.0,45.0,120.0,1,1,1.0
486,3,192.0,589.0,317.0,331.0,1,1,1.0
487,1,1389.0,56.0,62.0,122.0,1,1,1.0
487,2,1339.0,47.0,46.0,122.0,1,1,1.0
487,3,192.0,589.0,317.0,331.0,1,1,1.0
488,1,1396.0,56.0,58.0,122.0,1,1,1.0
488,3,192.0,589.0,317.0,331.0,1,1,1.0
489,1,1401.0,57.0,57.0,121.0,1,1,1.0
489,2,1343.0,48.0,52.0,125.0,1,1,1.0
489,3,192.0,589.0,317.0,331.0,1,1,1.0
490,1,1405.0,58.0,54.0,120.0,1,1,1.0
490,2,1344.0,50.0,55.0,125.0,1,1,1.0
490,3,192.0,589.0,317.0,332.0,1,1,1.0
491,1,1407.0,59.0,52.0,121.0,1,1,1.0
491,2,1345.0,51.0,59.0,126.0,1,1,1.0
491,3,192.0,589.0,317.0,332.0,1,1,1.0
492,1,1409.0,62.0,52.0,120.0,1,1,1.0
492,2,1347.0,51.0,57.0,127.0,1,1,1.0
492,3,192.0,589.0,317.0,332.0,1,1,1.0
493,1,1410.0,63.0,52.0,120.0,1,1,1.0
493,2,1350.0,52.0,58.0,128.0,1,1,1.0
493,3,192.0,589.0,317.0,332.0,1,1,1.0
494,1,1412.0,66.0,51.0,119.0,1,1,1.0
494,2,1358.0,52.0,52.0,128.0,1,1,1.0
494,3,192.0,589.0,317.0,332.0,1,1,1.0
495,1,1415.0,67.0,50.0,118.0,1,1,1.0
495,2,1366.0,51.0,46.0,129.0,1,1,1.0
495,3,192.0,589.0,317.0,332.0,1,1,1.0
496,1,1418.0,66.0,49.0,119.0,1,1,1.0
496,2,1370.0,51.0,43.0,129.0,1,1,1.0
496,3,192.0,588.0,317.0,332.0,1,1,1.0
497,1,1422.0,67.0,49.0,118.0,1,1,1.0
497,2,1374.0,52.0,42.0,128.0,1,1,1.0
497,3,192.0,586.0,317.0,334.0,1,1,1.0
498,1,1425.0,69.0,49.0,116.0,1,1,1.0
498,2,1376.0,53.0,44.0,128.0,1,1,1.0
498,3,192.0,580.0,317.0,340.0,1,1,1.0
499,1,1431.0,70.0,47.0,113.0,1,1,1.0
499,2,1376.0,53.0,50.0,129.0,1,1,1.0
499,3,192.0,577.0,317.0,343.0,1,1,1.0
500,1,1432.0,70.0,49.0,116.0,1,1,1.0
500,2,1376.0,54.0,55.0,129.0,1,1,1.0
500,3,192.0,577.0,317.0,343.0,1,1,1.0
501,1,1432.0,68.0,51.0,121.0,1,1,1.0
501,2,1377.0,56.0,58.0,127.0,1,1,1.0
501,3,192.0,579.0,317.0,340.0,1,1,1.0
502,1,1433.0,68.0,51.0,123.0,1,1,1.0
502,2,1378.0,57.0,58.0,127.0,1,1,1.0
502,3,192.0,580.0,316.0,339.0,1,1,1.0
503,1,1435.0,67.0,51.0,125.0,1,1,1.0
503,2,1381.0,58.0,56.0,127.0,1,1,1.0
503,3,192.0,579.0,316.0,339.0,1,1,1.0
504,1,1437.0,66.0,51.0,128.0,1,1,1.0
504,2,1388.0,57.0,53.0,127.0,1,1,1.0
504,3,192.0,578.0,316.0,340.0,1,1,1.0
505,1,1439.0,67.0,53.0,127.0,1,1,1.0
505,2,1393.0,57.0,50.0,127.0,1,1,1.0
505,3,192.0,578.0,316.0,341.0,1,1,1.0
506,1,1439.0,68.0,54.0,126.0,1,1,1.0
506,2,1399.0,57.0,47.0,126.0,1,1,1.0
506,3,192.0,581.0,316.0,337.0,1,1,1.0
507,1,1440.0,68.0,55.0,126.0,1,1,1.0
507,2,1402.0,58.0,45.0,127.0,1,1,1.0
507,3,192.0,586.0,317.0,332.0,1,1,1.0
508,1,1440.0,67.0,55.0,127.0,1,1,1.0
508,2,1404.0,58.0,46.0,128.0,1,1,1.0
508,3,192.0,588.0,317.0,330.0,1,1,1.0
509,1,1441.0,67.0,53.0,127.0,1,1,1.0
509,2,1406.0,58.0,45.0,129.0,1,1,1.0
509,3,192.0,588.0,317.0,330.0,1,1,1.0
510,1,1441.0,67.0,51.0,127.0,1,1,1.0
510,2,1407.0,59.0,45.0,129.0,1,1,1.0
510,3,192.0,587.0,317.0,331.0,1,1,1.0
511,1,1442.0,67.0,48.0,129.0,1,1,1.0
511,2,1408.0,60.0,45.0,130.0,1,1,1.0
511,3,192.0,588.0,317.0,331.0,1,1,1.0
512,1,1442.0,66.0,46.0,130.0,1,1,1.0
512,2,1409.0,60.0,45.0,130.0,1,1,1.0
512,3,192.0,588.0,316.0,330.0,1,1,1.0
513,1,1440.0,68.0,46.0,130.0,1,1,1.0
513,2,1410.0,60.0,44.0,130.0,1,1,1.0
513,3,192.0,589.0,316.0,330.0,1,1,1.0
514,1,1438.0,68.0,48.0,132.0,1,1,1.0
514,2,1412.0,60.0,43.0,131.0,1,1,1.0
514,3,192.0,589.0,316.0,330.0,1,1,1.0
515,1,1437.0,68.0,48.0,132.0,1,1,1.0
515,2,1413.0,59.0,41.0,132.0,1,1,1.0
515,3,192.0,589.0,316.0,329.0,1,1,1.0
516,1,1436.0,70.0,48.0,129.0,1,1,1.0
516,2,1415.0,59.0,40.0,132.0,1,1,1.0
516,3,192.0,589.0,316.0,329.0,1,1,1.0
517,1,1436.0,74.0,49.0,126.0,1,1,1.0
517,3,192.0,589.0,316.0,329.0,1,1,1.0
518,1,1435.0,75.0,51.0,125.0,1,1,1.0
518,2,1416.0,60.0,38.0,132.0,1,1,1.0
518,3,192.0,589.0,316.0,329.0,1,1,1.0
519,1,1435.0,76.0,53.0,125.0,1,1,1.0
519,3,192.0,588.0,316.0,331.0,1,1,1.0
520,1,1433.0,70.0,56.0,133.0,1,1,1.0
520,2,1415.0,60.0,39.0,134.0,1,1,1.0
520,3,192.0,588.0,316.0,331.0,1,1,1.0
521,1,1433.0,74.0,57.0,130.0,1,1,1.0
521,2,1415.0,61.0,38.0,132.0,1,1,1.0
521,3,192.0,586.0,317.0,335.0,1,1,1.0
522,1,1434.0,73.0,57.0,131.0,1,1,1.0
522,2,1415.0,62.0,38.0,133.0,1,1,1.0
522,3,192.0,587.0,317.0,336.0,1,1,1.0
523,1,1434.0,73.0,57.0,133.0,1,1,1.0
523,2,1415.0,62.0,38.0,132.0,1,1,1.0
523,3,192.0,588.0,317.0,337.0,1,1,1.0
524,1,1434.0,73.0,56.0,134.0,1,1,1.0
524,2,1415.0,62.0,38.0,133.0,1,1,1.0
524,3,192.0,588.0,317.0,336.0,1,1,1.0
525,1,1433.0,73.0,56.0,135.0,1,1,1.0
525,2,1415.0,62.0,38.0,132.0,1,1,1.0
525,3,192.0,588.0,317.0,336.0,1,1,1.0
526,1,1430.0,73.0,56.0,135.0,1,1,1.0
526,2,1415.0,62.0,39.0,132.0,1,1,1.0
526,3,192.0,588.0,317.0,336.0,1,1,1.0
527,1,1428.0,72.0,54.0,136.0,1,1,1.0
527,3,192.0,589.0,317.0,335.0,1,1,1.0
528,1,1428.0,70.0,48.0,137.0,1,1,1.0
528,3,192.0,588.0,317.0,335.0,1,1,1.0
529,1,1426.0,69.0,46.0,139.0,1,1,1.0
529,3,192.0,587.0,317.0,336.0,1,1,1.0
530,3,192.0,588.0,317.0,334.0,1,1,1.0
531,3,192.0,587.0,317.0,335.0,1,1,1.0
532,1,1409.0,70.0,53.0,138.0,1,1,1.0
532,3,192.0,587.0,317.0,334.0,1,1,1.0
533,1,1406.0,70.0,55.0,139.0,1,1,1.0
533,3,192.0,587.0,317.0,333.0,1,1,1.0
534,1,1405.0,70.0,55.0,139.0,1,1,1.0
534,3,192.0,587.0,317.0,333.0,1,1,1.0
535,1,1403.0,71.0,54.0,137.0,1,1,1.0
535,3,192.0,586.0,317.0,333.0,1,1,1.0
536,1,1399.0,70.0,54.0,138.0,1,1,1.0
536,3,192.0,587.0,317.0,332.0,1,1,1.0
537,1,1395.0,65.0,52.0,143.0,1,1,1.0
537,3,192.0,588.0,317.0,333.0,1,1,1.0
538,1,1391.0,67.0,53.0,142.0,1,1,1.0
538,3,192.0,588.0,317.0,333.0,1,1,1.0
539,1,1387.0,66.0,57.0,143.0,1,1,1.0
539,3,192.0,588.0,317.0,333.0,1,1,1.0
540,1,1383.0,65.0,62.0,145.0,1,1,1.0
540,3,192.0,588.0,317.0,332.0,1,1,1.0
541,1,1383.0,65.0,62.0,146.0,1,1,1.0
541,3,192.0,588.0,317.0,331.0,1,1,1.0
542,3,192.0,588.0,317.0,330.0,1,1,1.0
543,1,1376.0,66.0,68.0,147.0,1,1,1.0
543,3,192.0,588.0,317.0,330.0,1,1,1.0
544,1,1373.0,66.0,68.0,148.0,1,1,1.0
544,3,192.0,588.0,317.0,330.0,1,1,1.0
545,1,1371.0,66.0,66.0,148.0,1,1,1.0
545,3,192.0,588.0,317.0,330.0,1,1,1.0
546,1,1369.0,66.0,62.0,148.0,1,1,1.0
546,3,192.0,588.0,317.0,330.0,1,1,1.0
547,1,1367.0,65.0,56.0,149.0,1,1,1.0
547,3,192.0,588.0,317.0,330.0,1,1,1.0
548,1,1363.0,63.0,54.0,151.0,1,1,1.0
548,3,192.0,588.0,317.0,330.0,1,1,1.0
549,1,1359.0,62.0,54.0,152.0,1,1,1.0
549,3,192.0,588.0,317.0,330.0,1,1,1.0
550,1,1353.0,63.0,56.0,151.0,1,1,1.0
550,3,192.0,588.0,317.0,330.0,1,1,1.0
551,1,1345.0,62.0,59.0,152.0,1,1,1.0
551,3,192.0,588.0,317.0,331.0,1,1,1.0
552,1,1339.0,63.0,62.0,152.0,1,1,1.0
552,3,192.0,588.0,317.0,331.0,1,1,1.0
553,1,1336.0,64.0,63.0,151.0,1,1,1.0
553,3,192.0,589.0,317.0,330.0,1,1,1.0
554,1,1333.0,63.0,63.0,152.0,1,1,1.0
554,3,192.0,589.0,317.0,330.0,1,1,1.0
555,1,1332.0,63.0,61.0,153.0,1,1,1.0
555,3,192.0,589.0,317.0,330.0,1,1,1.0
556,1,1331.0,61.0,58.0,154.0,1,1,1.0
556,3,192.0,588.0,317.0,331.0,1,1,1.0
557,1,1327.0,60.0,58.0,156.0,1,1,1.0
557,3,192.0,589.0,317.0,330.0,1,1,1.0
558,1,1321.0,58.0,62.0,157.0,1,1,1.0
558,3,192.0,590.0,317.0,329.0,1,1,1.0
559,1,1317.0,60.0,67.0,156.0,1,1,1.0
559,3,192.0,590.0,317.0,329.0,1,1,1.0
560,1,1317.0,62.0,68.0,155.0,1,1,1.0
560,3,192.0,589.0,317.0,329.0,1,1,1.0
561,3,192.0,589.0,317.0,329.0,1,1,1.0
562,1,1310.0,67.0,73.0,153.0,1,1,1.0
562,3,192.0,589.0,317.0,328.0,1,1,1.0
563,1,1311.0,63.0,70.0,158.0,1,1,1.0
563,3,192.0,589.0,316.0,328.0,1,1,1.0
564,1,1309.0,66.0,69.0,155.0,1,1,1.0
564,3,192.0,590.0,317.0,328.0,1,1,1.0
565,1,1306.0,66.0,65.0,156.0,1,1,1.0
565,3,192.0,590.0,316.0,328.0,1,1,1.0
566,1,1302.0,66.0,62.0,156.0,1,1,1.0
566,3,192.0,590.0,317.0,327.0,1,1,1.0
567,1,1301.0,66.0,55.0,156.0,1,1,1.0
567,3,192.0,590.0,316.0,327.0,1,1,1.0
568,1,1296.0,65.0,55.0,156.0,1,1,1.0
568,3,192.0,590.0,316.0,328.0,1,1,1.0
569,1,1294.0,64.0,52.0,156.0,1,1,1.0
569,3,192.0,590.0,316.0,328.0,1,1,1.0
570,3,192.0,590.0,316.0,328.0,1,1,1.0
571,1,1280.0,65.0,59.0,156.0,1,1,1.0
571,3,192.0,589.0,316.0,328.0,1,1,1.0
572,4,1243.0,59.0,59.0,153.0,1,1,1.0
572,1,1273.0,66.0,62.0,155.0,1,1,1.0
572,3,192.0,589.0,316.0,328.0,1,1,1.0
573,4,1241.0,59.0,56.0,154.0,1,1,1.0
573,1,1270.0,66.0,62.0,156.0,1,1,1.0
573,3,192.0,589.0,316.0,329.0,1,1,1.0
574,4,1241.0,58.0,51.0,156.0,1,1,1.0
574,1,1269.0,67.0,61.0,156.0,1,1,1.0
574,3,192.0,589.0,316.0,328.0,1,1,1.0
575,4,1240.0,57.0,46.0,157.0,1,1,1.0
575,1,1268.0,67.0,56.0,156.0,1,1,1.0
575,3,192.0,589.0,316.0,328.0,1,1,1.0
576,4,1240.0,55.0,41.0,158.0,1,1,1.0
576,1,1267.0,66.0,53.0,157.0,1,1,1.0
576,3,192.0,589.0,316.0,329.0,1,1,1.0
577,1,1265.0,66.0,52.0,157.0,1,1,1.0
577,3,192.0,589.0,316.0,328.0,1,1,1.0
578,4,1230.0,53.0,49.0,161.0,1,1,1.0
578,1,1258.0,66.0,59.0,157.0,1,1,1.0
578,3,192.0,589.0,316.0,328.0,1,1,1.0
579,4,1228.0,52.0,48.0,164.0,1,1,1.0
579,1,1255.0,65.0,63.0,158.0,1,1,1.0
579,3,192.0,589.0,316.0,328.0,1,1,1.0
580,4,1220.0,55.0,51.0,162.0,1,1,1.0
580,1,1254.0,64.0,66.0,160.0,1,1,1.0
580,3,192.0,589.0,316.0,329.0,1,1,1.0
581,4,1213.0,57.0,55.0,162.0,1,1,1.0
581,1,1250.0,65.0,69.0,159.0,1,1,1.0
581,3,192.0,589.0,317.0,329.0,1,1,1.0
582,4,1206.0,59.0,57.0,160.0,1,1,1.0
582,1,1249.0,66.0,69.0,158.0,1,1,1.0
582,3,192.0,589.0,317.0,329.0,1,1,1.0
583,3,192.0,589.0,317.0,329.0,1,1,1.0
584,1,1240.0,68.0,72.0,162.0,1,1,1.0
584,3,192.0,589.0,317.0,329.0,1,1,1.0
585,4,1195.0,61.0,58.0,162.0,1,1,1.0
585,1,1236.0,68.0,70.0,163.0,1,1,1.0
585,3,192.0,589.0,317.0,329.0,1,1,1.0
586,4,1192.0,60.0,56.0,163.0,1,1,1.0
586,1,1234.0,68.0,65.0,164.0,1,1,1.0
586,3,192.0,589.0,317.0,329.0,1,1,1.0
587,4,1190.0,59.0,54.0,165.0,1,1,1.0
587,1,1229.0,67.0,63.0,164.0,1,1,1.0
587,3,192.0,589.0,317.0,330.0,1,1,1.0
588,4,1187.0,57.0,53.0,167.0,1,1,1.0
588,1,1227.0,66.0,58.0,165.0,1,1,1.0
588,3,192.0,589.0,317.0,330.0,1,1,1.0
589,4,1182.0,56.0,54.0,166.0,1,1,1.0
589,1,1223.0,66.0,56.0,165.0,1,1,1.0
589,3,192.0,589.0,317.0,330.0,1,1,1.0
590,3,192.0,589.0,317.0,329.0,1,1,1.0
591,4,1166.0,56.0,61.0,165.0,1,1,1.0
591,1,1206.0,66.0,64.0,166.0,1,1,1.0
591,3,192.0,589.0,317.0,330.0,1,1,1.0
592,4,1154.0,57.0,69.0,165.0,1,1,1.0
592,1,1196.0,67.0,70.0,166.0,1,1,1.0
592,3,192.0,588.0,317.0,330.0,1,1,1.0
593,4,1146.0,60.0,77.0,163.0,1,1,1.0
593,1,1191.0,67.0,73.0,168.0,1,1,1.0
593,3,192.0,588.0,317.0,330.0,1,1,1.0
594,4,1142.0,62.0,81.0,162.0,1,1,1.0
594,1,1189.0,67.0,74.0,168.0,1,1,1.0
594,3,192.0,588.0,317.0,330.0,1,1,1.0
595,4,1137.0,62.0,86.0,162.0,1,1,1.0
595,1,1188.0,67.0,74.0,169.0,1,1,1.0
595,3,192.0,588.0,317.0,330.0,1,1,1.0
596,4,1135.0,62.0,76.0,163.0,1,1,1.0
596,1,1188.0,66.0,70.0,169.0,1,1,1.0
596,3,192.0,588.0,317.0,330.0,1,1,1.0
597,4,1134.0,61.0,67.0,164.0,1,1,1.0
597,1,1187.0,66.0,64.0,169.0,1,1,1.0
597,3,192.0,588.0,317.0,330.0,1,1,1.0
598,4,1134.0,59.0,63.0,166.0,1,1,1.0
598,1,1183.0,66.0,62.0,169.0,1,1,1.0
598,3,192.0,589.0,317.0,330.0,1,1,1.0
599,4,1132.0,58.0,57.0,167.0,1,1,1.0
599,1,1179.0,65.0,63.0,170.0,1,1,1.0
599,3,192.0,589.0,317.0,330.0,1,1,1.0
600,4,1132.0,56.0,55.0,168.0,1,1,1.0
600,1,1173.0,65.0,68.0,172.0,1,1,1.0
600,3,192.0,588.0,317.0,330.0,1,1,1.0
601,4,1132.0,55.0,49.0,170.0,1,1,1.0
601,1,1167.0,66.0,73.0,172.0,1,1,1.0
601,3,192.0,589.0,317.0,330.0,1,1,1.0
602,1,1161.0,68.0,77.0,171.0,1,1,1.0
602,3,192.0,589.0,317.0,330.0,1,1,1.0
603,4,1123.0,57.0,49.0,171.0,1,1,1.0
603,1,1152.0,68.0,81.0,173.0,1,1,1.0
603,3,192.0,589.0,317.0,330.0,1,1,1.0
604,4,1110.0,59.0,57.0,170.0,1,1,1.0
604,1,1147.0,70.0,82.0,172.0,1,1,1.0
604,3,192.0,589.0,316.0,330.0,1,1,1.0
605,4,1099.0,61.0,62.0,169.0,1,1,1.0
605,1,1143.0,69.0,81.0,172.0,1,1,1.0
605,3,192.0,589.0,316.0,330.0,1,1,1.0
606,4,1092.0,63.0,67.0,168.0,1,1,1.0
606,1,1141.0,69.0,76.0,172.0,1,1,1.0
606,3,192.0,589.0,316.0,330.0,1,1,1.0
607,4,1088.0,64.0,70.0,168.0,1,1,1.0
607,1,1136.0,68.0,72.0,174.0,1,1,1.0
607,3,192.0,589.0,316.0,330.0,1,1,1.0
608,4,1086.0,64.0,70.0,169.0,1,1,1.0
608,1,1132.0,67.0,65.0,174.0,1,1,1.0
608,3,192.0,589.0,317.0,330.0,1,1,1.0
609,4,1084.0,64.0,71.0,170.0,1,1,1.0
609,1,1129.0,66.0,58.0,174.0,1,1,1.0
609,3,192.0,589.0,317.0,330.0,1,1,1.0
610,1,1122.0,66.0,55.0,174.0,1,1,1.0
610,3,192.0,589.0,317.0,330.0,1,1,1.0
611,4,1078.0,61.0,55.0,173.0,1,1,1.0
611,1,1112.0,66.0,60.0,175.0,1,1,1.0
611,3,192.0,589.0,317.0,330.0,1,1,1.0
612,1,1095.0,67.0,75.0,174.0,1,1,1.0
612,3,192.0,589.0,317.0,330.0,1,1,1.0
613,4,1065.0,58.0,53.0,175.0,1,1,1.0
613,1,1085.0,67.0,85.0,176.0,1,1,1.0
613,3,192.0,589.0,317.0,330.0,1,1,1.0
614,1,1080.0,67.0,88.0,177.0,1,1,1.0
614,3,192.0,589.0,317.0,330.0,1,1,1.0
615,4,1050.0,58.0,61.0,178.0,1,1,1.0
615,1,1077.0,68.0,90.0,177.0,1,1,1.0
615,3,192.0,589.0,317.0,330.0,1,1,1.0
616,4,1039.0,60.0,68.0,178.0,1,1,1.0
616,1,1075.0,67.0,88.0,178.0,1,1,1.0
616,3,192.0,589.0,317.0,330.0,1,1,1.0
617,1,1069.0,66.0,84.0,179.0,1,1,1.0
617,3,192.0,589.0,317.0,330.0,1,1,1.0
618,1,1066.0,66.0,74.0,179.0,1,1,1.0
618,3,192.0,589.0,317.0,330.0,1,1,1.0
619,4,1028.0,63.0,53.0,177.0,1,1,1.0
619,1,1062.0,66.0,69.0,180.0,1,1,1.0
619,3,192.0,589.0,317.0,330.0,1,1,1.0
620,4,1027.0,63.0,45.0,178.0,1,1,1.0
620,1,1058.0,65.0,71.0,184.0,1,1,1.0
620,3,192.0,589.0,317.0,330.0,1,1,1.0
621,1,1055.0,66.0,72.0,186.0,1,1,1.0
621,3,192.0,589.0,317.0,330.0,1,1,1.0
622,1,1045.0,66.0,80.0,190.0,1,1,1.0
622,3,192.0,589.0,318.0,330.0,1,1,1.0
623,1,1036.0,71.0,87.0,188.0,1,1,1.0
623,3,192.0,589.0,318.0,330.0,1,1,1.0
624,1,1031.0,74.0,88.0,186.0,1,1,1.0
624,3,192.0,589.0,318.0,330.0,1,1,1.0
625,1,1028.0,75.0,86.0,186.0,1,1,1.0
625,3,192.0,589.0,318.0,330.0,1,1,1.0
626,1,1021.0,75.0,83.0,186.0,1,1,1.0
626,3,192.0,589.0,318.0,330.0,1,1,1.0
627,3,192.0,589.0,318.0,330.0,1,1,1.0
628,3,192.0,589.0,318.0,330.0,1,1,1.0
629,1,1002.0,71.0,66.0,189.0,1,1,1.0
629,3,192.0,589.0,318.0,330.0,1,1,1.0
630,1,995.0,70.0,63.0,191.0,1,1,1.0
630,3,192.0,589.0,318.0,330.0,1,1,1.0
631,1,978.0,71.0,77.0,194.0,1,1,1.0
631,3,192.0,589.0,318.0,330.0,1,1,1.0
632,4,953.0,66.0,68.0,172.0,1,1,1.0
632,1,965.0,71.0,89.0,196.0,1,1,1.0
632,3,192.0,589.0,318.0,330.0,1,1,1.0
633,1,959.0,73.0,98.0,196.0,1,1,1.0
633,3,192.0,589.0,318.0,330.0,1,1,1.0
634,4,943.0,64.0,63.0,186.0,1,1,1.0
634,1,956.0,75.0,98.0,197.0,1,1,1.0
634,3,192.0,589.0,318.0,330.0,1,1,1.0
635,4,935.0,64.0,62.0,189.0,1,1,1.0
635,1,955.0,76.0,96.0,197.0,1,1,1.0
635,3,192.0,589.0,318.0,330.0,1,1,1.0
636,4,921.0,64.0,75.0,193.0,1,1,1.0
636,3,192.0,589.0,318.0,330.0,1,1,1.0
637,1,948.0,78.0,78.0,196.0,1,1,1.0
637,3,192.0,589.0,318.0,330.0,1,1,1.0
638,1,943.0,77.0,68.0,196.0,1,1,1.0
638,3,192.0,589.0,318.0,330.0,1,1,1.0
639,3,192.0,589.0,318.0,330.0,1,1,1.0
640,4,889.0,69.0,96.0,197.0,1,1,1.0
640,1,929.0,77.0,81.0,205.0,1,1,1.0
640,3,192.0,589.0,318.0,330.0,1,1,1.0
641,1,921.0,79.0,87.0,206.0,1,1,1.0
641,3,192.0,589.0,317.0,330.0,1,1,1.0
642,1,913.0,81.0,94.0,207.0,1,1,1.0
642,3,192.0,589.0,317.0,330.0,1,1,1.0
643,4,869.0,67.0,71.0,199.0,1,1,1.0
643,1,909.0,84.0,95.0,206.0,1,1,1.0
643,3,192.0,590.0,317.0,329.0,1,1,1.0
644,1,904.0,86.0,93.0,205.0,1,1,1.0
644,3,192.0,591.0,317.0,328.0,1,1,1.0
645,3,192.0,591.0,317.0,328.0,1,1,1.0
646,4,856.0,69.0,65.0,206.0,1,1,1.0
646,1,894.0,87.0,75.0,204.0,1,1,1.0
646,3,192.0,591.0,317.0,328.0,1,1,1.0
647,3,192.0,590.0,317.0,328.0,1,1,1.0
648,1,881.0,86.0,63.0,206.0,1,1,1.0
648,3,192.0,590.0,317.0,329.0,1,1,1.0
649,4,828.0,77.0,75.0,207.0,1,1,1.0
649,1,873.0,86.0,67.0,205.0,1,1,1.0
649,3,192.0,590.0,317.0,329.0,1,1,1.0
650,4,824.0,78.0,75.0,206.0,1,1,1.0
650,1,859.0,86.0,79.0,207.0,1,1,1.0
650,3,192.0,590.0,317.0,329.0,1,1,1.0
651,4,813.0,78.0,83.0,206.0,1,1,1.0
651,1,841.0,88.0,98.0,209.0,1,1,1.0
651,3,192.0,590.0,317.0,329.0,1,1,1.0
652,1,831.0,90.0,107.0,209.0,1,1,1.0
652,3,192.0,590.0,317.0,329.0,1,1,1.0
653,1,826.0,92.0,111.0,210.0,1,1,1.0
653,3,192.0,590.0,318.0,330.0,1,1,1.0
654,1,824.0,94.0,107.0,209.0,1,1,1.0
654,3,192.0,590.0,318.0,330.0,1,1,1.0
655,4,790.0,76.0,60.0,207.0,1,1,1.0
655,1,822.0,93.0,97.0,211.0,1,1,1.0
655,3,192.0,590.0,318.0,330.0,1,1,1.0
656,1,816.0,92.0,87.0,212.0,1,1,1.0
656,3,192.0,590.0,318.0,330.0,1,1,1.0
657,4,765.0,80.0,76.0,210.0,1,1,1.0
657,1,809.0,92.0,75.0,212.0,1,1,1.0
657,3,192.0,590.0,318.0,331.0,1,1,1.0
658,1,799.0,92.0,78.0,215.0,1,1,1.0
658,3,192.0,590.0,318.0,331.0,1,1,1.0
659,3,192.0,590.0,318.0,330.0,1,1,1.0
660,1,780.0,95.0,97.0,220.0,1,1,1.0
660,3,192.0,590.0,317.0,330.0,1,1,1.0
661,3,192.0,590.0,318.0,329.0,1,1,1.0
662,1,763.0,100.0,108.0,221.0,1,1,1.0
662,3,192.0,589.0,318.0,329.0,1,1,1.0
663,1,758.0,102.0,105.0,220.0,1,1,1.0
663,3,192.0,589.0,318.0,330.0,1,1,1.0
664,4,722.0,85.0,56.0,211.0,1,1,1.0
664,1,753.0,103.0,95.0,219.0,1,1,1.0
664,3,192.0,590.0,318.0,329.0,1,1,1.0
665,3,192.0,590.0,318.0,329.0,1,1,1.0
666,3,192.0,590.0,318.0,329.0,1,1,1.0
667,1,733.0,102.0,69.0,220.0,1,1,1.0
667,3,192.0,590.0,318.0,329.0,1,1,1.0
668,3,192.0,590.0,318.0,329.0,1,1,1.0
669,3,192.0,590.0,318.0,329.0,1,1,1.0
670,1,681.0,105.0,114.0,223.0,1,1,1.0
670,3,192.0,590.0,318.0,329.0,1,1,1.0
671,1,669.0,107.0,123.0,224.0,1,1,1.0
671,3,192.0,589.0,318.0,330.0,1,1,1.0
672,1,666.0,109.0,127.0,226.0,1,1,1.0
672,3,192.0,589.0,318.0,330.0,1,1,1.0
673,1,664.0,109.0,119.0,227.0,1,1,1.0
673,3,192.0,589.0,318.0,330.0,1,1,1.0
674,1,662.0,109.0,108.0,228.0,1,1,1.0
674,3,192.0,589.0,318.0,331.0,1,1,1.0
675,3,192.0,588.0,318.0,331.0,1,1,1.0
676,3,192.0,588.0,318.0,331.0,1,1,1.0
677,1,620.0,101.0,100.0,239.0,1,1,1.0
677,3,192.0,589.0,318.0,331.0,1,1,1.0
678,3,192.0,589.0,318.0,331.0,1,1,1.0
679,3,192.0,589.0,318.0,330.0,1,1,1.0
680,1,596.0,115.0,117.0,238.0,1,1,1.0
680,3,192.0,589.0,318.0,330.0,1,1,1.0
