1,1,1823.0,340.0,36.0,134.0,1,1,1.0
2,1,1821.0,338.0,35.0,136.0,1,1,1.0
3,1,1816.0,337.0,36.0,137.0,1,1,1.0
4,1,1810.0,337.0,38.0,138.0,1,1,1.0
5,1,1803.0,336.0,42.0,139.0,1,1,1.0
6,1,1794.0,328.0,49.0,146.0,1,1,1.0
7,1,1785.0,334.0,56.0,140.0,1,1,1.0
8,1,1781.0,338.0,60.0,137.0,1,1,1.0
9,1,1777.0,339.0,62.0,135.0,1,1,1.0
10,1,1775.0,339.0,62.0,135.0,1,1,1.0
11,1,1774.0,337.0,58.0,136.0,1,1,1.0
12,1,1774.0,335.0,52.0,137.0,1,1,1.0
13,1,1773.0,334.0,45.0,139.0,1,1,1.0
14,1,1773.0,333.0,41.0,140.0,1,1,1.0
15,1,1772.0,333.0,38.0,142.0,1,1,1.0
16,1,1768.0,334.0,39.0,142.0,1,1,1.0
17,1,1761.0,335.0,42.0,142.0,1,1,1.0
18,1,1755.0,336.0,45.0,141.0,1,1,1.0
19,1,1750.0,337.0,47.0,141.0,1,1,1.0
20,1,1748.0,337.0,48.0,142.0,1,1,1.0
21,1,1747.0,336.0,46.0,143.0,1,1,1.0
22,1,1746.0,334.0,42.0,144.0,1,1,1.0
23,1,1745.0,333.0,40.0,145.0,1,1,1.0
24,1,1742.0,333.0,40.0,146.0,1,1,1.0
25,1,1735.0,333.0,44.0,146.0,1,1,1.0
26,1,1726.0,333.0,50.0,146.0,1,1,1.0
27,1,1717.0,334.0,58.0,145.0,1,1,1.0
28,1,1709.0,335.0,64.0,144.0,1,1,1.0
29,1,1705.0,335.0,65.0,144.0,1,1,1.0
30,1,1703.0,335.0,65.0,145.0,1,1,1.0
31,1,1702.0,334.0,64.0,145.0,1,1,1.0
32,1,1702.0,333.0,59.0,146.0,1,1,1.0
33,1,1702.0,332.0,53.0,147.0,1,1,1.0
34,1,1701.0,331.0,47.0,148.0,1,1,1.0
35,1,1699.0,330.0,42.0,149.0,1,1,1.0
36,1,1695.0,330.0,42.0,150.0,1,1,1.0
37,1,1688.0,331.0,46.0,151.0,1,1,1.0
38,1,1682.0,331.0,48.0,151.0,1,1,1.0
39,1,1675.0,332.0,51.0,150.0,1,1,1.0
40,1,1670.0,333.0,54.0,149.0,1,1,1.0
41,1,1668.0,333.0,56.0,150.0,1,1,1.0
42,1,1667.0,333.0,54.0,150.0,1,1,1.0
43,1,1665.0,333.0,49.0,151.0,1,1,1.0
44,1,1665.0,332.0,43.0,152.0,1,1,1.0
45,1,1664.0,331.0,40.0,153.0,1,1,1.0
46,1,1659.0,330.0,41.0,154.0,1,1,1.0
47,1,1651.0,330.0,46.0,153.0,1,1,1.0
48,1,1639.0,331.0,55.0,152.0,1,1,1.0
49,1,1628.0,331.0,62.0,152.0,1,1,1.0
50,1,1621.0,332.0,68.0,152.0,1,1,1.0
51,1,1617.0,332.0,72.0,151.0,1,1,1.0
52,1,1614.0,332.0,73.0,151.0,1,1,1.0
53,1,1613.0,332.0,71.0,152.0,1,1,1.0
54,1,1613.0,331.0,66.0,153.0,1,1,1.0
55,1,1613.0,329.0,58.0,154.0,1,1,1.0
56,1,1609.0,329.0,54.0,155.0,1,1,1.0
57,1,1602.0,328.0,55.0,156.0,1,1,1.0
58,1,1594.0,328.0,59.0,158.0,1,1,1.0
59,1,1589.0,328.0,60.0,159.0,1,1,1.0
60,1,1583.0,329.0,68.0,157.0,1,1,1.0
61,1,1577.0,330.0,65.0,156.0,1,1,1.0
62,1,1574.0,332.0,64.0,156.0,1,1,1.0
63,1,1570.0,332.0,66.0,157.0,1,1,1.0
64,1,1569.0,332.0,65.0,158.0,1,1,1.0
65,1,1568.0,331.0,59.0,159.0,1,1,1.0
66,1,1567.0,329.0,51.0,161.0,1,1,1.0
67,1,1565.0,328.0,47.0,162.0,1,1,1.0
68,1,1561.0,328.0,46.0,162.0,1,1,1.0
69,1,1555.0,327.0,47.0,162.0,1,1,1.0
70,1,1541.0,327.0,57.0,161.0,1,1,1.0
71,1,1528.0,328.0,66.0,165.0,1,1,1.0
72,1,1518.0,329.0,74.0,162.0,1,1,1.0
73,1,1513.0,329.0,79.0,160.0,1,1,1.0
74,1,1509.0,329.0,81.0,160.0,1,1,1.0
75,1,1507.0,328.0,81.0,160.0,1,1,1.0
76,1,1506.0,327.0,75.0,160.0,1,1,1.0
77,1,1506.0,326.0,67.0,161.0,1,1,1.0
78,1,1505.0,326.0,58.0,161.0,1,1,1.0
79,1,1502.0,325.0,52.0,162.0,1,1,1.0
80,1,1498.0,325.0,49.0,164.0,1,1,1.0
81,1,1492.0,326.0,49.0,165.0,1,1,1.0
82,1,1482.0,326.0,55.0,165.0,1,1,1.0
83,1,1472.0,327.0,62.0,164.0,1,1,1.0
84,1,1465.0,329.0,67.0,164.0,1,1,1.0
85,1,1462.0,329.0,69.0,164.0,1,1,1.0
86,1,1460.0,329.0,67.0,165.0,1,1,1.0
87,1,1459.0,328.0,58.0,166.0,1,1,1.0
88,1,1457.0,327.0,53.0,167.0,1,1,1.0
89,1,1453.0,326.0,50.0,168.0,1,1,1.0
90,1,1449.0,326.0,49.0,168.0,1,1,1.0
91,1,1437.0,326.0,55.0,167.0,1,1,1.0
92,1,1423.0,327.0,66.0,167.0,1,1,1.0
93,1,1410.0,327.0,77.0,166.0,1,1,1.0
94,1,1402.0,328.0,84.0,165.0,1,1,1.0
95,1,1397.0,328.0,89.0,165.0,1,1,1.0
96,1,1395.0,327.0,90.0,166.0,1,1,1.0
97,1,1394.0,326.0,83.0,166.0,1,1,1.0
98,1,1394.0,324.0,73.0,168.0,1,1,1.0
99,1,1392.0,323.0,62.0,169.0,1,1,1.0
100,1,1389.0,322.0,54.0,169.0,1,1,1.0
101,1,1384.0,322.0,50.0,170.0,1,1,1.0
102,1,1377.0,322.0,52.0,171.0,1,1,1.0
103,1,1364.0,323.0,61.0,171.0,1,1,1.0
104,1,1352.0,324.0,71.0,170.0,1,1,1.0
105,1,1343.0,326.0,79.0,168.0,1,1,1.0
106,1,1337.0,327.0,84.0,167.0,1,1,1.0
107,1,1334.0,327.0,86.0,168.0,1,1,1.0
108,1,1333.0,327.0,80.0,169.0,1,1,1.0
109,1,1332.0,326.0,69.0,170.0,1,1,1.0
110,1,1332.0,324.0,56.0,171.0,1,1,1.0
111,1,1327.0,323.0,48.0,173.0,1,1,1.0
112,1,1323.0,323.0,45.0,173.0,1,1,1.0
113,1,1306.0,323.0,58.0,173.0,1,1,1.0
114,1,1291.0,324.0,71.0,171.0,1,1,1.0
115,1,1278.0,326.0,83.0,170.0,1,1,1.0
116,1,1270.0,327.0,91.0,169.0,1,1,1.0
117,1,1266.0,327.0,94.0,169.0,1,1,1.0
118,1,1264.0,327.0,94.0,169.0,1,1,1.0
119,1,1263.0,325.0,87.0,171.0,1,1,1.0
120,1,1263.0,323.0,76.0,172.0,1,1,1.0
121,1,1260.0,323.0,68.0,173.0,1,1,1.0
122,1,1253.0,322.0,63.0,174.0,1,1,1.0
123,1,1245.0,322.0,61.0,175.0,1,1,1.0
124,1,1237.0,323.0,65.0,175.0,1,1,1.0
125,1,1230.0,325.0,67.0,174.0,1,1,1.0
126,1,1220.0,326.0,74.0,173.0,1,1,1.0
127,1,1212.0,327.0,82.0,172.0,1,1,1.0
128,1,1206.0,328.0,87.0,173.0,1,1,1.0
129,1,1204.0,328.0,88.0,174.0,1,1,1.0
130,1,1203.0,327.0,82.0,174.0,1,1,1.0
131,1,1203.0,326.0,71.0,175.0,1,1,1.0
132,1,1203.0,326.0,56.0,176.0,1,1,1.0
133,1,1200.0,325.0,45.0,177.0,1,1,1.0
134,1,1191.0,325.0,46.0,177.0,1,1,1.0
135,1,1177.0,325.0,58.0,176.0,1,1,1.0
136,1,1159.0,326.0,74.0,176.0,1,1,1.0
137,1,1144.0,327.0,88.0,174.0,1,1,1.0
138,1,1135.0,328.0,96.0,173.0,1,1,1.0
139,1,1131.0,329.0,100.0,173.0,1,1,1.0
140,1,1129.0,328.0,100.0,173.0,1,1,1.0
141,1,1127.0,328.0,94.0,173.0,1,1,1.0
142,1,1127.0,327.0,83.0,175.0,1,1,1.0
143,1,1128.0,326.0,68.0,175.0,1,1,1.0
144,1,1122.0,325.0,58.0,177.0,1,1,1.0
145,1,1111.0,324.0,57.0,178.0,1,1,1.0
146,1,1099.0,324.0,63.0,179.0,1,1,1.0
147,1,1087.0,326.0,73.0,179.0,1,1,1.0
148,1,1076.0,328.0,83.0,178.0,1,1,1.0
149,1,1064.0,330.0,94.0,177.0,1,1,1.0
150,1,1055.0,331.0,103.0,177.0,1,1,1.0
151,1,1052.0,332.0,103.0,179.0,1,1,1.0
152,1,1053.0,332.0,94.0,179.0,1,1,1.0
153,1,1055.0,332.0,79.0,180.0,1,1,1.0
154,1,1058.0,330.0,60.0,181.0,1,1,1.0
155,1,1058.0,329.0,47.0,182.0,1,1,1.0
157,1,1031.0,329.0,63.0,183.0,1,1,1.0
158,1,1015.0,329.0,77.0,182.0,1,1,1.0
159,1,1002.0,331.0,89.0,180.0,1,1,1.0
160,1,993.0,332.0,97.0,179.0,1,1,1.0
161,1,989.0,333.0,102.0,178.0,1,1,1.0
162,1,986.0,333.0,102.0,177.0,1,1,1.0
163,1,986.0,333.0,98.0,178.0,1,1,1.0
164,1,985.0,332.0,89.0,179.0,1,1,1.0
165,1,986.0,331.0,76.0,179.0,1,1,1.0
166,1,982.0,330.0,66.0,180.0,1,1,1.0
167,1,971.0,330.0,62.0,180.0,1,1,1.0
168,1,960.0,330.0,65.0,180.0,1,1,1.0
169,1,950.0,330.0,69.0,181.0,1,1,1.0
170,1,940.0,332.0,78.0,180.0,1,1,1.0
171,1,931.0,333.0,87.0,180.0,1,1,1.0
173,1,918.0,337.0,97.0,180.0,1,1,1.0
174,1,916.0,337.0,99.0,181.0,1,1,1.0
175,1,914.0,337.0,93.0,184.0,1,1,1.0
176,1,914.0,337.0,81.0,185.0,1,1,1.0
177,1,915.0,336.0,65.0,186.0,1,1,1.0
178,1,911.0,335.0,51.0,185.0,1,1,1.0
179,1,904.0,334.0,48.0,185.0,1,1,1.0
180,1,894.0,334.0,53.0,185.0,1,1,1.0
181,1,877.0,336.0,68.0,183.0,1,1,1.0
182,1,860.0,338.0,84.0,182.0,1,1,1.0
183,1,848.0,339.0,95.0,181.0,1,1,1.0
184,1,841.0,340.0,102.0,180.0,1,1,1.0
185,1,838.0,340.0,103.0,181.0,1,1,1.0
188,1,834.0,339.0,71.0,182.0,1,1,1.0
189,1,833.0,339.0,54.0,183.0,1,1,1.0
190,1,823.0,338.0,52.0,184.0,1,1,1.0
191,1,809.0,339.0,62.0,186.0,1,1,1.0
192,1,796.0,340.0,74.0,186.0,1,1,1.0
193,1,784.0,341.0,87.0,185.0,1,1,1.0
194,1,773.0,343.0,97.0,183.0,1,1,1.0
195,1,765.0,345.0,104.0,182.0,1,1,1.0
196,1,760.0,345.0,108.0,183.0,1,1,1.0
197,1,754.0,345.0,108.0,184.0,1,1,1.0
198,1,753.0,345.0,96.0,184.0,1,1,1.0
199,1,757.0,345.0,77.0,184.0,1,1,1.0
200,1,757.0,344.0,57.0,186.0,1,1,1.0
201,1,753.0,343.0,48.0,186.0,1,1,1.0
202,1,743.0,344.0,54.0,185.0,1,1,1.0
203,1,725.0,345.0,71.0,184.0,1,1,1.0
204,1,708.0,346.0,87.0,183.0,1,1,1.0
205,1,697.0,348.0,97.0,181.0,1,1,1.0
206,1,691.0,349.0,102.0,180.0,1,1,1.0
207,1,689.0,350.0,102.0,180.0,1,1,1.0
208,1,688.0,349.0,94.0,181.0,1,1,1.0
209,1,688.0,347.0,81.0,181.0,1,1,1.0
210,1,687.0,347.0,67.0,182.0,1,1,1.0
211,1,673.0,346.0,66.0,182.0,1,1,1.0
212,1,657.0,347.0,69.0,183.0,1,1,1.0
213,1,643.0,347.0,79.0,185.0,1,1,1.0
214,1,631.0,349.0,90.0,185.0,1,1,1.0
215,1,621.0,350.0,99.0,184.0,1,1,1.0
216,1,613.0,352.0,107.0,184.0,1,1,1.0
217,1,607.0,353.0,112.0,184.0,1,1,1.0
218,1,604.0,354.0,111.0,184.0,1,1,1.0
219,1,604.0,354.0,103.0,184.0,1,1,1.0
220,1,607.0,354.0,87.0,184.0,1,1,1.0
221,1,611.0,354.0,70.0,183.0,1,1,1.0
222,1,608.0,353.0,56.0,184.0,1,1,1.0
223,1,603.0,353.0,49.0,185.0,1,1,1.0
224,1,593.0,353.0,56.0,185.0,1,1,1.0
225,1,576.0,355.0,72.0,183.0,1,1,1.0
226,1,561.0,356.0,85.0,183.0,1,1,1.0
227,1,551.0,358.0,94.0,182.0,1,1,1.0
228,1,546.0,359.0,99.0,181.0,1,1,1.0
229,1,544.0,359.0,100.0,182.0,1,1,1.0
230,1,542.0,359.0,97.0,183.0,1,1,1.0
231,1,540.0,358.0,88.0,184.0,1,1,1.0
232,1,537.0,357.0,79.0,185.0,1,1,1.0
233,1,535.0,357.0,59.0,186.0,1,1,1.0
234,1,513.0,357.0,70.0,186.0,1,1,1.0
235,1,500.0,356.0,77.0,188.0,1,1,1.0
236,1,503.0,357.0,73.0,188.0,1,1,1.0
237,1,492.0,359.0,83.0,187.0,1,1,1.0
238,1,483.0,361.0,93.0,186.0,1,1,1.0
239,1,472.0,363.0,103.0,184.0,1,1,1.0
240,1,462.0,364.0,112.0,184.0,1,1,1.0
241,1,458.0,365.0,112.0,184.0,1,1,1.0
242,1,458.0,365.0,103.0,184.0,1,1,1.0
243,1,465.0,365.0,84.0,185.0,1,1,1.0
244,1,467.0,364.0,69.0,185.0,1,1,1.0
245,1,463.0,364.0,57.0,186.0,1,1,1.0
246,1,457.0,364.0,51.0,185.0,1,1,1.0
247,1,450.0,365.0,55.0,185.0,1,1,1.0
248,1,435.0,366.0,73.0,184.0,1,1,1.0
249,1,420.0,367.0,87.0,184.0,1,1,1.0
250,1,411.0,367.0,94.0,184.0,1,1,1.0
251,1,406.0,369.0,97.0,183.0,1,1,1.0
252,1,403.0,369.0,97.0,182.0,1,1,1.0
253,1,402.0,369.0,92.0,183.0,1,1,1.0
254,1,402.0,369.0,80.0,184.0,1,1,1.0
255,1,400.0,368.0,68.0,184.0,1,1,1.0
256,1,393.0,368.0,62.0,184.0,1,1,1.0
257,1,382.0,368.0,57.0,185.0,1,1,1.0
258,1,369.0,369.0,65.0,186.0,1,1,1.0
259,1,359.0,370.0,74.0,186.0,1,1,1.0
260,1,350.0,373.0,83.0,184.0,1,1,1.0
261,1,341.0,374.0,92.0,183.0,1,1,1.0
262,1,335.0,375.0,96.0,183.0,1,1,1.0
263,1,332.0,377.0,98.0,183.0,1,1,1.0
264,1,331.0,377.0,95.0,183.0,1,1,1.0
265,1,330.0,377.0,85.0,183.0,1,1,1.0
266,1,329.0,375.0,73.0,184.0,1,1,1.0
267,1,327.0,375.0,61.0,184.0,1,1,1.0
268,1,321.0,376.0,52.0,184.0,1,1,1.0
269,1,316.0,376.0,51.0,183.0,1,1,1.0
270,1,306.0,377.0,58.0,183.0,1,1,1.0
271,1,293.0,378.0,71.0,182.0,1,1,1.0
272,1,283.0,380.0,79.0,180.0,1,1,1.0
273,1,279.0,380.0,83.0,180.0,1,1,1.0
274,1,277.0,382.0,84.0,179.0,1,1,1.0
275,1,275.0,381.0,81.0,179.0,1,1,1.0
276,1,273.0,383.0,74.0,177.0,1,1,1.0
277,1,270.0,382.0,66.0,177.0,1,1,1.0
278,1,264.0,383.0,61.0,176.0,1,1,1.0
279,1,256.0,383.0,58.0,176.0,1,1,1.0
280,1,246.0,384.0,61.0,178.0,1,1,1.0
281,1,236.0,386.0,69.0,177.0,1,1,1.0
282,1,227.0,387.0,77.0,177.0,1,1,1.0
283,1,219.0,388.0,84.0,176.0,1,1,1.0
284,1,214.0,391.0,88.0,174.0,1,1,1.0
285,1,211.0,391.0,90.0,175.0,1,1,1.0
286,1,211.0,391.0,88.0,175.0,1,1,1.0
287,1,211.0,392.0,79.0,175.0,1,1,1.0
288,1,207.0,394.0,72.0,174.0,1,1,1.0
289,1,201.0,392.0,66.0,177.0,1,1,1.0
290,1,197.0,390.0,55.0,178.0,1,1,1.0
291,1,191.0,390.0,54.0,178.0,1,1,1.0
292,1,187.0,389.0,55.0,179.0,1,1,1.0
293,1,181.0,390.0,61.0,178.0,1,1,1.0
294,1,172.0,390.0,68.0,177.0,1,1,1.0
295,1,168.0,392.0,72.0,176.0,1,1,1.0
296,1,165.0,392.0,74.0,175.0,1,1,1.0
297,1,163.0,392.0,73.0,175.0,1,1,1.0
298,1,159.0,392.0,69.0,174.0,1,1,1.0
299,1,155.0,392.0,64.0,175.0,1,1,1.0
300,1,150.0,392.0,58.0,174.0,1,1,1.0
301,1,145.0,391.0,53.0,174.0,1,1,1.0
302,1,137.0,392.0,57.0,175.0,1,1,1.0
303,1,128.0,392.0,64.0,177.0,1,1,1.0
304,1,121.0,394.0,70.0,176.0,1,1,1.0
305,1,115.0,395.0,76.0,175.0,1,1,1.0
306,1,111.0,397.0,79.0,173.0,1,1,1.0
307,1,108.0,398.0,80.0,173.0,1,1,1.0
308,1,107.0,399.0,80.0,172.0,1,1,1.0
309,1,106.0,399.0,75.0,172.0,1,1,1.0
310,1,104.0,399.0,69.0,172.0,1,1,1.0
311,1,100.0,399.0,62.0,172.0,1,1,1.0
312,1,96.0,399.0,54.0,172.0,1,1,1.0
313,1,92.0,399.0,47.0,172.0,1,1,1.0
314,1,88.0,399.0,48.0,171.0,1,1,1.0
315,1,84.0,400.0,49.0,171.0,1,1,1.0
316,1,79.0,401.0,55.0,171.0,1,1,1.0
318,1,74.0,403.0,58.0,169.0,1,1,1.0
319,1,71.0,403.0,58.0,169.0,1,1,1.0
322,1,58.0,402.0,49.0,169.0,1,1,1.0
323,1,55.0,402.0,45.0,169.0,1,1,1.0
325,1,48.0,403.0,48.0,171.0,1,1,1.0
326,1,43.0,403.0,53.0,172.0,1,1,1.0
327,1,34.0,405.0,62.0,170.0,1,1,1.0
328,1,28.0,406.0,68.0,169.0,1,1,1.0
329,1,23.0,408.0,73.0,167.0,1,1,1.0
330,1,22.0,408.0,73.0,168.0,1,1,1.0
331,1,20.0,409.0,74.0,167.0,1,1,1.0
332,1,20.0,409.0,69.0,167.0,1,1,1.0
333,1,19.0,409.0,63.0,167.0,1,1,1.0
334,1,17.0,408.0,58.0,168.0,1,1,1.0
335,1,15.0,409.0,52.0,168.0,1,1,1.0
336,1,13.0,408.0,47.0,168.0,1,1,1.0
337,1,11.0,408.0,45.0,169.0,1,1,1.0
338,1,8.0,409.0,47.0,167.0,1,1,1.0
339,1,5.0,410.0,48.0,166.0,1,1,1.0
340,1,3.0,410.0,50.0,165.0,1,1,1.0
341,1,1.0,411.0,51.0,164.0,1,1,1.0
342,1,0.0,411.0,53.0,163.0,1,1,1.0
343,1,0.0,410.0,51.0,163.0,1,1,1.0
344,1,0.0,409.0,47.0,164.0,1,1,1.0
345,1,0.0,410.0,43.0,163.0,1,1,1.0
347,1,0.0,410.0,33.0,162.0,1,1,1.0
359,2,0.0,401.0,48.0,169.0,1,1,1.0
360,2,0.0,402.0,50.0,169.0,1,1,1.0
361,2,0.0,402.0,53.0,169.0,1,1,1.0
362,2,0.0,404.0,53.0,165.0,1,1,1.0
363,2,0.0,407.0,52.0,162.0,1,1,1.0
364,2,0.0,405.0,52.0,160.0,1,1,1.0
365,2,1.0,404.0,51.0,159.0,1,1,1.0
366,2,6.0,403.0,46.0,158.0,1,1,1.0
367,2,12.0,402.0,40.0,157.0,1,1,1.0
368,2,16.0,401.0,39.0,159.0,1,1,1.0
369,2,19.0,400.0,41.0,160.0,1,1,1.0
370,2,20.0,399.0,48.0,160.0,1,1,1.0
371,2,22.0,400.0,58.0,160.0,1,1,1.0
372,2,24.0,401.0,64.0,159.0,1,1,1.0
373,2,26.0,400.0,69.0,159.0,1,1,1.0
374,2,25.0,399.0,72.0,160.0,1,1,1.0
375,2,26.0,397.0,72.0,160.0,1,1,1.0
376,2,28.0,395.0,72.0,160.0,1,1,1.0
377,2,37.0,394.0,62.0,158.0,1,1,1.0
378,2,48.0,392.0,51.0,158.0,1,1,1.0
379,2,55.0,390.0,42.0,158.0,1,1,1.0
380,2,60.0,390.0,42.0,157.0,1,1,1.0
381,2,64.0,389.0,50.0,157.0,1,1,1.0
382,2,69.0,389.0,58.0,157.0,1,1,1.0
383,2,73.0,390.0,65.0,156.0,1,1,1.0
384,2,75.0,389.0,69.0,156.0,1,1,1.0
385,2,76.0,389.0,74.0,156.0,1,1,1.0
386,2,77.0,387.0,75.0,157.0,1,1,1.0
387,2,80.0,385.0,72.0,156.0,1,1,1.0
388,2,89.0,384.0,64.0,155.0,1,1,1.0
389,2,97.0,381.0,55.0,157.0,1,1,1.0
390,2,105.0,380.0,46.0,158.0,1,1,1.0
391,2,111.0,379.0,40.0,159.0,1,1,1.0
392,2,115.0,378.0,43.0,161.0,1,1,1.0
393,2,120.0,378.0,51.0,160.0,1,1,1.0
394,2,124.0,378.0,60.0,160.0,1,1,1.0
395,2,126.0,379.0,67.0,159.0,1,1,1.0
396,2,127.0,379.0,72.0,158.0,1,1,1.0
397,2,128.0,378.0,74.0,158.0,1,1,1.0
398,2,132.0,377.0,71.0,157.0,1,1,1.0
399,2,141.0,375.0,63.0,157.0,1,1,1.0
400,2,149.0,373.0,55.0,155.0,1,1,1.0
401,2,158.0,371.0,45.0,155.0,1,1,1.0
402,2,164.0,369.0,43.0,155.0,1,1,1.0
403,2,168.0,369.0,52.0,154.0,1,1,1.0
404,2,173.0,369.0,61.0,154.0,1,1,1.0
405,2,177.0,367.0,68.0,157.0,1,1,1.0
406,2,179.0,367.0,74.0,156.0,1,1,1.0
407,2,180.0,368.0,77.0,155.0,1,1,1.0
408,2,182.0,366.0,77.0,156.0,1,1,1.0
409,2,187.0,365.0,72.0,155.0,1,1,1.0
410,2,195.0,365.0,65.0,153.0,1,1,1.0
411,2,204.0,364.0,55.0,153.0,1,1,1.0
412,2,212.0,365.0,46.0,151.0,1,1,1.0
413,2,217.0,367.0,44.0,149.0,1,1,1.0
414,2,223.0,368.0,47.0,148.0,1,1,1.0
415,2,228.0,365.0,53.0,151.0,1,1,1.0
416,2,231.0,368.0,62.0,149.0,1,1,1.0
417,2,233.0,362.0,69.0,153.0,1,1,1.0
418,2,234.0,361.0,73.0,155.0,1,1,1.0
419,2,236.0,357.0,74.0,157.0,1,1,1.0
420,2,242.0,356.0,69.0,155.0,1,1,1.0
421,2,252.0,356.0,59.0,152.0,1,1,1.0
422,2,262.0,354.0,49.0,151.0,1,1,1.0
423,2,270.0,352.0,45.0,151.0,1,1,1.0
424,2,275.0,352.0,46.0,150.0,1,1,1.0
425,2,279.0,350.0,52.0,151.0,1,1,1.0
426,2,283.0,351.0,64.0,151.0,1,1,1.0
427,2,285.0,351.0,74.0,152.0,1,1,1.0
428,2,286.0,350.0,79.0,152.0,1,1,1.0
429,2,287.0,350.0,82.0,151.0,1,1,1.0
430,2,289.0,349.0,81.0,151.0,1,1,1.0
431,2,296.0,346.0,74.0,151.0,1,1,1.0
432,2,304.0,345.0,66.0,150.0,1,1,1.0
433,2,314.0,344.0,56.0,150.0,1,1,1.0
434,2,323.0,343.0,47.0,151.0,1,1,1.0
435,2,329.0,342.0,48.0,152.0,1,1,1.0
436,2,331.0,341.0,56.0,153.0,1,1,1.0
437,2,337.0,340.0,59.0,154.0,1,1,1.0
438,2,342.0,341.0,64.0,152.0,1,1,1.0
439,2,344.0,342.0,67.0,151.0,1,1,1.0
440,2,345.0,341.0,70.0,150.0,1,1,1.0
441,2,348.0,340.0,69.0,151.0,1,1,1.0
442,2,356.0,338.0,61.0,150.0,1,1,1.0
443,2,357.0,336.0,60.0,148.0,1,1,1.0
444,2,368.0,333.0,50.0,148.0,1,1,1.0
445,2,377.0,332.0,46.0,148.0,1,1,1.0
446,2,384.0,333.0,47.0,147.0,1,1,1.0
447,2,387.0,333.0,57.0,147.0,1,1,1.0
448,2,390.0,333.0,66.0,146.0,1,1,1.0
449,2,393.0,333.0,71.0,146.0,1,1,1.0
450,2,394.0,333.0,74.0,146.0,1,1,1.0
451,2,395.0,333.0,74.0,145.0,1,1,1.0
452,2,398.0,333.0,72.0,143.0,1,1,1.0
453,2,406.0,329.0,64.0,144.0,1,1,1.0
454,2,415.0,327.0,54.0,144.0,1,1,1.0
455,2,424.0,326.0,45.0,144.0,1,1,1.0
456,2,432.0,326.0,38.0,144.0,1,1,1.0
457,2,436.0,325.0,42.0,145.0,1,1,1.0
458,2,441.0,325.0,46.0,145.0,1,1,1.0
459,2,443.0,326.0,55.0,144.0,1,1,1.0
460,2,445.0,326.0,63.0,144.0,1,1,1.0
461,2,446.0,326.0,68.0,144.0,1,1,1.0
462,2,447.0,326.0,71.0,144.0,1,1,1.0
463,2,451.0,325.0,68.0,143.0,1,1,1.0
464,2,459.0,324.0,60.0,141.0,1,1,1.0
465,2,469.0,322.0,50.0,140.0,1,1,1.0
466,2,478.0,322.0,42.0,140.0,1,1,1.0
467,2,483.0,321.0,40.0,139.0,1,1,1.0
468,2,488.0,320.0,45.0,140.0,1,1,1.0
469,2,490.0,319.0,53.0,144.0,1,1,1.0
470,2,493.0,320.0,63.0,147.0,1,1,1.0
471,2,495.0,320.0,69.0,148.0,1,1,1.0
472,2,495.0,320.0,73.0,143.0,1,1,1.0
473,2,496.0,319.0,74.0,142.0,1,1,1.0
474,2,497.0,318.0,74.0,141.0,1,1,1.0
475,2,505.0,316.0,66.0,141.0,1,1,1.0
476,2,513.0,315.0,57.0,139.0,1,1,1.0
477,2,523.0,314.0,47.0,138.0,1,1,1.0
478,2,532.0,313.0,40.0,139.0,1,1,1.0
479,2,537.0,312.0,40.0,140.0,1,1,1.0
480,2,542.0,311.0,45.0,140.0,1,1,1.0
481,2,546.0,312.0,50.0,139.0,1,1,1.0
482,2,548.0,312.0,56.0,138.0,1,1,1.0
483,2,548.0,313.0,61.0,137.0,1,1,1.0
484,2,549.0,313.0,63.0,137.0,1,1,1.0
485,2,548.0,312.0,65.0,138.0,1,1,1.0
486,2,556.0,310.0,57.0,138.0,1,1,1.0
487,2,565.0,309.0,48.0,137.0,1,1,1.0
488,2,573.0,307.0,41.0,138.0,1,1,1.0
489,2,579.0,307.0,39.0,136.0,1,1,1.0
490,2,583.0,306.0,40.0,136.0,1,1,1.0
491,2,587.0,306.0,47.0,136.0,1,1,1.0
492,2,590.0,306.0,55.0,135.0,1,1,1.0
493,2,591.0,306.0,63.0,136.0,1,1,1.0
494,2,592.0,307.0,67.0,135.0,1,1,1.0
495,2,592.0,306.0,70.0,135.0,1,1,1.0
496,2,593.0,306.0,70.0,135.0,1,1,1.0
497,2,597.0,303.0,67.0,136.0,1,1,1.0
498,2,603.0,303.0,61.0,135.0,1,1,1.0
499,2,611.0,303.0,53.0,133.0,1,1,1.0
500,2,618.0,302.0,45.0,133.0,1,1,1.0
501,2,624.0,301.0,42.0,135.0,1,1,1.0
502,2,627.0,300.0,46.0,135.0,1,1,1.0
503,2,632.0,301.0,50.0,135.0,1,1,1.0
504,2,636.0,302.0,51.0,134.0,1,1,1.0
505,2,639.0,301.0,51.0,134.0,1,1,1.0
506,2,641.0,302.0,52.0,134.0,1,1,1.0
507,2,642.0,301.0,53.0,133.0,1,1,1.0
508,2,643.0,301.0,52.0,132.0,1,1,1.0
509,2,647.0,300.0,48.0,133.0,1,1,1.0
510,2,653.0,299.0,43.0,132.0,1,1,1.0
511,2,660.0,298.0,37.0,131.0,1,1,1.0
512,2,663.0,296.0,38.0,131.0,1,1,1.0
513,2,665.0,296.0,41.0,131.0,1,1,1.0
514,2,667.0,296.0,45.0,131.0,1,1,1.0
515,2,672.0,295.0,49.0,132.0,1,1,1.0
516,2,674.0,294.0,56.0,132.0,1,1,1.0
517,2,675.0,296.0,61.0,130.0,1,1,1.0
518,2,675.0,296.0,63.0,130.0,1,1,1.0
519,2,675.0,296.0,63.0,130.0,1,1,1.0
520,2,679.0,295.0,59.0,129.0,1,1,1.0
521,2,684.0,294.0,54.0,129.0,1,1,1.0
522,2,687.0,293.0,51.0,129.0,1,1,1.0
523,2,694.0,292.0,47.0,128.0,1,1,1.0
524,2,696.0,292.0,53.0,128.0,1,1,1.0
525,2,702.0,291.0,51.0,130.0,1,1,1.0
526,2,708.0,291.0,47.0,130.0,1,1,1.0
527,2,712.0,291.0,46.0,129.0,1,1,1.0
528,2,715.0,292.0,49.0,128.0,1,1,1.0
529,2,716.0,292.0,52.0,128.0,1,1,1.0
530,2,717.0,292.0,52.0,127.0,1,1,1.0
531,2,719.0,291.0,51.0,128.0,1,1,1.0
532,2,725.0,289.0,44.0,128.0,1,1,1.0
533,2,731.0,288.0,39.0,127.0,1,1,1.0
534,2,736.0,288.0,38.0,126.0,1,1,1.0
535,2,742.0,287.0,36.0,127.0,1,1,1.0
536,2,746.0,288.0,37.0,125.0,1,1,1.0
537,2,747.0,289.0,44.0,124.0,1,1,1.0
538,2,748.0,286.0,53.0,127.0,1,1,1.0
539,2,748.0,284.0,60.0,129.0,1,1,1.0
540,2,749.0,287.0,63.0,125.0,1,1,1.0
541,2,749.0,286.0,63.0,126.0,1,1,1.0
542,2,753.0,287.0,60.0,124.0,1,1,1.0
543,2,759.0,287.0,54.0,124.0,1,1,1.0
544,2,766.0,286.0,47.0,124.0,1,1,1.0
545,2,774.0,286.0,39.0,124.0,1,1,1.0
546,2,783.0,286.0,34.0,124.0,1,1,1.0
547,2,788.0,287.0,33.0,123.0,1,1,1.0
548,2,790.0,284.0,40.0,126.0,1,1,1.0
549,2,791.0,285.0,50.0,125.0,1,1,1.0
550,2,791.0,286.0,58.0,124.0,1,1,1.0
551,2,791.0,285.0,64.0,125.0,1,1,1.0
552,2,792.0,286.0,68.0,124.0,1,1,1.0
553,2,794.0,287.0,67.0,124.0,1,1,1.0
554,2,799.0,284.0,62.0,126.0,1,1,1.0
555,2,807.0,284.0,54.0,126.0,1,1,1.0
556,2,816.0,284.0,45.0,125.0,1,1,1.0
557,2,824.0,284.0,37.0,126.0,1,1,1.0
558,2,829.0,284.0,35.0,125.0,1,1,1.0
559,2,833.0,285.0,36.0,125.0,1,1,1.0
560,2,835.0,284.0,43.0,126.0,1,1,1.0
561,2,836.0,285.0,49.0,126.0,1,1,1.0
562,2,836.0,287.0,53.0,124.0,1,1,1.0
563,2,838.0,287.0,54.0,124.0,1,1,1.0
564,2,840.0,287.0,52.0,124.0,1,1,1.0
565,2,846.0,287.0,47.0,125.0,1,1,1.0
566,2,855.0,287.0,38.0,125.0,1,1,1.0
567,2,861.0,286.0,35.0,125.0,1,1,1.0
568,2,864.0,285.0,35.0,126.0,1,1,1.0
569,2,868.0,285.0,35.0,126.0,1,1,1.0
570,2,871.0,285.0,38.0,126.0,1,1,1.0
571,2,873.0,285.0,44.0,127.0,1,1,1.0
572,2,873.0,288.0,50.0,126.0,1,1,1.0
573,2,873.0,289.0,56.0,125.0,1,1,1.0
574,2,874.0,289.0,57.0,126.0,1,1,1.0
575,2,875.0,289.0,57.0,127.0,1,1,1.0
576,2,879.0,288.0,54.0,128.0,1,1,1.0
577,2,883.0,289.0,50.0,128.0,1,1,1.0
578,2,890.0,287.0,44.0,129.0,1,1,1.0
579,2,895.0,287.0,41.0,130.0,1,1,1.0
580,2,899.0,287.0,40.0,131.0,1,1,1.0
581,2,900.0,287.0,41.0,132.0,1,1,1.0
582,2,903.0,287.0,43.0,133.0,1,1,1.0
583,2,905.0,289.0,46.0,133.0,1,1,1.0
584,2,908.0,289.0,47.0,133.0,1,1,1.0
585,2,910.0,291.0,48.0,132.0,1,1,1.0
586,2,908.0,290.0,51.0,133.0,1,1,1.0
587,2,915.0,290.0,45.0,134.0,1,1,1.0
588,2,923.0,289.0,38.0,135.0,1,1,1.0
589,2,927.0,289.0,36.0,136.0,1,1,1.0
590,2,931.0,288.0,37.0,136.0,1,1,1.0
591,2,934.0,288.0,37.0,136.0,1,1,1.0
592,2,936.0,289.0,41.0,136.0,1,1,1.0
593,2,939.0,290.0,47.0,135.0,1,1,1.0
594,2,940.0,291.0,54.0,135.0,1,1,1.0
595,2,940.0,293.0,60.0,134.0,1,1,1.0
596,2,939.0,294.0,63.0,134.0,1,1,1.0
597,2,940.0,294.0,63.0,135.0,1,1,1.0
598,2,943.0,294.0,61.0,136.0,1,1,1.0
599,2,947.0,293.0,57.0,137.0,1,1,1.0
600,2,954.0,293.0,50.0,138.0,1,1,1.0
601,2,962.0,292.0,43.0,138.0,1,1,1.0
602,2,968.0,292.0,39.0,139.0,1,1,1.0
603,2,973.0,292.0,38.0,141.0,1,1,1.0
604,2,977.0,293.0,37.0,141.0,1,1,1.0
605,2,981.0,294.0,42.0,141.0,1,1,1.0
606,2,982.0,295.0,50.0,140.0,1,1,1.0
607,2,983.0,296.0,53.0,141.0,1,1,1.0
608,2,983.0,296.0,53.0,141.0,1,1,1.0
609,2,989.0,296.0,47.0,141.0,1,1,1.0
610,2,997.0,296.0,39.0,141.0,1,1,1.0
611,2,1001.0,295.0,37.0,142.0,1,1,1.0
612,2,1005.0,295.0,38.0,143.0,1,1,1.0
613,2,1009.0,295.0,38.0,143.0,1,1,1.0
614,2,1012.0,295.0,40.0,143.0,1,1,1.0
615,2,1014.0,295.0,48.0,143.0,1,1,1.0
616,2,1015.0,297.0,57.0,143.0,1,1,1.0
617,2,1015.0,299.0,64.0,142.0,1,1,1.0
618,2,1014.0,299.0,68.0,142.0,1,1,1.0
619,2,1015.0,299.0,70.0,144.0,1,1,1.0
620,2,1019.0,299.0,66.0,145.0,1,1,1.0
621,2,1031.0,298.0,55.0,146.0,1,1,1.0
622,2,1042.0,298.0,46.0,146.0,1,1,1.0
623,2,1053.0,297.0,39.0,148.0,1,1,1.0
624,2,1059.0,297.0,36.0,150.0,1,1,1.0
625,2,1062.0,298.0,42.0,150.0,1,1,1.0
626,2,1062.0,299.0,51.0,150.0,1,1,1.0
627,2,1063.0,301.0,58.0,150.0,1,1,1.0
628,2,1063.0,302.0,62.0,150.0,1,1,1.0
629,2,1063.0,302.0,64.0,151.0,1,1,1.0
630,2,1070.0,302.0,58.0,152.0,1,1,1.0
631,2,1083.0,301.0,45.0,153.0,1,1,1.0
632,2,1092.0,300.0,39.0,154.0,1,1,1.0
633,2,1098.0,300.0,38.0,154.0,1,1,1.0
634,2,1102.0,301.0,39.0,153.0,1,1,1.0
635,2,1105.0,301.0,45.0,152.0,1,1,1.0
636,2,1106.0,303.0,56.0,152.0,1,1,1.0
637,2,1105.0,304.0,67.0,151.0,1,1,1.0
638,2,1105.0,306.0,73.0,151.0,1,1,1.0
639,2,1105.0,307.0,76.0,151.0,1,1,1.0
640,2,1105.0,306.0,77.0,152.0,1,1,1.0
641,2,1113.0,305.0,70.0,153.0,1,1,1.0
642,2,1122.0,304.0,60.0,154.0,1,1,1.0
643,2,1133.0,304.0,50.0,154.0,1,1,1.0
644,2,1145.0,304.0,40.0,154.0,1,1,1.0
645,2,1152.0,304.0,36.0,156.0,1,1,1.0
646,2,1157.0,306.0,38.0,158.0,1,1,1.0
647,2,1159.0,306.0,47.0,158.0,1,1,1.0
648,2,1159.0,307.0,55.0,159.0,1,1,1.0
649,2,1160.0,308.0,59.0,160.0,1,1,1.0
650,2,1160.0,309.0,61.0,161.0,1,1,1.0
651,2,1173.0,309.0,49.0,161.0,1,1,1.0
652,2,1182.0,308.0,40.0,161.0,1,1,1.0
653,2,1188.0,308.0,37.0,161.0,1,1,1.0
654,2,1192.0,308.0,39.0,162.0,1,1,1.0
655,2,1196.0,308.0,41.0,162.0,1,1,1.0
656,2,1198.0,309.0,47.0,161.0,1,1,1.0
657,2,1198.0,310.0,57.0,162.0,1,1,1.0
658,2,1199.0,311.0,66.0,162.0,1,1,1.0
659,2,1198.0,312.0,76.0,162.0,1,1,1.0
660,2,1199.0,315.0,80.0,162.0,1,1,1.0
661,2,1198.0,315.0,83.0,163.0,1,1,1.0
662,2,1203.0,315.0,78.0,164.0,1,1,1.0
663,2,1213.0,314.0,68.0,164.0,1,1,1.0
664,2,1224.0,313.0,59.0,165.0,1,1,1.0
665,2,1232.0,314.0,54.0,165.0,1,1,1.0
666,2,1237.0,314.0,54.0,167.0,1,1,1.0
667,2,1240.0,315.0,58.0,169.0,1,1,1.0
668,2,1246.0,316.0,61.0,171.0,1,1,1.0
669,2,1251.0,317.0,66.0,173.0,1,1,1.0
670,2,1254.0,320.0,70.0,172.0,1,1,1.0
671,2,1257.0,321.0,70.0,173.0,1,1,1.0
672,2,1262.0,322.0,67.0,173.0,1,1,1.0
673,2,1274.0,322.0,57.0,173.0,1,1,1.0
674,2,1289.0,322.0,46.0,173.0,1,1,1.0
675,2,1297.0,322.0,45.0,174.0,1,1,1.0
676,2,1301.0,322.0,48.0,174.0,1,1,1.0
677,2,1303.0,322.0,54.0,174.0,1,1,1.0
678,2,1304.0,323.0,65.0,174.0,1,1,1.0
679,2,1303.0,325.0,77.0,174.0,1,1,1.0
680,2,1303.0,328.0,85.0,173.0,1,1,1.0
681,2,1303.0,329.0,90.0,174.0,1,1,1.0
682,2,1305.0,330.0,91.0,174.0,1,1,1.0
683,2,1315.0,330.0,82.0,174.0,1,1,1.0
684,2,1327.0,330.0,72.0,174.0,1,1,1.0
685,2,1340.0,330.0,62.0,175.0,1,1,1.0
686,2,1355.0,330.0,55.0,175.0,1,1,1.0
687,2,1364.0,330.0,54.0,178.0,1,1,1.0
688,2,1366.0,331.0,61.0,180.0,1,1,1.0
689,2,1367.0,333.0,70.0,181.0,1,1,1.0
690,2,1366.0,335.0,78.0,180.0,1,1,1.0
691,2,1367.0,338.0,83.0,180.0,1,1,1.0
692,2,1369.0,338.0,87.0,181.0,1,1,1.0
693,2,1378.0,339.0,84.0,181.0,1,1,1.0
694,2,1399.0,339.0,68.0,181.0,1,1,1.0
695,2,1406.0,338.0,66.0,181.0,1,1,1.0
696,2,1414.0,338.0,64.0,181.0,1,1,1.0
697,2,1420.0,339.0,64.0,180.0,1,1,1.0
698,2,1421.0,341.0,68.0,179.0,1,1,1.0
699,2,1421.0,343.0,76.0,179.0,1,1,1.0
700,2,1422.0,345.0,86.0,178.0,1,1,1.0
701,2,1423.0,346.0,89.0,179.0,1,1,1.0
702,2,1426.0,347.0,91.0,179.0,1,1,1.0
703,2,1435.0,347.0,88.0,179.0,1,1,1.0
704,2,1447.0,347.0,83.0,179.0,1,1,1.0
