1,1,841.0,223.0,44.0,127.0,1,1,1.0
2,1,841.0,224.0,43.0,128.0,1,1,1.0
3,1,840.0,224.0,43.0,129.0,1,1,1.0
4,1,840.0,225.0,44.0,130.0,1,1,1.0
5,1,839.0,225.0,45.0,130.0,1,1,1.0
6,1,839.0,225.0,46.0,130.0,1,1,1.0
7,1,839.0,225.0,47.0,130.0,1,1,1.0
8,1,839.0,225.0,47.0,130.0,1,1,1.0
9,1,838.0,225.0,47.0,130.0,1,1,1.0
10,1,838.0,225.0,47.0,130.0,1,1,1.0
11,1,838.0,226.0,46.0,132.0,1,1,1.0
12,1,838.0,226.0,45.0,134.0,1,1,1.0
13,1,839.0,228.0,43.0,135.0,1,1,1.0
14,1,838.0,229.0,42.0,135.0,1,1,1.0
15,1,839.0,230.0,41.0,135.0,1,1,1.0
16,1,838.0,230.0,40.0,135.0,1,1,1.0
17,1,837.0,230.0,40.0,135.0,1,1,1.0
18,1,836.0,230.0,40.0,135.0,1,1,1.0
19,1,836.0,230.0,40.0,135.0,1,1,1.0
20,1,835.0,230.0,40.0,135.0,1,1,1.0
21,1,834.0,230.0,40.0,136.0,1,1,1.0
22,1,833.0,231.0,41.0,136.0,1,1,1.0
23,1,833.0,233.0,41.0,137.0,1,1,1.0
24,1,832.0,235.0,41.0,139.0,1,1,1.0
25,1,832.0,236.0,42.0,139.0,1,1,1.0
26,1,832.0,237.0,43.0,139.0,1,1,1.0
27,1,832.0,238.0,42.0,139.0,1,1,1.0
28,1,831.0,238.0,43.0,139.0,1,1,1.0
29,1,830.0,238.0,43.0,139.0,1,1,1.0
30,1,829.0,238.0,43.0,139.0,1,1,1.0
31,1,828.0,238.0,44.0,139.0,1,1,1.0
32,1,827.0,238.0,44.0,139.0,1,1,1.0
33,1,826.0,238.0,44.0,140.0,1,1,1.0
34,1,824.0,239.0,45.0,142.0,1,1,1.0
35,1,821.0,241.0,47.0,142.0,1,1,1.0
36,1,818.0,242.0,49.0,143.0,1,1,1.0
37,1,814.0,243.0,51.0,144.0,1,1,1.0
38,1,810.0,244.0,52.0,144.0,1,1,1.0
39,1,809.0,245.0,53.0,144.0,1,1,1.0
40,1,809.0,245.0,52.0,144.0,1,1,1.0
41,1,809.0,245.0,52.0,144.0,1,1,1.0
42,1,809.0,245.0,53.0,146.0,1,1,1.0
43,1,809.0,246.0,54.0,149.0,1,1,1.0
44,1,808.0,247.0,55.0,150.0,1,1,1.0
45,1,807.0,249.0,56.0,150.0,1,1,1.0
46,1,807.0,251.0,55.0,150.0,1,1,1.0
47,1,806.0,252.0,55.0,150.0,1,1,1.0
48,1,804.0,252.0,56.0,151.0,1,1,1.0
49,1,803.0,253.0,56.0,150.0,1,1,1.0
50,1,802.0,253.0,57.0,150.0,1,1,1.0
51,1,801.0,253.0,59.0,150.0,1,1,1.0
52,1,800.0,253.0,60.0,150.0,1,1,1.0
53,1,799.0,252.0,61.0,151.0,1,1,1.0
54,1,799.0,253.0,61.0,154.0,1,1,1.0
55,1,798.0,254.0,60.0,156.0,1,1,1.0
56,1,799.0,257.0,60.0,155.0,1,1,1.0
57,1,798.0,257.0,60.0,156.0,1,1,1.0
58,1,798.0,258.0,60.0,157.0,1,1,1.0
59,1,796.0,259.0,63.0,158.0,1,1,1.0
60,1,794.0,261.0,63.0,158.0,1,1,1.0
61,1,792.0,261.0,64.0,157.0,1,1,1.0
62,1,791.0,262.0,64.0,156.0,1,1,1.0
63,1,790.0,263.0,65.0,156.0,1,1,1.0
64,1,790.0,261.0,64.0,158.0,1,1,1.0
65,1,791.0,261.0,63.0,158.0,1,1,1.0
66,1,791.0,264.0,62.0,158.0,1,1,1.0
67,1,791.0,266.0,60.0,160.0,1,1,1.0
68,1,793.0,268.0,58.0,161.0,1,1,1.0
69,1,794.0,270.0,56.0,162.0,1,1,1.0
70,1,796.0,271.0,55.0,163.0,1,1,1.0
71,1,797.0,271.0,54.0,163.0,1,1,1.0
72,1,798.0,271.0,54.0,164.0,1,1,1.0
73,1,798.0,271.0,55.0,164.0,1,1,1.0
74,1,798.0,271.0,56.0,164.0,1,1,1.0
75,1,798.0,271.0,57.0,164.0,1,1,1.0
76,1,798.0,271.0,59.0,164.0,1,1,1.0
77,1,798.0,273.0,61.0,166.0,1,1,1.0
78,1,798.0,274.0,63.0,167.0,1,1,1.0
79,1,797.0,276.0,64.0,167.0,1,1,1.0
80,1,797.0,278.0,64.0,168.0,1,1,1.0
81,1,795.0,280.0,66.0,169.0,1,1,1.0
82,1,794.0,281.0,66.0,171.0,1,1,1.0
83,1,793.0,282.0,67.0,171.0,1,1,1.0
84,1,792.0,282.0,67.0,172.0,1,1,1.0
85,1,792.0,282.0,67.0,173.0,1,1,1.0
86,1,793.0,282.0,66.0,173.0,1,1,1.0
87,1,794.0,282.0,64.0,174.0,1,1,1.0
88,1,796.0,283.0,62.0,173.0,1,1,1.0
89,1,797.0,285.0,59.0,175.0,1,1,1.0
90,1,797.0,286.0,57.0,179.0,1,1,1.0
91,1,798.0,288.0,56.0,179.0,1,1,1.0
92,1,798.0,291.0,55.0,179.0,1,1,1.0
93,1,798.0,294.0,55.0,180.0,1,1,1.0
94,1,797.0,295.0,55.0,181.0,1,1,1.0
95,1,794.0,296.0,58.0,181.0,1,1,1.0
96,1,792.0,297.0,60.0,180.0,1,1,1.0
97,1,791.0,297.0,62.0,181.0,1,1,1.0
98,1,789.0,296.0,65.0,181.0,1,1,1.0
99,1,788.0,296.0,66.0,180.0,1,1,1.0
100,1,786.0,297.0,69.0,181.0,1,1,1.0
101,1,785.0,298.0,71.0,185.0,1,1,1.0
102,1,785.0,301.0,73.0,186.0,1,1,1.0
103,1,786.0,304.0,72.0,187.0,1,1,1.0
104,1,788.0,306.0,71.0,187.0,1,1,1.0
105,1,787.0,308.0,71.0,190.0,1,1,1.0
106,1,787.0,310.0,68.0,191.0,1,1,1.0
107,1,786.0,311.0,67.0,191.0,1,1,1.0
108,1,784.0,311.0,68.0,191.0,1,1,1.0
109,1,782.0,311.0,69.0,191.0,1,1,1.0
110,1,780.0,310.0,70.0,191.0,1,1,1.0
111,1,778.0,311.0,71.0,191.0,1,1,1.0
112,1,776.0,312.0,70.0,195.0,1,1,1.0
113,1,775.0,314.0,68.0,198.0,1,1,1.0
114,1,772.0,317.0,68.0,198.0,1,1,1.0
115,1,770.0,320.0,69.0,200.0,1,1,1.0
116,1,768.0,323.0,70.0,201.0,1,1,1.0
117,1,764.0,325.0,73.0,202.0,1,1,1.0
118,1,763.0,327.0,74.0,201.0,1,1,1.0
119,1,762.0,327.0,73.0,201.0,1,1,1.0
120,1,762.0,328.0,72.0,201.0,1,1,1.0
121,1,762.0,328.0,71.0,200.0,1,1,1.0
122,1,762.0,329.0,71.0,199.0,1,1,1.0
123,1,762.0,330.0,72.0,203.0,1,1,1.0
124,1,762.0,333.0,73.0,208.0,1,1,1.0
125,1,761.0,336.0,74.0,209.0,1,1,1.0
126,1,760.0,339.0,75.0,210.0,1,1,1.0
127,1,759.0,341.0,75.0,212.0,1,1,1.0
128,1,757.0,343.0,75.0,213.0,1,1,1.0
129,1,753.0,344.0,75.0,213.0,1,1,1.0
130,1,750.0,345.0,77.0,213.0,1,1,1.0
131,1,747.0,345.0,78.0,213.0,1,1,1.0
132,1,746.0,346.0,80.0,212.0,1,1,1.0
133,1,746.0,347.0,80.0,212.0,1,1,1.0
134,1,748.0,349.0,79.0,218.0,1,1,1.0
135,1,749.0,352.0,77.0,222.0,1,1,1.0
136,1,751.0,356.0,74.0,223.0,1,1,1.0
137,1,753.0,359.0,71.0,223.0,1,1,1.0
138,1,754.0,362.0,67.0,227.0,1,1,1.0
139,1,755.0,365.0,68.0,227.0,1,1,1.0
140,1,754.0,366.0,71.0,226.0,1,1,1.0
141,1,753.0,367.0,74.0,225.0,1,1,1.0
142,1,752.0,368.0,76.0,225.0,1,1,1.0
143,1,752.0,369.0,76.0,223.0,1,1,1.0
144,1,752.0,371.0,77.0,227.0,1,1,1.0
145,1,752.0,373.0,77.0,233.0,1,1,1.0
146,1,752.0,377.0,78.0,235.0,1,1,1.0
147,1,753.0,381.0,76.0,236.0,1,1,1.0
148,1,754.0,385.0,74.0,238.0,1,1,1.0
149,1,755.0,388.0,74.0,240.0,1,1,1.0
150,1,755.0,390.0,75.0,240.0,1,1,1.0
151,1,754.0,391.0,78.0,239.0,1,1,1.0
152,1,753.0,392.0,81.0,239.0,1,1,1.0
153,1,753.0,392.0,83.0,238.0,1,1,1.0
154,1,755.0,393.0,82.0,238.0,1,1,1.0
155,1,756.0,395.0,81.0,241.0,1,1,1.0
156,1,758.0,397.0,81.0,247.0,1,1,1.0
157,1,759.0,401.0,77.0,249.0,1,1,1.0
158,1,761.0,406.0,73.0,249.0,1,1,1.0
159,1,763.0,409.0,70.0,253.0,1,1,1.0
160,1,764.0,412.0,72.0,256.0,1,1,1.0
161,1,762.0,414.0,76.0,256.0,1,1,1.0
162,1,760.0,415.0,81.0,256.0,1,1,1.0
163,1,759.0,416.0,87.0,255.0,1,1,1.0
164,1,758.0,418.0,90.0,254.0,1,1,1.0
165,1,757.0,420.0,93.0,251.0,1,1,1.0
166,1,758.0,422.0,94.0,255.0,1,1,1.0
167,1,759.0,425.0,93.0,264.0,1,1,1.0
168,1,760.0,429.0,92.0,265.0,1,1,1.0
169,1,762.0,434.0,90.0,267.0,1,1,1.0
170,1,763.0,438.0,89.0,267.0,1,1,1.0
171,1,764.0,441.0,89.0,271.0,1,1,1.0
172,1,763.0,444.0,90.0,272.0,1,1,1.0
173,1,763.0,446.0,94.0,271.0,1,1,1.0
174,1,764.0,447.0,96.0,270.0,1,1,1.0
175,1,766.0,448.0,96.0,269.0,1,1,1.0
176,1,769.0,449.0,95.0,268.0,1,1,1.0
177,1,772.0,452.0,93.0,270.0,1,1,1.0
178,1,774.0,454.0,92.0,278.0,1,1,1.0
179,1,775.0,459.0,90.0,281.0,1,1,1.0
180,1,776.0,464.0,86.0,281.0,1,1,1.0
181,1,777.0,470.0,81.0,283.0,1,1,1.0
182,1,778.0,474.0,81.0,289.0,1,1,1.0
183,1,780.0,478.0,83.0,290.0,1,1,1.0
184,1,780.0,481.0,85.0,290.0,1,1,1.0
185,1,781.0,483.0,87.0,288.0,1,1,1.0
186,1,782.0,484.0,88.0,287.0,1,1,1.0
187,1,782.0,486.0,90.0,285.0,1,1,1.0
188,1,781.0,489.0,92.0,282.0,1,1,1.0
189,1,779.0,492.0,95.0,290.0,1,1,1.0
190,1,778.0,497.0,97.0,298.0,1,1,1.0
191,1,776.0,503.0,99.0,302.0,1,1,1.0
192,1,774.0,508.0,101.0,307.0,1,1,1.0
193,1,772.0,512.0,103.0,310.0,1,1,1.0
194,1,770.0,516.0,105.0,309.0,1,1,1.0
195,1,768.0,519.0,104.0,307.0,1,1,1.0
196,1,768.0,522.0,102.0,304.0,1,1,1.0
197,1,770.0,525.0,99.0,300.0,1,1,1.0
198,1,770.0,528.0,97.0,298.0,1,1,1.0
199,1,770.0,532.0,96.0,303.0,1,1,1.0
200,1,770.0,537.0,95.0,316.0,1,1,1.0
201,1,769.0,543.0,94.0,324.0,1,1,1.0
202,1,769.0,549.0,93.0,328.0,1,1,1.0
203,1,768.0,554.0,95.0,332.0,1,1,1.0
204,1,767.0,559.0,98.0,331.0,1,1,1.0
205,1,766.0,563.0,101.0,329.0,1,1,1.0
206,1,761.0,567.0,112.0,326.0,1,1,1.0
207,1,754.0,570.0,121.0,323.0,1,1,1.0
208,1,748.0,573.0,127.0,320.0,1,1,1.0
209,1,744.0,577.0,132.0,318.0,1,1,1.0
210,1,740.0,582.0,136.0,332.0,1,1,1.0
211,1,738.0,588.0,139.0,343.0,1,1,1.0
212,1,739.0,596.0,140.0,346.0,1,1,1.0
213,1,741.0,603.0,139.0,350.0,1,1,1.0
215,1,744.0,614.0,134.0,353.0,1,1,1.0
216,1,746.0,619.0,132.0,350.0,1,1,1.0
217,1,747.0,623.0,132.0,347.0,1,1,1.0
218,1,749.0,626.0,132.0,344.0,1,1,1.0
219,1,751.0,630.0,131.0,339.0,1,1,1.0
220,1,753.0,636.0,129.0,340.0,1,1,1.0
221,1,755.0,642.0,125.0,354.0,1,1,1.0
222,1,756.0,650.0,121.0,367.0,1,1,1.0
223,1,757.0,659.0,119.0,374.0,1,1,1.0
224,1,757.0,667.0,120.0,378.0,1,1,1.0
225,1,755.0,673.0,124.0,377.0,1,1,1.0
226,1,751.0,678.0,131.0,374.0,1,1,1.0
227,1,745.0,683.0,140.0,370.0,1,1,1.0
228,1,740.0,688.0,147.0,365.0,1,1,1.0
229,1,736.0,693.0,153.0,359.0,1,1,1.0
230,1,735.0,700.0,155.0,354.0,1,1,1.0
231,1,735.0,707.0,158.0,365.0,1,1,1.0
232,1,738.0,715.0,155.0,364.0,1,1,1.0
233,1,742.0,724.0,151.0,356.0,1,1,1.0
234,1,744.0,734.0,149.0,347.0,1,1,1.0
235,1,741.0,743.0,152.0,338.0,1,1,1.0
236,1,736.0,751.0,157.0,330.0,1,1,1.0
237,1,728.0,757.0,166.0,323.0,1,1,1.0
238,1,719.0,763.0,177.0,317.0,1,1,1.0
239,1,716.0,768.0,182.0,312.0,1,1,1.0
240,1,717.0,774.0,182.0,306.0,1,1,1.0
241,1,720.0,780.0,178.0,299.0,1,1,1.0
242,1,724.0,788.0,171.0,291.0,1,1,1.0
243,1,729.0,799.0,162.0,281.0,1,1,1.0
244,1,734.0,810.0,155.0,269.0,1,1,1.0
245,1,737.0,820.0,151.0,259.0,1,1,1.0
246,1,739.0,829.0,151.0,250.0,1,1,1.0
247,1,741.0,836.0,155.0,243.0,1,1,1.0
248,1,740.0,843.0,157.0,236.0,1,1,1.0
249,1,739.0,850.0,160.0,229.0,1,1,1.0
250,1,737.0,856.0,163.0,222.0,1,1,1.0
251,1,736.0,865.0,164.0,214.0,1,1,1.0
252,1,736.0,874.0,163.0,205.0,1,1,1.0
253,1,737.0,885.0,162.0,194.0,1,1,1.0
254,1,739.0,897.0,160.0,182.0,1,1,1.0
255,1,739.0,910.0,159.0,169.0,1,1,1.0
256,1,741.0,922.0,153.0,157.0,1,1,1.0
257,1,743.0,934.0,148.0,145.0,1,1,1.0
258,1,744.0,943.0,144.0,136.0,1,1,1.0
259,1,744.0,951.0,144.0,128.0,1,1,1.0
260,1,743.0,960.0,144.0,119.0,1,1,1.0
261,1,744.0,969.0,144.0,110.0,1,1,1.0
262,1,745.0,977.0,142.0,102.0,1,1,1.0
263,1,749.0,986.0,138.0,93.0,1,1,1.0
264,1,756.0,996.0,126.0,83.0,1,1,1.0
265,1,770.0,1007.0,97.0,71.0,1,1,1.0
358,2,117.0,957.0,135.0,122.0,1,1,1.0
359,2,117.0,950.0,128.0,129.0,1,1,1.0
360,2,116.0,942.0,121.0,137.0,1,1,1.0
361,2,117.0,936.0,115.0,143.0,1,1,1.0
362,2,116.0,929.0,111.0,149.0,1,1,1.0
363,2,114.0,923.0,114.0,156.0,1,1,1.0
364,2,110.0,914.0,120.0,164.0,1,1,1.0
365,2,105.0,905.0,126.0,173.0,1,1,1.0
366,2,101.0,895.0,131.0,184.0,1,1,1.0
367,2,99.0,884.0,136.0,194.0,1,1,1.0
368,2,97.0,873.0,141.0,206.0,1,1,1.0
369,2,96.0,861.0,138.0,217.0,1,1,1.0
370,2,98.0,851.0,135.0,227.0,1,1,1.0
371,2,99.0,843.0,134.0,236.0,1,1,1.0
372,2,101.0,835.0,147.0,243.0,1,1,1.0
373,2,104.0,829.0,150.0,250.0,1,1,1.0
374,2,107.0,822.0,149.0,256.0,1,1,1.0
375,2,110.0,814.0,147.0,264.0,1,1,1.0
376,2,112.0,806.0,146.0,272.0,1,1,1.0
377,2,113.0,797.0,145.0,282.0,1,1,1.0
378,2,114.0,787.0,145.0,291.0,1,1,1.0
379,2,114.0,779.0,144.0,300.0,1,1,1.0
380,2,115.0,770.0,144.0,308.0,1,1,1.0
381,2,114.0,763.0,144.0,315.0,1,1,1.0
382,2,115.0,756.0,144.0,322.0,1,1,1.0
383,2,114.0,752.0,144.0,327.0,1,1,1.0
384,2,114.0,748.0,144.0,331.0,1,1,1.0
385,2,114.0,745.0,144.0,334.0,1,1,1.0
386,2,114.0,741.0,143.0,337.0,1,1,1.0
387,2,114.0,736.0,144.0,342.0,1,1,1.0
388,2,112.0,729.0,145.0,349.0,1,1,1.0
389,2,109.0,722.0,145.0,354.0,1,1,1.0
390,2,107.0,713.0,143.0,344.0,1,1,1.0
391,2,104.0,705.0,144.0,338.0,1,1,1.0
392,2,102.0,698.0,141.0,334.0,1,1,1.0
393,2,100.0,692.0,135.0,334.0,1,1,1.0
394,2,98.0,687.0,129.0,338.0,1,1,1.0
395,2,98.0,683.0,123.0,341.0,1,1,1.0
396,2,98.0,680.0,121.0,344.0,1,1,1.0
397,2,97.0,677.0,120.0,346.0,1,1,1.0
398,2,96.0,673.0,119.0,349.0,1,1,1.0
399,2,96.0,667.0,118.0,347.0,1,1,1.0
400,2,95.0,660.0,113.0,344.0,1,1,1.0
401,2,94.0,652.0,109.0,330.0,1,1,1.0
402,2,93.0,645.0,108.0,321.0,1,1,1.0
403,2,92.0,639.0,108.0,314.0,1,1,1.0
404,2,92.0,635.0,109.0,314.0,1,1,1.0
405,2,91.0,631.0,110.0,317.0,1,1,1.0
406,2,90.0,628.0,110.0,319.0,1,1,1.0
407,2,89.0,626.0,111.0,321.0,1,1,1.0
408,2,88.0,625.0,112.0,321.0,1,1,1.0
409,2,87.0,623.0,113.0,322.0,1,1,1.0
410,2,85.0,620.0,113.0,320.0,1,1,1.0
411,2,82.0,615.0,113.0,316.0,1,1,1.0
412,2,79.0,609.0,116.0,311.0,1,1,1.0
413,2,77.0,603.0,115.0,297.0,1,1,1.0
414,2,76.0,596.0,114.0,287.0,1,1,1.0
415,2,75.0,590.0,112.0,291.0,1,1,1.0
416,2,74.0,585.0,110.0,296.0,1,1,1.0
417,2,75.0,581.0,105.0,301.0,1,1,1.0
418,2,75.0,578.0,102.0,303.0,1,1,1.0
419,2,76.0,575.0,98.0,305.0,1,1,1.0
420,2,77.0,573.0,96.0,307.0,1,1,1.0
421,2,79.0,569.0,94.0,303.0,1,1,1.0
422,2,80.0,565.0,93.0,300.0,1,1,1.0
423,2,80.0,560.0,93.0,295.0,1,1,1.0
424,2,80.0,555.0,94.0,278.0,1,1,1.0
425,2,80.0,549.0,94.0,274.0,1,1,1.0
426,2,80.0,545.0,93.0,274.0,1,1,1.0
427,2,80.0,542.0,94.0,276.0,1,1,1.0
428,2,79.0,540.0,94.0,278.0,1,1,1.0
429,2,79.0,539.0,94.0,279.0,1,1,1.0
430,2,78.0,538.0,94.0,280.0,1,1,1.0
431,2,77.0,537.0,94.0,279.0,1,1,1.0
432,2,76.0,535.0,95.0,278.0,1,1,1.0
433,2,74.0,532.0,94.0,274.0,1,1,1.0
434,2,72.0,528.0,94.0,270.0,1,1,1.0
435,2,70.0,523.0,92.0,260.0,1,1,1.0
436,2,69.0,519.0,91.0,259.0,1,1,1.0
437,2,68.0,514.0,87.0,260.0,1,1,1.0
438,2,66.0,511.0,82.0,262.0,1,1,1.0
439,2,65.0,509.0,78.0,264.0,1,1,1.0
440,2,65.0,508.0,77.0,265.0,1,1,1.0
441,2,64.0,507.0,77.0,267.0,1,1,1.0
442,2,64.0,505.0,76.0,268.0,1,1,1.0
443,2,63.0,502.0,75.0,267.0,1,1,1.0
444,2,63.0,498.0,73.0,263.0,1,1,1.0
445,2,62.0,495.0,69.0,260.0,1,1,1.0
446,2,61.0,490.0,69.0,254.0,1,1,1.0
447,2,61.0,487.0,69.0,248.0,1,1,1.0
448,2,60.0,484.0,69.0,248.0,1,1,1.0
449,2,59.0,481.0,70.0,249.0,1,1,1.0
450,2,59.0,472.0,71.0,259.0,1,1,1.0
451,2,58.0,467.0,71.0,263.0,1,1,1.0
452,2,58.0,467.0,72.0,263.0,1,1,1.0
453,2,57.0,468.0,72.0,262.0,1,1,1.0
454,2,56.0,463.0,72.0,266.0,1,1,1.0
455,2,55.0,463.0,73.0,261.0,1,1,1.0
456,2,53.0,461.0,73.0,257.0,1,1,1.0
457,2,52.0,459.0,75.0,248.0,1,1,1.0
458,2,50.0,459.0,77.0,240.0,1,1,1.0
459,2,49.0,459.0,78.0,236.0,1,1,1.0
460,2,48.0,459.0,76.0,228.0,1,1,1.0
461,2,47.0,458.0,74.0,233.0,1,1,1.0
462,2,47.0,457.0,74.0,236.0,1,1,1.0
463,2,46.0,456.0,74.0,237.0,1,1,1.0
464,2,45.0,455.0,73.0,238.0,1,1,1.0
465,2,45.0,455.0,73.0,239.0,1,1,1.0
466,2,44.0,452.0,74.0,237.0,1,1,1.0
467,2,42.0,449.0,76.0,225.0,1,1,1.0
468,2,37.0,445.0,78.0,221.0,1,1,1.0
469,2,40.0,443.0,72.0,219.0,1,1,1.0
470,2,41.0,441.0,72.0,220.0,1,1,1.0
471,2,40.0,439.0,72.0,221.0,1,1,1.0
472,2,40.0,438.0,73.0,222.0,1,1,1.0
473,2,40.0,437.0,71.0,222.0,1,1,1.0
474,2,39.0,437.0,73.0,223.0,1,1,1.0
475,2,37.0,437.0,70.0,222.0,1,1,1.0
476,2,35.0,436.0,71.0,221.0,1,1,1.0
477,2,32.0,436.0,71.0,218.0,1,1,1.0
478,2,31.0,434.0,69.0,215.0,1,1,1.0
479,2,29.0,431.0,68.0,211.0,1,1,1.0
480,2,28.0,428.0,68.0,211.0,1,1,1.0
481,2,28.0,426.0,67.0,212.0,1,1,1.0
482,2,28.0,424.0,66.0,213.0,1,1,1.0
483,2,28.0,423.0,66.0,215.0,1,1,1.0
484,2,30.0,422.0,66.0,216.0,1,1,1.0
485,2,31.0,421.0,67.0,217.0,1,1,1.0
486,2,33.0,420.0,67.0,217.0,1,1,1.0
487,2,34.0,418.0,67.0,218.0,1,1,1.0
488,2,35.0,416.0,69.0,214.0,1,1,1.0
489,2,37.0,412.0,68.0,203.0,1,1,1.0
490,2,38.0,409.0,72.0,206.0,1,1,1.0
491,2,39.0,405.0,74.0,203.0,1,1,1.0
492,2,41.0,403.0,73.0,203.0,1,1,1.0
493,2,44.0,401.0,73.0,204.0,1,1,1.0
494,2,48.0,399.0,71.0,205.0,1,1,1.0
495,2,51.0,398.0,68.0,206.0,1,1,1.0
496,2,54.0,398.0,65.0,206.0,1,1,1.0
497,2,54.0,398.0,66.0,206.0,1,1,1.0
498,2,58.0,397.0,63.0,206.0,1,1,1.0
499,2,60.0,396.0,61.0,207.0,1,1,1.0
500,2,60.0,394.0,62.0,204.0,1,1,1.0
501,2,64.0,392.0,58.0,204.0,1,1,1.0
502,2,68.0,389.0,54.0,202.0,1,1,1.0
503,2,72.0,386.0,52.0,198.0,1,1,1.0
504,2,76.0,384.0,51.0,196.0,1,1,1.0
505,2,80.0,382.0,53.0,195.0,1,1,1.0
506,2,82.0,380.0,60.0,196.0,1,1,1.0
507,2,85.0,379.0,69.0,196.0,1,1,1.0
508,2,87.0,378.0,76.0,196.0,1,1,1.0
509,2,87.0,377.0,82.0,197.0,1,1,1.0
510,2,90.0,375.0,82.0,196.0,1,1,1.0
511,2,100.0,373.0,73.0,188.0,1,1,1.0
512,2,108.0,371.0,65.0,186.0,1,1,1.0
513,2,115.0,368.0,58.0,186.0,1,1,1.0
514,2,121.0,365.0,52.0,188.0,1,1,1.0
515,2,127.0,363.0,49.0,189.0,1,1,1.0
516,2,131.0,362.0,52.0,190.0,1,1,1.0
517,2,136.0,361.0,60.0,191.0,1,1,1.0
518,2,141.0,361.0,71.0,191.0,1,1,1.0
519,2,144.0,362.0,78.0,190.0,1,1,1.0
520,2,145.0,361.0,85.0,190.0,1,1,1.0
521,2,145.0,359.0,88.0,192.0,1,1,1.0
522,2,148.0,357.0,86.0,191.0,1,1,1.0
523,2,160.0,355.0,75.0,182.0,1,1,1.0
524,2,168.0,352.0,66.0,183.0,1,1,1.0
525,2,178.0,350.0,56.0,183.0,1,1,1.0
526,2,185.0,347.0,52.0,185.0,1,1,1.0
527,2,189.0,346.0,57.0,186.0,1,1,1.0
528,2,189.0,345.0,73.0,186.0,1,1,1.0
529,2,199.0,345.0,80.0,186.0,1,1,1.0
530,2,203.0,345.0,89.0,185.0,1,1,1.0
531,2,205.0,345.0,95.0,184.0,1,1,1.0
532,2,206.0,344.0,97.0,184.0,1,1,1.0
533,2,209.0,343.0,95.0,184.0,1,1,1.0
534,2,217.0,341.0,87.0,184.0,1,1,1.0
535,2,227.0,339.0,77.0,183.0,1,1,1.0
536,2,240.0,337.0,64.0,184.0,1,1,1.0
537,2,252.0,334.0,53.0,187.0,1,1,1.0
538,2,259.0,333.0,53.0,188.0,1,1,1.0
539,2,265.0,333.0,55.0,189.0,1,1,1.0
540,2,270.0,332.0,66.0,189.0,1,1,1.0
541,2,271.0,332.0,79.0,189.0,1,1,1.0
542,2,273.0,333.0,87.0,188.0,1,1,1.0
543,2,274.0,332.0,92.0,188.0,1,1,1.0
544,2,275.0,330.0,94.0,189.0,1,1,1.0
545,2,283.0,328.0,87.0,188.0,1,1,1.0
546,2,295.0,326.0,75.0,185.0,1,1,1.0
547,2,308.0,323.0,61.0,183.0,1,1,1.0
548,2,320.0,321.0,51.0,183.0,1,1,1.0
549,2,328.0,320.0,49.0,183.0,1,1,1.0
550,2,334.0,319.0,57.0,183.0,1,1,1.0
551,2,336.0,319.0,74.0,182.0,1,1,1.0
552,2,337.0,320.0,88.0,181.0,1,1,1.0
553,2,338.0,320.0,97.0,181.0,1,1,1.0
554,2,339.0,320.0,101.0,181.0,1,1,1.0
555,2,342.0,319.0,102.0,181.0,1,1,1.0
556,2,348.0,317.0,97.0,179.0,1,1,1.0
557,2,357.0,315.0,88.0,178.0,1,1,1.0
558,2,370.0,313.0,75.0,179.0,1,1,1.0
559,2,387.0,311.0,57.0,180.0,1,1,1.0
560,2,396.0,310.0,50.0,181.0,1,1,1.0
561,2,403.0,309.0,53.0,182.0,1,1,1.0
562,2,409.0,308.0,61.0,182.0,1,1,1.0
563,2,412.0,309.0,72.0,182.0,1,1,1.0
564,2,413.0,310.0,83.0,181.0,1,1,1.0
565,2,414.0,309.0,89.0,180.0,1,1,1.0
566,2,415.0,309.0,93.0,181.0,1,1,1.0
567,2,418.0,307.0,91.0,176.0,1,1,1.0
568,2,428.0,304.0,82.0,177.0,1,1,1.0
569,2,440.0,302.0,69.0,176.0,1,1,1.0
570,2,453.0,300.0,56.0,176.0,1,1,1.0
571,2,464.0,298.0,49.0,177.0,1,1,1.0
572,2,470.0,297.0,51.0,177.0,1,1,1.0
573,2,476.0,296.0,62.0,176.0,1,1,1.0
574,2,478.0,296.0,76.0,176.0,1,1,1.0
575,2,479.0,297.0,88.0,175.0,1,1,1.0
576,2,479.0,297.0,95.0,175.0,1,1,1.0
577,2,481.0,297.0,98.0,174.0,1,1,1.0
578,2,484.0,296.0,97.0,174.0,1,1,1.0
579,2,492.0,294.0,89.0,172.0,1,1,1.0
580,2,503.0,293.0,78.0,172.0,1,1,1.0
581,2,516.0,291.0,65.0,173.0,1,1,1.0
582,2,530.0,289.0,55.0,175.0,1,1,1.0
583,2,539.0,288.0,57.0,176.0,1,1,1.0
584,2,543.0,287.0,60.0,177.0,1,1,1.0
585,2,543.0,287.0,68.0,176.0,1,1,1.0
586,2,545.0,288.0,78.0,175.0,1,1,1.0
587,2,546.0,289.0,87.0,174.0,1,1,1.0
588,2,544.0,288.0,94.0,174.0,1,1,1.0
589,2,542.0,287.0,99.0,174.0,1,1,1.0
590,2,542.0,285.0,99.0,168.0,1,1,1.0
591,2,565.0,283.0,76.0,168.0,1,1,1.0
592,2,584.0,281.0,57.0,168.0,1,1,1.0
593,2,597.0,280.0,48.0,167.0,1,1,1.0
594,2,602.0,278.0,51.0,169.0,1,1,1.0
595,2,603.0,278.0,61.0,170.0,1,1,1.0
596,2,607.0,278.0,73.0,170.0,1,1,1.0
597,2,609.0,279.0,83.0,169.0,1,1,1.0
598,2,610.0,279.0,91.0,168.0,1,1,1.0
599,2,612.0,279.0,94.0,167.0,1,1,1.0
600,2,615.0,278.0,92.0,167.0,1,1,1.0
601,2,621.0,277.0,87.0,167.0,1,1,1.0
602,2,631.0,276.0,77.0,165.0,1,1,1.0
603,2,642.0,274.0,65.0,165.0,1,1,1.0
604,2,654.0,272.0,55.0,167.0,1,1,1.0
605,2,665.0,271.0,56.0,168.0,1,1,1.0
606,2,671.0,270.0,59.0,168.0,1,1,1.0
607,2,676.0,270.0,62.0,169.0,1,1,1.0
608,2,679.0,271.0,68.0,168.0,1,1,1.0
609,2,678.0,272.0,75.0,166.0,1,1,1.0
610,2,681.0,272.0,76.0,166.0,1,1,1.0
611,2,681.0,271.0,79.0,166.0,1,1,1.0
612,2,685.0,270.0,77.0,166.0,1,1,1.0
613,2,692.0,269.0,70.0,163.0,1,1,1.0
614,2,706.0,267.0,56.0,161.0,1,1,1.0
615,2,715.0,265.0,46.0,160.0,1,1,1.0
616,2,721.0,264.0,43.0,162.0,1,1,1.0
617,2,724.0,264.0,46.0,163.0,1,1,1.0
618,2,726.0,264.0,58.0,162.0,1,1,1.0
619,2,727.0,264.0,69.0,161.0,1,1,1.0
620,2,727.0,265.0,78.0,159.0,1,1,1.0
621,2,727.0,265.0,81.0,159.0,1,1,1.0
622,2,728.0,265.0,82.0,158.0,1,1,1.0
623,2,732.0,265.0,80.0,158.0,1,1,1.0
624,2,740.0,264.0,72.0,157.0,1,1,1.0
625,2,749.0,259.0,62.0,161.0,1,1,1.0
626,2,761.0,261.0,53.0,160.0,1,1,1.0
627,2,772.0,261.0,52.0,160.0,1,1,1.0
628,2,779.0,259.0,54.0,161.0,1,1,1.0
629,2,784.0,261.0,58.0,159.0,1,1,1.0
630,2,784.0,261.0,69.0,159.0,1,1,1.0
631,2,785.0,263.0,74.0,157.0,1,1,1.0
632,2,785.0,255.0,78.0,164.0,1,1,1.0
633,2,787.0,251.0,80.0,168.0,1,1,1.0
634,2,791.0,256.0,77.0,163.0,1,1,1.0
635,2,799.0,257.0,69.0,158.0,1,1,1.0
636,2,809.0,258.0,58.0,154.0,1,1,1.0
637,2,820.0,258.0,46.0,153.0,1,1,1.0
638,2,824.0,256.0,44.0,155.0,1,1,1.0
639,2,828.0,256.0,46.0,154.0,1,1,1.0
640,2,829.0,258.0,58.0,152.0,1,1,1.0
641,2,829.0,258.0,68.0,152.0,1,1,1.0
642,2,830.0,258.0,73.0,151.0,1,1,1.0
643,2,831.0,258.0,75.0,151.0,1,1,1.0
644,2,828.0,258.0,78.0,151.0,1,1,1.0
645,2,834.0,258.0,73.0,149.0,1,1,1.0
646,2,841.0,258.0,65.0,147.0,1,1,1.0
647,2,850.0,257.0,62.0,147.0,1,1,1.0
648,2,859.0,256.0,61.0,148.0,1,1,1.0
649,2,868.0,255.0,60.0,150.0,1,1,1.0
650,2,874.0,254.0,65.0,151.0,1,1,1.0
651,2,880.0,255.0,64.0,150.0,1,1,1.0
652,2,883.0,256.0,64.0,149.0,1,1,1.0
653,2,881.0,256.0,68.0,148.0,1,1,1.0
654,2,881.0,257.0,67.0,147.0,1,1,1.0
655,2,883.0,257.0,66.0,146.0,1,1,1.0
656,2,888.0,256.0,60.0,146.0,1,1,1.0
657,2,896.0,255.0,64.0,143.0,1,1,1.0
658,2,904.0,255.0,56.0,141.0,1,1,1.0
659,2,913.0,255.0,44.0,141.0,1,1,1.0
660,2,918.0,255.0,41.0,142.0,1,1,1.0
661,2,919.0,254.0,46.0,142.0,1,1,1.0
662,2,920.0,253.0,55.0,142.0,1,1,1.0
663,2,920.0,252.0,64.0,143.0,1,1,1.0
664,2,920.0,250.0,70.0,144.0,1,1,1.0
665,2,920.0,250.0,73.0,144.0,1,1,1.0
666,2,922.0,251.0,71.0,143.0,1,1,1.0
667,2,928.0,252.0,65.0,141.0,1,1,1.0
668,2,936.0,252.0,59.0,140.0,1,1,1.0
669,2,945.0,251.0,52.0,142.0,1,1,1.0
670,2,954.0,250.0,55.0,143.0,1,1,1.0
671,2,964.0,250.0,52.0,143.0,1,1,1.0
672,2,969.0,250.0,54.0,142.0,1,1,1.0
673,2,970.0,250.0,60.0,142.0,1,1,1.0
674,2,969.0,251.0,68.0,142.0,1,1,1.0
675,2,968.0,252.0,65.0,141.0,1,1,1.0
676,2,970.0,252.0,71.0,140.0,1,1,1.0
677,2,973.0,254.0,71.0,137.0,1,1,1.0
