1,1,831.0,0.0,37.0,101.0,1,1,1.0
2,1,833.0,0.0,35.0,102.0,1,1,1.0
3,1,833.0,0.0,35.0,103.0,1,1,1.0
4,1,833.0,0.0,37.0,104.0,1,1,1.0
5,1,831.0,0.0,38.0,104.0,1,1,1.0
6,1,831.0,0.0,39.0,104.0,1,1,1.0
7,1,830.0,0.0,40.0,105.0,1,1,1.0
8,1,831.0,0.0,40.0,104.0,1,1,1.0
9,1,831.0,0.0,40.0,104.0,1,1,1.0
10,1,830.0,0.0,41.0,105.0,1,1,1.0
11,1,829.0,0.0,41.0,106.0,1,1,1.0
12,1,829.0,0.0,40.0,107.0,1,1,1.0
13,1,829.0,0.0,38.0,108.0,1,1,1.0
14,1,828.0,0.0,38.0,109.0,1,1,1.0
15,1,828.0,0.0,37.0,109.0,1,1,1.0
16,1,827.0,0.0,37.0,109.0,1,1,1.0
17,1,826.0,0.0,39.0,110.0,1,1,1.0
18,1,826.0,0.0,39.0,110.0,1,1,1.0
19,1,827.0,0.0,38.0,110.0,1,1,1.0
20,1,827.0,0.0,38.0,110.0,1,1,1.0
21,1,828.0,0.0,37.0,111.0,1,1,1.0
22,1,829.0,0.0,35.0,112.0,1,1,1.0
23,1,829.0,0.0,35.0,113.0,1,1,1.0
24,1,829.0,0.0,36.0,113.0,1,1,1.0
25,1,829.0,0.0,36.0,114.0,1,1,1.0
26,1,828.0,0.0,36.0,114.0,1,1,1.0
27,1,828.0,0.0,36.0,114.0,1,1,1.0
28,1,828.0,0.0,36.0,114.0,1,1,1.0
29,1,828.0,0.0,36.0,114.0,1,1,1.0
30,1,827.0,0.0,37.0,114.0,1,1,1.0
31,1,827.0,0.0,38.0,115.0,1,1,1.0
32,1,826.0,0.0,38.0,116.0,1,1,1.0
33,1,825.0,0.0,38.0,117.0,1,1,1.0
34,1,824.0,0.0,39.0,118.0,1,1,1.0
35,1,823.0,0.0,41.0,119.0,1,1,1.0
36,1,820.0,0.0,43.0,120.0,1,1,1.0
37,1,819.0,0.0,45.0,120.0,1,1,1.0
38,1,817.0,0.0,44.0,120.0,1,1,1.0
39,1,817.0,0.0,43.0,120.0,1,1,1.0
40,1,817.0,0.0,43.0,121.0,1,1,1.0
41,1,818.0,0.0,40.0,121.0,1,1,1.0
42,1,820.0,0.0,38.0,121.0,1,1,1.0
43,1,821.0,0.0,37.0,121.0,1,1,1.0
44,1,822.0,1.0,37.0,122.0,1,1,1.0
45,1,823.0,2.0,38.0,122.0,1,1,1.0
46,1,823.0,2.0,40.0,122.0,1,1,1.0
47,1,823.0,3.0,44.0,123.0,1,1,1.0
48,1,823.0,3.0,45.0,123.0,1,1,1.0
49,1,823.0,3.0,47.0,124.0,1,1,1.0
50,1,822.0,3.0,48.0,124.0,1,1,1.0
51,1,820.0,2.0,50.0,125.0,1,1,1.0
52,1,821.0,2.0,48.0,125.0,1,1,1.0
53,1,822.0,2.0,48.0,125.0,1,1,1.0
54,1,823.0,2.0,45.0,126.0,1,1,1.0
55,1,825.0,3.0,43.0,127.0,1,1,1.0
56,1,826.0,4.0,43.0,128.0,1,1,1.0
57,1,825.0,5.0,43.0,127.0,1,1,1.0
58,1,825.0,5.0,43.0,128.0,1,1,1.0
59,1,825.0,5.0,43.0,128.0,1,1,1.0
60,1,825.0,5.0,42.0,128.0,1,1,1.0
61,1,824.0,5.0,41.0,129.0,1,1,1.0
62,1,824.0,5.0,40.0,129.0,1,1,1.0
63,1,824.0,5.0,39.0,130.0,1,1,1.0
64,1,823.0,5.0,41.0,130.0,1,1,1.0
65,1,823.0,5.0,41.0,130.0,1,1,1.0
66,1,824.0,5.0,40.0,129.0,1,1,1.0
67,1,824.0,6.0,40.0,130.0,1,1,1.0
68,1,824.0,8.0,42.0,131.0,1,1,1.0
69,1,823.0,9.0,47.0,131.0,1,1,1.0
70,1,823.0,9.0,51.0,132.0,1,1,1.0
72,1,822.0,9.0,57.0,132.0,1,1,1.0
73,1,821.0,10.0,58.0,132.0,1,1,1.0
74,1,821.0,10.0,58.0,133.0,1,1,1.0
75,1,822.0,10.0,55.0,132.0,1,1,1.0
76,1,823.0,10.0,48.0,132.0,1,1,1.0
77,1,823.0,9.0,46.0,133.0,1,1,1.0
78,1,821.0,10.0,46.0,135.0,1,1,1.0
79,1,820.0,10.0,44.0,136.0,1,1,1.0
80,1,818.0,10.0,44.0,137.0,1,1,1.0
81,1,817.0,11.0,44.0,138.0,1,1,1.0
82,1,816.0,11.0,45.0,139.0,1,1,1.0
83,1,815.0,11.0,45.0,139.0,1,1,1.0
84,1,813.0,11.0,46.0,139.0,1,1,1.0
85,1,812.0,11.0,47.0,139.0,1,1,1.0
86,1,811.0,11.0,47.0,139.0,1,1,1.0
87,1,812.0,11.0,46.0,139.0,1,1,1.0
88,1,813.0,11.0,44.0,139.0,1,1,1.0
89,1,813.0,12.0,44.0,141.0,1,1,1.0
90,1,812.0,13.0,46.0,141.0,1,1,1.0
91,1,811.0,14.0,50.0,141.0,1,1,1.0
92,1,813.0,15.0,50.0,141.0,1,1,1.0
93,1,810.0,16.0,56.0,142.0,1,1,1.0
94,1,809.0,16.0,59.0,143.0,1,1,1.0
95,1,809.0,16.0,60.0,143.0,1,1,1.0
96,1,807.0,16.0,64.0,143.0,1,1,1.0
97,1,806.0,16.0,66.0,143.0,1,1,1.0
98,1,806.0,15.0,65.0,143.0,1,1,1.0
99,1,807.0,15.0,62.0,143.0,1,1,1.0
100,1,807.0,16.0,56.0,143.0,1,1,1.0
101,1,808.0,17.0,53.0,145.0,1,1,1.0
102,1,808.0,18.0,53.0,145.0,1,1,1.0
103,1,808.0,19.0,51.0,146.0,1,1,1.0
104,1,806.0,19.0,49.0,147.0,1,1,1.0
105,1,804.0,20.0,49.0,148.0,1,1,1.0
106,1,801.0,20.0,51.0,148.0,1,1,1.0
107,1,799.0,20.0,54.0,148.0,1,1,1.0
108,1,797.0,19.0,58.0,149.0,1,1,1.0
109,1,796.0,19.0,56.0,149.0,1,1,1.0
110,1,795.0,19.0,58.0,150.0,1,1,1.0
111,1,795.0,19.0,58.0,150.0,1,1,1.0
112,1,795.0,19.0,56.0,151.0,1,1,1.0
113,1,795.0,19.0,56.0,153.0,1,1,1.0
114,1,794.0,20.0,56.0,151.0,1,1,1.0
115,1,794.0,22.0,57.0,150.0,1,1,1.0
116,1,793.0,23.0,55.0,153.0,1,1,1.0
117,1,791.0,24.0,55.0,153.0,1,1,1.0
118,1,789.0,24.0,57.0,154.0,1,1,1.0
119,1,788.0,24.0,57.0,155.0,1,1,1.0
120,1,787.0,24.0,57.0,155.0,1,1,1.0
121,1,787.0,24.0,57.0,156.0,1,1,1.0
122,1,787.0,24.0,56.0,155.0,1,1,1.0
123,1,787.0,24.0,56.0,155.0,1,1,1.0
124,1,787.0,24.0,55.0,157.0,1,1,1.0
125,1,788.0,25.0,55.0,159.0,1,1,1.0
126,1,789.0,26.0,54.0,159.0,1,1,1.0
127,1,789.0,27.0,53.0,160.0,1,1,1.0
128,1,789.0,28.0,54.0,160.0,1,1,1.0
129,1,788.0,29.0,54.0,160.0,1,1,1.0
130,1,786.0,30.0,54.0,161.0,1,1,1.0
131,1,783.0,29.0,55.0,161.0,1,1,1.0
132,1,781.0,29.0,56.0,161.0,1,1,1.0
133,1,780.0,29.0,58.0,162.0,1,1,1.0
134,1,780.0,29.0,58.0,162.0,1,1,1.0
135,1,780.0,30.0,57.0,161.0,1,1,1.0
136,1,779.0,30.0,58.0,162.0,1,1,1.0
137,1,780.0,32.0,56.0,164.0,1,1,1.0
138,1,782.0,34.0,54.0,165.0,1,1,1.0
139,1,783.0,35.0,52.0,166.0,1,1,1.0
140,1,784.0,35.0,51.0,167.0,1,1,1.0
141,1,786.0,35.0,50.0,167.0,1,1,1.0
142,1,786.0,36.0,51.0,167.0,1,1,1.0
143,1,787.0,36.0,51.0,167.0,1,1,1.0
144,1,786.0,36.0,52.0,167.0,1,1,1.0
145,1,785.0,36.0,52.0,167.0,1,1,1.0
146,1,784.0,37.0,53.0,166.0,1,1,1.0
147,1,783.0,38.0,53.0,166.0,1,1,1.0
148,1,781.0,40.0,55.0,168.0,1,1,1.0
149,1,779.0,42.0,56.0,169.0,1,1,1.0
150,1,777.0,43.0,58.0,170.0,1,1,1.0
151,1,774.0,44.0,60.0,172.0,1,1,1.0
152,1,771.0,44.0,62.0,173.0,1,1,1.0
153,1,769.0,45.0,64.0,173.0,1,1,1.0
154,1,768.0,44.0,64.0,175.0,1,1,1.0
155,1,767.0,42.0,64.0,176.0,1,1,1.0
156,1,766.0,42.0,62.0,176.0,1,1,1.0
157,1,766.0,42.0,59.0,176.0,1,1,1.0
158,1,766.0,43.0,57.0,177.0,1,1,1.0
159,1,766.0,43.0,56.0,180.0,1,1,1.0
160,1,766.0,44.0,55.0,181.0,1,1,1.0
161,1,765.0,47.0,55.0,181.0,1,1,1.0
162,1,765.0,49.0,54.0,181.0,1,1,1.0
163,1,765.0,50.0,55.0,182.0,1,1,1.0
164,1,764.0,50.0,56.0,182.0,1,1,1.0
165,1,764.0,51.0,56.0,182.0,1,1,1.0
166,1,763.0,50.0,57.0,182.0,1,1,1.0
167,1,762.0,50.0,60.0,183.0,1,1,1.0
168,1,760.0,50.0,62.0,184.0,1,1,1.0
169,1,759.0,50.0,62.0,188.0,1,1,1.0
170,1,759.0,51.0,62.0,190.0,1,1,1.0
171,1,759.0,54.0,61.0,190.0,1,1,1.0
172,1,760.0,55.0,60.0,191.0,1,1,1.0
173,1,760.0,56.0,59.0,193.0,1,1,1.0
174,1,760.0,57.0,58.0,193.0,1,1,1.0
175,1,760.0,58.0,58.0,193.0,1,1,1.0
176,1,760.0,58.0,58.0,193.0,1,1,1.0
177,1,759.0,58.0,59.0,194.0,1,1,1.0
178,1,758.0,57.0,59.0,194.0,1,1,1.0
179,1,757.0,57.0,60.0,194.0,1,1,1.0
180,1,757.0,58.0,60.0,197.0,1,1,1.0
181,1,756.0,59.0,62.0,198.0,1,1,1.0
182,1,755.0,60.0,64.0,197.0,1,1,1.0
183,1,755.0,61.0,66.0,199.0,1,1,1.0
184,1,755.0,63.0,67.0,201.0,1,1,1.0
185,1,756.0,65.0,68.0,202.0,1,1,1.0
186,1,755.0,66.0,67.0,203.0,1,1,1.0
187,1,754.0,66.0,68.0,203.0,1,1,1.0
188,1,754.0,66.0,66.0,203.0,1,1,1.0
189,1,756.0,66.0,66.0,203.0,1,1,1.0
190,1,756.0,66.0,66.0,203.0,1,1,1.0
191,1,755.0,67.0,67.0,203.0,1,1,1.0
192,1,755.0,68.0,68.0,207.0,1,1,1.0
193,1,754.0,69.0,69.0,211.0,1,1,1.0
194,1,753.0,71.0,69.0,212.0,1,1,1.0
195,1,751.0,72.0,70.0,212.0,1,1,1.0
196,1,749.0,73.0,73.0,214.0,1,1,1.0
197,1,748.0,74.0,75.0,216.0,1,1,1.0
198,1,746.0,74.0,76.0,216.0,1,1,1.0
199,1,745.0,75.0,77.0,216.0,1,1,1.0
200,1,744.0,75.0,77.0,216.0,1,1,1.0
201,1,743.0,75.0,76.0,216.0,1,1,1.0
202,1,742.0,75.0,74.0,215.0,1,1,1.0
203,1,741.0,77.0,69.0,217.0,1,1,1.0
204,1,740.0,78.0,68.0,219.0,1,1,1.0
205,1,740.0,80.0,68.0,218.0,1,1,1.0
206,1,740.0,82.0,70.0,217.0,1,1,1.0
207,1,740.0,84.0,71.0,221.0,1,1,1.0
208,1,741.0,85.0,74.0,224.0,1,1,1.0
209,1,741.0,86.0,75.0,226.0,1,1,1.0
210,1,741.0,86.0,76.0,227.0,1,1,1.0
211,1,741.0,86.0,77.0,227.0,1,1,1.0
212,1,741.0,86.0,79.0,227.0,1,1,1.0
213,1,740.0,86.0,82.0,227.0,1,1,1.0
214,1,740.0,87.0,83.0,227.0,1,1,1.0
215,1,739.0,88.0,83.0,230.0,1,1,1.0
216,1,739.0,90.0,82.0,235.0,1,1,1.0
217,1,738.0,92.0,80.0,235.0,1,1,1.0
218,1,737.0,94.0,78.0,237.0,1,1,1.0
219,1,737.0,96.0,77.0,238.0,1,1,1.0
220,1,735.0,97.0,76.0,239.0,1,1,1.0
221,1,733.0,97.0,75.0,239.0,1,1,1.0
222,1,732.0,98.0,73.0,240.0,1,1,1.0
223,1,732.0,98.0,71.0,240.0,1,1,1.0
224,1,731.0,98.0,73.0,239.0,1,1,1.0
225,1,731.0,99.0,72.0,238.0,1,1,1.0
226,1,731.0,101.0,71.0,237.0,1,1,1.0
227,1,730.0,103.0,72.0,240.0,1,1,1.0
228,1,731.0,105.0,73.0,245.0,1,1,1.0
229,1,731.0,107.0,78.0,245.0,1,1,1.0
230,1,732.0,109.0,83.0,247.0,1,1,1.0
231,1,733.0,111.0,88.0,249.0,1,1,1.0
232,1,734.0,111.0,90.0,249.0,1,1,1.0
233,1,734.0,110.0,92.0,250.0,1,1,1.0
234,1,734.0,110.0,94.0,250.0,1,1,1.0
235,1,735.0,110.0,96.0,251.0,1,1,1.0
236,1,736.0,111.0,95.0,250.0,1,1,1.0
237,1,736.0,112.0,93.0,252.0,1,1,1.0
238,1,737.0,113.0,89.0,258.0,1,1,1.0
239,1,737.0,115.0,88.0,260.0,1,1,1.0
240,1,737.0,117.0,89.0,261.0,1,1,1.0
241,1,736.0,120.0,91.0,262.0,1,1,1.0
242,1,736.0,122.0,91.0,266.0,1,1,1.0
243,1,734.0,124.0,90.0,269.0,1,1,1.0
244,1,733.0,124.0,89.0,270.0,1,1,1.0
245,1,732.0,126.0,91.0,269.0,1,1,1.0
246,1,731.0,127.0,91.0,268.0,1,1,1.0
247,1,730.0,127.0,92.0,267.0,1,1,1.0
248,1,730.0,128.0,96.0,266.0,1,1,1.0
249,1,729.0,129.0,99.0,267.0,1,1,1.0
250,1,729.0,132.0,100.0,272.0,1,1,1.0
251,1,729.0,135.0,99.0,273.0,1,1,1.0
252,1,730.0,138.0,97.0,276.0,1,1,1.0
253,1,731.0,140.0,97.0,277.0,1,1,1.0
254,1,732.0,142.0,98.0,283.0,1,1,1.0
255,1,732.0,143.0,99.0,285.0,1,1,1.0
256,1,733.0,143.0,100.0,286.0,1,1,1.0
257,1,733.0,143.0,102.0,287.0,1,1,1.0
258,1,733.0,143.0,103.0,287.0,1,1,1.0
259,1,732.0,144.0,103.0,286.0,1,1,1.0
260,1,732.0,146.0,101.0,287.0,1,1,1.0
261,1,733.0,148.0,98.0,294.0,1,1,1.0
262,1,733.0,151.0,97.0,302.0,1,1,1.0
263,1,732.0,154.0,97.0,301.0,1,1,1.0
264,1,731.0,158.0,97.0,307.0,1,1,1.0
265,1,729.0,160.0,98.0,308.0,1,1,1.0
266,1,728.0,162.0,101.0,308.0,1,1,1.0
267,1,726.0,162.0,104.0,308.0,1,1,1.0
268,1,725.0,163.0,107.0,307.0,1,1,1.0
269,1,723.0,165.0,108.0,306.0,1,1,1.0
270,1,723.0,165.0,108.0,305.0,1,1,1.0
271,1,722.0,167.0,107.0,304.0,1,1,1.0
272,1,721.0,169.0,105.0,308.0,1,1,1.0
273,1,721.0,173.0,100.0,316.0,1,1,1.0
274,1,721.0,176.0,99.0,316.0,1,1,1.0
275,1,722.0,180.0,97.0,318.0,1,1,1.0
276,1,724.0,184.0,99.0,323.0,1,1,1.0
277,1,725.0,186.0,102.0,327.0,1,1,1.0
278,1,726.0,188.0,105.0,328.0,1,1,1.0
279,1,726.0,188.0,110.0,328.0,1,1,1.0
280,1,726.0,189.0,114.0,328.0,1,1,1.0
281,1,726.0,190.0,116.0,327.0,1,1,1.0
282,1,725.0,191.0,117.0,326.0,1,1,1.0
283,1,726.0,194.0,116.0,336.0,1,1,1.0
284,1,725.0,196.0,116.0,346.0,1,1,1.0
285,1,725.0,200.0,115.0,347.0,1,1,1.0
286,1,724.0,205.0,116.0,348.0,1,1,1.0
287,1,722.0,209.0,118.0,354.0,1,1,1.0
288,1,720.0,211.0,120.0,358.0,1,1,1.0
289,1,719.0,213.0,123.0,359.0,1,1,1.0
290,1,717.0,214.0,124.0,359.0,1,1,1.0
291,1,716.0,216.0,124.0,357.0,1,1,1.0
292,1,716.0,218.0,121.0,355.0,1,1,1.0
293,1,715.0,220.0,119.0,353.0,1,1,1.0
294,1,713.0,223.0,117.0,353.0,1,1,1.0
295,1,712.0,227.0,115.0,363.0,1,1,1.0
296,1,712.0,232.0,118.0,371.0,1,1,1.0
297,1,712.0,237.0,126.0,373.0,1,1,1.0
298,1,713.0,242.0,138.0,377.0,1,1,1.0
299,1,714.0,246.0,145.0,384.0,1,1,1.0
300,1,715.0,249.0,148.0,387.0,1,1,1.0
301,1,716.0,251.0,151.0,387.0,1,1,1.0
302,1,716.0,253.0,154.0,386.0,1,1,1.0
303,1,715.0,254.0,155.0,384.0,1,1,1.0
304,1,715.0,257.0,153.0,382.0,1,1,1.0
305,1,714.0,259.0,147.0,385.0,1,1,1.0
306,1,714.0,263.0,145.0,398.0,1,1,1.0
307,1,714.0,267.0,149.0,407.0,1,1,1.0
308,1,712.0,272.0,157.0,413.0,1,1,1.0
309,1,710.0,278.0,160.0,418.0,1,1,1.0
310,1,708.0,284.0,162.0,423.0,1,1,1.0
311,1,706.0,287.0,161.0,424.0,1,1,1.0
312,1,704.0,290.0,158.0,422.0,1,1,1.0
313,1,703.0,293.0,154.0,420.0,1,1,1.0
314,1,701.0,296.0,151.0,417.0,1,1,1.0
315,1,700.0,299.0,151.0,414.0,1,1,1.0
316,1,699.0,303.0,150.0,411.0,1,1,1.0
317,1,697.0,308.0,150.0,422.0,1,1,1.0
318,1,697.0,314.0,148.0,435.0,1,1,1.0
319,1,698.0,321.0,145.0,441.0,1,1,1.0
320,1,699.0,328.0,144.0,449.0,1,1,1.0
321,1,701.0,333.0,144.0,456.0,1,1,1.0
322,1,703.0,338.0,146.0,458.0,1,1,1.0
323,1,704.0,341.0,148.0,457.0,1,1,1.0
324,1,704.0,345.0,151.0,454.0,1,1,1.0
325,1,704.0,346.0,151.0,453.0,1,1,1.0
326,1,703.0,349.0,152.0,451.0,1,1,1.0
327,1,703.0,352.0,154.0,451.0,1,1,1.0
328,1,702.0,357.0,162.0,469.0,1,1,1.0
329,1,700.0,362.0,169.0,487.0,1,1,1.0
330,1,697.0,369.0,176.0,496.0,1,1,1.0
331,1,695.0,376.0,180.0,502.0,1,1,1.0
332,1,693.0,382.0,179.0,509.0,1,1,1.0
333,1,691.0,387.0,180.0,509.0,1,1,1.0
334,1,688.0,392.0,183.0,506.0,1,1,1.0
335,1,686.0,395.0,186.0,502.0,1,1,1.0
336,1,684.0,399.0,188.0,498.0,1,1,1.0
337,1,683.0,403.0,177.0,494.0,1,1,1.0
338,1,681.0,407.0,174.0,489.0,1,1,1.0
339,1,679.0,413.0,178.0,493.0,1,1,1.0
340,1,679.0,419.0,184.0,510.0,1,1,1.0
341,1,679.0,427.0,186.0,523.0,1,1,1.0
342,1,681.0,434.0,182.0,531.0,1,1,1.0
343,1,683.0,442.0,180.0,540.0,1,1,1.0
344,1,686.0,449.0,179.0,546.0,1,1,1.0
345,1,689.0,455.0,178.0,546.0,1,1,1.0
346,1,692.0,459.0,177.0,543.0,1,1,1.0
347,1,694.0,463.0,178.0,540.0,1,1,1.0
348,1,696.0,467.0,182.0,536.0,1,1,1.0
349,1,698.0,471.0,186.0,531.0,1,1,1.0
350,1,697.0,476.0,189.0,525.0,1,1,1.0
351,1,697.0,483.0,189.0,538.0,1,1,1.0
352,1,695.0,489.0,187.0,560.0,1,1,1.0
353,1,694.0,497.0,186.0,574.0,1,1,1.0
354,1,691.0,505.0,189.0,574.0,1,1,1.0
355,1,689.0,514.0,192.0,569.0,1,1,1.0
356,1,685.0,521.0,199.0,562.0,1,1,1.0
357,1,681.0,527.0,204.0,556.0,1,1,1.0
358,1,675.0,532.0,213.0,551.0,1,1,1.0
359,1,670.0,538.0,222.0,545.0,1,1,1.0
360,1,666.0,543.0,225.0,538.0,1,1,1.0
361,1,663.0,550.0,226.0,532.0,1,1,1.0
362,1,659.0,556.0,225.0,525.0,1,1,1.0
363,1,656.0,563.0,222.0,517.0,1,1,1.0
364,1,654.0,571.0,218.0,509.0,1,1,1.0
365,1,652.0,580.0,216.0,500.0,1,1,1.0
366,1,653.0,590.0,217.0,490.0,1,1,1.0
367,1,654.0,600.0,217.0,480.0,1,1,1.0
368,1,654.0,609.0,218.0,470.0,1,1,1.0
369,1,655.0,620.0,216.0,460.0,1,1,1.0
370,1,657.0,629.0,214.0,450.0,1,1,1.0
371,1,660.0,638.0,212.0,441.0,1,1,1.0
372,1,664.0,645.0,212.0,434.0,1,1,1.0
373,1,666.0,652.0,209.0,427.0,1,1,1.0
374,1,667.0,658.0,208.0,421.0,1,1,1.0
375,1,668.0,665.0,207.0,413.0,1,1,1.0
376,1,666.0,674.0,207.0,405.0,1,1,1.0
377,1,661.0,683.0,210.0,396.0,1,1,1.0
378,1,650.0,694.0,221.0,385.0,1,1,1.0
379,1,645.0,704.0,230.0,374.0,1,1,1.0
380,1,637.0,714.0,240.0,364.0,1,1,1.0
381,1,625.0,725.0,253.0,353.0,1,1,1.0
382,1,618.0,733.0,258.0,345.0,1,1,1.0
383,1,601.0,740.0,253.0,339.0,1,1,1.0
384,1,576.0,745.0,261.0,333.0,1,1,1.0
385,1,566.0,751.0,255.0,328.0,1,1,1.0
386,1,556.0,756.0,249.0,322.0,1,1,1.0
387,1,546.0,763.0,243.0,315.0,1,1,1.0
388,1,537.0,770.0,242.0,309.0,1,1,1.0
389,1,522.0,776.0,247.0,302.0,1,1,1.0
390,1,508.0,784.0,250.0,294.0,1,1,1.0
391,1,497.0,791.0,245.0,287.0,1,1,1.0
392,1,489.0,800.0,238.0,278.0,1,1,1.0
393,1,474.0,809.0,234.0,270.0,1,1,1.0
394,1,459.0,818.0,236.0,261.0,1,1,1.0
395,1,448.0,828.0,234.0,250.0,1,1,1.0
396,1,435.0,836.0,230.0,243.0,1,1,1.0
397,1,439.0,841.0,210.0,238.0,1,1,1.0
398,1,431.0,845.0,202.0,234.0,1,1,1.0
399,1,417.0,846.0,202.0,232.0,1,1,1.0
400,1,396.0,846.0,211.0,232.0,1,1,1.0
401,1,376.0,845.0,218.0,234.0,1,1,1.0
402,1,366.0,842.0,221.0,236.0,1,1,1.0
404,1,354.0,835.0,211.0,244.0,1,1,1.0
405,1,347.0,828.0,209.0,251.0,1,1,1.0
406,1,339.0,821.0,210.0,258.0,1,1,1.0
407,1,331.0,812.0,211.0,267.0,1,1,1.0
408,1,323.0,800.0,212.0,279.0,1,1,1.0
409,1,316.0,787.0,216.0,292.0,1,1,1.0
410,1,308.0,772.0,219.0,307.0,1,1,1.0
411,1,300.0,758.0,221.0,321.0,1,1,1.0
412,1,293.0,745.0,233.0,333.0,1,1,1.0
413,1,286.0,734.0,242.0,345.0,1,1,1.0
414,1,280.0,725.0,242.0,354.0,1,1,1.0
415,1,274.0,717.0,245.0,362.0,1,1,1.0
416,1,267.0,710.0,251.0,369.0,1,1,1.0
417,1,262.0,704.0,259.0,374.0,1,1,1.0
418,1,256.0,698.0,267.0,380.0,1,1,1.0
419,1,250.0,692.0,270.0,387.0,1,1,1.0
420,1,244.0,684.0,269.0,394.0,1,1,1.0
421,1,236.0,675.0,267.0,404.0,1,1,1.0
422,1,227.0,663.0,265.0,415.0,1,1,1.0
423,1,220.0,651.0,258.0,427.0,1,1,1.0
424,1,214.0,638.0,247.0,440.0,1,1,1.0
425,1,207.0,626.0,243.0,452.0,1,1,1.0
426,1,203.0,616.0,246.0,462.0,1,1,1.0
427,1,203.0,607.0,252.0,471.0,1,1,1.0
428,1,204.0,599.0,254.0,479.0,1,1,1.0
429,1,207.0,592.0,255.0,486.0,1,1,1.0
430,1,209.0,585.0,254.0,493.0,1,1,1.0
431,1,211.0,577.0,250.0,501.0,1,1,1.0
432,1,213.0,568.0,230.0,510.0,1,1,1.0
433,1,215.0,557.0,238.0,521.0,1,1,1.0
434,1,215.0,546.0,231.0,517.0,1,1,1.0
435,1,215.0,536.0,223.0,509.0,1,1,1.0
436,1,215.0,528.0,219.0,493.0,1,1,1.0
437,1,215.0,520.0,223.0,491.0,1,1,1.0
438,1,213.0,515.0,234.0,492.0,1,1,1.0
439,1,211.0,511.0,243.0,494.0,1,1,1.0
440,1,209.0,508.0,249.0,497.0,1,1,1.0
441,1,208.0,506.0,252.0,497.0,1,1,1.0
442,1,207.0,502.0,252.0,498.0,1,1,1.0
443,1,205.0,497.0,246.0,492.0,1,1,1.0
444,1,202.0,491.0,242.0,482.0,1,1,1.0
445,1,199.0,483.0,234.0,470.0,1,1,1.0
446,1,195.0,475.0,216.0,451.0,1,1,1.0
447,1,193.0,468.0,202.0,445.0,1,1,1.0
448,1,192.0,462.0,195.0,446.0,1,1,1.0
449,1,193.0,455.0,192.0,451.0,1,1,1.0
450,1,194.0,451.0,186.0,454.0,1,1,1.0
451,1,196.0,447.0,180.0,457.0,1,1,1.0
452,1,197.0,442.0,177.0,460.0,1,1,1.0
453,1,200.0,439.0,179.0,459.0,1,1,1.0
454,1,201.0,433.0,178.0,453.0,1,1,1.0
455,1,203.0,428.0,178.0,448.0,1,1,1.0
456,1,203.0,422.0,176.0,435.0,1,1,1.0
457,1,203.0,416.0,178.0,423.0,1,1,1.0
458,1,202.0,412.0,181.0,421.0,1,1,1.0
459,1,201.0,409.0,183.0,414.0,1,1,1.0
460,1,198.0,406.0,188.0,413.0,1,1,1.0
461,1,196.0,405.0,192.0,413.0,1,1,1.0
462,1,193.0,405.0,191.0,412.0,1,1,1.0
463,1,189.0,405.0,189.0,411.0,1,1,1.0
464,1,184.0,406.0,189.0,407.0,1,1,1.0
465,1,179.0,404.0,190.0,401.0,1,1,1.0
466,1,174.0,403.0,189.0,396.0,1,1,1.0
467,1,168.0,400.0,187.0,388.0,1,1,1.0
468,1,163.0,398.0,181.0,388.0,1,1,1.0
469,1,159.0,394.0,172.0,387.0,1,1,1.0
470,1,155.0,392.0,163.0,389.0,1,1,1.0
471,1,151.0,390.0,154.0,392.0,1,1,1.0
472,1,149.0,388.0,144.0,394.0,1,1,1.0
473,1,147.0,386.0,142.0,396.0,1,1,1.0
474,1,147.0,385.0,141.0,397.0,1,1,1.0
475,1,146.0,383.0,141.0,399.0,1,1,1.0
476,1,146.0,381.0,141.0,400.0,1,1,1.0
477,1,147.0,378.0,140.0,400.0,1,1,1.0
478,1,147.0,375.0,138.0,399.0,1,1,1.0
479,1,146.0,370.0,134.0,399.0,1,1,1.0
480,1,146.0,366.0,128.0,389.0,1,1,1.0
481,1,145.0,360.0,127.0,383.0,1,1,1.0
482,1,144.0,358.0,128.0,375.0,1,1,1.0
483,1,142.0,356.0,130.0,368.0,1,1,1.0
484,1,141.0,354.0,136.0,368.0,1,1,1.0
485,1,139.0,352.0,142.0,368.0,1,1,1.0
486,1,137.0,352.0,148.0,367.0,1,1,1.0
487,1,135.0,353.0,151.0,366.0,1,1,1.0
488,1,132.0,354.0,152.0,365.0,1,1,1.0
489,1,129.0,354.0,153.0,364.0,1,1,1.0
490,1,126.0,354.0,155.0,360.0,1,1,1.0
491,1,122.0,352.0,153.0,354.0,1,1,1.0
492,1,117.0,350.0,151.0,349.0,1,1,1.0
493,1,112.0,347.0,149.0,344.0,1,1,1.0
494,1,107.0,344.0,145.0,342.0,1,1,1.0
495,1,103.0,341.0,141.0,342.0,1,1,1.0
496,1,99.0,338.0,135.0,344.0,1,1,1.0
497,1,97.0,336.0,128.0,346.0,1,1,1.0
498,1,96.0,334.0,122.0,349.0,1,1,1.0
499,1,96.0,333.0,116.0,349.0,1,1,1.0
500,1,98.0,332.0,111.0,349.0,1,1,1.0
501,1,99.0,330.0,108.0,351.0,1,1,1.0
502,1,100.0,327.0,108.0,351.0,1,1,1.0
503,1,101.0,323.0,108.0,348.0,1,1,1.0
504,1,101.0,318.0,111.0,334.0,1,1,1.0
505,1,101.0,314.0,111.0,335.0,1,1,1.0
506,1,100.0,311.0,112.0,326.0,1,1,1.0
507,1,99.0,308.0,114.0,320.0,1,1,1.0
508,1,97.0,306.0,116.0,319.0,1,1,1.0
509,1,96.0,305.0,119.0,319.0,1,1,1.0
510,1,96.0,304.0,122.0,319.0,1,1,1.0
511,1,96.0,304.0,123.0,318.0,1,1,1.0
512,1,95.0,305.0,124.0,317.0,1,1,1.0
513,1,93.0,306.0,123.0,316.0,1,1,1.0
514,1,91.0,306.0,122.0,313.0,1,1,1.0
515,1,89.0,305.0,123.0,309.0,1,1,1.0
516,1,86.0,303.0,121.0,306.0,1,1,1.0
517,1,84.0,301.0,117.0,302.0,1,1,1.0
518,1,82.0,298.0,113.0,298.0,1,1,1.0
519,1,80.0,295.0,109.0,297.0,1,1,1.0
520,1,78.0,294.0,108.0,298.0,1,1,1.0
521,1,76.0,292.0,106.0,299.0,1,1,1.0
522,1,75.0,291.0,100.0,300.0,1,1,1.0
523,1,74.0,291.0,96.0,300.0,1,1,1.0
524,1,74.0,290.0,95.0,301.0,1,1,1.0
525,1,75.0,288.0,95.0,301.0,1,1,1.0
526,1,76.0,285.0,95.0,297.0,1,1,1.0
527,1,77.0,280.0,93.0,289.0,1,1,1.0
528,1,78.0,277.0,92.0,278.0,1,1,1.0
529,1,78.0,274.0,90.0,279.0,1,1,1.0
530,1,79.0,272.0,91.0,277.0,1,1,1.0
531,1,79.0,270.0,90.0,277.0,1,1,1.0
532,1,79.0,270.0,89.0,277.0,1,1,1.0
533,1,79.0,270.0,90.0,278.0,1,1,1.0
534,1,79.0,270.0,91.0,277.0,1,1,1.0
535,1,78.0,270.0,91.0,276.0,1,1,1.0
536,1,77.0,271.0,92.0,277.0,1,1,1.0
537,1,76.0,270.0,93.0,271.0,1,1,1.0
538,1,74.0,269.0,93.0,271.0,1,1,1.0
539,1,73.0,266.0,92.0,265.0,1,1,1.0
540,1,71.0,264.0,91.0,261.0,1,1,1.0
541,1,70.0,262.0,91.0,258.0,1,1,1.0
542,1,69.0,260.0,89.0,258.0,1,1,1.0
543,1,68.0,259.0,86.0,258.0,1,1,1.0
544,1,68.0,257.0,84.0,260.0,1,1,1.0
545,1,67.0,257.0,82.0,260.0,1,1,1.0
546,1,67.0,256.0,82.0,260.0,1,1,1.0
547,1,67.0,255.0,81.0,261.0,1,1,1.0
548,1,67.0,253.0,80.0,260.0,1,1,1.0
549,1,67.0,250.0,80.0,260.0,1,1,1.0
550,1,67.0,248.0,79.0,257.0,1,1,1.0
551,1,67.0,246.0,78.0,247.0,1,1,1.0
552,1,67.0,245.0,77.0,243.0,1,1,1.0
553,1,67.0,244.0,76.0,244.0,1,1,1.0
554,1,66.0,243.0,76.0,243.0,1,1,1.0
555,1,65.0,243.0,77.0,242.0,1,1,1.0
556,1,64.0,243.0,79.0,242.0,1,1,1.0
557,1,62.0,243.0,80.0,240.0,1,1,1.0
558,1,62.0,243.0,80.0,241.0,1,1,1.0
559,1,61.0,243.0,79.0,238.0,1,1,1.0
560,1,60.0,241.0,78.0,238.0,1,1,1.0
561,1,57.0,239.0,79.0,234.0,1,1,1.0
562,1,55.0,237.0,78.0,234.0,1,1,1.0
563,1,55.0,235.0,75.0,235.0,1,1,1.0
564,1,56.0,234.0,72.0,235.0,1,1,1.0
565,1,55.0,233.0,70.0,234.0,1,1,1.0
566,1,56.0,233.0,69.0,234.0,1,1,1.0
567,1,56.0,233.0,69.0,233.0,1,1,1.0
568,1,57.0,232.0,68.0,233.0,1,1,1.0
569,1,59.0,231.0,67.0,234.0,1,1,1.0
570,1,59.0,229.0,67.0,233.0,1,1,1.0
571,1,56.0,227.0,71.0,231.0,1,1,1.0
572,1,58.0,224.0,70.0,220.0,1,1,1.0
573,1,54.0,222.0,74.0,216.0,1,1,1.0
575,1,57.0,217.0,72.0,219.0,1,1,1.0
576,1,67.0,216.0,62.0,220.0,1,1,1.0
577,1,73.0,214.0,60.0,222.0,1,1,1.0
578,1,71.0,213.0,69.0,223.0,1,1,1.0
579,1,78.0,212.0,65.0,223.0,1,1,1.0
580,1,83.0,213.0,64.0,222.0,1,1,1.0
581,1,87.0,211.0,64.0,222.0,1,1,1.0
582,1,89.0,210.0,64.0,219.0,1,1,1.0
583,1,92.0,207.0,62.0,219.0,1,1,1.0
584,1,97.0,204.0,59.0,214.0,1,1,1.0
585,1,99.0,201.0,59.0,206.0,1,1,1.0
586,1,103.0,198.0,60.0,203.0,1,1,1.0
587,1,106.0,195.0,64.0,207.0,1,1,1.0
588,1,109.0,193.0,70.0,210.0,1,1,1.0
589,1,110.0,192.0,83.0,212.0,1,1,1.0
590,1,112.0,191.0,96.0,212.0,1,1,1.0
591,1,113.0,190.0,105.0,212.0,1,1,1.0
592,1,116.0,188.0,108.0,212.0,1,1,1.0
593,1,124.0,186.0,103.0,211.0,1,1,1.0
594,1,129.0,183.0,99.0,209.0,1,1,1.0
595,1,137.0,180.0,91.0,203.0,1,1,1.0
596,1,145.0,176.0,83.0,201.0,1,1,1.0
597,1,155.0,175.0,73.0,201.0,1,1,1.0
599,1,165.0,170.0,70.0,204.0,1,1,1.0
600,1,169.0,167.0,80.0,208.0,1,1,1.0
601,1,171.0,166.0,93.0,209.0,1,1,1.0
602,1,170.0,166.0,105.0,209.0,1,1,1.0
603,1,183.0,165.0,100.0,209.0,1,1,1.0
604,1,192.0,164.0,96.0,208.0,1,1,1.0
605,1,197.0,161.0,94.0,208.0,1,1,1.0
606,1,203.0,159.0,88.0,207.0,1,1,1.0
607,1,207.0,155.0,84.0,204.0,1,1,1.0
608,1,209.0,152.0,82.0,199.0,1,1,1.0
609,1,214.0,149.0,77.0,196.0,1,1,1.0
610,1,221.0,146.0,74.0,196.0,1,1,1.0
611,1,232.0,144.0,74.0,198.0,1,1,1.0
612,1,240.0,143.0,83.0,199.0,1,1,1.0
613,1,244.0,143.0,95.0,200.0,1,1,1.0
614,1,248.0,143.0,102.0,201.0,1,1,1.0
615,1,255.0,142.0,102.0,201.0,1,1,1.0
616,1,258.0,141.0,103.0,201.0,1,1,1.0
617,1,261.0,139.0,102.0,201.0,1,1,1.0
618,1,265.0,136.0,99.0,200.0,1,1,1.0
619,1,275.0,133.0,89.0,198.0,1,1,1.0
620,1,285.0,130.0,79.0,194.0,1,1,1.0
621,1,296.0,127.0,67.0,193.0,1,1,1.0
622,1,303.0,125.0,61.0,194.0,1,1,1.0
623,1,307.0,124.0,58.0,195.0,1,1,1.0
624,1,311.0,123.0,66.0,196.0,1,1,1.0
625,1,319.0,122.0,74.0,197.0,1,1,1.0
626,1,326.0,122.0,83.0,197.0,1,1,1.0
627,1,329.0,121.0,89.0,197.0,1,1,1.0
628,1,331.0,120.0,93.0,197.0,1,1,1.0
629,1,333.0,119.0,95.0,197.0,1,1,1.0
630,1,342.0,117.0,87.0,197.0,1,1,1.0
631,1,351.0,114.0,77.0,194.0,1,1,1.0
632,1,362.0,110.0,67.0,191.0,1,1,1.0
633,1,367.0,108.0,62.0,190.0,1,1,1.0
634,1,367.0,105.0,67.0,191.0,1,1,1.0
635,1,367.0,102.0,78.0,194.0,1,1,1.0
636,1,369.0,102.0,92.0,194.0,1,1,1.0
637,1,372.0,103.0,105.0,193.0,1,1,1.0
638,1,379.0,104.0,109.0,192.0,1,1,1.0
639,1,388.0,104.0,106.0,191.0,1,1,1.0
640,1,396.0,103.0,102.0,191.0,1,1,1.0
641,1,401.0,101.0,98.0,190.0,1,1,1.0
642,1,410.0,99.0,89.0,187.0,1,1,1.0
643,1,419.0,97.0,79.0,186.0,1,1,1.0
644,1,432.0,94.0,68.0,188.0,1,1,1.0
645,1,441.0,93.0,60.0,189.0,1,1,1.0
646,1,447.0,91.0,56.0,190.0,1,1,1.0
647,1,453.0,90.0,58.0,191.0,1,1,1.0
648,1,459.0,90.0,67.0,191.0,1,1,1.0
649,1,464.0,90.0,75.0,192.0,1,1,1.0
650,1,466.0,89.0,82.0,192.0,1,1,1.0
651,1,467.0,89.0,86.0,191.0,1,1,1.0
652,1,469.0,87.0,85.0,191.0,1,1,1.0
653,1,476.0,86.0,79.0,190.0,1,1,1.0
654,1,486.0,83.0,69.0,187.0,1,1,1.0
655,1,495.0,81.0,61.0,184.0,1,1,1.0
656,1,497.0,80.0,64.0,184.0,1,1,1.0
657,1,498.0,77.0,68.0,186.0,1,1,1.0
658,1,499.0,76.0,80.0,186.0,1,1,1.0
659,1,502.0,75.0,92.0,186.0,1,1,1.0
660,1,507.0,76.0,101.0,185.0,1,1,1.0
661,1,514.0,76.0,104.0,185.0,1,1,1.0
662,1,520.0,75.0,103.0,185.0,1,1,1.0
663,1,525.0,74.0,100.0,185.0,1,1,1.0
664,1,529.0,73.0,96.0,185.0,1,1,1.0
665,1,535.0,71.0,90.0,183.0,1,1,1.0
666,1,539.0,69.0,87.0,182.0,1,1,1.0
667,1,553.0,67.0,78.0,183.0,1,1,1.0
668,1,566.0,66.0,72.0,183.0,1,1,1.0
669,1,574.0,65.0,68.0,185.0,1,1,1.0
670,1,582.0,64.0,68.0,185.0,1,1,1.0
671,1,587.0,64.0,69.0,185.0,1,1,1.0
672,1,592.0,64.0,74.0,186.0,1,1,1.0
673,1,595.0,64.0,80.0,185.0,1,1,1.0
674,1,595.0,64.0,85.0,184.0,1,1,1.0
675,1,596.0,64.0,88.0,185.0,1,1,1.0
676,1,599.0,62.0,87.0,184.0,1,1,1.0
677,1,608.0,60.0,78.0,182.0,1,1,1.0
678,1,616.0,58.0,70.0,179.0,1,1,1.0
679,1,624.0,57.0,64.0,176.0,1,1,1.0
680,1,630.0,55.0,62.0,176.0,1,1,1.0
681,1,638.0,54.0,60.0,177.0,1,1,1.0
682,1,641.0,53.0,69.0,178.0,1,1,1.0
683,1,643.0,53.0,83.0,178.0,1,1,1.0
684,1,646.0,53.0,93.0,179.0,1,1,1.0
685,1,650.0,53.0,97.0,179.0,1,1,1.0
686,1,655.0,53.0,97.0,178.0,1,1,1.0
687,1,658.0,52.0,96.0,177.0,1,1,1.0
688,1,662.0,51.0,92.0,177.0,1,1,1.0
689,1,670.0,49.0,84.0,175.0,1,1,1.0
690,1,679.0,48.0,74.0,173.0,1,1,1.0
691,1,691.0,48.0,64.0,173.0,1,1,1.0
692,1,698.0,47.0,62.0,173.0,1,1,1.0
693,1,702.0,47.0,64.0,172.0,1,1,1.0
694,1,711.0,48.0,64.0,173.0,1,1,1.0
695,1,716.0,49.0,65.0,172.0,1,1,1.0
696,1,720.0,49.0,69.0,172.0,1,1,1.0
697,1,722.0,48.0,73.0,171.0,1,1,1.0
698,1,723.0,48.0,76.0,171.0,1,1,1.0
699,1,726.0,45.0,76.0,173.0,1,1,1.0
700,1,731.0,41.0,71.0,174.0,1,1,1.0
701,1,734.0,39.0,68.0,171.0,1,1,1.0
702,1,742.0,36.0,61.0,170.0,1,1,1.0
703,1,746.0,35.0,61.0,168.0,1,1,1.0
704,1,752.0,35.0,60.0,166.0,1,1,1.0
705,1,758.0,34.0,62.0,169.0,1,1,1.0
706,1,759.0,34.0,73.0,170.0,1,1,1.0
707,1,760.0,34.0,84.0,170.0,1,1,1.0
708,1,763.0,34.0,88.0,170.0,1,1,1.0
709,1,769.0,35.0,86.0,168.0,1,1,1.0
710,1,774.0,34.0,84.0,168.0,1,1,1.0
711,1,778.0,33.0,81.0,168.0,1,1,1.0
712,1,785.0,32.0,74.0,169.0,1,1,1.0
713,1,795.0,31.0,64.0,166.0,1,1,1.0
714,1,805.0,30.0,59.0,166.0,1,1,1.0
715,1,812.0,28.0,58.0,167.0,1,1,1.0
716,1,818.0,28.0,61.0,167.0,1,1,1.0
717,1,820.0,28.0,65.0,168.0,1,1,1.0
718,1,822.0,28.0,69.0,167.0,1,1,1.0
719,1,827.0,29.0,69.0,166.0,1,1,1.0
720,1,829.0,29.0,72.0,165.0,1,1,1.0
721,1,832.0,29.0,73.0,164.0,1,1,1.0
722,1,837.0,29.0,71.0,163.0,1,1,1.0
723,1,842.0,28.0,68.0,160.0,1,1,1.0
724,1,849.0,27.0,61.0,160.0,1,1,1.0
725,1,858.0,26.0,54.0,161.0,1,1,1.0
726,1,862.0,25.0,56.0,161.0,1,1,1.0
727,1,864.0,25.0,65.0,161.0,1,1,1.0
728,1,871.0,25.0,69.0,162.0,1,1,1.0
729,1,875.0,25.0,75.0,161.0,1,1,1.0
730,1,876.0,26.0,79.0,160.0,1,1,1.0
731,1,877.0,26.0,80.0,159.0,1,1,1.0
732,1,880.0,26.0,77.0,158.0,1,1,1.0
733,1,886.0,25.0,71.0,157.0,1,1,1.0
734,1,896.0,23.0,62.0,157.0,1,1,1.0
735,1,906.0,23.0,57.0,158.0,1,1,1.0
736,1,916.0,22.0,53.0,158.0,1,1,1.0
737,1,920.0,22.0,57.0,159.0,1,1,1.0
738,1,924.0,22.0,61.0,158.0,1,1,1.0
739,1,926.0,22.0,67.0,158.0,1,1,1.0
741,1,930.0,23.0,68.0,156.0,1,1,1.0
742,1,931.0,24.0,71.0,155.0,1,1,1.0
743,1,935.0,23.0,70.0,154.0,1,1,1.0
744,1,941.0,23.0,61.0,152.0,1,1,1.0
745,1,946.0,21.0,55.0,151.0,1,1,1.0
746,1,945.0,18.0,54.0,154.0,1,1,1.0
747,1,945.0,19.0,58.0,152.0,1,1,1.0
748,1,944.0,20.0,67.0,150.0,1,1,1.0
751,1,946.0,22.0,88.0,149.0,1,1,1.0
752,1,949.0,24.0,90.0,147.0,1,1,1.0
753,1,955.0,18.0,87.0,152.0,1,1,1.0
755,1,968.0,19.0,75.0,149.0,1,1,1.0
756,1,977.0,18.0,66.0,149.0,1,1,1.0
757,1,987.0,18.0,64.0,149.0,1,1,1.0
758,1,993.0,18.0,64.0,149.0,1,1,1.0
759,1,1002.0,17.0,62.0,150.0,1,1,1.0
760,1,1008.0,17.0,60.0,150.0,1,1,1.0
761,1,1012.0,18.0,63.0,150.0,1,1,1.0
762,1,1014.0,19.0,67.0,148.0,1,1,1.0
763,1,1015.0,20.0,70.0,148.0,1,1,1.0
764,1,1017.0,21.0,69.0,146.0,1,1,1.0
765,1,1017.0,25.0,68.0,142.0,1,1,1.0
766,1,1016.0,26.0,69.0,139.0,1,1,1.0
767,1,1017.0,25.0,67.0,138.0,1,1,1.0
768,1,1018.0,22.0,64.0,138.0,1,1,1.0
769,1,1021.0,18.0,60.0,142.0,1,1,1.0
770,1,1026.0,16.0,58.0,144.0,1,1,1.0
771,1,1032.0,15.0,57.0,144.0,1,1,1.0
772,1,1038.0,15.0,59.0,144.0,1,1,1.0
773,1,1043.0,15.0,62.0,144.0,1,1,1.0
774,1,1046.0,15.0,64.0,143.0,1,1,1.0
775,1,1047.0,16.0,65.0,143.0,1,1,1.0
776,1,1048.0,16.0,65.0,143.0,1,1,1.0
777,1,1049.0,15.0,65.0,143.0,1,1,1.0
778,1,1055.0,15.0,59.0,143.0,1,1,1.0
779,1,1061.0,14.0,56.0,143.0,1,1,1.0
780,1,1067.0,13.0,53.0,144.0,1,1,1.0
781,1,1075.0,13.0,52.0,144.0,1,1,1.0
782,1,1078.0,13.0,56.0,145.0,1,1,1.0
783,1,1082.0,13.0,56.0,144.0,1,1,1.0
784,1,1085.0,13.0,59.0,143.0,1,1,1.0
785,1,1088.0,14.0,60.0,142.0,1,1,1.0
786,1,1090.0,15.0,61.0,142.0,1,1,1.0
787,1,1091.0,15.0,63.0,141.0,1,1,1.0
788,1,1091.0,15.0,64.0,141.0,1,1,1.0
789,1,1094.0,15.0,62.0,139.0,1,1,1.0
790,1,1098.0,14.0,59.0,138.0,1,1,1.0
791,1,1106.0,13.0,51.0,138.0,1,1,1.0
792,1,1111.0,12.0,45.0,138.0,1,1,1.0
793,1,1116.0,12.0,42.0,138.0,1,1,1.0
794,1,1117.0,11.0,45.0,139.0,1,1,1.0
795,1,1116.0,12.0,54.0,138.0,1,1,1.0
796,1,1116.0,12.0,61.0,138.0,1,1,1.0
797,1,1117.0,12.0,65.0,138.0,1,1,1.0
798,1,1120.0,13.0,64.0,137.0,1,1,1.0
799,1,1124.0,13.0,61.0,136.0,1,1,1.0
800,1,1128.0,12.0,57.0,136.0,1,1,1.0
