1,1,1087.0,242.0,147.0,419.0,1,1,1.0
2,1,1085.0,237.0,139.0,419.0,1,1,1.0
3,1,1084.0,234.0,133.0,422.0,1,1,1.0
4,1,1083.0,232.0,131.0,423.0,1,1,1.0
5,1,1083.0,231.0,139.0,424.0,1,1,1.0
6,1,1081.0,231.0,152.0,423.0,1,1,1.0
7,1,1080.0,231.0,153.0,422.0,1,1,1.0
8,1,1081.0,229.0,135.0,418.0,1,1,1.0
9,1,1080.0,225.0,120.0,413.0,1,1,1.0
10,1,1078.0,220.0,114.0,405.0,1,1,1.0
11,1,1073.0,215.0,115.0,391.0,1,1,1.0
12,1,1070.0,210.0,117.0,380.0,1,1,1.0
13,1,1063.0,205.0,124.0,379.0,1,1,1.0
14,1,1060.0,201.0,126.0,380.0,1,1,1.0
15,1,1057.0,199.0,129.0,382.0,1,1,1.0
16,1,1055.0,198.0,131.0,383.0,1,1,1.0
17,1,1052.0,197.0,131.0,383.0,1,1,1.0
18,1,1050.0,196.0,130.0,383.0,1,1,1.0
19,1,1047.0,194.0,128.0,381.0,1,1,1.0
20,1,1045.0,190.0,126.0,378.0,1,1,1.0
21,1,1047.0,186.0,121.0,374.0,1,1,1.0
22,1,1049.0,182.0,117.0,365.0,1,1,1.0
23,1,1049.0,178.0,114.0,353.0,1,1,1.0
24,1,1051.0,175.0,109.0,348.0,1,1,1.0
25,1,1052.0,172.0,107.0,348.0,1,1,1.0
26,1,1052.0,170.0,105.0,350.0,1,1,1.0
27,1,1052.0,169.0,104.0,350.0,1,1,1.0
28,1,1053.0,169.0,102.0,350.0,1,1,1.0
29,1,1052.0,170.0,102.0,349.0,1,1,1.0
30,1,1051.0,170.0,100.0,348.0,1,1,1.0
31,1,1050.0,168.0,98.0,341.0,1,1,1.0
32,1,1049.0,165.0,98.0,339.0,1,1,1.0
33,1,1047.0,162.0,100.0,332.0,1,1,1.0
34,1,1046.0,158.0,103.0,323.0,1,1,1.0
35,1,1044.0,154.0,106.0,317.0,1,1,1.0
36,1,1042.0,151.0,109.0,317.0,1,1,1.0
37,1,1040.0,149.0,110.0,318.0,1,1,1.0
38,1,1038.0,148.0,111.0,319.0,1,1,1.0
39,1,1037.0,147.0,110.0,320.0,1,1,1.0
40,1,1037.0,147.0,108.0,319.0,1,1,1.0
41,1,1036.0,146.0,106.0,315.0,1,1,1.0
42,1,1036.0,144.0,103.0,314.0,1,1,1.0
43,1,1037.0,141.0,100.0,310.0,1,1,1.0
44,1,1037.0,138.0,97.0,301.0,1,1,1.0
45,1,1038.0,134.0,94.0,294.0,1,1,1.0
46,1,1038.0,131.0,95.0,292.0,1,1,1.0
47,1,1038.0,129.0,96.0,293.0,1,1,1.0
48,1,1037.0,128.0,97.0,294.0,1,1,1.0
49,1,1035.0,128.0,95.0,293.0,1,1,1.0
50,1,1034.0,129.0,90.0,291.0,1,1,1.0
51,1,1033.0,129.0,86.0,289.0,1,1,1.0
52,1,1031.0,128.0,84.0,287.0,1,1,1.0
53,1,1027.0,126.0,85.0,285.0,1,1,1.0
54,1,1024.0,124.0,86.0,278.0,1,1,1.0
55,1,1020.0,120.0,87.0,270.0,1,1,1.0
56,1,1015.0,117.0,90.0,268.0,1,1,1.0
57,1,1012.0,115.0,91.0,269.0,1,1,1.0
58,1,1010.0,113.0,92.0,270.0,1,1,1.0
59,1,1008.0,112.0,92.0,270.0,1,1,1.0
60,1,1007.0,112.0,92.0,270.0,1,1,1.0
61,1,1006.0,113.0,91.0,269.0,1,1,1.0
62,1,1007.0,113.0,90.0,267.0,1,1,1.0
63,1,1008.0,112.0,88.0,266.0,1,1,1.0
64,1,1010.0,110.0,86.0,265.0,1,1,1.0
65,1,1011.0,108.0,84.0,258.0,1,1,1.0
66,1,1012.0,105.0,82.0,251.0,1,1,1.0
67,1,1013.0,101.0,80.0,253.0,1,1,1.0
68,1,1013.0,99.0,79.0,253.0,1,1,1.0
69,1,1013.0,97.0,79.0,253.0,1,1,1.0
70,1,1013.0,97.0,79.0,252.0,1,1,1.0
71,1,1013.0,98.0,79.0,252.0,1,1,1.0
72,1,1013.0,99.0,79.0,251.0,1,1,1.0
73,1,1012.0,99.0,77.0,251.0,1,1,1.0
74,1,1012.0,98.0,76.0,248.0,1,1,1.0
75,1,1012.0,96.0,75.0,246.0,1,1,1.0
76,1,1011.0,94.0,73.0,238.0,1,1,1.0
77,1,1011.0,92.0,73.0,232.0,1,1,1.0
78,1,1010.0,89.0,72.0,231.0,1,1,1.0
79,1,1010.0,87.0,72.0,232.0,1,1,1.0
80,1,1009.0,86.0,72.0,233.0,1,1,1.0
81,1,1009.0,86.0,72.0,233.0,1,1,1.0
82,1,1009.0,86.0,72.0,233.0,1,1,1.0
83,1,1009.0,86.0,72.0,233.0,1,1,1.0
84,1,1010.0,86.0,72.0,231.0,1,1,1.0
85,1,1010.0,85.0,72.0,230.0,1,1,1.0
86,1,1010.0,84.0,72.0,227.0,1,1,1.0
87,1,1010.0,82.0,73.0,222.0,1,1,1.0
88,1,1010.0,79.0,73.0,219.0,1,1,1.0
89,1,1009.0,77.0,73.0,219.0,1,1,1.0
90,1,1009.0,76.0,72.0,220.0,1,1,1.0
91,1,1009.0,75.0,71.0,220.0,1,1,1.0
92,1,1009.0,75.0,70.0,220.0,1,1,1.0
93,1,1009.0,76.0,68.0,219.0,1,1,1.0
94,1,1009.0,76.0,67.0,219.0,1,1,1.0
95,1,1009.0,76.0,67.0,217.0,1,1,1.0
96,1,1008.0,76.0,69.0,216.0,1,1,1.0
97,1,1007.0,75.0,70.0,213.0,1,1,1.0
98,1,1006.0,73.0,70.0,207.0,1,1,1.0
99,1,1004.0,70.0,67.0,206.0,1,1,1.0
100,1,1003.0,69.0,68.0,206.0,1,1,1.0
101,1,1002.0,68.0,68.0,206.0,1,1,1.0
102,1,1001.0,68.0,69.0,206.0,1,1,1.0
103,1,1000.0,68.0,70.0,206.0,1,1,1.0
104,1,1000.0,68.0,71.0,205.0,1,1,1.0
105,1,999.0,69.0,71.0,204.0,1,1,1.0
106,1,999.0,68.0,71.0,204.0,1,1,1.0
107,1,999.0,66.0,71.0,204.0,1,1,1.0
108,1,1000.0,64.0,69.0,201.0,1,1,1.0
109,1,1000.0,63.0,68.0,196.0,1,1,1.0
110,1,1001.0,62.0,66.0,196.0,1,1,1.0
111,1,1002.0,60.0,64.0,196.0,1,1,1.0
112,1,1002.0,59.0,61.0,196.0,1,1,1.0
113,1,1002.0,59.0,61.0,196.0,1,1,1.0
114,1,1002.0,60.0,61.0,195.0,1,1,1.0
115,1,1002.0,60.0,58.0,195.0,1,1,1.0
116,1,1001.0,61.0,57.0,194.0,1,1,1.0
117,1,1000.0,61.0,56.0,193.0,1,1,1.0
118,1,1000.0,61.0,55.0,192.0,1,1,1.0
119,1,998.0,59.0,54.0,187.0,1,1,1.0
120,1,995.0,57.0,55.0,184.0,1,1,1.0
121,1,993.0,55.0,58.0,184.0,1,1,1.0
122,1,990.0,54.0,60.0,184.0,1,1,1.0
123,1,988.0,53.0,63.0,185.0,1,1,1.0
124,1,987.0,53.0,64.0,185.0,1,1,1.0
125,1,986.0,53.0,65.0,185.0,1,1,1.0
126,1,985.0,54.0,66.0,184.0,1,1,1.0
127,1,985.0,54.0,66.0,183.0,1,1,1.0
128,1,985.0,54.0,65.0,183.0,1,1,1.0
129,1,985.0,53.0,64.0,182.0,1,1,1.0
130,1,985.0,51.0,62.0,178.0,1,1,1.0
131,1,986.0,49.0,60.0,177.0,1,1,1.0
132,1,986.0,48.0,58.0,177.0,1,1,1.0
133,1,987.0,47.0,57.0,177.0,1,1,1.0
134,1,987.0,47.0,54.0,177.0,1,1,1.0
135,1,987.0,47.0,53.0,176.0,1,1,1.0
136,1,987.0,48.0,52.0,175.0,1,1,1.0
137,1,987.0,49.0,50.0,174.0,1,1,1.0
138,1,986.0,49.0,50.0,174.0,1,1,1.0
139,1,984.0,48.0,51.0,174.0,1,1,1.0
140,1,983.0,47.0,54.0,172.0,1,1,1.0
141,1,982.0,45.0,56.0,169.0,1,1,1.0
142,1,980.0,43.0,58.0,168.0,1,1,1.0
143,1,977.0,42.0,58.0,168.0,1,1,1.0
144,1,976.0,42.0,59.0,168.0,1,1,1.0
145,1,975.0,42.0,60.0,168.0,1,1,1.0
146,1,974.0,42.0,61.0,168.0,1,1,1.0
147,1,973.0,42.0,62.0,168.0,1,1,1.0
148,1,972.0,42.0,62.0,167.0,1,1,1.0
149,1,972.0,42.0,61.0,166.0,1,1,1.0
150,1,972.0,41.0,59.0,164.0,1,1,1.0
151,1,973.0,40.0,57.0,161.0,1,1,1.0
152,1,974.0,39.0,55.0,162.0,1,1,1.0
153,1,974.0,39.0,52.0,162.0,1,1,1.0
154,1,975.0,38.0,51.0,161.0,1,1,1.0
155,1,976.0,38.0,50.0,161.0,1,1,1.0
156,1,976.0,39.0,50.0,161.0,1,1,1.0
157,1,975.0,39.0,51.0,161.0,1,1,1.0
158,1,975.0,40.0,50.0,160.0,1,1,1.0
159,1,973.0,40.0,48.0,158.0,1,1,1.0
160,1,971.0,39.0,48.0,155.0,1,1,1.0
161,1,969.0,38.0,49.0,153.0,1,1,1.0
162,1,966.0,37.0,52.0,152.0,1,1,1.0
163,1,964.0,36.0,54.0,153.0,1,1,1.0
164,1,962.0,36.0,55.0,153.0,1,1,1.0
165,1,962.0,35.0,55.0,153.0,1,1,1.0
166,1,962.0,36.0,56.0,153.0,1,1,1.0
167,1,962.0,36.0,56.0,152.0,1,1,1.0
168,1,962.0,37.0,56.0,151.0,1,1,1.0
169,1,963.0,37.0,55.0,151.0,1,1,1.0
170,1,963.0,37.0,54.0,150.0,1,1,1.0
171,1,963.0,36.0,52.0,147.0,1,1,1.0
172,1,964.0,34.0,50.0,146.0,1,1,1.0
173,1,964.0,33.0,49.0,147.0,1,1,1.0
174,1,965.0,33.0,47.0,147.0,1,1,1.0
175,1,965.0,33.0,45.0,147.0,1,1,1.0
176,1,964.0,33.0,43.0,146.0,1,1,1.0
177,1,964.0,34.0,42.0,145.0,1,1,1.0
178,1,964.0,35.0,42.0,144.0,1,1,1.0
179,1,962.0,35.0,43.0,144.0,1,1,1.0
180,1,961.0,34.0,44.0,142.0,1,1,1.0
181,1,958.0,33.0,47.0,139.0,1,1,1.0
182,1,955.0,31.0,49.0,139.0,1,1,1.0
183,1,953.0,30.0,49.0,140.0,1,1,1.0
184,1,951.0,30.0,50.0,141.0,1,1,1.0
185,1,950.0,29.0,51.0,141.0,1,1,1.0
186,1,949.0,30.0,52.0,141.0,1,1,1.0
187,1,949.0,31.0,52.0,139.0,1,1,1.0
188,1,949.0,31.0,52.0,139.0,1,1,1.0
189,1,949.0,31.0,52.0,138.0,1,1,1.0
190,1,950.0,30.0,52.0,138.0,1,1,1.0
191,1,950.0,29.0,51.0,136.0,1,1,1.0
192,1,951.0,28.0,49.0,134.0,1,1,1.0
193,1,952.0,28.0,44.0,134.0,1,1,1.0
194,1,953.0,28.0,43.0,134.0,1,1,1.0
195,1,953.0,27.0,43.0,134.0,1,1,1.0
196,1,953.0,27.0,45.0,134.0,1,1,1.0
197,1,952.0,28.0,45.0,133.0,1,1,1.0
198,1,952.0,28.0,43.0,133.0,1,1,1.0
199,1,950.0,29.0,43.0,132.0,1,1,1.0
200,1,949.0,28.0,43.0,131.0,1,1,1.0
201,1,948.0,28.0,44.0,129.0,1,1,1.0
202,1,947.0,27.0,44.0,128.0,1,1,1.0
203,1,946.0,26.0,45.0,128.0,1,1,1.0
204,1,946.0,26.0,46.0,129.0,1,1,1.0
205,1,946.0,25.0,45.0,129.0,1,1,1.0
206,1,947.0,26.0,45.0,129.0,1,1,1.0
207,1,947.0,26.0,45.0,128.0,1,1,1.0
208,1,948.0,26.0,44.0,128.0,1,1,1.0
209,1,948.0,26.0,44.0,127.0,1,1,1.0
210,1,948.0,26.0,43.0,127.0,1,1,1.0
211,1,949.0,25.0,41.0,126.0,1,1,1.0
212,1,950.0,24.0,40.0,126.0,1,1,1.0
213,1,950.0,23.0,40.0,126.0,1,1,1.0
214,1,951.0,22.0,39.0,126.0,1,1,1.0
215,1,952.0,22.0,38.0,126.0,1,1,1.0
216,1,951.0,22.0,38.0,126.0,1,1,1.0
217,1,951.0,23.0,39.0,125.0,1,1,1.0
218,1,950.0,23.0,39.0,124.0,1,1,1.0
219,1,949.0,24.0,40.0,124.0,1,1,1.0
220,1,948.0,23.0,41.0,123.0,1,1,1.0
221,1,948.0,22.0,40.0,122.0,1,1,1.0
222,1,948.0,21.0,39.0,121.0,1,1,1.0
223,1,947.0,20.0,39.0,121.0,1,1,1.0
224,1,947.0,20.0,39.0,122.0,1,1,1.0
225,1,948.0,20.0,38.0,122.0,1,1,1.0
226,1,948.0,20.0,38.0,121.0,1,1,1.0
227,1,948.0,20.0,38.0,121.0,1,1,1.0
228,1,948.0,21.0,38.0,120.0,1,1,1.0
229,1,948.0,21.0,38.0,119.0,1,1,1.0
230,1,948.0,21.0,38.0,119.0,1,1,1.0
231,1,949.0,21.0,38.0,119.0,1,1,1.0
232,1,950.0,20.0,38.0,117.0,1,1,1.0
233,1,950.0,20.0,38.0,117.0,1,1,1.0
234,1,950.0,19.0,39.0,117.0,1,1,1.0
235,1,950.0,19.0,38.0,117.0,1,1,1.0
236,1,950.0,19.0,38.0,116.0,1,1,1.0
237,1,950.0,19.0,37.0,116.0,1,1,1.0
238,1,950.0,20.0,37.0,116.0,1,1,1.0
239,1,949.0,20.0,37.0,115.0,1,1,1.0
240,1,950.0,20.0,36.0,114.0,1,1,1.0
241,1,949.0,20.0,36.0,114.0,1,1,1.0
242,1,949.0,19.0,35.0,113.0,1,1,1.0
243,1,948.0,18.0,35.0,113.0,1,1,1.0
244,1,947.0,17.0,36.0,113.0,1,1,1.0
245,1,947.0,17.0,36.0,114.0,1,1,1.0
246,1,946.0,17.0,37.0,114.0,1,1,1.0
247,1,946.0,18.0,37.0,113.0,1,1,1.0
248,1,946.0,18.0,38.0,112.0,1,1,1.0
249,1,946.0,19.0,38.0,111.0,1,1,1.0
250,1,947.0,19.0,38.0,111.0,1,1,1.0
251,1,948.0,18.0,38.0,111.0,1,1,1.0
252,1,949.0,17.0,37.0,109.0,1,1,1.0
253,1,950.0,17.0,37.0,109.0,1,1,1.0
254,1,951.0,16.0,36.0,110.0,1,1,1.0
255,1,952.0,16.0,36.0,109.0,1,1,1.0
256,1,952.0,16.0,36.0,109.0,1,1,1.0
257,1,952.0,16.0,36.0,109.0,1,1,1.0
258,1,952.0,16.0,36.0,109.0,1,1,1.0
259,1,952.0,16.0,36.0,109.0,1,1,1.0
260,1,952.0,16.0,36.0,109.0,1,1,1.0
261,1,952.0,16.0,35.0,108.0,1,1,1.0
262,1,952.0,16.0,34.0,107.0,1,1,1.0
263,1,952.0,15.0,34.0,105.0,1,1,1.0
264,1,952.0,15.0,34.0,105.0,1,1,1.0
265,1,951.0,15.0,35.0,105.0,1,1,1.0
266,1,951.0,14.0,35.0,106.0,1,1,1.0
267,1,951.0,14.0,35.0,105.0,1,1,1.0
268,1,951.0,14.0,36.0,105.0,1,1,1.0
269,1,951.0,14.0,36.0,105.0,1,1,1.0
270,1,951.0,14.0,35.0,105.0,1,1,1.0
271,1,951.0,14.0,35.0,105.0,1,1,1.0
272,1,952.0,14.0,33.0,104.0,1,1,1.0
273,1,952.0,13.0,34.0,103.0,1,1,1.0
274,1,953.0,13.0,33.0,103.0,1,1,1.0
275,1,953.0,12.0,34.0,103.0,1,1,1.0
276,1,953.0,12.0,35.0,103.0,1,1,1.0
277,1,952.0,12.0,35.0,103.0,1,1,1.0
278,1,952.0,12.0,35.0,103.0,1,1,1.0
279,1,951.0,13.0,36.0,102.0,1,1,1.0
280,1,950.0,14.0,35.0,101.0,1,1,1.0
281,1,950.0,14.0,35.0,100.0,1,1,1.0
282,1,949.0,14.0,34.0,100.0,1,1,1.0
283,1,949.0,13.0,34.0,100.0,1,1,1.0
284,1,948.0,12.0,34.0,100.0,1,1,1.0
285,1,948.0,11.0,33.0,101.0,1,1,1.0
286,1,947.0,11.0,33.0,101.0,1,1,1.0
287,1,947.0,11.0,32.0,101.0,1,1,1.0
288,1,947.0,11.0,31.0,101.0,1,1,1.0
289,1,947.0,11.0,32.0,101.0,1,1,1.0
290,1,947.0,12.0,31.0,100.0,1,1,1.0
291,1,947.0,12.0,32.0,99.0,1,1,1.0
292,1,947.0,12.0,32.0,99.0,1,1,1.0
293,1,947.0,12.0,32.0,98.0,1,1,1.0
294,1,948.0,12.0,32.0,97.0,1,1,1.0
295,1,947.0,12.0,33.0,97.0,1,1,1.0
296,1,947.0,12.0,33.0,97.0,1,1,1.0
298,1,950.0,10.0,32.0,98.0,1,1,1.0
303,1,956.0,11.0,32.0,97.0,1,1,1.0
304,1,958.0,11.0,32.0,97.0,1,1,1.0
305,1,959.0,11.0,32.0,96.0,1,1,1.0
325,2,1005.0,13.0,43.0,97.0,1,1,1.0
326,2,1007.0,12.0,43.0,98.0,1,1,1.0
327,2,1012.0,12.0,43.0,99.0,1,1,1.0
328,2,1018.0,12.0,44.0,99.0,1,1,1.0
329,2,1023.0,12.0,44.0,97.0,1,1,1.0
330,2,1027.0,11.0,44.0,99.0,1,1,1.0
331,2,1030.0,12.0,43.0,99.0,1,1,1.0
332,2,1033.0,13.0,41.0,99.0,1,1,1.0
333,2,1034.0,14.0,41.0,99.0,1,1,1.0
334,2,1036.0,15.0,43.0,100.0,1,1,1.0
335,2,1039.0,15.0,41.0,100.0,1,1,1.0
336,2,1043.0,14.0,37.0,101.0,1,1,1.0
337,2,1047.0,13.0,34.0,101.0,1,1,1.0
338,2,1049.0,13.0,31.0,102.0,1,1,1.0
341,2,1047.0,14.0,47.0,102.0,1,1,1.0
342,2,1050.0,15.0,49.0,101.0,1,1,1.0
343,2,1052.0,16.0,51.0,101.0,1,1,1.0
344,2,1053.0,17.0,52.0,101.0,1,1,1.0
345,2,1057.0,17.0,49.0,102.0,1,1,1.0
346,2,1060.0,17.0,46.0,103.0,1,1,1.0
347,2,1066.0,16.0,40.0,104.0,1,1,1.0
348,2,1072.0,16.0,37.0,104.0,1,1,1.0
349,2,1079.0,16.0,36.0,103.0,1,1,1.0
350,2,1083.0,16.0,37.0,104.0,1,1,1.0
351,2,1086.0,17.0,39.0,104.0,1,1,1.0
352,2,1087.0,18.0,43.0,104.0,1,1,1.0
353,2,1089.0,18.0,45.0,104.0,1,1,1.0
354,2,1090.0,18.0,47.0,105.0,1,1,1.0
355,2,1092.0,18.0,47.0,106.0,1,1,1.0
356,2,1096.0,18.0,43.0,106.0,1,1,1.0
357,2,1101.0,18.0,38.0,107.0,1,1,1.0
358,2,1105.0,18.0,33.0,107.0,1,1,1.0
359,2,1108.0,18.0,30.0,107.0,1,1,1.0
360,2,1107.0,18.0,35.0,106.0,1,1,1.0
361,2,1109.0,18.0,38.0,107.0,1,1,1.0
362,2,1110.0,19.0,44.0,107.0,1,1,1.0
363,2,1111.0,20.0,48.0,107.0,1,1,1.0
364,2,1111.0,20.0,51.0,108.0,1,1,1.0
365,2,1112.0,20.0,51.0,108.0,1,1,1.0
366,2,1116.0,20.0,48.0,108.0,1,1,1.0
367,2,1121.0,20.0,42.0,109.0,1,1,1.0
368,2,1128.0,20.0,36.0,109.0,1,1,1.0
369,2,1134.0,20.0,38.0,108.0,1,1,1.0
370,2,1138.0,20.0,38.0,109.0,1,1,1.0
371,2,1141.0,20.0,41.0,110.0,1,1,1.0
372,2,1140.0,21.0,46.0,110.0,1,1,1.0
373,2,1140.0,22.0,50.0,110.0,1,1,1.0
374,2,1143.0,22.0,49.0,110.0,1,1,1.0
375,2,1145.0,23.0,51.0,111.0,1,1,1.0
376,2,1147.0,23.0,50.0,111.0,1,1,1.0
377,2,1150.0,22.0,47.0,111.0,1,1,1.0
378,2,1154.0,22.0,41.0,113.0,1,1,1.0
379,2,1159.0,22.0,36.0,113.0,1,1,1.0
380,2,1160.0,21.0,34.0,113.0,1,1,1.0
381,2,1158.0,22.0,38.0,112.0,1,1,1.0
382,2,1157.0,22.0,43.0,112.0,1,1,1.0
383,2,1156.0,23.0,51.0,112.0,1,1,1.0
385,2,1159.0,25.0,59.0,111.0,1,1,1.0
386,2,1162.0,26.0,58.0,110.0,1,1,1.0
387,2,1166.0,27.0,55.0,111.0,1,1,1.0
388,2,1168.0,27.0,53.0,111.0,1,1,1.0
389,2,1172.0,26.0,52.0,113.0,1,1,1.0
390,2,1179.0,26.0,45.0,112.0,1,1,1.0
391,2,1186.0,26.0,39.0,113.0,1,1,1.0
392,2,1192.0,25.0,38.0,112.0,1,1,1.0
393,2,1196.0,26.0,40.0,120.0,1,1,1.0
394,2,1198.0,26.0,43.0,124.0,1,1,1.0
395,2,1199.0,27.0,44.0,122.0,1,1,1.0
396,2,1199.0,28.0,50.0,118.0,1,1,1.0
397,2,1198.0,29.0,60.0,119.0,1,1,1.0
398,2,1200.0,30.0,54.0,121.0,1,1,1.0
399,2,1203.0,30.0,48.0,121.0,1,1,1.0
400,2,1208.0,29.0,48.0,123.0,1,1,1.0
401,2,1215.0,29.0,45.0,123.0,1,1,1.0
402,2,1218.0,29.0,43.0,123.0,1,1,1.0
403,2,1219.0,28.0,42.0,123.0,1,1,1.0
406,2,1219.0,30.0,53.0,121.0,1,1,1.0
407,2,1219.0,31.0,61.0,120.0,1,1,1.0
408,2,1219.0,33.0,67.0,118.0,1,1,1.0
409,2,1224.0,34.0,66.0,117.0,1,1,1.0
410,2,1227.0,34.0,64.0,118.0,1,1,1.0
411,2,1232.0,34.0,61.0,118.0,1,1,1.0
412,2,1238.0,33.0,56.0,119.0,1,1,1.0
413,2,1245.0,33.0,49.0,118.0,1,1,1.0
414,2,1252.0,33.0,42.0,118.0,1,1,1.0
415,2,1259.0,33.0,39.0,118.0,1,1,1.0
416,2,1264.0,33.0,38.0,119.0,1,1,1.0
417,2,1268.0,34.0,37.0,120.0,1,1,1.0
418,2,1271.0,35.0,44.0,120.0,1,1,1.0
419,2,1273.0,36.0,51.0,120.0,1,1,1.0
420,2,1274.0,39.0,54.0,119.0,1,1,1.0
421,2,1275.0,39.0,57.0,120.0,1,1,1.0
422,2,1277.0,39.0,55.0,120.0,1,1,1.0
423,2,1287.0,39.0,44.0,120.0,1,1,1.0
424,2,1292.0,39.0,40.0,121.0,1,1,1.0
425,2,1298.0,39.0,36.0,122.0,1,1,1.0
426,2,1301.0,38.0,37.0,122.0,1,1,1.0
427,2,1302.0,38.0,40.0,122.0,1,1,1.0
429,2,1304.0,40.0,54.0,123.0,1,1,1.0
430,2,1304.0,42.0,59.0,122.0,1,1,1.0
432,2,1307.0,44.0,63.0,123.0,1,1,1.0
433,2,1309.0,44.0,62.0,124.0,1,1,1.0
434,2,1315.0,45.0,55.0,123.0,1,1,1.0
436,2,1328.0,45.0,46.0,121.0,1,1,1.0
437,2,1334.0,45.0,42.0,121.0,1,1,1.0
438,2,1342.0,45.0,41.0,122.0,1,1,1.0
439,2,1346.0,47.0,41.0,123.0,1,1,1.0
440,2,1348.0,48.0,45.0,124.0,1,1,1.0
441,2,1349.0,48.0,50.0,124.0,1,1,1.0
442,2,1349.0,50.0,54.0,125.0,1,1,1.0
443,2,1350.0,49.0,55.0,127.0,1,1,1.0
444,2,1354.0,50.0,53.0,127.0,1,1,1.0
445,2,1359.0,50.0,48.0,127.0,1,1,1.0
446,2,1370.0,50.0,39.0,128.0,1,1,1.0
447,2,1374.0,51.0,38.0,127.0,1,1,1.0
448,2,1380.0,52.0,36.0,126.0,1,1,1.0
449,2,1382.0,51.0,40.0,128.0,1,1,1.0
450,2,1382.0,51.0,48.0,129.0,1,1,1.0
451,2,1382.0,52.0,56.0,128.0,1,1,1.0
452,2,1383.0,56.0,61.0,126.0,1,1,1.0
453,2,1384.0,57.0,62.0,126.0,1,1,1.0
454,2,1386.0,57.0,61.0,127.0,1,1,1.0
455,2,1390.0,57.0,57.0,127.0,1,1,1.0
456,2,1396.0,57.0,52.0,128.0,1,1,1.0
457,2,1403.0,57.0,49.0,127.0,1,1,1.0
458,2,1410.0,56.0,45.0,128.0,1,1,1.0
459,2,1418.0,57.0,41.0,127.0,1,1,1.0
460,2,1422.0,57.0,42.0,128.0,1,1,1.0
461,2,1425.0,60.0,41.0,127.0,1,1,1.0
462,2,1426.0,60.0,45.0,129.0,1,1,1.0
463,2,1427.0,62.0,47.0,129.0,1,1,1.0
464,2,1427.0,62.0,50.0,130.0,1,1,1.0
465,2,1430.0,62.0,47.0,131.0,1,1,1.0
466,2,1436.0,62.0,45.0,131.0,1,1,1.0
467,2,1439.0,62.0,43.0,131.0,1,1,1.0
468,2,1442.0,62.0,43.0,131.0,1,1,1.0
469,2,1446.0,63.0,43.0,130.0,1,1,1.0
470,2,1451.0,63.0,44.0,130.0,1,1,1.0
471,2,1453.0,64.0,47.0,129.0,1,1,1.0
472,2,1454.0,65.0,53.0,131.0,1,1,1.0
473,2,1454.0,65.0,61.0,131.0,1,1,1.0
474,2,1455.0,66.0,65.0,132.0,1,1,1.0
475,2,1455.0,67.0,67.0,132.0,1,1,1.0
476,2,1457.0,68.0,67.0,133.0,1,1,1.0
477,2,1461.0,69.0,64.0,133.0,1,1,1.0
478,2,1467.0,69.0,58.0,133.0,1,1,1.0
479,2,1473.0,70.0,53.0,132.0,1,1,1.0
480,2,1482.0,69.0,45.0,132.0,1,1,1.0
481,2,1479.0,69.0,53.0,132.0,1,1,1.0
482,2,1485.0,70.0,55.0,133.0,1,1,1.0
483,2,1495.0,71.0,47.0,134.0,1,1,1.0
484,2,1500.0,72.0,47.0,135.0,1,1,1.0
485,2,1502.0,72.0,48.0,135.0,1,1,1.0
486,2,1503.0,74.0,49.0,135.0,1,1,1.0
487,2,1504.0,76.0,50.0,134.0,1,1,1.0
488,2,1506.0,76.0,50.0,134.0,1,1,1.0
489,2,1515.0,77.0,42.0,134.0,1,1,1.0
491,2,1525.0,77.0,38.0,135.0,1,1,1.0
492,2,1525.0,77.0,40.0,134.0,1,1,1.0
493,2,1526.0,77.0,43.0,134.0,1,1,1.0
494,2,1524.0,78.0,50.0,136.0,1,1,1.0
495,2,1524.0,79.0,54.0,137.0,1,1,1.0
496,2,1525.0,79.0,54.0,137.0,1,1,1.0
498,2,1526.0,83.0,54.0,136.0,1,1,1.0
499,2,1528.0,84.0,52.0,136.0,1,1,1.0
500,2,1532.0,84.0,48.0,136.0,1,1,1.0
501,2,1535.0,82.0,47.0,140.0,1,1,1.0
502,2,1537.0,81.0,45.0,141.0,1,1,1.0
503,2,1537.0,81.0,46.0,142.0,1,1,1.0
504,2,1535.0,81.0,47.0,143.0,1,1,1.0
505,2,1533.0,81.0,48.0,141.0,1,1,1.0
506,2,1531.0,82.0,49.0,140.0,1,1,1.0
507,2,1528.0,82.0,51.0,141.0,1,1,1.0
508,2,1524.0,83.0,53.0,140.0,1,1,1.0
509,2,1521.0,84.0,54.0,139.0,1,1,1.0
510,2,1520.0,85.0,54.0,139.0,1,1,1.0
511,2,1519.0,84.0,53.0,140.0,1,1,1.0
512,2,1516.0,82.0,51.0,142.0,1,1,1.0
513,2,1514.0,81.0,50.0,142.0,1,1,1.0
514,2,1512.0,80.0,50.0,143.0,1,1,1.0
515,2,1509.0,79.0,50.0,144.0,1,1,1.0
516,2,1505.0,80.0,52.0,145.0,1,1,1.0
517,2,1502.0,81.0,54.0,144.0,1,1,1.0
518,2,1500.0,82.0,55.0,144.0,1,1,1.0
519,2,1496.0,84.0,55.0,143.0,1,1,1.0
520,2,1493.0,84.0,56.0,143.0,1,1,1.0
521,2,1491.0,84.0,54.0,143.0,1,1,1.0
522,2,1489.0,83.0,51.0,144.0,1,1,1.0
523,2,1488.0,82.0,49.0,145.0,1,1,1.0
524,2,1486.0,81.0,49.0,146.0,1,1,1.0
525,2,1482.0,78.0,49.0,149.0,1,1,1.0
526,2,1479.0,77.0,49.0,150.0,1,1,1.0
527,2,1471.0,77.0,53.0,150.0,1,1,1.0
528,2,1462.0,78.0,59.0,150.0,1,1,1.0
529,2,1454.0,79.0,64.0,150.0,1,1,1.0
530,2,1449.0,78.0,65.0,151.0,1,1,1.0
531,2,1445.0,79.0,65.0,150.0,1,1,1.0
532,2,1444.0,78.0,64.0,151.0,1,1,1.0
533,2,1443.0,77.0,62.0,152.0,1,1,1.0
534,2,1442.0,76.0,59.0,153.0,1,1,1.0
535,2,1440.0,75.0,56.0,153.0,1,1,1.0
536,2,1436.0,74.0,58.0,154.0,1,1,1.0
537,2,1432.0,74.0,59.0,156.0,1,1,1.0
538,2,1426.0,75.0,61.0,157.0,1,1,1.0
539,2,1422.0,76.0,62.0,158.0,1,1,1.0
540,2,1417.0,77.0,65.0,157.0,1,1,1.0
541,2,1412.0,78.0,67.0,156.0,1,1,1.0
542,2,1409.0,79.0,67.0,156.0,1,1,1.0
543,2,1407.0,79.0,64.0,156.0,1,1,1.0
544,2,1407.0,79.0,59.0,156.0,1,1,1.0
545,2,1407.0,79.0,56.0,157.0,1,1,1.0
546,2,1407.0,78.0,53.0,157.0,1,1,1.0
547,2,1403.0,78.0,53.0,157.0,1,1,1.0
548,2,1397.0,77.0,56.0,157.0,1,1,1.0
549,2,1387.0,78.0,62.0,157.0,1,1,1.0
550,2,1377.0,77.0,69.0,159.0,1,1,1.0
551,2,1369.0,78.0,73.0,159.0,1,1,1.0
552,2,1364.0,79.0,74.0,158.0,1,1,1.0
553,2,1361.0,79.0,74.0,158.0,1,1,1.0
554,2,1360.0,77.0,72.0,159.0,1,1,1.0
555,2,1359.0,75.0,67.0,161.0,1,1,1.0
556,2,1359.0,75.0,62.0,162.0,1,1,1.0
557,2,1356.0,74.0,61.0,163.0,1,1,1.0
558,2,1353.0,73.0,61.0,164.0,1,1,1.0
559,2,1347.0,72.0,63.0,167.0,1,1,1.0
560,2,1344.0,73.0,63.0,168.0,1,1,1.0
561,2,1337.0,74.0,67.0,168.0,1,1,1.0
562,2,1332.0,76.0,70.0,166.0,1,1,1.0
563,2,1327.0,77.0,72.0,166.0,1,1,1.0
564,2,1321.0,77.0,73.0,167.0,1,1,1.0
565,2,1320.0,78.0,69.0,166.0,1,1,1.0
566,2,1317.0,76.0,66.0,167.0,1,1,1.0
567,2,1315.0,74.0,63.0,170.0,1,1,1.0
568,2,1314.0,73.0,60.0,171.0,1,1,1.0
569,2,1309.0,71.0,61.0,172.0,1,1,1.0
570,2,1300.0,70.0,65.0,173.0,1,1,1.0
571,2,1295.0,71.0,68.0,173.0,1,1,1.0
572,2,1291.0,72.0,67.0,174.0,1,1,1.0
574,2,1289.0,73.0,61.0,173.0,1,1,1.0
576,2,1269.0,71.0,73.0,202.0,1,1,1.0
579,2,1251.0,68.0,66.0,213.0,1,1,1.0
580,2,1245.0,67.0,66.0,216.0,1,1,1.0
583,2,1220.0,69.0,77.0,185.0,1,1,1.0
584,2,1214.0,71.0,79.0,183.0,1,1,1.0
585,2,1210.0,72.0,78.0,181.0,1,1,1.0
586,2,1205.0,73.0,76.0,181.0,1,1,1.0
587,2,1202.0,71.0,74.0,183.0,1,1,1.0
588,2,1201.0,70.0,69.0,184.0,1,1,1.0
589,2,1201.0,68.0,64.0,186.0,1,1,1.0
590,2,1197.0,67.0,63.0,187.0,1,1,1.0
591,2,1187.0,66.0,67.0,188.0,1,1,1.0
592,2,1174.0,67.0,74.0,189.0,1,1,1.0
593,2,1159.0,68.0,83.0,189.0,1,1,1.0
594,2,1148.0,69.0,89.0,190.0,1,1,1.0
595,2,1140.0,70.0,95.0,189.0,1,1,1.0
596,2,1135.0,70.0,100.0,190.0,1,1,1.0
597,2,1132.0,70.0,98.0,191.0,1,1,1.0
598,2,1130.0,68.0,92.0,192.0,1,1,1.0
599,2,1128.0,67.0,84.0,194.0,1,1,1.0
600,2,1121.0,65.0,80.0,196.0,1,1,1.0
601,2,1113.0,65.0,82.0,196.0,1,1,1.0
602,2,1105.0,64.0,84.0,199.0,1,1,1.0
603,2,1096.0,65.0,88.0,201.0,1,1,1.0
604,2,1089.0,66.0,89.0,203.0,1,1,1.0
605,2,1082.0,68.0,90.0,203.0,1,1,1.0
606,2,1077.0,69.0,90.0,203.0,1,1,1.0
607,2,1073.0,71.0,90.0,204.0,1,1,1.0
608,2,1071.0,72.0,87.0,203.0,1,1,1.0
609,2,1070.0,72.0,80.0,203.0,1,1,1.0
610,2,1071.0,72.0,71.0,203.0,1,1,1.0
611,2,1069.0,70.0,66.0,205.0,1,1,1.0
612,2,1063.0,69.0,65.0,205.0,1,1,1.0
613,2,1055.0,69.0,67.0,205.0,1,1,1.0
614,2,1041.0,69.0,75.0,207.0,1,1,1.0
615,2,1026.0,71.0,85.0,208.0,1,1,1.0
616,2,1015.0,72.0,94.0,210.0,1,1,1.0
617,2,1005.0,74.0,104.0,210.0,1,1,1.0
618,2,998.0,75.0,109.0,211.0,1,1,1.0
619,2,995.0,75.0,106.0,211.0,1,1,1.0
620,2,991.0,75.0,100.0,211.0,1,1,1.0
621,2,988.0,74.0,90.0,212.0,1,1,1.0
622,2,986.0,73.0,82.0,213.0,1,1,1.0
623,2,978.0,73.0,84.0,215.0,1,1,1.0
624,2,967.0,74.0,88.0,218.0,1,1,1.0
625,2,957.0,76.0,94.0,220.0,1,1,1.0
626,2,947.0,78.0,100.0,220.0,1,1,1.0
627,2,938.0,80.0,105.0,221.0,1,1,1.0
628,2,931.0,82.0,107.0,220.0,1,1,1.0
629,2,926.0,82.0,104.0,220.0,1,1,1.0
630,2,925.0,82.0,92.0,221.0,1,1,1.0
631,2,928.0,81.0,80.0,222.0,1,1,1.0
632,2,928.0,81.0,72.0,222.0,1,1,1.0
633,2,920.0,81.0,73.0,222.0,1,1,1.0
634,2,909.0,81.0,80.0,224.0,1,1,1.0
635,2,895.0,84.0,92.0,224.0,1,1,1.0
636,2,881.0,86.0,105.0,224.0,1,1,1.0
637,2,873.0,87.0,113.0,225.0,1,1,1.0
638,2,865.0,89.0,118.0,225.0,1,1,1.0
639,2,859.0,89.0,114.0,226.0,1,1,1.0
640,2,854.0,88.0,107.0,226.0,1,1,1.0
641,2,848.0,87.0,97.0,227.0,1,1,1.0
642,2,842.0,87.0,90.0,227.0,1,1,1.0
643,2,833.0,88.0,91.0,230.0,1,1,1.0
644,2,820.0,89.0,98.0,233.0,1,1,1.0
645,2,812.0,92.0,100.0,236.0,1,1,1.0
646,2,804.0,94.0,103.0,236.0,1,1,1.0
647,2,797.0,95.0,110.0,236.0,1,1,1.0
648,2,792.0,96.0,112.0,235.0,1,1,1.0
649,2,789.0,96.0,106.0,235.0,1,1,1.0
650,2,788.0,96.0,96.0,235.0,1,1,1.0
651,2,788.0,96.0,81.0,235.0,1,1,1.0
652,2,787.0,96.0,75.0,235.0,1,1,1.0
653,2,782.0,96.0,79.0,234.0,1,1,1.0
654,2,768.0,97.0,93.0,236.0,1,1,1.0
655,2,753.0,98.0,107.0,238.0,1,1,1.0
656,2,745.0,101.0,111.0,239.0,1,1,1.0
657,2,738.0,102.0,113.0,238.0,1,1,1.0
658,2,732.0,103.0,106.0,237.0,1,1,1.0
659,2,727.0,103.0,96.0,238.0,1,1,1.0
660,2,721.0,103.0,84.0,238.0,1,1,1.0
661,2,714.0,104.0,78.0,241.0,1,1,1.0
662,2,701.0,106.0,81.0,245.0,1,1,1.0
663,2,688.0,108.0,92.0,249.0,1,1,1.0
664,2,675.0,111.0,102.0,249.0,1,1,1.0
665,2,661.0,113.0,116.0,250.0,1,1,1.0
666,2,654.0,115.0,118.0,249.0,1,1,1.0
667,2,651.0,116.0,110.0,249.0,1,1,1.0
668,2,649.0,117.0,96.0,248.0,1,1,1.0
669,2,648.0,118.0,79.0,249.0,1,1,1.0
670,2,640.0,118.0,75.0,248.0,1,1,1.0
671,2,628.0,119.0,80.0,248.0,1,1,1.0
672,2,614.0,121.0,91.0,251.0,1,1,1.0
673,2,598.0,123.0,106.0,254.0,1,1,1.0
674,2,585.0,126.0,117.0,255.0,1,1,1.0
675,2,576.0,128.0,124.0,255.0,1,1,1.0
676,2,570.0,130.0,124.0,254.0,1,1,1.0
677,2,566.0,132.0,114.0,252.0,1,1,1.0
678,2,562.0,132.0,101.0,252.0,1,1,1.0
679,2,559.0,133.0,91.0,251.0,1,1,1.0
680,2,547.0,133.0,89.0,256.0,1,1,1.0
