1,1,816.0,189.0,40.0,106.0,1,1,1.0
2,1,815.0,191.0,41.0,107.0,1,1,1.0
3,1,815.0,191.0,41.0,108.0,1,1,1.0
4,1,814.0,191.0,42.0,108.0,1,1,1.0
5,1,813.0,192.0,43.0,109.0,1,1,1.0
6,1,813.0,193.0,43.0,109.0,1,1,1.0
7,1,812.0,193.0,41.0,110.0,1,1,1.0
8,1,812.0,192.0,40.0,110.0,1,1,1.0
9,1,812.0,192.0,38.0,110.0,1,1,1.0
10,1,812.0,192.0,36.0,110.0,1,1,1.0
11,1,812.0,193.0,34.0,110.0,1,1,1.0
12,1,812.0,194.0,33.0,111.0,1,1,1.0
13,1,811.0,194.0,32.0,112.0,1,1,1.0
14,1,813.0,196.0,30.0,112.0,1,1,1.0
15,1,813.0,197.0,31.0,111.0,1,1,1.0
16,1,813.0,199.0,33.0,111.0,1,1,1.0
17,1,813.0,199.0,36.0,111.0,1,1,1.0
18,1,812.0,199.0,38.0,112.0,1,1,1.0
19,1,812.0,199.0,38.0,112.0,1,1,1.0
20,1,812.0,199.0,40.0,112.0,1,1,1.0
21,1,811.0,199.0,40.0,111.0,1,1,1.0
22,1,811.0,199.0,40.0,112.0,1,1,1.0
23,1,811.0,199.0,40.0,113.0,1,1,1.0
24,1,811.0,200.0,38.0,115.0,1,1,1.0
25,1,811.0,203.0,37.0,115.0,1,1,1.0
26,1,811.0,203.0,34.0,115.0,1,1,1.0
27,1,811.0,202.0,33.0,115.0,1,1,1.0
28,1,811.0,202.0,32.0,116.0,1,1,1.0
29,1,810.0,203.0,33.0,116.0,1,1,1.0
30,1,810.0,203.0,34.0,117.0,1,1,1.0
31,1,809.0,203.0,34.0,116.0,1,1,1.0
32,1,808.0,202.0,35.0,116.0,1,1,1.0
33,1,808.0,202.0,34.0,117.0,1,1,1.0
34,1,809.0,205.0,33.0,118.0,1,1,1.0
35,1,808.0,206.0,33.0,119.0,1,1,1.0
36,1,807.0,206.0,34.0,119.0,1,1,1.0
37,1,808.0,207.0,35.0,119.0,1,1,1.0
38,1,806.0,208.0,36.0,119.0,1,1,1.0
39,1,802.0,209.0,41.0,112.0,1,1,1.0
40,1,802.0,209.0,41.0,116.0,1,1,1.0
41,1,804.0,208.0,41.0,117.0,1,1,1.0
42,1,805.0,208.0,41.0,119.0,1,1,1.0
43,1,799.0,209.0,47.0,119.0,1,1,1.0
44,1,797.0,210.0,48.0,120.0,1,1,1.0
45,1,796.0,210.0,49.0,122.0,1,1,1.0
46,1,794.0,211.0,49.0,123.0,1,1,1.0
47,1,794.0,211.0,48.0,123.0,1,1,1.0
48,1,795.0,213.0,45.0,124.0,1,1,1.0
49,1,794.0,213.0,45.0,124.0,1,1,1.0
50,1,793.0,212.0,46.0,123.0,1,1,1.0
51,1,793.0,213.0,46.0,123.0,1,1,1.0
52,1,793.0,213.0,46.0,124.0,1,1,1.0
53,1,794.0,214.0,45.0,124.0,1,1,1.0
54,1,797.0,214.0,42.0,124.0,1,1,1.0
55,1,797.0,214.0,42.0,126.0,1,1,1.0
56,1,796.0,215.0,44.0,127.0,1,1,1.0
57,1,795.0,217.0,45.0,127.0,1,1,1.0
58,1,795.0,218.0,46.0,127.0,1,1,1.0
59,1,795.0,219.0,46.0,126.0,1,1,1.0
60,1,795.0,219.0,46.0,127.0,1,1,1.0
61,1,796.0,220.0,45.0,127.0,1,1,1.0
62,1,796.0,220.0,46.0,127.0,1,1,1.0
63,1,795.0,220.0,48.0,127.0,1,1,1.0
64,1,794.0,220.0,50.0,127.0,1,1,1.0
65,1,793.0,220.0,50.0,128.0,1,1,1.0
66,1,793.0,222.0,50.0,129.0,1,1,1.0
67,1,793.0,224.0,48.0,130.0,1,1,1.0
68,1,793.0,225.0,46.0,131.0,1,1,1.0
69,1,793.0,225.0,46.0,131.0,1,1,1.0
70,1,793.0,225.0,46.0,131.0,1,1,1.0
71,1,792.0,226.0,47.0,132.0,1,1,1.0
72,1,791.0,225.0,48.0,132.0,1,1,1.0
73,1,791.0,224.0,49.0,132.0,1,1,1.0
74,1,791.0,225.0,49.0,132.0,1,1,1.0
75,1,790.0,225.0,49.0,133.0,1,1,1.0
76,1,790.0,226.0,48.0,135.0,1,1,1.0
77,1,790.0,228.0,48.0,136.0,1,1,1.0
78,1,790.0,229.0,47.0,136.0,1,1,1.0
79,1,790.0,231.0,46.0,136.0,1,1,1.0
80,1,790.0,232.0,45.0,136.0,1,1,1.0
81,1,791.0,232.0,44.0,137.0,1,1,1.0
82,1,791.0,232.0,44.0,137.0,1,1,1.0
83,1,790.0,232.0,45.0,137.0,1,1,1.0
84,1,789.0,232.0,47.0,137.0,1,1,1.0
85,1,789.0,232.0,48.0,138.0,1,1,1.0
86,1,787.0,233.0,50.0,140.0,1,1,1.0
87,1,785.0,234.0,52.0,141.0,1,1,1.0
88,1,785.0,236.0,53.0,142.0,1,1,1.0
89,1,785.0,237.0,53.0,142.0,1,1,1.0
90,1,784.0,238.0,53.0,142.0,1,1,1.0
91,1,784.0,239.0,53.0,142.0,1,1,1.0
92,1,784.0,240.0,52.0,141.0,1,1,1.0
93,1,783.0,240.0,51.0,141.0,1,1,1.0
94,1,783.0,241.0,50.0,141.0,1,1,1.0
95,1,784.0,240.0,48.0,141.0,1,1,1.0
96,1,784.0,241.0,46.0,141.0,1,1,1.0
97,1,784.0,242.0,46.0,144.0,1,1,1.0
98,1,784.0,244.0,45.0,145.0,1,1,1.0
99,1,783.0,246.0,45.0,144.0,1,1,1.0
100,1,784.0,247.0,45.0,146.0,1,1,1.0
101,1,785.0,247.0,44.0,147.0,1,1,1.0
102,1,786.0,247.0,44.0,148.0,1,1,1.0
103,1,787.0,248.0,45.0,148.0,1,1,1.0
104,1,787.0,248.0,47.0,148.0,1,1,1.0
105,1,786.0,247.0,49.0,148.0,1,1,1.0
106,1,785.0,247.0,51.0,148.0,1,1,1.0
107,1,785.0,248.0,52.0,149.0,1,1,1.0
108,1,784.0,248.0,53.0,152.0,1,1,1.0
109,1,783.0,249.0,54.0,155.0,1,1,1.0
110,1,782.0,253.0,54.0,154.0,1,1,1.0
111,1,781.0,254.0,53.0,155.0,1,1,1.0
112,1,780.0,256.0,53.0,155.0,1,1,1.0
113,1,779.0,256.0,54.0,155.0,1,1,1.0
114,1,778.0,257.0,54.0,155.0,1,1,1.0
115,1,777.0,257.0,54.0,155.0,1,1,1.0
116,1,777.0,257.0,54.0,154.0,1,1,1.0
117,1,777.0,257.0,54.0,154.0,1,1,1.0
118,1,777.0,258.0,54.0,156.0,1,1,1.0
119,1,777.0,259.0,53.0,159.0,1,1,1.0
120,1,777.0,262.0,52.0,158.0,1,1,1.0
121,1,777.0,264.0,52.0,159.0,1,1,1.0
122,1,778.0,265.0,53.0,160.0,1,1,1.0
123,1,779.0,266.0,55.0,160.0,1,1,1.0
124,1,779.0,266.0,56.0,160.0,1,1,1.0
125,1,780.0,266.0,56.0,160.0,1,1,1.0
126,1,780.0,267.0,56.0,159.0,1,1,1.0
127,1,780.0,267.0,56.0,160.0,1,1,1.0
128,1,779.0,268.0,55.0,163.0,1,1,1.0
129,1,778.0,269.0,55.0,166.0,1,1,1.0
130,1,777.0,271.0,55.0,166.0,1,1,1.0
131,1,776.0,273.0,56.0,168.0,1,1,1.0
132,1,775.0,274.0,56.0,169.0,1,1,1.0
133,1,774.0,274.0,56.0,169.0,1,1,1.0
134,1,773.0,275.0,56.0,169.0,1,1,1.0
135,1,772.0,275.0,57.0,169.0,1,1,1.0
136,1,772.0,275.0,58.0,169.0,1,1,1.0
137,1,771.0,275.0,55.0,169.0,1,1,1.0
138,1,771.0,275.0,53.0,169.0,1,1,1.0
139,1,771.0,276.0,51.0,171.0,1,1,1.0
140,1,771.0,279.0,50.0,174.0,1,1,1.0
141,1,772.0,281.0,49.0,174.0,1,1,1.0
142,1,772.0,284.0,50.0,176.0,1,1,1.0
143,1,772.0,286.0,53.0,176.0,1,1,1.0
144,1,772.0,287.0,56.0,176.0,1,1,1.0
145,1,771.0,288.0,58.0,176.0,1,1,1.0
146,1,769.0,288.0,60.0,176.0,1,1,1.0
147,1,768.0,288.0,63.0,176.0,1,1,1.0
148,1,767.0,288.0,64.0,176.0,1,1,1.0
149,1,765.0,289.0,66.0,180.0,1,1,1.0
150,1,764.0,292.0,64.0,182.0,1,1,1.0
151,1,764.0,294.0,60.0,183.0,1,1,1.0
152,1,764.0,296.0,57.0,185.0,1,1,1.0
153,1,765.0,298.0,56.0,186.0,1,1,1.0
154,1,765.0,299.0,56.0,186.0,1,1,1.0
155,1,765.0,300.0,56.0,187.0,1,1,1.0
156,1,766.0,300.0,55.0,187.0,1,1,1.0
157,1,766.0,300.0,54.0,186.0,1,1,1.0
158,1,767.0,301.0,54.0,185.0,1,1,1.0
159,1,768.0,302.0,55.0,185.0,1,1,1.0
160,1,768.0,304.0,58.0,188.0,1,1,1.0
161,1,768.0,306.0,61.0,191.0,1,1,1.0
162,1,769.0,309.0,64.0,192.0,1,1,1.0
163,1,770.0,311.0,68.0,194.0,1,1,1.0
164,1,770.0,314.0,72.0,195.0,1,1,1.0
165,1,769.0,315.0,76.0,195.0,1,1,1.0
166,1,769.0,315.0,77.0,194.0,1,1,1.0
167,1,769.0,316.0,76.0,194.0,1,1,1.0
168,1,769.0,316.0,76.0,194.0,1,1,1.0
169,1,769.0,317.0,76.0,194.0,1,1,1.0
170,1,769.0,319.0,76.0,196.0,1,1,1.0
171,1,769.0,322.0,75.0,201.0,1,1,1.0
172,1,769.0,324.0,77.0,203.0,1,1,1.0
173,1,769.0,327.0,78.0,202.0,1,1,1.0
174,1,769.0,330.0,79.0,205.0,1,1,1.0
175,1,768.0,331.0,79.0,206.0,1,1,1.0
176,1,766.0,332.0,79.0,206.0,1,1,1.0
177,1,764.0,332.0,78.0,206.0,1,1,1.0
178,1,764.0,333.0,75.0,206.0,1,1,1.0
179,1,765.0,334.0,71.0,205.0,1,1,1.0
180,1,766.0,336.0,68.0,203.0,1,1,1.0
181,1,766.0,338.0,66.0,207.0,1,1,1.0
182,1,767.0,341.0,69.0,212.0,1,1,1.0
183,1,767.0,344.0,76.0,212.0,1,1,1.0
184,1,768.0,348.0,82.0,212.0,1,1,1.0
185,1,769.0,351.0,83.0,216.0,1,1,1.0
186,1,769.0,353.0,80.0,217.0,1,1,1.0
187,1,769.0,354.0,77.0,216.0,1,1,1.0
188,1,768.0,356.0,76.0,215.0,1,1,1.0
189,1,768.0,357.0,76.0,214.0,1,1,1.0
190,1,766.0,358.0,77.0,219.0,1,1,1.0
191,1,764.0,361.0,79.0,225.0,1,1,1.0
192,1,763.0,365.0,82.0,227.0,1,1,1.0
193,1,761.0,368.0,83.0,227.0,1,1,1.0
194,1,760.0,371.0,84.0,231.0,1,1,1.0
195,1,758.0,374.0,84.0,231.0,1,1,1.0
196,1,757.0,375.0,85.0,231.0,1,1,1.0
197,1,756.0,376.0,86.0,230.0,1,1,1.0
198,1,756.0,377.0,86.0,230.0,1,1,1.0
199,1,756.0,378.0,84.0,229.0,1,1,1.0
200,1,756.0,380.0,81.0,230.0,1,1,1.0
201,1,756.0,384.0,81.0,236.0,1,1,1.0
202,1,756.0,388.0,81.0,241.0,1,1,1.0
203,1,756.0,392.0,79.0,241.0,1,1,1.0
204,1,756.0,396.0,79.0,243.0,1,1,1.0
205,1,757.0,399.0,82.0,243.0,1,1,1.0
206,1,757.0,401.0,84.0,242.0,1,1,1.0
207,1,757.0,402.0,89.0,242.0,1,1,1.0
208,1,755.0,404.0,91.0,240.0,1,1,1.0
209,1,754.0,406.0,93.0,245.0,1,1,1.0
210,1,753.0,409.0,92.0,253.0,1,1,1.0
211,1,752.0,413.0,92.0,254.0,1,1,1.0
212,1,752.0,417.0,92.0,257.0,1,1,1.0
213,1,751.0,420.0,93.0,261.0,1,1,1.0
214,1,750.0,423.0,94.0,261.0,1,1,1.0
215,1,749.0,426.0,96.0,260.0,1,1,1.0
216,1,749.0,427.0,95.0,259.0,1,1,1.0
217,1,749.0,429.0,94.0,257.0,1,1,1.0
218,1,750.0,431.0,92.0,254.0,1,1,1.0
219,1,751.0,435.0,91.0,255.0,1,1,1.0
220,1,752.0,438.0,89.0,262.0,1,1,1.0
221,1,753.0,443.0,87.0,268.0,1,1,1.0
222,1,754.0,447.0,85.0,273.0,1,1,1.0
223,1,756.0,451.0,85.0,276.0,1,1,1.0
224,1,757.0,455.0,87.0,276.0,1,1,1.0
225,1,759.0,458.0,93.0,274.0,1,1,1.0
226,1,760.0,460.0,101.0,272.0,1,1,1.0
227,1,759.0,462.0,105.0,270.0,1,1,1.0
228,1,759.0,465.0,109.0,272.0,1,1,1.0
229,1,758.0,469.0,111.0,282.0,1,1,1.0
230,1,758.0,474.0,112.0,286.0,1,1,1.0
231,1,757.0,479.0,112.0,289.0,1,1,1.0
232,1,757.0,484.0,113.0,294.0,1,1,1.0
233,1,756.0,488.0,113.0,297.0,1,1,1.0
234,1,754.0,492.0,115.0,296.0,1,1,1.0
235,1,753.0,494.0,115.0,295.0,1,1,1.0
236,1,753.0,497.0,113.0,292.0,1,1,1.0
237,1,754.0,500.0,110.0,289.0,1,1,1.0
238,1,754.0,503.0,106.0,286.0,1,1,1.0
239,1,754.0,507.0,103.0,292.0,1,1,1.0
240,1,753.0,512.0,101.0,302.0,1,1,1.0
241,1,753.0,518.0,101.0,307.0,1,1,1.0
242,1,753.0,524.0,101.0,311.0,1,1,1.0
243,1,753.0,530.0,103.0,315.0,1,1,1.0
244,1,754.0,534.0,107.0,316.0,1,1,1.0
245,1,754.0,537.0,118.0,313.0,1,1,1.0
246,1,753.0,540.0,125.0,310.0,1,1,1.0
247,1,751.0,544.0,129.0,307.0,1,1,1.0
248,1,750.0,548.0,130.0,312.0,1,1,1.0
249,1,749.0,552.0,130.0,325.0,1,1,1.0
250,1,747.0,558.0,129.0,332.0,1,1,1.0
251,1,746.0,564.0,126.0,336.0,1,1,1.0
252,1,744.0,571.0,126.0,341.0,1,1,1.0
253,1,742.0,576.0,126.0,344.0,1,1,1.0
254,1,739.0,581.0,127.0,343.0,1,1,1.0
255,1,737.0,585.0,128.0,340.0,1,1,1.0
256,1,736.0,588.0,128.0,337.0,1,1,1.0
257,1,737.0,592.0,127.0,333.0,1,1,1.0
258,1,738.0,597.0,127.0,328.0,1,1,1.0
259,1,738.0,603.0,126.0,332.0,1,1,1.0
260,1,737.0,610.0,126.0,345.0,1,1,1.0
261,1,737.0,619.0,125.0,353.0,1,1,1.0
262,1,736.0,628.0,123.0,358.0,1,1,1.0
263,1,736.0,636.0,124.0,363.0,1,1,1.0
264,1,736.0,643.0,124.0,363.0,1,1,1.0
265,1,735.0,652.0,129.0,358.0,1,1,1.0
266,1,733.0,657.0,133.0,353.0,1,1,1.0
267,1,731.0,663.0,136.0,347.0,1,1,1.0
268,1,727.0,670.0,140.0,349.0,1,1,1.0
269,1,723.0,677.0,143.0,365.0,1,1,1.0
270,1,720.0,685.0,144.0,382.0,1,1,1.0
271,1,717.0,694.0,145.0,383.0,1,1,1.0
272,1,714.0,704.0,145.0,378.0,1,1,1.0
273,1,712.0,712.0,147.0,371.0,1,1,1.0
274,1,709.0,719.0,148.0,364.0,1,1,1.0
275,1,706.0,726.0,149.0,357.0,1,1,1.0
276,1,705.0,732.0,148.0,350.0,1,1,1.0
277,1,705.0,740.0,147.0,342.0,1,1,1.0
278,1,706.0,749.0,146.0,332.0,1,1,1.0
279,1,706.0,759.0,146.0,322.0,1,1,1.0
280,1,705.0,771.0,148.0,310.0,1,1,1.0
281,1,704.0,783.0,144.0,297.0,1,1,1.0
282,1,704.0,795.0,142.0,285.0,1,1,1.0
283,1,704.0,806.0,142.0,274.0,1,1,1.0
284,1,704.0,814.0,147.0,265.0,1,1,1.0
285,1,703.0,827.0,157.0,253.0,1,1,1.0
286,1,700.0,836.0,168.0,243.0,1,1,1.0
287,1,697.0,845.0,176.0,234.0,1,1,1.0
288,1,694.0,855.0,181.0,224.0,1,1,1.0
289,1,693.0,866.0,182.0,213.0,1,1,1.0
290,1,691.0,878.0,181.0,201.0,1,1,1.0
291,1,689.0,890.0,180.0,189.0,1,1,1.0
292,1,686.0,901.0,178.0,178.0,1,1,1.0
293,1,683.0,912.0,175.0,167.0,1,1,1.0
294,1,682.0,922.0,174.0,156.0,1,1,1.0
295,1,682.0,932.0,170.0,147.0,1,1,1.0
296,1,683.0,942.0,164.0,137.0,1,1,1.0
297,1,685.0,953.0,159.0,126.0,1,1,1.0
298,1,690.0,965.0,153.0,114.0,1,1,1.0
299,1,696.0,978.0,146.0,100.0,1,1,1.0
300,1,701.0,993.0,143.0,86.0,1,1,1.0
301,1,708.0,1007.0,138.0,72.0,1,1,1.0
302,1,722.0,1021.0,109.0,58.0,1,1,1.0
394,2,111.0,959.0,138.0,120.0,1,1,1.0
395,2,107.0,948.0,147.0,131.0,1,1,1.0
396,2,102.0,936.0,154.0,143.0,1,1,1.0
397,2,98.0,924.0,162.0,155.0,1,1,1.0
398,2,95.0,913.0,168.0,165.0,1,1,1.0
399,2,93.0,903.0,171.0,175.0,1,1,1.0
400,2,93.0,895.0,171.0,183.0,1,1,1.0
401,2,95.0,888.0,169.0,191.0,1,1,1.0
402,2,98.0,877.0,168.0,201.0,1,1,1.0
403,2,99.0,866.0,166.0,213.0,1,1,1.0
404,2,98.0,855.0,161.0,224.0,1,1,1.0
405,2,97.0,844.0,159.0,234.0,1,1,1.0
406,2,96.0,834.0,162.0,245.0,1,1,1.0
407,2,94.0,826.0,167.0,252.0,1,1,1.0
408,2,91.0,819.0,172.0,260.0,1,1,1.0
409,2,89.0,812.0,175.0,266.0,1,1,1.0
410,2,88.0,807.0,173.0,272.0,1,1,1.0
411,2,88.0,802.0,169.0,276.0,1,1,1.0
412,2,88.0,796.0,162.0,282.0,1,1,1.0
413,2,88.0,792.0,154.0,286.0,1,1,1.0
414,2,86.0,785.0,155.0,293.0,1,1,1.0
415,2,83.0,777.0,166.0,301.0,1,1,1.0
416,2,80.0,769.0,169.0,309.0,1,1,1.0
417,2,77.0,761.0,166.0,317.0,1,1,1.0
418,2,74.0,752.0,163.0,326.0,1,1,1.0
419,2,71.0,744.0,160.0,334.0,1,1,1.0
420,2,68.0,737.0,159.0,341.0,1,1,1.0
421,2,67.0,730.0,158.0,348.0,1,1,1.0
422,2,69.0,726.0,157.0,352.0,1,1,1.0
423,2,73.0,722.0,151.0,357.0,1,1,1.0
424,2,77.0,716.0,145.0,361.0,1,1,1.0
425,2,80.0,704.0,145.0,357.0,1,1,1.0
426,2,81.0,694.0,136.0,352.0,1,1,1.0
427,2,81.0,685.0,132.0,337.0,1,1,1.0
428,2,80.0,679.0,132.0,332.0,1,1,1.0
429,2,80.0,673.0,131.0,334.0,1,1,1.0
430,2,79.0,669.0,132.0,337.0,1,1,1.0
431,2,78.0,665.0,131.0,339.0,1,1,1.0
432,2,78.0,662.0,136.0,342.0,1,1,1.0
433,2,78.0,659.0,143.0,344.0,1,1,1.0
434,2,77.0,657.0,147.0,344.0,1,1,1.0
435,2,75.0,653.0,146.0,339.0,1,1,1.0
436,2,73.0,647.0,141.0,336.0,1,1,1.0
437,2,71.0,640.0,135.0,329.0,1,1,1.0
438,2,68.0,634.0,131.0,315.0,1,1,1.0
439,2,66.0,628.0,127.0,311.0,1,1,1.0
440,2,63.0,623.0,124.0,312.0,1,1,1.0
441,2,61.0,618.0,127.0,317.0,1,1,1.0
442,2,61.0,615.0,129.0,319.0,1,1,1.0
443,2,62.0,613.0,129.0,321.0,1,1,1.0
444,2,63.0,610.0,128.0,322.0,1,1,1.0
445,2,65.0,602.0,126.0,319.0,1,1,1.0
446,2,67.0,596.0,120.0,316.0,1,1,1.0
447,2,67.0,590.0,115.0,307.0,1,1,1.0
448,2,67.0,584.0,112.0,297.0,1,1,1.0
449,2,68.0,579.0,109.0,293.0,1,1,1.0
450,2,68.0,575.0,105.0,294.0,1,1,1.0
451,2,67.0,572.0,105.0,296.0,1,1,1.0
452,2,66.0,570.0,106.0,298.0,1,1,1.0
453,2,65.0,569.0,107.0,299.0,1,1,1.0
454,2,63.0,567.0,108.0,298.0,1,1,1.0
455,2,61.0,566.0,110.0,299.0,1,1,1.0
456,2,60.0,563.0,111.0,295.0,1,1,1.0
457,2,57.0,559.0,111.0,291.0,1,1,1.0
458,2,55.0,555.0,110.0,286.0,1,1,1.0
459,2,52.0,550.0,111.0,277.0,1,1,1.0
460,2,48.0,546.0,108.0,274.0,1,1,1.0
461,2,44.0,542.0,107.0,276.0,1,1,1.0
462,2,41.0,538.0,107.0,279.0,1,1,1.0
463,2,40.0,536.0,109.0,281.0,1,1,1.0
464,2,42.0,534.0,111.0,282.0,1,1,1.0
465,2,43.0,530.0,111.0,285.0,1,1,1.0
466,2,45.0,525.0,109.0,284.0,1,1,1.0
467,2,46.0,521.0,101.0,279.0,1,1,1.0
468,2,46.0,517.0,92.0,269.0,1,1,1.0
469,2,47.0,512.0,88.0,262.0,1,1,1.0
470,2,46.0,509.0,90.0,260.0,1,1,1.0
471,2,45.0,506.0,95.0,261.0,1,1,1.0
472,2,43.0,504.0,103.0,262.0,1,1,1.0
473,2,43.0,503.0,102.0,263.0,1,1,1.0
474,2,43.0,502.0,96.0,263.0,1,1,1.0
475,2,43.0,502.0,91.0,264.0,1,1,1.0
476,2,42.0,501.0,90.0,263.0,1,1,1.0
477,2,40.0,499.0,90.0,259.0,1,1,1.0
478,2,37.0,495.0,89.0,256.0,1,1,1.0
479,2,35.0,492.0,87.0,249.0,1,1,1.0
480,2,33.0,489.0,85.0,246.0,1,1,1.0
481,2,31.0,486.0,83.0,245.0,1,1,1.0
482,2,29.0,484.0,81.0,246.0,1,1,1.0
483,2,28.0,481.0,82.0,248.0,1,1,1.0
484,2,28.0,480.0,83.0,249.0,1,1,1.0
485,2,27.0,479.0,85.0,250.0,1,1,1.0
486,2,27.0,477.0,86.0,250.0,1,1,1.0
487,2,27.0,475.0,91.0,250.0,1,1,1.0
488,2,28.0,472.0,95.0,249.0,1,1,1.0
489,2,29.0,467.0,90.0,246.0,1,1,1.0
490,2,29.0,464.0,82.0,234.0,1,1,1.0
491,2,30.0,461.0,75.0,232.0,1,1,1.0
492,2,30.0,459.0,70.0,232.0,1,1,1.0
493,2,31.0,458.0,69.0,233.0,1,1,1.0
494,2,31.0,456.0,68.0,234.0,1,1,1.0
495,2,31.0,455.0,68.0,235.0,1,1,1.0
496,2,31.0,455.0,68.0,235.0,1,1,1.0
497,2,30.0,455.0,69.0,235.0,1,1,1.0
498,2,29.0,454.0,70.0,234.0,1,1,1.0
499,2,27.0,451.0,72.0,237.0,1,1,1.0
500,2,26.0,449.0,72.0,234.0,1,1,1.0
501,2,17.0,445.0,79.0,230.0,1,1,1.0
502,2,14.0,443.0,82.0,224.0,1,1,1.0
503,2,12.0,442.0,82.0,222.0,1,1,1.0
504,2,12.0,440.0,84.0,223.0,1,1,1.0
505,2,15.0,438.0,87.0,224.0,1,1,1.0
506,2,18.0,437.0,87.0,225.0,1,1,1.0
507,2,19.0,435.0,87.0,226.0,1,1,1.0
508,2,19.0,434.0,86.0,225.0,1,1,1.0
509,2,21.0,433.0,85.0,227.0,1,1,1.0
510,2,21.0,430.0,85.0,225.0,1,1,1.0
511,2,22.0,427.0,82.0,225.0,1,1,1.0
512,2,22.0,424.0,75.0,222.0,1,1,1.0
513,2,21.0,422.0,69.0,216.0,1,1,1.0
514,2,20.0,420.0,68.0,213.0,1,1,1.0
515,2,16.0,419.0,71.0,212.0,1,1,1.0
516,2,13.0,418.0,72.0,212.0,1,1,1.0
517,2,13.0,418.0,72.0,213.0,1,1,1.0
518,2,13.0,417.0,72.0,213.0,1,1,1.0
519,2,12.0,417.0,72.0,213.0,1,1,1.0
520,2,12.0,416.0,72.0,212.0,1,1,1.0
521,2,15.0,414.0,68.0,213.0,1,1,1.0
522,2,17.0,412.0,65.0,210.0,1,1,1.0
523,2,13.0,410.0,68.0,208.0,1,1,1.0
524,2,12.0,407.0,70.0,204.0,1,1,1.0
525,2,13.0,405.0,69.0,205.0,1,1,1.0
526,2,12.0,403.0,71.0,205.0,1,1,1.0
527,2,12.0,403.0,75.0,205.0,1,1,1.0
528,2,13.0,401.0,83.0,206.0,1,1,1.0
529,2,17.0,400.0,86.0,207.0,1,1,1.0
530,2,23.0,398.0,78.0,208.0,1,1,1.0
531,2,27.0,396.0,70.0,208.0,1,1,1.0
532,2,31.0,393.0,61.0,208.0,1,1,1.0
533,2,34.0,391.0,56.0,205.0,1,1,1.0
534,2,36.0,390.0,53.0,198.0,1,1,1.0
535,2,39.0,388.0,51.0,198.0,1,1,1.0
536,2,42.0,386.0,54.0,198.0,1,1,1.0
537,2,45.0,385.0,56.0,199.0,1,1,1.0
538,2,47.0,384.0,57.0,199.0,1,1,1.0
539,2,50.0,383.0,56.0,199.0,1,1,1.0
540,2,54.0,383.0,59.0,199.0,1,1,1.0
541,2,57.0,381.0,61.0,200.0,1,1,1.0
542,2,61.0,380.0,60.0,200.0,1,1,1.0
543,2,65.0,377.0,57.0,199.0,1,1,1.0
544,2,68.0,374.0,54.0,191.0,1,1,1.0
545,2,72.0,372.0,52.0,190.0,1,1,1.0
546,2,76.0,371.0,56.0,188.0,1,1,1.0
547,2,81.0,370.0,56.0,187.0,1,1,1.0
548,2,86.0,368.0,55.0,188.0,1,1,1.0
549,2,91.0,367.0,62.0,188.0,1,1,1.0
550,2,93.0,366.0,73.0,189.0,1,1,1.0
551,2,94.0,366.0,81.0,189.0,1,1,1.0
552,2,95.0,365.0,87.0,188.0,1,1,1.0
553,2,96.0,364.0,89.0,188.0,1,1,1.0
554,2,100.0,362.0,87.0,188.0,1,1,1.0
555,2,107.0,360.0,80.0,188.0,1,1,1.0
556,2,115.0,357.0,72.0,187.0,1,1,1.0
557,2,128.0,356.0,59.0,186.0,1,1,1.0
558,2,139.0,354.0,51.0,187.0,1,1,1.0
559,2,146.0,352.0,52.0,188.0,1,1,1.0
560,2,151.0,351.0,63.0,189.0,1,1,1.0
561,2,155.0,350.0,75.0,190.0,1,1,1.0
562,2,156.0,352.0,87.0,188.0,1,1,1.0
563,2,158.0,351.0,92.0,188.0,1,1,1.0
564,2,159.0,350.0,95.0,188.0,1,1,1.0
565,2,165.0,348.0,90.0,188.0,1,1,1.0
566,2,177.0,345.0,79.0,186.0,1,1,1.0
567,2,184.0,343.0,71.0,184.0,1,1,1.0
568,2,186.0,341.0,71.0,183.0,1,1,1.0
569,2,199.0,340.0,67.0,184.0,1,1,1.0
570,2,206.0,339.0,72.0,183.0,1,1,1.0
571,2,212.0,339.0,84.0,183.0,1,1,1.0
572,2,217.0,338.0,93.0,183.0,1,1,1.0
573,2,221.0,338.0,97.0,183.0,1,1,1.0
574,2,225.0,337.0,96.0,182.0,1,1,1.0
575,2,232.0,335.0,91.0,182.0,1,1,1.0
576,2,242.0,334.0,81.0,181.0,1,1,1.0
577,2,253.0,332.0,69.0,182.0,1,1,1.0
578,2,266.0,330.0,56.0,184.0,1,1,1.0
579,2,275.0,329.0,50.0,185.0,1,1,1.0
580,2,282.0,328.0,52.0,186.0,1,1,1.0
581,2,287.0,327.0,63.0,187.0,1,1,1.0
582,2,290.0,326.0,74.0,187.0,1,1,1.0
583,2,292.0,326.0,85.0,187.0,1,1,1.0
584,2,293.0,326.0,90.0,186.0,1,1,1.0
585,2,303.0,323.0,84.0,185.0,1,1,1.0
586,2,317.0,321.0,71.0,183.0,1,1,1.0
587,2,328.0,319.0,60.0,181.0,1,1,1.0
588,2,337.0,317.0,54.0,180.0,1,1,1.0
589,2,344.0,315.0,54.0,181.0,1,1,1.0
590,2,350.0,314.0,64.0,182.0,1,1,1.0
591,2,355.0,313.0,74.0,183.0,1,1,1.0
592,2,357.0,313.0,84.0,183.0,1,1,1.0
593,2,358.0,312.0,88.0,183.0,1,1,1.0
594,2,359.0,311.0,91.0,182.0,1,1,1.0
595,2,360.0,310.0,90.0,182.0,1,1,1.0
596,2,367.0,308.0,83.0,181.0,1,1,1.0
597,2,378.0,306.0,72.0,180.0,1,1,1.0
598,2,391.0,305.0,59.0,179.0,1,1,1.0
599,2,402.0,303.0,54.0,180.0,1,1,1.0
600,2,409.0,302.0,56.0,180.0,1,1,1.0
601,2,414.0,301.0,62.0,181.0,1,1,1.0
602,2,416.0,301.0,69.0,180.0,1,1,1.0
603,2,416.0,302.0,78.0,179.0,1,1,1.0
604,2,418.0,302.0,83.0,179.0,1,1,1.0
605,2,427.0,299.0,77.0,171.0,1,1,1.0
606,2,436.0,297.0,68.0,174.0,1,1,1.0
607,2,447.0,294.0,57.0,174.0,1,1,1.0
608,2,458.0,292.0,49.0,172.0,1,1,1.0
609,2,465.0,291.0,43.0,174.0,1,1,1.0
610,2,471.0,290.0,50.0,173.0,1,1,1.0
611,2,475.0,290.0,63.0,173.0,1,1,1.0
612,2,476.0,291.0,77.0,173.0,1,1,1.0
613,2,477.0,291.0,88.0,171.0,1,1,1.0
614,2,477.0,291.0,94.0,171.0,1,1,1.0
615,2,478.0,290.0,97.0,171.0,1,1,1.0
616,2,482.0,288.0,94.0,170.0,1,1,1.0
617,2,491.0,287.0,85.0,169.0,1,1,1.0
618,2,503.0,286.0,73.0,169.0,1,1,1.0
619,2,517.0,284.0,60.0,171.0,1,1,1.0
620,2,527.0,283.0,57.0,172.0,1,1,1.0
621,2,534.0,282.0,61.0,173.0,1,1,1.0
622,2,539.0,282.0,67.0,173.0,1,1,1.0
623,2,542.0,282.0,69.0,172.0,1,1,1.0
624,2,544.0,282.0,77.0,171.0,1,1,1.0
625,2,547.0,282.0,81.0,171.0,1,1,1.0
626,2,552.0,281.0,78.0,169.0,1,1,1.0
627,2,563.0,279.0,70.0,169.0,1,1,1.0
628,2,575.0,277.0,62.0,167.0,1,1,1.0
629,2,588.0,276.0,54.0,166.0,1,1,1.0
630,2,596.0,274.0,48.0,166.0,1,1,1.0
631,2,602.0,274.0,50.0,166.0,1,1,1.0
632,2,604.0,274.0,63.0,165.0,1,1,1.0
633,2,604.0,274.0,77.0,165.0,1,1,1.0
634,2,605.0,274.0,85.0,164.0,1,1,1.0
635,2,606.0,275.0,89.0,163.0,1,1,1.0
636,2,608.0,274.0,89.0,163.0,1,1,1.0
637,2,615.0,272.0,84.0,162.0,1,1,1.0
638,2,624.0,272.0,75.0,161.0,1,1,1.0
639,2,635.0,270.0,66.0,162.0,1,1,1.0
640,2,646.0,269.0,58.0,164.0,1,1,1.0
641,2,653.0,268.0,57.0,165.0,1,1,1.0
642,2,655.0,266.0,59.0,166.0,1,1,1.0
643,2,658.0,267.0,62.0,166.0,1,1,1.0
644,2,659.0,267.0,70.0,165.0,1,1,1.0
645,2,662.0,268.0,74.0,165.0,1,1,1.0
646,2,667.0,268.0,75.0,164.0,1,1,1.0
647,2,671.0,268.0,73.0,163.0,1,1,1.0
648,2,681.0,266.0,65.0,160.0,1,1,1.0
649,2,689.0,265.0,60.0,159.0,1,1,1.0
650,2,700.0,264.0,53.0,158.0,1,1,1.0
651,2,707.0,262.0,49.0,157.0,1,1,1.0
652,2,713.0,262.0,48.0,159.0,1,1,1.0
653,2,717.0,261.0,48.0,159.0,1,1,1.0
654,2,720.0,260.0,56.0,159.0,1,1,1.0
655,2,722.0,261.0,66.0,159.0,1,1,1.0
656,2,723.0,261.0,72.0,158.0,1,1,1.0
657,2,722.0,261.0,76.0,157.0,1,1,1.0
658,2,724.0,263.0,80.0,156.0,1,1,1.0
659,2,727.0,262.0,77.0,156.0,1,1,1.0
660,2,734.0,260.0,71.0,155.0,1,1,1.0
661,2,744.0,259.0,66.0,154.0,1,1,1.0
662,2,753.0,256.0,59.0,157.0,1,1,1.0
663,2,757.0,256.0,59.0,156.0,1,1,1.0
664,2,759.0,257.0,62.0,156.0,1,1,1.0
665,2,760.0,257.0,66.0,156.0,1,1,1.0
666,2,761.0,257.0,69.0,155.0,1,1,1.0
667,2,764.0,259.0,72.0,154.0,1,1,1.0
668,2,768.0,258.0,71.0,154.0,1,1,1.0
669,2,776.0,256.0,69.0,156.0,1,1,1.0
670,2,783.0,254.0,65.0,156.0,1,1,1.0
671,2,794.0,253.0,58.0,153.0,1,1,1.0
672,2,804.0,252.0,56.0,154.0,1,1,1.0
673,2,813.0,252.0,51.0,153.0,1,1,1.0
674,2,816.0,252.0,51.0,152.0,1,1,1.0
675,2,817.0,253.0,58.0,151.0,1,1,1.0
676,2,818.0,253.0,67.0,149.0,1,1,1.0
677,2,819.0,254.0,73.0,148.0,1,1,1.0
678,2,820.0,255.0,75.0,147.0,1,1,1.0
679,2,823.0,255.0,74.0,147.0,1,1,1.0
680,2,830.0,254.0,70.0,147.0,1,1,1.0
681,2,840.0,254.0,65.0,148.0,1,1,1.0
682,2,852.0,254.0,57.0,148.0,1,1,1.0
683,2,863.0,253.0,50.0,149.0,1,1,1.0
684,2,866.0,252.0,51.0,149.0,1,1,1.0
685,2,865.0,252.0,57.0,149.0,1,1,1.0
686,2,865.0,253.0,62.0,148.0,1,1,1.0
687,2,865.0,253.0,66.0,147.0,1,1,1.0
688,2,867.0,254.0,69.0,147.0,1,1,1.0
689,2,872.0,254.0,69.0,146.0,1,1,1.0
690,2,879.0,253.0,66.0,145.0,1,1,1.0
691,2,890.0,253.0,60.0,143.0,1,1,1.0
692,2,899.0,253.0,54.0,140.0,1,1,1.0
693,2,908.0,251.0,50.0,141.0,1,1,1.0
694,2,912.0,251.0,49.0,141.0,1,1,1.0
695,2,913.0,251.0,54.0,141.0,1,1,1.0
696,2,913.0,252.0,60.0,140.0,1,1,1.0
697,2,914.0,252.0,64.0,139.0,1,1,1.0
698,2,915.0,250.0,66.0,140.0,1,1,1.0
699,2,917.0,248.0,67.0,142.0,1,1,1.0
700,2,922.0,249.0,70.0,140.0,1,1,1.0
701,2,929.0,248.0,67.0,140.0,1,1,1.0
702,2,938.0,247.0,59.0,141.0,1,1,1.0
703,2,947.0,244.0,53.0,143.0,1,1,1.0
704,2,951.0,245.0,55.0,142.0,1,1,1.0
705,2,952.0,248.0,58.0,139.0,1,1,1.0
706,2,952.0,248.0,65.0,139.0,1,1,1.0
707,2,954.0,248.0,66.0,139.0,1,1,1.0
708,2,957.0,249.0,65.0,137.0,1,1,1.0
709,2,958.0,249.0,70.0,137.0,1,1,1.0
710,2,966.0,248.0,66.0,136.0,1,1,1.0
711,2,975.0,247.0,58.0,135.0,1,1,1.0
712,2,981.0,246.0,56.0,134.0,1,1,1.0
713,2,982.0,246.0,57.0,135.0,1,1,1.0
714,2,987.0,245.0,57.0,136.0,1,1,1.0
715,2,990.0,245.0,57.0,135.0,1,1,1.0
716,2,992.0,246.0,61.0,134.0,1,1,1.0
717,2,993.0,245.0,67.0,134.0,1,1,1.0
718,2,994.0,246.0,68.0,133.0,1,1,1.0
719,2,996.0,246.0,69.0,133.0,1,1,1.0
720,2,1002.0,246.0,65.0,133.0,1,1,1.0
721,2,1010.0,245.0,61.0,134.0,1,1,1.0
722,2,1017.0,244.0,56.0,134.0,1,1,1.0
723,2,1025.0,244.0,51.0,135.0,1,1,1.0
724,2,1029.0,243.0,50.0,135.0,1,1,1.0
725,2,1032.0,243.0,52.0,135.0,1,1,1.0
726,2,1034.0,244.0,53.0,134.0,1,1,1.0
727,2,1035.0,244.0,57.0,133.0,1,1,1.0
728,2,1037.0,244.0,58.0,133.0,1,1,1.0
729,2,1041.0,244.0,57.0,133.0,1,1,1.0
730,2,1047.0,243.0,54.0,131.0,1,1,1.0
731,2,1052.0,242.0,52.0,131.0,1,1,1.0
732,2,1056.0,241.0,52.0,132.0,1,1,1.0
733,2,1058.0,241.0,53.0,132.0,1,1,1.0
734,2,1061.0,242.0,54.0,132.0,1,1,1.0
735,2,1062.0,241.0,57.0,131.0,1,1,1.0
736,2,1062.0,241.0,61.0,131.0,1,1,1.0
737,2,1064.0,242.0,63.0,130.0,1,1,1.0
738,2,1066.0,242.0,65.0,131.0,1,1,1.0
739,2,1070.0,242.0,64.0,131.0,1,1,1.0
740,2,1074.0,241.0,62.0,132.0,1,1,1.0
