1,1,1073.0,311.0,138.0,512.0,1,1,1.0
2,1,1071.0,307.0,137.0,501.0,1,1,1.0
3,1,1068.0,301.0,136.0,493.0,1,1,1.0
4,1,1065.0,293.0,136.0,478.0,1,1,1.0
5,1,1063.0,285.0,135.0,456.0,1,1,1.0
6,1,1062.0,278.0,136.0,451.0,1,1,1.0
7,1,1060.0,272.0,137.0,454.0,1,1,1.0
8,1,1058.0,268.0,137.0,458.0,1,1,1.0
9,1,1055.0,263.0,137.0,462.0,1,1,1.0
10,1,1054.0,261.0,135.0,463.0,1,1,1.0
11,1,1053.0,258.0,132.0,462.0,1,1,1.0
12,1,1052.0,254.0,131.0,461.0,1,1,1.0
13,1,1051.0,250.0,128.0,454.0,1,1,1.0
14,1,1049.0,245.0,127.0,450.0,1,1,1.0
15,1,1046.0,240.0,126.0,432.0,1,1,1.0
16,1,1044.0,234.0,124.0,419.0,1,1,1.0
17,1,1041.0,230.0,122.0,417.0,1,1,1.0
18,1,1038.0,225.0,121.0,420.0,1,1,1.0
19,1,1033.0,224.0,121.0,421.0,1,1,1.0
20,1,1028.0,223.0,122.0,422.0,1,1,1.0
21,1,1023.0,223.0,121.0,419.0,1,1,1.0
22,1,1020.0,222.0,119.0,419.0,1,1,1.0
23,1,1016.0,221.0,118.0,410.0,1,1,1.0
24,1,1012.0,217.0,117.0,407.0,1,1,1.0
25,1,1008.0,212.0,117.0,395.0,1,1,1.0
26,1,1006.0,208.0,116.0,385.0,1,1,1.0
27,1,1004.0,205.0,115.0,383.0,1,1,1.0
28,1,1002.0,203.0,116.0,383.0,1,1,1.0
29,1,1001.0,202.0,116.0,384.0,1,1,1.0
30,1,1000.0,200.0,116.0,385.0,1,1,1.0
31,1,999.0,199.0,116.0,386.0,1,1,1.0
32,1,998.0,198.0,117.0,386.0,1,1,1.0
33,1,997.0,196.0,117.0,384.0,1,1,1.0
34,1,996.0,192.0,118.0,382.0,1,1,1.0
35,1,995.0,188.0,118.0,375.0,1,1,1.0
36,1,994.0,185.0,116.0,364.0,1,1,1.0
37,1,993.0,182.0,113.0,354.0,1,1,1.0
38,1,992.0,178.0,109.0,354.0,1,1,1.0
39,1,991.0,176.0,104.0,355.0,1,1,1.0
40,1,989.0,173.0,103.0,357.0,1,1,1.0
41,1,987.0,167.0,100.0,362.0,1,1,1.0
42,1,986.0,163.0,98.0,364.0,1,1,1.0
43,1,984.0,162.0,96.0,362.0,1,1,1.0
44,1,983.0,162.0,95.0,358.0,1,1,1.0
45,1,982.0,163.0,93.0,350.0,1,1,1.0
46,1,980.0,163.0,94.0,341.0,1,1,1.0
47,1,979.0,163.0,94.0,327.0,1,1,1.0
48,1,979.0,162.0,96.0,321.0,1,1,1.0
49,1,978.0,161.0,99.0,321.0,1,1,1.0
50,1,978.0,159.0,101.0,322.0,1,1,1.0
51,1,978.0,158.0,102.0,323.0,1,1,1.0
52,1,978.0,158.0,101.0,323.0,1,1,1.0
53,1,979.0,157.0,100.0,323.0,1,1,1.0
54,1,980.0,157.0,100.0,323.0,1,1,1.0
55,1,981.0,155.0,99.0,320.0,1,1,1.0
56,1,982.0,153.0,99.0,317.0,1,1,1.0
57,1,984.0,150.0,97.0,312.0,1,1,1.0
58,1,985.0,147.0,96.0,303.0,1,1,1.0
59,1,987.0,143.0,92.0,299.0,1,1,1.0
60,1,987.0,140.0,89.0,299.0,1,1,1.0
61,1,988.0,138.0,87.0,300.0,1,1,1.0
62,1,988.0,137.0,85.0,301.0,1,1,1.0
63,1,988.0,136.0,83.0,301.0,1,1,1.0
64,1,989.0,137.0,82.0,301.0,1,1,1.0
65,1,989.0,137.0,81.0,300.0,1,1,1.0
66,1,989.0,137.0,81.0,297.0,1,1,1.0
67,1,988.0,135.0,81.0,295.0,1,1,1.0
68,1,987.0,132.0,82.0,293.0,1,1,1.0
69,1,986.0,129.0,82.0,285.0,1,1,1.0
70,1,986.0,126.0,83.0,280.0,1,1,1.0
71,1,986.0,122.0,83.0,282.0,1,1,1.0
72,1,987.0,118.0,82.0,285.0,1,1,1.0
73,1,988.0,116.0,82.0,286.0,1,1,1.0
74,1,989.0,116.0,82.0,287.0,1,1,1.0
75,1,990.0,117.0,80.0,285.0,1,1,1.0
76,1,991.0,120.0,80.0,282.0,1,1,1.0
77,1,991.0,120.0,81.0,280.0,1,1,1.0
78,1,990.0,118.0,84.0,280.0,1,1,1.0
79,1,988.0,117.0,89.0,276.0,1,1,1.0
80,1,987.0,115.0,93.0,267.0,1,1,1.0
81,1,987.0,113.0,93.0,261.0,1,1,1.0
82,1,987.0,110.0,94.0,260.0,1,1,1.0
83,1,984.0,108.0,96.0,261.0,1,1,1.0
84,1,984.0,107.0,95.0,261.0,1,1,1.0
85,1,983.0,107.0,94.0,262.0,1,1,1.0
86,1,985.0,107.0,92.0,262.0,1,1,1.0
87,1,987.0,108.0,89.0,261.0,1,1,1.0
88,1,990.0,109.0,85.0,260.0,1,1,1.0
89,1,990.0,109.0,84.0,258.0,1,1,1.0
90,1,990.0,108.0,83.0,256.0,1,1,1.0
91,1,989.0,105.0,83.0,255.0,1,1,1.0
92,1,988.0,101.0,82.0,249.0,1,1,1.0
93,1,986.0,98.0,83.0,244.0,1,1,1.0
94,1,985.0,96.0,82.0,244.0,1,1,1.0
95,1,986.0,95.0,81.0,244.0,1,1,1.0
96,1,986.0,94.0,81.0,245.0,1,1,1.0
97,1,987.0,93.0,80.0,245.0,1,1,1.0
98,1,988.0,93.0,78.0,245.0,1,1,1.0
99,1,989.0,93.0,76.0,244.0,1,1,1.0
100,1,989.0,93.0,74.0,244.0,1,1,1.0
101,1,989.0,91.0,73.0,242.0,1,1,1.0
102,1,989.0,89.0,72.0,241.0,1,1,1.0
103,1,989.0,88.0,72.0,234.0,1,1,1.0
104,1,989.0,85.0,73.0,230.0,1,1,1.0
105,1,988.0,84.0,74.0,229.0,1,1,1.0
106,1,987.0,82.0,74.0,229.0,1,1,1.0
107,1,987.0,81.0,74.0,230.0,1,1,1.0
108,1,987.0,81.0,75.0,230.0,1,1,1.0
109,1,987.0,82.0,74.0,228.0,1,1,1.0
110,1,987.0,83.0,74.0,227.0,1,1,1.0
111,1,987.0,84.0,74.0,226.0,1,1,1.0
112,1,986.0,83.0,74.0,226.0,1,1,1.0
113,1,985.0,81.0,74.0,225.0,1,1,1.0
114,1,982.0,80.0,75.0,215.0,1,1,1.0
115,1,980.0,78.0,75.0,212.0,1,1,1.0
116,1,979.0,76.0,74.0,212.0,1,1,1.0
117,1,977.0,74.0,74.0,213.0,1,1,1.0
118,1,977.0,73.0,75.0,213.0,1,1,1.0
119,1,978.0,73.0,74.0,214.0,1,1,1.0
120,1,978.0,73.0,73.0,214.0,1,1,1.0
121,1,979.0,74.0,72.0,213.0,1,1,1.0
122,1,981.0,74.0,71.0,212.0,1,1,1.0
123,1,982.0,73.0,72.0,212.0,1,1,1.0
124,1,982.0,71.0,71.0,212.0,1,1,1.0
125,1,982.0,69.0,71.0,207.0,1,1,1.0
126,1,982.0,67.0,70.0,204.0,1,1,1.0
127,1,982.0,66.0,70.0,203.0,1,1,1.0
128,1,981.0,65.0,69.0,203.0,1,1,1.0
129,1,981.0,65.0,68.0,202.0,1,1,1.0
130,1,982.0,65.0,66.0,202.0,1,1,1.0
131,1,982.0,66.0,65.0,202.0,1,1,1.0
132,1,983.0,66.0,63.0,201.0,1,1,1.0
133,1,985.0,66.0,59.0,201.0,1,1,1.0
134,1,984.0,66.0,58.0,200.0,1,1,1.0
135,1,982.0,65.0,57.0,199.0,1,1,1.0
136,1,980.0,64.0,58.0,195.0,1,1,1.0
137,1,977.0,63.0,60.0,190.0,1,1,1.0
138,1,973.0,62.0,62.0,189.0,1,1,1.0
139,1,970.0,62.0,65.0,189.0,1,1,1.0
140,1,966.0,61.0,67.0,189.0,1,1,1.0
141,1,964.0,61.0,68.0,189.0,1,1,1.0
142,1,963.0,61.0,69.0,190.0,1,1,1.0
143,1,962.0,61.0,69.0,189.0,1,1,1.0
144,1,963.0,61.0,69.0,189.0,1,1,1.0
145,1,964.0,60.0,69.0,189.0,1,1,1.0
146,1,966.0,59.0,68.0,188.0,1,1,1.0
147,1,968.0,57.0,65.0,186.0,1,1,1.0
148,1,970.0,55.0,64.0,184.0,1,1,1.0
149,1,972.0,54.0,62.0,183.0,1,1,1.0
150,1,973.0,53.0,60.0,183.0,1,1,1.0
151,1,974.0,52.0,60.0,183.0,1,1,1.0
152,1,974.0,52.0,59.0,183.0,1,1,1.0
153,1,974.0,52.0,59.0,183.0,1,1,1.0
154,1,973.0,52.0,60.0,182.0,1,1,1.0
155,1,972.0,53.0,61.0,181.0,1,1,1.0
156,1,971.0,53.0,62.0,181.0,1,1,1.0
157,1,971.0,51.0,62.0,180.0,1,1,1.0
158,1,970.0,50.0,63.0,177.0,1,1,1.0
159,1,969.0,49.0,64.0,175.0,1,1,1.0
160,1,968.0,47.0,65.0,175.0,1,1,1.0
161,1,969.0,47.0,64.0,175.0,1,1,1.0
162,1,969.0,46.0,64.0,176.0,1,1,1.0
163,1,970.0,46.0,64.0,176.0,1,1,1.0
164,1,971.0,46.0,62.0,175.0,1,1,1.0
165,1,972.0,47.0,62.0,173.0,1,1,1.0
166,1,974.0,47.0,62.0,174.0,1,1,1.0
167,1,975.0,46.0,62.0,175.0,1,1,1.0
168,1,976.0,46.0,61.0,173.0,1,1,1.0
169,1,977.0,44.0,61.0,169.0,1,1,1.0
170,1,978.0,43.0,62.0,167.0,1,1,1.0
171,1,978.0,42.0,62.0,167.0,1,1,1.0
172,1,979.0,42.0,61.0,167.0,1,1,1.0
173,1,980.0,42.0,58.0,167.0,1,1,1.0
174,1,981.0,42.0,55.0,166.0,1,1,1.0
175,1,984.0,43.0,50.0,166.0,1,1,1.0
176,1,985.0,43.0,46.0,165.0,1,1,1.0
177,1,986.0,43.0,45.0,165.0,1,1,1.0
178,1,985.0,43.0,45.0,165.0,1,1,1.0
179,1,984.0,42.0,46.0,164.0,1,1,1.0
180,1,982.0,41.0,46.0,160.0,1,1,1.0
181,1,980.0,39.0,48.0,160.0,1,1,1.0
182,1,977.0,38.0,51.0,160.0,1,1,1.0
183,1,975.0,38.0,54.0,160.0,1,1,1.0
184,1,971.0,38.0,58.0,160.0,1,1,1.0
185,1,970.0,38.0,60.0,160.0,1,1,1.0
186,1,967.0,38.0,62.0,160.0,1,1,1.0
187,1,966.0,38.0,63.0,159.0,1,1,1.0
188,1,966.0,38.0,62.0,158.0,1,1,1.0
189,1,967.0,38.0,61.0,158.0,1,1,1.0
190,1,969.0,38.0,58.0,157.0,1,1,1.0
191,1,970.0,37.0,56.0,154.0,1,1,1.0
192,1,971.0,36.0,55.0,153.0,1,1,1.0
193,1,972.0,35.0,52.0,154.0,1,1,1.0
194,1,973.0,35.0,50.0,154.0,1,1,1.0
195,1,974.0,34.0,47.0,154.0,1,1,1.0
196,1,975.0,35.0,45.0,153.0,1,1,1.0
197,1,976.0,35.0,44.0,153.0,1,1,1.0
198,1,976.0,37.0,43.0,152.0,1,1,1.0
199,1,976.0,37.0,42.0,152.0,1,1,1.0
200,1,974.0,37.0,42.0,151.0,1,1,1.0
201,1,973.0,35.0,42.0,150.0,1,1,1.0
202,1,971.0,34.0,44.0,148.0,1,1,1.0
203,1,968.0,33.0,46.0,148.0,1,1,1.0
204,1,965.0,32.0,49.0,148.0,1,1,1.0
205,1,963.0,32.0,50.0,148.0,1,1,1.0
206,1,962.0,31.0,52.0,148.0,1,1,1.0
207,1,961.0,31.0,52.0,148.0,1,1,1.0
208,1,960.0,32.0,52.0,148.0,1,1,1.0
209,1,960.0,32.0,52.0,147.0,1,1,1.0
210,1,961.0,32.0,52.0,147.0,1,1,1.0
211,1,961.0,32.0,51.0,146.0,1,1,1.0
212,1,962.0,32.0,51.0,143.0,1,1,1.0
213,1,963.0,31.0,50.0,141.0,1,1,1.0
214,1,964.0,31.0,49.0,142.0,1,1,1.0
215,1,964.0,30.0,48.0,143.0,1,1,1.0
216,1,966.0,30.0,47.0,142.0,1,1,1.0
217,1,967.0,30.0,44.0,141.0,1,1,1.0
218,1,968.0,30.0,42.0,141.0,1,1,1.0
219,1,969.0,31.0,40.0,141.0,1,1,1.0
220,1,969.0,31.0,38.0,140.0,1,1,1.0
221,1,968.0,31.0,38.0,140.0,1,1,1.0
222,1,967.0,31.0,37.0,139.0,1,1,1.0
223,1,966.0,30.0,38.0,138.0,1,1,1.0
224,1,965.0,30.0,39.0,136.0,1,1,1.0
225,1,964.0,29.0,40.0,136.0,1,1,1.0
226,1,962.0,27.0,42.0,137.0,1,1,1.0
227,1,961.0,27.0,43.0,137.0,1,1,1.0
228,1,960.0,27.0,45.0,137.0,1,1,1.0
229,1,959.0,27.0,46.0,136.0,1,1,1.0
230,1,959.0,28.0,46.0,135.0,1,1,1.0
231,1,959.0,28.0,47.0,135.0,1,1,1.0
232,1,959.0,28.0,47.0,134.0,1,1,1.0
233,1,960.0,27.0,47.0,133.0,1,1,1.0
234,1,962.0,26.0,46.0,132.0,1,1,1.0
235,1,964.0,26.0,43.0,132.0,1,1,1.0
236,1,965.0,25.0,42.0,133.0,1,1,1.0
237,1,968.0,25.0,40.0,132.0,1,1,1.0
238,1,969.0,25.0,38.0,132.0,1,1,1.0
239,1,970.0,25.0,37.0,132.0,1,1,1.0
240,1,971.0,26.0,35.0,132.0,1,1,1.0
241,1,970.0,26.0,35.0,131.0,1,1,1.0
242,1,969.0,26.0,36.0,131.0,1,1,1.0
243,1,966.0,26.0,38.0,130.0,1,1,1.0
244,1,964.0,25.0,40.0,127.0,1,1,1.0
245,1,963.0,24.0,42.0,127.0,1,1,1.0
246,1,962.0,23.0,43.0,127.0,1,1,1.0
247,1,960.0,23.0,44.0,127.0,1,1,1.0
248,1,959.0,23.0,45.0,127.0,1,1,1.0
249,1,957.0,22.0,47.0,128.0,1,1,1.0
250,1,956.0,23.0,48.0,127.0,1,1,1.0
251,1,956.0,24.0,49.0,126.0,1,1,1.0
252,1,956.0,24.0,49.0,126.0,1,1,1.0
253,1,956.0,23.0,49.0,126.0,1,1,1.0
254,1,957.0,23.0,47.0,125.0,1,1,1.0
255,1,959.0,22.0,46.0,124.0,1,1,1.0
256,1,960.0,21.0,44.0,123.0,1,1,1.0
257,1,961.0,21.0,44.0,123.0,1,1,1.0
258,1,962.0,21.0,42.0,123.0,1,1,1.0
259,1,963.0,20.0,42.0,123.0,1,1,1.0
260,1,963.0,20.0,41.0,123.0,1,1,1.0
261,1,963.0,21.0,36.0,123.0,1,1,1.0
262,1,963.0,21.0,33.0,122.0,1,1,1.0
263,1,962.0,21.0,33.0,122.0,1,1,1.0
264,1,960.0,21.0,35.0,121.0,1,1,1.0
265,1,957.0,21.0,38.0,120.0,1,1,1.0
266,1,954.0,20.0,41.0,119.0,1,1,1.0
267,1,952.0,20.0,43.0,119.0,1,1,1.0
268,1,951.0,19.0,45.0,119.0,1,1,1.0
269,1,950.0,19.0,45.0,119.0,1,1,1.0
270,1,949.0,19.0,45.0,119.0,1,1,1.0
271,1,949.0,19.0,44.0,119.0,1,1,1.0
272,1,949.0,19.0,43.0,118.0,1,1,1.0
273,1,948.0,20.0,41.0,118.0,1,1,1.0
274,1,949.0,20.0,39.0,117.0,1,1,1.0
275,1,949.0,20.0,39.0,117.0,1,1,1.0
276,1,949.0,19.0,39.0,115.0,1,1,1.0
277,1,950.0,18.0,38.0,115.0,1,1,1.0
278,1,950.0,17.0,38.0,115.0,1,1,1.0
279,1,951.0,17.0,37.0,115.0,1,1,1.0
280,1,951.0,17.0,36.0,116.0,1,1,1.0
281,1,951.0,17.0,35.0,115.0,1,1,1.0
282,1,950.0,18.0,35.0,115.0,1,1,1.0
283,1,950.0,18.0,34.0,114.0,1,1,1.0
284,1,950.0,19.0,33.0,113.0,1,1,1.0
285,1,949.0,19.0,31.0,112.0,1,1,1.0
286,1,948.0,19.0,31.0,112.0,1,1,1.0
287,1,947.0,18.0,32.0,110.0,1,1,1.0
288,1,946.0,17.0,34.0,110.0,1,1,1.0
289,1,945.0,16.0,35.0,110.0,1,1,1.0
290,1,944.0,16.0,38.0,111.0,1,1,1.0
291,1,942.0,15.0,41.0,111.0,1,1,1.0
292,1,941.0,15.0,43.0,111.0,1,1,1.0
293,1,941.0,16.0,43.0,111.0,1,1,1.0
294,1,941.0,17.0,44.0,110.0,1,1,1.0
295,1,942.0,17.0,44.0,109.0,1,1,1.0
296,1,943.0,17.0,42.0,109.0,1,1,1.0
297,1,945.0,16.0,41.0,108.0,1,1,1.0
298,1,946.0,15.0,39.0,107.0,1,1,1.0
299,1,948.0,15.0,38.0,107.0,1,1,1.0
300,1,949.0,14.0,36.0,108.0,1,1,1.0
301,1,950.0,14.0,35.0,108.0,1,1,1.0
302,1,952.0,14.0,33.0,108.0,1,1,1.0
303,1,953.0,14.0,32.0,107.0,1,1,1.0
304,1,953.0,14.0,31.0,107.0,1,1,1.0
305,1,953.0,15.0,31.0,106.0,1,1,1.0
306,1,952.0,15.0,32.0,106.0,1,1,1.0
307,1,952.0,15.0,32.0,106.0,1,1,1.0
308,1,950.0,15.0,33.0,105.0,1,1,1.0
309,1,950.0,14.0,34.0,104.0,1,1,1.0
310,1,949.0,13.0,35.0,104.0,1,1,1.0
311,1,949.0,12.0,35.0,105.0,1,1,1.0
312,1,949.0,12.0,36.0,105.0,1,1,1.0
313,1,948.0,12.0,37.0,105.0,1,1,1.0
314,1,948.0,11.0,37.0,105.0,1,1,1.0
315,1,949.0,12.0,38.0,104.0,1,1,1.0
316,1,949.0,12.0,38.0,103.0,1,1,1.0
317,1,950.0,13.0,38.0,103.0,1,1,1.0
318,1,950.0,13.0,37.0,102.0,1,1,1.0
319,1,951.0,13.0,36.0,103.0,1,1,1.0
320,1,952.0,12.0,35.0,101.0,1,1,1.0
321,1,952.0,11.0,34.0,102.0,1,1,1.0
322,1,951.0,11.0,33.0,102.0,1,1,1.0
323,1,951.0,10.0,32.0,102.0,1,1,1.0
324,1,951.0,10.0,32.0,102.0,1,1,1.0
325,1,950.0,10.0,33.0,102.0,1,1,1.0
326,1,949.0,11.0,33.0,102.0,1,1,1.0
327,1,948.0,11.0,33.0,101.0,1,1,1.0
328,1,948.0,11.0,32.0,101.0,1,1,1.0
329,1,949.0,11.0,31.0,100.0,1,1,1.0
330,1,949.0,11.0,30.0,100.0,1,1,1.0
331,1,949.0,11.0,30.0,100.0,1,1,1.0
332,1,949.0,10.0,30.0,99.0,1,1,1.0
333,1,949.0,10.0,31.0,99.0,1,1,1.0
334,1,949.0,9.0,31.0,99.0,1,1,1.0
335,1,947.0,9.0,33.0,99.0,1,1,1.0
336,1,947.0,9.0,34.0,100.0,1,1,1.0
337,1,947.0,9.0,34.0,100.0,1,1,1.0
338,1,947.0,9.0,33.0,100.0,1,1,1.0
339,1,948.0,10.0,33.0,99.0,1,1,1.0
340,1,948.0,10.0,33.0,99.0,1,1,1.0
341,1,949.0,10.0,32.0,98.0,1,1,1.0
342,1,951.0,10.0,30.0,97.0,1,1,1.0
343,1,951.0,10.0,30.0,96.0,1,1,1.0
344,1,952.0,10.0,30.0,95.0,1,1,1.0
345,1,952.0,10.0,31.0,93.0,1,1,1.0
346,1,953.0,10.0,30.0,94.0,1,1,1.0
347,1,955.0,9.0,30.0,95.0,1,1,1.0
348,1,956.0,9.0,30.0,96.0,1,1,1.0
349,1,956.0,8.0,31.0,96.0,1,1,1.0
350,1,957.0,9.0,34.0,96.0,1,1,1.0
351,1,957.0,9.0,34.0,96.0,1,1,1.0
352,1,957.0,10.0,35.0,94.0,1,1,1.0
353,1,957.0,10.0,36.0,94.0,1,1,1.0
359,2,981.0,8.0,32.0,95.0,1,1,1.0
360,2,981.0,9.0,37.0,95.0,1,1,1.0
361,2,980.0,9.0,45.0,96.0,1,1,1.0
362,2,980.0,9.0,48.0,95.0,1,1,1.0
363,2,979.0,10.0,52.0,95.0,1,1,1.0
364,2,979.0,11.0,55.0,94.0,1,1,1.0
365,2,981.0,11.0,55.0,95.0,1,1,1.0
366,2,984.0,11.0,52.0,95.0,1,1,1.0
367,2,990.0,11.0,45.0,95.0,1,1,1.0
368,2,998.0,10.0,37.0,95.0,1,1,1.0
369,2,1006.0,9.0,28.0,96.0,1,1,1.0
371,2,1013.0,9.0,26.0,97.0,1,1,1.0
372,2,1014.0,9.0,29.0,96.0,1,1,1.0
373,2,1015.0,10.0,37.0,96.0,1,1,1.0
374,2,1015.0,11.0,43.0,96.0,1,1,1.0
375,2,1015.0,11.0,48.0,96.0,1,1,1.0
376,2,1015.0,12.0,50.0,97.0,1,1,1.0
377,2,1016.0,11.0,50.0,98.0,1,1,1.0
378,2,1020.0,11.0,46.0,98.0,1,1,1.0
379,2,1024.0,11.0,42.0,97.0,1,1,1.0
380,2,1030.0,11.0,36.0,97.0,1,1,1.0
381,2,1038.0,11.0,32.0,97.0,1,1,1.0
382,2,1042.0,11.0,34.0,98.0,1,1,1.0
383,2,1045.0,11.0,36.0,98.0,1,1,1.0
384,2,1047.0,12.0,38.0,98.0,1,1,1.0
385,2,1049.0,12.0,39.0,98.0,1,1,1.0
386,2,1050.0,13.0,42.0,98.0,1,1,1.0
387,2,1051.0,14.0,44.0,98.0,1,1,1.0
388,2,1051.0,13.0,44.0,99.0,1,1,1.0
389,2,1053.0,13.0,44.0,99.0,1,1,1.0
390,2,1056.0,13.0,40.0,100.0,1,1,1.0
391,2,1060.0,12.0,35.0,101.0,1,1,1.0
392,2,1064.0,12.0,30.0,101.0,1,1,1.0
393,2,1066.0,12.0,27.0,101.0,1,1,1.0
394,2,1067.0,12.0,27.0,101.0,1,1,1.0
395,2,1068.0,13.0,29.0,101.0,1,1,1.0
396,2,1069.0,14.0,34.0,100.0,1,1,1.0
397,2,1070.0,15.0,39.0,100.0,1,1,1.0
398,2,1070.0,16.0,42.0,99.0,1,1,1.0
399,2,1070.0,17.0,44.0,99.0,1,1,1.0
400,2,1071.0,17.0,45.0,100.0,1,1,1.0
401,2,1071.0,17.0,45.0,101.0,1,1,1.0
402,2,1072.0,17.0,44.0,101.0,1,1,1.0
403,2,1077.0,16.0,39.0,102.0,1,1,1.0
404,2,1081.0,16.0,37.0,103.0,1,1,1.0
405,2,1088.0,16.0,35.0,103.0,1,1,1.0
406,2,1092.0,16.0,37.0,103.0,1,1,1.0
407,2,1095.0,16.0,40.0,103.0,1,1,1.0
408,2,1097.0,17.0,41.0,102.0,1,1,1.0
409,2,1099.0,17.0,43.0,102.0,1,1,1.0
410,2,1100.0,18.0,45.0,103.0,1,1,1.0
411,2,1101.0,19.0,47.0,103.0,1,1,1.0
412,2,1101.0,19.0,48.0,104.0,1,1,1.0
413,2,1103.0,19.0,47.0,105.0,1,1,1.0
414,2,1109.0,19.0,41.0,105.0,1,1,1.0
415,2,1113.0,18.0,35.0,106.0,1,1,1.0
416,2,1118.0,18.0,28.0,106.0,1,1,1.0
417,2,1122.0,18.0,26.0,106.0,1,1,1.0
418,2,1124.0,18.0,26.0,106.0,1,1,1.0
419,2,1125.0,18.0,30.0,106.0,1,1,1.0
420,2,1126.0,19.0,36.0,106.0,1,1,1.0
421,2,1126.0,20.0,41.0,106.0,1,1,1.0
422,2,1126.0,20.0,45.0,106.0,1,1,1.0
423,2,1127.0,22.0,47.0,106.0,1,1,1.0
424,2,1127.0,22.0,47.0,106.0,1,1,1.0
425,2,1128.0,22.0,47.0,107.0,1,1,1.0
426,2,1131.0,21.0,44.0,107.0,1,1,1.0
427,2,1136.0,21.0,40.0,108.0,1,1,1.0
428,2,1141.0,20.0,37.0,108.0,1,1,1.0
429,2,1147.0,20.0,37.0,108.0,1,1,1.0
430,2,1150.0,21.0,41.0,108.0,1,1,1.0
431,2,1153.0,21.0,45.0,108.0,1,1,1.0
432,2,1155.0,22.0,46.0,108.0,1,1,1.0
433,2,1157.0,23.0,48.0,108.0,1,1,1.0
434,2,1158.0,24.0,50.0,108.0,1,1,1.0
435,2,1158.0,25.0,52.0,108.0,1,1,1.0
436,2,1160.0,25.0,51.0,108.0,1,1,1.0
437,2,1162.0,24.0,48.0,109.0,1,1,1.0
438,2,1167.0,24.0,41.0,110.0,1,1,1.0
439,2,1172.0,23.0,33.0,110.0,1,1,1.0
440,2,1175.0,23.0,30.0,111.0,1,1,1.0
441,2,1178.0,23.0,29.0,110.0,1,1,1.0
442,2,1180.0,24.0,30.0,110.0,1,1,1.0
443,2,1181.0,25.0,36.0,110.0,1,1,1.0
444,2,1181.0,26.0,42.0,111.0,1,1,1.0
445,2,1181.0,27.0,47.0,111.0,1,1,1.0
446,2,1182.0,28.0,50.0,110.0,1,1,1.0
447,2,1182.0,29.0,52.0,111.0,1,1,1.0
448,2,1183.0,29.0,51.0,112.0,1,1,1.0
449,2,1186.0,29.0,49.0,113.0,1,1,1.0
450,2,1190.0,28.0,45.0,117.0,1,1,1.0
451,2,1196.0,27.0,41.0,119.0,1,1,1.0
452,2,1204.0,27.0,39.0,120.0,1,1,1.0
453,2,1210.0,27.0,35.0,121.0,1,1,1.0
454,2,1215.0,28.0,36.0,117.0,1,1,1.0
455,2,1217.0,29.0,36.0,117.0,1,1,1.0
456,2,1217.0,29.0,42.0,119.0,1,1,1.0
457,2,1218.0,30.0,45.0,119.0,1,1,1.0
458,2,1219.0,31.0,48.0,117.0,1,1,1.0
459,2,1220.0,31.0,49.0,117.0,1,1,1.0
460,2,1222.0,31.0,50.0,117.0,1,1,1.0
461,2,1227.0,30.0,45.0,117.0,1,1,1.0
462,2,1235.0,30.0,37.0,116.0,1,1,1.0
464,2,1244.0,30.0,43.0,116.0,1,1,1.0
465,2,1246.0,31.0,45.0,115.0,1,1,1.0
466,2,1246.0,31.0,45.0,116.0,1,1,1.0
467,2,1247.0,33.0,50.0,116.0,1,1,1.0
468,2,1247.0,34.0,57.0,115.0,1,1,1.0
469,2,1247.0,36.0,61.0,115.0,1,1,1.0
470,2,1247.0,37.0,64.0,116.0,1,1,1.0
471,2,1248.0,37.0,65.0,117.0,1,1,1.0
472,2,1253.0,37.0,61.0,118.0,1,1,1.0
473,2,1260.0,36.0,62.0,118.0,1,1,1.0
474,2,1268.0,36.0,58.0,119.0,1,1,1.0
475,2,1278.0,36.0,51.0,119.0,1,1,1.0
476,2,1287.0,37.0,45.0,118.0,1,1,1.0
477,2,1292.0,38.0,38.0,118.0,1,1,1.0
478,2,1293.0,39.0,41.0,119.0,1,1,1.0
479,2,1294.0,40.0,47.0,119.0,1,1,1.0
480,2,1294.0,40.0,52.0,120.0,1,1,1.0
481,2,1295.0,41.0,55.0,121.0,1,1,1.0
482,2,1297.0,42.0,54.0,121.0,1,1,1.0
483,2,1301.0,43.0,52.0,120.0,1,1,1.0
484,2,1311.0,43.0,49.0,120.0,1,1,1.0
485,2,1321.0,43.0,41.0,120.0,1,1,1.0
486,2,1326.0,42.0,38.0,121.0,1,1,1.0
487,2,1329.0,44.0,37.0,120.0,1,1,1.0
488,2,1330.0,44.0,39.0,120.0,1,1,1.0
489,2,1330.0,45.0,48.0,122.0,1,1,1.0
490,2,1331.0,46.0,58.0,122.0,1,1,1.0
491,2,1331.0,48.0,64.0,122.0,1,1,1.0
492,2,1331.0,49.0,67.0,121.0,1,1,1.0
493,2,1333.0,49.0,67.0,122.0,1,1,1.0
494,2,1338.0,49.0,62.0,122.0,1,1,1.0
495,2,1346.0,49.0,55.0,123.0,1,1,1.0
496,2,1357.0,49.0,45.0,123.0,1,1,1.0
497,2,1367.0,48.0,40.0,124.0,1,1,1.0
498,2,1376.0,49.0,41.0,124.0,1,1,1.0
499,2,1379.0,50.0,40.0,125.0,1,1,1.0
500,2,1380.0,51.0,45.0,126.0,1,1,1.0
501,2,1381.0,51.0,52.0,126.0,1,1,1.0
502,2,1381.0,53.0,57.0,126.0,1,1,1.0
503,2,1381.0,54.0,60.0,127.0,1,1,1.0
504,2,1383.0,54.0,62.0,127.0,1,1,1.0
505,2,1389.0,54.0,58.0,128.0,1,1,1.0
506,2,1398.0,56.0,50.0,126.0,1,1,1.0
507,2,1410.0,55.0,39.0,127.0,1,1,1.0
508,2,1415.0,54.0,35.0,128.0,1,1,1.0
509,2,1419.0,54.0,36.0,128.0,1,1,1.0
510,2,1421.0,55.0,40.0,127.0,1,1,1.0
511,2,1421.0,56.0,48.0,128.0,1,1,1.0
512,2,1422.0,59.0,57.0,127.0,1,1,1.0
513,2,1422.0,61.0,64.0,126.0,1,1,1.0
514,2,1423.0,61.0,67.0,128.0,1,1,1.0
515,2,1424.0,62.0,68.0,129.0,1,1,1.0
516,2,1427.0,63.0,66.0,129.0,1,1,1.0
517,2,1432.0,63.0,61.0,129.0,1,1,1.0
518,2,1440.0,63.0,55.0,129.0,1,1,1.0
519,2,1449.0,63.0,48.0,129.0,1,1,1.0
520,2,1458.0,63.0,42.0,129.0,1,1,1.0
521,2,1466.0,64.0,38.0,128.0,1,1,1.0
522,2,1470.0,65.0,37.0,130.0,1,1,1.0
523,2,1471.0,66.0,40.0,130.0,1,1,1.0
524,2,1472.0,68.0,45.0,130.0,1,1,1.0
525,2,1473.0,69.0,47.0,131.0,1,1,1.0
526,2,1473.0,69.0,48.0,132.0,1,1,1.0
527,2,1475.0,69.0,47.0,133.0,1,1,1.0
528,2,1481.0,70.0,44.0,132.0,1,1,1.0
529,2,1487.0,70.0,40.0,132.0,1,1,1.0
530,2,1492.0,70.0,39.0,133.0,1,1,1.0
531,2,1496.0,70.0,38.0,133.0,1,1,1.0
532,2,1498.0,70.0,38.0,133.0,1,1,1.0
533,2,1500.0,71.0,39.0,133.0,1,1,1.0
534,2,1503.0,72.0,40.0,135.0,1,1,1.0
535,2,1504.0,73.0,42.0,135.0,1,1,1.0
536,2,1505.0,74.0,43.0,135.0,1,1,1.0
537,2,1505.0,76.0,44.0,135.0,1,1,1.0
538,2,1507.0,76.0,43.0,135.0,1,1,1.0
539,2,1510.0,76.0,42.0,135.0,1,1,1.0
540,2,1513.0,77.0,41.0,135.0,1,1,1.0
541,2,1515.0,77.0,46.0,136.0,1,1,1.0
542,2,1515.0,77.0,53.0,137.0,1,1,1.0
543,2,1515.0,77.0,56.0,136.0,1,1,1.0
544,2,1516.0,77.0,60.0,136.0,1,1,1.0
545,2,1516.0,77.0,63.0,136.0,1,1,1.0
546,2,1517.0,77.0,62.0,137.0,1,1,1.0
547,2,1517.0,78.0,62.0,137.0,1,1,1.0
548,2,1517.0,78.0,60.0,138.0,1,1,1.0
549,2,1516.0,77.0,59.0,139.0,1,1,1.0
550,2,1515.0,77.0,53.0,140.0,1,1,1.0
551,2,1514.0,77.0,49.0,140.0,1,1,1.0
552,2,1513.0,77.0,48.0,140.0,1,1,1.0
553,2,1512.0,77.0,47.0,140.0,1,1,1.0
554,2,1511.0,78.0,46.0,140.0,1,1,1.0
555,2,1510.0,78.0,44.0,141.0,1,1,1.0
556,2,1509.0,79.0,43.0,142.0,1,1,1.0
557,2,1506.0,80.0,44.0,142.0,1,1,1.0
558,2,1505.0,81.0,46.0,142.0,1,1,1.0
559,2,1503.0,82.0,47.0,141.0,1,1,1.0
560,2,1500.0,81.0,49.0,142.0,1,1,1.0
561,2,1497.0,81.0,51.0,142.0,1,1,1.0
562,2,1496.0,79.0,51.0,144.0,1,1,1.0
563,2,1494.0,79.0,49.0,145.0,1,1,1.0
564,2,1492.0,78.0,49.0,145.0,1,1,1.0
565,2,1490.0,77.0,49.0,146.0,1,1,1.0
566,2,1485.0,77.0,50.0,146.0,1,1,1.0
567,2,1477.0,77.0,53.0,147.0,1,1,1.0
568,2,1469.0,78.0,57.0,146.0,1,1,1.0
569,2,1464.0,79.0,60.0,146.0,1,1,1.0
570,2,1461.0,79.0,61.0,146.0,1,1,1.0
571,2,1459.0,78.0,63.0,147.0,1,1,1.0
572,2,1458.0,76.0,63.0,148.0,1,1,1.0
573,2,1458.0,75.0,60.0,149.0,1,1,1.0
574,2,1457.0,74.0,51.0,150.0,1,1,1.0
575,2,1454.0,73.0,48.0,150.0,1,1,1.0
576,2,1451.0,73.0,47.0,151.0,1,1,1.0
577,2,1447.0,73.0,47.0,153.0,1,1,1.0
578,2,1443.0,74.0,50.0,153.0,1,1,1.0
579,2,1438.0,75.0,53.0,152.0,1,1,1.0
580,2,1433.0,76.0,57.0,153.0,1,1,1.0
581,2,1429.0,76.0,59.0,153.0,1,1,1.0
582,2,1426.0,76.0,59.0,153.0,1,1,1.0
583,2,1425.0,76.0,57.0,153.0,1,1,1.0
584,2,1424.0,75.0,54.0,155.0,1,1,1.0
585,2,1422.0,74.0,51.0,155.0,1,1,1.0
586,2,1420.0,73.0,48.0,156.0,1,1,1.0
587,2,1416.0,72.0,47.0,156.0,1,1,1.0
588,2,1408.0,72.0,51.0,156.0,1,1,1.0
589,2,1398.0,72.0,58.0,157.0,1,1,1.0
590,2,1388.0,75.0,64.0,155.0,1,1,1.0
591,2,1379.0,76.0,69.0,154.0,1,1,1.0
592,2,1375.0,77.0,72.0,154.0,1,1,1.0
593,2,1372.0,76.0,73.0,154.0,1,1,1.0
594,2,1371.0,76.0,72.0,154.0,1,1,1.0
595,2,1370.0,74.0,68.0,157.0,1,1,1.0
596,2,1370.0,71.0,61.0,159.0,1,1,1.0
597,2,1370.0,70.0,54.0,160.0,1,1,1.0
598,2,1366.0,69.0,53.0,160.0,1,1,1.0
599,2,1358.0,70.0,59.0,162.0,1,1,1.0
600,2,1352.0,69.0,62.0,164.0,1,1,1.0
601,2,1346.0,70.0,66.0,165.0,1,1,1.0
602,2,1341.0,71.0,69.0,165.0,1,1,1.0
603,2,1337.0,72.0,69.0,165.0,1,1,1.0
604,2,1332.0,72.0,71.0,165.0,1,1,1.0
605,2,1329.0,71.0,70.0,166.0,1,1,1.0
606,2,1327.0,70.0,65.0,167.0,1,1,1.0
607,2,1333.0,69.0,53.0,168.0,1,1,1.0
608,2,1331.0,68.0,50.0,169.0,1,1,1.0
609,2,1328.0,67.0,48.0,170.0,1,1,1.0
610,2,1321.0,66.0,51.0,171.0,1,1,1.0
611,2,1312.0,67.0,56.0,171.0,1,1,1.0
612,2,1300.0,68.0,64.0,171.0,1,1,1.0
613,2,1296.0,68.0,67.0,171.0,1,1,1.0
614,2,1294.0,68.0,67.0,172.0,1,1,1.0
615,2,1293.0,68.0,66.0,171.0,1,1,1.0
616,2,1293.0,67.0,63.0,173.0,1,1,1.0
617,2,1289.0,66.0,61.0,173.0,1,1,1.0
618,2,1284.0,65.0,59.0,175.0,1,1,1.0
619,2,1278.0,64.0,58.0,175.0,1,1,1.0
620,2,1272.0,63.0,59.0,176.0,1,1,1.0
621,2,1266.0,63.0,63.0,177.0,1,1,1.0
622,2,1256.0,64.0,70.0,199.0,1,1,1.0
623,2,1250.0,65.0,73.0,208.0,1,1,1.0
624,2,1247.0,67.0,74.0,210.0,1,1,1.0
626,2,1240.0,69.0,73.0,207.0,1,1,1.0
628,2,1236.0,68.0,63.0,188.0,1,1,1.0
629,2,1232.0,67.0,59.0,182.0,1,1,1.0
630,2,1228.0,65.0,55.0,181.0,1,1,1.0
631,2,1220.0,65.0,57.0,181.0,1,1,1.0
632,2,1211.0,65.0,61.0,180.0,1,1,1.0
633,2,1196.0,66.0,70.0,180.0,1,1,1.0
634,2,1183.0,67.0,81.0,181.0,1,1,1.0
635,2,1175.0,67.0,89.0,181.0,1,1,1.0
636,2,1170.0,68.0,94.0,181.0,1,1,1.0
637,2,1168.0,67.0,95.0,182.0,1,1,1.0
638,2,1167.0,66.0,90.0,184.0,1,1,1.0
639,2,1167.0,64.0,81.0,186.0,1,1,1.0
640,2,1167.0,63.0,69.0,187.0,1,1,1.0
641,2,1168.0,62.0,60.0,188.0,1,1,1.0
642,2,1168.0,61.0,55.0,188.0,1,1,1.0
643,2,1165.0,61.0,55.0,191.0,1,1,1.0
644,2,1158.0,62.0,57.0,193.0,1,1,1.0
645,2,1147.0,64.0,63.0,194.0,1,1,1.0
646,2,1135.0,66.0,71.0,193.0,1,1,1.0
647,2,1127.0,68.0,74.0,192.0,1,1,1.0
648,2,1124.0,69.0,73.0,191.0,1,1,1.0
649,2,1123.0,69.0,71.0,193.0,1,1,1.0
650,2,1122.0,68.0,67.0,195.0,1,1,1.0
651,2,1121.0,67.0,60.0,196.0,1,1,1.0
652,2,1118.0,65.0,54.0,198.0,1,1,1.0
653,2,1113.0,64.0,53.0,199.0,1,1,1.0
654,2,1107.0,63.0,53.0,200.0,1,1,1.0
655,2,1098.0,63.0,58.0,200.0,1,1,1.0
656,2,1083.0,63.0,70.0,201.0,1,1,1.0
657,2,1068.0,65.0,82.0,202.0,1,1,1.0
658,2,1058.0,67.0,90.0,202.0,1,1,1.0
659,2,1053.0,69.0,95.0,201.0,1,1,1.0
660,2,1050.0,69.0,97.0,202.0,1,1,1.0
661,2,1048.0,69.0,95.0,203.0,1,1,1.0
662,2,1048.0,68.0,88.0,205.0,1,1,1.0
663,2,1046.0,67.0,80.0,206.0,1,1,1.0
664,2,1043.0,66.0,71.0,206.0,1,1,1.0
665,2,1039.0,66.0,62.0,207.0,1,1,1.0
666,2,1035.0,66.0,59.0,210.0,1,1,1.0
667,2,1029.0,68.0,59.0,212.0,1,1,1.0
668,2,1023.0,70.0,60.0,213.0,1,1,1.0
669,2,1017.0,72.0,65.0,214.0,1,1,1.0
670,2,1009.0,74.0,71.0,214.0,1,1,1.0
671,2,1004.0,76.0,76.0,214.0,1,1,1.0
672,2,1001.0,78.0,74.0,213.0,1,1,1.0
673,2,994.0,78.0,70.0,213.0,1,1,1.0
674,2,986.0,77.0,69.0,214.0,1,1,1.0
675,2,977.0,76.0,70.0,215.0,1,1,1.0
676,2,971.0,76.0,66.0,215.0,1,1,1.0
677,2,963.0,75.0,68.0,215.0,1,1,1.0
678,2,949.0,76.0,79.0,218.0,1,1,1.0
679,2,936.0,77.0,91.0,220.0,1,1,1.0
680,2,929.0,79.0,97.0,220.0,1,1,1.0
681,2,925.0,81.0,101.0,221.0,1,1,1.0
682,2,923.0,82.0,102.0,222.0,1,1,1.0
683,2,917.0,83.0,102.0,222.0,1,1,1.0
684,2,917.0,82.0,94.0,222.0,1,1,1.0
685,2,919.0,81.0,81.0,223.0,1,1,1.0
686,2,909.0,80.0,82.0,224.0,1,1,1.0
687,2,896.0,80.0,92.0,225.0,1,1,1.0
688,2,888.0,80.0,98.0,229.0,1,1,1.0
689,2,881.0,83.0,103.0,231.0,1,1,1.0
690,2,872.0,86.0,106.0,232.0,1,1,1.0
691,2,863.0,88.0,110.0,230.0,1,1,1.0
692,2,857.0,90.0,108.0,231.0,1,1,1.0
693,2,852.0,91.0,106.0,232.0,1,1,1.0
694,2,845.0,91.0,106.0,232.0,1,1,1.0
695,2,844.0,91.0,95.0,233.0,1,1,1.0
696,2,846.0,91.0,79.0,233.0,1,1,1.0
697,2,841.0,91.0,64.0,233.0,1,1,1.0
698,2,833.0,91.0,64.0,233.0,1,1,1.0
699,2,823.0,92.0,70.0,232.0,1,1,1.0
700,2,805.0,93.0,87.0,232.0,1,1,1.0
701,2,787.0,95.0,105.0,234.0,1,1,1.0
702,2,775.0,97.0,117.0,233.0,1,1,1.0
703,2,770.0,98.0,121.0,234.0,1,1,1.0
704,2,767.0,99.0,121.0,234.0,1,1,1.0
705,2,767.0,99.0,113.0,234.0,1,1,1.0
706,2,765.0,99.0,102.0,234.0,1,1,1.0
707,2,765.0,98.0,87.0,235.0,1,1,1.0
708,2,755.0,98.0,79.0,235.0,1,1,1.0
709,2,740.0,98.0,85.0,238.0,1,1,1.0
710,2,726.0,100.0,97.0,242.0,1,1,1.0
711,2,709.0,102.0,112.0,245.0,1,1,1.0
712,2,694.0,105.0,127.0,246.0,1,1,1.0
713,2,679.0,108.0,137.0,246.0,1,1,1.0
714,2,667.0,109.0,143.0,246.0,1,1,1.0
715,2,659.0,111.0,142.0,246.0,1,1,1.0
716,2,656.0,111.0,130.0,246.0,1,1,1.0
717,2,657.0,111.0,114.0,246.0,1,1,1.0
718,2,656.0,111.0,97.0,246.0,1,1,1.0
719,2,658.0,111.0,80.0,245.0,1,1,1.0
720,2,657.0,112.0,77.0,244.0,1,1,1.0
721,2,642.0,114.0,90.0,247.0,1,1,1.0
722,2,626.0,116.0,104.0,250.0,1,1,1.0
723,2,613.0,119.0,118.0,250.0,1,1,1.0
724,2,604.0,121.0,127.0,250.0,1,1,1.0
725,2,600.0,123.0,127.0,251.0,1,1,1.0
726,2,598.0,124.0,119.0,251.0,1,1,1.0
727,2,598.0,124.0,105.0,251.0,1,1,1.0
728,2,596.0,124.0,91.0,251.0,1,1,1.0
729,2,587.0,124.0,81.0,250.0,1,1,1.0
730,2,573.0,125.0,77.0,251.0,1,1,1.0
731,2,558.0,127.0,89.0,257.0,1,1,1.0
732,2,542.0,129.0,104.0,260.0,1,1,1.0
733,2,528.0,132.0,119.0,261.0,1,1,1.0
734,2,516.0,135.0,130.0,261.0,1,1,1.0
735,2,506.0,137.0,136.0,261.0,1,1,1.0
736,2,499.0,138.0,135.0,260.0,1,1,1.0
737,2,495.0,139.0,125.0,259.0,1,1,1.0
738,2,493.0,140.0,112.0,258.0,1,1,1.0
739,2,495.0,141.0,93.0,257.0,1,1,1.0
740,2,494.0,141.0,84.0,256.0,1,1,1.0
