1,1,993.0,157.0,114.0,335.0,1,1,1.0
2,1,992.0,155.0,115.0,329.0,1,1,1.0
3,1,993.0,153.0,115.0,324.0,1,1,1.0
4,1,996.0,150.0,111.0,314.0,1,1,1.0
5,1,996.0,146.0,109.0,304.0,1,1,1.0
6,1,996.0,143.0,108.0,304.0,1,1,1.0
7,1,996.0,141.0,107.0,304.0,1,1,1.0
8,1,997.0,140.0,105.0,305.0,1,1,1.0
9,1,997.0,139.0,104.0,305.0,1,1,1.0
10,1,997.0,140.0,103.0,305.0,1,1,1.0
11,1,996.0,140.0,102.0,305.0,1,1,1.0
12,1,994.0,141.0,102.0,304.0,1,1,1.0
13,1,993.0,140.0,102.0,300.0,1,1,1.0
14,1,991.0,139.0,101.0,299.0,1,1,1.0
15,1,990.0,136.0,100.0,296.0,1,1,1.0
16,1,989.0,132.0,99.0,289.0,1,1,1.0
17,1,988.0,130.0,99.0,283.0,1,1,1.0
18,1,988.0,127.0,99.0,283.0,1,1,1.0
19,1,988.0,126.0,100.0,283.0,1,1,1.0
20,1,988.0,124.0,100.0,284.0,1,1,1.0
21,1,988.0,124.0,100.0,284.0,1,1,1.0
22,1,990.0,124.0,99.0,283.0,1,1,1.0
23,1,990.0,124.0,101.0,283.0,1,1,1.0
24,1,990.0,123.0,102.0,282.0,1,1,1.0
25,1,991.0,121.0,103.0,281.0,1,1,1.0
26,1,994.0,119.0,101.0,279.0,1,1,1.0
27,1,998.0,116.0,98.0,270.0,1,1,1.0
28,1,1000.0,114.0,96.0,265.0,1,1,1.0
29,1,1001.0,112.0,94.0,264.0,1,1,1.0
30,1,1001.0,110.0,93.0,265.0,1,1,1.0
31,1,1002.0,109.0,92.0,265.0,1,1,1.0
32,1,1003.0,108.0,91.0,266.0,1,1,1.0
33,1,1003.0,109.0,91.0,266.0,1,1,1.0
34,1,1003.0,110.0,93.0,265.0,1,1,1.0
35,1,1002.0,111.0,94.0,263.0,1,1,1.0
36,1,1002.0,111.0,95.0,263.0,1,1,1.0
37,1,1001.0,110.0,95.0,260.0,1,1,1.0
38,1,999.0,108.0,94.0,258.0,1,1,1.0
39,1,998.0,106.0,93.0,254.0,1,1,1.0
40,1,997.0,104.0,91.0,247.0,1,1,1.0
41,1,997.0,101.0,89.0,245.0,1,1,1.0
42,1,996.0,99.0,89.0,245.0,1,1,1.0
43,1,996.0,98.0,89.0,246.0,1,1,1.0
44,1,996.0,97.0,90.0,246.0,1,1,1.0
45,1,997.0,97.0,89.0,246.0,1,1,1.0
46,1,998.0,98.0,89.0,245.0,1,1,1.0
47,1,999.0,98.0,88.0,245.0,1,1,1.0
48,1,1000.0,98.0,88.0,244.0,1,1,1.0
49,1,1001.0,96.0,89.0,244.0,1,1,1.0
50,1,1002.0,93.0,89.0,243.0,1,1,1.0
51,1,1002.0,91.0,90.0,237.0,1,1,1.0
52,1,1001.0,89.0,90.0,233.0,1,1,1.0
53,1,1001.0,87.0,89.0,231.0,1,1,1.0
54,1,1001.0,85.0,88.0,232.0,1,1,1.0
55,1,1001.0,85.0,87.0,233.0,1,1,1.0
56,1,1002.0,85.0,87.0,233.0,1,1,1.0
57,1,1002.0,85.0,88.0,232.0,1,1,1.0
58,1,1002.0,86.0,89.0,231.0,1,1,1.0
59,1,1001.0,86.0,89.0,231.0,1,1,1.0
60,1,1000.0,86.0,88.0,229.0,1,1,1.0
61,1,999.0,85.0,87.0,228.0,1,1,1.0
62,1,997.0,83.0,87.0,224.0,1,1,1.0
63,1,995.0,81.0,88.0,218.0,1,1,1.0
64,1,992.0,78.0,89.0,218.0,1,1,1.0
65,1,990.0,76.0,93.0,219.0,1,1,1.0
66,1,989.0,75.0,97.0,220.0,1,1,1.0
67,1,989.0,75.0,98.0,220.0,1,1,1.0
68,1,990.0,75.0,95.0,220.0,1,1,1.0
69,1,992.0,75.0,89.0,219.0,1,1,1.0
70,1,994.0,75.0,83.0,218.0,1,1,1.0
71,1,995.0,75.0,79.0,218.0,1,1,1.0
72,1,997.0,73.0,79.0,216.0,1,1,1.0
73,1,998.0,72.0,80.0,212.0,1,1,1.0
74,1,999.0,69.0,82.0,209.0,1,1,1.0
75,1,999.0,68.0,83.0,209.0,1,1,1.0
76,1,1000.0,66.0,84.0,208.0,1,1,1.0
77,1,1000.0,66.0,84.0,208.0,1,1,1.0
78,1,1001.0,66.0,84.0,208.0,1,1,1.0
79,1,1001.0,66.0,83.0,208.0,1,1,1.0
80,1,1001.0,66.0,81.0,207.0,1,1,1.0
81,1,1001.0,66.0,78.0,206.0,1,1,1.0
82,1,1001.0,60.0,75.0,211.0,1,1,1.0
83,1,1001.0,53.0,73.0,217.0,1,1,1.0
84,1,1000.0,49.0,70.0,218.0,1,1,1.0
85,1,1000.0,47.0,69.0,212.0,1,1,1.0
86,1,1000.0,49.0,68.0,207.0,1,1,1.0
87,1,1000.0,56.0,69.0,199.0,1,1,1.0
88,1,1001.0,58.0,70.0,196.0,1,1,1.0
89,1,1001.0,59.0,72.0,195.0,1,1,1.0
90,1,1001.0,60.0,72.0,194.0,1,1,1.0
91,1,1002.0,60.0,72.0,193.0,1,1,1.0
92,1,1003.0,60.0,71.0,192.0,1,1,1.0
93,1,1004.0,60.0,69.0,192.0,1,1,1.0
94,1,1006.0,59.0,68.0,191.0,1,1,1.0
95,1,1007.0,57.0,67.0,187.0,1,1,1.0
96,1,1008.0,56.0,67.0,186.0,1,1,1.0
97,1,1008.0,55.0,67.0,186.0,1,1,1.0
98,1,1008.0,54.0,67.0,185.0,1,1,1.0
99,1,1009.0,54.0,67.0,185.0,1,1,1.0
100,1,1009.0,54.0,67.0,185.0,1,1,1.0
101,1,1009.0,54.0,67.0,184.0,1,1,1.0
102,1,1008.0,55.0,67.0,184.0,1,1,1.0
103,1,1007.0,55.0,68.0,183.0,1,1,1.0
104,1,1006.0,55.0,69.0,182.0,1,1,1.0
105,1,1005.0,55.0,69.0,181.0,1,1,1.0
106,1,1003.0,54.0,69.0,181.0,1,1,1.0
107,1,1002.0,53.0,68.0,180.0,1,1,1.0
108,1,1000.0,50.0,67.0,177.0,1,1,1.0
109,1,1000.0,49.0,65.0,177.0,1,1,1.0
110,1,999.0,48.0,63.0,178.0,1,1,1.0
111,1,998.0,47.0,62.0,178.0,1,1,1.0
112,1,997.0,47.0,62.0,178.0,1,1,1.0
113,1,996.0,47.0,62.0,178.0,1,1,1.0
114,1,995.0,48.0,63.0,177.0,1,1,1.0
115,1,995.0,48.0,63.0,176.0,1,1,1.0
116,1,994.0,49.0,63.0,175.0,1,1,1.0
117,1,994.0,48.0,63.0,175.0,1,1,1.0
118,1,994.0,47.0,63.0,175.0,1,1,1.0
119,1,994.0,46.0,62.0,171.0,1,1,1.0
120,1,993.0,45.0,61.0,169.0,1,1,1.0
121,1,993.0,44.0,61.0,169.0,1,1,1.0
122,1,992.0,43.0,61.0,169.0,1,1,1.0
123,1,992.0,43.0,62.0,169.0,1,1,1.0
124,1,992.0,43.0,63.0,169.0,1,1,1.0
125,1,992.0,44.0,63.0,169.0,1,1,1.0
126,1,991.0,45.0,63.0,167.0,1,1,1.0
127,1,990.0,45.0,63.0,166.0,1,1,1.0
128,1,990.0,46.0,63.0,165.0,1,1,1.0
129,1,989.0,45.0,62.0,165.0,1,1,1.0
130,1,988.0,44.0,62.0,162.0,1,1,1.0
131,1,987.0,42.0,60.0,160.0,1,1,1.0
132,1,987.0,41.0,59.0,159.0,1,1,1.0
133,1,986.0,40.0,58.0,160.0,1,1,1.0
134,1,986.0,40.0,58.0,160.0,1,1,1.0
135,1,986.0,39.0,57.0,160.0,1,1,1.0
136,1,986.0,40.0,57.0,160.0,1,1,1.0
137,1,986.0,40.0,57.0,159.0,1,1,1.0
138,1,986.0,40.0,57.0,159.0,1,1,1.0
139,1,986.0,41.0,57.0,158.0,1,1,1.0
140,1,986.0,41.0,58.0,157.0,1,1,1.0
141,1,986.0,40.0,57.0,156.0,1,1,1.0
142,1,986.0,39.0,58.0,154.0,1,1,1.0
143,1,986.0,38.0,58.0,154.0,1,1,1.0
144,1,986.0,38.0,59.0,154.0,1,1,1.0
145,1,986.0,37.0,60.0,154.0,1,1,1.0
146,1,986.0,37.0,60.0,153.0,1,1,1.0
147,1,985.0,38.0,61.0,153.0,1,1,1.0
148,1,985.0,38.0,61.0,152.0,1,1,1.0
149,1,984.0,38.0,62.0,152.0,1,1,1.0
150,1,983.0,39.0,61.0,151.0,1,1,1.0
151,1,981.0,38.0,60.0,151.0,1,1,1.0
152,1,979.0,38.0,59.0,149.0,1,1,1.0
153,1,978.0,37.0,57.0,147.0,1,1,1.0
154,1,977.0,36.0,54.0,147.0,1,1,1.0
155,1,977.0,34.0,53.0,148.0,1,1,1.0
156,1,976.0,34.0,53.0,148.0,1,1,1.0
157,1,976.0,34.0,53.0,149.0,1,1,1.0
158,1,976.0,34.0,53.0,149.0,1,1,1.0
159,1,975.0,34.0,53.0,148.0,1,1,1.0
160,1,974.0,35.0,54.0,147.0,1,1,1.0
161,1,974.0,35.0,54.0,146.0,1,1,1.0
162,1,974.0,35.0,54.0,146.0,1,1,1.0
163,1,975.0,34.0,54.0,144.0,1,1,1.0
164,1,974.0,33.0,54.0,143.0,1,1,1.0
165,1,974.0,32.0,53.0,144.0,1,1,1.0
166,1,974.0,31.0,52.0,145.0,1,1,1.0
167,1,973.0,31.0,53.0,144.0,1,1,1.0
168,1,973.0,31.0,54.0,143.0,1,1,1.0
169,1,973.0,31.0,56.0,143.0,1,1,1.0
170,1,973.0,32.0,57.0,142.0,1,1,1.0
171,1,973.0,32.0,57.0,142.0,1,1,1.0
172,1,973.0,32.0,57.0,142.0,1,1,1.0
173,1,973.0,32.0,56.0,141.0,1,1,1.0
174,1,972.0,32.0,54.0,140.0,1,1,1.0
175,1,972.0,31.0,52.0,138.0,1,1,1.0
176,1,972.0,30.0,52.0,137.0,1,1,1.0
177,1,972.0,29.0,53.0,138.0,1,1,1.0
178,1,973.0,29.0,55.0,138.0,1,1,1.0
179,1,973.0,28.0,56.0,139.0,1,1,1.0
180,1,972.0,28.0,59.0,139.0,1,1,1.0
181,1,971.0,29.0,62.0,138.0,1,1,1.0
182,1,969.0,30.0,64.0,137.0,1,1,1.0
183,1,968.0,30.0,65.0,136.0,1,1,1.0
184,1,968.0,30.0,66.0,135.0,1,1,1.0
185,1,969.0,30.0,65.0,134.0,1,1,1.0
186,1,971.0,28.0,64.0,133.0,1,1,1.0
187,1,971.0,27.0,64.0,133.0,1,1,1.0
188,1,970.0,26.0,64.0,134.0,1,1,1.0
189,1,968.0,25.0,65.0,134.0,1,1,1.0
190,1,964.0,25.0,66.0,134.0,1,1,1.0
191,1,963.0,25.0,64.0,133.0,1,1,1.0
192,1,963.0,26.0,61.0,133.0,1,1,1.0
193,1,963.0,27.0,59.0,132.0,1,1,1.0
194,1,962.0,28.0,58.0,132.0,1,1,1.0
195,1,963.0,28.0,55.0,131.0,1,1,1.0
196,1,963.0,27.0,53.0,131.0,1,1,1.0
197,1,962.0,26.0,53.0,129.0,1,1,1.0
198,1,963.0,25.0,53.0,128.0,1,1,1.0
199,1,963.0,24.0,53.0,129.0,1,1,1.0
200,1,964.0,24.0,54.0,129.0,1,1,1.0
201,1,965.0,23.0,55.0,129.0,1,1,1.0
202,1,966.0,23.0,55.0,129.0,1,1,1.0
203,1,967.0,24.0,55.0,129.0,1,1,1.0
204,1,970.0,24.0,52.0,128.0,1,1,1.0
205,1,972.0,25.0,51.0,127.0,1,1,1.0
206,1,973.0,25.0,49.0,126.0,1,1,1.0
207,1,973.0,24.0,47.0,126.0,1,1,1.0
208,1,974.0,23.0,44.0,125.0,1,1,1.0
209,1,974.0,23.0,43.0,125.0,1,1,1.0
210,1,974.0,22.0,42.0,125.0,1,1,1.0
211,1,972.0,21.0,44.0,124.0,1,1,1.0
212,1,970.0,21.0,45.0,124.0,1,1,1.0
213,1,970.0,21.0,46.0,124.0,1,1,1.0
214,1,970.0,22.0,46.0,123.0,1,1,1.0
215,1,970.0,22.0,46.0,123.0,1,1,1.0
216,1,971.0,22.0,45.0,123.0,1,1,1.0
217,1,972.0,23.0,43.0,122.0,1,1,1.0
218,1,972.0,22.0,41.0,122.0,1,1,1.0
219,1,972.0,21.0,41.0,120.0,1,1,1.0
220,1,970.0,21.0,43.0,120.0,1,1,1.0
221,1,968.0,20.0,44.0,120.0,1,1,1.0
222,1,966.0,20.0,46.0,120.0,1,1,1.0
223,1,963.0,20.0,48.0,120.0,1,1,1.0
224,1,962.0,20.0,50.0,120.0,1,1,1.0
225,1,961.0,20.0,51.0,120.0,1,1,1.0
226,1,962.0,20.0,50.0,119.0,1,1,1.0
227,1,963.0,20.0,49.0,119.0,1,1,1.0
228,1,963.0,20.0,47.0,119.0,1,1,1.0
229,1,964.0,20.0,47.0,118.0,1,1,1.0
230,1,963.0,20.0,47.0,116.0,1,1,1.0
231,1,962.0,19.0,47.0,116.0,1,1,1.0
232,1,962.0,18.0,47.0,117.0,1,1,1.0
233,1,963.0,18.0,46.0,116.0,1,1,1.0
234,1,964.0,18.0,45.0,116.0,1,1,1.0
235,1,964.0,18.0,44.0,116.0,1,1,1.0
236,1,965.0,18.0,43.0,116.0,1,1,1.0
237,1,967.0,19.0,41.0,115.0,1,1,1.0
238,1,968.0,20.0,39.0,114.0,1,1,1.0
239,1,968.0,20.0,39.0,114.0,1,1,1.0
240,1,967.0,20.0,39.0,114.0,1,1,1.0
241,1,966.0,19.0,40.0,114.0,1,1,1.0
242,1,965.0,19.0,40.0,112.0,1,1,1.0
243,1,964.0,18.0,41.0,112.0,1,1,1.0
244,1,963.0,17.0,41.0,112.0,1,1,1.0
245,1,960.0,16.0,43.0,113.0,1,1,1.0
246,1,957.0,16.0,46.0,114.0,1,1,1.0
247,1,955.0,16.0,48.0,114.0,1,1,1.0
248,1,953.0,16.0,50.0,114.0,1,1,1.0
249,1,952.0,17.0,50.0,113.0,1,1,1.0
250,1,952.0,17.0,50.0,112.0,1,1,1.0
251,1,952.0,17.0,50.0,112.0,1,1,1.0
252,1,952.0,16.0,49.0,111.0,1,1,1.0
253,1,953.0,16.0,48.0,111.0,1,1,1.0
254,1,954.0,15.0,46.0,110.0,1,1,1.0
255,1,956.0,15.0,44.0,110.0,1,1,1.0
256,1,957.0,14.0,42.0,109.0,1,1,1.0
257,1,958.0,14.0,40.0,110.0,1,1,1.0
258,1,959.0,14.0,38.0,110.0,1,1,1.0
259,1,959.0,15.0,37.0,109.0,1,1,1.0
260,1,959.0,15.0,36.0,109.0,1,1,1.0
261,1,960.0,15.0,36.0,109.0,1,1,1.0
262,1,959.0,16.0,36.0,109.0,1,1,1.0
263,1,958.0,15.0,37.0,108.0,1,1,1.0
264,1,957.0,15.0,37.0,107.0,1,1,1.0
265,1,956.0,14.0,38.0,106.0,1,1,1.0
266,1,954.0,14.0,39.0,105.0,1,1,1.0
267,1,953.0,13.0,39.0,106.0,1,1,1.0
268,1,952.0,13.0,40.0,106.0,1,1,1.0
269,1,950.0,13.0,42.0,106.0,1,1,1.0
270,1,948.0,13.0,44.0,106.0,1,1,1.0
271,1,947.0,13.0,46.0,106.0,1,1,1.0
272,1,946.0,14.0,47.0,105.0,1,1,1.0
273,1,945.0,14.0,48.0,105.0,1,1,1.0
274,1,945.0,13.0,48.0,105.0,1,1,1.0
275,1,946.0,13.0,47.0,105.0,1,1,1.0
276,1,947.0,12.0,46.0,104.0,1,1,1.0
277,1,949.0,12.0,45.0,103.0,1,1,1.0
278,1,950.0,11.0,44.0,103.0,1,1,1.0
279,1,951.0,11.0,43.0,103.0,1,1,1.0
280,1,952.0,11.0,41.0,103.0,1,1,1.0
281,1,952.0,11.0,40.0,104.0,1,1,1.0
282,1,952.0,11.0,40.0,104.0,1,1,1.0
283,1,952.0,12.0,38.0,103.0,1,1,1.0
284,1,952.0,12.0,38.0,102.0,1,1,1.0
285,1,951.0,12.0,38.0,102.0,1,1,1.0
286,1,950.0,12.0,39.0,101.0,1,1,1.0
287,1,950.0,12.0,39.0,101.0,1,1,1.0
288,1,949.0,11.0,40.0,101.0,1,1,1.0
289,1,948.0,10.0,39.0,101.0,1,1,1.0
290,1,948.0,10.0,39.0,102.0,1,1,1.0
291,1,948.0,10.0,39.0,102.0,1,1,1.0
292,1,949.0,10.0,39.0,102.0,1,1,1.0
293,1,949.0,10.0,39.0,102.0,1,1,1.0
294,1,950.0,10.0,38.0,101.0,1,1,1.0
295,1,950.0,10.0,38.0,101.0,1,1,1.0
296,1,951.0,10.0,39.0,100.0,1,1,1.0
297,1,951.0,10.0,38.0,100.0,1,1,1.0
298,1,952.0,10.0,37.0,99.0,1,1,1.0
299,1,953.0,10.0,36.0,100.0,1,1,1.0
300,1,953.0,10.0,36.0,99.0,1,1,1.0
301,1,955.0,10.0,35.0,98.0,1,1,1.0
302,1,956.0,10.0,35.0,98.0,1,1,1.0
303,1,957.0,9.0,34.0,98.0,1,1,1.0
304,1,958.0,9.0,33.0,99.0,1,1,1.0
305,1,960.0,9.0,33.0,99.0,1,1,1.0
306,1,962.0,9.0,32.0,99.0,1,1,1.0
307,1,963.0,8.0,31.0,99.0,1,1,1.0
308,1,963.0,8.0,31.0,98.0,1,1,1.0
309,1,964.0,9.0,33.0,98.0,1,1,1.0
310,1,965.0,9.0,36.0,98.0,1,1,1.0
311,1,966.0,9.0,38.0,97.0,1,1,1.0
312,1,967.0,9.0,40.0,98.0,1,1,1.0
313,1,967.0,8.0,43.0,98.0,1,1,1.0
314,1,967.0,9.0,45.0,98.0,1,1,1.0
315,1,967.0,8.0,47.0,98.0,1,1,1.0
316,1,967.0,9.0,48.0,99.0,1,1,1.0
317,1,967.0,9.0,49.0,99.0,1,1,1.0
318,1,969.0,9.0,49.0,99.0,1,1,1.0
319,1,973.0,9.0,45.0,99.0,1,1,1.0
320,1,976.0,9.0,43.0,99.0,1,1,1.0
321,1,980.0,9.0,42.0,99.0,1,1,1.0
322,1,982.0,9.0,41.0,99.0,1,1,1.0
323,1,985.0,9.0,41.0,99.0,1,1,1.0
324,1,987.0,9.0,42.0,98.0,1,1,1.0
325,1,987.0,10.0,44.0,98.0,1,1,1.0
326,1,989.0,11.0,50.0,97.0,1,1,1.0
327,1,991.0,11.0,51.0,98.0,1,1,1.0
328,1,992.0,11.0,52.0,98.0,1,1,1.0
329,1,994.0,11.0,51.0,98.0,1,1,1.0
330,1,997.0,11.0,48.0,98.0,1,1,1.0
331,1,1002.0,11.0,44.0,97.0,1,1,1.0
332,1,1007.0,10.0,40.0,96.0,1,1,1.0
333,1,1014.0,10.0,35.0,97.0,1,1,1.0
334,1,1018.0,10.0,32.0,99.0,1,1,1.0
335,1,1020.0,11.0,33.0,99.0,1,1,1.0
336,1,1022.0,11.0,34.0,100.0,1,1,1.0
337,1,1023.0,12.0,35.0,100.0,1,1,1.0
338,1,1024.0,13.0,36.0,100.0,1,1,1.0
339,1,1025.0,13.0,36.0,100.0,1,1,1.0
340,1,1027.0,13.0,37.0,101.0,1,1,1.0
341,1,1028.0,13.0,37.0,101.0,1,1,1.0
342,1,1032.0,12.0,35.0,102.0,1,1,1.0
343,1,1037.0,12.0,33.0,102.0,1,1,1.0
344,1,1040.0,12.0,31.0,102.0,1,1,1.0
345,1,1042.0,12.0,30.0,102.0,1,1,1.0
346,1,1043.0,12.0,30.0,102.0,1,1,1.0
347,1,1044.0,12.0,32.0,102.0,1,1,1.0
348,1,1046.0,13.0,35.0,102.0,1,1,1.0
349,1,1047.0,14.0,39.0,101.0,1,1,1.0
350,1,1048.0,15.0,40.0,101.0,1,1,1.0
351,1,1047.0,15.0,41.0,102.0,1,1,1.0
352,1,1048.0,15.0,42.0,102.0,1,1,1.0
353,1,1049.0,15.0,41.0,103.0,1,1,1.0
354,1,1052.0,15.0,40.0,103.0,1,1,1.0
355,1,1054.0,15.0,39.0,104.0,1,1,1.0
356,1,1058.0,15.0,36.0,104.0,1,1,1.0
357,1,1062.0,15.0,34.0,103.0,1,1,1.0
358,1,1064.0,15.0,34.0,104.0,1,1,1.0
359,1,1064.0,16.0,37.0,105.0,1,1,1.0
360,1,1064.0,17.0,38.0,104.0,1,1,1.0
361,1,1067.0,17.0,37.0,104.0,1,1,1.0
362,1,1070.0,18.0,36.0,104.0,1,1,1.0
363,1,1072.0,18.0,35.0,105.0,1,1,1.0
364,1,1074.0,18.0,36.0,105.0,1,1,1.0
365,1,1071.0,18.0,40.0,105.0,1,1,1.0
366,1,1071.0,18.0,41.0,105.0,1,1,1.0
367,1,1073.0,18.0,41.0,106.0,1,1,1.0
369,1,1082.0,18.0,35.0,105.0,1,1,1.0
370,1,1085.0,19.0,36.0,104.0,1,1,1.0
371,1,1086.0,19.0,41.0,105.0,1,1,1.0
372,1,1086.0,20.0,46.0,105.0,1,1,1.0
373,1,1086.0,21.0,49.0,105.0,1,1,1.0
374,1,1086.0,21.0,50.0,105.0,1,1,1.0
375,1,1088.0,21.0,49.0,106.0,1,1,1.0
376,1,1091.0,20.0,47.0,106.0,1,1,1.0
377,1,1096.0,20.0,44.0,107.0,1,1,1.0
378,1,1102.0,20.0,40.0,107.0,1,1,1.0
379,1,1108.0,20.0,36.0,106.0,1,1,1.0
380,1,1109.0,20.0,37.0,106.0,1,1,1.0
381,1,1112.0,21.0,36.0,107.0,1,1,1.0
382,1,1115.0,21.0,36.0,108.0,1,1,1.0
383,1,1118.0,22.0,36.0,108.0,1,1,1.0
384,1,1118.0,22.0,38.0,108.0,1,1,1.0
385,1,1118.0,23.0,40.0,109.0,1,1,1.0
386,1,1120.0,23.0,41.0,110.0,1,1,1.0
387,1,1123.0,23.0,40.0,110.0,1,1,1.0
388,1,1127.0,22.0,38.0,111.0,1,1,1.0
389,1,1130.0,22.0,37.0,111.0,1,1,1.0
390,1,1133.0,22.0,37.0,111.0,1,1,1.0
391,1,1135.0,22.0,39.0,111.0,1,1,1.0
392,1,1138.0,22.0,39.0,111.0,1,1,1.0
393,1,1139.0,23.0,43.0,111.0,1,1,1.0
394,1,1140.0,24.0,49.0,110.0,1,1,1.0
395,1,1140.0,25.0,54.0,110.0,1,1,1.0
396,1,1140.0,26.0,55.0,110.0,1,1,1.0
397,1,1142.0,25.0,54.0,110.0,1,1,1.0
398,1,1146.0,25.0,51.0,110.0,1,1,1.0
400,1,1158.0,25.0,43.0,110.0,1,1,1.0
401,1,1165.0,24.0,39.0,110.0,1,1,1.0
402,1,1169.0,24.0,38.0,111.0,1,1,1.0
403,1,1171.0,24.0,38.0,112.0,1,1,1.0
404,1,1174.0,25.0,37.0,112.0,1,1,1.0
405,1,1177.0,25.0,37.0,112.0,1,1,1.0
406,1,1177.0,26.0,40.0,112.0,1,1,1.0
407,1,1178.0,26.0,43.0,113.0,1,1,1.0
408,1,1179.0,26.0,44.0,114.0,1,1,1.0
409,1,1182.0,25.0,42.0,115.0,1,1,1.0
410,1,1188.0,25.0,40.0,116.0,1,1,1.0
411,1,1190.0,25.0,40.0,117.0,1,1,1.0
412,1,1191.0,25.0,42.0,121.0,1,1,1.0
413,1,1192.0,25.0,43.0,123.0,1,1,1.0
414,1,1195.0,25.0,44.0,125.0,1,1,1.0
415,1,1198.0,26.0,45.0,120.0,1,1,1.0
416,1,1200.0,27.0,48.0,118.0,1,1,1.0
417,1,1200.0,28.0,53.0,118.0,1,1,1.0
418,1,1201.0,29.0,54.0,117.0,1,1,1.0
419,1,1202.0,30.0,54.0,118.0,1,1,1.0
420,1,1204.0,31.0,54.0,119.0,1,1,1.0
421,1,1207.0,31.0,54.0,119.0,1,1,1.0
422,1,1211.0,31.0,51.0,120.0,1,1,1.0
423,1,1216.0,31.0,50.0,121.0,1,1,1.0
424,1,1218.0,30.0,52.0,121.0,1,1,1.0
425,1,1224.0,30.0,48.0,118.0,1,1,1.0
426,1,1228.0,30.0,47.0,117.0,1,1,1.0
427,1,1231.0,31.0,48.0,117.0,1,1,1.0
428,1,1235.0,31.0,50.0,118.0,1,1,1.0
429,1,1237.0,32.0,51.0,119.0,1,1,1.0
430,1,1239.0,33.0,51.0,119.0,1,1,1.0
431,1,1240.0,33.0,52.0,119.0,1,1,1.0
432,1,1242.0,34.0,52.0,120.0,1,1,1.0
433,1,1247.0,34.0,50.0,120.0,1,1,1.0
434,1,1252.0,34.0,48.0,121.0,1,1,1.0
435,1,1257.0,33.0,46.0,121.0,1,1,1.0
436,1,1261.0,33.0,44.0,121.0,1,1,1.0
437,1,1264.0,34.0,44.0,121.0,1,1,1.0
438,1,1266.0,34.0,46.0,121.0,1,1,1.0
439,1,1267.0,35.0,50.0,120.0,1,1,1.0
440,1,1268.0,36.0,57.0,120.0,1,1,1.0
441,1,1269.0,38.0,62.0,120.0,1,1,1.0
442,1,1270.0,39.0,62.0,120.0,1,1,1.0
443,1,1272.0,40.0,62.0,120.0,1,1,1.0
445,1,1282.0,40.0,56.0,120.0,1,1,1.0
446,1,1289.0,40.0,53.0,119.0,1,1,1.0
447,1,1297.0,40.0,48.0,120.0,1,1,1.0
448,1,1303.0,39.0,44.0,120.0,1,1,1.0
449,1,1307.0,40.0,42.0,121.0,1,1,1.0
450,1,1310.0,42.0,42.0,120.0,1,1,1.0
451,1,1312.0,43.0,45.0,121.0,1,1,1.0
452,1,1312.0,43.0,48.0,121.0,1,1,1.0
453,1,1313.0,44.0,51.0,122.0,1,1,1.0
454,1,1314.0,45.0,51.0,122.0,1,1,1.0
455,1,1319.0,45.0,50.0,122.0,1,1,1.0
456,1,1325.0,45.0,47.0,122.0,1,1,1.0
457,1,1331.0,45.0,44.0,122.0,1,1,1.0
458,1,1335.0,45.0,43.0,123.0,1,1,1.0
459,1,1337.0,45.0,45.0,123.0,1,1,1.0
460,1,1339.0,45.0,45.0,123.0,1,1,1.0
461,1,1342.0,46.0,49.0,123.0,1,1,1.0
462,1,1344.0,48.0,55.0,123.0,1,1,1.0
463,1,1345.0,48.0,59.0,123.0,1,1,1.0
464,1,1347.0,50.0,62.0,122.0,1,1,1.0
465,1,1348.0,51.0,62.0,123.0,1,1,1.0
466,1,1349.0,51.0,62.0,124.0,1,1,1.0
467,1,1354.0,51.0,58.0,124.0,1,1,1.0
468,1,1361.0,51.0,53.0,125.0,1,1,1.0
469,1,1369.0,51.0,48.0,125.0,1,1,1.0
470,1,1376.0,51.0,44.0,124.0,1,1,1.0
471,1,1381.0,51.0,42.0,124.0,1,1,1.0
472,1,1384.0,51.0,42.0,126.0,1,1,1.0
473,1,1386.0,52.0,43.0,127.0,1,1,1.0
474,1,1388.0,52.0,45.0,128.0,1,1,1.0
475,1,1389.0,55.0,47.0,126.0,1,1,1.0
476,1,1389.0,55.0,50.0,127.0,1,1,1.0
477,1,1391.0,55.0,51.0,127.0,1,1,1.0
478,1,1395.0,56.0,49.0,127.0,1,1,1.0
480,1,1404.0,54.0,47.0,129.0,1,1,1.0
481,1,1408.0,53.0,49.0,130.0,1,1,1.0
482,1,1413.0,55.0,45.0,128.0,1,1,1.0
483,1,1416.0,56.0,46.0,127.0,1,1,1.0
484,1,1418.0,57.0,46.0,127.0,1,1,1.0
485,1,1419.0,58.0,52.0,127.0,1,1,1.0
486,1,1420.0,60.0,57.0,127.0,1,1,1.0
487,1,1420.0,61.0,60.0,127.0,1,1,1.0
488,1,1421.0,61.0,61.0,129.0,1,1,1.0
489,1,1422.0,62.0,61.0,129.0,1,1,1.0
490,1,1427.0,62.0,57.0,129.0,1,1,1.0
491,1,1433.0,62.0,53.0,129.0,1,1,1.0
492,1,1440.0,62.0,49.0,129.0,1,1,1.0
493,1,1446.0,62.0,45.0,129.0,1,1,1.0
494,1,1451.0,63.0,44.0,129.0,1,1,1.0
495,1,1453.0,63.0,43.0,130.0,1,1,1.0
496,1,1456.0,63.0,44.0,131.0,1,1,1.0
497,1,1459.0,64.0,44.0,131.0,1,1,1.0
498,1,1461.0,65.0,44.0,131.0,1,1,1.0
499,1,1461.0,66.0,46.0,132.0,1,1,1.0
500,1,1460.0,66.0,48.0,133.0,1,1,1.0
501,1,1460.0,67.0,50.0,133.0,1,1,1.0
502,1,1464.0,67.0,49.0,133.0,1,1,1.0
503,1,1468.0,67.0,47.0,133.0,1,1,1.0
504,1,1471.0,67.0,47.0,133.0,1,1,1.0
505,1,1474.0,67.0,46.0,133.0,1,1,1.0
506,1,1477.0,67.0,44.0,133.0,1,1,1.0
507,1,1480.0,68.0,44.0,133.0,1,1,1.0
508,1,1481.0,69.0,48.0,134.0,1,1,1.0
509,1,1485.0,70.0,49.0,134.0,1,1,1.0
510,1,1488.0,71.0,51.0,134.0,1,1,1.0
511,1,1489.0,71.0,54.0,135.0,1,1,1.0
512,1,1489.0,73.0,55.0,134.0,1,1,1.0
513,1,1489.0,74.0,56.0,136.0,1,1,1.0
514,1,1491.0,74.0,55.0,136.0,1,1,1.0
515,1,1493.0,74.0,55.0,136.0,1,1,1.0
516,1,1495.0,75.0,54.0,136.0,1,1,1.0
517,1,1500.0,75.0,53.0,136.0,1,1,1.0
518,1,1503.0,75.0,52.0,138.0,1,1,1.0
519,1,1507.0,76.0,49.0,137.0,1,1,1.0
520,1,1510.0,77.0,47.0,136.0,1,1,1.0
521,1,1512.0,76.0,46.0,138.0,1,1,1.0
522,1,1512.0,77.0,45.0,136.0,1,1,1.0
523,1,1513.0,77.0,45.0,138.0,1,1,1.0
524,1,1514.0,77.0,44.0,139.0,1,1,1.0
525,1,1514.0,77.0,44.0,139.0,1,1,1.0
526,1,1515.0,78.0,44.0,139.0,1,1,1.0
527,1,1515.0,78.0,44.0,140.0,1,1,1.0
528,1,1515.0,78.0,44.0,140.0,1,1,1.0
529,1,1514.0,78.0,45.0,141.0,1,1,1.0
530,1,1514.0,78.0,45.0,141.0,1,1,1.0
531,1,1513.0,78.0,46.0,143.0,1,1,1.0
532,1,1512.0,77.0,46.0,145.0,1,1,1.0
533,1,1511.0,79.0,47.0,143.0,1,1,1.0
534,1,1510.0,81.0,47.0,143.0,1,1,1.0
535,1,1510.0,82.0,47.0,143.0,1,1,1.0
536,1,1510.0,83.0,46.0,142.0,1,1,1.0
537,1,1509.0,83.0,47.0,143.0,1,1,1.0
538,1,1507.0,82.0,48.0,144.0,1,1,1.0
539,1,1505.0,81.0,49.0,144.0,1,1,1.0
540,1,1504.0,81.0,48.0,145.0,1,1,1.0
541,1,1501.0,80.0,47.0,146.0,1,1,1.0
542,1,1499.0,80.0,48.0,145.0,1,1,1.0
543,1,1495.0,80.0,50.0,146.0,1,1,1.0
544,1,1488.0,82.0,55.0,144.0,1,1,1.0
545,1,1482.0,81.0,60.0,145.0,1,1,1.0
546,1,1479.0,79.0,61.0,148.0,1,1,1.0
547,1,1478.0,78.0,63.0,148.0,1,1,1.0
548,1,1477.0,77.0,62.0,149.0,1,1,1.0
549,1,1477.0,76.0,57.0,149.0,1,1,1.0
550,1,1475.0,76.0,51.0,148.0,1,1,1.0
551,1,1472.0,75.0,50.0,149.0,1,1,1.0
552,1,1470.0,74.0,47.0,151.0,1,1,1.0
553,1,1467.0,74.0,46.0,152.0,1,1,1.0
554,1,1462.0,74.0,48.0,152.0,1,1,1.0
555,1,1456.0,76.0,51.0,152.0,1,1,1.0
556,1,1452.0,76.0,52.0,151.0,1,1,1.0
557,1,1449.0,77.0,51.0,150.0,1,1,1.0
558,1,1447.0,77.0,52.0,150.0,1,1,1.0
559,1,1445.0,76.0,51.0,150.0,1,1,1.0
560,1,1443.0,77.0,49.0,150.0,1,1,1.0
561,1,1440.0,75.0,49.0,151.0,1,1,1.0
562,1,1436.0,74.0,50.0,153.0,1,1,1.0
563,1,1432.0,73.0,51.0,154.0,1,1,1.0
564,1,1428.0,72.0,52.0,154.0,1,1,1.0
565,1,1419.0,72.0,58.0,154.0,1,1,1.0
566,1,1409.0,72.0,65.0,154.0,1,1,1.0
567,1,1402.0,73.0,68.0,153.0,1,1,1.0
568,1,1399.0,73.0,68.0,154.0,1,1,1.0
569,1,1397.0,73.0,68.0,154.0,1,1,1.0
570,1,1397.0,72.0,66.0,154.0,1,1,1.0
571,1,1397.0,70.0,61.0,156.0,1,1,1.0
572,1,1396.0,69.0,55.0,156.0,1,1,1.0
573,1,1395.0,69.0,52.0,157.0,1,1,1.0
574,1,1392.0,68.0,50.0,158.0,1,1,1.0
575,1,1390.0,68.0,49.0,159.0,1,1,1.0
576,1,1388.0,68.0,49.0,161.0,1,1,1.0
577,1,1385.0,70.0,49.0,161.0,1,1,1.0
578,1,1380.0,71.0,51.0,160.0,1,1,1.0
579,1,1374.0,73.0,53.0,159.0,1,1,1.0
580,1,1371.0,73.0,55.0,158.0,1,1,1.0
581,1,1369.0,74.0,53.0,157.0,1,1,1.0
582,1,1369.0,74.0,51.0,157.0,1,1,1.0
583,1,1366.0,73.0,51.0,158.0,1,1,1.0
584,1,1360.0,72.0,54.0,160.0,1,1,1.0
585,1,1354.0,71.0,57.0,161.0,1,1,1.0
586,1,1350.0,70.0,59.0,161.0,1,1,1.0
587,1,1345.0,70.0,61.0,162.0,1,1,1.0
588,1,1341.0,71.0,63.0,161.0,1,1,1.0
589,1,1336.0,70.0,63.0,163.0,1,1,1.0
590,1,1332.0,71.0,64.0,163.0,1,1,1.0
591,1,1327.0,71.0,65.0,164.0,1,1,1.0
592,1,1328.0,71.0,61.0,164.0,1,1,1.0
593,1,1329.0,69.0,58.0,166.0,1,1,1.0
594,1,1329.0,68.0,54.0,167.0,1,1,1.0
595,1,1322.0,67.0,57.0,168.0,1,1,1.0
596,1,1321.0,67.0,55.0,168.0,1,1,1.0
597,1,1317.0,66.0,55.0,171.0,1,1,1.0
598,1,1311.0,66.0,58.0,172.0,1,1,1.0
599,1,1306.0,67.0,61.0,174.0,1,1,1.0
600,1,1303.0,68.0,61.0,174.0,1,1,1.0
601,1,1302.0,70.0,59.0,173.0,1,1,1.0
602,1,1300.0,71.0,58.0,172.0,1,1,1.0
603,1,1299.0,71.0,56.0,172.0,1,1,1.0
604,1,1297.0,70.0,54.0,174.0,1,1,1.0
605,1,1295.0,69.0,54.0,175.0,1,1,1.0
606,1,1291.0,68.0,55.0,176.0,1,1,1.0
607,1,1286.0,67.0,56.0,177.0,1,1,1.0
608,1,1281.0,67.0,57.0,177.0,1,1,1.0
615,1,1244.0,66.0,63.0,221.0,1,1,1.0
617,1,1235.0,66.0,63.0,190.0,1,1,1.0
619,1,1223.0,65.0,69.0,183.0,1,1,1.0
621,1,1212.0,66.0,74.0,188.0,1,1,1.0
622,1,1207.0,67.0,75.0,188.0,1,1,1.0
623,1,1203.0,68.0,75.0,191.0,1,1,1.0
625,1,1199.0,68.0,71.0,191.0,1,1,1.0
626,1,1196.0,67.0,68.0,191.0,1,1,1.0
627,1,1192.0,66.0,67.0,192.0,1,1,1.0
628,1,1188.0,65.0,67.0,192.0,1,1,1.0
629,1,1182.0,65.0,66.0,193.0,1,1,1.0
630,1,1176.0,64.0,68.0,193.0,1,1,1.0
631,1,1168.0,65.0,71.0,192.0,1,1,1.0
632,1,1155.0,66.0,81.0,192.0,1,1,1.0
633,1,1144.0,67.0,89.0,192.0,1,1,1.0
634,1,1138.0,67.0,95.0,193.0,1,1,1.0
635,1,1134.0,67.0,100.0,194.0,1,1,1.0
636,1,1131.0,66.0,97.0,194.0,1,1,1.0
637,1,1130.0,65.0,91.0,195.0,1,1,1.0
638,1,1129.0,64.0,80.0,196.0,1,1,1.0
639,1,1128.0,64.0,75.0,197.0,1,1,1.0
640,1,1125.0,63.0,75.0,197.0,1,1,1.0
641,1,1120.0,63.0,80.0,200.0,1,1,1.0
642,1,1115.0,64.0,84.0,203.0,1,1,1.0
643,1,1111.0,65.0,86.0,205.0,1,1,1.0
644,1,1105.0,67.0,89.0,201.0,1,1,1.0
645,1,1098.0,69.0,90.0,202.0,1,1,1.0
646,1,1094.0,70.0,88.0,202.0,1,1,1.0
647,1,1092.0,71.0,84.0,204.0,1,1,1.0
648,1,1088.0,71.0,81.0,204.0,1,1,1.0
649,1,1083.0,70.0,78.0,205.0,1,1,1.0
650,1,1079.0,69.0,74.0,206.0,1,1,1.0
651,1,1074.0,69.0,69.0,206.0,1,1,1.0
652,1,1068.0,68.0,69.0,207.0,1,1,1.0
653,1,1061.0,69.0,71.0,206.0,1,1,1.0
654,1,1052.0,69.0,75.0,208.0,1,1,1.0
655,1,1039.0,70.0,83.0,210.0,1,1,1.0
656,1,1031.0,72.0,88.0,211.0,1,1,1.0
657,1,1028.0,73.0,90.0,212.0,1,1,1.0
658,1,1026.0,74.0,92.0,213.0,1,1,1.0
659,1,1023.0,74.0,90.0,214.0,1,1,1.0
660,1,1019.0,74.0,86.0,214.0,1,1,1.0
661,1,1013.0,74.0,83.0,214.0,1,1,1.0
662,1,1009.0,73.0,77.0,214.0,1,1,1.0
663,1,1004.0,74.0,80.0,214.0,1,1,1.0
664,1,999.0,74.0,86.0,219.0,1,1,1.0
665,1,994.0,74.0,92.0,223.0,1,1,1.0
666,1,988.0,77.0,98.0,225.0,1,1,1.0
667,1,982.0,80.0,101.0,225.0,1,1,1.0
668,1,977.0,81.0,102.0,226.0,1,1,1.0
669,1,972.0,82.0,100.0,226.0,1,1,1.0
670,1,967.0,82.0,96.0,226.0,1,1,1.0
671,1,963.0,82.0,89.0,227.0,1,1,1.0
672,1,958.0,81.0,82.0,227.0,1,1,1.0
673,1,952.0,80.0,79.0,228.0,1,1,1.0
674,1,945.0,81.0,80.0,228.0,1,1,1.0
675,1,935.0,82.0,85.0,230.0,1,1,1.0
676,1,924.0,84.0,95.0,230.0,1,1,1.0
677,1,916.0,86.0,102.0,231.0,1,1,1.0
678,1,912.0,88.0,106.0,232.0,1,1,1.0
679,1,908.0,89.0,107.0,232.0,1,1,1.0
680,1,904.0,90.0,107.0,232.0,1,1,1.0
681,1,899.0,90.0,104.0,232.0,1,1,1.0
682,1,893.0,90.0,100.0,232.0,1,1,1.0
683,1,886.0,89.0,96.0,232.0,1,1,1.0
684,1,880.0,89.0,98.0,232.0,1,1,1.0
685,1,874.0,89.0,102.0,236.0,1,1,1.0
686,1,868.0,91.0,105.0,240.0,1,1,1.0
687,1,862.0,93.0,108.0,243.0,1,1,1.0
688,1,856.0,96.0,109.0,242.0,1,1,1.0
689,1,850.0,98.0,109.0,243.0,1,1,1.0
690,1,845.0,99.0,108.0,243.0,1,1,1.0
691,1,840.0,100.0,106.0,243.0,1,1,1.0
692,1,833.0,100.0,102.0,243.0,1,1,1.0
693,1,828.0,99.0,92.0,244.0,1,1,1.0
694,1,822.0,99.0,84.0,244.0,1,1,1.0
695,1,815.0,99.0,87.0,244.0,1,1,1.0
696,1,809.0,100.0,90.0,243.0,1,1,1.0
697,1,798.0,101.0,95.0,243.0,1,1,1.0
698,1,779.0,102.0,110.0,243.0,1,1,1.0
699,1,768.0,104.0,120.0,243.0,1,1,1.0
700,1,760.0,106.0,126.0,244.0,1,1,1.0
701,1,756.0,106.0,126.0,245.0,1,1,1.0
702,1,754.0,107.0,122.0,245.0,1,1,1.0
703,1,752.0,106.0,113.0,246.0,1,1,1.0
704,1,747.0,106.0,103.0,246.0,1,1,1.0
705,1,738.0,106.0,95.0,246.0,1,1,1.0
706,1,729.0,107.0,94.0,247.0,1,1,1.0
707,1,720.0,108.0,102.0,251.0,1,1,1.0
708,1,709.0,110.0,110.0,255.0,1,1,1.0
709,1,700.0,112.0,119.0,257.0,1,1,1.0
710,1,689.0,115.0,126.0,259.0,1,1,1.0
711,1,678.0,117.0,129.0,259.0,1,1,1.0
712,1,675.0,119.0,122.0,259.0,1,1,1.0
713,1,669.0,120.0,117.0,259.0,1,1,1.0
714,1,662.0,120.0,109.0,259.0,1,1,1.0
715,1,655.0,120.0,99.0,259.0,1,1,1.0
716,1,648.0,120.0,91.0,259.0,1,1,1.0
717,1,642.0,120.0,89.0,259.0,1,1,1.0
718,1,633.0,122.0,91.0,258.0,1,1,1.0
719,1,619.0,123.0,105.0,259.0,1,1,1.0
720,1,601.0,126.0,123.0,260.0,1,1,1.0
721,1,589.0,129.0,134.0,260.0,1,1,1.0
722,1,583.0,131.0,140.0,259.0,1,1,1.0
723,1,578.0,133.0,140.0,259.0,1,1,1.0
724,1,570.0,134.0,135.0,259.0,1,1,1.0
725,1,560.0,134.0,128.0,259.0,1,1,1.0
726,1,550.0,135.0,120.0,258.0,1,1,1.0
727,1,540.0,135.0,112.0,257.0,1,1,1.0
728,1,533.0,137.0,113.0,261.0,1,1,1.0
729,1,524.0,138.0,120.0,268.0,1,1,1.0
730,1,517.0,141.0,127.0,271.0,1,1,1.0
731,1,509.0,144.0,133.0,274.0,1,1,1.0
732,1,502.0,148.0,134.0,274.0,1,1,1.0
733,1,494.0,150.0,133.0,274.0,1,1,1.0
734,1,487.0,152.0,134.0,273.0,1,1,1.0
735,1,481.0,152.0,126.0,273.0,1,1,1.0
736,1,475.0,153.0,116.0,273.0,1,1,1.0
737,1,465.0,153.0,108.0,272.0,1,1,1.0
738,1,460.0,153.0,95.0,272.0,1,1,1.0
739,1,453.0,154.0,93.0,271.0,1,1,1.0
740,1,437.0,156.0,108.0,270.0,1,1,1.0
