1,1,1021.0,679.0,67.0,219.0,1,1,1.0
2,1,1021.0,676.0,66.0,220.0,1,1,1.0
3,1,1019.0,674.0,68.0,221.0,1,1,1.0
4,1,1017.0,670.0,74.0,224.0,1,1,1.0
5,1,1016.0,667.0,79.0,227.0,1,1,1.0
6,1,1015.0,665.0,84.0,228.0,1,1,1.0
7,1,1016.0,664.0,88.0,226.0,1,1,1.0
8,1,1017.0,663.0,88.0,224.0,1,1,1.0
9,1,1017.0,663.0,87.0,214.0,1,1,1.0
10,1,1017.0,661.0,83.0,208.0,1,1,1.0
11,1,1017.0,658.0,78.0,205.0,1,1,1.0
12,1,1018.0,656.0,70.0,204.0,1,1,1.0
13,1,1019.0,651.0,65.0,207.0,1,1,1.0
14,1,1019.0,648.0,63.0,210.0,1,1,1.0
15,1,1019.0,645.0,61.0,213.0,1,1,1.0
16,1,1018.0,644.0,60.0,213.0,1,1,1.0
17,1,1017.0,643.0,59.0,212.0,1,1,1.0
18,1,1016.0,643.0,59.0,209.0,1,1,1.0
19,1,1016.0,644.0,59.0,194.0,1,1,1.0
20,1,1015.0,645.0,59.0,188.0,1,1,1.0
21,1,1015.0,644.0,60.0,187.0,1,1,1.0
22,1,1013.0,642.0,63.0,188.0,1,1,1.0
23,1,1010.0,637.0,69.0,193.0,1,1,1.0
24,1,1008.0,633.0,73.0,196.0,1,1,1.0
25,1,1007.0,632.0,76.0,197.0,1,1,1.0
26,1,1006.0,631.0,77.0,196.0,1,1,1.0
27,1,1006.0,631.0,78.0,195.0,1,1,1.0
28,1,1006.0,630.0,76.0,192.0,1,1,1.0
29,1,1006.0,631.0,73.0,182.0,1,1,1.0
30,1,1008.0,629.0,67.0,180.0,1,1,1.0
31,1,1008.0,626.0,61.0,179.0,1,1,1.0
32,1,1008.0,623.0,58.0,180.0,1,1,1.0
33,1,1007.0,621.0,57.0,182.0,1,1,1.0
34,1,1006.0,620.0,55.0,183.0,1,1,1.0
35,1,1005.0,619.0,54.0,182.0,1,1,1.0
36,1,1004.0,619.0,52.0,180.0,1,1,1.0
37,1,1002.0,623.0,52.0,168.0,1,1,1.0
38,1,1000.0,617.0,52.0,172.0,1,1,1.0
39,1,999.0,615.0,52.0,170.0,1,1,1.0
40,1,997.0,610.0,54.0,172.0,1,1,1.0
41,1,996.0,606.0,56.0,176.0,1,1,1.0
42,1,994.0,603.0,58.0,178.0,1,1,1.0
43,1,993.0,600.0,60.0,181.0,1,1,1.0
44,1,992.0,599.0,62.0,181.0,1,1,1.0
45,1,991.0,600.0,63.0,179.0,1,1,1.0
46,1,991.0,601.0,63.0,177.0,1,1,1.0
47,1,991.0,601.0,62.0,173.0,1,1,1.0
48,1,991.0,602.0,60.0,168.0,1,1,1.0
49,1,991.0,602.0,57.0,164.0,1,1,1.0
50,1,991.0,600.0,53.0,163.0,1,1,1.0
51,1,991.0,598.0,50.0,164.0,1,1,1.0
52,1,990.0,595.0,49.0,167.0,1,1,1.0
53,1,989.0,593.0,48.0,169.0,1,1,1.0
54,1,988.0,593.0,47.0,168.0,1,1,1.0
55,1,987.0,594.0,47.0,165.0,1,1,1.0
56,1,985.0,593.0,47.0,160.0,1,1,1.0
57,1,984.0,592.0,47.0,157.0,1,1,1.0
58,1,982.0,590.0,48.0,158.0,1,1,1.0
59,1,982.0,587.0,48.0,161.0,1,1,1.0
60,1,981.0,583.0,49.0,163.0,1,1,1.0
61,1,980.0,582.0,52.0,164.0,1,1,1.0
62,1,980.0,581.0,54.0,164.0,1,1,1.0
63,1,979.0,580.0,56.0,164.0,1,1,1.0
64,1,979.0,581.0,57.0,163.0,1,1,1.0
65,1,980.0,581.0,56.0,162.0,1,1,1.0
66,1,980.0,581.0,55.0,159.0,1,1,1.0
67,1,980.0,578.0,55.0,157.0,1,1,1.0
68,1,980.0,576.0,52.0,157.0,1,1,1.0
69,1,980.0,575.0,49.0,157.0,1,1,1.0
70,1,979.0,575.0,47.0,156.0,1,1,1.0
71,1,978.0,575.0,46.0,156.0,1,1,1.0
72,1,977.0,575.0,45.0,156.0,1,1,1.0
73,1,976.0,575.0,44.0,155.0,1,1,1.0
74,1,975.0,575.0,43.0,152.0,1,1,1.0
75,1,973.0,575.0,44.0,150.0,1,1,1.0
76,1,972.0,576.0,44.0,145.0,1,1,1.0
77,1,971.0,575.0,44.0,143.0,1,1,1.0
78,1,971.0,573.0,44.0,145.0,1,1,1.0
79,1,970.0,571.0,45.0,146.0,1,1,1.0
80,1,970.0,569.0,46.0,147.0,1,1,1.0
81,1,969.0,569.0,49.0,147.0,1,1,1.0
82,1,968.0,570.0,51.0,146.0,1,1,1.0
83,1,968.0,572.0,52.0,144.0,1,1,1.0
84,1,968.0,572.0,53.0,142.0,1,1,1.0
85,1,968.0,572.0,52.0,139.0,1,1,1.0
86,1,969.0,571.0,51.0,138.0,1,1,1.0
87,1,969.0,568.0,48.0,139.0,1,1,1.0
88,1,968.0,568.0,45.0,138.0,1,1,1.0
89,1,968.0,567.0,43.0,139.0,1,1,1.0
90,1,967.0,565.0,41.0,140.0,1,1,1.0
91,1,967.0,565.0,39.0,140.0,1,1,1.0
92,1,967.0,565.0,39.0,139.0,1,1,1.0
93,1,966.0,565.0,37.0,139.0,1,1,1.0
94,1,965.0,564.0,38.0,136.0,1,1,1.0
95,1,965.0,563.0,39.0,134.0,1,1,1.0
96,1,964.0,562.0,39.0,134.0,1,1,1.0
97,1,964.0,562.0,40.0,134.0,1,1,1.0
98,1,963.0,560.0,41.0,135.0,1,1,1.0
99,1,963.0,560.0,43.0,134.0,1,1,1.0
100,1,963.0,559.0,44.0,135.0,1,1,1.0
101,1,964.0,558.0,45.0,135.0,1,1,1.0
102,1,965.0,558.0,45.0,134.0,1,1,1.0
103,1,966.0,558.0,45.0,133.0,1,1,1.0
104,1,966.0,558.0,44.0,130.0,1,1,1.0
105,1,966.0,559.0,44.0,128.0,1,1,1.0
106,1,967.0,557.0,43.0,127.0,1,1,1.0
107,1,967.0,555.0,41.0,129.0,1,1,1.0
108,1,967.0,554.0,40.0,130.0,1,1,1.0
109,1,967.0,553.0,39.0,130.0,1,1,1.0
110,1,966.0,554.0,38.0,130.0,1,1,1.0
111,1,966.0,554.0,38.0,128.0,1,1,1.0
112,1,965.0,554.0,37.0,128.0,1,1,1.0
113,1,965.0,555.0,37.0,124.0,1,1,1.0
114,1,965.0,554.0,37.0,122.0,1,1,1.0
115,1,965.0,553.0,37.0,122.0,1,1,1.0
116,1,963.0,552.0,38.0,124.0,1,1,1.0
117,1,962.0,550.0,41.0,125.0,1,1,1.0
118,1,961.0,550.0,43.0,125.0,1,1,1.0
119,1,961.0,551.0,45.0,123.0,1,1,1.0
120,1,961.0,552.0,47.0,123.0,1,1,1.0
121,1,959.0,551.0,48.0,122.0,1,1,1.0
122,1,960.0,550.0,48.0,122.0,1,1,1.0
123,1,961.0,549.0,47.0,121.0,1,1,1.0
124,1,961.0,547.0,47.0,120.0,1,1,1.0
125,1,959.0,546.0,45.0,120.0,1,1,1.0
126,1,960.0,546.0,42.0,119.0,1,1,1.0
127,1,959.0,546.0,41.0,119.0,1,1,1.0
128,1,958.0,546.0,40.0,119.0,1,1,1.0
129,1,957.0,546.0,38.0,118.0,1,1,1.0
130,1,957.0,547.0,37.0,117.0,1,1,1.0
131,1,956.0,547.0,37.0,116.0,1,1,1.0
132,1,956.0,546.0,36.0,116.0,1,1,1.0
133,1,955.0,546.0,36.0,113.0,1,1,1.0
134,1,954.0,546.0,36.0,112.0,1,1,1.0
135,1,954.0,544.0,35.0,113.0,1,1,1.0
136,1,954.0,544.0,35.0,113.0,1,1,1.0
137,1,953.0,542.0,36.0,114.0,1,1,1.0
138,1,953.0,542.0,36.0,115.0,1,1,1.0
139,1,952.0,542.0,36.0,115.0,1,1,1.0
140,1,952.0,542.0,35.0,114.0,1,1,1.0
141,1,952.0,541.0,33.0,114.0,1,1,1.0
142,1,953.0,541.0,32.0,113.0,1,1,1.0
143,1,952.0,541.0,32.0,109.0,1,1,1.0
144,1,952.0,542.0,32.0,107.0,1,1,1.0
145,1,952.0,539.0,31.0,110.0,1,1,1.0
146,1,952.0,537.0,31.0,111.0,1,1,1.0
147,1,950.0,537.0,32.0,112.0,1,1,1.0
148,1,949.0,537.0,32.0,113.0,1,1,1.0
149,1,948.0,538.0,32.0,111.0,1,1,1.0
150,1,946.0,538.0,34.0,110.0,1,1,1.0
151,1,945.0,538.0,33.0,110.0,1,1,1.0
152,1,944.0,538.0,33.0,107.0,1,1,1.0
153,1,944.0,538.0,33.0,106.0,1,1,1.0
154,1,943.0,538.0,34.0,105.0,1,1,1.0
155,1,943.0,536.0,33.0,107.0,1,1,1.0
156,1,942.0,534.0,33.0,109.0,1,1,1.0
157,1,942.0,534.0,31.0,108.0,1,1,1.0
158,1,942.0,534.0,30.0,108.0,1,1,1.0
159,1,942.0,535.0,30.0,107.0,1,1,1.0
160,1,942.0,535.0,30.0,106.0,1,1,1.0
161,1,942.0,535.0,30.0,105.0,1,1,1.0
162,1,941.0,534.0,30.0,103.0,1,1,1.0
163,1,941.0,532.0,30.0,103.0,1,1,1.0
164,1,941.0,531.0,30.0,105.0,1,1,1.0
165,1,941.0,531.0,30.0,105.0,1,1,1.0
166,1,940.0,532.0,30.0,104.0,1,1,1.0
167,1,938.0,533.0,32.0,103.0,1,1,1.0
168,1,937.0,534.0,32.0,101.0,1,1,1.0
169,1,935.0,535.0,32.0,100.0,1,1,1.0
170,1,934.0,534.0,32.0,100.0,1,1,1.0
171,1,934.0,533.0,32.0,99.0,1,1,1.0
172,1,933.0,533.0,32.0,97.0,1,1,1.0
173,1,933.0,533.0,32.0,97.0,1,1,1.0
174,1,932.0,531.0,33.0,99.0,1,1,1.0
175,1,932.0,530.0,32.0,100.0,1,1,1.0
176,1,932.0,528.0,32.0,101.0,1,1,1.0
177,1,933.0,527.0,31.0,102.0,1,1,1.0
178,1,933.0,527.0,30.0,102.0,1,1,1.0
179,1,933.0,527.0,30.0,102.0,1,1,1.0
180,1,933.0,527.0,30.0,100.0,1,1,1.0
181,1,933.0,526.0,30.0,100.0,1,1,1.0
182,1,933.0,527.0,30.0,98.0,1,1,1.0
183,1,932.0,527.0,29.0,97.0,1,1,1.0
184,1,932.0,526.0,29.0,98.0,1,1,1.0
185,1,931.0,526.0,30.0,98.0,1,1,1.0
186,1,931.0,526.0,30.0,98.0,1,1,1.0
187,1,931.0,526.0,30.0,97.0,1,1,1.0
188,1,931.0,526.0,30.0,96.0,1,1,1.0
189,1,931.0,527.0,29.0,95.0,1,1,1.0
190,1,929.0,529.0,30.0,91.0,1,1,1.0
191,1,929.0,528.0,30.0,91.0,1,1,1.0
192,1,929.0,527.0,30.0,91.0,1,1,1.0
193,1,930.0,525.0,30.0,93.0,1,1,1.0
194,1,930.0,524.0,30.0,94.0,1,1,1.0
195,1,930.0,523.0,31.0,95.0,1,1,1.0
196,1,931.0,523.0,30.0,95.0,1,1,1.0
197,1,931.0,524.0,31.0,94.0,1,1,1.0
198,1,932.0,524.0,31.0,93.0,1,1,1.0
199,1,933.0,524.0,30.0,93.0,1,1,1.0
200,1,934.0,523.0,30.0,91.0,1,1,1.0
201,1,935.0,523.0,30.0,91.0,1,1,1.0
202,1,935.0,521.0,30.0,92.0,1,1,1.0
203,1,934.0,520.0,32.0,94.0,1,1,1.0
204,1,934.0,519.0,33.0,95.0,1,1,1.0
205,1,934.0,519.0,33.0,95.0,1,1,1.0
206,1,933.0,520.0,34.0,94.0,1,1,1.0
207,1,934.0,521.0,33.0,92.0,1,1,1.0
208,1,934.0,522.0,33.0,90.0,1,1,1.0
209,1,935.0,523.0,32.0,89.0,1,1,1.0
210,1,934.0,524.0,34.0,87.0,1,1,1.0
211,1,938.0,523.0,31.0,87.0,1,1,1.0
212,1,941.0,522.0,28.0,88.0,1,1,1.0
213,1,943.0,520.0,27.0,88.0,1,1,1.0
214,1,944.0,520.0,27.0,89.0,1,1,1.0
215,1,944.0,521.0,28.0,87.0,1,1,1.0
216,1,944.0,522.0,31.0,87.0,1,1,1.0
217,1,945.0,522.0,33.0,87.0,1,1,1.0
218,1,945.0,523.0,34.0,86.0,1,1,1.0
219,1,949.0,523.0,33.0,82.0,1,1,1.0
220,1,952.0,523.0,31.0,82.0,1,1,1.0
221,1,956.0,524.0,30.0,81.0,1,1,1.0
222,1,960.0,524.0,28.0,81.0,1,1,1.0
223,1,962.0,523.0,29.0,83.0,1,1,1.0
224,1,963.0,522.0,31.0,83.0,1,1,1.0
225,1,964.0,523.0,34.0,82.0,1,1,1.0
226,1,964.0,525.0,37.0,81.0,1,1,1.0
227,1,964.0,526.0,41.0,79.0,1,1,1.0
228,1,966.0,528.0,41.0,77.0,1,1,1.0
232,1,989.0,534.0,29.0,72.0,1,1,1.0
233,1,992.0,535.0,31.0,71.0,1,1,1.0
234,1,993.0,535.0,35.0,71.0,1,1,1.0
235,1,993.0,529.0,41.0,78.0,1,1,1.0
236,1,994.0,536.0,44.0,72.0,1,1,1.0
237,1,996.0,539.0,45.0,69.0,1,1,1.0
238,1,998.0,517.0,50.0,91.0,1,1,1.0
239,1,1001.0,510.0,51.0,99.0,1,1,1.0
243,1,1023.0,529.0,37.0,79.0,1,1,1.0
244,1,1025.0,530.0,39.0,78.0,1,1,1.0
245,1,1026.0,531.0,45.0,77.0,1,1,1.0
246,1,1028.0,532.0,47.0,77.0,1,1,1.0
247,1,1029.0,532.0,46.0,77.0,1,1,1.0
248,1,1034.0,533.0,43.0,77.0,1,1,1.0
249,1,1041.0,533.0,39.0,74.0,1,1,1.0
250,1,1049.0,533.0,35.0,74.0,1,1,1.0
253,1,1060.0,534.0,34.0,77.0,1,1,1.0
256,1,1065.0,537.0,39.0,77.0,1,1,1.0
257,1,1070.0,538.0,36.0,77.0,1,1,1.0
260,1,1086.0,533.0,27.0,83.0,1,1,1.0
261,1,1089.0,532.0,27.0,83.0,1,1,1.0
262,1,1090.0,531.0,32.0,85.0,1,1,1.0
263,1,1091.0,530.0,38.0,86.0,1,1,1.0
264,1,1092.0,530.0,44.0,87.0,1,1,1.0
265,1,1092.0,530.0,46.0,88.0,1,1,1.0
266,1,1094.0,531.0,45.0,88.0,1,1,1.0
267,1,1099.0,531.0,40.0,88.0,1,1,1.0
268,1,1105.0,531.0,37.0,88.0,1,1,1.0
269,1,1111.0,530.0,33.0,86.0,1,1,1.0
270,1,1118.0,530.0,29.0,87.0,1,1,1.0
271,1,1121.0,530.0,29.0,89.0,1,1,1.0
272,1,1123.0,531.0,30.0,89.0,1,1,1.0
273,1,1123.0,532.0,34.0,88.0,1,1,1.0
274,1,1124.0,532.0,38.0,89.0,1,1,1.0
275,1,1125.0,533.0,38.0,90.0,1,1,1.0
276,1,1130.0,532.0,35.0,90.0,1,1,1.0
277,1,1135.0,532.0,32.0,91.0,1,1,1.0
278,1,1142.0,534.0,27.0,90.0,1,1,1.0
279,1,1146.0,533.0,26.0,90.0,1,1,1.0
280,1,1148.0,533.0,28.0,90.0,1,1,1.0
281,1,1149.0,535.0,34.0,89.0,1,1,1.0
282,1,1149.0,535.0,43.0,89.0,1,1,1.0
283,1,1149.0,535.0,48.0,91.0,1,1,1.0
284,1,1150.0,537.0,51.0,91.0,1,1,1.0
285,1,1152.0,538.0,50.0,90.0,1,1,1.0
286,1,1156.0,537.0,47.0,90.0,1,1,1.0
287,1,1164.0,537.0,41.0,89.0,1,1,1.0
288,1,1172.0,538.0,35.0,85.0,1,1,1.0
289,1,1180.0,540.0,29.0,85.0,1,1,1.0
290,1,1184.0,541.0,29.0,86.0,1,1,1.0
291,1,1185.0,544.0,33.0,85.0,1,1,1.0
292,1,1185.0,545.0,39.0,84.0,1,1,1.0
293,1,1187.0,548.0,43.0,83.0,1,1,1.0
294,1,1189.0,546.0,43.0,85.0,1,1,1.0
295,1,1194.0,545.0,42.0,87.0,1,1,1.0
296,1,1202.0,546.0,35.0,86.0,1,1,1.0
297,1,1210.0,545.0,29.0,87.0,1,1,1.0
298,1,1214.0,543.0,28.0,89.0,1,1,1.0
299,1,1214.0,541.0,32.0,90.0,1,1,1.0
300,1,1215.0,541.0,38.0,91.0,1,1,1.0
301,1,1215.0,541.0,42.0,91.0,1,1,1.0
302,1,1216.0,542.0,47.0,90.0,1,1,1.0
304,1,1221.0,545.0,49.0,85.0,1,1,1.0
305,1,1228.0,547.0,45.0,83.0,1,1,1.0
306,1,1236.0,546.0,41.0,84.0,1,1,1.0
308,1,1251.0,545.0,29.0,80.0,1,1,1.0
310,1,1254.0,547.0,31.0,79.0,1,1,1.0
311,1,1255.0,548.0,35.0,78.0,1,1,1.0
312,1,1257.0,550.0,36.0,75.0,1,1,1.0
313,1,1262.0,550.0,35.0,74.0,1,1,1.0
314,1,1266.0,551.0,33.0,74.0,1,1,1.0
315,1,1272.0,551.0,32.0,73.0,1,1,1.0
317,1,1283.0,550.0,29.0,74.0,1,1,1.0
318,1,1287.0,549.0,30.0,77.0,1,1,1.0
319,1,1289.0,549.0,35.0,85.0,1,1,1.0
321,1,1292.0,549.0,46.0,92.0,1,1,1.0
322,1,1293.0,550.0,48.0,94.0,1,1,1.0
323,1,1297.0,552.0,45.0,94.0,1,1,1.0
324,1,1302.0,553.0,40.0,93.0,1,1,1.0
325,1,1310.0,554.0,33.0,91.0,1,1,1.0
327,1,1321.0,553.0,28.0,93.0,1,1,1.0
328,1,1323.0,552.0,32.0,95.0,1,1,1.0
329,1,1323.0,552.0,40.0,96.0,1,1,1.0
330,1,1324.0,552.0,46.0,97.0,1,1,1.0
331,1,1325.0,553.0,49.0,97.0,1,1,1.0
332,1,1329.0,554.0,48.0,97.0,1,1,1.0
333,1,1332.0,553.0,49.0,98.0,1,1,1.0
334,1,1344.0,553.0,39.0,98.0,1,1,1.0
335,1,1352.0,552.0,32.0,99.0,1,1,1.0
336,1,1355.0,551.0,31.0,100.0,1,1,1.0
337,1,1357.0,551.0,36.0,100.0,1,1,1.0
338,1,1357.0,551.0,44.0,101.0,1,1,1.0
339,1,1357.0,551.0,51.0,101.0,1,1,1.0
340,1,1358.0,553.0,55.0,101.0,1,1,1.0
341,1,1360.0,555.0,55.0,100.0,1,1,1.0
342,1,1363.0,556.0,53.0,99.0,1,1,1.0
343,1,1369.0,557.0,48.0,98.0,1,1,1.0
344,1,1377.0,558.0,42.0,97.0,1,1,1.0
350,1,1397.0,559.0,43.0,101.0,1,1,1.0
351,1,1401.0,559.0,40.0,101.0,1,1,1.0
352,1,1404.0,558.0,37.0,102.0,1,1,1.0
353,1,1408.0,558.0,36.0,103.0,1,1,1.0
354,1,1410.0,557.0,36.0,104.0,1,1,1.0
355,1,1412.0,556.0,38.0,105.0,1,1,1.0
356,1,1414.0,556.0,41.0,105.0,1,1,1.0
357,1,1415.0,555.0,42.0,107.0,1,1,1.0
358,1,1416.0,555.0,43.0,108.0,1,1,1.0
359,1,1417.0,556.0,41.0,108.0,1,1,1.0
360,1,1417.0,557.0,40.0,108.0,1,1,1.0
361,1,1421.0,558.0,36.0,108.0,1,1,1.0
362,1,1423.0,559.0,34.0,107.0,1,1,1.0
363,1,1424.0,559.0,34.0,107.0,1,1,1.0
364,1,1424.0,558.0,33.0,107.0,1,1,1.0
365,1,1424.0,558.0,34.0,107.0,1,1,1.0
366,1,1423.0,558.0,34.0,108.0,1,1,1.0
367,1,1423.0,558.0,34.0,108.0,1,1,1.0
368,1,1421.0,560.0,36.0,109.0,1,1,1.0
369,1,1421.0,561.0,34.0,110.0,1,1,1.0
370,1,1418.0,561.0,36.0,110.0,1,1,1.0
371,1,1417.0,561.0,37.0,110.0,1,1,1.0
372,1,1415.0,561.0,38.0,110.0,1,1,1.0
373,1,1413.0,560.0,38.0,111.0,1,1,1.0
374,1,1412.0,560.0,37.0,112.0,1,1,1.0
375,1,1411.0,560.0,36.0,113.0,1,1,1.0
376,1,1406.0,560.0,42.0,115.0,1,1,1.0
377,1,1405.0,561.0,46.0,114.0,1,1,1.0
378,1,1403.0,562.0,46.0,114.0,1,1,1.0
379,1,1402.0,564.0,45.0,114.0,1,1,1.0
380,1,1402.0,565.0,44.0,115.0,1,1,1.0
381,1,1400.0,566.0,42.0,114.0,1,1,1.0
382,1,1397.0,564.0,40.0,116.0,1,1,1.0
383,1,1394.0,564.0,38.0,116.0,1,1,1.0
384,1,1391.0,564.0,36.0,116.0,1,1,1.0
385,1,1387.0,564.0,36.0,116.0,1,1,1.0
386,1,1378.0,565.0,42.0,116.0,1,1,1.0
387,1,1371.0,564.0,48.0,117.0,1,1,1.0
388,1,1366.0,566.0,52.0,116.0,1,1,1.0
389,1,1364.0,566.0,53.0,116.0,1,1,1.0
390,1,1363.0,567.0,51.0,117.0,1,1,1.0
391,1,1363.0,566.0,46.0,117.0,1,1,1.0
392,1,1362.0,566.0,41.0,117.0,1,1,1.0
393,1,1361.0,566.0,37.0,118.0,1,1,1.0
394,1,1359.0,566.0,37.0,119.0,1,1,1.0
395,1,1353.0,566.0,42.0,121.0,1,1,1.0
396,1,1349.0,568.0,46.0,122.0,1,1,1.0
397,1,1346.0,569.0,49.0,121.0,1,1,1.0
398,1,1343.0,569.0,50.0,122.0,1,1,1.0
399,1,1340.0,570.0,52.0,122.0,1,1,1.0
400,1,1337.0,569.0,51.0,123.0,1,1,1.0
401,1,1334.0,569.0,48.0,124.0,1,1,1.0
402,1,1330.0,568.0,43.0,125.0,1,1,1.0
403,1,1327.0,568.0,41.0,125.0,1,1,1.0
404,1,1323.0,568.0,41.0,125.0,1,1,1.0
405,1,1315.0,569.0,47.0,125.0,1,1,1.0
406,1,1307.0,570.0,53.0,125.0,1,1,1.0
407,1,1303.0,571.0,56.0,124.0,1,1,1.0
408,1,1300.0,572.0,58.0,125.0,1,1,1.0
409,1,1299.0,572.0,55.0,125.0,1,1,1.0
410,1,1299.0,572.0,52.0,125.0,1,1,1.0
411,1,1297.0,572.0,47.0,126.0,1,1,1.0
412,1,1294.0,571.0,42.0,126.0,1,1,1.0
413,1,1291.0,571.0,42.0,128.0,1,1,1.0
414,1,1288.0,572.0,45.0,130.0,1,1,1.0
415,1,1284.0,572.0,49.0,131.0,1,1,1.0
416,1,1279.0,573.0,54.0,132.0,1,1,1.0
417,1,1276.0,575.0,57.0,131.0,1,1,1.0
418,1,1273.0,576.0,58.0,131.0,1,1,1.0
419,1,1269.0,576.0,56.0,131.0,1,1,1.0
420,1,1261.0,575.0,55.0,132.0,1,1,1.0
421,1,1259.0,575.0,49.0,132.0,1,1,1.0
422,1,1256.0,574.0,45.0,133.0,1,1,1.0
423,1,1252.0,573.0,44.0,135.0,1,1,1.0
424,1,1246.0,575.0,49.0,134.0,1,1,1.0
425,1,1236.0,576.0,58.0,133.0,1,1,1.0
426,1,1230.0,577.0,62.0,132.0,1,1,1.0
427,1,1226.0,579.0,63.0,132.0,1,1,1.0
428,1,1225.0,579.0,59.0,133.0,1,1,1.0
429,1,1224.0,578.0,55.0,134.0,1,1,1.0
430,1,1222.0,578.0,49.0,135.0,1,1,1.0
431,1,1219.0,577.0,44.0,133.0,1,1,1.0
432,1,1215.0,578.0,42.0,134.0,1,1,1.0
433,1,1211.0,578.0,43.0,137.0,1,1,1.0
434,1,1204.0,579.0,50.0,139.0,1,1,1.0
435,1,1197.0,581.0,56.0,138.0,1,1,1.0
436,1,1192.0,582.0,61.0,139.0,1,1,1.0
437,1,1189.0,582.0,61.0,139.0,1,1,1.0
438,1,1187.0,582.0,58.0,139.0,1,1,1.0
439,1,1184.0,582.0,53.0,140.0,1,1,1.0
440,1,1179.0,581.0,49.0,141.0,1,1,1.0
441,1,1174.0,581.0,47.0,141.0,1,1,1.0
442,1,1166.0,581.0,50.0,141.0,1,1,1.0
443,1,1154.0,582.0,57.0,140.0,1,1,1.0
444,1,1147.0,582.0,61.0,142.0,1,1,1.0
445,1,1143.0,583.0,63.0,144.0,1,1,1.0
446,1,1141.0,584.0,63.0,144.0,1,1,1.0
447,1,1140.0,585.0,61.0,143.0,1,1,1.0
448,1,1140.0,586.0,53.0,143.0,1,1,1.0
449,1,1139.0,585.0,46.0,143.0,1,1,1.0
450,1,1136.0,585.0,43.0,145.0,1,1,1.0
451,1,1132.0,584.0,44.0,147.0,1,1,1.0
452,1,1127.0,586.0,48.0,148.0,1,1,1.0
453,1,1118.0,586.0,57.0,149.0,1,1,1.0
454,1,1112.0,588.0,63.0,149.0,1,1,1.0
455,1,1109.0,588.0,65.0,150.0,1,1,1.0
456,1,1106.0,589.0,64.0,152.0,1,1,1.0
457,1,1103.0,589.0,61.0,152.0,1,1,1.0
458,1,1098.0,588.0,56.0,153.0,1,1,1.0
459,1,1094.0,588.0,50.0,153.0,1,1,1.0
460,1,1089.0,588.0,47.0,153.0,1,1,1.0
461,1,1082.0,589.0,50.0,152.0,1,1,1.0
462,1,1069.0,589.0,59.0,152.0,1,1,1.0
463,1,1057.0,591.0,68.0,152.0,1,1,1.0
464,1,1052.0,593.0,72.0,151.0,1,1,1.0
465,1,1049.0,594.0,75.0,151.0,1,1,1.0
466,1,1048.0,595.0,71.0,151.0,1,1,1.0
467,1,1047.0,595.0,64.0,151.0,1,1,1.0
468,1,1046.0,594.0,55.0,152.0,1,1,1.0
469,1,1043.0,594.0,48.0,153.0,1,1,1.0
470,1,1038.0,594.0,47.0,154.0,1,1,1.0
471,1,1032.0,596.0,52.0,156.0,1,1,1.0
472,1,1023.0,597.0,61.0,156.0,1,1,1.0
473,1,1015.0,599.0,69.0,156.0,1,1,1.0
474,1,1010.0,600.0,72.0,157.0,1,1,1.0
475,1,1008.0,601.0,70.0,158.0,1,1,1.0
476,1,1004.0,600.0,66.0,159.0,1,1,1.0
477,1,1000.0,600.0,60.0,160.0,1,1,1.0
478,1,995.0,599.0,53.0,160.0,1,1,1.0
479,1,990.0,600.0,50.0,160.0,1,1,1.0
480,1,981.0,599.0,53.0,160.0,1,1,1.0
481,1,968.0,600.0,64.0,162.0,1,1,1.0
482,1,956.0,601.0,73.0,161.0,1,1,1.0
483,1,948.0,603.0,79.0,162.0,1,1,1.0
484,1,945.0,605.0,81.0,162.0,1,1,1.0
485,1,943.0,606.0,77.0,162.0,1,1,1.0
486,1,942.0,606.0,72.0,163.0,1,1,1.0
487,1,939.0,605.0,61.0,164.0,1,1,1.0
488,1,933.0,603.0,55.0,166.0,1,1,1.0
489,1,928.0,602.0,55.0,169.0,1,1,1.0
490,1,922.0,600.0,59.0,174.0,1,1,1.0
491,1,914.0,604.0,65.0,173.0,1,1,1.0
492,1,904.0,607.0,74.0,173.0,1,1,1.0
493,1,899.0,607.0,77.0,175.0,1,1,1.0
494,1,895.0,612.0,75.0,172.0,1,1,1.0
495,1,891.0,615.0,71.0,170.0,1,1,1.0
496,1,886.0,615.0,65.0,171.0,1,1,1.0
497,1,882.0,614.0,55.0,172.0,1,1,1.0
498,1,876.0,614.0,53.0,171.0,1,1,1.0
499,1,869.0,613.0,52.0,172.0,1,1,1.0
500,1,854.0,614.0,65.0,173.0,1,1,1.0
501,1,839.0,616.0,79.0,175.0,1,1,1.0
502,1,830.0,619.0,88.0,174.0,1,1,1.0
503,1,826.0,621.0,90.0,175.0,1,1,1.0
504,1,823.0,623.0,90.0,176.0,1,1,1.0
505,1,821.0,624.0,85.0,176.0,1,1,1.0
506,1,818.0,624.0,77.0,175.0,1,1,1.0
507,1,813.0,624.0,66.0,176.0,1,1,1.0
508,1,808.0,625.0,58.0,176.0,1,1,1.0
509,1,802.0,625.0,60.0,180.0,1,1,1.0
510,1,792.0,627.0,69.0,182.0,1,1,1.0
511,1,780.0,629.0,81.0,184.0,1,1,1.0
512,1,772.0,632.0,86.0,183.0,1,1,1.0
513,1,767.0,633.0,92.0,184.0,1,1,1.0
514,1,764.0,635.0,86.0,183.0,1,1,1.0
515,1,759.0,637.0,77.0,182.0,1,1,1.0
516,1,753.0,635.0,67.0,183.0,1,1,1.0
517,1,746.0,634.0,60.0,184.0,1,1,1.0
518,1,739.0,636.0,60.0,182.0,1,1,1.0
519,1,728.0,635.0,69.0,184.0,1,1,1.0
520,1,710.0,636.0,85.0,186.0,1,1,1.0
521,1,696.0,639.0,99.0,186.0,1,1,1.0
522,1,690.0,640.0,104.0,187.0,1,1,1.0
523,1,686.0,642.0,105.0,187.0,1,1,1.0
524,1,684.0,644.0,98.0,186.0,1,1,1.0
525,1,680.0,644.0,90.0,187.0,1,1,1.0
526,1,675.0,642.0,78.0,189.0,1,1,1.0
527,1,667.0,642.0,64.0,190.0,1,1,1.0
528,1,658.0,641.0,62.0,195.0,1,1,1.0
529,1,649.0,643.0,69.0,197.0,1,1,1.0
530,1,638.0,646.0,79.0,197.0,1,1,1.0
531,1,625.0,648.0,90.0,197.0,1,1,1.0
532,1,619.0,654.0,95.0,193.0,1,1,1.0
533,1,614.0,656.0,92.0,192.0,1,1,1.0
534,1,607.0,656.0,86.0,192.0,1,1,1.0
535,1,600.0,657.0,77.0,191.0,1,1,1.0
536,1,592.0,655.0,67.0,194.0,1,1,1.0
537,1,584.0,647.0,68.0,201.0,1,1,1.0
538,1,574.0,653.0,76.0,196.0,1,1,1.0
539,1,550.0,654.0,99.0,197.0,1,1,1.0
540,1,537.0,649.0,111.0,204.0,1,1,1.0
541,1,531.0,652.0,115.0,204.0,1,1,1.0
542,1,526.0,653.0,117.0,205.0,1,1,1.0
543,1,523.0,654.0,108.0,206.0,1,1,1.0
544,1,519.0,654.0,96.0,206.0,1,1,1.0
545,1,513.0,658.0,83.0,202.0,1,1,1.0
546,1,505.0,659.0,69.0,202.0,1,1,1.0
547,1,496.0,654.0,68.0,211.0,1,1,1.0
548,1,486.0,655.0,76.0,216.0,1,1,1.0
549,1,472.0,655.0,89.0,219.0,1,1,1.0
550,1,460.0,657.0,101.0,220.0,1,1,1.0
551,1,454.0,669.0,106.0,209.0,1,1,1.0
552,1,449.0,673.0,105.0,206.0,1,1,1.0
553,1,443.0,671.0,91.0,208.0,1,1,1.0
554,1,436.0,665.0,84.0,214.0,1,1,1.0
555,1,429.0,663.0,73.0,216.0,1,1,1.0
556,1,423.0,661.0,70.0,218.0,1,1,1.0
557,1,414.0,661.0,74.0,219.0,1,1,1.0
558,1,400.0,673.0,87.0,207.0,1,1,1.0
559,1,387.0,669.0,97.0,213.0,1,1,1.0
560,1,377.0,667.0,105.0,216.0,1,1,1.0
561,1,370.0,669.0,109.0,215.0,1,1,1.0
562,1,365.0,670.0,103.0,214.0,1,1,1.0
563,1,363.0,670.0,91.0,214.0,1,1,1.0
564,1,357.0,668.0,81.0,215.0,1,1,1.0
565,1,351.0,668.0,70.0,219.0,1,1,1.0
566,1,343.0,668.0,72.0,223.0,1,1,1.0
567,1,336.0,674.0,78.0,219.0,1,1,1.0
568,1,328.0,678.0,85.0,216.0,1,1,1.0
569,1,321.0,686.0,92.0,210.0,1,1,1.0
570,1,316.0,693.0,91.0,204.0,1,1,1.0
571,1,306.0,686.0,92.0,211.0,1,1,1.0
572,1,302.0,694.0,83.0,203.0,1,1,1.0
573,1,296.0,684.0,76.0,213.0,1,1,1.0
574,1,292.0,680.0,69.0,217.0,1,1,1.0
575,1,282.0,677.0,77.0,221.0,1,1,1.0
576,1,277.0,676.0,81.0,222.0,1,1,1.0
577,1,270.0,677.0,87.0,222.0,1,1,1.0
578,1,266.0,679.0,90.0,220.0,1,1,1.0
579,1,260.0,682.0,92.0,217.0,1,1,1.0
580,1,255.0,691.0,88.0,207.0,1,1,1.0
581,1,249.0,694.0,81.0,204.0,1,1,1.0
582,1,243.0,693.0,74.0,207.0,1,1,1.0
583,1,238.0,688.0,72.0,216.0,1,1,1.0
584,1,233.0,698.0,75.0,211.0,1,1,1.0
585,1,227.0,699.0,81.0,215.0,1,1,1.0
586,1,220.0,692.0,89.0,224.0,1,1,1.0
587,1,216.0,695.0,91.0,221.0,1,1,1.0
588,1,210.0,703.0,85.0,213.0,1,1,1.0
589,1,205.0,708.0,76.0,208.0,1,1,1.0
590,1,200.0,701.0,66.0,215.0,1,1,1.0
591,1,195.0,703.0,61.0,212.0,1,1,1.0
592,1,188.0,701.0,65.0,212.0,1,1,1.0
593,1,180.0,694.0,72.0,219.0,1,1,1.0
594,1,170.0,692.0,83.0,221.0,1,1,1.0
595,1,157.0,692.0,96.0,225.0,1,1,1.0
596,1,148.0,694.0,105.0,224.0,1,1,1.0
597,1,144.0,698.0,111.0,222.0,1,1,1.0
598,1,145.0,699.0,110.0,228.0,1,1,1.0
599,1,149.0,707.0,110.0,223.0,1,1,1.0
600,1,144.0,717.0,118.0,214.0,1,1,1.0
