1,1,1790.0,336.0,44.0,127.0,1,1,1.0
2,1,1788.0,337.0,43.0,128.0,1,1,1.0
3,1,1783.0,337.0,46.0,129.0,1,1,1.0
4,1,1783.0,337.0,43.0,130.0,1,1,1.0
5,1,1787.0,338.0,36.0,129.0,1,1,1.0
6,1,1786.0,337.0,35.0,129.0,1,1,1.0
7,1,1782.0,336.0,37.0,130.0,1,1,1.0
8,1,1777.0,335.0,40.0,131.0,1,1,1.0
9,1,1771.0,338.0,44.0,129.0,1,1,1.0
10,1,1762.0,338.0,53.0,128.0,1,1,1.0
11,1,1753.0,337.0,63.0,129.0,1,1,1.0
12,1,1748.0,338.0,68.0,128.0,1,1,1.0
13,1,1746.0,338.0,65.0,128.0,1,1,1.0
14,1,1745.0,337.0,62.0,129.0,1,1,1.0
15,1,1744.0,336.0,57.0,129.0,1,1,1.0
16,1,1744.0,335.0,51.0,130.0,1,1,1.0
17,1,1744.0,333.0,43.0,131.0,1,1,1.0
18,1,1743.0,332.0,40.0,133.0,1,1,1.0
19,1,1740.0,332.0,38.0,134.0,1,1,1.0
20,1,1734.0,332.0,41.0,134.0,1,1,1.0
21,1,1727.0,333.0,45.0,134.0,1,1,1.0
22,1,1722.0,334.0,46.0,134.0,1,1,1.0
23,1,1718.0,335.0,47.0,135.0,1,1,1.0
24,1,1717.0,335.0,46.0,135.0,1,1,1.0
25,1,1717.0,335.0,42.0,135.0,1,1,1.0
26,1,1717.0,334.0,40.0,136.0,1,1,1.0
27,1,1715.0,332.0,39.0,137.0,1,1,1.0
28,1,1710.0,331.0,41.0,138.0,1,1,1.0
29,1,1704.0,331.0,44.0,138.0,1,1,1.0
30,1,1694.0,331.0,52.0,138.0,1,1,1.0
31,1,1684.0,332.0,60.0,138.0,1,1,1.0
32,1,1677.0,333.0,63.0,137.0,1,1,1.0
33,1,1674.0,334.0,64.0,136.0,1,1,1.0
34,1,1673.0,334.0,63.0,136.0,1,1,1.0
35,1,1673.0,333.0,60.0,136.0,1,1,1.0
36,1,1672.0,333.0,56.0,137.0,1,1,1.0
37,1,1672.0,332.0,50.0,137.0,1,1,1.0
38,1,1671.0,331.0,45.0,139.0,1,1,1.0
39,1,1668.0,330.0,44.0,140.0,1,1,1.0
40,1,1665.0,330.0,44.0,141.0,1,1,1.0
41,1,1658.0,331.0,48.0,141.0,1,1,1.0
42,1,1650.0,331.0,51.0,141.0,1,1,1.0
43,1,1646.0,332.0,52.0,140.0,1,1,1.0
44,1,1643.0,333.0,52.0,141.0,1,1,1.0
45,1,1643.0,333.0,49.0,141.0,1,1,1.0
46,1,1643.0,332.0,46.0,143.0,1,1,1.0
47,1,1641.0,331.0,44.0,144.0,1,1,1.0
48,1,1635.0,331.0,46.0,144.0,1,1,1.0
49,1,1629.0,330.0,48.0,145.0,1,1,1.0
50,1,1622.0,330.0,52.0,145.0,1,1,1.0
51,1,1611.0,331.0,59.0,144.0,1,1,1.0
52,1,1602.0,332.0,65.0,144.0,1,1,1.0
53,1,1597.0,333.0,68.0,143.0,1,1,1.0
54,1,1595.0,333.0,68.0,142.0,1,1,1.0
55,1,1594.0,333.0,68.0,143.0,1,1,1.0
56,1,1594.0,332.0,65.0,143.0,1,1,1.0
57,1,1592.0,331.0,63.0,145.0,1,1,1.0
58,1,1592.0,329.0,56.0,146.0,1,1,1.0
59,1,1590.0,330.0,49.0,146.0,1,1,1.0
60,1,1586.0,329.0,47.0,149.0,1,1,1.0
61,1,1578.0,329.0,49.0,150.0,1,1,1.0
62,1,1569.0,330.0,54.0,150.0,1,1,1.0
63,1,1562.0,331.0,57.0,149.0,1,1,1.0
64,1,1560.0,331.0,56.0,150.0,1,1,1.0
65,1,1558.0,331.0,55.0,151.0,1,1,1.0
66,1,1557.0,331.0,51.0,151.0,1,1,1.0
67,1,1557.0,330.0,46.0,152.0,1,1,1.0
68,1,1553.0,329.0,45.0,153.0,1,1,1.0
69,1,1546.0,328.0,47.0,154.0,1,1,1.0
70,1,1536.0,328.0,53.0,153.0,1,1,1.0
71,1,1523.0,329.0,62.0,153.0,1,1,1.0
72,1,1511.0,329.0,71.0,152.0,1,1,1.0
73,1,1504.0,330.0,77.0,151.0,1,1,1.0
74,1,1501.0,331.0,79.0,151.0,1,1,1.0
75,1,1500.0,331.0,77.0,150.0,1,1,1.0
76,1,1500.0,331.0,72.0,150.0,1,1,1.0
77,1,1499.0,330.0,65.0,151.0,1,1,1.0
78,1,1499.0,328.0,57.0,153.0,1,1,1.0
79,1,1496.0,327.0,53.0,155.0,1,1,1.0
80,1,1491.0,327.0,50.0,156.0,1,1,1.0
81,1,1482.0,327.0,54.0,156.0,1,1,1.0
82,1,1470.0,329.0,61.0,155.0,1,1,1.0
83,1,1463.0,330.0,63.0,154.0,1,1,1.0
84,1,1459.0,331.0,65.0,154.0,1,1,1.0
85,1,1457.0,331.0,64.0,155.0,1,1,1.0
86,1,1455.0,331.0,59.0,155.0,1,1,1.0
87,1,1453.0,330.0,55.0,156.0,1,1,1.0
88,1,1448.0,329.0,55.0,157.0,1,1,1.0
89,1,1442.0,328.0,59.0,159.0,1,1,1.0
90,1,1434.0,328.0,64.0,159.0,1,1,1.0
91,1,1421.0,327.0,73.0,159.0,1,1,1.0
92,1,1409.0,329.0,81.0,157.0,1,1,1.0
93,1,1402.0,330.0,85.0,156.0,1,1,1.0
94,1,1398.0,331.0,85.0,155.0,1,1,1.0
95,1,1396.0,331.0,84.0,155.0,1,1,1.0
96,1,1395.0,330.0,80.0,154.0,1,1,1.0
97,1,1395.0,329.0,71.0,155.0,1,1,1.0
98,1,1394.0,328.0,67.0,157.0,1,1,1.0
99,1,1390.0,327.0,64.0,159.0,1,1,1.0
100,1,1386.0,327.0,61.0,160.0,1,1,1.0
101,1,1376.0,328.0,59.0,161.0,1,1,1.0
102,1,1363.0,328.0,64.0,161.0,1,1,1.0
103,1,1356.0,330.0,67.0,160.0,1,1,1.0
104,1,1352.0,330.0,69.0,161.0,1,1,1.0
105,1,1349.0,331.0,71.0,161.0,1,1,1.0
106,1,1346.0,331.0,68.0,162.0,1,1,1.0
107,1,1344.0,331.0,63.0,162.0,1,1,1.0
108,1,1343.0,330.0,56.0,163.0,1,1,1.0
109,1,1339.0,329.0,52.0,164.0,1,1,1.0
110,1,1332.0,328.0,53.0,165.0,1,1,1.0
111,1,1317.0,328.0,65.0,165.0,1,1,1.0
112,1,1301.0,329.0,78.0,164.0,1,1,1.0
113,1,1290.0,330.0,87.0,162.0,1,1,1.0
114,1,1284.0,331.0,89.0,162.0,1,1,1.0
115,1,1282.0,332.0,89.0,161.0,1,1,1.0
116,1,1281.0,331.0,84.0,162.0,1,1,1.0
117,1,1280.0,331.0,75.0,162.0,1,1,1.0
118,1,1276.0,330.0,66.0,162.0,1,1,1.0
119,1,1267.0,329.0,63.0,164.0,1,1,1.0
120,1,1257.0,328.0,65.0,166.0,1,1,1.0
121,1,1253.0,328.0,64.0,167.0,1,1,1.0
123,1,1235.0,330.0,74.0,167.0,1,1,1.0
124,1,1230.0,331.0,78.0,167.0,1,1,1.0
125,1,1229.0,332.0,77.0,167.0,1,1,1.0
126,1,1227.0,332.0,73.0,167.0,1,1,1.0
127,1,1224.0,332.0,67.0,168.0,1,1,1.0
128,1,1217.0,332.0,62.0,168.0,1,1,1.0
129,1,1210.0,330.0,60.0,170.0,1,1,1.0
130,1,1201.0,329.0,62.0,169.0,1,1,1.0
131,1,1193.0,329.0,65.0,169.0,1,1,1.0
132,1,1180.0,330.0,77.0,169.0,1,1,1.0
133,1,1170.0,332.0,87.0,168.0,1,1,1.0
134,1,1164.0,333.0,92.0,167.0,1,1,1.0
135,1,1160.0,334.0,94.0,166.0,1,1,1.0
136,1,1159.0,334.0,90.0,166.0,1,1,1.0
137,1,1158.0,334.0,80.0,166.0,1,1,1.0
138,1,1157.0,332.0,70.0,168.0,1,1,1.0
139,1,1153.0,331.0,59.0,169.0,1,1,1.0
140,1,1149.0,330.0,52.0,171.0,1,1,1.0
141,1,1141.0,331.0,53.0,172.0,1,1,1.0
142,1,1127.0,331.0,64.0,172.0,1,1,1.0
143,1,1114.0,332.0,74.0,171.0,1,1,1.0
144,1,1099.0,334.0,89.0,171.0,1,1,1.0
145,1,1099.0,334.0,87.0,171.0,1,1,1.0
146,1,1099.0,334.0,82.0,171.0,1,1,1.0
147,1,1097.0,334.0,74.0,171.0,1,1,1.0
148,1,1092.0,334.0,67.0,172.0,1,1,1.0
149,1,1086.0,332.0,61.0,174.0,1,1,1.0
150,1,1080.0,331.0,59.0,175.0,1,1,1.0
151,1,1069.0,330.0,64.0,175.0,1,1,1.0
152,1,1056.0,332.0,75.0,174.0,1,1,1.0
153,1,1044.0,333.0,86.0,172.0,1,1,1.0
154,1,1036.0,335.0,94.0,171.0,1,1,1.0
155,1,1031.0,336.0,97.0,170.0,1,1,1.0
156,1,1029.0,337.0,95.0,168.0,1,1,1.0
157,1,1028.0,337.0,86.0,168.0,1,1,1.0
158,1,1011.0,336.0,90.0,168.0,1,1,1.0
159,1,1016.0,335.0,71.0,170.0,1,1,1.0
160,1,1016.0,333.0,57.0,172.0,1,1,1.0
161,1,1011.0,333.0,54.0,174.0,1,1,1.0
162,1,996.0,334.0,65.0,174.0,1,1,1.0
163,1,983.0,336.0,76.0,172.0,1,1,1.0
164,1,975.0,337.0,83.0,170.0,1,1,1.0
165,1,971.0,338.0,86.0,170.0,1,1,1.0
166,1,968.0,339.0,86.0,169.0,1,1,1.0
167,1,965.0,339.0,81.0,170.0,1,1,1.0
168,1,959.0,338.0,75.0,170.0,1,1,1.0
169,1,954.0,337.0,68.0,171.0,1,1,1.0
170,1,949.0,336.0,59.0,172.0,1,1,1.0
171,1,943.0,336.0,56.0,171.0,1,1,1.0
172,1,934.0,336.0,61.0,171.0,1,1,1.0
173,1,922.0,337.0,71.0,171.0,1,1,1.0
174,1,909.0,340.0,80.0,170.0,1,1,1.0
175,1,903.0,341.0,90.0,169.0,1,1,1.0
176,1,898.0,342.0,94.0,169.0,1,1,1.0
177,1,890.0,343.0,96.0,169.0,1,1,1.0
179,1,875.0,341.0,84.0,171.0,1,1,1.0
180,1,876.0,340.0,68.0,173.0,1,1,1.0
181,1,876.0,339.0,57.0,175.0,1,1,1.0
182,1,870.0,340.0,60.0,177.0,1,1,1.0
183,1,854.0,341.0,75.0,176.0,1,1,1.0
184,1,843.0,342.0,85.0,177.0,1,1,1.0
185,1,837.0,344.0,90.0,177.0,1,1,1.0
186,1,832.0,345.0,92.0,176.0,1,1,1.0
187,1,823.0,346.0,92.0,176.0,1,1,1.0
188,1,820.0,346.0,83.0,176.0,1,1,1.0
189,1,813.0,345.0,77.0,177.0,1,1,1.0
190,1,810.0,344.0,66.0,178.0,1,1,1.0
191,1,805.0,344.0,64.0,178.0,1,1,1.0
192,1,796.0,345.0,70.0,177.0,1,1,1.0
193,1,781.0,346.0,84.0,176.0,1,1,1.0
194,1,771.0,348.0,94.0,174.0,1,1,1.0
195,1,764.0,350.0,98.0,173.0,1,1,1.0
196,1,761.0,351.0,97.0,173.0,1,1,1.0
197,1,758.0,351.0,91.0,173.0,1,1,1.0
198,1,753.0,351.0,83.0,173.0,1,1,1.0
199,1,748.0,350.0,73.0,174.0,1,1,1.0
200,1,743.0,350.0,63.0,175.0,1,1,1.0
201,1,736.0,349.0,60.0,178.0,1,1,1.0
202,1,726.0,350.0,68.0,178.0,1,1,1.0
203,1,712.0,351.0,80.0,178.0,1,1,1.0
204,1,703.0,353.0,89.0,177.0,1,1,1.0
205,1,699.0,354.0,92.0,177.0,1,1,1.0
206,1,696.0,355.0,90.0,177.0,1,1,1.0
207,1,691.0,355.0,85.0,177.0,1,1,1.0
208,1,685.0,355.0,79.0,177.0,1,1,1.0
209,1,678.0,354.0,74.0,178.0,1,1,1.0
210,1,671.0,354.0,65.0,179.0,1,1,1.0
211,1,664.0,354.0,66.0,178.0,1,1,1.0
212,1,656.0,354.0,72.0,178.0,1,1,1.0
213,1,643.0,356.0,84.0,176.0,1,1,1.0
214,1,633.0,358.0,94.0,175.0,1,1,1.0
215,1,628.0,359.0,98.0,174.0,1,1,1.0
216,1,624.0,360.0,96.0,172.0,1,1,1.0
217,1,619.0,361.0,91.0,172.0,1,1,1.0
218,1,614.0,360.0,83.0,173.0,1,1,1.0
219,1,608.0,359.0,74.0,174.0,1,1,1.0
220,1,603.0,358.0,64.0,176.0,1,1,1.0
221,1,597.0,358.0,63.0,178.0,1,1,1.0
222,1,587.0,359.0,70.0,179.0,1,1,1.0
223,1,573.0,361.0,83.0,177.0,1,1,1.0
224,1,564.0,363.0,92.0,177.0,1,1,1.0
225,1,559.0,365.0,95.0,176.0,1,1,1.0
226,1,556.0,365.0,93.0,177.0,1,1,1.0
227,1,551.0,366.0,87.0,176.0,1,1,1.0
228,1,543.0,366.0,83.0,177.0,1,1,1.0
229,1,535.0,365.0,76.0,177.0,1,1,1.0
230,1,529.0,363.0,67.0,178.0,1,1,1.0
231,1,523.0,363.0,68.0,179.0,1,1,1.0
232,1,515.0,364.0,73.0,178.0,1,1,1.0
233,1,503.0,366.0,85.0,176.0,1,1,1.0
234,1,495.0,368.0,93.0,174.0,1,1,1.0
235,1,490.0,369.0,96.0,173.0,1,1,1.0
236,1,485.0,370.0,95.0,173.0,1,1,1.0
237,1,477.0,370.0,95.0,173.0,1,1,1.0
238,1,471.0,370.0,85.0,173.0,1,1,1.0
239,1,466.0,369.0,74.0,174.0,1,1,1.0
240,1,462.0,369.0,63.0,176.0,1,1,1.0
241,1,455.0,369.0,65.0,178.0,1,1,1.0
242,1,445.0,370.0,74.0,179.0,1,1,1.0
243,1,432.0,372.0,86.0,179.0,1,1,1.0
244,1,425.0,374.0,92.0,178.0,1,1,1.0
245,1,420.0,375.0,95.0,177.0,1,1,1.0
246,1,415.0,376.0,94.0,176.0,1,1,1.0
247,1,407.0,376.0,98.0,177.0,1,1,1.0
248,1,400.0,376.0,87.0,177.0,1,1,1.0
249,1,394.0,375.0,77.0,178.0,1,1,1.0
250,1,387.0,374.0,70.0,179.0,1,1,1.0
251,1,382.0,375.0,72.0,178.0,1,1,1.0
252,1,375.0,376.0,77.0,177.0,1,1,1.0
253,1,365.0,377.0,86.0,176.0,1,1,1.0
254,1,359.0,379.0,92.0,175.0,1,1,1.0
255,1,354.0,381.0,93.0,174.0,1,1,1.0
256,1,347.0,383.0,91.0,173.0,1,1,1.0
257,1,340.0,383.0,87.0,173.0,1,1,1.0
258,1,335.0,382.0,78.0,174.0,1,1,1.0
259,1,329.0,381.0,68.0,175.0,1,1,1.0
260,1,324.0,381.0,65.0,178.0,1,1,1.0
261,1,316.0,382.0,69.0,179.0,1,1,1.0
262,1,307.0,383.0,77.0,178.0,1,1,1.0
263,1,298.0,384.0,86.0,177.0,1,1,1.0
264,1,294.0,386.0,90.0,176.0,1,1,1.0
265,1,290.0,387.0,91.0,176.0,1,1,1.0
266,1,285.0,388.0,89.0,176.0,1,1,1.0
267,1,278.0,388.0,83.0,176.0,1,1,1.0
268,1,270.0,387.0,79.0,176.0,1,1,1.0
269,1,265.0,386.0,72.0,178.0,1,1,1.0
270,1,259.0,385.0,68.0,178.0,1,1,1.0
271,1,254.0,386.0,70.0,177.0,1,1,1.0
272,1,248.0,388.0,74.0,176.0,1,1,1.0
273,1,243.0,390.0,79.0,174.0,1,1,1.0
274,1,237.0,391.0,83.0,173.0,1,1,1.0
275,1,232.0,392.0,85.0,172.0,1,1,1.0
276,1,226.0,394.0,84.0,170.0,1,1,1.0
277,1,221.0,394.0,77.0,170.0,1,1,1.0
278,1,218.0,393.0,68.0,170.0,1,1,1.0
279,1,211.0,392.0,62.0,172.0,1,1,1.0
280,1,207.0,392.0,60.0,174.0,1,1,1.0
281,1,202.0,393.0,64.0,175.0,1,1,1.0
282,1,195.0,394.0,70.0,174.0,1,1,1.0
283,1,186.0,395.0,79.0,173.0,1,1,1.0
284,1,182.0,397.0,82.0,172.0,1,1,1.0
285,1,178.0,399.0,84.0,170.0,1,1,1.0
286,1,173.0,399.0,82.0,171.0,1,1,1.0
287,1,166.0,398.0,78.0,172.0,1,1,1.0
288,1,162.0,396.0,71.0,174.0,1,1,1.0
289,1,158.0,396.0,64.0,174.0,1,1,1.0
290,1,150.0,397.0,64.0,173.0,1,1,1.0
291,1,145.0,397.0,65.0,172.0,1,1,1.0
292,1,141.0,398.0,68.0,170.0,1,1,1.0
293,1,137.0,400.0,71.0,170.0,1,1,1.0
294,1,134.0,401.0,74.0,169.0,1,1,1.0
295,1,128.0,401.0,77.0,168.0,1,1,1.0
296,1,124.0,401.0,74.0,166.0,1,1,1.0
297,1,124.0,400.0,65.0,165.0,1,1,1.0
298,1,119.0,399.0,61.0,165.0,1,1,1.0
299,1,118.0,399.0,55.0,166.0,1,1,1.0
300,1,115.0,398.0,57.0,167.0,1,1,1.0
301,1,111.0,399.0,60.0,167.0,1,1,1.0
302,1,106.0,400.0,64.0,166.0,1,1,1.0
303,1,102.0,401.0,68.0,164.0,1,1,1.0
304,1,99.0,403.0,72.0,163.0,1,1,1.0
305,1,90.0,404.0,77.0,163.0,1,1,1.0
306,1,85.0,404.0,76.0,163.0,1,1,1.0
307,1,82.0,404.0,71.0,163.0,1,1,1.0
308,1,81.0,403.0,64.0,164.0,1,1,1.0
309,1,81.0,402.0,57.0,165.0,1,1,1.0
310,1,79.0,402.0,53.0,165.0,1,1,1.0
311,1,77.0,402.0,51.0,165.0,1,1,1.0
312,1,76.0,402.0,50.0,164.0,1,1,1.0
313,1,74.0,404.0,50.0,163.0,1,1,1.0
314,1,72.0,404.0,50.0,162.0,1,1,1.0
315,1,71.0,404.0,49.0,161.0,1,1,1.0
316,1,69.0,404.0,50.0,159.0,1,1,1.0
317,1,68.0,403.0,49.0,158.0,1,1,1.0
318,1,67.0,403.0,49.0,157.0,1,1,1.0
319,1,66.0,401.0,49.0,158.0,1,1,1.0
320,1,66.0,400.0,50.0,159.0,1,1,1.0
321,1,65.0,399.0,51.0,160.0,1,1,1.0
322,1,63.0,399.0,53.0,160.0,1,1,1.0
323,1,62.0,399.0,55.0,159.0,1,1,1.0
324,1,62.0,399.0,56.0,157.0,1,1,1.0
325,1,62.0,399.0,57.0,157.0,1,1,1.0
326,1,61.0,398.0,57.0,155.0,1,1,1.0
327,1,61.0,396.0,56.0,153.0,1,1,1.0
328,1,61.0,395.0,56.0,153.0,1,1,1.0
329,1,62.0,394.0,55.0,153.0,1,1,1.0
330,1,63.0,393.0,57.0,154.0,1,1,1.0
331,1,64.0,393.0,58.0,155.0,1,1,1.0
332,1,66.0,392.0,58.0,155.0,1,1,1.0
333,1,68.0,393.0,58.0,154.0,1,1,1.0
334,1,70.0,393.0,57.0,153.0,1,1,1.0
335,1,72.0,393.0,58.0,152.0,1,1,1.0
336,1,74.0,392.0,58.0,143.0,1,1,1.0
337,1,75.0,390.0,59.0,145.0,1,1,1.0
338,1,76.0,389.0,59.0,146.0,1,1,1.0
339,1,78.0,387.0,58.0,147.0,1,1,1.0
340,1,80.0,385.0,58.0,148.0,1,1,1.0
341,1,82.0,384.0,57.0,149.0,1,1,1.0
342,1,83.0,384.0,57.0,149.0,1,1,1.0
343,1,84.0,385.0,57.0,148.0,1,1,1.0
344,1,87.0,385.0,57.0,146.0,1,1,1.0
345,1,89.0,385.0,56.0,145.0,1,1,1.0
346,1,91.0,384.0,57.0,144.0,1,1,1.0
347,1,93.0,383.0,57.0,143.0,1,1,1.0
348,1,96.0,381.0,57.0,141.0,1,1,1.0
349,1,99.0,380.0,56.0,142.0,1,1,1.0
350,1,101.0,378.0,56.0,144.0,1,1,1.0
351,1,103.0,377.0,56.0,144.0,1,1,1.0
352,1,106.0,376.0,56.0,144.0,1,1,1.0
353,1,108.0,376.0,57.0,144.0,1,1,1.0
354,1,111.0,376.0,56.0,143.0,1,1,1.0
355,1,114.0,376.0,54.0,141.0,1,1,1.0
356,1,117.0,376.0,56.0,136.0,1,1,1.0
357,1,119.0,374.0,57.0,136.0,1,1,1.0
358,1,123.0,373.0,56.0,136.0,1,1,1.0
359,1,127.0,371.0,54.0,138.0,1,1,1.0
360,1,129.0,370.0,55.0,138.0,1,1,1.0
361,1,132.0,369.0,56.0,139.0,1,1,1.0
362,1,134.0,368.0,57.0,140.0,1,1,1.0
363,1,138.0,368.0,56.0,139.0,1,1,1.0
364,1,141.0,368.0,56.0,138.0,1,1,1.0
365,1,145.0,368.0,55.0,137.0,1,1,1.0
368,1,155.0,364.0,54.0,133.0,1,1,1.0
369,1,158.0,362.0,45.0,134.0,1,1,1.0
370,1,160.0,361.0,46.0,135.0,1,1,1.0
371,1,163.0,360.0,49.0,135.0,1,1,1.0
372,1,167.0,360.0,55.0,135.0,1,1,1.0
373,1,170.0,360.0,59.0,135.0,1,1,1.0
374,1,172.0,359.0,62.0,134.0,1,1,1.0
375,1,173.0,359.0,61.0,134.0,1,1,1.0
376,1,177.0,357.0,61.0,134.0,1,1,1.0
377,1,181.0,356.0,60.0,132.0,1,1,1.0
378,1,187.0,354.0,50.0,132.0,1,1,1.0
379,1,192.0,352.0,54.0,133.0,1,1,1.0
381,1,201.0,350.0,54.0,134.0,1,1,1.0
382,1,205.0,350.0,53.0,134.0,1,1,1.0
383,1,210.0,351.0,55.0,134.0,1,1,1.0
384,1,213.0,351.0,56.0,133.0,1,1,1.0
385,1,214.0,350.0,56.0,133.0,1,1,1.0
386,1,218.0,349.0,54.0,133.0,1,1,1.0
387,1,223.0,348.0,55.0,132.0,1,1,1.0
388,1,229.0,346.0,53.0,132.0,1,1,1.0
389,1,234.0,344.0,46.0,131.0,1,1,1.0
390,1,239.0,343.0,50.0,131.0,1,1,1.0
391,1,243.0,343.0,52.0,131.0,1,1,1.0
392,1,247.0,342.0,57.0,131.0,1,1,1.0
393,1,249.0,342.0,63.0,131.0,1,1,1.0
394,1,251.0,342.0,66.0,131.0,1,1,1.0
395,1,253.0,342.0,67.0,130.0,1,1,1.0
396,1,257.0,345.0,67.0,126.0,1,1,1.0
397,1,263.0,344.0,63.0,125.0,1,1,1.0
398,1,271.0,342.0,56.0,126.0,1,1,1.0
399,1,278.0,339.0,49.0,128.0,1,1,1.0
400,1,282.0,337.0,51.0,129.0,1,1,1.0
401,1,287.0,339.0,47.0,128.0,1,1,1.0
402,1,288.0,336.0,54.0,130.0,1,1,1.0
403,1,289.0,336.0,60.0,130.0,1,1,1.0
404,1,291.0,336.0,62.0,130.0,1,1,1.0
405,1,296.0,335.0,60.0,129.0,1,1,1.0
406,1,301.0,334.0,58.0,129.0,1,1,1.0
407,1,307.0,333.0,56.0,128.0,1,1,1.0
408,1,314.0,332.0,56.0,128.0,1,1,1.0
409,1,320.0,330.0,54.0,127.0,1,1,1.0
410,1,324.0,328.0,53.0,128.0,1,1,1.0
411,1,330.0,326.0,52.0,131.0,1,1,1.0
412,1,334.0,332.0,56.0,124.0,1,1,1.0
413,1,335.0,331.0,62.0,125.0,1,1,1.0
414,1,336.0,330.0,64.0,126.0,1,1,1.0
415,1,337.0,329.0,66.0,126.0,1,1,1.0
416,1,341.0,327.0,66.0,126.0,1,1,1.0
417,1,347.0,326.0,63.0,126.0,1,1,1.0
418,1,350.0,325.0,64.0,125.0,1,1,1.0
419,1,357.0,323.0,59.0,126.0,1,1,1.0
420,1,361.0,322.0,60.0,127.0,1,1,1.0
421,1,364.0,321.0,57.0,127.0,1,1,1.0
422,1,372.0,321.0,53.0,127.0,1,1,1.0
423,1,377.0,324.0,54.0,124.0,1,1,1.0
424,1,379.0,323.0,57.0,126.0,1,1,1.0
425,1,381.0,322.0,60.0,126.0,1,1,1.0
426,1,384.0,322.0,60.0,125.0,1,1,1.0
427,1,391.0,321.0,58.0,125.0,1,1,1.0
428,1,397.0,320.0,57.0,123.0,1,1,1.0
429,1,404.0,320.0,52.0,121.0,1,1,1.0
430,1,410.0,318.0,50.0,122.0,1,1,1.0
431,1,414.0,317.0,52.0,124.0,1,1,1.0
432,1,417.0,316.0,56.0,124.0,1,1,1.0
433,1,419.0,317.0,59.0,123.0,1,1,1.0
434,1,419.0,321.0,64.0,119.0,1,1,1.0
435,1,420.0,320.0,65.0,120.0,1,1,1.0
436,1,423.0,322.0,67.0,116.0,1,1,1.0
437,1,429.0,322.0,66.0,114.0,1,1,1.0
438,1,435.0,326.0,65.0,110.0,1,1,1.0
439,1,439.0,319.0,61.0,116.0,1,1,1.0
440,1,442.0,316.0,57.0,119.0,1,1,1.0
441,1,452.0,312.0,50.0,123.0,1,1,1.0
442,1,458.0,316.0,47.0,118.0,1,1,1.0
443,1,460.0,319.0,41.0,115.0,1,1,1.0
445,1,462.0,323.0,56.0,111.0,1,1,1.0
446,1,466.0,322.0,53.0,112.0,1,1,1.0
447,1,471.0,320.0,57.0,111.0,1,1,1.0
448,1,479.0,317.0,57.0,108.0,1,1,1.0
449,1,488.0,315.0,54.0,99.0,1,1,1.0
451,1,498.0,310.0,50.0,98.0,1,1,1.0
457,1,513.0,312.0,64.0,109.0,1,1,1.0
458,1,518.0,306.0,64.0,117.0,1,1,1.0
459,1,525.0,303.0,60.0,121.0,1,1,1.0
460,1,532.0,303.0,51.0,120.0,1,1,1.0
461,1,538.0,308.0,50.0,114.0,1,1,1.0
462,1,541.0,312.0,55.0,110.0,1,1,1.0
463,1,543.0,314.0,61.0,108.0,1,1,1.0
464,1,545.0,308.0,65.0,114.0,1,1,1.0
465,1,549.0,305.0,65.0,117.0,1,1,1.0
466,1,550.0,304.0,67.0,118.0,1,1,1.0
467,1,556.0,304.0,65.0,117.0,1,1,1.0
468,1,563.0,303.0,61.0,118.0,1,1,1.0
471,1,583.0,301.0,41.0,119.0,1,1,1.0
472,1,587.0,303.0,44.0,117.0,1,1,1.0
473,1,590.0,302.0,49.0,118.0,1,1,1.0
474,1,591.0,302.0,54.0,117.0,1,1,1.0
475,1,593.0,303.0,58.0,117.0,1,1,1.0
476,1,595.0,302.0,58.0,118.0,1,1,1.0
477,1,600.0,302.0,54.0,119.0,1,1,1.0
478,1,604.0,301.0,49.0,119.0,1,1,1.0
479,1,609.0,300.0,44.0,121.0,1,1,1.0
480,1,612.0,299.0,44.0,122.0,1,1,1.0
481,1,614.0,298.0,54.0,122.0,1,1,1.0
482,1,618.0,298.0,57.0,122.0,1,1,1.0
483,1,623.0,299.0,61.0,122.0,1,1,1.0
484,1,623.0,300.0,66.0,120.0,1,1,1.0
485,1,626.0,302.0,67.0,119.0,1,1,1.0
486,1,628.0,302.0,67.0,119.0,1,1,1.0
487,1,631.0,301.0,65.0,120.0,1,1,1.0
488,1,637.0,300.0,58.0,121.0,1,1,1.0
489,1,643.0,299.0,53.0,122.0,1,1,1.0
490,1,650.0,299.0,47.0,122.0,1,1,1.0
491,1,655.0,299.0,48.0,123.0,1,1,1.0
492,1,658.0,299.0,48.0,124.0,1,1,1.0
493,1,661.0,300.0,47.0,124.0,1,1,1.0
494,1,663.0,302.0,49.0,123.0,1,1,1.0
495,1,665.0,303.0,49.0,123.0,1,1,1.0
496,1,667.0,303.0,50.0,123.0,1,1,1.0
497,1,668.0,301.0,51.0,125.0,1,1,1.0
498,1,673.0,305.0,49.0,121.0,1,1,1.0
499,1,677.0,308.0,50.0,119.0,1,1,1.0
500,1,680.0,303.0,50.0,123.0,1,1,1.0
501,1,682.0,301.0,52.0,125.0,1,1,1.0
502,1,684.0,301.0,54.0,126.0,1,1,1.0
503,1,688.0,303.0,57.0,125.0,1,1,1.0
504,1,689.0,303.0,61.0,125.0,1,1,1.0
505,1,693.0,304.0,58.0,126.0,1,1,1.0
506,1,696.0,304.0,57.0,127.0,1,1,1.0
507,1,699.0,304.0,56.0,128.0,1,1,1.0
508,1,704.0,303.0,53.0,128.0,1,1,1.0
509,1,709.0,302.0,51.0,129.0,1,1,1.0
510,1,711.0,302.0,50.0,129.0,1,1,1.0
511,1,714.0,302.0,49.0,130.0,1,1,1.0
512,1,717.0,302.0,49.0,131.0,1,1,1.0
513,1,720.0,302.0,49.0,132.0,1,1,1.0
514,1,723.0,303.0,50.0,132.0,1,1,1.0
515,1,725.0,304.0,51.0,132.0,1,1,1.0
516,1,727.0,305.0,51.0,132.0,1,1,1.0
517,1,731.0,305.0,50.0,133.0,1,1,1.0
518,1,735.0,304.0,49.0,134.0,1,1,1.0
519,1,738.0,303.0,50.0,135.0,1,1,1.0
520,1,741.0,303.0,52.0,135.0,1,1,1.0
521,1,743.0,303.0,54.0,135.0,1,1,1.0
522,1,741.0,303.0,61.0,134.0,1,1,1.0
523,1,739.0,304.0,70.0,134.0,1,1,1.0
524,1,741.0,306.0,75.0,132.0,1,1,1.0
525,1,746.0,309.0,74.0,131.0,1,1,1.0
526,1,751.0,308.0,71.0,133.0,1,1,1.0
527,1,757.0,308.0,67.0,133.0,1,1,1.0
528,1,764.0,309.0,63.0,133.0,1,1,1.0
529,1,770.0,308.0,59.0,134.0,1,1,1.0
530,1,776.0,306.0,55.0,136.0,1,1,1.0
531,1,780.0,305.0,53.0,138.0,1,1,1.0
532,1,784.0,305.0,52.0,140.0,1,1,1.0
533,1,788.0,306.0,53.0,140.0,1,1,1.0
534,1,791.0,308.0,54.0,139.0,1,1,1.0
535,1,792.0,309.0,58.0,139.0,1,1,1.0
536,1,792.0,310.0,60.0,139.0,1,1,1.0
537,1,795.0,310.0,60.0,140.0,1,1,1.0
538,1,798.0,310.0,60.0,140.0,1,1,1.0
539,1,806.0,309.0,57.0,140.0,1,1,1.0
540,1,811.0,309.0,57.0,141.0,1,1,1.0
541,1,815.0,308.0,58.0,141.0,1,1,1.0
542,1,818.0,308.0,59.0,142.0,1,1,1.0
543,1,818.0,308.0,66.0,142.0,1,1,1.0
544,1,818.0,310.0,74.0,141.0,1,1,1.0
545,1,819.0,311.0,78.0,140.0,1,1,1.0
546,1,824.0,311.0,76.0,141.0,1,1,1.0
547,1,829.0,312.0,72.0,142.0,1,1,1.0
548,1,835.0,312.0,69.0,143.0,1,1,1.0
549,1,843.0,311.0,65.0,143.0,1,1,1.0
550,1,850.0,311.0,61.0,143.0,1,1,1.0
551,1,856.0,310.0,59.0,144.0,1,1,1.0
552,1,860.0,310.0,56.0,146.0,1,1,1.0
553,1,863.0,311.0,55.0,147.0,1,1,1.0
554,1,866.0,311.0,55.0,148.0,1,1,1.0
555,1,868.0,312.0,59.0,148.0,1,1,1.0
556,1,871.0,313.0,61.0,147.0,1,1,1.0
557,1,873.0,313.0,63.0,148.0,1,1,1.0
558,1,876.0,314.0,63.0,148.0,1,1,1.0
559,1,881.0,314.0,62.0,148.0,1,1,1.0
560,1,887.0,314.0,60.0,148.0,1,1,1.0
561,1,892.0,313.0,61.0,150.0,1,1,1.0
562,1,893.0,313.0,64.0,149.0,1,1,1.0
563,1,892.0,314.0,70.0,149.0,1,1,1.0
566,1,896.0,316.0,83.0,150.0,1,1,1.0
567,1,902.0,317.0,81.0,150.0,1,1,1.0
568,1,907.0,318.0,80.0,150.0,1,1,1.0
569,1,913.0,317.0,77.0,151.0,1,1,1.0
570,1,917.0,316.0,77.0,152.0,1,1,1.0
571,1,927.0,316.0,70.0,152.0,1,1,1.0
572,1,934.0,316.0,66.0,153.0,1,1,1.0
573,1,942.0,316.0,60.0,154.0,1,1,1.0
574,1,948.0,317.0,57.0,156.0,1,1,1.0
575,1,952.0,318.0,57.0,157.0,1,1,1.0
576,1,956.0,319.0,58.0,157.0,1,1,1.0
577,1,959.0,320.0,59.0,157.0,1,1,1.0
578,1,962.0,320.0,61.0,158.0,1,1,1.0
579,1,965.0,320.0,64.0,158.0,1,1,1.0
580,1,972.0,320.0,63.0,159.0,1,1,1.0
581,1,976.0,319.0,65.0,160.0,1,1,1.0
582,1,981.0,319.0,65.0,160.0,1,1,1.0
583,1,986.0,319.0,66.0,160.0,1,1,1.0
584,1,991.0,319.0,66.0,160.0,1,1,1.0
585,1,995.0,320.0,70.0,160.0,1,1,1.0
586,1,996.0,321.0,74.0,160.0,1,1,1.0
587,1,997.0,323.0,79.0,160.0,1,1,1.0
588,1,999.0,323.0,80.0,160.0,1,1,1.0
589,1,1005.0,322.0,73.0,161.0,1,1,1.0
591,1,1023.0,320.0,71.0,162.0,1,1,1.0
592,1,1029.0,320.0,70.0,164.0,1,1,1.0
593,1,1034.0,320.0,68.0,166.0,1,1,1.0
594,1,1040.0,322.0,66.0,167.0,1,1,1.0
595,1,1043.0,323.0,65.0,167.0,1,1,1.0
596,1,1046.0,324.0,69.0,167.0,1,1,1.0
597,1,1048.0,326.0,72.0,167.0,1,1,1.0
598,1,1052.0,326.0,74.0,168.0,1,1,1.0
599,1,1058.0,326.0,75.0,168.0,1,1,1.0
600,1,1065.0,325.0,76.0,169.0,1,1,1.0
601,1,1073.0,325.0,74.0,170.0,1,1,1.0
603,1,1085.0,324.0,63.0,170.0,1,1,1.0
604,1,1089.0,325.0,72.0,169.0,1,1,1.0
605,1,1092.0,326.0,80.0,169.0,1,1,1.0
606,1,1093.0,327.0,86.0,168.0,1,1,1.0
607,1,1094.0,329.0,91.0,169.0,1,1,1.0
608,1,1097.0,330.0,89.0,168.0,1,1,1.0
609,1,1103.0,331.0,86.0,168.0,1,1,1.0
610,1,1113.0,330.0,90.0,169.0,1,1,1.0
611,1,1123.0,328.0,86.0,170.0,1,1,1.0
612,1,1132.0,328.0,81.0,171.0,1,1,1.0
613,1,1135.0,328.0,82.0,174.0,1,1,1.0
614,1,1146.0,329.0,76.0,176.0,1,1,1.0
615,1,1152.0,331.0,74.0,176.0,1,1,1.0
616,1,1152.0,333.0,79.0,176.0,1,1,1.0
617,1,1154.0,335.0,83.0,176.0,1,1,1.0
618,1,1158.0,336.0,85.0,177.0,1,1,1.0
619,1,1166.0,337.0,85.0,177.0,1,1,1.0
620,1,1173.0,337.0,85.0,177.0,1,1,1.0
621,1,1178.0,336.0,88.0,178.0,1,1,1.0
622,1,1181.0,335.0,91.0,179.0,1,1,1.0
623,1,1196.0,336.0,80.0,178.0,1,1,1.0
624,1,1204.0,337.0,77.0,178.0,1,1,1.0
625,1,1206.0,338.0,83.0,178.0,1,1,1.0
626,1,1207.0,340.0,89.0,177.0,1,1,1.0
627,1,1208.0,342.0,94.0,177.0,1,1,1.0
628,1,1210.0,343.0,93.0,179.0,1,1,1.0
629,1,1216.0,345.0,89.0,179.0,1,1,1.0
630,1,1224.0,345.0,95.0,180.0,1,1,1.0
631,1,1229.0,345.0,96.0,180.0,1,1,1.0
632,1,1234.0,344.0,97.0,181.0,1,1,1.0
633,1,1252.0,344.0,83.0,184.0,1,1,1.0
634,1,1261.0,345.0,77.0,186.0,1,1,1.0
635,1,1269.0,347.0,75.0,187.0,1,1,1.0
636,1,1272.0,349.0,77.0,187.0,1,1,1.0
637,1,1273.0,351.0,82.0,188.0,1,1,1.0
638,1,1269.0,353.0,94.0,188.0,1,1,1.0
639,1,1272.0,355.0,99.0,187.0,1,1,1.0
640,1,1284.0,355.0,95.0,186.0,1,1,1.0
641,1,1287.0,355.0,98.0,187.0,1,1,1.0
644,1,1317.0,355.0,74.0,187.0,1,1,1.0
645,1,1318.0,356.0,91.0,187.0,1,1,1.0
646,1,1319.0,358.0,99.0,188.0,1,1,1.0
647,1,1321.0,360.0,104.0,188.0,1,1,1.0
648,1,1325.0,362.0,102.0,188.0,1,1,1.0
649,1,1331.0,363.0,95.0,188.0,1,1,1.0
650,1,1340.0,363.0,89.0,188.0,1,1,1.0
652,1,1366.0,362.0,90.0,189.0,1,1,1.0
653,1,1381.0,362.0,82.0,191.0,1,1,1.0
654,1,1390.0,363.0,80.0,194.0,1,1,1.0
655,1,1391.0,364.0,85.0,196.0,1,1,1.0
656,1,1391.0,366.0,90.0,196.0,1,1,1.0
657,1,1393.0,370.0,94.0,194.0,1,1,1.0
658,1,1391.0,371.0,94.0,195.0,1,1,1.0
659,1,1400.0,372.0,85.0,195.0,1,1,1.0
660,1,1406.0,372.0,99.0,195.0,1,1,1.0
661,1,1412.0,372.0,90.0,196.0,1,1,1.0
665,1,1446.0,374.0,87.0,194.0,1,1,1.0
666,1,1448.0,376.0,97.0,194.0,1,1,1.0
667,1,1451.0,378.0,100.0,194.0,1,1,1.0
668,1,1453.0,380.0,102.0,194.0,1,1,1.0
670,1,1469.0,382.0,95.0,194.0,1,1,1.0
671,1,1467.0,382.0,115.0,195.0,1,1,1.0
673,1,1503.0,381.0,96.0,198.0,1,1,1.0
674,1,1516.0,382.0,90.0,200.0,1,1,1.0
675,1,1521.0,383.0,91.0,203.0,1,1,1.0
676,1,1522.0,385.0,96.0,203.0,1,1,1.0
677,1,1523.0,388.0,100.0,202.0,1,1,1.0
678,1,1525.0,390.0,102.0,202.0,1,1,1.0
679,1,1532.0,393.0,94.0,200.0,1,1,1.0
681,1,1556.0,394.0,78.0,200.0,1,1,1.0
685,1,1582.0,396.0,81.0,200.0,1,1,1.0
686,1,1586.0,397.0,90.0,200.0,1,1,1.0
687,1,1588.0,399.0,93.0,200.0,1,1,1.0
688,1,1591.0,402.0,95.0,200.0,1,1,1.0
689,1,1594.0,403.0,95.0,200.0,1,1,1.0
690,1,1599.0,404.0,99.0,200.0,1,1,1.0
692,1,1625.0,404.0,94.0,200.0,1,1,1.0
693,1,1638.0,405.0,89.0,201.0,1,1,1.0
694,1,1648.0,405.0,82.0,205.0,1,1,1.0
695,1,1651.0,406.0,85.0,209.0,1,1,1.0
696,1,1652.0,408.0,88.0,210.0,1,1,1.0
697,1,1652.0,411.0,93.0,210.0,1,1,1.0
698,1,1654.0,413.0,98.0,211.0,1,1,1.0
702,1,1689.0,415.0,67.0,209.0,1,1,1.0
704,1,1697.0,416.0,69.0,208.0,1,1,1.0
