1,1,1215.0,631.0,133.0,310.0,1,1,1.0
2,1,1218.0,625.0,125.0,295.0,1,1,1.0
3,1,1222.0,614.0,115.0,289.0,1,1,1.0
4,1,1225.0,604.0,107.0,291.0,1,1,1.0
5,1,1225.0,598.0,103.0,288.0,1,1,1.0
6,1,1219.0,592.0,105.0,291.0,1,1,1.0
7,1,1212.0,587.0,109.0,295.0,1,1,1.0
8,1,1206.0,585.0,110.0,297.0,1,1,1.0
9,1,1203.0,584.0,108.0,297.0,1,1,1.0
10,1,1203.0,583.0,104.0,288.0,1,1,1.0
11,1,1202.0,582.0,100.0,283.0,1,1,1.0
12,1,1201.0,579.0,97.0,278.0,1,1,1.0
13,1,1199.0,575.0,96.0,265.0,1,1,1.0
14,1,1197.0,570.0,95.0,260.0,1,1,1.0
15,1,1194.0,563.0,97.0,262.0,1,1,1.0
16,1,1191.0,559.0,99.0,265.0,1,1,1.0
17,1,1187.0,556.0,102.0,267.0,1,1,1.0
18,1,1182.0,555.0,106.0,267.0,1,1,1.0
19,1,1177.0,555.0,110.0,263.0,1,1,1.0
20,1,1174.0,555.0,112.0,259.0,1,1,1.0
21,1,1172.0,553.0,112.0,257.0,1,1,1.0
22,1,1171.0,550.0,108.0,250.0,1,1,1.0
23,1,1174.0,544.0,100.0,239.0,1,1,1.0
24,1,1175.0,539.0,94.0,235.0,1,1,1.0
25,1,1173.0,533.0,91.0,238.0,1,1,1.0
26,1,1167.0,529.0,93.0,241.0,1,1,1.0
27,1,1161.0,524.0,96.0,246.0,1,1,1.0
28,1,1158.0,520.0,95.0,249.0,1,1,1.0
29,1,1156.0,517.0,91.0,248.0,1,1,1.0
30,1,1156.0,513.0,88.0,248.0,1,1,1.0
31,1,1154.0,507.0,85.0,249.0,1,1,1.0
32,1,1153.0,501.0,84.0,244.0,1,1,1.0
33,1,1151.0,493.0,83.0,240.0,1,1,1.0
34,1,1149.0,485.0,83.0,242.0,1,1,1.0
35,1,1146.0,479.0,85.0,246.0,1,1,1.0
36,1,1144.0,475.0,86.0,249.0,1,1,1.0
37,1,1141.0,474.0,88.0,250.0,1,1,1.0
38,1,1140.0,472.0,88.0,251.0,1,1,1.0
39,1,1138.0,472.0,89.0,250.0,1,1,1.0
40,1,1137.0,472.0,89.0,245.0,1,1,1.0
41,1,1136.0,472.0,88.0,240.0,1,1,1.0
42,1,1135.0,473.0,86.0,228.0,1,1,1.0
43,1,1134.0,472.0,83.0,218.0,1,1,1.0
44,1,1133.0,470.0,80.0,217.0,1,1,1.0
45,1,1131.0,468.0,78.0,215.0,1,1,1.0
46,1,1127.0,466.0,80.0,217.0,1,1,1.0
47,1,1124.0,466.0,79.0,217.0,1,1,1.0
48,1,1123.0,467.0,77.0,215.0,1,1,1.0
49,1,1123.0,468.0,74.0,211.0,1,1,1.0
50,1,1122.0,466.0,72.0,210.0,1,1,1.0
51,1,1120.0,464.0,72.0,197.0,1,1,1.0
52,1,1118.0,460.0,73.0,200.0,1,1,1.0
53,1,1117.0,455.0,74.0,197.0,1,1,1.0
54,1,1116.0,449.0,75.0,199.0,1,1,1.0
55,1,1115.0,445.0,75.0,202.0,1,1,1.0
56,1,1114.0,442.0,75.0,204.0,1,1,1.0
57,1,1114.0,441.0,74.0,205.0,1,1,1.0
58,1,1114.0,440.0,72.0,205.0,1,1,1.0
59,1,1114.0,442.0,71.0,202.0,1,1,1.0
60,1,1113.0,443.0,71.0,199.0,1,1,1.0
61,1,1112.0,442.0,72.0,196.0,1,1,1.0
62,1,1112.0,440.0,72.0,190.0,1,1,1.0
63,1,1111.0,438.0,72.0,183.0,1,1,1.0
64,1,1109.0,433.0,72.0,184.0,1,1,1.0
65,1,1108.0,427.0,72.0,187.0,1,1,1.0
66,1,1106.0,423.0,73.0,191.0,1,1,1.0
67,1,1105.0,421.0,73.0,192.0,1,1,1.0
68,1,1104.0,421.0,73.0,192.0,1,1,1.0
69,1,1103.0,421.0,71.0,192.0,1,1,1.0
70,1,1103.0,419.0,69.0,191.0,1,1,1.0
71,1,1101.0,416.0,69.0,190.0,1,1,1.0
72,1,1098.0,414.0,71.0,185.0,1,1,1.0
73,1,1095.0,411.0,73.0,180.0,1,1,1.0
74,1,1093.0,408.0,74.0,179.0,1,1,1.0
75,1,1091.0,406.0,74.0,180.0,1,1,1.0
76,1,1090.0,405.0,73.0,180.0,1,1,1.0
77,1,1089.0,403.0,71.0,182.0,1,1,1.0
78,1,1089.0,401.0,70.0,183.0,1,1,1.0
79,1,1089.0,401.0,69.0,183.0,1,1,1.0
80,1,1089.0,400.0,68.0,182.0,1,1,1.0
81,1,1088.0,397.0,69.0,181.0,1,1,1.0
82,1,1087.0,395.0,69.0,176.0,1,1,1.0
83,1,1086.0,390.0,69.0,174.0,1,1,1.0
84,1,1084.0,387.0,69.0,174.0,1,1,1.0
85,1,1083.0,383.0,68.0,177.0,1,1,1.0
86,1,1081.0,382.0,68.0,178.0,1,1,1.0
87,1,1079.0,381.0,68.0,179.0,1,1,1.0
88,1,1078.0,381.0,67.0,179.0,1,1,1.0
89,1,1077.0,380.0,65.0,177.0,1,1,1.0
90,1,1076.0,380.0,63.0,175.0,1,1,1.0
91,1,1075.0,379.0,62.0,171.0,1,1,1.0
92,1,1072.0,378.0,63.0,164.0,1,1,1.0
93,1,1070.0,374.0,64.0,165.0,1,1,1.0
94,1,1068.0,371.0,65.0,167.0,1,1,1.0
95,1,1066.0,370.0,66.0,167.0,1,1,1.0
96,1,1064.0,371.0,66.0,165.0,1,1,1.0
97,1,1063.0,372.0,65.0,164.0,1,1,1.0
98,1,1063.0,372.0,64.0,162.0,1,1,1.0
99,1,1063.0,373.0,63.0,161.0,1,1,1.0
100,1,1063.0,372.0,62.0,159.0,1,1,1.0
101,1,1063.0,372.0,61.0,155.0,1,1,1.0
102,1,1062.0,371.0,61.0,150.0,1,1,1.0
103,1,1061.0,369.0,61.0,151.0,1,1,1.0
104,1,1060.0,365.0,61.0,152.0,1,1,1.0
105,1,1060.0,363.0,61.0,154.0,1,1,1.0
106,1,1059.0,362.0,60.0,154.0,1,1,1.0
107,1,1059.0,363.0,60.0,153.0,1,1,1.0
108,1,1058.0,363.0,58.0,153.0,1,1,1.0
109,1,1057.0,362.0,58.0,152.0,1,1,1.0
110,1,1056.0,361.0,58.0,151.0,1,1,1.0
111,1,1054.0,359.0,58.0,147.0,1,1,1.0
112,1,1053.0,356.0,59.0,145.0,1,1,1.0
113,1,1051.0,353.0,60.0,146.0,1,1,1.0
114,1,1049.0,350.0,61.0,148.0,1,1,1.0
115,1,1048.0,350.0,61.0,149.0,1,1,1.0
116,1,1048.0,349.0,61.0,149.0,1,1,1.0
117,1,1049.0,349.0,59.0,149.0,1,1,1.0
118,1,1050.0,350.0,58.0,147.0,1,1,1.0
119,1,1051.0,350.0,57.0,145.0,1,1,1.0
120,1,1051.0,350.0,57.0,142.0,1,1,1.0
121,1,1051.0,348.0,57.0,141.0,1,1,1.0
122,1,1050.0,345.0,58.0,142.0,1,1,1.0
123,1,1050.0,342.0,57.0,143.0,1,1,1.0
124,1,1050.0,339.0,57.0,144.0,1,1,1.0
125,1,1050.0,338.0,56.0,144.0,1,1,1.0
126,1,1050.0,338.0,55.0,144.0,1,1,1.0
127,1,1051.0,339.0,53.0,142.0,1,1,1.0
128,1,1050.0,339.0,52.0,142.0,1,1,1.0
129,1,1048.0,339.0,52.0,141.0,1,1,1.0
130,1,1047.0,337.0,53.0,138.0,1,1,1.0
131,1,1046.0,337.0,54.0,133.0,1,1,1.0
132,1,1045.0,335.0,54.0,133.0,1,1,1.0
133,1,1044.0,334.0,55.0,134.0,1,1,1.0
134,1,1043.0,333.0,55.0,134.0,1,1,1.0
135,1,1042.0,332.0,55.0,133.0,1,1,1.0
136,1,1042.0,332.0,54.0,134.0,1,1,1.0
137,1,1042.0,332.0,54.0,134.0,1,1,1.0
138,1,1043.0,333.0,53.0,133.0,1,1,1.0
139,1,1044.0,333.0,52.0,131.0,1,1,1.0
140,1,1044.0,334.0,51.0,127.0,1,1,1.0
141,1,1043.0,333.0,51.0,124.0,1,1,1.0
142,1,1042.0,332.0,51.0,124.0,1,1,1.0
143,1,1041.0,329.0,52.0,125.0,1,1,1.0
144,1,1041.0,327.0,51.0,127.0,1,1,1.0
145,1,1040.0,325.0,51.0,128.0,1,1,1.0
146,1,1040.0,325.0,50.0,128.0,1,1,1.0
147,1,1040.0,326.0,50.0,127.0,1,1,1.0
148,1,1039.0,326.0,49.0,127.0,1,1,1.0
149,1,1038.0,324.0,49.0,125.0,1,1,1.0
150,1,1036.0,322.0,50.0,124.0,1,1,1.0
151,1,1034.0,319.0,51.0,124.0,1,1,1.0
152,1,1033.0,315.0,51.0,126.0,1,1,1.0
153,1,1032.0,313.0,52.0,128.0,1,1,1.0
154,1,1032.0,313.0,51.0,127.0,1,1,1.0
155,1,1031.0,312.0,51.0,129.0,1,1,1.0
156,1,1031.0,310.0,50.0,130.0,1,1,1.0
157,1,1031.0,309.0,50.0,131.0,1,1,1.0
158,1,1031.0,308.0,49.0,132.0,1,1,1.0
159,1,1031.0,307.0,49.0,131.0,1,1,1.0
160,1,1032.0,306.0,48.0,129.0,1,1,1.0
161,1,1031.0,304.0,48.0,127.0,1,1,1.0
162,1,1031.0,302.0,48.0,128.0,1,1,1.0
163,1,1030.0,300.0,48.0,129.0,1,1,1.0
164,1,1030.0,299.0,48.0,130.0,1,1,1.0
165,1,1030.0,299.0,48.0,131.0,1,1,1.0
166,1,1029.0,300.0,47.0,129.0,1,1,1.0
167,1,1029.0,302.0,46.0,127.0,1,1,1.0
168,1,1029.0,303.0,45.0,125.0,1,1,1.0
169,1,1028.0,303.0,45.0,123.0,1,1,1.0
170,1,1026.0,300.0,46.0,122.0,1,1,1.0
171,1,1025.0,298.0,46.0,121.0,1,1,1.0
172,1,1024.0,297.0,47.0,122.0,1,1,1.0
173,1,1024.0,296.0,47.0,122.0,1,1,1.0
174,1,1023.0,296.0,48.0,121.0,1,1,1.0
175,1,1023.0,297.0,48.0,121.0,1,1,1.0
176,1,1023.0,297.0,48.0,121.0,1,1,1.0
177,1,1024.0,297.0,47.0,120.0,1,1,1.0
178,1,1026.0,297.0,46.0,119.0,1,1,1.0
179,1,1027.0,296.0,45.0,118.0,1,1,1.0
180,1,1028.0,295.0,45.0,117.0,1,1,1.0
181,1,1027.0,293.0,45.0,118.0,1,1,1.0
182,1,1027.0,291.0,45.0,118.0,1,1,1.0
183,1,1027.0,289.0,46.0,120.0,1,1,1.0
184,1,1027.0,289.0,45.0,120.0,1,1,1.0
185,1,1028.0,290.0,45.0,119.0,1,1,1.0
186,1,1028.0,291.0,44.0,118.0,1,1,1.0
187,1,1027.0,291.0,43.0,117.0,1,1,1.0
188,1,1026.0,292.0,43.0,115.0,1,1,1.0
189,1,1025.0,290.0,44.0,112.0,1,1,1.0
190,1,1024.0,288.0,45.0,112.0,1,1,1.0
191,1,1024.0,287.0,45.0,113.0,1,1,1.0
192,1,1024.0,285.0,45.0,113.0,1,1,1.0
193,1,1024.0,285.0,45.0,113.0,1,1,1.0
194,1,1024.0,287.0,44.0,112.0,1,1,1.0
195,1,1024.0,288.0,44.0,111.0,1,1,1.0
196,1,1025.0,288.0,43.0,110.0,1,1,1.0
197,1,1025.0,288.0,43.0,109.0,1,1,1.0
198,1,1025.0,288.0,43.0,108.0,1,1,1.0
199,1,1026.0,288.0,43.0,106.0,1,1,1.0
200,1,1025.0,286.0,43.0,106.0,1,1,1.0
201,1,1025.0,283.0,43.0,107.0,1,1,1.0
202,1,1025.0,282.0,42.0,108.0,1,1,1.0
203,1,1025.0,281.0,43.0,108.0,1,1,1.0
204,1,1025.0,282.0,43.0,109.0,1,1,1.0
205,1,1025.0,281.0,42.0,109.0,1,1,1.0
206,1,1024.0,281.0,41.0,108.0,1,1,1.0
207,1,1024.0,282.0,41.0,107.0,1,1,1.0
208,1,1023.0,283.0,41.0,105.0,1,1,1.0
209,1,1022.0,282.0,41.0,102.0,1,1,1.0
210,1,1021.0,282.0,41.0,101.0,1,1,1.0
211,1,1021.0,281.0,41.0,101.0,1,1,1.0
212,1,1020.0,280.0,41.0,101.0,1,1,1.0
213,1,1019.0,280.0,41.0,101.0,1,1,1.0
214,1,1019.0,280.0,41.0,102.0,1,1,1.0
215,1,1020.0,280.0,41.0,101.0,1,1,1.0
216,1,1020.0,279.0,40.0,101.0,1,1,1.0
217,1,1020.0,280.0,40.0,100.0,1,1,1.0
218,1,1021.0,279.0,39.0,99.0,1,1,1.0
219,1,1020.0,278.0,39.0,99.0,1,1,1.0
220,1,1020.0,276.0,39.0,99.0,1,1,1.0
221,1,1020.0,274.0,39.0,100.0,1,1,1.0
222,1,1020.0,273.0,39.0,101.0,1,1,1.0
223,1,1019.0,273.0,39.0,102.0,1,1,1.0
224,1,1019.0,272.0,39.0,102.0,1,1,1.0
225,1,1019.0,272.0,38.0,102.0,1,1,1.0
226,1,1018.0,272.0,38.0,101.0,1,1,1.0
227,1,1017.0,272.0,37.0,100.0,1,1,1.0
228,1,1016.0,272.0,38.0,98.0,1,1,1.0
229,1,1014.0,271.0,39.0,97.0,1,1,1.0
230,1,1013.0,270.0,39.0,98.0,1,1,1.0
231,1,1012.0,269.0,40.0,98.0,1,1,1.0
232,1,1012.0,268.0,39.0,99.0,1,1,1.0
233,1,1012.0,269.0,39.0,98.0,1,1,1.0
234,1,1012.0,269.0,38.0,98.0,1,1,1.0
235,1,1012.0,270.0,38.0,97.0,1,1,1.0
236,1,1012.0,270.0,38.0,96.0,1,1,1.0
237,1,1012.0,269.0,37.0,95.0,1,1,1.0
238,1,1011.0,266.0,37.0,96.0,1,1,1.0
239,1,1010.0,263.0,38.0,98.0,1,1,1.0
240,1,1009.0,262.0,38.0,99.0,1,1,1.0
241,1,1009.0,260.0,38.0,100.0,1,1,1.0
242,1,1008.0,259.0,39.0,102.0,1,1,1.0
243,1,1007.0,258.0,39.0,102.0,1,1,1.0
244,1,1007.0,260.0,38.0,100.0,1,1,1.0
245,1,1006.0,262.0,38.0,97.0,1,1,1.0
246,1,1005.0,263.0,37.0,95.0,1,1,1.0
247,1,1004.0,262.0,37.0,93.0,1,1,1.0
248,1,1003.0,260.0,37.0,94.0,1,1,1.0
249,1,1002.0,258.0,38.0,95.0,1,1,1.0
250,1,1002.0,257.0,39.0,96.0,1,1,1.0
251,1,1001.0,256.0,39.0,97.0,1,1,1.0
252,1,1002.0,256.0,38.0,97.0,1,1,1.0
253,1,1003.0,256.0,37.0,97.0,1,1,1.0
254,1,1004.0,257.0,37.0,96.0,1,1,1.0
255,1,1004.0,258.0,36.0,94.0,1,1,1.0
256,1,1005.0,259.0,36.0,92.0,1,1,1.0
257,1,1005.0,260.0,36.0,89.0,1,1,1.0
258,1,1006.0,259.0,37.0,89.0,1,1,1.0
259,1,1006.0,258.0,37.0,90.0,1,1,1.0
260,1,1007.0,257.0,37.0,91.0,1,1,1.0
261,1,1008.0,257.0,37.0,90.0,1,1,1.0
262,1,1010.0,257.0,36.0,90.0,1,1,1.0
263,1,1010.0,258.0,36.0,89.0,1,1,1.0
264,1,1011.0,260.0,36.0,87.0,1,1,1.0
265,1,1011.0,260.0,36.0,86.0,1,1,1.0
266,1,1012.0,260.0,35.0,85.0,1,1,1.0
267,1,1013.0,259.0,35.0,84.0,1,1,1.0
268,1,1015.0,259.0,34.0,84.0,1,1,1.0
269,1,1016.0,257.0,33.0,85.0,1,1,1.0
270,1,1018.0,257.0,34.0,86.0,1,1,1.0
271,1,1018.0,257.0,35.0,86.0,1,1,1.0
272,1,1019.0,257.0,37.0,86.0,1,1,1.0
273,1,1019.0,258.0,39.0,85.0,1,1,1.0
274,1,1019.0,259.0,41.0,83.0,1,1,1.0
275,1,1020.0,260.0,43.0,82.0,1,1,1.0
276,1,1023.0,261.0,42.0,80.0,1,1,1.0
277,1,1028.0,262.0,41.0,79.0,1,1,1.0
278,1,1033.0,261.0,39.0,77.0,1,1,1.0
280,1,1041.0,259.0,36.0,80.0,1,1,1.0
281,1,1043.0,258.0,39.0,82.0,1,1,1.0
282,1,1049.0,258.0,35.0,71.0,1,1,1.0
285,1,1049.0,261.0,43.0,77.0,1,1,1.0
288,1,1066.0,263.0,33.0,68.0,1,1,1.0
289,1,1070.0,264.0,32.0,72.0,1,1,1.0
290,1,1072.0,265.0,34.0,74.0,1,1,1.0
291,1,1072.0,265.0,38.0,74.0,1,1,1.0
292,1,1073.0,266.0,40.0,73.0,1,1,1.0
293,1,1074.0,267.0,42.0,70.0,1,1,1.0
294,1,1076.0,269.0,44.0,65.0,1,1,1.0
300,1,1104.0,268.0,36.0,76.0,1,1,1.0
301,1,1106.0,268.0,37.0,76.0,1,1,1.0
302,1,1107.0,268.0,43.0,76.0,1,1,1.0
303,1,1108.0,270.0,46.0,74.0,1,1,1.0
304,1,1111.0,272.0,46.0,71.0,1,1,1.0
305,1,1125.0,273.0,34.0,65.0,1,1,1.0
306,1,1125.0,274.0,39.0,69.0,1,1,1.0
307,1,1130.0,275.0,38.0,70.0,1,1,1.0
309,1,1141.0,275.0,34.0,74.0,1,1,1.0
310,1,1142.0,275.0,37.0,76.0,1,1,1.0
311,1,1143.0,276.0,41.0,77.0,1,1,1.0
313,1,1146.0,277.0,43.0,78.0,1,1,1.0
314,1,1150.0,277.0,42.0,78.0,1,1,1.0
315,1,1161.0,277.0,33.0,79.0,1,1,1.0
316,1,1167.0,277.0,30.0,79.0,1,1,1.0
318,1,1173.0,278.0,31.0,78.0,1,1,1.0
319,1,1174.0,278.0,33.0,77.0,1,1,1.0
320,1,1174.0,279.0,36.0,77.0,1,1,1.0
321,1,1175.0,279.0,44.0,78.0,1,1,1.0
322,1,1175.0,280.0,48.0,79.0,1,1,1.0
323,1,1176.0,281.0,50.0,79.0,1,1,1.0
324,1,1179.0,282.0,50.0,80.0,1,1,1.0
325,1,1185.0,280.0,48.0,81.0,1,1,1.0
328,1,1204.0,281.0,41.0,80.0,1,1,1.0
329,1,1208.0,282.0,38.0,81.0,1,1,1.0
330,1,1210.0,283.0,39.0,81.0,1,1,1.0
331,1,1210.0,284.0,41.0,81.0,1,1,1.0
332,1,1211.0,286.0,43.0,80.0,1,1,1.0
333,1,1212.0,288.0,39.0,79.0,1,1,1.0
335,1,1221.0,288.0,41.0,81.0,1,1,1.0
336,1,1226.0,288.0,38.0,80.0,1,1,1.0
337,1,1227.0,287.0,38.0,81.0,1,1,1.0
338,1,1232.0,287.0,34.0,82.0,1,1,1.0
339,1,1234.0,287.0,34.0,83.0,1,1,1.0
340,1,1235.0,287.0,40.0,84.0,1,1,1.0
341,1,1235.0,288.0,45.0,85.0,1,1,1.0
342,1,1236.0,288.0,47.0,86.0,1,1,1.0
343,1,1237.0,290.0,46.0,86.0,1,1,1.0
344,1,1240.0,291.0,44.0,85.0,1,1,1.0
345,1,1244.0,293.0,41.0,82.0,1,1,1.0
346,1,1251.0,295.0,37.0,81.0,1,1,1.0
348,1,1263.0,296.0,27.0,80.0,1,1,1.0
349,1,1266.0,297.0,26.0,80.0,1,1,1.0
351,1,1267.0,299.0,42.0,81.0,1,1,1.0
357,1,1292.0,298.0,31.0,85.0,1,1,1.0
358,1,1293.0,297.0,33.0,86.0,1,1,1.0
359,1,1295.0,297.0,36.0,88.0,1,1,1.0
360,1,1295.0,297.0,41.0,88.0,1,1,1.0
361,1,1296.0,299.0,43.0,85.0,1,1,1.0
362,1,1296.0,300.0,45.0,83.0,1,1,1.0
363,1,1298.0,302.0,46.0,82.0,1,1,1.0
364,1,1302.0,303.0,44.0,78.0,1,1,1.0
365,1,1308.0,304.0,46.0,78.0,1,1,1.0
378,1,1361.0,315.0,32.0,69.0,1,1,1.0
379,1,1363.0,315.0,33.0,69.0,1,1,1.0
381,1,1368.0,316.0,41.0,84.0,1,1,1.0
382,1,1371.0,317.0,41.0,88.0,1,1,1.0
383,1,1375.0,318.0,38.0,90.0,1,1,1.0
384,1,1379.0,319.0,37.0,90.0,1,1,1.0
398,2,1413.0,327.0,37.0,93.0,1,1,1.0
399,2,1414.0,327.0,39.0,94.0,1,1,1.0
400,2,1414.0,328.0,40.0,94.0,1,1,1.0
401,2,1416.0,328.0,41.0,96.0,1,1,1.0
403,2,1419.0,331.0,45.0,94.0,1,1,1.0
404,2,1422.0,332.0,46.0,93.0,1,1,1.0
405,2,1425.0,332.0,45.0,93.0,1,1,1.0
406,2,1428.0,332.0,43.0,91.0,1,1,1.0
407,2,1429.0,332.0,44.0,92.0,1,1,1.0
408,2,1429.0,333.0,45.0,94.0,1,1,1.0
409,2,1429.0,333.0,47.0,96.0,1,1,1.0
410,2,1428.0,334.0,47.0,97.0,1,1,1.0
411,2,1428.0,334.0,47.0,98.0,1,1,1.0
412,2,1427.0,334.0,47.0,99.0,1,1,1.0
413,2,1427.0,332.0,45.0,101.0,1,1,1.0
414,2,1426.0,330.0,45.0,102.0,1,1,1.0
415,2,1424.0,330.0,46.0,103.0,1,1,1.0
416,2,1423.0,328.0,47.0,105.0,1,1,1.0
417,2,1424.0,328.0,46.0,106.0,1,1,1.0
418,2,1424.0,328.0,46.0,108.0,1,1,1.0
419,2,1424.0,328.0,46.0,109.0,1,1,1.0
420,2,1424.0,329.0,48.0,110.0,1,1,1.0
421,2,1424.0,330.0,48.0,110.0,1,1,1.0
422,2,1424.0,330.0,47.0,111.0,1,1,1.0
423,2,1423.0,331.0,48.0,111.0,1,1,1.0
424,2,1424.0,333.0,47.0,109.0,1,1,1.0
425,2,1424.0,336.0,45.0,106.0,1,1,1.0
426,2,1423.0,337.0,43.0,104.0,1,1,1.0
427,2,1422.0,339.0,41.0,102.0,1,1,1.0
428,2,1419.0,341.0,43.0,100.0,1,1,1.0
429,2,1413.0,344.0,47.0,99.0,1,1,1.0
435,2,1406.0,349.0,40.0,95.0,1,1,1.0
438,2,1400.0,352.0,43.0,97.0,1,1,1.0
439,2,1397.0,354.0,45.0,97.0,1,1,1.0
440,2,1393.0,356.0,48.0,97.0,1,1,1.0
441,2,1390.0,357.0,50.0,97.0,1,1,1.0
442,2,1387.0,359.0,51.0,95.0,1,1,1.0
443,2,1385.0,361.0,47.0,94.0,1,1,1.0
444,2,1383.0,361.0,47.0,94.0,1,1,1.0
445,2,1380.0,360.0,49.0,94.0,1,1,1.0
446,2,1378.0,361.0,47.0,94.0,1,1,1.0
447,2,1373.0,363.0,49.0,92.0,1,1,1.0
448,2,1365.0,363.0,53.0,91.0,1,1,1.0
449,2,1360.0,364.0,55.0,91.0,1,1,1.0
450,2,1358.0,365.0,54.0,90.0,1,1,1.0
451,2,1356.0,366.0,53.0,90.0,1,1,1.0
452,2,1355.0,369.0,50.0,87.0,1,1,1.0
453,2,1354.0,367.0,48.0,89.0,1,1,1.0
454,2,1352.0,364.0,46.0,92.0,1,1,1.0
456,2,1346.0,359.0,49.0,99.0,1,1,1.0
457,2,1342.0,357.0,51.0,102.0,1,1,1.0
458,2,1344.0,358.0,49.0,103.0,1,1,1.0
461,2,1330.0,359.0,56.0,106.0,1,1,1.0
463,2,1327.0,358.0,50.0,107.0,1,1,1.0
466,2,1315.0,357.0,51.0,108.0,1,1,1.0
468,2,1304.0,358.0,56.0,109.0,1,1,1.0
469,2,1300.0,358.0,56.0,110.0,1,1,1.0
470,2,1298.0,358.0,55.0,111.0,1,1,1.0
471,2,1297.0,356.0,52.0,113.0,1,1,1.0
472,2,1296.0,353.0,51.0,116.0,1,1,1.0
473,2,1294.0,352.0,50.0,117.0,1,1,1.0
474,2,1292.0,350.0,48.0,119.0,1,1,1.0
475,2,1289.0,349.0,49.0,123.0,1,1,1.0
476,2,1287.0,349.0,49.0,125.0,1,1,1.0
477,2,1283.0,351.0,52.0,124.0,1,1,1.0
478,2,1278.0,352.0,55.0,124.0,1,1,1.0
479,2,1274.0,353.0,57.0,125.0,1,1,1.0
480,2,1272.0,354.0,55.0,124.0,1,1,1.0
481,2,1271.0,355.0,52.0,124.0,1,1,1.0
482,2,1268.0,356.0,49.0,123.0,1,1,1.0
483,2,1264.0,354.0,47.0,125.0,1,1,1.0
484,2,1259.0,354.0,46.0,125.0,1,1,1.0
485,2,1250.0,353.0,51.0,125.0,1,1,1.0
486,2,1238.0,354.0,58.0,125.0,1,1,1.0
487,2,1229.0,355.0,63.0,124.0,1,1,1.0
488,2,1222.0,357.0,66.0,122.0,1,1,1.0
489,2,1219.0,359.0,68.0,122.0,1,1,1.0
490,2,1218.0,359.0,66.0,121.0,1,1,1.0
491,2,1217.0,359.0,59.0,121.0,1,1,1.0
492,2,1214.0,359.0,56.0,121.0,1,1,1.0
493,2,1211.0,359.0,54.0,122.0,1,1,1.0
494,2,1208.0,357.0,55.0,125.0,1,1,1.0
495,2,1203.0,357.0,58.0,127.0,1,1,1.0
496,2,1198.0,359.0,61.0,127.0,1,1,1.0
497,2,1191.0,361.0,66.0,126.0,1,1,1.0
498,2,1187.0,362.0,67.0,126.0,1,1,1.0
499,2,1184.0,363.0,65.0,126.0,1,1,1.0
500,2,1183.0,363.0,60.0,126.0,1,1,1.0
501,2,1182.0,362.0,53.0,126.0,1,1,1.0
502,2,1180.0,362.0,49.0,127.0,1,1,1.0
503,2,1173.0,362.0,50.0,126.0,1,1,1.0
504,2,1165.0,362.0,53.0,127.0,1,1,1.0
505,2,1153.0,363.0,60.0,127.0,1,1,1.0
506,2,1142.0,363.0,67.0,127.0,1,1,1.0
507,2,1135.0,364.0,69.0,127.0,1,1,1.0
508,2,1133.0,364.0,69.0,128.0,1,1,1.0
509,2,1131.0,364.0,69.0,128.0,1,1,1.0
510,2,1130.0,363.0,64.0,129.0,1,1,1.0
511,2,1130.0,363.0,56.0,130.0,1,1,1.0
512,2,1130.0,360.0,51.0,133.0,1,1,1.0
513,2,1128.0,358.0,49.0,137.0,1,1,1.0
514,2,1123.0,355.0,52.0,142.0,1,1,1.0
515,2,1116.0,355.0,59.0,145.0,1,1,1.0
516,2,1107.0,355.0,68.0,146.0,1,1,1.0
517,2,1101.0,356.0,72.0,146.0,1,1,1.0
518,2,1097.0,356.0,72.0,147.0,1,1,1.0
519,2,1096.0,357.0,67.0,147.0,1,1,1.0
520,2,1093.0,356.0,62.0,148.0,1,1,1.0
521,2,1090.0,354.0,55.0,150.0,1,1,1.0
522,2,1085.0,352.0,52.0,152.0,1,1,1.0
523,2,1077.0,352.0,54.0,152.0,1,1,1.0
524,2,1065.0,353.0,60.0,150.0,1,1,1.0
525,2,1053.0,355.0,67.0,149.0,1,1,1.0
526,2,1042.0,357.0,76.0,148.0,1,1,1.0
527,2,1038.0,359.0,79.0,147.0,1,1,1.0
528,2,1036.0,360.0,79.0,147.0,1,1,1.0
529,2,1035.0,360.0,73.0,147.0,1,1,1.0
530,2,1034.0,359.0,65.0,148.0,1,1,1.0
531,2,1032.0,357.0,57.0,150.0,1,1,1.0
532,2,1028.0,356.0,53.0,154.0,1,1,1.0
533,2,1021.0,356.0,55.0,157.0,1,1,1.0
534,2,1015.0,357.0,59.0,158.0,1,1,1.0
535,2,1006.0,359.0,67.0,158.0,1,1,1.0
536,2,997.0,360.0,74.0,158.0,1,1,1.0
537,2,991.0,361.0,76.0,159.0,1,1,1.0
538,2,988.0,362.0,72.0,158.0,1,1,1.0
539,2,985.0,362.0,67.0,158.0,1,1,1.0
540,2,982.0,363.0,58.0,158.0,1,1,1.0
541,2,977.0,361.0,54.0,159.0,1,1,1.0
542,2,970.0,361.0,53.0,159.0,1,1,1.0
543,2,959.0,361.0,58.0,160.0,1,1,1.0
544,2,946.0,362.0,67.0,160.0,1,1,1.0
545,2,931.0,363.0,79.0,161.0,1,1,1.0
546,2,925.0,365.0,85.0,161.0,1,1,1.0
547,2,919.0,366.0,90.0,162.0,1,1,1.0
548,2,918.0,368.0,86.0,161.0,1,1,1.0
549,2,916.0,367.0,77.0,162.0,1,1,1.0
550,2,914.0,365.0,68.0,164.0,1,1,1.0
551,2,909.0,360.0,60.0,169.0,1,1,1.0
552,2,903.0,357.0,57.0,176.0,1,1,1.0
553,2,896.0,357.0,59.0,181.0,1,1,1.0
554,2,888.0,357.0,66.0,185.0,1,1,1.0
555,2,878.0,362.0,76.0,182.0,1,1,1.0
556,2,870.0,363.0,81.0,183.0,1,1,1.0
557,2,865.0,367.0,80.0,180.0,1,1,1.0
558,2,859.0,366.0,78.0,181.0,1,1,1.0
559,2,855.0,367.0,71.0,181.0,1,1,1.0
560,2,849.0,365.0,64.0,183.0,1,1,1.0
561,2,843.0,363.0,60.0,185.0,1,1,1.0
562,2,836.0,363.0,61.0,185.0,1,1,1.0
563,2,819.0,363.0,74.0,185.0,1,1,1.0
564,2,805.0,366.0,87.0,185.0,1,1,1.0
565,2,796.0,368.0,95.0,185.0,1,1,1.0
566,2,790.0,370.0,99.0,185.0,1,1,1.0
567,2,787.0,372.0,98.0,185.0,1,1,1.0
568,2,786.0,373.0,92.0,185.0,1,1,1.0
569,2,783.0,373.0,82.0,185.0,1,1,1.0
570,2,778.0,372.0,71.0,186.0,1,1,1.0
571,2,773.0,371.0,63.0,190.0,1,1,1.0
572,2,766.0,378.0,62.0,186.0,1,1,1.0
573,2,759.0,383.0,64.0,185.0,1,1,1.0
574,2,749.0,387.0,72.0,184.0,1,1,1.0
575,2,737.0,391.0,83.0,182.0,1,1,1.0
576,2,730.0,393.0,87.0,181.0,1,1,1.0
577,2,727.0,395.0,85.0,181.0,1,1,1.0
578,2,721.0,396.0,80.0,180.0,1,1,1.0
579,2,716.0,395.0,73.0,180.0,1,1,1.0
580,2,709.0,395.0,64.0,181.0,1,1,1.0
581,2,702.0,394.0,61.0,181.0,1,1,1.0
582,2,695.0,394.0,64.0,181.0,1,1,1.0
583,2,677.0,395.0,80.0,182.0,1,1,1.0
584,2,663.0,397.0,94.0,183.0,1,1,1.0
585,2,652.0,399.0,101.0,184.0,1,1,1.0
586,2,646.0,402.0,104.0,183.0,1,1,1.0
587,2,643.0,404.0,102.0,182.0,1,1,1.0
588,2,641.0,405.0,92.0,181.0,1,1,1.0
589,2,637.0,406.0,82.0,181.0,1,1,1.0
590,2,631.0,405.0,71.0,181.0,1,1,1.0
591,2,624.0,405.0,64.0,185.0,1,1,1.0
592,2,616.0,405.0,63.0,189.0,1,1,1.0
593,2,606.0,407.0,71.0,192.0,1,1,1.0
594,2,594.0,410.0,83.0,192.0,1,1,1.0
595,2,584.0,414.0,92.0,189.0,1,1,1.0
596,2,579.0,417.0,93.0,187.0,1,1,1.0
597,2,573.0,417.0,90.0,187.0,1,1,1.0
598,2,567.0,418.0,83.0,186.0,1,1,1.0
599,2,561.0,417.0,73.0,187.0,1,1,1.0
600,2,554.0,416.0,65.0,188.0,1,1,1.0
601,2,547.0,415.0,65.0,189.0,1,1,1.0
602,2,536.0,415.0,76.0,190.0,1,1,1.0
603,2,519.0,416.0,92.0,192.0,1,1,1.0
604,2,513.0,418.0,98.0,192.0,1,1,1.0
605,2,505.0,420.0,105.0,193.0,1,1,1.0
606,2,501.0,423.0,105.0,192.0,1,1,1.0
607,2,497.0,426.0,100.0,190.0,1,1,1.0
608,2,492.0,428.0,92.0,188.0,1,1,1.0
609,2,485.0,429.0,83.0,187.0,1,1,1.0
610,2,477.0,429.0,72.0,189.0,1,1,1.0
611,2,470.0,429.0,69.0,192.0,1,1,1.0
612,2,463.0,430.0,72.0,196.0,1,1,1.0
613,2,451.0,432.0,82.0,197.0,1,1,1.0
614,2,444.0,434.0,88.0,198.0,1,1,1.0
615,2,438.0,437.0,96.0,196.0,1,1,1.0
616,2,432.0,439.0,94.0,195.0,1,1,1.0
617,2,425.0,440.0,90.0,193.0,1,1,1.0
618,2,419.0,440.0,81.0,194.0,1,1,1.0
619,2,413.0,439.0,68.0,194.0,1,1,1.0
620,2,406.0,439.0,69.0,195.0,1,1,1.0
621,2,399.0,438.0,73.0,197.0,1,1,1.0
622,2,387.0,438.0,84.0,197.0,1,1,1.0
623,2,373.0,439.0,98.0,198.0,1,1,1.0
624,2,367.0,441.0,101.0,199.0,1,1,1.0
625,2,365.0,444.0,100.0,198.0,1,1,1.0
626,2,361.0,446.0,96.0,196.0,1,1,1.0
627,2,356.0,448.0,90.0,194.0,1,1,1.0
629,2,343.0,449.0,74.0,195.0,1,1,1.0
630,2,337.0,449.0,69.0,199.0,1,1,1.0
631,2,330.0,451.0,71.0,204.0,1,1,1.0
632,2,319.0,453.0,82.0,209.0,1,1,1.0
633,2,313.0,455.0,86.0,209.0,1,1,1.0
634,2,308.0,459.0,91.0,210.0,1,1,1.0
635,2,303.0,462.0,92.0,209.0,1,1,1.0
636,2,298.0,464.0,89.0,208.0,1,1,1.0
637,2,293.0,465.0,82.0,207.0,1,1,1.0
638,2,288.0,465.0,74.0,206.0,1,1,1.0
639,2,282.0,465.0,69.0,207.0,1,1,1.0
640,2,273.0,464.0,74.0,209.0,1,1,1.0
641,2,262.0,464.0,82.0,208.0,1,1,1.0
642,2,248.0,464.0,96.0,208.0,1,1,1.0
643,2,234.0,465.0,110.0,209.0,1,1,1.0
644,2,234.0,466.0,108.0,207.0,1,1,1.0
645,2,221.0,467.0,122.0,207.0,1,1,1.0
646,2,217.0,468.0,126.0,207.0,1,1,1.0
647,2,221.0,468.0,124.0,217.0,1,1,1.0
648,2,224.0,469.0,121.0,219.0,1,1,1.0
649,2,224.0,471.0,117.0,218.0,1,1,1.0
650,2,217.0,476.0,116.0,214.0,1,1,1.0
651,2,211.0,479.0,114.0,211.0,1,1,1.0
653,2,203.0,479.0,78.0,210.0,1,1,1.0
654,2,198.0,481.0,77.0,208.0,1,1,1.0
655,2,194.0,483.0,82.0,206.0,1,1,1.0
656,2,188.0,485.0,90.0,204.0,1,1,1.0
657,2,185.0,487.0,90.0,202.0,1,1,1.0
658,2,182.0,489.0,96.0,200.0,1,1,1.0
659,2,178.0,491.0,90.0,201.0,1,1,1.0
660,2,174.0,495.0,89.0,215.0,1,1,1.0
