1,1,814.0,0.0,39.0,99.0,1,1,1.0
1,2,850.0,0.0,40.0,100.0,1,1,1.0
2,1,814.0,0.0,39.0,100.0,1,1,1.0
2,2,850.0,0.0,41.0,100.0,1,1,1.0
3,1,814.0,0.0,39.0,99.0,1,1,1.0
3,2,849.0,0.0,42.0,99.0,1,1,1.0
4,1,814.0,0.0,39.0,100.0,1,1,1.0
4,2,849.0,0.0,44.0,99.0,1,1,1.0
5,1,814.0,0.0,39.0,103.0,1,1,1.0
5,2,849.0,0.0,45.0,101.0,1,1,1.0
6,1,815.0,0.0,38.0,104.0,1,1,1.0
6,2,850.0,0.0,45.0,103.0,1,1,1.0
7,1,815.0,0.0,38.0,106.0,1,1,1.0
7,2,851.0,0.0,44.0,105.0,1,1,1.0
8,1,816.0,0.0,38.0,107.0,1,1,1.0
8,2,850.0,0.0,45.0,106.0,1,1,1.0
9,1,816.0,0.0,37.0,107.0,1,1,1.0
9,2,850.0,0.0,46.0,106.0,1,1,1.0
10,1,816.0,0.0,36.0,107.0,1,1,1.0
10,2,849.0,0.0,46.0,106.0,1,1,1.0
11,1,816.0,0.0,37.0,106.0,1,1,1.0
11,2,850.0,0.0,44.0,107.0,1,1,1.0
12,1,815.0,0.0,37.0,106.0,1,1,1.0
12,2,850.0,0.0,42.0,106.0,1,1,1.0
13,1,814.0,0.0,38.0,107.0,1,1,1.0
13,2,849.0,0.0,41.0,106.0,1,1,1.0
14,1,814.0,0.0,39.0,109.0,1,1,1.0
14,2,847.0,0.0,42.0,107.0,1,1,1.0
15,1,813.0,0.0,40.0,110.0,1,1,1.0
15,2,847.0,0.0,41.0,108.0,1,1,1.0
16,1,812.0,0.0,40.0,112.0,1,1,1.0
16,2,847.0,0.0,40.0,110.0,1,1,1.0
17,1,810.0,0.0,41.0,113.0,1,1,1.0
17,2,845.0,1.0,40.0,109.0,1,1,1.0
18,1,808.0,0.0,42.0,113.0,1,1,1.0
18,2,843.0,2.0,41.0,109.0,1,1,1.0
19,1,807.0,1.0,43.0,113.0,1,1,1.0
19,2,843.0,2.0,41.0,109.0,1,1,1.0
20,1,806.0,1.0,42.0,113.0,1,1,1.0
20,2,843.0,1.0,41.0,111.0,1,1,1.0
21,1,806.0,0.0,41.0,113.0,1,1,1.0
21,2,843.0,0.0,42.0,112.0,1,1,1.0
22,1,807.0,0.0,41.0,113.0,1,1,1.0
22,2,843.0,0.0,42.0,112.0,1,1,1.0
23,1,807.0,0.0,40.0,115.0,1,1,1.0
23,2,843.0,0.0,43.0,114.0,1,1,1.0
24,1,807.0,0.0,40.0,116.0,1,1,1.0
24,2,843.0,1.0,44.0,115.0,1,1,1.0
25,1,807.0,1.0,40.0,117.0,1,1,1.0
25,2,843.0,2.0,47.0,115.0,1,1,1.0
26,1,808.0,1.0,39.0,117.0,1,1,1.0
26,2,842.0,4.0,50.0,115.0,1,1,1.0
27,1,807.0,3.0,39.0,117.0,1,1,1.0
27,2,842.0,5.0,48.0,115.0,1,1,1.0
28,1,807.0,4.0,39.0,117.0,1,1,1.0
28,2,843.0,5.0,48.0,115.0,1,1,1.0
29,1,807.0,4.0,40.0,117.0,1,1,1.0
29,2,843.0,5.0,48.0,115.0,1,1,1.0
30,1,806.0,4.0,41.0,117.0,1,1,1.0
30,2,843.0,5.0,46.0,115.0,1,1,1.0
31,1,805.0,3.0,42.0,118.0,1,1,1.0
31,2,843.0,4.0,44.0,116.0,1,1,1.0
32,1,803.0,2.0,43.0,118.0,1,1,1.0
32,2,843.0,4.0,43.0,117.0,1,1,1.0
33,1,801.0,3.0,45.0,119.0,1,1,1.0
33,2,842.0,4.0,43.0,119.0,1,1,1.0
34,1,800.0,4.0,45.0,120.0,1,1,1.0
34,2,842.0,6.0,42.0,119.0,1,1,1.0
35,1,799.0,6.0,45.0,121.0,1,1,1.0
35,2,841.0,7.0,43.0,120.0,1,1,1.0
36,1,797.0,7.0,45.0,122.0,1,1,1.0
36,2,840.0,8.0,44.0,120.0,1,1,1.0
37,1,796.0,8.0,46.0,122.0,1,1,1.0
37,2,839.0,8.0,44.0,120.0,1,1,1.0
38,1,795.0,9.0,47.0,122.0,1,1,1.0
38,2,839.0,9.0,45.0,121.0,1,1,1.0
39,1,793.0,9.0,48.0,122.0,1,1,1.0
39,2,838.0,8.0,46.0,121.0,1,1,1.0
40,1,792.0,8.0,47.0,123.0,1,1,1.0
40,2,838.0,8.0,47.0,121.0,1,1,1.0
41,1,792.0,8.0,47.0,122.0,1,1,1.0
41,2,837.0,8.0,48.0,122.0,1,1,1.0
42,1,793.0,7.0,46.0,124.0,1,1,1.0
42,2,837.0,8.0,49.0,123.0,1,1,1.0
43,1,792.0,7.0,46.0,125.0,1,1,1.0
43,2,837.0,9.0,49.0,124.0,1,1,1.0
44,1,793.0,8.0,45.0,127.0,1,1,1.0
44,2,837.0,11.0,50.0,123.0,1,1,1.0
45,1,793.0,10.0,45.0,127.0,1,1,1.0
45,2,836.0,12.0,50.0,123.0,1,1,1.0
46,1,793.0,12.0,45.0,127.0,1,1,1.0
46,2,836.0,13.0,51.0,123.0,1,1,1.0
47,1,792.0,13.0,45.0,126.0,1,1,1.0
47,2,836.0,13.0,51.0,124.0,1,1,1.0
48,1,792.0,13.0,45.0,126.0,1,1,1.0
48,2,836.0,12.0,51.0,124.0,1,1,1.0
49,1,792.0,12.0,45.0,125.0,1,1,1.0
49,2,836.0,12.0,51.0,125.0,1,1,1.0
50,1,790.0,12.0,46.0,126.0,1,1,1.0
50,2,836.0,12.0,51.0,125.0,1,1,1.0
51,1,788.0,11.0,47.0,128.0,1,1,1.0
51,2,835.0,13.0,51.0,125.0,1,1,1.0
52,1,786.0,12.0,49.0,130.0,1,1,1.0
52,2,835.0,15.0,51.0,126.0,1,1,1.0
53,1,785.0,12.0,49.0,132.0,1,1,1.0
53,2,835.0,16.0,50.0,126.0,1,1,1.0
54,1,783.0,14.0,50.0,132.0,1,1,1.0
54,2,835.0,17.0,49.0,127.0,1,1,1.0
55,1,781.0,15.0,51.0,132.0,1,1,1.0
55,2,834.0,18.0,48.0,128.0,1,1,1.0
56,1,780.0,16.0,51.0,132.0,1,1,1.0
56,2,833.0,18.0,48.0,128.0,1,1,1.0
57,1,777.0,17.0,52.0,133.0,1,1,1.0
57,2,833.0,17.0,49.0,129.0,1,1,1.0
58,1,776.0,17.0,52.0,132.0,1,1,1.0
58,2,833.0,17.0,49.0,130.0,1,1,1.0
59,1,775.0,16.0,52.0,133.0,1,1,1.0
59,2,833.0,16.0,48.0,130.0,1,1,1.0
60,1,775.0,16.0,51.0,134.0,1,1,1.0
60,2,832.0,16.0,49.0,133.0,1,1,1.0
61,1,775.0,16.0,51.0,135.0,1,1,1.0
61,2,831.0,17.0,50.0,134.0,1,1,1.0
62,1,776.0,16.0,50.0,137.0,1,1,1.0
62,2,830.0,19.0,51.0,134.0,1,1,1.0
63,1,777.0,17.0,49.0,138.0,1,1,1.0
63,2,829.0,20.0,51.0,135.0,1,1,1.0
64,1,779.0,19.0,50.0,138.0,1,1,1.0
64,2,829.0,21.0,52.0,136.0,1,1,1.0
65,1,779.0,21.0,49.0,137.0,1,1,1.0
65,2,827.0,21.0,54.0,136.0,1,1,1.0
66,1,779.0,22.0,49.0,137.0,1,1,1.0
66,2,826.0,21.0,55.0,136.0,1,1,1.0
67,1,779.0,21.0,49.0,138.0,1,1,1.0
67,2,825.0,21.0,56.0,136.0,1,1,1.0
68,1,779.0,21.0,49.0,138.0,1,1,1.0
68,2,824.0,21.0,57.0,136.0,1,1,1.0
69,1,778.0,20.0,49.0,139.0,1,1,1.0
69,2,824.0,21.0,55.0,137.0,1,1,1.0
70,1,776.0,19.0,50.0,140.0,1,1,1.0
70,2,824.0,22.0,53.0,138.0,1,1,1.0
71,1,775.0,20.0,50.0,141.0,1,1,1.0
71,2,824.0,23.0,51.0,138.0,1,1,1.0
72,1,774.0,21.0,51.0,141.0,1,1,1.0
72,2,823.0,25.0,49.0,137.0,1,1,1.0
73,1,774.0,23.0,51.0,140.0,1,1,1.0
73,2,822.0,26.0,49.0,138.0,1,1,1.0
74,1,773.0,24.0,51.0,143.0,1,1,1.0
74,2,821.0,27.0,49.0,140.0,1,1,1.0
75,1,772.0,26.0,51.0,144.0,1,1,1.0
75,2,820.0,27.0,49.0,141.0,1,1,1.0
76,1,771.0,26.0,51.0,144.0,1,1,1.0
76,2,819.0,26.0,49.0,142.0,1,1,1.0
77,1,770.0,26.0,52.0,144.0,1,1,1.0
77,2,819.0,25.0,48.0,142.0,1,1,1.0
78,1,770.0,25.0,52.0,144.0,1,1,1.0
78,2,819.0,24.0,49.0,143.0,1,1,1.0
79,1,772.0,25.0,50.0,145.0,1,1,1.0
79,2,818.0,25.0,51.0,145.0,1,1,1.0
80,1,772.0,24.0,49.0,146.0,1,1,1.0
80,2,816.0,27.0,54.0,148.0,1,1,1.0
81,1,773.0,26.0,49.0,149.0,1,1,1.0
81,2,816.0,29.0,55.0,149.0,1,1,1.0
82,1,773.0,27.0,50.0,149.0,1,1,1.0
82,2,815.0,30.0,57.0,149.0,1,1,1.0
83,1,774.0,29.0,48.0,149.0,1,1,1.0
83,2,815.0,30.0,57.0,150.0,1,1,1.0
84,1,775.0,30.0,49.0,150.0,1,1,1.0
84,2,814.0,30.0,59.0,150.0,1,1,1.0
85,1,775.0,31.0,48.0,151.0,1,1,1.0
85,2,814.0,30.0,60.0,150.0,1,1,1.0
86,1,775.0,31.0,48.0,151.0,1,1,1.0
86,2,813.0,30.0,61.0,150.0,1,1,1.0
87,1,774.0,30.0,47.0,151.0,1,1,1.0
87,2,812.0,30.0,61.0,150.0,1,1,1.0
88,1,773.0,30.0,48.0,151.0,1,1,1.0
88,2,811.0,31.0,59.0,150.0,1,1,1.0
89,1,772.0,30.0,48.0,151.0,1,1,1.0
89,2,811.0,33.0,56.0,151.0,1,1,1.0
90,1,770.0,31.0,49.0,156.0,1,1,1.0
90,2,811.0,35.0,53.0,153.0,1,1,1.0
91,1,767.0,32.0,51.0,158.0,1,1,1.0
91,2,810.0,36.0,53.0,154.0,1,1,1.0
92,1,766.0,34.0,52.0,159.0,1,1,1.0
92,2,809.0,37.0,53.0,155.0,1,1,1.0
93,1,763.0,36.0,54.0,159.0,1,1,1.0
93,2,807.0,38.0,54.0,155.0,1,1,1.0
94,1,761.0,38.0,56.0,159.0,1,1,1.0
94,2,806.0,38.0,56.0,155.0,1,1,1.0
95,1,759.0,39.0,56.0,159.0,1,1,1.0
95,2,805.0,38.0,57.0,155.0,1,1,1.0
96,1,759.0,39.0,57.0,159.0,1,1,1.0
96,2,804.0,38.0,60.0,155.0,1,1,1.0
97,1,759.0,38.0,56.0,158.0,1,1,1.0
97,2,804.0,38.0,62.0,155.0,1,1,1.0
98,1,759.0,37.0,55.0,159.0,1,1,1.0
98,2,804.0,38.0,64.0,158.0,1,1,1.0
99,1,760.0,37.0,55.0,162.0,1,1,1.0
99,2,805.0,39.0,65.0,160.0,1,1,1.0
100,1,760.0,38.0,53.0,164.0,1,1,1.0
100,2,805.0,40.0,66.0,161.0,1,1,1.0
101,1,760.0,40.0,53.0,165.0,1,1,1.0
101,2,805.0,42.0,67.0,163.0,1,1,1.0
102,1,761.0,42.0,54.0,167.0,1,1,1.0
102,2,805.0,42.0,68.0,164.0,1,1,1.0
103,1,761.0,43.0,53.0,167.0,1,1,1.0
103,2,806.0,42.0,69.0,165.0,1,1,1.0
104,1,761.0,44.0,54.0,167.0,1,1,1.0
104,2,806.0,42.0,69.0,165.0,1,1,1.0
105,1,760.0,44.0,55.0,168.0,1,1,1.0
105,2,807.0,42.0,68.0,165.0,1,1,1.0
106,1,759.0,43.0,56.0,167.0,1,1,1.0
106,2,808.0,42.0,66.0,166.0,1,1,1.0
107,1,757.0,43.0,55.0,167.0,1,1,1.0
107,2,808.0,42.0,62.0,167.0,1,1,1.0
108,1,755.0,43.0,55.0,169.0,1,1,1.0
108,2,807.0,45.0,61.0,168.0,1,1,1.0
109,1,753.0,44.0,58.0,173.0,1,1,1.0
109,2,809.0,47.0,56.0,169.0,1,1,1.0
110,1,752.0,46.0,59.0,176.0,1,1,1.0
110,2,810.0,48.0,54.0,172.0,1,1,1.0
111,1,750.0,49.0,61.0,177.0,1,1,1.0
111,2,809.0,49.0,54.0,175.0,1,1,1.0
112,1,748.0,51.0,64.0,178.0,1,1,1.0
112,2,809.0,49.0,54.0,176.0,1,1,1.0
113,1,746.0,53.0,64.0,178.0,1,1,1.0
113,2,809.0,49.0,54.0,176.0,1,1,1.0
114,1,745.0,53.0,64.0,178.0,1,1,1.0
114,2,809.0,49.0,55.0,175.0,1,1,1.0
115,1,744.0,53.0,66.0,178.0,1,1,1.0
115,2,809.0,49.0,57.0,175.0,1,1,1.0
116,1,744.0,53.0,67.0,179.0,1,1,1.0
116,2,809.0,50.0,59.0,176.0,1,1,1.0
117,1,745.0,53.0,66.0,178.0,1,1,1.0
117,2,809.0,50.0,62.0,180.0,1,1,1.0
118,1,747.0,54.0,63.0,182.0,1,1,1.0
118,2,809.0,56.0,64.0,179.0,1,1,1.0
119,1,748.0,56.0,62.0,183.0,1,1,1.0
119,2,808.0,58.0,66.0,180.0,1,1,1.0
120,1,749.0,59.0,64.0,183.0,1,1,1.0
120,2,809.0,60.0,67.0,180.0,1,1,1.0
121,1,749.0,62.0,63.0,186.0,1,1,1.0
121,2,809.0,61.0,68.0,181.0,1,1,1.0
122,1,749.0,63.0,62.0,186.0,1,1,1.0
122,2,809.0,62.0,69.0,181.0,1,1,1.0
123,1,749.0,64.0,62.0,186.0,1,1,1.0
123,2,809.0,62.0,70.0,181.0,1,1,1.0
124,1,749.0,64.0,62.0,186.0,1,1,1.0
124,2,810.0,62.0,70.0,181.0,1,1,1.0
125,1,748.0,63.0,63.0,186.0,1,1,1.0
125,2,809.0,62.0,69.0,182.0,1,1,1.0
126,1,746.0,63.0,64.0,187.0,1,1,1.0
126,2,809.0,64.0,67.0,186.0,1,1,1.0
127,1,744.0,63.0,66.0,192.0,1,1,1.0
127,2,808.0,65.0,68.0,190.0,1,1,1.0
128,1,742.0,65.0,67.0,195.0,1,1,1.0
128,2,807.0,68.0,67.0,191.0,1,1,1.0
129,1,739.0,68.0,70.0,195.0,1,1,1.0
129,2,807.0,70.0,67.0,192.0,1,1,1.0
130,1,737.0,71.0,72.0,198.0,1,1,1.0
130,2,806.0,72.0,68.0,192.0,1,1,1.0
131,1,734.0,74.0,72.0,199.0,1,1,1.0
131,2,805.0,73.0,70.0,192.0,1,1,1.0
132,1,732.0,76.0,74.0,198.0,1,1,1.0
132,2,805.0,73.0,71.0,192.0,1,1,1.0
133,1,729.0,77.0,75.0,198.0,1,1,1.0
133,2,806.0,73.0,71.0,193.0,1,1,1.0
134,1,729.0,77.0,74.0,199.0,1,1,1.0
134,2,807.0,73.0,71.0,192.0,1,1,1.0
135,1,729.0,76.0,73.0,200.0,1,1,1.0
135,2,808.0,74.0,71.0,197.0,1,1,1.0
136,1,730.0,75.0,72.0,201.0,1,1,1.0
136,2,808.0,75.0,70.0,201.0,1,1,1.0
137,1,731.0,77.0,71.0,205.0,1,1,1.0
137,2,809.0,78.0,69.0,202.0,1,1,1.0
138,1,731.0,80.0,70.0,206.0,1,1,1.0
138,2,809.0,82.0,69.0,203.0,1,1,1.0
139,1,731.0,83.0,70.0,207.0,1,1,1.0
139,2,810.0,84.0,70.0,203.0,1,1,1.0
140,1,730.0,86.0,71.0,209.0,1,1,1.0
140,2,812.0,84.0,73.0,203.0,1,1,1.0
141,1,729.0,88.0,71.0,210.0,1,1,1.0
141,2,812.0,85.0,76.0,203.0,1,1,1.0
142,1,728.0,88.0,73.0,210.0,1,1,1.0
142,2,813.0,84.0,79.0,204.0,1,1,1.0
143,1,728.0,88.0,73.0,211.0,1,1,1.0
143,2,812.0,85.0,81.0,204.0,1,1,1.0
144,1,726.0,88.0,74.0,211.0,1,1,1.0
144,2,811.0,86.0,81.0,209.0,1,1,1.0
145,1,723.0,88.0,75.0,211.0,1,1,1.0
145,2,811.0,89.0,81.0,211.0,1,1,1.0
146,1,720.0,89.0,76.0,216.0,1,1,1.0
146,2,810.0,91.0,80.0,213.0,1,1,1.0
147,1,716.0,91.0,78.0,222.0,1,1,1.0
147,2,809.0,95.0,79.0,215.0,1,1,1.0
148,1,714.0,95.0,79.0,222.0,1,1,1.0
148,2,809.0,97.0,79.0,219.0,1,1,1.0
149,1,712.0,99.0,80.0,223.0,1,1,1.0
149,2,810.0,99.0,79.0,220.0,1,1,1.0
150,1,711.0,101.0,80.0,225.0,1,1,1.0
150,2,810.0,101.0,79.0,219.0,1,1,1.0
151,1,708.0,103.0,80.0,225.0,1,1,1.0
151,2,810.0,101.0,80.0,219.0,1,1,1.0
152,1,706.0,104.0,80.0,224.0,1,1,1.0
152,2,811.0,102.0,80.0,219.0,1,1,1.0
153,1,704.0,104.0,79.0,225.0,1,1,1.0
153,2,812.0,103.0,80.0,219.0,1,1,1.0
154,1,704.0,104.0,79.0,225.0,1,1,1.0
154,2,813.0,105.0,80.0,224.0,1,1,1.0
155,1,705.0,105.0,79.0,225.0,1,1,1.0
155,2,813.0,108.0,78.0,227.0,1,1,1.0
156,1,705.0,107.0,80.0,230.0,1,1,1.0
156,2,814.0,112.0,78.0,228.0,1,1,1.0
157,1,704.0,110.0,82.0,231.0,1,1,1.0
157,2,814.0,115.0,79.0,232.0,1,1,1.0
158,1,705.0,114.0,83.0,234.0,1,1,1.0
158,2,813.0,117.0,82.0,232.0,1,1,1.0
159,1,705.0,118.0,84.0,236.0,1,1,1.0
159,2,814.0,119.0,85.0,232.0,1,1,1.0
160,1,705.0,120.0,85.0,238.0,1,1,1.0
160,2,813.0,119.0,90.0,231.0,1,1,1.0
161,1,704.0,122.0,86.0,239.0,1,1,1.0
161,2,811.0,119.0,94.0,232.0,1,1,1.0
162,1,704.0,122.0,86.0,238.0,1,1,1.0
162,2,809.0,120.0,95.0,234.0,1,1,1.0
163,1,703.0,122.0,85.0,238.0,1,1,1.0
163,2,806.0,121.0,96.0,239.0,1,1,1.0
164,1,700.0,122.0,85.0,239.0,1,1,1.0
164,2,803.0,125.0,96.0,243.0,1,1,1.0
165,1,698.0,123.0,86.0,246.0,1,1,1.0
165,2,801.0,128.0,94.0,248.0,1,1,1.0
166,1,696.0,126.0,87.0,250.0,1,1,1.0
166,2,799.0,132.0,91.0,252.0,1,1,1.0
167,1,694.0,130.0,88.0,252.0,1,1,1.0
167,2,797.0,135.0,91.0,253.0,1,1,1.0
168,1,691.0,134.0,88.0,254.0,1,1,1.0
168,2,795.0,138.0,90.0,251.0,1,1,1.0
169,1,688.0,138.0,89.0,259.0,1,1,1.0
169,2,793.0,139.0,90.0,251.0,1,1,1.0
170,1,685.0,141.0,90.0,260.0,1,1,1.0
170,2,792.0,139.0,91.0,251.0,1,1,1.0
171,1,682.0,143.0,91.0,259.0,1,1,1.0
171,2,793.0,139.0,92.0,251.0,1,1,1.0
172,1,680.0,142.0,92.0,260.0,1,1,1.0
172,2,792.0,141.0,95.0,258.0,1,1,1.0
173,1,681.0,142.0,91.0,261.0,1,1,1.0
173,2,793.0,144.0,94.0,263.0,1,1,1.0
174,1,681.0,144.0,92.0,265.0,1,1,1.0
174,2,794.0,148.0,94.0,265.0,1,1,1.0
175,1,680.0,146.0,95.0,270.0,1,1,1.0
175,2,793.0,152.0,94.0,266.0,1,1,1.0
176,1,680.0,151.0,98.0,272.0,1,1,1.0
176,2,791.0,156.0,98.0,270.0,1,1,1.0
177,1,679.0,156.0,101.0,275.0,1,1,1.0
177,2,790.0,159.0,101.0,271.0,1,1,1.0
178,1,679.0,160.0,103.0,279.0,1,1,1.0
178,2,789.0,161.0,105.0,270.0,1,1,1.0
179,1,679.0,163.0,104.0,279.0,1,1,1.0
179,2,788.0,162.0,107.0,270.0,1,1,1.0
180,1,679.0,165.0,104.0,279.0,1,1,1.0
180,2,784.0,163.0,109.0,269.0,1,1,1.0
181,1,679.0,165.0,100.0,279.0,1,1,1.0
181,2,782.0,164.0,107.0,277.0,1,1,1.0
182,1,678.0,165.0,96.0,279.0,1,1,1.0
182,2,781.0,167.0,106.0,286.0,1,1,1.0
183,1,674.0,166.0,96.0,282.0,1,1,1.0
183,2,781.0,172.0,104.0,289.0,1,1,1.0
184,1,671.0,168.0,97.0,291.0,1,1,1.0
184,2,779.0,177.0,104.0,290.0,1,1,1.0
185,1,668.0,172.0,97.0,295.0,1,1,1.0
185,2,778.0,181.0,104.0,295.0,1,1,1.0
186,1,664.0,177.0,98.0,298.0,1,1,1.0
186,2,777.0,184.0,106.0,296.0,1,1,1.0
187,1,660.0,183.0,100.0,304.0,1,1,1.0
187,2,775.0,186.0,107.0,296.0,1,1,1.0
188,1,657.0,189.0,102.0,305.0,1,1,1.0
188,2,776.0,187.0,106.0,296.0,1,1,1.0
189,1,654.0,192.0,103.0,304.0,1,1,1.0
189,2,776.0,188.0,107.0,295.0,1,1,1.0
190,1,651.0,193.0,104.0,304.0,1,1,1.0
190,2,776.0,189.0,109.0,295.0,1,1,1.0
191,1,651.0,193.0,106.0,303.0,1,1,1.0
191,2,776.0,192.0,111.0,305.0,1,1,1.0
192,1,651.0,194.0,108.0,303.0,1,1,1.0
192,2,777.0,197.0,111.0,311.0,1,1,1.0
193,1,651.0,196.0,109.0,310.0,1,1,1.0
193,2,777.0,203.0,110.0,312.0,1,1,1.0
194,1,651.0,201.0,111.0,317.0,1,1,1.0
194,2,778.0,208.0,110.0,318.0,1,1,1.0
195,1,651.0,206.0,113.0,322.0,1,1,1.0
195,2,777.0,212.0,113.0,321.0,1,1,1.0
196,1,651.0,212.0,115.0,327.0,1,1,1.0
196,2,777.0,215.0,116.0,321.0,1,1,1.0
197,1,651.0,218.0,116.0,330.0,1,1,1.0
197,2,778.0,217.0,118.0,320.0,1,1,1.0
198,1,651.0,223.0,117.0,329.0,1,1,1.0
198,2,777.0,218.0,121.0,318.0,1,1,1.0
199,1,651.0,225.0,116.0,328.0,1,1,1.0
199,2,774.0,220.0,123.0,319.0,1,1,1.0
200,1,650.0,225.0,115.0,327.0,1,1,1.0
200,2,770.0,223.0,124.0,332.0,1,1,1.0
201,1,648.0,227.0,115.0,326.0,1,1,1.0
201,2,767.0,228.0,126.0,341.0,1,1,1.0
202,1,645.0,228.0,114.0,335.0,1,1,1.0
202,2,766.0,235.0,127.0,344.0,1,1,1.0
203,1,642.0,232.0,115.0,347.0,1,1,1.0
203,2,764.0,241.0,130.0,348.0,1,1,1.0
204,1,639.0,238.0,115.0,351.0,1,1,1.0
204,2,761.0,247.0,129.0,354.0,1,1,1.0
205,1,635.0,246.0,117.0,357.0,1,1,1.0
205,2,759.0,253.0,130.0,354.0,1,1,1.0
206,1,632.0,253.0,118.0,363.0,1,1,1.0
206,2,759.0,258.0,129.0,351.0,1,1,1.0
207,1,628.0,259.0,120.0,363.0,1,1,1.0
207,2,759.0,260.0,126.0,349.0,1,1,1.0
208,1,624.0,263.0,123.0,360.0,1,1,1.0
208,2,758.0,263.0,128.0,346.0,1,1,1.0
209,1,622.0,266.0,123.0,359.0,1,1,1.0
209,2,758.0,265.0,131.0,351.0,1,1,1.0
210,1,622.0,267.0,124.0,357.0,1,1,1.0
210,2,759.0,270.0,134.0,365.0,1,1,1.0
211,1,621.0,270.0,126.0,357.0,1,1,1.0
211,2,761.0,276.0,134.0,372.0,1,1,1.0
212,1,620.0,273.0,129.0,371.0,1,1,1.0
212,2,763.0,284.0,132.0,375.0,1,1,1.0
213,1,619.0,279.0,132.0,381.0,1,1,1.0
213,2,764.0,291.0,135.0,383.0,1,1,1.0
214,1,618.0,287.0,134.0,388.0,1,1,1.0
214,2,765.0,297.0,139.0,385.0,1,1,1.0
215,1,617.0,295.0,137.0,396.0,1,1,1.0
215,2,766.0,302.0,145.0,383.0,1,1,1.0
216,1,615.0,302.0,139.0,397.0,1,1,1.0
216,2,766.0,305.0,150.0,381.0,1,1,1.0
217,1,614.0,307.0,139.0,395.0,1,1,1.0
217,2,766.0,307.0,154.0,378.0,1,1,1.0
218,1,613.0,310.0,137.0,393.0,1,1,1.0
218,2,762.0,311.0,158.0,380.0,1,1,1.0
219,1,609.0,312.0,139.0,391.0,1,1,1.0
219,2,756.0,317.0,159.0,399.0,1,1,1.0
220,1,604.0,314.0,142.0,388.0,1,1,1.0
220,2,753.0,325.0,161.0,411.0,1,1,1.0
221,1,599.0,319.0,145.0,402.0,1,1,1.0
221,2,752.0,334.0,160.0,419.0,1,1,1.0
222,1,593.0,326.0,149.0,419.0,1,1,1.0
222,2,750.0,344.0,157.0,428.0,1,1,1.0
223,1,589.0,335.0,151.0,428.0,1,1,1.0
223,2,749.0,351.0,153.0,431.0,1,1,1.0
224,1,584.0,345.0,154.0,436.0,1,1,1.0
224,2,746.0,358.0,153.0,428.0,1,1,1.0
225,1,578.0,354.0,155.0,442.0,1,1,1.0
225,2,743.0,364.0,153.0,424.0,1,1,1.0
226,1,573.0,362.0,157.0,440.0,1,1,1.0
226,2,742.0,368.0,155.0,421.0,1,1,1.0
227,1,567.0,368.0,159.0,435.0,1,1,1.0
227,2,743.0,371.0,157.0,417.0,1,1,1.0
228,1,562.0,371.0,162.0,433.0,1,1,1.0
228,2,739.0,378.0,166.0,429.0,1,1,1.0
229,1,558.0,374.0,164.0,429.0,1,1,1.0
229,2,738.0,385.0,171.0,449.0,1,1,1.0
230,1,554.0,380.0,167.0,434.0,1,1,1.0
230,2,738.0,395.0,173.0,462.0,1,1,1.0
231,1,549.0,387.0,172.0,455.0,1,1,1.0
231,2,739.0,405.0,174.0,470.0,1,1,1.0
232,1,546.0,397.0,174.0,469.0,1,1,1.0
232,2,739.0,416.0,177.0,477.0,1,1,1.0
233,1,544.0,408.0,175.0,478.0,1,1,1.0
233,2,739.0,424.0,185.0,475.0,1,1,1.0
234,1,542.0,420.0,179.0,484.0,1,1,1.0
234,2,738.0,432.0,194.0,471.0,1,1,1.0
235,1,538.0,431.0,182.0,484.0,1,1,1.0
235,2,738.0,438.0,201.0,465.0,1,1,1.0
236,1,535.0,439.0,183.0,480.0,1,1,1.0
236,2,739.0,443.0,204.0,459.0,1,1,1.0
237,1,533.0,446.0,183.0,476.0,1,1,1.0
237,2,736.0,451.0,205.0,470.0,1,1,1.0
238,1,532.0,450.0,181.0,471.0,1,1,1.0
238,2,731.0,460.0,206.0,499.0,1,1,1.0
239,1,527.0,455.0,181.0,468.0,1,1,1.0
239,2,730.0,472.0,201.0,517.0,1,1,1.0
240,1,522.0,463.0,182.0,489.0,1,1,1.0
240,2,730.0,486.0,197.0,528.0,1,1,1.0
241,1,518.0,473.0,181.0,513.0,1,1,1.0
241,2,725.0,500.0,203.0,536.0,1,1,1.0
242,1,513.0,486.0,182.0,527.0,1,1,1.0
242,2,722.0,512.0,202.0,536.0,1,1,1.0
243,1,507.0,502.0,183.0,537.0,1,1,1.0
243,2,720.0,523.0,202.0,529.0,1,1,1.0
244,1,501.0,516.0,186.0,536.0,1,1,1.0
244,2,720.0,533.0,204.0,520.0,1,1,1.0
245,1,493.0,528.0,190.0,528.0,1,1,1.0
245,2,718.0,541.0,207.0,511.0,1,1,1.0
246,1,483.0,537.0,198.0,520.0,1,1,1.0
246,2,718.0,550.0,214.0,502.0,1,1,1.0
247,1,474.0,544.0,205.0,514.0,1,1,1.0
247,2,718.0,562.0,221.0,511.0,1,1,1.0
248,1,468.0,551.0,209.0,507.0,1,1,1.0
248,2,717.0,576.0,227.0,505.0,1,1,1.0
249,1,459.0,560.0,218.0,515.0,1,1,1.0
249,2,717.0,593.0,233.0,490.0,1,1,1.0
250,1,451.0,573.0,227.0,508.0,1,1,1.0
250,2,717.0,610.0,236.0,474.0,1,1,1.0
251,1,446.0,588.0,234.0,494.0,1,1,1.0
251,2,720.0,626.0,238.0,457.0,1,1,1.0
252,1,444.0,606.0,238.0,477.0,1,1,1.0
252,2,725.0,642.0,245.0,440.0,1,1,1.0
253,1,441.0,623.0,242.0,460.0,1,1,1.0
253,2,729.0,655.0,248.0,426.0,1,1,1.0
254,1,437.0,637.0,246.0,444.0,1,1,1.0
254,2,731.0,668.0,251.0,414.0,1,1,1.0
255,1,434.0,650.0,247.0,432.0,1,1,1.0
255,2,728.0,679.0,258.0,402.0,1,1,1.0
256,1,433.0,660.0,243.0,421.0,1,1,1.0
256,2,721.0,692.0,261.0,388.0,1,1,1.0
257,1,429.0,669.0,238.0,412.0,1,1,1.0
257,2,713.0,711.0,263.0,370.0,1,1,1.0
258,1,424.0,678.0,235.0,402.0,1,1,1.0
258,2,708.0,732.0,264.0,348.0,1,1,1.0
259,1,417.0,691.0,231.0,389.0,1,1,1.0
259,2,703.0,755.0,264.0,324.0,1,1,1.0
260,1,411.0,707.0,227.0,372.0,1,1,1.0
260,2,698.0,780.0,265.0,299.0,1,1,1.0
261,1,404.0,726.0,224.0,353.0,1,1,1.0
261,2,694.0,802.0,265.0,277.0,1,1,1.0
262,1,397.0,747.0,221.0,333.0,1,1,1.0
262,2,691.0,823.0,258.0,256.0,1,1,1.0
263,1,389.0,766.0,220.0,313.0,1,1,1.0
263,2,689.0,843.0,250.0,237.0,1,1,1.0
264,1,380.0,782.0,219.0,297.0,1,1,1.0
264,2,683.0,861.0,248.0,218.0,1,1,1.0
265,1,370.0,796.0,222.0,283.0,1,1,1.0
265,2,675.0,880.0,249.0,198.0,1,1,1.0
266,1,360.0,807.0,226.0,272.0,1,1,1.0
266,2,667.0,906.0,251.0,173.0,1,1,1.0
267,1,350.0,817.0,230.0,261.0,1,1,1.0
267,2,659.0,934.0,252.0,145.0,1,1,1.0
268,1,340.0,830.0,232.0,249.0,1,1,1.0
268,2,653.0,966.0,217.0,113.0,1,1,1.0
269,1,331.0,846.0,234.0,233.0,1,1,1.0
269,2,645.0,1000.0,169.0,79.0,1,1,1.0
270,1,323.0,864.0,234.0,214.0,1,1,1.0
271,1,315.0,886.0,232.0,193.0,1,1,1.0
272,1,308.0,908.0,225.0,171.0,1,1,1.0
274,1,294.0,947.0,170.0,133.0,1,1,1.0
440,3,0.0,372.0,55.0,124.0,1,1,1.0
443,3,0.0,307.0,58.0,193.0,1,1,1.0
444,3,0.0,281.0,58.0,215.0,1,1,1.0
445,3,0.0,268.0,58.0,228.0,1,1,1.0
446,3,0.0,260.0,60.0,235.0,1,1,1.0
447,3,3.0,256.0,71.0,240.0,1,1,1.0
448,3,9.0,254.0,82.0,241.0,1,1,1.0
450,3,22.0,253.0,91.0,238.0,1,1,1.0
451,3,26.0,254.0,94.0,234.0,1,1,1.0
452,3,31.0,252.0,92.0,233.0,1,1,1.0
452,4,0.0,262.0,32.0,207.0,1,1,1.0
453,3,41.0,248.0,83.0,231.0,1,1,1.0
453,4,0.0,260.0,38.0,209.0,1,1,1.0
454,3,51.0,244.0,73.0,227.0,1,1,1.0
454,4,0.0,257.0,54.0,211.0,1,1,1.0
455,3,60.0,240.0,65.0,222.0,1,1,1.0
455,4,0.0,255.0,72.0,212.0,1,1,1.0
456,3,67.0,237.0,64.0,221.0,1,1,1.0
456,4,0.0,254.0,83.0,212.0,1,1,1.0
457,3,75.0,234.0,73.0,222.0,1,1,1.0
457,4,0.0,251.0,91.0,212.0,1,1,1.0
458,3,83.0,232.0,86.0,224.0,1,1,1.0
458,4,4.0,247.0,87.0,212.0,1,1,1.0
459,3,89.0,230.0,97.0,225.0,1,1,1.0
459,4,14.0,243.0,77.0,212.0,1,1,1.0
460,3,94.0,228.0,102.0,224.0,1,1,1.0
460,4,25.0,239.0,69.0,209.0,1,1,1.0
461,3,97.0,226.0,107.0,223.0,1,1,1.0
461,4,35.0,235.0,61.0,205.0,1,1,1.0
462,3,105.0,223.0,102.0,215.0,1,1,1.0
462,4,43.0,231.0,60.0,201.0,1,1,1.0
463,3,114.0,220.0,94.0,220.0,1,1,1.0
463,4,51.0,229.0,64.0,200.0,1,1,1.0
464,3,126.0,215.0,82.0,219.0,1,1,1.0
464,4,59.0,227.0,73.0,201.0,1,1,1.0
465,3,135.0,211.0,72.0,221.0,1,1,1.0
465,4,66.0,225.0,85.0,204.0,1,1,1.0
466,3,144.0,208.0,68.0,222.0,1,1,1.0
466,4,70.0,223.0,94.0,206.0,1,1,1.0
467,3,149.0,205.0,79.0,225.0,1,1,1.0
467,4,73.0,221.0,98.0,206.0,1,1,1.0
468,3,158.0,204.0,91.0,226.0,1,1,1.0
468,4,79.0,218.0,95.0,205.0,1,1,1.0
469,3,166.0,203.0,99.0,227.0,1,1,1.0
470,3,171.0,201.0,105.0,227.0,1,1,1.0
470,4,102.0,210.0,77.0,200.0,1,1,1.0
471,3,175.0,199.0,106.0,228.0,1,1,1.0
471,4,114.0,206.0,65.0,200.0,1,1,1.0
472,3,184.0,196.0,99.0,227.0,1,1,1.0
472,4,122.0,203.0,60.0,203.0,1,1,1.0
473,3,195.0,192.0,88.0,224.0,1,1,1.0
473,4,129.0,200.0,69.0,205.0,1,1,1.0
474,3,210.0,188.0,73.0,218.0,1,1,1.0
474,4,135.0,199.0,82.0,206.0,1,1,1.0
475,3,220.0,184.0,67.0,217.0,1,1,1.0
475,4,140.0,197.0,91.0,207.0,1,1,1.0
476,3,225.0,181.0,75.0,219.0,1,1,1.0
476,4,145.0,196.0,96.0,206.0,1,1,1.0
477,3,235.0,178.0,87.0,221.0,1,1,1.0
477,4,152.0,193.0,98.0,206.0,1,1,1.0
478,4,163.0,191.0,89.0,195.0,1,1,1.0
479,3,249.0,176.0,107.0,220.0,1,1,1.0
479,4,177.0,189.0,75.0,192.0,1,1,1.0
480,3,252.0,175.0,113.0,220.0,1,1,1.0
480,4,187.0,184.0,64.0,196.0,1,1,1.0
481,3,257.0,173.0,113.0,220.0,1,1,1.0
481,4,195.0,179.0,64.0,197.0,1,1,1.0
482,3,266.0,170.0,106.0,217.0,1,1,1.0
482,4,203.0,177.0,68.0,199.0,1,1,1.0
483,3,279.0,167.0,93.0,213.0,1,1,1.0
483,4,211.0,175.0,86.0,201.0,1,1,1.0
484,3,295.0,163.0,76.0,214.0,1,1,1.0
484,4,218.0,174.0,94.0,203.0,1,1,1.0
485,3,306.0,159.0,73.0,217.0,1,1,1.0
485,4,222.0,172.0,102.0,202.0,1,1,1.0
486,3,315.0,157.0,78.0,219.0,1,1,1.0
486,4,225.0,171.0,108.0,202.0,1,1,1.0
487,3,323.0,155.0,86.0,220.0,1,1,1.0
487,4,232.0,168.0,105.0,201.0,1,1,1.0
488,3,330.0,155.0,95.0,219.0,1,1,1.0
488,4,244.0,165.0,95.0,196.0,1,1,1.0
489,3,335.0,154.0,100.0,219.0,1,1,1.0
489,4,257.0,161.0,81.0,196.0,1,1,1.0
490,3,338.0,152.0,102.0,219.0,1,1,1.0
490,4,268.0,157.0,68.0,196.0,1,1,1.0
491,3,346.0,149.0,98.0,219.0,1,1,1.0
491,4,278.0,154.0,73.0,198.0,1,1,1.0
492,3,361.0,146.0,84.0,216.0,1,1,1.0
492,4,285.0,153.0,77.0,202.0,1,1,1.0
493,3,374.0,143.0,69.0,211.0,1,1,1.0
493,4,289.0,152.0,88.0,203.0,1,1,1.0
494,3,383.0,139.0,64.0,210.0,1,1,1.0
494,4,294.0,151.0,98.0,204.0,1,1,1.0
495,3,392.0,136.0,66.0,211.0,1,1,1.0
495,4,300.0,150.0,98.0,204.0,1,1,1.0
496,3,400.0,134.0,80.0,212.0,1,1,1.0
496,4,307.0,147.0,96.0,205.0,1,1,1.0
497,3,406.0,133.0,96.0,212.0,1,1,1.0
497,4,319.0,145.0,89.0,204.0,1,1,1.0
498,3,409.0,133.0,107.0,211.0,1,1,1.0
498,4,334.0,141.0,79.0,201.0,1,1,1.0
499,3,412.0,132.0,112.0,211.0,1,1,1.0
499,4,347.0,138.0,65.0,199.0,1,1,1.0
500,3,416.0,130.0,111.0,211.0,1,1,1.0
500,4,357.0,135.0,64.0,197.0,1,1,1.0
501,3,426.0,128.0,103.0,208.0,1,1,1.0
501,4,366.0,133.0,71.0,198.0,1,1,1.0
502,3,438.0,125.0,91.0,205.0,1,1,1.0
502,4,374.0,132.0,83.0,199.0,1,1,1.0
503,3,455.0,122.0,73.0,205.0,1,1,1.0
503,4,380.0,131.0,98.0,195.0,1,1,1.0
504,3,467.0,119.0,71.0,207.0,1,1,1.0
504,4,383.0,131.0,108.0,197.0,1,1,1.0
505,3,475.0,117.0,76.0,209.0,1,1,1.0
505,4,385.0,128.0,109.0,199.0,1,1,1.0
506,3,483.0,115.0,82.0,211.0,1,1,1.0
506,4,393.0,126.0,104.0,199.0,1,1,1.0
507,3,489.0,115.0,90.0,211.0,1,1,1.0
507,4,407.0,122.0,94.0,194.0,1,1,1.0
508,3,493.0,114.0,96.0,210.0,1,1,1.0
508,4,425.0,119.0,75.0,197.0,1,1,1.0
509,3,497.0,113.0,100.0,208.0,1,1,1.0
509,4,437.0,116.0,64.0,196.0,1,1,1.0
510,3,506.0,112.0,97.0,209.0,1,1,1.0
510,4,445.0,114.0,66.0,197.0,1,1,1.0
511,3,516.0,110.0,90.0,206.0,1,1,1.0
511,4,450.0,113.0,73.0,196.0,1,1,1.0
512,3,528.0,107.0,78.0,201.0,1,1,1.0
512,4,453.0,113.0,93.0,197.0,1,1,1.0
513,3,540.0,103.0,65.0,197.0,1,1,1.0
513,4,456.0,112.0,99.0,197.0,1,1,1.0
514,3,549.0,101.0,62.0,201.0,1,1,1.0
514,4,462.0,111.0,98.0,197.0,1,1,1.0
515,3,558.0,99.0,68.0,202.0,1,1,1.0
515,4,471.0,110.0,94.0,197.0,1,1,1.0
516,3,565.0,99.0,83.0,202.0,1,1,1.0
516,4,485.0,107.0,84.0,192.0,1,1,1.0
517,3,568.0,98.0,98.0,202.0,1,1,1.0
517,4,500.0,104.0,69.0,191.0,1,1,1.0
518,3,569.0,98.0,105.0,200.0,1,1,1.0
518,4,510.0,102.0,64.0,191.0,1,1,1.0
519,3,573.0,97.0,106.0,200.0,1,1,1.0
519,4,520.0,99.0,65.0,198.0,1,1,1.0
520,3,585.0,96.0,96.0,193.0,1,1,1.0
520,4,529.0,98.0,70.0,198.0,1,1,1.0
521,3,592.0,93.0,89.0,194.0,1,1,1.0
521,4,536.0,97.0,78.0,195.0,1,1,1.0
522,3,608.0,90.0,74.0,194.0,1,1,1.0
522,4,540.0,97.0,89.0,191.0,1,1,1.0
523,3,620.0,87.0,67.0,197.0,1,1,1.0
523,4,544.0,96.0,98.0,191.0,1,1,1.0
524,3,629.0,85.0,70.0,199.0,1,1,1.0
524,4,547.0,95.0,100.0,190.0,1,1,1.0
525,3,636.0,84.0,77.0,200.0,1,1,1.0
525,4,554.0,93.0,96.0,188.0,1,1,1.0
526,3,642.0,84.0,82.0,199.0,1,1,1.0
526,4,565.0,91.0,85.0,184.0,1,1,1.0
527,3,646.0,84.0,88.0,198.0,1,1,1.0
527,4,580.0,88.0,69.0,184.0,1,1,1.0
528,3,650.0,83.0,91.0,198.0,1,1,1.0
528,4,591.0,85.0,64.0,185.0,1,1,1.0
529,3,655.0,82.0,92.0,199.0,1,1,1.0
529,4,597.0,82.0,63.0,187.0,1,1,1.0
530,3,665.0,80.0,84.0,196.0,1,1,1.0
530,4,600.0,82.0,70.0,187.0,1,1,1.0
531,3,676.0,77.0,73.0,191.0,1,1,1.0
531,4,601.0,82.0,85.0,186.0,1,1,1.0
532,3,686.0,74.0,62.0,188.0,1,1,1.0
532,4,602.0,82.0,95.0,186.0,1,1,1.0
533,3,694.0,72.0,62.0,189.0,1,1,1.0
533,4,607.0,81.0,100.0,186.0,1,1,1.0
534,3,700.0,71.0,67.0,191.0,1,1,1.0
534,4,614.0,80.0,97.0,185.0,1,1,1.0
535,3,708.0,70.0,76.0,191.0,1,1,1.0
535,4,625.0,78.0,88.0,184.0,1,1,1.0
536,3,710.0,70.0,87.0,190.0,1,1,1.0
536,4,639.0,76.0,74.0,182.0,1,1,1.0
537,3,713.0,70.0,94.0,190.0,1,1,1.0
537,4,651.0,73.0,65.0,179.0,1,1,1.0
538,3,716.0,69.0,96.0,189.0,1,1,1.0
538,4,663.0,71.0,60.0,180.0,1,1,1.0
539,3,725.0,67.0,88.0,185.0,1,1,1.0
539,4,671.0,70.0,66.0,184.0,1,1,1.0
540,3,738.0,66.0,75.0,182.0,1,1,1.0
540,4,675.0,69.0,74.0,184.0,1,1,1.0
541,3,748.0,63.0,65.0,182.0,1,1,1.0
541,4,679.0,70.0,85.0,181.0,1,1,1.0
542,3,758.0,61.0,62.0,183.0,1,1,1.0
542,4,680.0,70.0,93.0,179.0,1,1,1.0
543,3,767.0,59.0,65.0,185.0,1,1,1.0
543,4,684.0,68.0,94.0,180.0,1,1,1.0
544,3,773.0,58.0,70.0,187.0,1,1,1.0
544,4,691.0,67.0,90.0,178.0,1,1,1.0
545,3,778.0,57.0,74.0,187.0,1,1,1.0
545,4,701.0,65.0,80.0,174.0,1,1,1.0
546,3,782.0,58.0,80.0,186.0,1,1,1.0
546,4,714.0,63.0,67.0,173.0,1,1,1.0
547,3,785.0,57.0,83.0,185.0,1,1,1.0
547,4,729.0,60.0,57.0,174.0,1,1,1.0
548,3,789.0,57.0,85.0,184.0,1,1,1.0
548,4,735.0,59.0,57.0,174.0,1,1,1.0
549,3,799.0,56.0,78.0,176.0,1,1,1.0
549,4,738.0,58.0,61.0,173.0,1,1,1.0
550,3,809.0,53.0,70.0,175.0,1,1,1.0
550,4,737.0,59.0,72.0,173.0,1,1,1.0
551,3,817.0,51.0,61.0,175.0,1,1,1.0
551,4,737.0,59.0,79.0,173.0,1,1,1.0
552,3,825.0,49.0,55.0,175.0,1,1,1.0
552,4,738.0,58.0,84.0,172.0,1,1,1.0
553,3,831.0,48.0,56.0,178.0,1,1,1.0
553,4,744.0,57.0,83.0,172.0,1,1,1.0
554,3,836.0,48.0,66.0,178.0,1,1,1.0
554,4,753.0,56.0,79.0,172.0,1,1,1.0
555,3,838.0,48.0,77.0,178.0,1,1,1.0
555,4,764.0,54.0,72.0,167.0,1,1,1.0
556,3,840.0,49.0,85.0,177.0,1,1,1.0
556,4,777.0,52.0,62.0,167.0,1,1,1.0
557,3,842.0,49.0,88.0,175.0,1,1,1.0
557,4,785.0,50.0,58.0,164.0,1,1,1.0
558,3,846.0,49.0,86.0,174.0,1,1,1.0
558,4,794.0,49.0,56.0,167.0,1,1,1.0
559,3,855.0,48.0,77.0,172.0,1,1,1.0
559,4,799.0,48.0,64.0,170.0,1,1,1.0
560,3,866.0,46.0,68.0,171.0,1,1,1.0
560,4,804.0,48.0,72.0,170.0,1,1,1.0
561,3,879.0,44.0,60.0,173.0,1,1,1.0
561,4,807.0,49.0,79.0,168.0,1,1,1.0
562,3,889.0,42.0,60.0,173.0,1,1,1.0
562,4,809.0,49.0,82.0,166.0,1,1,1.0
563,3,895.0,41.0,63.0,175.0,1,1,1.0
563,4,813.0,48.0,80.0,165.0,1,1,1.0
564,3,899.0,41.0,67.0,175.0,1,1,1.0
564,4,819.0,47.0,75.0,163.0,1,1,1.0
565,3,903.0,41.0,72.0,175.0,1,1,1.0
565,4,829.0,46.0,68.0,162.0,1,1,1.0
566,3,906.0,42.0,76.0,173.0,1,1,1.0
566,4,838.0,43.0,63.0,162.0,1,1,1.0
567,3,908.0,43.0,80.0,172.0,1,1,1.0
567,4,848.0,42.0,60.0,163.0,1,1,1.0
568,3,913.0,43.0,80.0,171.0,1,1,1.0
568,4,852.0,41.0,61.0,162.0,1,1,1.0
569,3,921.0,42.0,74.0,167.0,1,1,1.0
569,4,852.0,41.0,68.0,162.0,1,1,1.0
570,3,930.0,41.0,64.0,166.0,1,1,1.0
570,4,852.0,41.0,73.0,162.0,1,1,1.0
571,3,940.0,39.0,54.0,166.0,1,1,1.0
571,4,854.0,41.0,77.0,162.0,1,1,1.0
572,3,948.0,37.0,50.0,167.0,1,1,1.0
572,4,858.0,42.0,79.0,162.0,1,1,1.0
573,3,952.0,36.0,54.0,168.0,1,1,1.0
573,4,864.0,41.0,77.0,161.0,1,1,1.0
574,3,953.0,36.0,66.0,167.0,1,1,1.0
574,4,873.0,41.0,72.0,159.0,1,1,1.0
575,3,953.0,37.0,77.0,166.0,1,1,1.0
575,4,884.0,40.0,65.0,157.0,1,1,1.0
576,3,954.0,39.0,83.0,164.0,1,1,1.0
576,4,897.0,38.0,56.0,156.0,1,1,1.0
577,3,957.0,39.0,83.0,163.0,1,1,1.0
577,4,906.0,37.0,52.0,157.0,1,1,1.0
578,3,968.0,40.0,73.0,160.0,1,1,1.0
578,4,912.0,36.0,55.0,157.0,1,1,1.0
579,3,978.0,39.0,63.0,160.0,1,1,1.0
579,4,916.0,37.0,64.0,158.0,1,1,1.0
580,3,987.0,37.0,58.0,161.0,1,1,1.0
580,4,918.0,37.0,71.0,158.0,1,1,1.0
581,3,998.0,34.0,57.0,163.0,1,1,1.0
581,4,920.0,38.0,72.0,155.0,1,1,1.0
582,3,1003.0,33.0,65.0,164.0,1,1,1.0
582,4,922.0,37.0,72.0,155.0,1,1,1.0
583,3,1007.0,33.0,67.0,164.0,1,1,1.0
583,4,928.0,37.0,68.0,153.0,1,1,1.0
584,3,1011.0,34.0,69.0,164.0,1,1,1.0
584,4,936.0,36.0,62.0,150.0,1,1,1.0
585,3,1014.0,35.0,72.0,162.0,1,1,1.0
585,4,946.0,35.0,56.0,150.0,1,1,1.0
586,3,1017.0,36.0,75.0,160.0,1,1,1.0
586,4,954.0,33.0,54.0,151.0,1,1,1.0
587,3,1021.0,37.0,75.0,159.0,1,1,1.0
587,4,959.0,31.0,55.0,152.0,1,1,1.0
588,3,1028.0,36.0,68.0,158.0,1,1,1.0
588,4,958.0,30.0,61.0,153.0,1,1,1.0
589,3,1037.0,34.0,59.0,157.0,1,1,1.0
589,4,957.0,31.0,68.0,153.0,1,1,1.0
590,3,1046.0,32.0,51.0,158.0,1,1,1.0
590,4,956.0,32.0,78.0,152.0,1,1,1.0
591,3,1051.0,31.0,49.0,158.0,1,1,1.0
591,4,959.0,32.0,80.0,151.0,1,1,1.0
592,3,1056.0,30.0,50.0,158.0,1,1,1.0
592,4,962.0,32.0,79.0,150.0,1,1,1.0
593,3,1059.0,30.0,58.0,157.0,1,1,1.0
593,4,969.0,32.0,74.0,147.0,1,1,1.0
594,3,1060.0,31.0,66.0,156.0,1,1,1.0
594,4,978.0,32.0,67.0,146.0,1,1,1.0
595,3,1061.0,31.0,73.0,155.0,1,1,1.0
595,4,990.0,30.0,57.0,146.0,1,1,1.0
596,3,1062.0,33.0,75.0,153.0,1,1,1.0
596,4,999.0,29.0,50.0,147.0,1,1,1.0
597,3,1066.0,33.0,71.0,152.0,1,1,1.0
597,4,1004.0,28.0,51.0,147.0,1,1,1.0
598,3,1074.0,32.0,65.0,151.0,1,1,1.0
598,4,1009.0,28.0,56.0,146.0,1,1,1.0
599,3,1084.0,31.0,59.0,152.0,1,1,1.0
599,4,1011.0,29.0,61.0,146.0,1,1,1.0
600,3,1095.0,29.0,55.0,153.0,1,1,1.0
600,4,1013.0,28.0,64.0,146.0,1,1,1.0
601,3,1099.0,28.0,61.0,154.0,1,1,1.0
601,4,1015.0,29.0,65.0,144.0,1,1,1.0
602,3,1104.0,28.0,65.0,155.0,1,1,1.0
602,4,1019.0,29.0,62.0,143.0,1,1,1.0
603,3,1108.0,28.0,67.0,154.0,1,1,1.0
603,4,1026.0,29.0,58.0,141.0,1,1,1.0
604,3,1111.0,29.0,70.0,153.0,1,1,1.0
604,4,1034.0,28.0,54.0,141.0,1,1,1.0
605,3,1113.0,30.0,72.0,152.0,1,1,1.0
605,4,1041.0,25.0,53.0,143.0,1,1,1.0
606,3,1116.0,30.0,72.0,151.0,1,1,1.0
606,4,1044.0,25.0,54.0,143.0,1,1,1.0
607,3,1122.0,30.0,68.0,149.0,1,1,1.0
607,4,1046.0,25.0,57.0,143.0,1,1,1.0
608,3,1128.0,29.0,61.0,147.0,1,1,1.0
608,4,1047.0,25.0,60.0,142.0,1,1,1.0
609,3,1135.0,27.0,52.0,146.0,1,1,1.0
609,4,1047.0,28.0,64.0,139.0,1,1,1.0
610,3,1142.0,26.0,45.0,148.0,1,1,1.0
610,4,1053.0,27.0,62.0,140.0,1,1,1.0
611,3,1147.0,25.0,44.0,148.0,1,1,1.0
611,4,1058.0,28.0,60.0,139.0,1,1,1.0
612,3,1149.0,25.0,51.0,148.0,1,1,1.0
612,4,1058.0,27.0,63.0,138.0,1,1,1.0
613,3,1150.0,26.0,58.0,147.0,1,1,1.0
613,4,1063.0,26.0,60.0,137.0,1,1,1.0
614,3,1151.0,27.0,63.0,146.0,1,1,1.0
614,4,1071.0,24.0,55.0,137.0,1,1,1.0
615,3,1152.0,28.0,64.0,144.0,1,1,1.0
615,4,1080.0,23.0,49.0,137.0,1,1,1.0
616,3,1154.0,28.0,63.0,144.0,1,1,1.0
616,4,1086.0,22.0,46.0,138.0,1,1,1.0
617,3,1159.0,28.0,58.0,142.0,1,1,1.0
617,4,1091.0,22.0,48.0,137.0,1,1,1.0
618,3,1167.0,27.0,55.0,142.0,1,1,1.0
618,4,1093.0,23.0,54.0,137.0,1,1,1.0
619,3,1175.0,26.0,52.0,143.0,1,1,1.0
619,4,1094.0,24.0,59.0,136.0,1,1,1.0
620,3,1181.0,24.0,53.0,143.0,1,1,1.0
620,4,1096.0,24.0,62.0,135.0,1,1,1.0
621,3,1184.0,24.0,57.0,144.0,1,1,1.0
621,4,1097.0,25.0,62.0,135.0,1,1,1.0
622,3,1186.0,24.0,60.0,144.0,1,1,1.0
622,4,1102.0,24.0,57.0,134.0,1,1,1.0
623,3,1189.0,24.0,61.0,143.0,1,1,1.0
623,4,1109.0,23.0,54.0,134.0,1,1,1.0
624,3,1192.0,26.0,62.0,142.0,1,1,1.0
624,4,1117.0,23.0,50.0,134.0,1,1,1.0
625,3,1194.0,26.0,62.0,141.0,1,1,1.0
625,4,1126.0,21.0,45.0,134.0,1,1,1.0
626,3,1198.0,26.0,60.0,139.0,1,1,1.0
626,4,1128.0,21.0,49.0,134.0,1,1,1.0
627,3,1203.0,25.0,54.0,137.0,1,1,1.0
627,4,1128.0,21.0,54.0,135.0,1,1,1.0
628,3,1208.0,23.0,49.0,138.0,1,1,1.0
628,4,1128.0,21.0,58.0,134.0,1,1,1.0
629,3,1214.0,22.0,45.0,139.0,1,1,1.0
629,4,1129.0,21.0,61.0,134.0,1,1,1.0
630,3,1218.0,22.0,42.0,139.0,1,1,1.0
630,4,1132.0,22.0,62.0,133.0,1,1,1.0
631,3,1221.0,22.0,45.0,139.0,1,1,1.0
631,4,1136.0,22.0,61.0,132.0,1,1,1.0
632,3,1222.0,22.0,49.0,138.0,1,1,1.0
632,4,1140.0,22.0,59.0,131.0,1,1,1.0
633,3,1223.0,22.0,55.0,138.0,1,1,1.0
633,4,1147.0,21.0,54.0,131.0,1,1,1.0
634,3,1223.0,24.0,57.0,136.0,1,1,1.0
634,4,1156.0,20.0,47.0,131.0,1,1,1.0
635,3,1226.0,24.0,55.0,135.0,1,1,1.0
635,4,1164.0,19.0,41.0,131.0,1,1,1.0
636,3,1230.0,24.0,52.0,135.0,1,1,1.0
636,4,1168.0,19.0,43.0,130.0,1,1,1.0
637,3,1237.0,23.0,48.0,135.0,1,1,1.0
637,4,1169.0,20.0,49.0,129.0,1,1,1.0
638,3,1244.0,23.0,46.0,136.0,1,1,1.0
638,4,1169.0,20.0,54.0,129.0,1,1,1.0
639,3,1248.0,21.0,46.0,137.0,1,1,1.0
639,4,1171.0,21.0,56.0,128.0,1,1,1.0
640,3,1250.0,21.0,49.0,137.0,1,1,1.0
640,4,1174.0,21.0,57.0,127.0,1,1,1.0
