1,1,1169.0,87.0,51.0,153.0,1,1,1.0
2,1,1163.0,86.0,48.0,153.0,1,1,1.0
3,1,1156.0,87.0,49.0,152.0,1,1,1.0
4,1,1140.0,87.0,63.0,152.0,1,1,1.0
5,1,1123.0,89.0,80.0,151.0,1,1,1.0
6,1,1111.0,90.0,92.0,150.0,1,1,1.0
7,1,1105.0,91.0,96.0,150.0,1,1,1.0
8,1,1103.0,91.0,95.0,149.0,1,1,1.0
9,1,1102.0,92.0,86.0,149.0,1,1,1.0
10,1,1102.0,91.0,73.0,149.0,1,1,1.0
11,1,1097.0,90.0,62.0,150.0,1,1,1.0
12,1,1092.0,89.0,53.0,151.0,1,1,1.0
13,1,1086.0,89.0,52.0,152.0,1,1,1.0
14,1,1071.0,90.0,64.0,152.0,1,1,1.0
15,1,1057.0,92.0,77.0,151.0,1,1,1.0
16,1,1049.0,93.0,83.0,151.0,1,1,1.0
17,1,1045.0,94.0,85.0,151.0,1,1,1.0
18,1,1042.0,92.0,80.0,153.0,1,1,1.0
19,1,1040.0,91.0,71.0,154.0,1,1,1.0
20,1,1035.0,91.0,62.0,154.0,1,1,1.0
21,1,1029.0,89.0,53.0,156.0,1,1,1.0
22,1,1023.0,88.0,52.0,157.0,1,1,1.0
23,1,1008.0,91.0,64.0,154.0,1,1,1.0
24,1,992.0,90.0,80.0,156.0,1,1,1.0
25,1,980.0,92.0,91.0,154.0,1,1,1.0
26,1,973.0,93.0,98.0,154.0,1,1,1.0
27,1,969.0,93.0,100.0,154.0,1,1,1.0
28,1,968.0,94.0,90.0,153.0,1,1,1.0
29,1,967.0,93.0,78.0,155.0,1,1,1.0
30,1,963.0,92.0,66.0,156.0,1,1,1.0
31,1,957.0,93.0,55.0,155.0,1,1,1.0
32,1,950.0,92.0,53.0,158.0,1,1,1.0
33,1,937.0,93.0,63.0,158.0,1,1,1.0
34,1,923.0,96.0,76.0,156.0,1,1,1.0
35,1,914.0,97.0,84.0,156.0,1,1,1.0
36,1,909.0,99.0,88.0,156.0,1,1,1.0
37,1,907.0,98.0,83.0,158.0,1,1,1.0
38,1,904.0,98.0,75.0,158.0,1,1,1.0
39,1,898.0,97.0,68.0,159.0,1,1,1.0
40,1,893.0,97.0,57.0,159.0,1,1,1.0
41,1,887.0,96.0,55.0,160.0,1,1,1.0
42,1,875.0,96.0,63.0,160.0,1,1,1.0
43,1,859.0,98.0,78.0,160.0,1,1,1.0
44,1,846.0,99.0,91.0,159.0,1,1,1.0
45,1,838.0,102.0,97.0,158.0,1,1,1.0
46,1,835.0,104.0,97.0,156.0,1,1,1.0
47,1,832.0,104.0,91.0,157.0,1,1,1.0
48,1,830.0,106.0,80.0,155.0,1,1,1.0
49,1,826.0,103.0,69.0,159.0,1,1,1.0
50,1,820.0,103.0,57.0,159.0,1,1,1.0
51,1,813.0,104.0,56.0,160.0,1,1,1.0
52,1,801.0,104.0,66.0,162.0,1,1,1.0
53,1,787.0,105.0,79.0,162.0,1,1,1.0
54,1,777.0,108.0,88.0,161.0,1,1,1.0
55,1,772.0,110.0,91.0,159.0,1,1,1.0
56,1,769.0,110.0,87.0,160.0,1,1,1.0
57,1,765.0,109.0,80.0,163.0,1,1,1.0
58,1,759.0,107.0,69.0,165.0,1,1,1.0
59,1,753.0,108.0,59.0,165.0,1,1,1.0
60,1,746.0,107.0,59.0,166.0,1,1,1.0
61,1,737.0,107.0,65.0,165.0,1,1,1.0
62,1,721.0,108.0,80.0,165.0,1,1,1.0
63,1,707.0,111.0,93.0,164.0,1,1,1.0
64,1,700.0,114.0,99.0,162.0,1,1,1.0
65,1,695.0,116.0,101.0,163.0,1,1,1.0
66,1,691.0,116.0,94.0,164.0,1,1,1.0
67,1,687.0,116.0,85.0,164.0,1,1,1.0
68,1,682.0,116.0,74.0,164.0,1,1,1.0
69,1,676.0,115.0,61.0,165.0,1,1,1.0
70,1,669.0,115.0,61.0,167.0,1,1,1.0
71,1,658.0,117.0,69.0,167.0,1,1,1.0
72,1,643.0,118.0,83.0,169.0,1,1,1.0
73,1,633.0,121.0,91.0,167.0,1,1,1.0
74,1,628.0,125.0,94.0,165.0,1,1,1.0
75,1,625.0,127.0,92.0,164.0,1,1,1.0
76,1,619.0,128.0,85.0,163.0,1,1,1.0
77,1,613.0,127.0,77.0,164.0,1,1,1.0
78,1,606.0,127.0,66.0,163.0,1,1,1.0
79,1,599.0,126.0,63.0,165.0,1,1,1.0
80,1,589.0,128.0,71.0,163.0,1,1,1.0
81,1,574.0,128.0,84.0,165.0,1,1,1.0
82,1,561.0,130.0,96.0,165.0,1,1,1.0
83,1,550.0,132.0,106.0,164.0,1,1,1.0
84,1,541.0,137.0,110.0,161.0,1,1,1.0
85,1,536.0,137.0,104.0,162.0,1,1,1.0
86,1,535.0,138.0,92.0,161.0,1,1,1.0
87,1,533.0,139.0,78.0,159.0,1,1,1.0
88,1,527.0,136.0,65.0,163.0,1,1,1.0
89,1,520.0,137.0,63.0,164.0,1,1,1.0
90,1,511.0,139.0,69.0,166.0,1,1,1.0
91,1,496.0,140.0,83.0,166.0,1,1,1.0
92,1,485.0,142.0,94.0,166.0,1,1,1.0
93,1,480.0,144.0,96.0,167.0,1,1,1.0
94,1,477.0,146.0,94.0,165.0,1,1,1.0
95,1,471.0,146.0,88.0,166.0,1,1,1.0
96,1,464.0,147.0,81.0,165.0,1,1,1.0
97,1,458.0,146.0,71.0,165.0,1,1,1.0
98,1,451.0,146.0,64.0,166.0,1,1,1.0
99,1,441.0,149.0,70.0,163.0,1,1,1.0
100,1,427.0,150.0,82.0,163.0,1,1,1.0
101,1,414.0,151.0,93.0,165.0,1,1,1.0
102,1,403.0,153.0,103.0,164.0,1,1,1.0
103,1,392.0,153.0,111.0,165.0,1,1,1.0
104,1,381.0,155.0,114.0,164.0,1,1,1.0
105,1,383.0,160.0,99.0,160.0,1,1,1.0
106,1,385.0,158.0,81.0,161.0,1,1,1.0
107,1,382.0,159.0,67.0,161.0,1,1,1.0
108,1,375.0,159.0,66.0,164.0,1,1,1.0
109,1,368.0,161.0,72.0,166.0,1,1,1.0
110,1,355.0,162.0,83.0,167.0,1,1,1.0
111,1,346.0,164.0,91.0,168.0,1,1,1.0
112,1,341.0,165.0,94.0,169.0,1,1,1.0
113,1,336.0,170.0,93.0,165.0,1,1,1.0
114,1,329.0,167.0,88.0,168.0,1,1,1.0
115,1,323.0,167.0,80.0,168.0,1,1,1.0
116,1,317.0,171.0,71.0,164.0,1,1,1.0
117,1,310.0,167.0,66.0,169.0,1,1,1.0
118,1,297.0,172.0,74.0,164.0,1,1,1.0
119,1,284.0,173.0,85.0,164.0,1,1,1.0
120,1,272.0,177.0,96.0,163.0,1,1,1.0
121,1,262.0,178.0,105.0,164.0,1,1,1.0
122,1,254.0,175.0,111.0,169.0,1,1,1.0
123,1,247.0,182.0,109.0,163.0,1,1,1.0
124,1,244.0,186.0,100.0,160.0,1,1,1.0
125,1,246.0,185.0,84.0,161.0,1,1,1.0
126,1,244.0,186.0,69.0,160.0,1,1,1.0
127,1,239.0,187.0,64.0,162.0,1,1,1.0
128,1,232.0,190.0,68.0,163.0,1,1,1.0
129,1,221.0,192.0,78.0,164.0,1,1,1.0
130,1,211.0,192.0,87.0,167.0,1,1,1.0
131,1,207.0,196.0,90.0,165.0,1,1,1.0
132,1,203.0,198.0,90.0,165.0,1,1,1.0
133,1,193.0,202.0,90.0,162.0,1,1,1.0
134,1,190.0,203.0,81.0,161.0,1,1,1.0
135,1,184.0,203.0,74.0,160.0,1,1,1.0
136,1,179.0,203.0,63.0,160.0,1,1,1.0
137,1,171.0,204.0,65.0,160.0,1,1,1.0
138,1,158.0,205.0,76.0,160.0,1,1,1.0
139,1,145.0,208.0,87.0,159.0,1,1,1.0
140,1,135.0,209.0,97.0,160.0,1,1,1.0
141,1,126.0,212.0,103.0,160.0,1,1,1.0
142,1,120.0,214.0,103.0,158.0,1,1,1.0
143,1,116.0,215.0,97.0,158.0,1,1,1.0
144,1,116.0,215.0,86.0,158.0,1,1,1.0
145,1,118.0,215.0,69.0,158.0,1,1,1.0
146,1,115.0,218.0,61.0,158.0,1,1,1.0
147,1,110.0,219.0,62.0,161.0,1,1,1.0
148,1,103.0,221.0,69.0,162.0,1,1,1.0
149,1,93.0,220.0,78.0,166.0,1,1,1.0
150,1,89.0,223.0,81.0,165.0,1,1,1.0
151,1,85.0,226.0,81.0,163.0,1,1,1.0
152,1,80.0,230.0,79.0,160.0,1,1,1.0
153,1,75.0,230.0,73.0,160.0,1,1,1.0
154,1,70.0,232.0,66.0,157.0,1,1,1.0
155,1,64.0,229.0,57.0,160.0,1,1,1.0
156,1,54.0,232.0,60.0,157.0,1,1,1.0
157,1,43.0,229.0,69.0,160.0,1,1,1.0
158,1,33.0,232.0,79.0,158.0,1,1,1.0
159,1,24.0,231.0,87.0,161.0,1,1,1.0
160,1,16.0,235.0,93.0,159.0,1,1,1.0
161,1,10.0,237.0,94.0,158.0,1,1,1.0
162,1,8.0,239.0,90.0,157.0,1,1,1.0
163,1,7.0,240.0,78.0,156.0,1,1,1.0
164,1,9.0,239.0,63.0,157.0,1,1,1.0
166,1,0.0,176.0,63.0,228.0,1,1,1.0
168,1,0.0,206.0,62.0,200.0,1,1,1.0
263,2,0.0,221.0,48.0,132.0,1,1,1.0
264,2,0.0,223.0,54.0,129.0,1,1,1.0
265,2,0.0,220.0,58.0,131.0,1,1,1.0
266,2,1.0,220.0,59.0,129.0,1,1,1.0
267,2,7.0,221.0,53.0,123.0,1,1,1.0
268,2,16.0,221.0,44.0,120.0,1,1,1.0
269,2,24.0,215.0,37.0,121.0,1,1,1.0
270,2,30.0,212.0,36.0,124.0,1,1,1.0
271,2,33.0,209.0,43.0,126.0,1,1,1.0
272,2,37.0,210.0,51.0,125.0,1,1,1.0
273,2,40.0,210.0,59.0,124.0,1,1,1.0
274,2,42.0,209.0,64.0,124.0,1,1,1.0
275,2,43.0,209.0,66.0,123.0,1,1,1.0
276,2,47.0,206.0,63.0,124.0,1,1,1.0
277,2,54.0,202.0,55.0,124.0,1,1,1.0
278,2,62.0,198.0,48.0,125.0,1,1,1.0
279,2,67.0,196.0,42.0,124.0,1,1,1.0
280,2,71.0,196.0,41.0,123.0,1,1,1.0
281,2,77.0,194.0,46.0,124.0,1,1,1.0
282,2,80.0,191.0,55.0,128.0,1,1,1.0
283,2,83.0,188.0,61.0,130.0,1,1,1.0
284,2,87.0,189.0,62.0,129.0,1,1,1.0
285,2,90.0,189.0,61.0,127.0,1,1,1.0
286,2,97.0,187.0,55.0,126.0,1,1,1.0
287,2,104.0,189.0,47.0,121.0,1,1,1.0
288,2,111.0,187.0,40.0,118.0,1,1,1.0
289,2,116.0,188.0,39.0,115.0,1,1,1.0
290,2,120.0,183.0,45.0,120.0,1,1,1.0
291,2,125.0,183.0,53.0,121.0,1,1,1.0
292,2,128.0,181.0,61.0,123.0,1,1,1.0
293,2,130.0,181.0,65.0,121.0,1,1,1.0
294,2,132.0,179.0,67.0,122.0,1,1,1.0
295,2,136.0,179.0,64.0,120.0,1,1,1.0
296,2,142.0,176.0,58.0,120.0,1,1,1.0
297,2,150.0,175.0,49.0,117.0,1,1,1.0
298,2,157.0,173.0,43.0,116.0,1,1,1.0
299,2,162.0,167.0,40.0,122.0,1,1,1.0
300,2,166.0,168.0,45.0,120.0,1,1,1.0
301,2,168.0,165.0,54.0,122.0,1,1,1.0
302,2,170.0,165.0,60.0,123.0,1,1,1.0
303,2,174.0,164.0,60.0,123.0,1,1,1.0
304,2,178.0,164.0,58.0,122.0,1,1,1.0
305,2,184.0,161.0,53.0,122.0,1,1,1.0
306,2,191.0,162.0,45.0,118.0,1,1,1.0
307,2,197.0,157.0,40.0,119.0,1,1,1.0
308,2,202.0,154.0,40.0,119.0,1,1,1.0
309,2,207.0,156.0,42.0,117.0,1,1,1.0
310,2,212.0,153.0,50.0,120.0,1,1,1.0
311,2,214.0,154.0,58.0,118.0,1,1,1.0
312,2,217.0,156.0,64.0,117.0,1,1,1.0
313,2,218.0,154.0,66.0,118.0,1,1,1.0
314,2,221.0,153.0,64.0,117.0,1,1,1.0
315,2,228.0,148.0,58.0,118.0,1,1,1.0
316,2,236.0,146.0,50.0,118.0,1,1,1.0
317,2,243.0,144.0,43.0,118.0,1,1,1.0
318,2,247.0,142.0,40.0,120.0,1,1,1.0
319,2,251.0,143.0,42.0,119.0,1,1,1.0
320,2,253.0,143.0,50.0,118.0,1,1,1.0
321,2,256.0,145.0,56.0,116.0,1,1,1.0
322,2,258.0,143.0,60.0,117.0,1,1,1.0
323,2,262.0,144.0,56.0,116.0,1,1,1.0
324,2,268.0,141.0,51.0,117.0,1,1,1.0
325,2,275.0,140.0,45.0,113.0,1,1,1.0
326,2,281.0,137.0,41.0,114.0,1,1,1.0
327,2,287.0,136.0,39.0,112.0,1,1,1.0
328,2,291.0,132.0,39.0,116.0,1,1,1.0
329,2,296.0,130.0,40.0,118.0,1,1,1.0
330,2,299.0,131.0,43.0,118.0,1,1,1.0
331,2,301.0,130.0,46.0,118.0,1,1,1.0
332,2,301.0,134.0,49.0,114.0,1,1,1.0
333,2,304.0,132.0,50.0,114.0,1,1,1.0
334,2,310.0,130.0,47.0,113.0,1,1,1.0
335,2,319.0,128.0,42.0,101.0,1,1,1.0
336,2,325.0,126.0,39.0,96.0,1,1,1.0
337,2,329.0,128.0,39.0,91.0,1,1,1.0
338,2,333.0,126.0,39.0,91.0,1,1,1.0
339,2,335.0,127.0,42.0,90.0,1,1,1.0
343,2,353.0,121.0,44.0,104.0,1,1,1.0
344,2,360.0,119.0,40.0,108.0,1,1,1.0
345,2,366.0,117.0,38.0,124.0,1,1,1.0
346,2,370.0,117.0,38.0,116.0,1,1,1.0
347,2,374.0,117.0,37.0,111.0,1,1,1.0
348,2,378.0,117.0,42.0,108.0,1,1,1.0
349,2,382.0,118.0,50.0,107.0,1,1,1.0
350,2,385.0,118.0,55.0,107.0,1,1,1.0
351,2,386.0,117.0,58.0,108.0,1,1,1.0
352,2,387.0,117.0,60.0,108.0,1,1,1.0
353,2,391.0,116.0,59.0,108.0,1,1,1.0
354,2,400.0,115.0,51.0,107.0,1,1,1.0
355,2,408.0,113.0,42.0,108.0,1,1,1.0
356,2,413.0,111.0,38.0,110.0,1,1,1.0
357,2,418.0,111.0,40.0,109.0,1,1,1.0
358,2,421.0,109.0,51.0,111.0,1,1,1.0
359,2,424.0,109.0,57.0,111.0,1,1,1.0
360,2,425.0,109.0,63.0,111.0,1,1,1.0
361,2,426.0,109.0,66.0,111.0,1,1,1.0
362,2,428.0,109.0,66.0,110.0,1,1,1.0
363,2,432.0,108.0,62.0,110.0,1,1,1.0
364,2,440.0,107.0,55.0,109.0,1,1,1.0
365,2,449.0,106.0,47.0,109.0,1,1,1.0
366,2,454.0,106.0,50.0,108.0,1,1,1.0
367,2,460.0,104.0,56.0,110.0,1,1,1.0
368,2,463.0,104.0,59.0,110.0,1,1,1.0
369,2,467.0,106.0,61.0,108.0,1,1,1.0
370,2,470.0,106.0,64.0,108.0,1,1,1.0
371,2,473.0,107.0,65.0,107.0,1,1,1.0
372,2,477.0,107.0,64.0,108.0,1,1,1.0
373,2,480.0,106.0,60.0,109.0,1,1,1.0
374,2,484.0,106.0,56.0,109.0,1,1,1.0
375,2,487.0,105.0,51.0,110.0,1,1,1.0
376,2,490.0,104.0,49.0,110.0,1,1,1.0
377,2,493.0,104.0,52.0,111.0,1,1,1.0
378,2,497.0,105.0,55.0,110.0,1,1,1.0
379,2,500.0,104.0,57.0,111.0,1,1,1.0
380,2,503.0,104.0,55.0,111.0,1,1,1.0
381,2,506.0,103.0,54.0,112.0,1,1,1.0
382,2,510.0,102.0,50.0,113.0,1,1,1.0
383,2,514.0,101.0,48.0,115.0,1,1,1.0
384,2,516.0,101.0,50.0,115.0,1,1,1.0
385,2,519.0,101.0,54.0,115.0,1,1,1.0
386,2,519.0,102.0,57.0,115.0,1,1,1.0
387,2,522.0,102.0,57.0,116.0,1,1,1.0
388,2,525.0,103.0,58.0,117.0,1,1,1.0
389,2,528.0,104.0,59.0,117.0,1,1,1.0
390,2,532.0,105.0,57.0,117.0,1,1,1.0
391,2,536.0,105.0,55.0,117.0,1,1,1.0
392,2,539.0,104.0,54.0,119.0,1,1,1.0
393,2,542.0,102.0,52.0,121.0,1,1,1.0
394,2,545.0,100.0,50.0,122.0,1,1,1.0
395,2,549.0,98.0,47.0,124.0,1,1,1.0
396,2,552.0,97.0,47.0,125.0,1,1,1.0
397,2,556.0,96.0,52.0,126.0,1,1,1.0
398,2,558.0,95.0,57.0,127.0,1,1,1.0
399,2,560.0,96.0,59.0,126.0,1,1,1.0
400,2,559.0,98.0,62.0,125.0,1,1,1.0
401,2,563.0,99.0,59.0,124.0,1,1,1.0
402,2,570.0,98.0,53.0,125.0,1,1,1.0
403,2,576.0,96.0,49.0,127.0,1,1,1.0
404,2,580.0,94.0,51.0,129.0,1,1,1.0
405,2,583.0,96.0,54.0,128.0,1,1,1.0
406,2,586.0,96.0,56.0,129.0,1,1,1.0
407,2,590.0,98.0,58.0,127.0,1,1,1.0
408,2,593.0,97.0,60.0,129.0,1,1,1.0
409,2,596.0,98.0,60.0,129.0,1,1,1.0
410,2,601.0,100.0,60.0,128.0,1,1,1.0
411,2,605.0,100.0,58.0,128.0,1,1,1.0
412,2,609.0,101.0,55.0,127.0,1,1,1.0
413,2,613.0,101.0,51.0,127.0,1,1,1.0
414,2,618.0,100.0,47.0,127.0,1,1,1.0
415,2,622.0,102.0,49.0,126.0,1,1,1.0
416,2,626.0,103.0,54.0,125.0,1,1,1.0
417,2,628.0,105.0,61.0,124.0,1,1,1.0
418,2,630.0,107.0,64.0,122.0,1,1,1.0
419,2,632.0,109.0,65.0,121.0,1,1,1.0
420,2,635.0,109.0,63.0,120.0,1,1,1.0
421,2,642.0,109.0,57.0,120.0,1,1,1.0
422,2,649.0,108.0,51.0,121.0,1,1,1.0
423,2,655.0,107.0,49.0,122.0,1,1,1.0
424,2,659.0,105.0,52.0,125.0,1,1,1.0
425,2,663.0,104.0,55.0,128.0,1,1,1.0
426,2,666.0,104.0,58.0,129.0,1,1,1.0
427,2,670.0,104.0,61.0,129.0,1,1,1.0
428,2,673.0,106.0,63.0,129.0,1,1,1.0
429,2,677.0,105.0,64.0,131.0,1,1,1.0
430,2,681.0,104.0,63.0,133.0,1,1,1.0
431,2,686.0,102.0,60.0,135.0,1,1,1.0
432,2,690.0,100.0,55.0,137.0,1,1,1.0
433,2,694.0,98.0,51.0,138.0,1,1,1.0
434,2,699.0,97.0,49.0,139.0,1,1,1.0
435,2,703.0,97.0,54.0,139.0,1,1,1.0
436,2,704.0,97.0,65.0,140.0,1,1,1.0
437,2,704.0,98.0,73.0,139.0,1,1,1.0
438,2,698.0,98.0,83.0,140.0,1,1,1.0
439,2,699.0,99.0,85.0,139.0,1,1,1.0
440,2,712.0,99.0,73.0,139.0,1,1,1.0
441,2,721.0,99.0,64.0,139.0,1,1,1.0
442,2,733.0,99.0,56.0,140.0,1,1,1.0
443,2,741.0,99.0,55.0,140.0,1,1,1.0
444,2,746.0,99.0,58.0,141.0,1,1,1.0
445,2,751.0,101.0,61.0,140.0,1,1,1.0
446,2,756.0,105.0,64.0,137.0,1,1,1.0
447,2,757.0,106.0,70.0,136.0,1,1,1.0
448,2,760.0,106.0,75.0,138.0,1,1,1.0
449,2,766.0,104.0,73.0,141.0,1,1,1.0
450,2,773.0,102.0,67.0,144.0,1,1,1.0
451,2,781.0,100.0,60.0,146.0,1,1,1.0
452,2,786.0,97.0,55.0,148.0,1,1,1.0
453,2,792.0,95.0,50.0,150.0,1,1,1.0
454,2,797.0,95.0,54.0,150.0,1,1,1.0
455,2,801.0,97.0,65.0,148.0,1,1,1.0
456,2,803.0,98.0,75.0,147.0,1,1,1.0
457,2,800.0,99.0,85.0,146.0,1,1,1.0
458,2,802.0,100.0,87.0,146.0,1,1,1.0
459,2,806.0,99.0,84.0,147.0,1,1,1.0
460,2,813.0,97.0,78.0,149.0,1,1,1.0
461,2,827.0,95.0,64.0,152.0,1,1,1.0
462,2,841.0,95.0,58.0,152.0,1,1,1.0
463,2,850.0,93.0,60.0,155.0,1,1,1.0
464,2,857.0,94.0,64.0,155.0,1,1,1.0
465,2,860.0,93.0,71.0,156.0,1,1,1.0
466,2,862.0,96.0,78.0,154.0,1,1,1.0
467,2,864.0,99.0,84.0,152.0,1,1,1.0
468,2,868.0,100.0,85.0,152.0,1,1,1.0
469,2,877.0,100.0,79.0,152.0,1,1,1.0
470,2,889.0,100.0,67.0,152.0,1,1,1.0
471,2,898.0,100.0,57.0,152.0,1,1,1.0
472,2,904.0,102.0,50.0,150.0,1,1,1.0
473,2,909.0,104.0,54.0,148.0,1,1,1.0
474,2,910.0,108.0,68.0,145.0,1,1,1.0
475,2,912.0,110.0,80.0,142.0,1,1,1.0
476,2,914.0,110.0,85.0,144.0,1,1,1.0
477,2,918.0,108.0,86.0,148.0,1,1,1.0
478,2,920.0,105.0,85.0,152.0,1,1,1.0
479,2,927.0,102.0,78.0,155.0,1,1,1.0
480,2,938.0,100.0,68.0,158.0,1,1,1.0
481,2,946.0,97.0,67.0,160.0,1,1,1.0
482,2,947.0,97.0,76.0,161.0,1,1,1.0
483,2,963.0,97.0,70.0,164.0,1,1,1.0
484,2,973.0,99.0,72.0,164.0,1,1,1.0
485,2,977.0,102.0,79.0,164.0,1,1,1.0
486,2,978.0,103.0,87.0,164.0,1,1,1.0
487,2,980.0,104.0,91.0,164.0,1,1,1.0
488,2,986.0,103.0,89.0,166.0,1,1,1.0
489,2,997.0,102.0,81.0,167.0,1,1,1.0
490,2,1011.0,101.0,67.0,169.0,1,1,1.0
491,2,1021.0,98.0,56.0,172.0,1,1,1.0
492,2,1027.0,97.0,51.0,172.0,1,1,1.0
493,2,1030.0,92.0,61.0,178.0,1,1,1.0
494,2,1031.0,94.0,76.0,178.0,1,1,1.0
495,2,1031.0,94.0,90.0,179.0,1,1,1.0
496,2,1032.0,99.0,96.0,176.0,1,1,1.0
497,2,1026.0,99.0,106.0,178.0,1,1,1.0
498,2,1037.0,100.0,97.0,178.0,1,1,1.0
499,2,1050.0,101.0,89.0,177.0,1,1,1.0
500,2,1065.0,104.0,79.0,174.0,1,1,1.0
501,2,1082.0,106.0,69.0,173.0,1,1,1.0
502,2,1097.0,104.0,68.0,177.0,1,1,1.0
503,2,1103.0,102.0,77.0,183.0,1,1,1.0
504,2,1104.0,103.0,88.0,183.0,1,1,1.0
505,2,1106.0,106.0,98.0,183.0,1,1,1.0
506,2,1108.0,107.0,107.0,183.0,1,1,1.0
507,2,1111.0,114.0,111.0,176.0,1,1,1.0
508,2,1120.0,116.0,108.0,175.0,1,1,1.0
509,2,1132.0,118.0,95.0,174.0,1,1,1.0
510,2,1153.0,117.0,72.0,175.0,1,1,1.0
511,2,1166.0,115.0,58.0,177.0,1,1,1.0
512,2,1169.0,115.0,58.0,177.0,1,1,1.0
513,2,1170.0,112.0,74.0,181.0,1,1,1.0
514,2,1171.0,112.0,90.0,182.0,1,1,1.0
515,2,1171.0,114.0,101.0,182.0,1,1,1.0
516,2,1173.0,118.0,107.0,180.0,1,1,1.0
519,2,1204.0,121.0,86.0,179.0,1,1,1.0
520,2,1220.0,119.0,75.0,181.0,1,1,1.0
521,2,1238.0,122.0,66.0,179.0,1,1,1.0
522,2,1246.0,122.0,72.0,182.0,1,1,1.0
523,2,1248.0,121.0,83.0,187.0,1,1,1.0
524,2,1250.0,121.0,94.0,189.0,1,1,1.0
525,2,1251.0,125.0,103.0,187.0,1,1,1.0
526,2,1253.0,127.0,110.0,187.0,1,1,1.0
527,2,1260.0,128.0,108.0,186.0,1,1,1.0
528,2,1274.0,132.0,95.0,183.0,1,1,1.0
529,2,1289.0,132.0,78.0,183.0,1,1,1.0
530,2,1308.0,132.0,59.0,182.0,1,1,1.0
531,2,1316.0,132.0,56.0,183.0,1,1,1.0
532,2,1318.0,130.0,65.0,185.0,1,1,1.0
533,2,1319.0,131.0,83.0,187.0,1,1,1.0
534,2,1319.0,134.0,97.0,185.0,1,1,1.0
535,2,1320.0,138.0,104.0,184.0,1,1,1.0
536,2,1322.0,139.0,106.0,184.0,1,1,1.0
537,2,1331.0,141.0,99.0,183.0,1,1,1.0
538,2,1342.0,143.0,93.0,181.0,1,1,1.0
539,2,1357.0,142.0,84.0,182.0,1,1,1.0
540,2,1375.0,141.0,72.0,183.0,1,1,1.0
541,2,1389.0,141.0,72.0,188.0,1,1,1.0
542,2,1394.0,141.0,83.0,192.0,1,1,1.0
543,2,1395.0,142.0,97.0,195.0,1,1,1.0
544,2,1397.0,146.0,109.0,193.0,1,1,1.0
545,2,1397.0,148.0,120.0,193.0,1,1,1.0
546,2,1401.0,150.0,124.0,192.0,1,1,1.0
547,2,1411.0,152.0,118.0,191.0,1,1,1.0
548,2,1427.0,153.0,101.0,190.0,1,1,1.0
549,2,1441.0,150.0,86.0,193.0,1,1,1.0
550,2,1460.0,152.0,71.0,191.0,1,1,1.0
551,2,1467.0,152.0,70.0,191.0,1,1,1.0
552,2,1469.0,151.0,74.0,193.0,1,1,1.0
553,2,1469.0,151.0,90.0,195.0,1,1,1.0
554,2,1470.0,151.0,103.0,197.0,1,1,1.0
555,2,1472.0,159.0,108.0,192.0,1,1,1.0
556,2,1475.0,164.0,108.0,188.0,1,1,1.0
557,2,1484.0,166.0,102.0,187.0,1,1,1.0
558,2,1498.0,167.0,94.0,186.0,1,1,1.0
559,2,1515.0,168.0,84.0,185.0,1,1,1.0
560,2,1533.0,165.0,72.0,189.0,1,1,1.0
561,2,1544.0,165.0,72.0,192.0,1,1,1.0
562,2,1547.0,168.0,82.0,194.0,1,1,1.0
563,2,1549.0,170.0,94.0,195.0,1,1,1.0
564,2,1550.0,171.0,107.0,196.0,1,1,1.0
565,2,1552.0,176.0,116.0,193.0,1,1,1.0
566,2,1554.0,178.0,121.0,193.0,1,1,1.0
567,2,1563.0,180.0,117.0,191.0,1,1,1.0
568,2,1576.0,181.0,105.0,191.0,1,1,1.0
569,2,1591.0,182.0,90.0,190.0,1,1,1.0
570,2,1614.0,181.0,72.0,191.0,1,1,1.0
571,2,1626.0,181.0,67.0,192.0,1,1,1.0
572,2,1629.0,173.0,71.0,199.0,1,1,1.0
573,2,1630.0,179.0,79.0,194.0,1,1,1.0
574,2,1630.0,175.0,91.0,199.0,1,1,1.0
575,2,1630.0,176.0,101.0,200.0,1,1,1.0
576,2,1631.0,186.0,105.0,192.0,1,1,1.0
577,2,1635.0,191.0,106.0,189.0,1,1,1.0
578,2,1645.0,195.0,101.0,186.0,1,1,1.0
579,2,1660.0,196.0,91.0,185.0,1,1,1.0
580,2,1679.0,196.0,77.0,186.0,1,1,1.0
581,2,1695.0,193.0,65.0,188.0,1,1,1.0
582,2,1701.0,192.0,64.0,190.0,1,1,1.0
583,2,1705.0,187.0,66.0,197.0,1,1,1.0
584,2,1707.0,191.0,75.0,193.0,1,1,1.0
585,2,1707.0,192.0,86.0,189.0,1,1,1.0
586,2,1707.0,192.0,98.0,189.0,1,1,1.0
587,2,1706.0,190.0,109.0,191.0,1,1,1.0
588,2,1706.0,191.0,115.0,190.0,1,1,1.0
589,2,1706.0,199.0,117.0,183.0,1,1,1.0
590,2,1706.0,203.0,115.0,187.0,1,1,1.0
591,2,1707.0,209.0,112.0,186.0,1,1,1.0
592,2,1710.0,212.0,111.0,185.0,1,1,1.0
593,2,1716.0,214.0,110.0,184.0,1,1,1.0
594,2,1726.0,206.0,103.0,192.0,1,1,1.0
595,2,1740.0,201.0,94.0,198.0,1,1,1.0
596,2,1756.0,197.0,82.0,201.0,1,1,1.0
597,2,1763.0,195.0,79.0,203.0,1,1,1.0
598,2,1766.0,195.0,80.0,203.0,1,1,1.0
599,2,1768.0,195.0,81.0,203.0,1,1,1.0
600,2,1772.0,196.0,81.0,202.0,1,1,1.0
601,2,1776.0,200.0,79.0,198.0,1,1,1.0
602,2,1780.0,204.0,79.0,193.0,1,1,1.0
603,2,1783.0,205.0,80.0,192.0,1,1,1.0
604,2,1786.0,206.0,81.0,192.0,1,1,1.0
605,2,1790.0,208.0,83.0,192.0,1,1,1.0
606,2,1799.0,209.0,78.0,191.0,1,1,1.0
607,2,1811.0,210.0,72.0,191.0,1,1,1.0
608,2,1821.0,209.0,64.0,191.0,1,1,1.0
609,2,1829.0,208.0,60.0,192.0,1,1,1.0
610,2,1835.0,208.0,61.0,192.0,1,1,1.0
611,2,1838.0,209.0,59.0,192.0,1,1,1.0
612,2,1838.0,209.0,62.0,191.0,1,1,1.0
613,2,1839.0,211.0,67.0,189.0,1,1,1.0
614,2,1840.0,217.0,69.0,184.0,1,1,1.0
615,2,1842.0,220.0,73.0,181.0,1,1,1.0
616,2,1847.0,220.0,71.0,180.0,1,1,1.0
617,2,1855.0,227.0,63.0,174.0,1,1,1.0
619,2,1863.0,226.0,58.0,175.0,1,1,1.0
620,2,1862.0,226.0,58.0,176.0,1,1,1.0
