1,1,1300.0,377.0,195.0,601.0,1,1,1.0
1,2,1444.0,391.0,244.0,550.0,1,1,1.0
1,3,109.0,582.0,345.0,265.0,1,1,1.0
2,1,1299.0,370.0,188.0,589.0,1,1,1.0
2,2,1437.0,388.0,240.0,554.0,1,1,1.0
2,3,109.0,582.0,345.0,265.0,1,1,1.0
3,1,1299.0,360.0,181.0,583.0,1,1,1.0
3,2,1432.0,383.0,235.0,555.0,1,1,1.0
3,3,109.0,582.0,345.0,265.0,1,1,1.0
4,1,1297.0,350.0,177.0,571.0,1,1,1.0
4,2,1426.0,377.0,229.0,562.0,1,1,1.0
4,3,109.0,582.0,345.0,265.0,1,1,1.0
5,1,1292.0,340.0,174.0,550.0,1,1,1.0
5,2,1424.0,371.0,222.0,548.0,1,1,1.0
5,3,109.0,582.0,345.0,265.0,1,1,1.0
6,1,1284.0,330.0,177.0,532.0,1,1,1.0
6,2,1423.0,363.0,213.0,537.0,1,1,1.0
6,3,109.0,582.0,345.0,265.0,1,1,1.0
7,1,1277.0,324.0,179.0,530.0,1,1,1.0
7,2,1423.0,353.0,203.0,521.0,1,1,1.0
7,3,109.0,582.0,345.0,265.0,1,1,1.0
8,1,1269.0,316.0,182.0,535.0,1,1,1.0
8,2,1422.0,345.0,195.0,499.0,1,1,1.0
8,3,109.0,582.0,345.0,265.0,1,1,1.0
9,1,1262.0,312.0,184.0,539.0,1,1,1.0
9,2,1417.0,337.0,191.0,493.0,1,1,1.0
9,3,109.0,582.0,345.0,265.0,1,1,1.0
10,1,1257.0,310.0,184.0,542.0,1,1,1.0
10,2,1416.0,330.0,185.0,496.0,1,1,1.0
10,3,109.0,582.0,345.0,265.0,1,1,1.0
11,1,1253.0,309.0,183.0,543.0,1,1,1.0
11,2,1417.0,325.0,176.0,501.0,1,1,1.0
11,3,109.0,582.0,345.0,265.0,1,1,1.0
12,1,1250.0,308.0,182.0,544.0,1,1,1.0
12,2,1418.0,320.0,164.0,505.0,1,1,1.0
12,3,109.0,582.0,345.0,265.0,1,1,1.0
13,1,1249.0,303.0,178.0,542.0,1,1,1.0
13,2,1414.0,318.0,161.0,507.0,1,1,1.0
13,3,109.0,582.0,345.0,265.0,1,1,1.0
14,1,1248.0,298.0,174.0,534.0,1,1,1.0
14,2,1404.0,315.0,164.0,510.0,1,1,1.0
14,3,109.0,582.0,345.0,265.0,1,1,1.0
15,1,1250.0,291.0,169.0,525.0,1,1,1.0
15,2,1400.0,311.0,159.0,513.0,1,1,1.0
15,3,109.0,582.0,345.0,265.0,1,1,1.0
16,1,1251.0,283.0,163.0,507.0,1,1,1.0
16,2,1397.0,306.0,153.0,502.0,1,1,1.0
16,3,109.0,582.0,345.0,265.0,1,1,1.0
17,1,1249.0,277.0,163.0,486.0,1,1,1.0
17,2,1391.0,299.0,151.0,493.0,1,1,1.0
17,3,109.0,582.0,345.0,265.0,1,1,1.0
18,1,1246.0,273.0,158.0,475.0,1,1,1.0
18,2,1382.0,292.0,154.0,475.0,1,1,1.0
18,3,109.0,582.0,345.0,264.0,1,1,1.0
19,1,1241.0,270.0,158.0,475.0,1,1,1.0
19,2,1378.0,285.0,153.0,456.0,1,1,1.0
19,3,109.0,582.0,345.0,264.0,1,1,1.0
20,1,1232.0,267.0,162.0,477.0,1,1,1.0
20,2,1371.0,279.0,154.0,450.0,1,1,1.0
20,3,109.0,582.0,345.0,264.0,1,1,1.0
21,1,1223.0,266.0,165.0,478.0,1,1,1.0
21,2,1353.0,275.0,169.0,452.0,1,1,1.0
21,3,110.0,582.0,344.0,265.0,1,1,1.0
22,1,1216.0,265.0,164.0,479.0,1,1,1.0
22,2,1343.0,271.0,177.0,454.0,1,1,1.0
22,3,110.0,582.0,344.0,265.0,1,1,1.0
23,1,1215.0,263.0,157.0,481.0,1,1,1.0
23,2,1338.0,268.0,173.0,459.0,1,1,1.0
23,3,110.0,582.0,344.0,265.0,1,1,1.0
24,2,1334.0,266.0,169.0,459.0,1,1,1.0
24,3,110.0,582.0,344.0,265.0,1,1,1.0
25,1,1210.0,253.0,145.0,475.0,1,1,1.0
25,2,1331.0,265.0,163.0,459.0,1,1,1.0
25,3,110.0,582.0,344.0,265.0,1,1,1.0
26,2,1325.0,262.0,161.0,452.0,1,1,1.0
26,3,110.0,583.0,344.0,265.0,1,1,1.0
27,1,1200.0,240.0,141.0,458.0,1,1,1.0
27,2,1319.0,256.0,159.0,445.0,1,1,1.0
27,3,110.0,583.0,344.0,265.0,1,1,1.0
28,1,1194.0,234.0,141.0,442.0,1,1,1.0
28,2,1313.0,251.0,157.0,436.0,1,1,1.0
28,3,110.0,583.0,344.0,265.0,1,1,1.0
29,1,1188.0,229.0,141.0,432.0,1,1,1.0
29,2,1311.0,245.0,154.0,421.0,1,1,1.0
29,3,110.0,583.0,344.0,265.0,1,1,1.0
30,1,1183.0,225.0,140.0,432.0,1,1,1.0
30,2,1308.0,239.0,152.0,410.0,1,1,1.0
30,3,110.0,583.0,344.0,265.0,1,1,1.0
31,1,1179.0,221.0,138.0,433.0,1,1,1.0
31,2,1303.0,234.0,153.0,410.0,1,1,1.0
31,3,110.0,583.0,344.0,265.0,1,1,1.0
32,1,1176.0,220.0,137.0,435.0,1,1,1.0
32,2,1299.0,230.0,148.0,412.0,1,1,1.0
32,3,110.0,583.0,344.0,264.0,1,1,1.0
33,1,1171.0,220.0,136.0,435.0,1,1,1.0
33,2,1296.0,228.0,144.0,414.0,1,1,1.0
33,3,110.0,583.0,344.0,264.0,1,1,1.0
34,1,1168.0,220.0,135.0,435.0,1,1,1.0
34,2,1294.0,226.0,141.0,416.0,1,1,1.0
34,3,110.0,583.0,344.0,264.0,1,1,1.0
35,1,1165.0,220.0,133.0,435.0,1,1,1.0
35,2,1289.0,225.0,140.0,416.0,1,1,1.0
35,3,110.0,583.0,344.0,264.0,1,1,1.0
36,1,1163.0,216.0,131.0,430.0,1,1,1.0
36,2,1287.0,224.0,138.0,418.0,1,1,1.0
36,3,110.0,583.0,344.0,264.0,1,1,1.0
37,1,1161.0,211.0,128.0,425.0,1,1,1.0
37,2,1282.0,221.0,138.0,412.0,1,1,1.0
37,3,110.0,583.0,345.0,264.0,1,1,1.0
38,1,1158.0,205.0,126.0,414.0,1,1,1.0
38,2,1277.0,218.0,137.0,405.0,1,1,1.0
38,3,110.0,583.0,345.0,264.0,1,1,1.0
39,1,1155.0,200.0,126.0,400.0,1,1,1.0
39,2,1274.0,215.0,138.0,395.0,1,1,1.0
39,3,110.0,583.0,345.0,264.0,1,1,1.0
40,1,1151.0,195.0,124.0,392.0,1,1,1.0
40,2,1273.0,210.0,138.0,381.0,1,1,1.0
40,3,110.0,583.0,345.0,264.0,1,1,1.0
41,1,1146.0,190.0,125.0,392.0,1,1,1.0
41,2,1273.0,205.0,134.0,372.0,1,1,1.0
41,3,110.0,583.0,344.0,264.0,1,1,1.0
42,1,1139.0,188.0,128.0,392.0,1,1,1.0
42,2,1269.0,201.0,134.0,371.0,1,1,1.0
42,3,110.0,583.0,344.0,264.0,1,1,1.0
43,1,1131.0,188.0,131.0,393.0,1,1,1.0
43,2,1263.0,198.0,137.0,373.0,1,1,1.0
43,3,110.0,583.0,344.0,263.0,1,1,1.0
44,1,1126.0,187.0,130.0,393.0,1,1,1.0
44,2,1254.0,197.0,140.0,375.0,1,1,1.0
44,3,110.0,584.0,344.0,263.0,1,1,1.0
45,1,1124.0,187.0,126.0,394.0,1,1,1.0
45,2,1250.0,196.0,138.0,376.0,1,1,1.0
45,3,110.0,584.0,344.0,263.0,1,1,1.0
46,1,1121.0,186.0,124.0,389.0,1,1,1.0
46,2,1250.0,195.0,133.0,377.0,1,1,1.0
46,3,110.0,584.0,344.0,263.0,1,1,1.0
47,1,1118.0,183.0,122.0,385.0,1,1,1.0
47,2,1250.0,193.0,126.0,378.0,1,1,1.0
47,3,110.0,584.0,344.0,263.0,1,1,1.0
48,1,1114.0,179.0,124.0,381.0,1,1,1.0
48,2,1250.0,191.0,121.0,372.0,1,1,1.0
48,3,110.0,584.0,344.0,263.0,1,1,1.0
49,1,1110.0,175.0,122.0,372.0,1,1,1.0
49,2,1249.0,187.0,117.0,368.0,1,1,1.0
49,3,110.0,584.0,344.0,263.0,1,1,1.0
50,1,1105.0,170.0,120.0,361.0,1,1,1.0
50,2,1245.0,183.0,118.0,357.0,1,1,1.0
50,3,110.0,584.0,344.0,263.0,1,1,1.0
51,1,1101.0,166.0,119.0,357.0,1,1,1.0
51,2,1241.0,178.0,119.0,345.0,1,1,1.0
51,3,110.0,584.0,344.0,263.0,1,1,1.0
52,1,1097.0,163.0,120.0,356.0,1,1,1.0
52,2,1235.0,173.0,122.0,341.0,1,1,1.0
52,3,110.0,584.0,344.0,263.0,1,1,1.0
53,1,1092.0,162.0,121.0,357.0,1,1,1.0
53,2,1232.0,171.0,121.0,342.0,1,1,1.0
53,3,110.0,584.0,344.0,263.0,1,1,1.0
54,1,1088.0,161.0,122.0,357.0,1,1,1.0
54,2,1229.0,169.0,123.0,343.0,1,1,1.0
54,3,110.0,584.0,344.0,263.0,1,1,1.0
55,1,1086.0,162.0,121.0,357.0,1,1,1.0
55,2,1228.0,167.0,124.0,345.0,1,1,1.0
55,3,110.0,584.0,344.0,263.0,1,1,1.0
56,1,1085.0,163.0,121.0,357.0,1,1,1.0
56,2,1226.0,167.0,123.0,345.0,1,1,1.0
56,3,110.0,584.0,344.0,263.0,1,1,1.0
57,1,1083.0,162.0,121.0,356.0,1,1,1.0
57,2,1224.0,167.0,123.0,345.0,1,1,1.0
57,3,110.0,584.0,344.0,263.0,1,1,1.0
58,1,1083.0,159.0,119.0,353.0,1,1,1.0
58,2,1221.0,165.0,121.0,345.0,1,1,1.0
58,3,110.0,584.0,344.0,263.0,1,1,1.0
59,1,1083.0,155.0,116.0,350.0,1,1,1.0
59,2,1218.0,162.0,120.0,339.0,1,1,1.0
59,3,110.0,584.0,344.0,263.0,1,1,1.0
60,1,1081.0,151.0,115.0,341.0,1,1,1.0
60,2,1216.0,159.0,118.0,333.0,1,1,1.0
60,3,110.0,584.0,344.0,263.0,1,1,1.0
61,1,1078.0,147.0,115.0,332.0,1,1,1.0
61,2,1216.0,155.0,113.0,323.0,1,1,1.0
61,3,110.0,583.0,344.0,264.0,1,1,1.0
62,1,1075.0,144.0,116.0,329.0,1,1,1.0
62,2,1218.0,151.0,108.0,317.0,1,1,1.0
62,3,110.0,583.0,344.0,264.0,1,1,1.0
63,1,1072.0,142.0,116.0,328.0,1,1,1.0
63,2,1219.0,149.0,104.0,317.0,1,1,1.0
63,3,110.0,583.0,344.0,265.0,1,1,1.0
64,1,1069.0,141.0,116.0,328.0,1,1,1.0
64,2,1215.0,148.0,105.0,317.0,1,1,1.0
64,3,110.0,583.0,344.0,265.0,1,1,1.0
65,1,1066.0,141.0,116.0,328.0,1,1,1.0
65,2,1208.0,147.0,113.0,318.0,1,1,1.0
65,3,110.0,583.0,344.0,264.0,1,1,1.0
66,1,1064.0,142.0,115.0,327.0,1,1,1.0
66,2,1200.0,147.0,120.0,317.0,1,1,1.0
66,3,110.0,583.0,344.0,264.0,1,1,1.0
67,1,1062.0,142.0,112.0,326.0,1,1,1.0
67,2,1198.0,146.0,114.0,318.0,1,1,1.0
67,3,110.0,583.0,344.0,264.0,1,1,1.0
68,1,1061.0,142.0,111.0,323.0,1,1,1.0
68,2,1197.0,146.0,104.0,318.0,1,1,1.0
68,3,110.0,583.0,344.0,264.0,1,1,1.0
69,1,1061.0,139.0,107.0,321.0,1,1,1.0
69,2,1197.0,144.0,101.0,315.0,1,1,1.0
69,3,110.0,583.0,344.0,264.0,1,1,1.0
70,1,1059.0,136.0,105.0,318.0,1,1,1.0
70,2,1196.0,142.0,95.0,310.0,1,1,1.0
70,3,110.0,583.0,344.0,264.0,1,1,1.0
71,1,1058.0,132.0,103.0,310.0,1,1,1.0
71,2,1190.0,139.0,95.0,302.0,1,1,1.0
71,3,110.0,583.0,344.0,264.0,1,1,1.0
72,1,1056.0,128.0,103.0,303.0,1,1,1.0
72,2,1183.0,135.0,101.0,293.0,1,1,1.0
72,3,110.0,583.0,344.0,264.0,1,1,1.0
73,1,1055.0,125.0,104.0,302.0,1,1,1.0
73,2,1177.0,132.0,105.0,292.0,1,1,1.0
73,3,110.0,583.0,344.0,264.0,1,1,1.0
74,1,1055.0,123.0,104.0,303.0,1,1,1.0
74,2,1171.0,130.0,107.0,293.0,1,1,1.0
74,3,110.0,583.0,344.0,264.0,1,1,1.0
75,1,1054.0,123.0,105.0,303.0,1,1,1.0
75,2,1167.0,128.0,108.0,293.0,1,1,1.0
75,3,110.0,583.0,344.0,265.0,1,1,1.0
76,1,1054.0,123.0,106.0,303.0,1,1,1.0
76,2,1163.0,128.0,112.0,294.0,1,1,1.0
76,3,110.0,583.0,344.0,265.0,1,1,1.0
77,1,1055.0,124.0,106.0,302.0,1,1,1.0
77,2,1159.0,128.0,115.0,294.0,1,1,1.0
77,3,110.0,583.0,345.0,265.0,1,1,1.0
78,1,1057.0,124.0,105.0,301.0,1,1,1.0
78,2,1156.0,128.0,108.0,294.0,1,1,1.0
78,3,110.0,583.0,344.0,264.0,1,1,1.0
79,1,1058.0,123.0,103.0,297.0,1,1,1.0
79,2,1153.0,127.0,105.0,295.0,1,1,1.0
79,3,110.0,583.0,344.0,264.0,1,1,1.0
80,1,1059.0,120.0,100.0,294.0,1,1,1.0
80,2,1152.0,125.0,101.0,290.0,1,1,1.0
80,3,110.0,583.0,344.0,264.0,1,1,1.0
81,1,1060.0,117.0,98.0,288.0,1,1,1.0
81,2,1153.0,122.0,98.0,283.0,1,1,1.0
81,3,109.0,583.0,344.0,264.0,1,1,1.0
82,1,1059.0,113.0,96.0,281.0,1,1,1.0
82,2,1154.0,120.0,94.0,275.0,1,1,1.0
82,3,109.0,583.0,345.0,264.0,1,1,1.0
83,1,1058.0,110.0,94.0,280.0,1,1,1.0
83,2,1153.0,117.0,89.0,271.0,1,1,1.0
83,3,109.0,584.0,345.0,264.0,1,1,1.0
84,1,1055.0,108.0,93.0,279.0,1,1,1.0
84,2,1151.0,115.0,86.0,270.0,1,1,1.0
84,3,109.0,584.0,345.0,264.0,1,1,1.0
85,1,1052.0,107.0,93.0,279.0,1,1,1.0
85,2,1145.0,114.0,88.0,271.0,1,1,1.0
85,3,109.0,584.0,345.0,264.0,1,1,1.0
86,1,1049.0,108.0,93.0,279.0,1,1,1.0
86,2,1140.0,113.0,91.0,272.0,1,1,1.0
86,3,109.0,584.0,344.0,264.0,1,1,1.0
87,1,1044.0,108.0,94.0,278.0,1,1,1.0
87,2,1136.0,113.0,92.0,272.0,1,1,1.0
87,3,109.0,584.0,344.0,264.0,1,1,1.0
88,1,1041.0,109.0,94.0,277.0,1,1,1.0
88,2,1135.0,113.0,89.0,272.0,1,1,1.0
88,3,109.0,584.0,344.0,264.0,1,1,1.0
89,1,1038.0,109.0,93.0,277.0,1,1,1.0
89,2,1133.0,113.0,87.0,272.0,1,1,1.0
89,3,109.0,584.0,344.0,264.0,1,1,1.0
90,1,1037.0,107.0,91.0,274.0,1,1,1.0
90,2,1130.0,113.0,86.0,269.0,1,1,1.0
90,3,109.0,584.0,344.0,264.0,1,1,1.0
91,1,1037.0,104.0,89.0,272.0,1,1,1.0
91,2,1128.0,111.0,85.0,266.0,1,1,1.0
91,3,109.0,584.0,344.0,264.0,1,1,1.0
92,1,1036.0,101.0,87.0,266.0,1,1,1.0
92,2,1127.0,108.0,83.0,261.0,1,1,1.0
92,3,109.0,584.0,344.0,264.0,1,1,1.0
93,1,1034.0,98.0,87.0,260.0,1,1,1.0
93,2,1125.0,105.0,82.0,255.0,1,1,1.0
93,3,109.0,584.0,344.0,264.0,1,1,1.0
94,1,1033.0,95.0,87.0,260.0,1,1,1.0
94,2,1122.0,102.0,84.0,255.0,1,1,1.0
94,3,109.0,584.0,344.0,264.0,1,1,1.0
95,1,1032.0,94.0,87.0,259.0,1,1,1.0
95,2,1120.0,100.0,86.0,255.0,1,1,1.0
95,3,109.0,584.0,344.0,264.0,1,1,1.0
96,1,1031.0,94.0,88.0,260.0,1,1,1.0
96,2,1119.0,100.0,86.0,256.0,1,1,1.0
96,3,109.0,584.0,344.0,264.0,1,1,1.0
97,1,1030.0,94.0,87.0,260.0,1,1,1.0
97,2,1117.0,99.0,86.0,255.0,1,1,1.0
97,3,109.0,584.0,344.0,264.0,1,1,1.0
98,1,1029.0,95.0,87.0,259.0,1,1,1.0
98,2,1116.0,99.0,85.0,255.0,1,1,1.0
98,3,109.0,584.0,343.0,264.0,1,1,1.0
99,1,1028.0,95.0,86.0,259.0,1,1,1.0
99,2,1115.0,99.0,83.0,255.0,1,1,1.0
99,3,110.0,584.0,344.0,264.0,1,1,1.0
100,1,1027.0,95.0,84.0,258.0,1,1,1.0
100,2,1114.0,99.0,83.0,255.0,1,1,1.0
100,3,110.0,584.0,344.0,265.0,1,1,1.0
101,1,1026.0,93.0,83.0,257.0,1,1,1.0
101,2,1114.0,98.0,84.0,252.0,1,1,1.0
101,3,110.0,584.0,344.0,265.0,1,1,1.0
102,1,1025.0,91.0,82.0,254.0,1,1,1.0
102,2,1113.0,96.0,84.0,247.0,1,1,1.0
102,3,110.0,584.0,344.0,265.0,1,1,1.0
103,1,1023.0,89.0,82.0,248.0,1,1,1.0
103,2,1113.0,93.0,84.0,243.0,1,1,1.0
103,3,110.0,584.0,344.0,265.0,1,1,1.0
104,1,1020.0,86.0,81.0,244.0,1,1,1.0
104,2,1113.0,90.0,83.0,240.0,1,1,1.0
104,3,110.0,584.0,345.0,265.0,1,1,1.0
105,1,1017.0,84.0,82.0,243.0,1,1,1.0
105,2,1113.0,89.0,80.0,239.0,1,1,1.0
105,3,110.0,584.0,344.0,265.0,1,1,1.0
106,1,1015.0,83.0,82.0,243.0,1,1,1.0
106,2,1112.0,88.0,77.0,239.0,1,1,1.0
106,3,110.0,584.0,344.0,265.0,1,1,1.0
107,1,1012.0,83.0,83.0,243.0,1,1,1.0
107,2,1111.0,87.0,76.0,240.0,1,1,1.0
107,3,110.0,584.0,344.0,265.0,1,1,1.0
108,1,1010.0,83.0,84.0,242.0,1,1,1.0
108,2,1109.0,88.0,76.0,239.0,1,1,1.0
108,3,110.0,584.0,344.0,265.0,1,1,1.0
109,1,1007.0,84.0,84.0,242.0,1,1,1.0
109,2,1109.0,88.0,73.0,239.0,1,1,1.0
109,3,110.0,584.0,344.0,265.0,1,1,1.0
110,1,1006.0,84.0,83.0,241.0,1,1,1.0
110,2,1108.0,88.0,72.0,238.0,1,1,1.0
110,3,110.0,584.0,344.0,265.0,1,1,1.0
111,1,1004.0,83.0,81.0,239.0,1,1,1.0
111,2,1106.0,88.0,70.0,235.0,1,1,1.0
111,3,110.0,584.0,344.0,265.0,1,1,1.0
112,1,1003.0,81.0,80.0,237.0,1,1,1.0
112,2,1103.0,87.0,71.0,232.0,1,1,1.0
112,3,110.0,584.0,344.0,265.0,1,1,1.0
113,1,1001.0,79.0,79.0,234.0,1,1,1.0
113,2,1099.0,84.0,71.0,227.0,1,1,1.0
113,3,110.0,584.0,344.0,265.0,1,1,1.0
114,1,1000.0,77.0,79.0,229.0,1,1,1.0
114,2,1094.0,82.0,73.0,223.0,1,1,1.0
114,3,110.0,584.0,344.0,266.0,1,1,1.0
115,1,999.0,75.0,79.0,227.0,1,1,1.0
115,2,1091.0,80.0,75.0,223.0,1,1,1.0
115,3,110.0,584.0,345.0,266.0,1,1,1.0
116,1,998.0,73.0,79.0,227.0,1,1,1.0
116,2,1089.0,79.0,77.0,223.0,1,1,1.0
116,3,110.0,584.0,345.0,266.0,1,1,1.0
117,1,996.0,73.0,79.0,227.0,1,1,1.0
117,2,1088.0,78.0,78.0,224.0,1,1,1.0
117,3,110.0,584.0,345.0,266.0,1,1,1.0
118,1,996.0,72.0,80.0,227.0,1,1,1.0
118,2,1087.0,78.0,77.0,224.0,1,1,1.0
118,3,110.0,584.0,345.0,266.0,1,1,1.0
119,1,995.0,72.0,80.0,228.0,1,1,1.0
119,2,1086.0,78.0,77.0,224.0,1,1,1.0
119,3,110.0,584.0,345.0,267.0,1,1,1.0
120,1,996.0,73.0,80.0,227.0,1,1,1.0
120,2,1085.0,78.0,77.0,225.0,1,1,1.0
120,3,110.0,584.0,345.0,267.0,1,1,1.0
121,1,996.0,74.0,79.0,227.0,1,1,1.0
121,2,1084.0,78.0,77.0,224.0,1,1,1.0
121,3,110.0,584.0,344.0,267.0,1,1,1.0
122,1,996.0,73.0,78.0,225.0,1,1,1.0
122,2,1083.0,77.0,77.0,222.0,1,1,1.0
122,3,110.0,584.0,344.0,266.0,1,1,1.0
123,1,996.0,72.0,77.0,224.0,1,1,1.0
123,2,1082.0,75.0,76.0,221.0,1,1,1.0
123,3,110.0,584.0,344.0,266.0,1,1,1.0
124,1,995.0,69.0,76.0,221.0,1,1,1.0
124,2,1082.0,74.0,74.0,216.0,1,1,1.0
124,3,110.0,584.0,344.0,265.0,1,1,1.0
125,1,994.0,68.0,76.0,216.0,1,1,1.0
125,2,1082.0,73.0,71.0,211.0,1,1,1.0
125,3,110.0,584.0,344.0,265.0,1,1,1.0
126,1,993.0,66.0,76.0,215.0,1,1,1.0
126,2,1082.0,72.0,68.0,209.0,1,1,1.0
126,3,110.0,584.0,344.0,265.0,1,1,1.0
127,1,991.0,65.0,76.0,215.0,1,1,1.0
127,2,1082.0,71.0,66.0,210.0,1,1,1.0
127,3,110.0,584.0,344.0,265.0,1,1,1.0
128,1,989.0,65.0,77.0,215.0,1,1,1.0
128,2,1082.0,70.0,64.0,210.0,1,1,1.0
128,3,110.0,584.0,343.0,265.0,1,1,1.0
129,1,988.0,65.0,77.0,215.0,1,1,1.0
129,2,1080.0,70.0,65.0,210.0,1,1,1.0
129,3,110.0,584.0,344.0,265.0,1,1,1.0
130,1,987.0,66.0,77.0,214.0,1,1,1.0
130,2,1079.0,70.0,64.0,210.0,1,1,1.0
130,3,110.0,584.0,344.0,265.0,1,1,1.0
131,1,986.0,66.0,76.0,214.0,1,1,1.0
131,2,1079.0,69.0,64.0,210.0,1,1,1.0
131,3,110.0,584.0,344.0,265.0,1,1,1.0
132,1,985.0,66.0,76.0,213.0,1,1,1.0
132,2,1078.0,69.0,63.0,210.0,1,1,1.0
132,3,110.0,584.0,344.0,266.0,1,1,1.0
133,1,984.0,64.0,76.0,212.0,1,1,1.0
133,2,1076.0,68.0,63.0,208.0,1,1,1.0
133,3,110.0,584.0,344.0,266.0,1,1,1.0
134,1,983.0,62.0,75.0,210.0,1,1,1.0
134,2,1072.0,66.0,64.0,205.0,1,1,1.0
134,3,110.0,584.0,344.0,266.0,1,1,1.0
135,1,983.0,61.0,73.0,205.0,1,1,1.0
135,2,1068.0,65.0,65.0,200.0,1,1,1.0
135,3,110.0,584.0,344.0,265.0,1,1,1.0
136,1,983.0,59.0,72.0,203.0,1,1,1.0
136,2,1064.0,63.0,67.0,199.0,1,1,1.0
136,3,110.0,584.0,344.0,266.0,1,1,1.0
137,1,982.0,57.0,71.0,203.0,1,1,1.0
137,2,1063.0,61.0,68.0,200.0,1,1,1.0
137,3,110.0,584.0,344.0,266.0,1,1,1.0
138,1,982.0,56.0,72.0,203.0,1,1,1.0
138,2,1061.0,60.0,69.0,200.0,1,1,1.0
138,3,110.0,584.0,344.0,266.0,1,1,1.0
139,1,983.0,56.0,72.0,203.0,1,1,1.0
139,2,1060.0,60.0,70.0,200.0,1,1,1.0
139,3,110.0,584.0,344.0,266.0,1,1,1.0
140,1,983.0,57.0,72.0,202.0,1,1,1.0
140,2,1058.0,60.0,71.0,200.0,1,1,1.0
140,3,110.0,584.0,344.0,265.0,1,1,1.0
141,1,984.0,58.0,71.0,201.0,1,1,1.0
141,2,1055.0,61.0,73.0,200.0,1,1,1.0
141,3,110.0,584.0,344.0,268.0,1,1,1.0
142,1,985.0,59.0,70.0,200.0,1,1,1.0
142,2,1053.0,61.0,73.0,200.0,1,1,1.0
142,3,110.0,583.0,344.0,268.0,1,1,1.0
143,1,986.0,58.0,70.0,199.0,1,1,1.0
143,2,1053.0,61.0,72.0,199.0,1,1,1.0
143,3,110.0,583.0,344.0,269.0,1,1,1.0
144,1,987.0,56.0,69.0,199.0,1,1,1.0
144,2,1055.0,60.0,68.0,197.0,1,1,1.0
144,3,110.0,583.0,344.0,269.0,1,1,1.0
145,1,987.0,55.0,69.0,196.0,1,1,1.0
145,2,1055.0,58.0,66.0,195.0,1,1,1.0
145,3,110.0,583.0,344.0,269.0,1,1,1.0
146,1,986.0,53.0,68.0,193.0,1,1,1.0
146,2,1055.0,57.0,65.0,190.0,1,1,1.0
146,3,110.0,583.0,344.0,268.0,1,1,1.0
147,1,986.0,52.0,68.0,192.0,1,1,1.0
147,2,1054.0,55.0,64.0,189.0,1,1,1.0
147,3,110.0,584.0,344.0,268.0,1,1,1.0
148,1,985.0,51.0,68.0,191.0,1,1,1.0
148,2,1053.0,54.0,63.0,189.0,1,1,1.0
148,3,110.0,584.0,344.0,268.0,1,1,1.0
149,1,983.0,50.0,69.0,191.0,1,1,1.0
149,2,1052.0,53.0,62.0,189.0,1,1,1.0
149,3,110.0,584.0,344.0,269.0,1,1,1.0
150,1,982.0,51.0,70.0,191.0,1,1,1.0
150,2,1052.0,53.0,60.0,189.0,1,1,1.0
150,3,110.0,584.0,344.0,269.0,1,1,1.0
151,1,982.0,51.0,69.0,190.0,1,1,1.0
151,2,1050.0,53.0,61.0,189.0,1,1,1.0
151,3,110.0,584.0,344.0,270.0,1,1,1.0
152,1,981.0,52.0,69.0,190.0,1,1,1.0
152,2,1049.0,54.0,61.0,188.0,1,1,1.0
152,3,110.0,584.0,344.0,269.0,1,1,1.0
153,1,980.0,52.0,68.0,189.0,1,1,1.0
153,2,1048.0,54.0,60.0,188.0,1,1,1.0
153,3,110.0,584.0,344.0,269.0,1,1,1.0
154,1,979.0,51.0,68.0,188.0,1,1,1.0
154,2,1045.0,55.0,60.0,186.0,1,1,1.0
154,3,110.0,584.0,344.0,269.0,1,1,1.0
155,1,978.0,50.0,67.0,188.0,1,1,1.0
155,2,1044.0,54.0,60.0,185.0,1,1,1.0
155,3,110.0,583.0,345.0,269.0,1,1,1.0
156,1,977.0,48.0,66.0,185.0,1,1,1.0
156,2,1041.0,53.0,61.0,181.0,1,1,1.0
156,3,110.0,583.0,344.0,269.0,1,1,1.0
157,1,977.0,46.0,65.0,182.0,1,1,1.0
157,2,1040.0,52.0,60.0,178.0,1,1,1.0
157,3,110.0,583.0,344.0,269.0,1,1,1.0
158,1,977.0,45.0,65.0,182.0,1,1,1.0
158,2,1039.0,50.0,60.0,178.0,1,1,1.0
158,3,110.0,583.0,344.0,269.0,1,1,1.0
159,1,977.0,44.0,64.0,182.0,1,1,1.0
159,2,1039.0,49.0,60.0,179.0,1,1,1.0
160,1,979.0,44.0,63.0,182.0,1,1,1.0
160,2,1038.0,49.0,60.0,179.0,1,1,1.0
161,1,980.0,44.0,61.0,182.0,1,1,1.0
161,2,1038.0,49.0,59.0,178.0,1,1,1.0
162,1,981.0,45.0,60.0,182.0,1,1,1.0
162,2,1038.0,49.0,58.0,178.0,1,1,1.0
163,1,982.0,45.0,59.0,181.0,1,1,1.0
163,2,1038.0,50.0,57.0,177.0,1,1,1.0
163,3,110.0,583.0,339.0,266.0,1,1,1.0
164,1,983.0,46.0,58.0,180.0,1,1,1.0
164,2,1038.0,51.0,56.0,177.0,1,1,1.0
165,1,983.0,45.0,57.0,179.0,1,1,1.0
165,2,1037.0,50.0,56.0,177.0,1,1,1.0
166,1,983.0,44.0,57.0,178.0,1,1,1.0
166,2,1037.0,49.0,56.0,175.0,1,1,1.0
166,3,110.0,582.0,334.0,266.0,1,1,1.0
167,1,982.0,43.0,56.0,175.0,1,1,1.0
167,2,1036.0,48.0,57.0,172.0,1,1,1.0
167,3,109.0,582.0,333.0,266.0,1,1,1.0
168,1,981.0,41.0,58.0,174.0,1,1,1.0
168,2,1035.0,46.0,58.0,170.0,1,1,1.0
169,1,979.0,40.0,59.0,174.0,1,1,1.0
169,2,1035.0,45.0,57.0,170.0,1,1,1.0
170,1,977.0,40.0,60.0,173.0,1,1,1.0
170,2,1035.0,44.0,57.0,170.0,1,1,1.0
170,3,110.0,582.0,338.0,267.0,1,1,1.0
171,1,975.0,41.0,62.0,173.0,1,1,1.0
171,2,1034.0,44.0,57.0,170.0,1,1,1.0
171,3,110.0,582.0,338.0,267.0,1,1,1.0
172,1,973.0,41.0,65.0,172.0,1,1,1.0
172,2,1035.0,44.0,57.0,170.0,1,1,1.0
172,3,110.0,582.0,339.0,267.0,1,1,1.0
173,1,971.0,42.0,66.0,172.0,1,1,1.0
173,2,1034.0,45.0,58.0,169.0,1,1,1.0
173,3,110.0,582.0,339.0,267.0,1,1,1.0
174,1,970.0,42.0,65.0,171.0,1,1,1.0
174,2,1032.0,45.0,60.0,169.0,1,1,1.0
174,3,110.0,582.0,339.0,267.0,1,1,1.0
175,1,970.0,42.0,63.0,171.0,1,1,1.0
175,2,1031.0,46.0,61.0,169.0,1,1,1.0
175,3,110.0,582.0,339.0,267.0,1,1,1.0
176,1,970.0,41.0,61.0,170.0,1,1,1.0
176,2,1030.0,45.0,62.0,168.0,1,1,1.0
176,3,110.0,582.0,340.0,266.0,1,1,1.0
177,1,970.0,38.0,59.0,169.0,1,1,1.0
177,2,1029.0,44.0,58.0,166.0,1,1,1.0
177,3,110.0,582.0,339.0,266.0,1,1,1.0
178,1,970.0,36.0,57.0,167.0,1,1,1.0
178,2,1028.0,43.0,56.0,163.0,1,1,1.0
178,3,110.0,583.0,339.0,265.0,1,1,1.0
179,1,969.0,35.0,57.0,167.0,1,1,1.0
179,2,1027.0,42.0,55.0,162.0,1,1,1.0
179,3,110.0,583.0,339.0,265.0,1,1,1.0
180,1,968.0,34.0,58.0,167.0,1,1,1.0
180,2,1027.0,41.0,55.0,162.0,1,1,1.0
180,3,110.0,583.0,340.0,265.0,1,1,1.0
181,1,967.0,34.0,58.0,167.0,1,1,1.0
181,2,1026.0,41.0,56.0,162.0,1,1,1.0
181,3,109.0,583.0,340.0,265.0,1,1,1.0
182,1,966.0,34.0,59.0,166.0,1,1,1.0
182,2,1026.0,41.0,56.0,161.0,1,1,1.0
182,3,109.0,583.0,340.0,264.0,1,1,1.0
183,1,966.0,35.0,59.0,166.0,1,1,1.0
183,2,1026.0,41.0,55.0,161.0,1,1,1.0
183,3,109.0,583.0,340.0,264.0,1,1,1.0
184,1,966.0,36.0,59.0,165.0,1,1,1.0
184,2,1025.0,41.0,55.0,161.0,1,1,1.0
184,3,109.0,583.0,340.0,264.0,1,1,1.0
185,1,966.0,36.0,59.0,164.0,1,1,1.0
185,2,1025.0,41.0,55.0,161.0,1,1,1.0
185,3,109.0,583.0,340.0,265.0,1,1,1.0
186,1,966.0,37.0,59.0,163.0,1,1,1.0
186,2,1025.0,41.0,55.0,161.0,1,1,1.0
186,3,109.0,583.0,339.0,265.0,1,1,1.0
187,1,966.0,36.0,58.0,163.0,1,1,1.0
187,2,1025.0,41.0,55.0,159.0,1,1,1.0
187,3,109.0,583.0,339.0,265.0,1,1,1.0
188,1,966.0,35.0,57.0,160.0,1,1,1.0
188,2,1026.0,40.0,54.0,156.0,1,1,1.0
188,3,109.0,583.0,339.0,265.0,1,1,1.0
189,1,965.0,34.0,57.0,158.0,1,1,1.0
189,2,1025.0,39.0,55.0,155.0,1,1,1.0
189,3,109.0,583.0,339.0,265.0,1,1,1.0
190,1,965.0,32.0,57.0,159.0,1,1,1.0
190,2,1025.0,38.0,53.0,155.0,1,1,1.0
190,3,109.0,582.0,339.0,265.0,1,1,1.0
191,1,964.0,31.0,57.0,159.0,1,1,1.0
191,2,1026.0,37.0,51.0,156.0,1,1,1.0
191,3,109.0,582.0,339.0,265.0,1,1,1.0
192,1,963.0,31.0,57.0,158.0,1,1,1.0
192,2,1026.0,36.0,51.0,155.0,1,1,1.0
192,3,109.0,582.0,339.0,265.0,1,1,1.0
193,1,962.0,32.0,58.0,158.0,1,1,1.0
193,2,1026.0,36.0,54.0,155.0,1,1,1.0
193,3,109.0,582.0,339.0,265.0,1,1,1.0
194,1,961.0,33.0,58.0,157.0,1,1,1.0
194,2,1025.0,37.0,51.0,155.0,1,1,1.0
194,3,109.0,583.0,339.0,265.0,1,1,1.0
195,1,960.0,33.0,58.0,157.0,1,1,1.0
195,2,1025.0,38.0,50.0,154.0,1,1,1.0
195,3,109.0,583.0,339.0,265.0,1,1,1.0
196,1,959.0,34.0,58.0,156.0,1,1,1.0
196,2,1024.0,38.0,50.0,154.0,1,1,1.0
196,3,109.0,583.0,339.0,265.0,1,1,1.0
197,1,959.0,33.0,57.0,156.0,1,1,1.0
197,2,1022.0,38.0,52.0,153.0,1,1,1.0
197,3,109.0,583.0,339.0,265.0,1,1,1.0
198,1,958.0,32.0,56.0,155.0,1,1,1.0
198,3,109.0,583.0,339.0,265.0,1,1,1.0
199,1,958.0,31.0,56.0,152.0,1,1,1.0
199,2,1019.0,37.0,51.0,148.0,1,1,1.0
199,3,109.0,583.0,339.0,265.0,1,1,1.0
200,1,958.0,30.0,57.0,152.0,1,1,1.0
200,2,1017.0,36.0,52.0,148.0,1,1,1.0
200,3,109.0,583.0,339.0,265.0,1,1,1.0
201,1,958.0,29.0,56.0,153.0,1,1,1.0
201,2,1014.0,35.0,54.0,148.0,1,1,1.0
201,3,109.0,584.0,338.0,265.0,1,1,1.0
202,1,958.0,29.0,55.0,152.0,1,1,1.0
202,2,1012.0,34.0,54.0,148.0,1,1,1.0
202,3,109.0,584.0,338.0,265.0,1,1,1.0
203,1,958.0,29.0,54.0,152.0,1,1,1.0
203,2,1011.0,34.0,54.0,149.0,1,1,1.0
203,3,109.0,584.0,338.0,265.0,1,1,1.0
204,1,958.0,30.0,54.0,152.0,1,1,1.0
204,2,1009.0,34.0,54.0,149.0,1,1,1.0
204,3,109.0,584.0,338.0,265.0,1,1,1.0
205,1,957.0,31.0,56.0,151.0,1,1,1.0
205,2,1008.0,35.0,54.0,148.0,1,1,1.0
205,3,109.0,584.0,338.0,265.0,1,1,1.0
206,1,957.0,31.0,56.0,150.0,1,1,1.0
206,2,1008.0,35.0,53.0,147.0,1,1,1.0
206,3,109.0,584.0,338.0,265.0,1,1,1.0
207,1,958.0,31.0,55.0,150.0,1,1,1.0
207,2,1009.0,36.0,52.0,147.0,1,1,1.0
207,3,109.0,584.0,338.0,265.0,1,1,1.0
208,1,960.0,31.0,53.0,148.0,1,1,1.0
208,2,1009.0,35.0,52.0,147.0,1,1,1.0
208,3,109.0,584.0,338.0,265.0,1,1,1.0
209,1,961.0,31.0,51.0,146.0,1,1,1.0
209,2,1009.0,34.0,52.0,146.0,1,1,1.0
209,3,109.0,584.0,338.0,265.0,1,1,1.0
210,1,962.0,29.0,49.0,145.0,1,1,1.0
210,2,1008.0,33.0,52.0,143.0,1,1,1.0
210,3,109.0,584.0,338.0,265.0,1,1,1.0
211,1,962.0,28.0,50.0,146.0,1,1,1.0
211,2,1007.0,32.0,54.0,143.0,1,1,1.0
211,3,109.0,584.0,339.0,265.0,1,1,1.0
212,1,958.0,27.0,53.0,146.0,1,1,1.0
212,2,1007.0,31.0,53.0,143.0,1,1,1.0
212,3,109.0,584.0,339.0,265.0,1,1,1.0
213,1,958.0,26.0,53.0,146.0,1,1,1.0
213,2,1007.0,31.0,53.0,142.0,1,1,1.0
213,3,109.0,584.0,339.0,265.0,1,1,1.0
214,1,956.0,27.0,54.0,146.0,1,1,1.0
214,2,1008.0,31.0,51.0,142.0,1,1,1.0
214,3,109.0,584.0,339.0,265.0,1,1,1.0
215,1,955.0,28.0,54.0,145.0,1,1,1.0
215,2,1006.0,31.0,50.0,142.0,1,1,1.0
215,3,109.0,584.0,339.0,265.0,1,1,1.0
216,1,956.0,29.0,53.0,144.0,1,1,1.0
216,2,1005.0,32.0,50.0,141.0,1,1,1.0
216,3,109.0,584.0,339.0,265.0,1,1,1.0
217,1,956.0,29.0,53.0,143.0,1,1,1.0
217,2,1003.0,32.0,49.0,141.0,1,1,1.0
217,3,109.0,584.0,339.0,265.0,1,1,1.0
218,1,956.0,29.0,53.0,143.0,1,1,1.0
218,2,1003.0,32.0,47.0,141.0,1,1,1.0
218,3,109.0,584.0,339.0,264.0,1,1,1.0
219,1,956.0,27.0,51.0,142.0,1,1,1.0
219,2,1003.0,32.0,49.0,140.0,1,1,1.0
219,3,109.0,584.0,339.0,265.0,1,1,1.0
220,1,958.0,26.0,48.0,140.0,1,1,1.0
220,2,1003.0,31.0,48.0,138.0,1,1,1.0
220,3,109.0,584.0,339.0,265.0,1,1,1.0
221,1,959.0,25.0,48.0,140.0,1,1,1.0
221,2,1003.0,30.0,47.0,137.0,1,1,1.0
222,1,958.0,24.0,49.0,140.0,1,1,1.0
222,2,1002.0,29.0,47.0,137.0,1,1,1.0
223,1,958.0,24.0,48.0,140.0,1,1,1.0
223,2,1001.0,28.0,47.0,137.0,1,1,1.0
224,1,957.0,24.0,48.0,140.0,1,1,1.0
224,2,1001.0,28.0,47.0,137.0,1,1,1.0
225,1,955.0,25.0,51.0,139.0,1,1,1.0
225,2,1000.0,28.0,47.0,137.0,1,1,1.0
226,1,954.0,26.0,52.0,138.0,1,1,1.0
226,2,1001.0,28.0,46.0,137.0,1,1,1.0
227,1,953.0,26.0,54.0,138.0,1,1,1.0
227,2,1002.0,29.0,44.0,137.0,1,1,1.0
228,1,953.0,26.0,56.0,137.0,1,1,1.0
228,2,1005.0,29.0,41.0,136.0,1,1,1.0
229,1,953.0,26.0,57.0,136.0,1,1,1.0
229,2,1006.0,29.0,41.0,135.0,1,1,1.0
230,1,953.0,24.0,57.0,134.0,1,1,1.0
230,2,1005.0,29.0,43.0,133.0,1,1,1.0
231,1,953.0,23.0,56.0,134.0,1,1,1.0
231,2,1004.0,27.0,44.0,132.0,1,1,1.0
232,1,953.0,22.0,55.0,135.0,1,1,1.0
232,2,1004.0,26.0,44.0,132.0,1,1,1.0
233,1,952.0,21.0,54.0,135.0,1,1,1.0
233,2,1003.0,25.0,45.0,132.0,1,1,1.0
234,1,951.0,21.0,51.0,134.0,1,1,1.0
234,2,1001.0,25.0,46.0,132.0,1,1,1.0
235,1,951.0,22.0,49.0,134.0,1,1,1.0
235,2,999.0,25.0,49.0,132.0,1,1,1.0
236,1,949.0,23.0,49.0,133.0,1,1,1.0
236,2,997.0,26.0,50.0,132.0,1,1,1.0
237,1,948.0,25.0,50.0,131.0,1,1,1.0
237,2,996.0,26.0,49.0,132.0,1,1,1.0
238,1,947.0,25.0,51.0,130.0,1,1,1.0
238,2,996.0,26.0,47.0,131.0,1,1,1.0
239,1,946.0,24.0,47.0,131.0,1,1,1.0
240,1,946.0,23.0,48.0,130.0,1,1,1.0
241,1,945.0,21.0,48.0,129.0,1,1,1.0
241,2,997.0,25.0,45.0,127.0,1,1,1.0
241,3,110.0,583.0,338.0,265.0,1,1,1.0
242,1,943.0,20.0,49.0,129.0,1,1,1.0
242,2,996.0,23.0,44.0,127.0,1,1,1.0
242,3,110.0,583.0,338.0,265.0,1,1,1.0
243,1,942.0,20.0,50.0,129.0,1,1,1.0
243,2,996.0,22.0,45.0,128.0,1,1,1.0
243,3,110.0,583.0,338.0,265.0,1,1,1.0
244,1,940.0,20.0,50.0,129.0,1,1,1.0
244,2,996.0,22.0,46.0,128.0,1,1,1.0
244,3,110.0,583.0,338.0,265.0,1,1,1.0
245,1,939.0,20.0,51.0,129.0,1,1,1.0
245,2,995.0,22.0,47.0,128.0,1,1,1.0
245,3,110.0,583.0,338.0,265.0,1,1,1.0
246,1,938.0,20.0,52.0,128.0,1,1,1.0
246,2,994.0,22.0,48.0,127.0,1,1,1.0
246,3,110.0,583.0,338.0,265.0,1,1,1.0
247,1,937.0,21.0,52.0,128.0,1,1,1.0
247,2,994.0,23.0,48.0,126.0,1,1,1.0
247,3,110.0,583.0,338.0,265.0,1,1,1.0
248,1,937.0,21.0,52.0,128.0,1,1,1.0
248,2,994.0,24.0,47.0,126.0,1,1,1.0
248,3,110.0,583.0,338.0,265.0,1,1,1.0
249,1,937.0,21.0,51.0,127.0,1,1,1.0
249,2,995.0,24.0,47.0,125.0,1,1,1.0
249,3,110.0,584.0,338.0,265.0,1,1,1.0
250,1,938.0,20.0,50.0,127.0,1,1,1.0
250,2,995.0,24.0,47.0,124.0,1,1,1.0
250,3,110.0,584.0,338.0,265.0,1,1,1.0
251,1,940.0,20.0,47.0,125.0,1,1,1.0
251,2,995.0,23.0,46.0,123.0,1,1,1.0
251,3,110.0,583.0,338.0,265.0,1,1,1.0
252,1,940.0,19.0,46.0,124.0,1,1,1.0
252,2,997.0,22.0,45.0,123.0,1,1,1.0
252,3,110.0,583.0,338.0,265.0,1,1,1.0
253,1,940.0,19.0,46.0,124.0,1,1,1.0
253,2,997.0,21.0,44.0,123.0,1,1,1.0
253,3,110.0,584.0,338.0,265.0,1,1,1.0
254,1,939.0,18.0,46.0,124.0,1,1,1.0
254,2,997.0,21.0,44.0,123.0,1,1,1.0
254,3,110.0,584.0,338.0,265.0,1,1,1.0
255,1,938.0,18.0,47.0,124.0,1,1,1.0
255,2,997.0,20.0,43.0,123.0,1,1,1.0
255,3,110.0,584.0,338.0,265.0,1,1,1.0
256,1,937.0,18.0,48.0,123.0,1,1,1.0
256,2,997.0,21.0,42.0,122.0,1,1,1.0
256,3,110.0,584.0,338.0,265.0,1,1,1.0
257,1,936.0,19.0,49.0,123.0,1,1,1.0
257,2,996.0,21.0,41.0,122.0,1,1,1.0
257,3,110.0,583.0,338.0,265.0,1,1,1.0
258,1,935.0,20.0,49.0,122.0,1,1,1.0
258,2,996.0,21.0,41.0,121.0,1,1,1.0
258,3,110.0,583.0,338.0,265.0,1,1,1.0
259,1,935.0,20.0,49.0,122.0,1,1,1.0
259,2,995.0,22.0,40.0,121.0,1,1,1.0
259,3,110.0,583.0,338.0,265.0,1,1,1.0
260,1,934.0,20.0,49.0,121.0,1,1,1.0
260,2,994.0,22.0,40.0,121.0,1,1,1.0
260,3,110.0,583.0,338.0,265.0,1,1,1.0
261,1,935.0,19.0,46.0,119.0,1,1,1.0
261,2,992.0,21.0,41.0,120.0,1,1,1.0
261,3,110.0,584.0,338.0,264.0,1,1,1.0
262,1,935.0,18.0,45.0,118.0,1,1,1.0
262,2,991.0,21.0,41.0,118.0,1,1,1.0
262,3,110.0,584.0,339.0,263.0,1,1,1.0
263,1,936.0,17.0,44.0,118.0,1,1,1.0
263,2,989.0,21.0,42.0,117.0,1,1,1.0
263,3,110.0,584.0,339.0,263.0,1,1,1.0
264,1,936.0,16.0,43.0,119.0,1,1,1.0
264,2,989.0,20.0,42.0,117.0,1,1,1.0
264,3,110.0,584.0,339.0,263.0,1,1,1.0
265,1,936.0,16.0,43.0,119.0,1,1,1.0
265,2,988.0,19.0,42.0,117.0,1,1,1.0
265,3,110.0,584.0,339.0,263.0,1,1,1.0
266,1,936.0,16.0,43.0,119.0,1,1,1.0
266,2,988.0,19.0,42.0,117.0,1,1,1.0
266,3,110.0,584.0,339.0,263.0,1,1,1.0
267,1,936.0,17.0,43.0,118.0,1,1,1.0
267,2,987.0,19.0,43.0,117.0,1,1,1.0
267,3,110.0,584.0,339.0,263.0,1,1,1.0
268,1,936.0,17.0,44.0,118.0,1,1,1.0
268,2,985.0,19.0,44.0,116.0,1,1,1.0
268,3,110.0,584.0,339.0,263.0,1,1,1.0
269,1,937.0,18.0,44.0,118.0,1,1,1.0
269,2,985.0,20.0,44.0,116.0,1,1,1.0
269,3,110.0,584.0,339.0,263.0,1,1,1.0
270,1,938.0,17.0,44.0,118.0,1,1,1.0
270,2,984.0,20.0,44.0,116.0,1,1,1.0
270,3,110.0,584.0,339.0,263.0,1,1,1.0
271,1,939.0,17.0,44.0,117.0,1,1,1.0
271,2,984.0,20.0,44.0,115.0,1,1,1.0
271,3,110.0,584.0,339.0,263.0,1,1,1.0
272,1,940.0,16.0,43.0,116.0,1,1,1.0
272,2,984.0,20.0,43.0,114.0,1,1,1.0
272,3,110.0,584.0,339.0,264.0,1,1,1.0
273,1,940.0,15.0,42.0,115.0,1,1,1.0
273,2,984.0,20.0,42.0,113.0,1,1,1.0
273,3,110.0,584.0,339.0,264.0,1,1,1.0
274,1,940.0,15.0,42.0,115.0,1,1,1.0
274,2,985.0,19.0,40.0,113.0,1,1,1.0
274,3,110.0,584.0,339.0,263.0,1,1,1.0
275,1,940.0,14.0,43.0,115.0,1,1,1.0
275,2,985.0,18.0,39.0,114.0,1,1,1.0
275,3,110.0,584.0,339.0,263.0,1,1,1.0
276,1,939.0,14.0,45.0,115.0,1,1,1.0
276,2,984.0,17.0,39.0,114.0,1,1,1.0
276,3,110.0,584.0,339.0,263.0,1,1,1.0
277,1,939.0,15.0,46.0,115.0,1,1,1.0
277,2,984.0,17.0,38.0,114.0,1,1,1.0
277,3,110.0,584.0,339.0,263.0,1,1,1.0
278,1,939.0,15.0,45.0,114.0,1,1,1.0
278,2,983.0,17.0,36.0,114.0,1,1,1.0
278,3,110.0,584.0,339.0,263.0,1,1,1.0
279,1,939.0,16.0,45.0,114.0,1,1,1.0
279,2,983.0,18.0,36.0,113.0,1,1,1.0
279,3,110.0,584.0,339.0,263.0,1,1,1.0
280,1,938.0,16.0,45.0,113.0,1,1,1.0
280,2,982.0,18.0,35.0,113.0,1,1,1.0
280,3,110.0,584.0,339.0,263.0,1,1,1.0
281,1,938.0,16.0,44.0,113.0,1,1,1.0
281,2,980.0,18.0,36.0,112.0,1,1,1.0
281,3,110.0,584.0,339.0,263.0,1,1,1.0
282,1,938.0,15.0,43.0,112.0,1,1,1.0
282,2,979.0,17.0,36.0,111.0,1,1,1.0
282,3,110.0,584.0,339.0,263.0,1,1,1.0
283,1,939.0,15.0,42.0,111.0,1,1,1.0
283,2,978.0,17.0,36.0,110.0,1,1,1.0
283,3,110.0,584.0,338.0,263.0,1,1,1.0
284,1,939.0,13.0,41.0,111.0,1,1,1.0
284,2,977.0,16.0,37.0,110.0,1,1,1.0
284,3,110.0,584.0,338.0,263.0,1,1,1.0
285,1,940.0,13.0,40.0,112.0,1,1,1.0
285,2,975.0,15.0,38.0,110.0,1,1,1.0
285,3,110.0,584.0,338.0,263.0,1,1,1.0
286,1,941.0,12.0,38.0,112.0,1,1,1.0
286,2,974.0,15.0,39.0,110.0,1,1,1.0
286,3,110.0,584.0,339.0,263.0,1,1,1.0
287,1,942.0,12.0,38.0,111.0,1,1,1.0
287,2,973.0,15.0,40.0,110.0,1,1,1.0
287,3,110.0,584.0,339.0,263.0,1,1,1.0
288,1,942.0,13.0,37.0,111.0,1,1,1.0
288,2,973.0,15.0,40.0,110.0,1,1,1.0
288,3,110.0,584.0,339.0,263.0,1,1,1.0
289,1,942.0,14.0,38.0,110.0,1,1,1.0
289,2,974.0,15.0,38.0,109.0,1,1,1.0
289,3,110.0,584.0,339.0,263.0,1,1,1.0
290,1,942.0,14.0,39.0,110.0,1,1,1.0
290,2,974.0,16.0,37.0,109.0,1,1,1.0
290,3,110.0,584.0,339.0,263.0,1,1,1.0
291,1,942.0,14.0,40.0,110.0,1,1,1.0
291,2,975.0,16.0,37.0,109.0,1,1,1.0
291,3,110.0,584.0,339.0,263.0,1,1,1.0
292,1,943.0,13.0,39.0,110.0,1,1,1.0
292,2,975.0,16.0,37.0,108.0,1,1,1.0
292,3,110.0,584.0,339.0,263.0,1,1,1.0
293,1,943.0,12.0,40.0,109.0,1,1,1.0
293,2,976.0,15.0,36.0,108.0,1,1,1.0
293,3,110.0,584.0,339.0,263.0,1,1,1.0
294,1,943.0,11.0,40.0,109.0,1,1,1.0
294,2,976.0,14.0,36.0,107.0,1,1,1.0
294,3,110.0,584.0,339.0,263.0,1,1,1.0
295,1,943.0,11.0,40.0,109.0,1,1,1.0
295,2,977.0,14.0,35.0,107.0,1,1,1.0
295,3,110.0,584.0,339.0,263.0,1,1,1.0
296,1,942.0,10.0,39.0,108.0,1,1,1.0
296,2,976.0,13.0,35.0,107.0,1,1,1.0
296,3,110.0,584.0,339.0,263.0,1,1,1.0
297,1,942.0,10.0,38.0,108.0,1,1,1.0
297,2,975.0,13.0,36.0,107.0,1,1,1.0
297,3,110.0,585.0,339.0,263.0,1,1,1.0
298,1,941.0,11.0,37.0,108.0,1,1,1.0
298,2,974.0,13.0,37.0,107.0,1,1,1.0
298,3,110.0,585.0,338.0,262.0,1,1,1.0
299,1,939.0,11.0,38.0,107.0,1,1,1.0
299,2,973.0,12.0,37.0,107.0,1,1,1.0
299,3,110.0,585.0,338.0,262.0,1,1,1.0
300,1,938.0,11.0,37.0,107.0,1,1,1.0
300,2,973.0,13.0,37.0,107.0,1,1,1.0
300,3,110.0,585.0,339.0,262.0,1,1,1.0
301,1,937.0,11.0,38.0,106.0,1,1,1.0
301,2,972.0,13.0,38.0,107.0,1,1,1.0
301,3,110.0,584.0,338.0,262.0,1,1,1.0
302,1,937.0,12.0,38.0,106.0,1,1,1.0
302,2,972.0,13.0,38.0,106.0,1,1,1.0
302,3,110.0,584.0,337.0,262.0,1,1,1.0
303,1,937.0,11.0,37.0,106.0,1,1,1.0
303,2,972.0,13.0,37.0,106.0,1,1,1.0
303,3,110.0,584.0,337.0,263.0,1,1,1.0
304,1,937.0,9.0,36.0,106.0,1,1,1.0
304,2,972.0,13.0,37.0,105.0,1,1,1.0
304,3,110.0,584.0,338.0,262.0,1,1,1.0
305,1,937.0,8.0,35.0,106.0,1,1,1.0
305,2,972.0,13.0,36.0,104.0,1,1,1.0
305,3,110.0,584.0,338.0,262.0,1,1,1.0
306,1,937.0,8.0,35.0,106.0,1,1,1.0
306,2,972.0,12.0,37.0,103.0,1,1,1.0
306,3,110.0,584.0,338.0,262.0,1,1,1.0
307,1,937.0,8.0,35.0,106.0,1,1,1.0
307,2,971.0,12.0,37.0,103.0,1,1,1.0
307,3,110.0,584.0,338.0,262.0,1,1,1.0
308,1,937.0,8.0,35.0,105.0,1,1,1.0
308,2,971.0,12.0,37.0,103.0,1,1,1.0
308,3,110.0,584.0,338.0,262.0,1,1,1.0
309,1,937.0,8.0,34.0,105.0,1,1,1.0
309,2,971.0,11.0,37.0,103.0,1,1,1.0
309,3,110.0,584.0,338.0,262.0,1,1,1.0
310,1,938.0,9.0,34.0,104.0,1,1,1.0
310,2,971.0,11.0,37.0,103.0,1,1,1.0
310,3,110.0,584.0,338.0,262.0,1,1,1.0
311,1,938.0,10.0,34.0,104.0,1,1,1.0
311,2,972.0,11.0,36.0,103.0,1,1,1.0
311,3,110.0,584.0,338.0,262.0,1,1,1.0
312,1,939.0,10.0,34.0,103.0,1,1,1.0
312,2,972.0,12.0,36.0,103.0,1,1,1.0
312,3,110.0,584.0,338.0,262.0,1,1,1.0
313,1,940.0,10.0,33.0,103.0,1,1,1.0
313,2,973.0,12.0,37.0,103.0,1,1,1.0
313,3,110.0,584.0,338.0,262.0,1,1,1.0
314,1,940.0,10.0,34.0,102.0,1,1,1.0
314,2,974.0,12.0,37.0,103.0,1,1,1.0
314,3,110.0,584.0,338.0,262.0,1,1,1.0
315,1,941.0,9.0,33.0,101.0,1,1,1.0
315,2,975.0,12.0,36.0,103.0,1,1,1.0
315,3,110.0,584.0,338.0,262.0,1,1,1.0
316,1,941.0,9.0,32.0,101.0,1,1,1.0
316,2,975.0,11.0,36.0,102.0,1,1,1.0
316,3,110.0,584.0,338.0,262.0,1,1,1.0
317,1,941.0,8.0,32.0,101.0,1,1,1.0
317,2,976.0,11.0,35.0,101.0,1,1,1.0
317,3,110.0,584.0,338.0,262.0,1,1,1.0
318,1,941.0,8.0,33.0,101.0,1,1,1.0
318,2,977.0,11.0,36.0,101.0,1,1,1.0
318,3,110.0,584.0,338.0,262.0,1,1,1.0
319,1,941.0,8.0,34.0,101.0,1,1,1.0
319,2,977.0,11.0,38.0,101.0,1,1,1.0
319,3,110.0,584.0,337.0,262.0,1,1,1.0
320,1,941.0,8.0,34.0,102.0,1,1,1.0
320,2,978.0,11.0,38.0,101.0,1,1,1.0
320,3,110.0,584.0,337.0,263.0,1,1,1.0
321,1,941.0,8.0,37.0,101.0,1,1,1.0
321,2,979.0,10.0,36.0,101.0,1,1,1.0
322,1,940.0,8.0,39.0,101.0,1,1,1.0
322,2,981.0,10.0,34.0,101.0,1,1,1.0
323,1,941.0,9.0,38.0,100.0,1,1,1.0
323,2,981.0,10.0,34.0,101.0,1,1,1.0
324,1,942.0,9.0,34.0,100.0,1,1,1.0
324,2,983.0,10.0,31.0,101.0,1,1,1.0
325,1,945.0,9.0,30.0,100.0,1,1,1.0
325,2,985.0,10.0,30.0,101.0,1,1,1.0
326,1,948.0,9.0,28.0,99.0,1,1,1.0
326,2,987.0,10.0,28.0,101.0,1,1,1.0
327,1,949.0,8.0,27.0,99.0,1,1,1.0
327,2,988.0,10.0,30.0,102.0,1,1,1.0
328,1,948.0,8.0,27.0,100.0,1,1,1.0
328,2,989.0,10.0,28.0,101.0,1,1,1.0
329,1,948.0,7.0,29.0,100.0,1,1,1.0
329,2,989.0,11.0,28.0,101.0,1,1,1.0
330,1,948.0,7.0,30.0,100.0,1,1,1.0
330,2,990.0,11.0,29.0,100.0,1,1,1.0
331,1,949.0,7.0,32.0,101.0,1,1,1.0
331,2,991.0,11.0,28.0,100.0,1,1,1.0
332,1,949.0,7.0,34.0,100.0,1,1,1.0
332,2,992.0,11.0,31.0,100.0,1,1,1.0
333,1,950.0,7.0,34.0,100.0,1,1,1.0
333,2,993.0,11.0,36.0,100.0,1,1,1.0
334,1,951.0,8.0,35.0,100.0,1,1,1.0
334,2,993.0,10.0,39.0,100.0,1,1,1.0
335,1,952.0,8.0,36.0,100.0,1,1,1.0
335,2,993.0,10.0,44.0,100.0,1,1,1.0
336,1,952.0,8.0,39.0,100.0,1,1,1.0
336,2,993.0,10.0,48.0,101.0,1,1,1.0
337,1,953.0,8.0,39.0,100.0,1,1,1.0
337,2,992.0,10.0,52.0,101.0,1,1,1.0
338,1,959.0,8.0,34.0,100.0,1,1,1.0
338,2,993.0,11.0,51.0,101.0,1,1,1.0
339,1,964.0,7.0,31.0,101.0,1,1,1.0
339,2,994.0,11.0,48.0,101.0,1,1,1.0
340,1,966.0,8.0,31.0,101.0,1,1,1.0
340,2,998.0,11.0,43.0,101.0,1,1,1.0
341,1,968.0,8.0,33.0,101.0,1,1,1.0
341,2,1001.0,11.0,37.0,101.0,1,1,1.0
341,3,110.0,585.0,339.0,262.0,1,1,1.0
342,1,970.0,8.0,32.0,101.0,1,1,1.0
342,2,1004.0,11.0,32.0,102.0,1,1,1.0
342,3,110.0,585.0,338.0,262.0,1,1,1.0
343,1,972.0,8.0,32.0,101.0,1,1,1.0
343,2,1007.0,11.0,30.0,102.0,1,1,1.0
343,3,110.0,585.0,339.0,262.0,1,1,1.0
344,1,974.0,8.0,32.0,102.0,1,1,1.0
344,2,1009.0,11.0,29.0,101.0,1,1,1.0
344,3,110.0,585.0,339.0,262.0,1,1,1.0
345,1,974.0,8.0,34.0,102.0,1,1,1.0
345,2,1011.0,11.0,32.0,102.0,1,1,1.0
345,3,110.0,585.0,339.0,262.0,1,1,1.0
346,1,976.0,8.0,35.0,103.0,1,1,1.0
346,2,1013.0,11.0,34.0,102.0,1,1,1.0
346,3,110.0,585.0,339.0,263.0,1,1,1.0
347,1,977.0,8.0,35.0,103.0,1,1,1.0
347,2,1014.0,11.0,38.0,103.0,1,1,1.0
347,3,110.0,585.0,339.0,263.0,1,1,1.0
348,1,978.0,8.0,35.0,103.0,1,1,1.0
348,2,1015.0,11.0,39.0,103.0,1,1,1.0
348,3,110.0,585.0,339.0,262.0,1,1,1.0
349,1,980.0,8.0,35.0,103.0,1,1,1.0
349,2,1015.0,11.0,40.0,103.0,1,1,1.0
349,3,110.0,585.0,339.0,262.0,1,1,1.0
350,1,983.0,8.0,35.0,104.0,1,1,1.0
350,2,1016.0,11.0,41.0,103.0,1,1,1.0
350,3,110.0,585.0,339.0,262.0,1,1,1.0
351,1,986.0,8.0,37.0,104.0,1,1,1.0
351,2,1016.0,12.0,42.0,103.0,1,1,1.0
351,3,110.0,585.0,339.0,262.0,1,1,1.0
352,1,988.0,8.0,39.0,105.0,1,1,1.0
352,2,1019.0,12.0,39.0,104.0,1,1,1.0
352,3,110.0,585.0,339.0,262.0,1,1,1.0
353,1,989.0,8.0,39.0,106.0,1,1,1.0
353,2,1019.0,12.0,41.0,104.0,1,1,1.0
353,3,110.0,585.0,339.0,262.0,1,1,1.0
354,1,989.0,8.0,41.0,106.0,1,1,1.0
354,2,1023.0,12.0,40.0,105.0,1,1,1.0
354,3,110.0,585.0,339.0,262.0,1,1,1.0
355,1,989.0,9.0,42.0,106.0,1,1,1.0
355,2,1026.0,12.0,41.0,105.0,1,1,1.0
355,3,110.0,585.0,339.0,262.0,1,1,1.0
356,1,990.0,10.0,43.0,105.0,1,1,1.0
356,2,1029.0,12.0,40.0,105.0,1,1,1.0
356,3,110.0,585.0,339.0,262.0,1,1,1.0
357,1,991.0,10.0,43.0,105.0,1,1,1.0
357,2,1031.0,12.0,40.0,105.0,1,1,1.0
357,3,110.0,585.0,339.0,262.0,1,1,1.0
358,1,994.0,11.0,41.0,106.0,1,1,1.0
358,2,1032.0,12.0,40.0,105.0,1,1,1.0
358,3,110.0,585.0,339.0,262.0,1,1,1.0
359,1,997.0,10.0,39.0,106.0,1,1,1.0
359,2,1034.0,13.0,38.0,105.0,1,1,1.0
359,3,110.0,585.0,339.0,262.0,1,1,1.0
360,1,1000.0,10.0,38.0,107.0,1,1,1.0
360,2,1036.0,13.0,37.0,105.0,1,1,1.0
360,3,110.0,585.0,339.0,262.0,1,1,1.0
361,1,1004.0,10.0,36.0,108.0,1,1,1.0
361,2,1038.0,13.0,35.0,105.0,1,1,1.0
361,3,110.0,585.0,339.0,262.0,1,1,1.0
362,1,1009.0,9.0,32.0,108.0,1,1,1.0
362,2,1040.0,13.0,35.0,105.0,1,1,1.0
362,3,110.0,585.0,339.0,262.0,1,1,1.0
363,1,1012.0,10.0,32.0,108.0,1,1,1.0
363,2,1041.0,14.0,40.0,104.0,1,1,1.0
363,3,110.0,585.0,339.0,262.0,1,1,1.0
364,1,1014.0,10.0,35.0,107.0,1,1,1.0
364,2,1043.0,14.0,43.0,103.0,1,1,1.0
364,3,110.0,585.0,339.0,261.0,1,1,1.0
365,1,1015.0,11.0,38.0,107.0,1,1,1.0
365,2,1042.0,15.0,46.0,104.0,1,1,1.0
365,3,110.0,585.0,339.0,261.0,1,1,1.0
366,1,1015.0,13.0,37.0,106.0,1,1,1.0
366,2,1043.0,16.0,45.0,103.0,1,1,1.0
366,3,110.0,585.0,339.0,261.0,1,1,1.0
367,1,1016.0,14.0,40.0,105.0,1,1,1.0
367,2,1044.0,16.0,46.0,104.0,1,1,1.0
367,3,110.0,585.0,339.0,261.0,1,1,1.0
368,1,1016.0,14.0,41.0,105.0,1,1,1.0
368,2,1046.0,16.0,46.0,105.0,1,1,1.0
368,3,110.0,586.0,339.0,261.0,1,1,1.0
369,1,1018.0,14.0,43.0,106.0,1,1,1.0
369,2,1046.0,16.0,51.0,105.0,1,1,1.0
369,3,110.0,586.0,339.0,261.0,1,1,1.0
370,1,1020.0,14.0,43.0,107.0,1,1,1.0
370,2,1047.0,16.0,52.0,106.0,1,1,1.0
370,3,109.0,586.0,339.0,261.0,1,1,1.0
371,3,109.0,586.0,339.0,261.0,1,1,1.0
372,2,1062.0,15.0,37.0,106.0,1,1,1.0
372,3,109.0,586.0,339.0,261.0,1,1,1.0
373,1,1037.0,12.0,35.0,110.0,1,1,1.0
373,2,1069.0,15.0,30.0,105.0,1,1,1.0
373,3,109.0,586.0,339.0,261.0,1,1,1.0
374,1,1041.0,13.0,34.0,109.0,1,1,1.0
374,2,1073.0,16.0,31.0,105.0,1,1,1.0
374,3,109.0,586.0,339.0,261.0,1,1,1.0
375,1,1043.0,13.0,36.0,109.0,1,1,1.0
375,2,1076.0,16.0,37.0,105.0,1,1,1.0
375,3,109.0,586.0,339.0,261.0,1,1,1.0
376,1,1045.0,15.0,41.0,108.0,1,1,1.0
376,2,1077.0,17.0,45.0,105.0,1,1,1.0
376,3,109.0,586.0,339.0,261.0,1,1,1.0
377,1,1045.0,16.0,44.0,108.0,1,1,1.0
377,2,1077.0,17.0,50.0,106.0,1,1,1.0
377,3,109.0,586.0,339.0,261.0,1,1,1.0
378,1,1046.0,16.0,46.0,108.0,1,1,1.0
378,2,1078.0,18.0,51.0,106.0,1,1,1.0
378,3,109.0,586.0,339.0,261.0,1,1,1.0
379,1,1048.0,17.0,46.0,108.0,1,1,1.0
379,2,1083.0,18.0,46.0,106.0,1,1,1.0
379,3,109.0,586.0,339.0,261.0,1,1,1.0
380,1,1051.0,17.0,45.0,109.0,1,1,1.0
380,3,109.0,586.0,339.0,261.0,1,1,1.0
381,1,1057.0,16.0,40.0,110.0,1,1,1.0
381,2,1085.0,18.0,45.0,107.0,1,1,1.0
381,3,110.0,585.0,339.0,263.0,1,1,1.0
382,1,1065.0,15.0,35.0,110.0,1,1,1.0
382,2,1090.0,17.0,40.0,107.0,1,1,1.0
382,3,110.0,585.0,338.0,263.0,1,1,1.0
383,1,1070.0,15.0,36.0,110.0,1,1,1.0
383,2,1097.0,17.0,38.0,107.0,1,1,1.0
383,3,110.0,585.0,338.0,263.0,1,1,1.0
384,1,1073.0,15.0,35.0,111.0,1,1,1.0
384,2,1101.0,17.0,41.0,107.0,1,1,1.0
384,3,110.0,584.0,338.0,263.0,1,1,1.0
385,1,1075.0,16.0,41.0,110.0,1,1,1.0
385,2,1104.0,17.0,45.0,107.0,1,1,1.0
385,3,110.0,584.0,338.0,263.0,1,1,1.0
386,1,1075.0,17.0,44.0,110.0,1,1,1.0
386,2,1107.0,18.0,48.0,108.0,1,1,1.0
386,3,110.0,584.0,338.0,263.0,1,1,1.0
387,1,1076.0,18.0,49.0,109.0,1,1,1.0
387,2,1110.0,18.0,51.0,108.0,1,1,1.0
387,3,110.0,584.0,338.0,263.0,1,1,1.0
388,1,1076.0,19.0,53.0,109.0,1,1,1.0
388,2,1113.0,19.0,52.0,108.0,1,1,1.0
388,3,110.0,584.0,338.0,263.0,1,1,1.0
389,1,1077.0,18.0,54.0,110.0,1,1,1.0
389,2,1115.0,20.0,52.0,108.0,1,1,1.0
389,3,110.0,584.0,338.0,263.0,1,1,1.0
390,1,1080.0,18.0,53.0,111.0,1,1,1.0
390,2,1116.0,20.0,53.0,109.0,1,1,1.0
390,3,110.0,585.0,338.0,263.0,1,1,1.0
391,2,1117.0,20.0,53.0,109.0,1,1,1.0
391,3,110.0,585.0,338.0,263.0,1,1,1.0
392,1,1093.0,17.0,43.0,112.0,1,1,1.0
392,2,1117.0,20.0,52.0,109.0,1,1,1.0
392,3,110.0,585.0,338.0,263.0,1,1,1.0
393,1,1103.0,17.0,35.0,113.0,1,1,1.0
393,2,1128.0,20.0,39.0,110.0,1,1,1.0
393,3,110.0,585.0,338.0,263.0,1,1,1.0
394,1,1111.0,17.0,32.0,113.0,1,1,1.0
394,2,1135.0,20.0,32.0,110.0,1,1,1.0
394,3,110.0,585.0,338.0,263.0,1,1,1.0
395,1,1113.0,18.0,32.0,113.0,1,1,1.0
395,2,1140.0,20.0,27.0,109.0,1,1,1.0
395,3,110.0,585.0,338.0,263.0,1,1,1.0
396,1,1114.0,19.0,37.0,113.0,1,1,1.0
396,2,1144.0,20.0,30.0,110.0,1,1,1.0
396,3,110.0,585.0,338.0,263.0,1,1,1.0
397,1,1115.0,20.0,42.0,111.0,1,1,1.0
397,2,1145.0,21.0,37.0,110.0,1,1,1.0
397,3,110.0,585.0,338.0,263.0,1,1,1.0
398,1,1116.0,20.0,45.0,113.0,1,1,1.0
398,2,1147.0,21.0,45.0,111.0,1,1,1.0
398,3,110.0,585.0,338.0,263.0,1,1,1.0
399,1,1118.0,21.0,46.0,113.0,1,1,1.0
399,3,110.0,585.0,338.0,263.0,1,1,1.0
400,1,1120.0,21.0,46.0,113.0,1,1,1.0
400,2,1147.0,23.0,52.0,111.0,1,1,1.0
400,3,110.0,585.0,338.0,263.0,1,1,1.0
401,1,1126.0,20.0,43.0,114.0,1,1,1.0
401,2,1148.0,24.0,51.0,110.0,1,1,1.0
401,3,110.0,585.0,338.0,262.0,1,1,1.0
402,1,1134.0,20.0,37.0,114.0,1,1,1.0
402,2,1151.0,24.0,49.0,110.0,1,1,1.0
402,3,110.0,586.0,338.0,261.0,1,1,1.0
403,1,1141.0,20.0,34.0,115.0,1,1,1.0
403,2,1150.0,24.0,50.0,111.0,1,1,1.0
403,3,110.0,586.0,339.0,261.0,1,1,1.0
404,1,1145.0,20.0,33.0,114.0,1,1,1.0
404,2,1162.0,24.0,39.0,110.0,1,1,1.0
404,3,110.0,586.0,339.0,261.0,1,1,1.0
405,1,1147.0,20.0,35.0,114.0,1,1,1.0
405,2,1172.0,24.0,33.0,110.0,1,1,1.0
406,1,1148.0,21.0,40.0,114.0,1,1,1.0
406,2,1176.0,24.0,37.0,110.0,1,1,1.0
406,3,110.0,586.0,338.0,261.0,1,1,1.0
407,1,1148.0,22.0,44.0,113.0,1,1,1.0
407,2,1181.0,25.0,40.0,111.0,1,1,1.0
407,3,110.0,586.0,338.0,261.0,1,1,1.0
408,1,1148.0,23.0,47.0,112.0,1,1,1.0
408,2,1184.0,26.0,43.0,111.0,1,1,1.0
408,3,110.0,586.0,338.0,261.0,1,1,1.0
409,1,1149.0,24.0,50.0,113.0,1,1,1.0
409,2,1185.0,26.0,48.0,112.0,1,1,1.0
409,3,110.0,586.0,338.0,261.0,1,1,1.0
410,1,1150.0,24.0,51.0,113.0,1,1,1.0
410,2,1186.0,27.0,51.0,112.0,1,1,1.0
410,3,110.0,585.0,338.0,261.0,1,1,1.0
411,1,1153.0,24.0,51.0,114.0,1,1,1.0
411,2,1185.0,28.0,56.0,111.0,1,1,1.0
411,3,110.0,585.0,338.0,261.0,1,1,1.0
412,1,1159.0,23.0,47.0,115.0,1,1,1.0
412,2,1187.0,28.0,56.0,111.0,1,1,1.0
412,3,110.0,585.0,338.0,261.0,1,1,1.0
413,1,1166.0,23.0,47.0,116.0,1,1,1.0
413,2,1187.0,28.0,57.0,111.0,1,1,1.0
413,3,110.0,585.0,338.0,261.0,1,1,1.0
414,3,110.0,585.0,338.0,261.0,1,1,1.0
415,1,1180.0,23.0,39.0,117.0,1,1,1.0
415,3,110.0,586.0,338.0,261.0,1,1,1.0
416,3,110.0,586.0,338.0,261.0,1,1,1.0
417,2,1208.0,28.0,40.0,113.0,1,1,1.0
417,3,110.0,586.0,338.0,261.0,1,1,1.0
418,3,110.0,585.0,338.0,261.0,1,1,1.0
419,3,110.0,585.0,338.0,261.0,1,1,1.0
420,3,110.0,585.0,338.0,261.0,1,1,1.0
421,3,110.0,585.0,338.0,260.0,1,1,1.0
422,1,1199.0,27.0,45.0,122.0,1,1,1.0
422,3,110.0,585.0,338.0,260.0,1,1,1.0
423,1,1204.0,27.0,42.0,123.0,1,1,1.0
423,3,110.0,585.0,338.0,260.0,1,1,1.0
424,3,110.0,585.0,338.0,260.0,1,1,1.0
425,3,110.0,585.0,338.0,260.0,1,1,1.0
426,3,110.0,585.0,338.0,260.0,1,1,1.0
427,2,1247.0,31.0,42.0,115.0,1,1,1.0
427,3,110.0,585.0,338.0,260.0,1,1,1.0
428,1,1218.0,30.0,45.0,121.0,1,1,1.0
428,2,1251.0,32.0,40.0,116.0,1,1,1.0
428,3,110.0,585.0,338.0,260.0,1,1,1.0
429,1,1219.0,31.0,49.0,120.0,1,1,1.0
429,2,1256.0,32.0,39.0,117.0,1,1,1.0
429,3,110.0,586.0,338.0,260.0,1,1,1.0
430,1,1220.0,31.0,56.0,121.0,1,1,1.0
430,3,110.0,586.0,338.0,260.0,1,1,1.0
431,3,110.0,586.0,338.0,260.0,1,1,1.0
432,3,110.0,586.0,338.0,260.0,1,1,1.0
433,3,110.0,586.0,338.0,260.0,1,1,1.0
434,3,110.0,585.0,338.0,260.0,1,1,1.0
435,3,110.0,585.0,338.0,260.0,1,1,1.0
436,3,110.0,585.0,338.0,260.0,1,1,1.0
437,3,110.0,585.0,338.0,260.0,1,1,1.0
438,3,110.0,585.0,338.0,260.0,1,1,1.0
439,3,110.0,586.0,338.0,260.0,1,1,1.0
440,3,110.0,586.0,338.0,260.0,1,1,1.0
441,3,110.0,586.0,338.0,261.0,1,1,1.0
442,3,110.0,586.0,338.0,262.0,1,1,1.0
443,3,110.0,586.0,338.0,262.0,1,1,1.0
444,1,1288.0,37.0,40.0,124.0,1,1,1.0
444,3,110.0,586.0,338.0,262.0,1,1,1.0
445,3,110.0,586.0,338.0,262.0,1,1,1.0
446,3,110.0,586.0,338.0,262.0,1,1,1.0
447,3,110.0,586.0,338.0,262.0,1,1,1.0
448,3,110.0,586.0,338.0,262.0,1,1,1.0
449,3,110.0,586.0,338.0,261.0,1,1,1.0
450,1,1300.0,42.0,53.0,120.0,1,1,1.0
450,3,110.0,586.0,338.0,261.0,1,1,1.0
451,3,110.0,586.0,338.0,261.0,1,1,1.0
452,3,110.0,586.0,338.0,261.0,1,1,1.0
453,3,110.0,586.0,338.0,261.0,1,1,1.0
454,3,110.0,586.0,338.0,261.0,1,1,1.0
455,3,110.0,586.0,338.0,261.0,1,1,1.0
456,3,110.0,586.0,338.0,262.0,1,1,1.0
457,3,110.0,586.0,338.0,262.0,1,1,1.0
458,3,110.0,586.0,338.0,262.0,1,1,1.0
459,3,110.0,586.0,338.0,262.0,1,1,1.0
460,3,110.0,586.0,338.0,262.0,1,1,1.0
461,3,110.0,586.0,339.0,262.0,1,1,1.0
462,3,110.0,586.0,339.0,262.0,1,1,1.0
463,3,110.0,586.0,339.0,262.0,1,1,1.0
464,3,110.0,586.0,339.0,262.0,1,1,1.0
465,3,110.0,586.0,339.0,262.0,1,1,1.0
466,3,110.0,586.0,339.0,262.0,1,1,1.0
467,3,110.0,586.0,339.0,261.0,1,1,1.0
468,1,1378.0,50.0,43.0,128.0,1,1,1.0
468,2,1410.0,55.0,33.0,125.0,1,1,1.0
468,3,110.0,586.0,339.0,261.0,1,1,1.0
469,1,1382.0,51.0,43.0,128.0,1,1,1.0
469,3,110.0,586.0,339.0,261.0,1,1,1.0
470,1,1384.0,52.0,45.0,129.0,1,1,1.0
470,3,110.0,586.0,339.0,261.0,1,1,1.0
471,1,1384.0,52.0,49.0,129.0,1,1,1.0
471,2,1417.0,58.0,54.0,127.0,1,1,1.0
471,3,110.0,586.0,339.0,261.0,1,1,1.0
472,1,1385.0,54.0,54.0,131.0,1,1,1.0
472,3,110.0,586.0,339.0,261.0,1,1,1.0
473,2,1423.0,57.0,54.0,130.0,1,1,1.0
473,3,110.0,586.0,339.0,261.0,1,1,1.0
474,3,110.0,586.0,339.0,261.0,1,1,1.0
475,3,110.0,586.0,339.0,261.0,1,1,1.0
476,3,110.0,586.0,339.0,261.0,1,1,1.0
477,3,110.0,586.0,339.0,261.0,1,1,1.0
478,1,1403.0,55.0,50.0,134.0,1,1,1.0
478,3,110.0,586.0,339.0,261.0,1,1,1.0
479,1,1404.0,56.0,52.0,134.0,1,1,1.0
479,3,110.0,586.0,339.0,261.0,1,1,1.0
480,4,1444.0,59.0,40.0,132.0,1,1,1.0
480,1,1404.0,57.0,54.0,135.0,1,1,1.0
480,3,110.0,586.0,339.0,261.0,1,1,1.0
481,4,1444.0,59.0,45.0,134.0,1,1,1.0
481,1,1404.0,57.0,63.0,136.0,1,1,1.0
481,3,110.0,586.0,339.0,261.0,1,1,1.0
482,1,1405.0,58.0,69.0,137.0,1,1,1.0
482,3,110.0,586.0,339.0,261.0,1,1,1.0
483,3,110.0,586.0,339.0,261.0,1,1,1.0
484,3,110.0,586.0,339.0,261.0,1,1,1.0
485,4,1452.0,66.0,40.0,133.0,1,1,1.0
485,1,1416.0,61.0,53.0,136.0,1,1,1.0
485,3,110.0,586.0,339.0,261.0,1,1,1.0
486,4,1453.0,66.0,43.0,134.0,1,1,1.0
486,1,1418.0,61.0,49.0,136.0,1,1,1.0
486,3,110.0,586.0,338.0,261.0,1,1,1.0
487,4,1453.0,66.0,48.0,134.0,1,1,1.0
487,1,1420.0,61.0,47.0,136.0,1,1,1.0
487,3,110.0,586.0,338.0,261.0,1,1,1.0
488,4,1455.0,66.0,48.0,134.0,1,1,1.0
488,1,1422.0,61.0,46.0,136.0,1,1,1.0
488,3,110.0,586.0,338.0,261.0,1,1,1.0
489,4,1459.0,66.0,47.0,134.0,1,1,1.0
489,1,1423.0,61.0,47.0,137.0,1,1,1.0
489,3,110.0,586.0,338.0,261.0,1,1,1.0
490,4,1462.0,66.0,47.0,135.0,1,1,1.0
490,1,1423.0,60.0,47.0,138.0,1,1,1.0
490,3,110.0,586.0,338.0,261.0,1,1,1.0
491,4,1464.0,66.0,49.0,135.0,1,1,1.0
491,1,1423.0,60.0,49.0,140.0,1,1,1.0
491,3,110.0,586.0,338.0,261.0,1,1,1.0
492,4,1465.0,66.0,46.0,136.0,1,1,1.0
492,1,1423.0,60.0,49.0,142.0,1,1,1.0
492,3,110.0,586.0,338.0,261.0,1,1,1.0
493,4,1466.0,66.0,45.0,138.0,1,1,1.0
493,1,1424.0,61.0,48.0,143.0,1,1,1.0
493,3,110.0,586.0,338.0,261.0,1,1,1.0
494,4,1466.0,66.0,45.0,139.0,1,1,1.0
494,1,1424.0,62.0,47.0,142.0,1,1,1.0
494,3,110.0,586.0,338.0,261.0,1,1,1.0
495,4,1466.0,67.0,46.0,139.0,1,1,1.0
495,1,1423.0,63.0,47.0,141.0,1,1,1.0
495,3,110.0,586.0,338.0,262.0,1,1,1.0
496,4,1466.0,68.0,46.0,139.0,1,1,1.0
496,1,1423.0,63.0,47.0,141.0,1,1,1.0
496,3,110.0,586.0,338.0,261.0,1,1,1.0
497,4,1466.0,68.0,46.0,139.0,1,1,1.0
497,1,1423.0,62.0,49.0,141.0,1,1,1.0
497,3,110.0,586.0,338.0,261.0,1,1,1.0
498,4,1467.0,68.0,44.0,139.0,1,1,1.0
498,1,1422.0,62.0,50.0,143.0,1,1,1.0
498,3,110.0,586.0,338.0,261.0,1,1,1.0
499,4,1468.0,68.0,44.0,139.0,1,1,1.0
499,1,1422.0,62.0,50.0,144.0,1,1,1.0
499,3,110.0,586.0,338.0,261.0,1,1,1.0
500,4,1468.0,68.0,44.0,140.0,1,1,1.0
500,1,1421.0,61.0,51.0,144.0,1,1,1.0
500,3,110.0,586.0,338.0,261.0,1,1,1.0
501,4,1467.0,67.0,45.0,141.0,1,1,1.0
501,1,1420.0,61.0,50.0,145.0,1,1,1.0
501,3,110.0,587.0,338.0,261.0,1,1,1.0
502,4,1465.0,66.0,46.0,143.0,1,1,1.0
502,3,110.0,587.0,338.0,260.0,1,1,1.0
503,4,1462.0,67.0,48.0,144.0,1,1,1.0
503,1,1417.0,62.0,47.0,143.0,1,1,1.0
503,3,110.0,587.0,338.0,260.0,1,1,1.0
504,4,1461.0,69.0,49.0,144.0,1,1,1.0
504,1,1412.0,62.0,50.0,143.0,1,1,1.0
504,3,110.0,587.0,338.0,260.0,1,1,1.0
505,4,1462.0,71.0,48.0,144.0,1,1,1.0
505,1,1408.0,62.0,53.0,143.0,1,1,1.0
505,3,110.0,587.0,338.0,260.0,1,1,1.0
506,4,1462.0,71.0,47.0,144.0,1,1,1.0
506,1,1406.0,62.0,53.0,143.0,1,1,1.0
506,3,110.0,587.0,338.0,260.0,1,1,1.0
507,4,1460.0,72.0,51.0,145.0,1,1,1.0
507,1,1405.0,63.0,52.0,143.0,1,1,1.0
507,3,110.0,587.0,338.0,260.0,1,1,1.0
508,4,1461.0,71.0,51.0,145.0,1,1,1.0
508,1,1404.0,63.0,50.0,143.0,1,1,1.0
508,3,110.0,587.0,338.0,260.0,1,1,1.0
509,4,1458.0,71.0,54.0,145.0,1,1,1.0
509,1,1403.0,62.0,47.0,143.0,1,1,1.0
509,3,110.0,587.0,338.0,260.0,1,1,1.0
510,4,1455.0,70.0,55.0,146.0,1,1,1.0
510,1,1400.0,61.0,47.0,144.0,1,1,1.0
510,3,110.0,587.0,338.0,260.0,1,1,1.0
511,4,1453.0,68.0,55.0,147.0,1,1,1.0
511,1,1397.0,60.0,48.0,146.0,1,1,1.0
511,3,110.0,587.0,338.0,260.0,1,1,1.0
512,4,1450.0,68.0,55.0,148.0,1,1,1.0
512,1,1394.0,60.0,50.0,148.0,1,1,1.0
512,3,110.0,587.0,338.0,260.0,1,1,1.0
513,4,1446.0,69.0,57.0,147.0,1,1,1.0
513,1,1390.0,60.0,53.0,149.0,1,1,1.0
513,3,110.0,587.0,338.0,260.0,1,1,1.0
514,4,1439.0,68.0,58.0,148.0,1,1,1.0
514,1,1384.0,60.0,58.0,149.0,1,1,1.0
514,3,110.0,587.0,338.0,260.0,1,1,1.0
515,4,1435.0,70.0,58.0,147.0,1,1,1.0
515,1,1382.0,62.0,58.0,148.0,1,1,1.0
515,3,110.0,587.0,338.0,260.0,1,1,1.0
516,4,1434.0,71.0,57.0,147.0,1,1,1.0
516,1,1380.0,63.0,59.0,148.0,1,1,1.0
516,3,110.0,587.0,338.0,260.0,1,1,1.0
517,4,1434.0,71.0,55.0,147.0,1,1,1.0
517,1,1378.0,63.0,58.0,148.0,1,1,1.0
517,3,110.0,587.0,338.0,260.0,1,1,1.0
518,4,1431.0,71.0,55.0,147.0,1,1,1.0
518,1,1376.0,63.0,57.0,149.0,1,1,1.0
518,3,110.0,586.0,338.0,260.0,1,1,1.0
519,4,1430.0,69.0,53.0,148.0,1,1,1.0
519,1,1376.0,62.0,54.0,150.0,1,1,1.0
519,3,110.0,587.0,338.0,260.0,1,1,1.0
520,4,1426.0,68.0,52.0,149.0,1,1,1.0
520,1,1374.0,60.0,53.0,151.0,1,1,1.0
520,3,110.0,587.0,338.0,260.0,1,1,1.0
521,4,1424.0,66.0,52.0,151.0,1,1,1.0
521,1,1373.0,59.0,52.0,152.0,1,1,1.0
521,3,110.0,586.0,338.0,261.0,1,1,1.0
522,4,1421.0,66.0,52.0,152.0,1,1,1.0
522,1,1372.0,58.0,51.0,153.0,1,1,1.0
522,3,110.0,586.0,338.0,261.0,1,1,1.0
523,4,1419.0,67.0,53.0,153.0,1,1,1.0
523,1,1369.0,58.0,51.0,153.0,1,1,1.0
523,3,110.0,586.0,338.0,261.0,1,1,1.0
524,4,1415.0,68.0,55.0,154.0,1,1,1.0
524,1,1364.0,58.0,53.0,153.0,1,1,1.0
524,3,110.0,586.0,338.0,261.0,1,1,1.0
525,4,1408.0,68.0,60.0,153.0,1,1,1.0
525,1,1356.0,59.0,57.0,153.0,1,1,1.0
525,3,110.0,586.0,338.0,260.0,1,1,1.0
526,4,1404.0,69.0,62.0,153.0,1,1,1.0
526,1,1351.0,60.0,58.0,152.0,1,1,1.0
526,3,110.0,586.0,338.0,260.0,1,1,1.0
527,4,1400.0,69.0,64.0,153.0,1,1,1.0
527,1,1349.0,61.0,57.0,153.0,1,1,1.0
527,3,110.0,586.0,338.0,260.0,1,1,1.0
528,4,1398.0,69.0,63.0,153.0,1,1,1.0
528,1,1348.0,61.0,57.0,153.0,1,1,1.0
528,3,110.0,586.0,338.0,260.0,1,1,1.0
529,4,1396.0,68.0,61.0,154.0,1,1,1.0
529,1,1347.0,60.0,55.0,154.0,1,1,1.0
529,3,110.0,586.0,338.0,261.0,1,1,1.0
530,4,1393.0,67.0,58.0,156.0,1,1,1.0
530,1,1345.0,59.0,53.0,155.0,1,1,1.0
530,3,110.0,586.0,338.0,261.0,1,1,1.0
531,4,1390.0,67.0,54.0,156.0,1,1,1.0
531,1,1341.0,57.0,52.0,156.0,1,1,1.0
531,3,110.0,586.0,338.0,261.0,1,1,1.0
532,4,1387.0,66.0,50.0,156.0,1,1,1.0
532,1,1337.0,56.0,51.0,158.0,1,1,1.0
532,3,110.0,586.0,338.0,261.0,1,1,1.0
533,4,1381.0,66.0,52.0,157.0,1,1,1.0
533,1,1332.0,55.0,53.0,160.0,1,1,1.0
533,3,110.0,586.0,338.0,261.0,1,1,1.0
534,4,1372.0,65.0,58.0,158.0,1,1,1.0
534,1,1326.0,55.0,56.0,161.0,1,1,1.0
534,3,110.0,586.0,338.0,261.0,1,1,1.0
535,4,1367.0,65.0,59.0,159.0,1,1,1.0
535,1,1320.0,56.0,60.0,162.0,1,1,1.0
535,3,110.0,586.0,338.0,261.0,1,1,1.0
536,4,1359.0,66.0,62.0,158.0,1,1,1.0
536,1,1316.0,57.0,61.0,163.0,1,1,1.0
536,3,110.0,586.0,338.0,261.0,1,1,1.0
537,4,1358.0,67.0,60.0,158.0,1,1,1.0
537,1,1312.0,59.0,62.0,160.0,1,1,1.0
537,3,110.0,586.0,338.0,261.0,1,1,1.0
538,4,1353.0,67.0,63.0,158.0,1,1,1.0
538,1,1308.0,59.0,64.0,161.0,1,1,1.0
538,3,110.0,586.0,338.0,261.0,1,1,1.0
539,4,1351.0,68.0,64.0,158.0,1,1,1.0
539,1,1304.0,59.0,64.0,160.0,1,1,1.0
539,3,110.0,586.0,338.0,261.0,1,1,1.0
540,4,1351.0,67.0,60.0,158.0,1,1,1.0
540,1,1302.0,58.0,60.0,161.0,1,1,1.0
540,3,110.0,586.0,338.0,261.0,1,1,1.0
541,4,1349.0,65.0,54.0,160.0,1,1,1.0
541,1,1301.0,56.0,56.0,164.0,1,1,1.0
542,4,1349.0,65.0,50.0,161.0,1,1,1.0
542,1,1301.0,54.0,55.0,165.0,1,1,1.0
543,4,1348.0,65.0,48.0,162.0,1,1,1.0
543,1,1299.0,54.0,56.0,165.0,1,1,1.0
544,4,1345.0,65.0,52.0,163.0,1,1,1.0
544,1,1295.0,54.0,55.0,165.0,1,1,1.0
545,4,1339.0,65.0,59.0,165.0,1,1,1.0
545,1,1287.0,54.0,59.0,165.0,1,1,1.0
546,4,1334.0,66.0,63.0,162.0,1,1,1.0
546,1,1282.0,56.0,59.0,165.0,1,1,1.0
547,4,1326.0,66.0,70.0,164.0,1,1,1.0
547,1,1278.0,58.0,60.0,166.0,1,1,1.0
548,4,1322.0,66.0,71.0,165.0,1,1,1.0
549,4,1320.0,66.0,68.0,166.0,1,1,1.0
550,4,1318.0,65.0,63.0,167.0,1,1,1.0
551,4,1316.0,65.0,56.0,167.0,1,1,1.0
552,4,1311.0,64.0,55.0,168.0,1,1,1.0
553,4,1306.0,64.0,53.0,168.0,1,1,1.0
554,4,1299.0,64.0,53.0,168.0,1,1,1.0
555,4,1294.0,64.0,55.0,168.0,1,1,1.0
555,1,1241.0,54.0,59.0,174.0,1,1,1.0
556,4,1288.0,65.0,56.0,168.0,1,1,1.0
556,1,1235.0,55.0,59.0,174.0,1,1,1.0
557,4,1284.0,66.0,58.0,168.0,1,1,1.0
557,1,1223.0,57.0,69.0,176.0,1,1,1.0
558,4,1282.0,66.0,58.0,168.0,1,1,1.0
558,1,1218.0,58.0,71.0,174.0,1,1,1.0
559,4,1279.0,66.0,59.0,169.0,1,1,1.0
559,1,1215.0,58.0,70.0,174.0,1,1,1.0
560,1,1213.0,57.0,68.0,174.0,1,1,1.0
561,1,1212.0,56.0,66.0,176.0,1,1,1.0
561,3,109.0,586.0,339.0,262.0,1,1,1.0
562,4,1268.0,63.0,52.0,208.0,1,1,1.0
562,1,1211.0,55.0,61.0,177.0,1,1,1.0
562,3,110.0,586.0,339.0,262.0,1,1,1.0
563,1,1210.0,54.0,57.0,177.0,1,1,1.0
563,3,110.0,586.0,339.0,262.0,1,1,1.0
564,4,1262.0,63.0,53.0,214.0,1,1,1.0
564,1,1206.0,53.0,55.0,178.0,1,1,1.0
564,3,110.0,586.0,339.0,262.0,1,1,1.0
565,1,1197.0,54.0,60.0,178.0,1,1,1.0
565,3,110.0,586.0,339.0,262.0,1,1,1.0
566,1,1184.0,55.0,68.0,178.0,1,1,1.0
566,3,110.0,586.0,339.0,262.0,1,1,1.0
567,1,1174.0,56.0,77.0,177.0,1,1,1.0
567,3,110.0,586.0,339.0,262.0,1,1,1.0
568,1,1169.0,58.0,79.0,177.0,1,1,1.0
568,3,110.0,586.0,339.0,262.0,1,1,1.0
569,1,1166.0,58.0,79.0,177.0,1,1,1.0
569,3,110.0,586.0,339.0,262.0,1,1,1.0
570,4,1232.0,67.0,73.0,182.0,1,1,1.0
570,1,1166.0,57.0,78.0,177.0,1,1,1.0
570,3,110.0,586.0,339.0,261.0,1,1,1.0
571,4,1229.0,67.0,71.0,179.0,1,1,1.0
571,1,1165.0,56.0,71.0,179.0,1,1,1.0
571,3,110.0,586.0,339.0,261.0,1,1,1.0
572,4,1228.0,66.0,65.0,179.0,1,1,1.0
572,1,1165.0,54.0,62.0,181.0,1,1,1.0
572,3,110.0,586.0,339.0,261.0,1,1,1.0
573,4,1224.0,64.0,59.0,179.0,1,1,1.0
573,1,1159.0,52.0,60.0,183.0,1,1,1.0
573,3,110.0,586.0,339.0,261.0,1,1,1.0
574,4,1218.0,63.0,58.0,179.0,1,1,1.0
574,1,1151.0,52.0,60.0,185.0,1,1,1.0
574,3,110.0,586.0,339.0,261.0,1,1,1.0
575,4,1212.0,63.0,60.0,181.0,1,1,1.0
575,1,1142.0,53.0,65.0,187.0,1,1,1.0
575,3,110.0,586.0,339.0,261.0,1,1,1.0
576,4,1201.0,64.0,66.0,183.0,1,1,1.0
576,1,1133.0,54.0,70.0,188.0,1,1,1.0
576,3,110.0,586.0,339.0,261.0,1,1,1.0
577,4,1189.0,65.0,73.0,184.0,1,1,1.0
577,1,1125.0,56.0,74.0,188.0,1,1,1.0
577,3,110.0,586.0,339.0,261.0,1,1,1.0
578,4,1182.0,66.0,79.0,184.0,1,1,1.0
578,1,1118.0,57.0,77.0,188.0,1,1,1.0
578,3,110.0,586.0,339.0,261.0,1,1,1.0
579,4,1179.0,67.0,80.0,185.0,1,1,1.0
579,1,1112.0,57.0,79.0,188.0,1,1,1.0
579,3,110.0,586.0,339.0,261.0,1,1,1.0
580,4,1177.0,67.0,80.0,186.0,1,1,1.0
580,1,1109.0,57.0,76.0,189.0,1,1,1.0
580,3,110.0,586.0,339.0,261.0,1,1,1.0
581,4,1175.0,66.0,78.0,186.0,1,1,1.0
581,1,1107.0,56.0,71.0,190.0,1,1,1.0
581,3,110.0,586.0,338.0,261.0,1,1,1.0
582,4,1175.0,65.0,70.0,188.0,1,1,1.0
582,1,1107.0,55.0,63.0,191.0,1,1,1.0
582,3,110.0,586.0,338.0,261.0,1,1,1.0
583,4,1174.0,64.0,60.0,189.0,1,1,1.0
583,1,1107.0,54.0,56.0,192.0,1,1,1.0
583,3,110.0,586.0,338.0,261.0,1,1,1.0
584,4,1168.0,64.0,59.0,188.0,1,1,1.0
584,1,1101.0,54.0,57.0,192.0,1,1,1.0
584,3,110.0,586.0,338.0,261.0,1,1,1.0
585,4,1160.0,64.0,63.0,188.0,1,1,1.0
585,1,1090.0,55.0,64.0,192.0,1,1,1.0
585,3,110.0,586.0,338.0,261.0,1,1,1.0
586,4,1152.0,66.0,72.0,189.0,1,1,1.0
586,1,1076.0,56.0,74.0,192.0,1,1,1.0
586,3,110.0,586.0,338.0,261.0,1,1,1.0
587,4,1142.0,67.0,83.0,189.0,1,1,1.0
587,1,1064.0,58.0,85.0,192.0,1,1,1.0
587,3,110.0,586.0,338.0,260.0,1,1,1.0
588,4,1135.0,69.0,90.0,188.0,1,1,1.0
588,1,1059.0,60.0,89.0,193.0,1,1,1.0
588,3,110.0,587.0,339.0,260.0,1,1,1.0
589,4,1127.0,70.0,94.0,189.0,1,1,1.0
589,1,1056.0,61.0,87.0,193.0,1,1,1.0
589,3,110.0,586.0,339.0,261.0,1,1,1.0
590,4,1120.0,71.0,95.0,192.0,1,1,1.0
590,1,1056.0,60.0,85.0,194.0,1,1,1.0
590,3,110.0,586.0,339.0,261.0,1,1,1.0
591,4,1115.0,70.0,93.0,195.0,1,1,1.0
591,1,1056.0,59.0,79.0,194.0,1,1,1.0
591,3,110.0,586.0,339.0,261.0,1,1,1.0
592,4,1112.0,69.0,86.0,197.0,1,1,1.0
592,1,1054.0,58.0,70.0,196.0,1,1,1.0
592,3,110.0,586.0,339.0,261.0,1,1,1.0
593,4,1110.0,68.0,77.0,199.0,1,1,1.0
593,1,1044.0,57.0,67.0,196.0,1,1,1.0
593,3,110.0,586.0,339.0,261.0,1,1,1.0
594,4,1108.0,66.0,64.0,200.0,1,1,1.0
594,1,1033.0,57.0,71.0,198.0,1,1,1.0
594,3,110.0,586.0,339.0,261.0,1,1,1.0
595,4,1103.0,65.0,58.0,200.0,1,1,1.0
595,1,1023.0,58.0,77.0,202.0,1,1,1.0
595,3,110.0,586.0,339.0,261.0,1,1,1.0
596,4,1092.0,65.0,63.0,201.0,1,1,1.0
596,1,1013.0,60.0,84.0,203.0,1,1,1.0
596,3,110.0,586.0,339.0,261.0,1,1,1.0
597,4,1076.0,66.0,72.0,203.0,1,1,1.0
597,1,1004.0,61.0,89.0,205.0,1,1,1.0
597,3,110.0,586.0,339.0,261.0,1,1,1.0
598,4,1063.0,68.0,81.0,200.0,1,1,1.0
598,1,996.0,63.0,92.0,205.0,1,1,1.0
598,3,110.0,586.0,339.0,261.0,1,1,1.0
599,4,1052.0,69.0,91.0,202.0,1,1,1.0
599,1,990.0,65.0,88.0,206.0,1,1,1.0
599,3,110.0,586.0,339.0,261.0,1,1,1.0
600,4,1048.0,71.0,95.0,205.0,1,1,1.0
600,1,986.0,65.0,85.0,206.0,1,1,1.0
600,3,110.0,586.0,339.0,261.0,1,1,1.0
601,4,1045.0,73.0,95.0,205.0,1,1,1.0
601,1,984.0,65.0,80.0,207.0,1,1,1.0
601,3,110.0,585.0,339.0,262.0,1,1,1.0
602,4,1043.0,73.0,90.0,206.0,1,1,1.0
602,1,984.0,64.0,74.0,208.0,1,1,1.0
602,3,110.0,585.0,339.0,262.0,1,1,1.0
603,4,1043.0,72.0,78.0,208.0,1,1,1.0
603,1,984.0,63.0,63.0,208.0,1,1,1.0
603,3,110.0,585.0,339.0,262.0,1,1,1.0
604,4,1040.0,70.0,67.0,209.0,1,1,1.0
604,1,981.0,63.0,57.0,208.0,1,1,1.0
604,3,110.0,585.0,339.0,262.0,1,1,1.0
605,4,1032.0,69.0,62.0,211.0,1,1,1.0
605,1,970.0,63.0,62.0,209.0,1,1,1.0
605,3,110.0,585.0,339.0,262.0,1,1,1.0
606,4,1023.0,69.0,66.0,215.0,1,1,1.0
606,1,951.0,65.0,78.0,209.0,1,1,1.0
606,3,110.0,585.0,339.0,262.0,1,1,1.0
607,4,1014.0,70.0,76.0,219.0,1,1,1.0
607,1,934.0,67.0,94.0,211.0,1,1,1.0
607,3,110.0,585.0,339.0,262.0,1,1,1.0
608,4,1003.0,72.0,87.0,217.0,1,1,1.0
608,1,923.0,70.0,100.0,211.0,1,1,1.0
608,3,110.0,585.0,339.0,262.0,1,1,1.0
609,4,992.0,75.0,97.0,217.0,1,1,1.0
609,1,918.0,72.0,103.0,211.0,1,1,1.0
609,3,110.0,585.0,339.0,263.0,1,1,1.0
610,4,984.0,78.0,100.0,218.0,1,1,1.0
610,1,916.0,73.0,97.0,211.0,1,1,1.0
610,3,110.0,585.0,339.0,262.0,1,1,1.0
611,4,981.0,79.0,96.0,218.0,1,1,1.0
611,1,915.0,73.0,90.0,212.0,1,1,1.0
611,3,110.0,585.0,339.0,262.0,1,1,1.0
612,4,978.0,80.0,90.0,218.0,1,1,1.0
612,1,915.0,72.0,81.0,213.0,1,1,1.0
612,3,110.0,585.0,339.0,263.0,1,1,1.0
613,4,975.0,80.0,81.0,218.0,1,1,1.0
613,1,909.0,71.0,72.0,214.0,1,1,1.0
613,3,110.0,585.0,340.0,263.0,1,1,1.0
614,4,968.0,80.0,70.0,219.0,1,1,1.0
614,1,897.0,71.0,67.0,215.0,1,1,1.0
614,3,110.0,585.0,340.0,263.0,1,1,1.0
615,4,960.0,78.0,63.0,220.0,1,1,1.0
615,1,881.0,71.0,75.0,219.0,1,1,1.0
615,3,110.0,585.0,340.0,263.0,1,1,1.0
616,4,948.0,77.0,69.0,221.0,1,1,1.0
616,1,868.0,73.0,84.0,222.0,1,1,1.0
616,3,110.0,585.0,340.0,263.0,1,1,1.0
617,4,929.0,78.0,87.0,223.0,1,1,1.0
617,1,856.0,76.0,91.0,222.0,1,1,1.0
617,3,110.0,585.0,340.0,263.0,1,1,1.0
618,4,913.0,80.0,101.0,223.0,1,1,1.0
618,1,845.0,78.0,102.0,223.0,1,1,1.0
618,3,110.0,585.0,340.0,263.0,1,1,1.0
619,4,900.0,83.0,114.0,223.0,1,1,1.0
619,1,835.0,80.0,110.0,224.0,1,1,1.0
619,3,110.0,585.0,340.0,263.0,1,1,1.0
620,4,894.0,85.0,120.0,225.0,1,1,1.0
620,1,827.0,81.0,112.0,225.0,1,1,1.0
620,3,110.0,585.0,340.0,263.0,1,1,1.0
621,4,891.0,88.0,120.0,225.0,1,1,1.0
621,1,821.0,82.0,101.0,225.0,1,1,1.0
621,3,110.0,584.0,339.0,263.0,1,1,1.0
622,4,888.0,88.0,112.0,225.0,1,1,1.0
622,1,817.0,81.0,94.0,226.0,1,1,1.0
622,3,110.0,584.0,338.0,263.0,1,1,1.0
623,4,885.0,88.0,100.0,226.0,1,1,1.0
623,1,816.0,80.0,80.0,226.0,1,1,1.0
623,3,110.0,584.0,338.0,263.0,1,1,1.0
624,4,884.0,86.0,83.0,227.0,1,1,1.0
624,1,813.0,80.0,71.0,226.0,1,1,1.0
624,3,110.0,584.0,338.0,263.0,1,1,1.0
625,4,873.0,86.0,73.0,228.0,1,1,1.0
625,1,805.0,80.0,72.0,226.0,1,1,1.0
625,3,110.0,584.0,338.0,263.0,1,1,1.0
626,4,863.0,86.0,71.0,232.0,1,1,1.0
626,1,784.0,82.0,91.0,226.0,1,1,1.0
626,3,110.0,584.0,338.0,263.0,1,1,1.0
627,4,851.0,88.0,84.0,236.0,1,1,1.0
627,1,764.0,85.0,108.0,227.0,1,1,1.0
627,3,110.0,584.0,338.0,263.0,1,1,1.0
628,4,837.0,90.0,100.0,234.0,1,1,1.0
628,1,751.0,88.0,121.0,227.0,1,1,1.0
628,3,110.0,584.0,339.0,263.0,1,1,1.0
629,4,823.0,94.0,114.0,235.0,1,1,1.0
629,1,745.0,90.0,126.0,228.0,1,1,1.0
629,3,110.0,584.0,338.0,263.0,1,1,1.0
630,4,815.0,97.0,117.0,237.0,1,1,1.0
630,1,742.0,91.0,124.0,228.0,1,1,1.0
630,3,110.0,584.0,338.0,263.0,1,1,1.0
631,4,812.0,98.0,112.0,237.0,1,1,1.0
631,1,742.0,91.0,113.0,229.0,1,1,1.0
631,3,110.0,584.0,338.0,263.0,1,1,1.0
632,4,810.0,98.0,103.0,237.0,1,1,1.0
632,1,742.0,89.0,95.0,230.0,1,1,1.0
632,3,110.0,584.0,338.0,264.0,1,1,1.0
633,4,808.0,98.0,89.0,238.0,1,1,1.0
633,1,739.0,88.0,79.0,231.0,1,1,1.0
634,4,802.0,97.0,75.0,239.0,1,1,1.0
634,1,724.0,88.0,70.0,233.0,1,1,1.0
635,4,791.0,96.0,67.0,239.0,1,1,1.0
635,1,707.0,89.0,76.0,237.0,1,1,1.0
635,3,110.0,584.0,338.0,264.0,1,1,1.0
636,4,779.0,97.0,73.0,239.0,1,1,1.0
636,1,691.0,91.0,89.0,240.0,1,1,1.0
636,3,110.0,584.0,338.0,264.0,1,1,1.0
637,4,757.0,99.0,92.0,240.0,1,1,1.0
637,1,677.0,94.0,97.0,240.0,1,1,1.0
637,3,110.0,584.0,338.0,263.0,1,1,1.0
638,4,738.0,101.0,110.0,239.0,1,1,1.0
638,1,664.0,98.0,111.0,241.0,1,1,1.0
638,3,109.0,584.0,338.0,263.0,1,1,1.0
639,4,724.0,104.0,123.0,241.0,1,1,1.0
639,1,653.0,100.0,122.0,241.0,1,1,1.0
639,3,109.0,584.0,339.0,263.0,1,1,1.0
640,4,717.0,107.0,130.0,244.0,1,1,1.0
640,1,644.0,102.0,126.0,242.0,1,1,1.0
640,3,109.0,584.0,339.0,263.0,1,1,1.0
641,4,712.0,109.0,131.0,245.0,1,1,1.0
641,1,638.0,102.0,122.0,242.0,1,1,1.0
641,3,109.0,584.0,339.0,264.0,1,1,1.0
642,4,709.0,110.0,123.0,246.0,1,1,1.0
642,1,637.0,102.0,104.0,242.0,1,1,1.0
642,3,109.0,584.0,339.0,264.0,1,1,1.0
643,4,708.0,108.0,108.0,247.0,1,1,1.0
643,1,637.0,102.0,88.0,243.0,1,1,1.0
643,3,109.0,584.0,340.0,264.0,1,1,1.0
644,4,705.0,107.0,90.0,248.0,1,1,1.0
644,1,635.0,101.0,70.0,243.0,1,1,1.0
644,3,109.0,584.0,340.0,264.0,1,1,1.0
645,4,691.0,106.0,84.0,250.0,1,1,1.0
645,1,628.0,102.0,70.0,242.0,1,1,1.0
645,3,109.0,584.0,340.0,264.0,1,1,1.0
646,4,672.0,107.0,89.0,255.0,1,1,1.0
646,1,609.0,104.0,88.0,242.0,1,1,1.0
646,3,110.0,584.0,340.0,264.0,1,1,1.0
647,4,656.0,109.0,106.0,260.0,1,1,1.0
647,1,585.0,107.0,108.0,242.0,1,1,1.0
647,3,110.0,584.0,340.0,264.0,1,1,1.0
648,4,641.0,112.0,122.0,261.0,1,1,1.0
648,1,568.0,111.0,127.0,242.0,1,1,1.0
648,3,109.0,584.0,340.0,264.0,1,1,1.0
649,4,628.0,115.0,135.0,260.0,1,1,1.0
649,1,558.0,114.0,137.0,241.0,1,1,1.0
649,3,109.0,584.0,340.0,264.0,1,1,1.0
650,4,617.0,118.0,142.0,263.0,1,1,1.0
650,1,554.0,116.0,139.0,242.0,1,1,1.0
650,3,109.0,584.0,340.0,264.0,1,1,1.0
651,4,622.0,121.0,129.0,262.0,1,1,1.0
651,1,552.0,117.0,130.0,242.0,1,1,1.0
651,3,109.0,584.0,340.0,264.0,1,1,1.0
652,4,609.0,122.0,129.0,262.0,1,1,1.0
652,1,552.0,117.0,109.0,243.0,1,1,1.0
652,3,109.0,584.0,340.0,264.0,1,1,1.0
653,4,604.0,122.0,116.0,261.0,1,1,1.0
653,1,550.0,117.0,95.0,242.0,1,1,1.0
653,3,109.0,584.0,340.0,264.0,1,1,1.0
654,4,609.0,122.0,91.0,262.0,1,1,1.0
654,1,533.0,117.0,88.0,243.0,1,1,1.0
654,3,109.0,584.0,340.0,264.0,1,1,1.0
655,4,603.0,122.0,75.0,261.0,1,1,1.0
655,1,514.0,116.0,89.0,250.0,1,1,1.0
655,3,109.0,584.0,340.0,264.0,1,1,1.0
656,4,593.0,124.0,80.0,260.0,1,1,1.0
656,1,495.0,120.0,101.0,253.0,1,1,1.0
656,3,109.0,584.0,340.0,264.0,1,1,1.0
657,4,576.0,126.0,95.0,261.0,1,1,1.0
657,1,480.0,124.0,111.0,254.0,1,1,1.0
657,3,109.0,584.0,340.0,264.0,1,1,1.0
658,4,553.0,128.0,117.0,262.0,1,1,1.0
658,1,465.0,127.0,127.0,254.0,1,1,1.0
658,3,109.0,584.0,340.0,264.0,1,1,1.0
659,4,535.0,132.0,135.0,263.0,1,1,1.0
659,1,453.0,131.0,137.0,253.0,1,1,1.0
659,3,109.0,584.0,340.0,264.0,1,1,1.0
660,4,525.0,136.0,144.0,264.0,1,1,1.0
660,1,444.0,133.0,143.0,254.0,1,1,1.0
660,3,109.0,584.0,340.0,264.0,1,1,1.0
