1,1,1683.0,482.0,40.0,138.0,1,1,1.0
1,2,1651.0,477.0,40.0,133.0,1,1,1.0
2,1,1683.0,481.0,39.0,138.0,1,1,1.0
2,2,1649.0,477.0,38.0,133.0,1,1,1.0
3,1,1681.0,481.0,38.0,138.0,1,1,1.0
3,2,1645.0,476.0,41.0,133.0,1,1,1.0
4,1,1678.0,481.0,38.0,138.0,1,1,1.0
4,2,1641.0,476.0,42.0,134.0,1,1,1.0
5,1,1670.0,481.0,44.0,138.0,1,1,1.0
5,2,1634.0,477.0,45.0,132.0,1,1,1.0
6,1,1663.0,482.0,48.0,138.0,1,1,1.0
6,2,1625.0,477.0,50.0,132.0,1,1,1.0
7,1,1655.0,483.0,54.0,137.0,1,1,1.0
7,2,1616.0,477.0,56.0,138.0,1,1,1.0
8,1,1655.0,484.0,50.0,136.0,1,1,1.0
8,2,1612.0,478.0,58.0,140.0,1,1,1.0
9,1,1654.0,484.0,49.0,136.0,1,1,1.0
9,2,1611.0,478.0,57.0,139.0,1,1,1.0
10,1,1653.0,485.0,48.0,136.0,1,1,1.0
10,2,1610.0,478.0,54.0,141.0,1,1,1.0
11,1,1647.0,485.0,52.0,136.0,1,1,1.0
11,2,1610.0,478.0,52.0,139.0,1,1,1.0
12,1,1644.0,484.0,53.0,138.0,1,1,1.0
12,2,1610.0,478.0,51.0,137.0,1,1,1.0
13,1,1643.0,483.0,51.0,139.0,1,1,1.0
13,2,1610.0,477.0,46.0,135.0,1,1,1.0
14,1,1643.0,483.0,47.0,139.0,1,1,1.0
14,2,1610.0,476.0,41.0,135.0,1,1,1.0
15,1,1643.0,482.0,42.0,140.0,1,1,1.0
15,2,1609.0,476.0,39.0,136.0,1,1,1.0
16,1,1643.0,481.0,40.0,141.0,1,1,1.0
16,2,1606.0,476.0,39.0,137.0,1,1,1.0
17,1,1639.0,481.0,41.0,143.0,1,1,1.0
17,2,1600.0,476.0,45.0,139.0,1,1,1.0
18,1,1637.0,482.0,41.0,144.0,1,1,1.0
18,2,1592.0,476.0,48.0,139.0,1,1,1.0
19,1,1635.0,482.0,40.0,142.0,1,1,1.0
19,2,1585.0,477.0,53.0,139.0,1,1,1.0
20,1,1624.0,484.0,48.0,142.0,1,1,1.0
20,2,1581.0,478.0,54.0,140.0,1,1,1.0
21,1,1618.0,485.0,51.0,140.0,1,1,1.0
21,2,1578.0,478.0,53.0,139.0,1,1,1.0
22,1,1613.0,486.0,53.0,140.0,1,1,1.0
22,2,1576.0,479.0,52.0,138.0,1,1,1.0
23,1,1612.0,486.0,51.0,138.0,1,1,1.0
23,2,1577.0,479.0,48.0,138.0,1,1,1.0
24,1,1613.0,486.0,48.0,139.0,1,1,1.0
24,2,1577.0,479.0,44.0,137.0,1,1,1.0
25,1,1611.0,484.0,47.0,141.0,1,1,1.0
25,2,1575.0,479.0,42.0,137.0,1,1,1.0
26,1,1610.0,484.0,44.0,143.0,1,1,1.0
26,2,1571.0,478.0,43.0,138.0,1,1,1.0
27,1,1610.0,483.0,41.0,144.0,1,1,1.0
27,2,1567.0,478.0,44.0,138.0,1,1,1.0
28,1,1609.0,482.0,39.0,145.0,1,1,1.0
28,2,1557.0,478.0,50.0,138.0,1,1,1.0
29,1,1606.0,482.0,39.0,145.0,1,1,1.0
29,2,1547.0,478.0,57.0,139.0,1,1,1.0
30,1,1599.0,482.0,43.0,144.0,1,1,1.0
30,2,1541.0,479.0,61.0,138.0,1,1,1.0
31,1,1589.0,482.0,49.0,145.0,1,1,1.0
31,2,1538.0,479.0,61.0,139.0,1,1,1.0
32,1,1584.0,483.0,52.0,144.0,1,1,1.0
32,2,1537.0,479.0,59.0,143.0,1,1,1.0
33,1,1574.0,484.0,58.0,143.0,1,1,1.0
33,2,1536.0,479.0,60.0,143.0,1,1,1.0
34,1,1569.0,486.0,61.0,143.0,1,1,1.0
34,2,1536.0,479.0,54.0,143.0,1,1,1.0
35,1,1566.0,486.0,63.0,142.0,1,1,1.0
35,2,1536.0,478.0,48.0,141.0,1,1,1.0
36,1,1565.0,485.0,64.0,143.0,1,1,1.0
36,2,1536.0,478.0,45.0,142.0,1,1,1.0
37,1,1564.0,484.0,62.0,144.0,1,1,1.0
37,2,1529.0,477.0,47.0,142.0,1,1,1.0
38,1,1564.0,484.0,57.0,145.0,1,1,1.0
38,2,1526.0,477.0,48.0,143.0,1,1,1.0
39,1,1565.0,482.0,50.0,146.0,1,1,1.0
39,2,1520.0,477.0,51.0,145.0,1,1,1.0
40,1,1565.0,482.0,44.0,146.0,1,1,1.0
40,2,1515.0,478.0,53.0,145.0,1,1,1.0
41,1,1564.0,482.0,40.0,148.0,1,1,1.0
41,2,1509.0,479.0,56.0,145.0,1,1,1.0
42,1,1561.0,482.0,40.0,149.0,1,1,1.0
42,2,1502.0,480.0,62.0,145.0,1,1,1.0
43,1,1556.0,483.0,42.0,150.0,1,1,1.0
43,2,1500.0,480.0,59.0,146.0,1,1,1.0
44,1,1554.0,484.0,42.0,147.0,1,1,1.0
44,2,1498.0,480.0,59.0,148.0,1,1,1.0
45,1,1541.0,485.0,51.0,147.0,1,1,1.0
45,2,1499.0,480.0,54.0,146.0,1,1,1.0
46,1,1534.0,486.0,56.0,147.0,1,1,1.0
46,2,1501.0,480.0,48.0,146.0,1,1,1.0
47,1,1530.0,487.0,57.0,148.0,1,1,1.0
47,2,1500.0,480.0,45.0,146.0,1,1,1.0
48,1,1528.0,487.0,56.0,149.0,1,1,1.0
48,2,1496.0,479.0,46.0,146.0,1,1,1.0
49,1,1528.0,486.0,54.0,149.0,1,1,1.0
50,1,1528.0,486.0,49.0,149.0,1,1,1.0
50,2,1481.0,479.0,52.0,146.0,1,1,1.0
51,1,1527.0,485.0,46.0,150.0,1,1,1.0
51,2,1470.0,480.0,60.0,146.0,1,1,1.0
52,1,1527.0,485.0,43.0,151.0,1,1,1.0
52,2,1462.0,481.0,65.0,145.0,1,1,1.0
53,1,1525.0,485.0,42.0,151.0,1,1,1.0
53,2,1457.0,481.0,69.0,145.0,1,1,1.0
54,1,1520.0,485.0,44.0,151.0,1,1,1.0
54,2,1454.0,481.0,70.0,145.0,1,1,1.0
55,1,1510.0,485.0,51.0,150.0,1,1,1.0
55,2,1453.0,481.0,69.0,146.0,1,1,1.0
56,1,1500.0,486.0,57.0,150.0,1,1,1.0
56,2,1453.0,480.0,65.0,151.0,1,1,1.0
57,1,1492.0,487.0,62.0,149.0,1,1,1.0
57,2,1453.0,480.0,59.0,152.0,1,1,1.0
58,1,1487.0,489.0,64.0,149.0,1,1,1.0
58,2,1453.0,479.0,54.0,153.0,1,1,1.0
59,1,1485.0,490.0,64.0,149.0,1,1,1.0
59,2,1450.0,479.0,47.0,149.0,1,1,1.0
60,1,1484.0,490.0,64.0,150.0,1,1,1.0
60,2,1451.0,479.0,41.0,149.0,1,1,1.0
61,1,1483.0,490.0,64.0,150.0,1,1,1.0
61,2,1444.0,479.0,44.0,150.0,1,1,1.0
62,1,1483.0,489.0,61.0,151.0,1,1,1.0
62,2,1434.0,480.0,50.0,150.0,1,1,1.0
63,1,1483.0,489.0,55.0,151.0,1,1,1.0
63,2,1421.0,481.0,59.0,149.0,1,1,1.0
64,1,1483.0,488.0,49.0,151.0,1,1,1.0
64,2,1414.0,482.0,64.0,149.0,1,1,1.0
65,1,1481.0,487.0,44.0,153.0,1,1,1.0
65,2,1411.0,483.0,66.0,148.0,1,1,1.0
66,1,1478.0,487.0,43.0,155.0,1,1,1.0
66,2,1410.0,483.0,66.0,148.0,1,1,1.0
67,1,1473.0,489.0,44.0,155.0,1,1,1.0
67,2,1409.0,483.0,65.0,148.0,1,1,1.0
68,1,1467.0,489.0,47.0,155.0,1,1,1.0
68,2,1409.0,482.0,60.0,149.0,1,1,1.0
69,1,1457.0,489.0,52.0,155.0,1,1,1.0
69,2,1409.0,482.0,53.0,150.0,1,1,1.0
70,1,1448.0,490.0,57.0,153.0,1,1,1.0
70,2,1409.0,481.0,48.0,150.0,1,1,1.0
71,1,1442.0,491.0,62.0,153.0,1,1,1.0
71,2,1406.0,480.0,46.0,151.0,1,1,1.0
72,1,1439.0,491.0,64.0,154.0,1,1,1.0
72,2,1401.0,480.0,48.0,151.0,1,1,1.0
73,1,1438.0,490.0,62.0,155.0,1,1,1.0
73,2,1391.0,480.0,53.0,150.0,1,1,1.0
74,1,1439.0,489.0,57.0,155.0,1,1,1.0
74,2,1379.0,481.0,62.0,150.0,1,1,1.0
75,1,1439.0,489.0,50.0,156.0,1,1,1.0
75,2,1368.0,482.0,69.0,150.0,1,1,1.0
76,1,1437.0,488.0,45.0,157.0,1,1,1.0
76,2,1362.0,483.0,75.0,149.0,1,1,1.0
77,1,1434.0,488.0,42.0,158.0,1,1,1.0
77,2,1360.0,483.0,76.0,149.0,1,1,1.0
78,1,1429.0,488.0,43.0,158.0,1,1,1.0
78,2,1359.0,483.0,74.0,150.0,1,1,1.0
79,1,1418.0,488.0,51.0,158.0,1,1,1.0
79,2,1359.0,483.0,70.0,151.0,1,1,1.0
80,1,1407.0,489.0,57.0,158.0,1,1,1.0
80,2,1359.0,482.0,65.0,155.0,1,1,1.0
81,1,1394.0,490.0,69.0,157.0,1,1,1.0
81,2,1360.0,481.0,55.0,158.0,1,1,1.0
82,1,1385.0,491.0,76.0,156.0,1,1,1.0
82,2,1360.0,481.0,47.0,155.0,1,1,1.0
83,1,1382.0,492.0,79.0,155.0,1,1,1.0
83,2,1360.0,480.0,44.0,157.0,1,1,1.0
84,1,1378.0,492.0,82.0,155.0,1,1,1.0
84,2,1350.0,480.0,48.0,157.0,1,1,1.0
85,1,1377.0,491.0,83.0,156.0,1,1,1.0
85,2,1338.0,481.0,55.0,157.0,1,1,1.0
86,1,1376.0,490.0,78.0,157.0,1,1,1.0
86,2,1326.0,482.0,64.0,157.0,1,1,1.0
87,1,1376.0,489.0,71.0,158.0,1,1,1.0
87,2,1319.0,484.0,66.0,156.0,1,1,1.0
88,1,1376.0,488.0,62.0,159.0,1,1,1.0
88,2,1316.0,485.0,68.0,156.0,1,1,1.0
89,1,1377.0,488.0,49.0,160.0,1,1,1.0
89,2,1314.0,485.0,69.0,156.0,1,1,1.0
90,1,1375.0,488.0,44.0,162.0,1,1,1.0
90,2,1314.0,485.0,68.0,156.0,1,1,1.0
91,1,1370.0,488.0,45.0,163.0,1,1,1.0
91,2,1314.0,485.0,62.0,157.0,1,1,1.0
92,1,1362.0,489.0,49.0,162.0,1,1,1.0
92,2,1314.0,484.0,55.0,157.0,1,1,1.0
93,1,1349.0,491.0,58.0,161.0,1,1,1.0
93,2,1314.0,483.0,49.0,158.0,1,1,1.0
94,1,1341.0,492.0,62.0,160.0,1,1,1.0
94,2,1312.0,483.0,44.0,158.0,1,1,1.0
95,1,1334.0,493.0,68.0,159.0,1,1,1.0
95,2,1306.0,483.0,45.0,158.0,1,1,1.0
96,1,1330.0,493.0,72.0,160.0,1,1,1.0
96,2,1295.0,483.0,52.0,157.0,1,1,1.0
97,1,1329.0,493.0,71.0,160.0,1,1,1.0
97,2,1281.0,484.0,63.0,157.0,1,1,1.0
98,1,1328.0,492.0,68.0,161.0,1,1,1.0
98,2,1270.0,484.0,72.0,156.0,1,1,1.0
99,1,1329.0,492.0,62.0,161.0,1,1,1.0
99,2,1262.0,486.0,79.0,155.0,1,1,1.0
100,1,1329.0,491.0,54.0,162.0,1,1,1.0
100,2,1258.0,486.0,82.0,156.0,1,1,1.0
101,1,1328.0,490.0,45.0,163.0,1,1,1.0
101,2,1256.0,486.0,83.0,155.0,1,1,1.0
102,1,1324.0,490.0,45.0,163.0,1,1,1.0
102,2,1255.0,486.0,82.0,156.0,1,1,1.0
103,1,1315.0,490.0,48.0,163.0,1,1,1.0
103,2,1255.0,485.0,73.0,157.0,1,1,1.0
104,1,1302.0,491.0,56.0,162.0,1,1,1.0
104,2,1255.0,484.0,62.0,157.0,1,1,1.0
105,1,1288.0,491.0,67.0,162.0,1,1,1.0
105,2,1255.0,483.0,52.0,157.0,1,1,1.0
106,1,1280.0,493.0,74.0,161.0,1,1,1.0
106,2,1254.0,483.0,48.0,157.0,1,1,1.0
107,1,1272.0,494.0,81.0,160.0,1,1,1.0
107,2,1250.0,482.0,47.0,161.0,1,1,1.0
108,1,1267.0,494.0,86.0,160.0,1,1,1.0
108,2,1237.0,483.0,55.0,161.0,1,1,1.0
109,1,1264.0,494.0,87.0,161.0,1,1,1.0
109,2,1224.0,483.0,64.0,161.0,1,1,1.0
110,1,1263.0,493.0,86.0,162.0,1,1,1.0
110,2,1214.0,484.0,71.0,160.0,1,1,1.0
111,1,1263.0,492.0,80.0,163.0,1,1,1.0
111,2,1207.0,485.0,74.0,159.0,1,1,1.0
112,1,1263.0,491.0,72.0,164.0,1,1,1.0
112,2,1204.0,485.0,75.0,159.0,1,1,1.0
113,1,1263.0,490.0,61.0,165.0,1,1,1.0
113,2,1202.0,485.0,75.0,158.0,1,1,1.0
114,1,1263.0,490.0,47.0,165.0,1,1,1.0
114,2,1202.0,485.0,70.0,158.0,1,1,1.0
115,1,1260.0,490.0,43.0,167.0,1,1,1.0
115,2,1202.0,485.0,64.0,158.0,1,1,1.0
116,1,1252.0,491.0,45.0,169.0,1,1,1.0
116,2,1202.0,485.0,54.0,158.0,1,1,1.0
117,1,1237.0,491.0,55.0,168.0,1,1,1.0
117,2,1201.0,484.0,46.0,159.0,1,1,1.0
118,1,1222.0,493.0,68.0,167.0,1,1,1.0
118,2,1193.0,484.0,48.0,158.0,1,1,1.0
119,1,1213.0,494.0,77.0,165.0,1,1,1.0
119,2,1182.0,484.0,54.0,158.0,1,1,1.0
120,1,1206.0,495.0,84.0,165.0,1,1,1.0
120,2,1168.0,484.0,64.0,159.0,1,1,1.0
121,1,1202.0,495.0,86.0,166.0,1,1,1.0
121,2,1155.0,484.0,73.0,159.0,1,1,1.0
122,1,1209.0,495.0,76.0,163.0,1,1,1.0
122,2,1149.0,484.0,76.0,164.0,1,1,1.0
123,1,1203.0,494.0,75.0,166.0,1,1,1.0
123,2,1146.0,485.0,75.0,161.0,1,1,1.0
124,1,1201.0,493.0,67.0,167.0,1,1,1.0
124,2,1146.0,485.0,73.0,160.0,1,1,1.0
125,1,1200.0,493.0,56.0,168.0,1,1,1.0
125,2,1146.0,484.0,71.0,160.0,1,1,1.0
126,1,1197.0,492.0,47.0,169.0,1,1,1.0
126,2,1146.0,484.0,67.0,160.0,1,1,1.0
127,1,1192.0,492.0,44.0,170.0,1,1,1.0
127,2,1146.0,483.0,56.0,160.0,1,1,1.0
128,1,1178.0,492.0,54.0,170.0,1,1,1.0
128,2,1145.0,482.0,49.0,160.0,1,1,1.0
129,1,1163.0,492.0,67.0,169.0,1,1,1.0
129,2,1136.0,483.0,53.0,163.0,1,1,1.0
130,1,1151.0,493.0,77.0,168.0,1,1,1.0
130,2,1126.0,483.0,57.0,169.0,1,1,1.0
131,1,1139.0,495.0,89.0,167.0,1,1,1.0
131,2,1117.0,483.0,61.0,167.0,1,1,1.0
132,1,1133.0,495.0,95.0,166.0,1,1,1.0
132,2,1106.0,484.0,68.0,165.0,1,1,1.0
133,1,1130.0,495.0,96.0,166.0,1,1,1.0
133,2,1098.0,485.0,74.0,163.0,1,1,1.0
134,1,1129.0,494.0,93.0,166.0,1,1,1.0
134,2,1094.0,486.0,77.0,162.0,1,1,1.0
135,1,1129.0,493.0,85.0,167.0,1,1,1.0
135,2,1092.0,486.0,78.0,162.0,1,1,1.0
136,1,1130.0,492.0,74.0,168.0,1,1,1.0
136,2,1092.0,487.0,64.0,162.0,1,1,1.0
137,1,1130.0,490.0,61.0,169.0,1,1,1.0
137,2,1092.0,486.0,56.0,162.0,1,1,1.0
138,1,1129.0,490.0,49.0,170.0,1,1,1.0
138,2,1092.0,486.0,50.0,163.0,1,1,1.0
139,1,1120.0,490.0,50.0,172.0,1,1,1.0
139,2,1088.0,486.0,46.0,163.0,1,1,1.0
140,1,1113.0,490.0,52.0,172.0,1,1,1.0
141,1,1099.0,491.0,62.0,172.0,1,1,1.0
141,2,1072.0,485.0,51.0,162.0,1,1,1.0
142,1,1086.0,493.0,72.0,171.0,1,1,1.0
142,2,1058.0,485.0,65.0,163.0,1,1,1.0
143,1,1077.0,494.0,81.0,170.0,1,1,1.0
143,2,1045.0,486.0,78.0,163.0,1,1,1.0
144,1,1070.0,495.0,87.0,169.0,1,1,1.0
144,2,1037.0,487.0,85.0,162.0,1,1,1.0
145,1,1068.0,495.0,89.0,169.0,1,1,1.0
145,2,1033.0,488.0,88.0,161.0,1,1,1.0
146,1,1066.0,495.0,87.0,170.0,1,1,1.0
146,2,1031.0,488.0,90.0,161.0,1,1,1.0
147,1,1066.0,494.0,81.0,172.0,1,1,1.0
147,2,1030.0,487.0,88.0,162.0,1,1,1.0
148,1,1061.0,493.0,77.0,173.0,1,1,1.0
148,2,1030.0,487.0,78.0,163.0,1,1,1.0
149,1,1056.0,493.0,70.0,173.0,1,1,1.0
149,2,1030.0,487.0,62.0,163.0,1,1,1.0
150,1,1061.0,492.0,52.0,174.0,1,1,1.0
150,2,1030.0,486.0,55.0,164.0,1,1,1.0
151,1,1061.0,492.0,43.0,174.0,1,1,1.0
151,2,1027.0,486.0,47.0,164.0,1,1,1.0
152,1,1049.0,492.0,50.0,174.0,1,1,1.0
152,2,1013.0,486.0,55.0,167.0,1,1,1.0
153,1,1033.0,493.0,64.0,173.0,1,1,1.0
153,2,1000.0,486.0,61.0,168.0,1,1,1.0
154,1,1018.0,494.0,78.0,172.0,1,1,1.0
154,2,991.0,487.0,68.0,168.0,1,1,1.0
155,1,1009.0,495.0,86.0,171.0,1,1,1.0
155,2,982.0,487.0,76.0,168.0,1,1,1.0
156,1,1002.0,496.0,94.0,170.0,1,1,1.0
156,2,977.0,489.0,82.0,167.0,1,1,1.0
157,1,998.0,497.0,97.0,170.0,1,1,1.0
157,2,973.0,489.0,84.0,167.0,1,1,1.0
158,1,996.0,496.0,97.0,171.0,1,1,1.0
159,1,995.0,495.0,91.0,171.0,1,1,1.0
160,1,996.0,495.0,80.0,172.0,1,1,1.0
160,2,972.0,490.0,53.0,167.0,1,1,1.0
161,1,996.0,494.0,69.0,173.0,1,1,1.0
161,2,973.0,490.0,45.0,167.0,1,1,1.0
162,1,991.0,493.0,60.0,174.0,1,1,1.0
162,2,966.0,490.0,43.0,167.0,1,1,1.0
163,2,960.0,490.0,46.0,166.0,1,1,1.0
164,1,972.0,493.0,60.0,177.0,1,1,1.0
164,2,947.0,490.0,54.0,166.0,1,1,1.0
165,2,931.0,491.0,66.0,165.0,1,1,1.0
166,1,954.0,495.0,73.0,177.0,1,1,1.0
166,2,921.0,491.0,81.0,166.0,1,1,1.0
167,1,944.0,496.0,82.0,175.0,1,1,1.0
168,1,938.0,498.0,88.0,173.0,1,1,1.0
169,1,935.0,499.0,90.0,173.0,1,1,1.0
169,2,912.0,493.0,89.0,166.0,1,1,1.0
170,1,933.0,499.0,91.0,174.0,1,1,1.0
170,2,911.0,493.0,87.0,166.0,1,1,1.0
171,1,932.0,498.0,86.0,176.0,1,1,1.0
172,1,933.0,497.0,77.0,177.0,1,1,1.0
173,1,933.0,497.0,67.0,177.0,1,1,1.0
173,2,904.0,492.0,53.0,167.0,1,1,1.0
174,1,932.0,496.0,55.0,178.0,1,1,1.0
174,2,894.0,492.0,57.0,168.0,1,1,1.0
175,1,928.0,496.0,45.0,178.0,1,1,1.0
175,2,896.0,492.0,46.0,171.0,1,1,1.0
176,1,923.0,496.0,43.0,178.0,1,1,1.0
177,1,907.0,497.0,56.0,177.0,1,1,1.0
177,2,870.0,493.0,65.0,173.0,1,1,1.0
178,1,892.0,498.0,70.0,176.0,1,1,1.0
178,2,860.0,494.0,72.0,172.0,1,1,1.0
179,1,868.0,496.0,80.0,172.0,1,1,1.0
179,2,859.0,499.0,92.0,173.0,1,1,1.0
180,1,864.0,500.0,92.0,172.0,1,1,1.0
180,2,854.0,497.0,91.0,172.0,1,1,1.0
181,2,858.0,501.0,98.0,172.0,1,1,1.0
182,2,860.0,502.0,99.0,173.0,1,1,1.0
183,3,857.0,495.0,62.0,169.0,1,1,1.0
183,2,862.0,502.0,95.0,174.0,1,1,1.0
184,3,855.0,495.0,52.0,171.0,1,1,1.0
184,2,862.0,501.0,86.0,175.0,1,1,1.0
185,3,847.0,495.0,43.0,172.0,1,1,1.0
185,2,862.0,501.0,74.0,176.0,1,1,1.0
186,2,860.0,500.0,62.0,177.0,1,1,1.0
188,3,809.0,496.0,60.0,171.0,1,1,1.0
188,2,851.0,499.0,49.0,180.0,1,1,1.0
189,2,839.0,501.0,57.0,181.0,1,1,1.0
190,2,823.0,501.0,71.0,181.0,1,1,1.0
191,2,811.0,503.0,82.0,180.0,1,1,1.0
192,2,802.0,504.0,90.0,179.0,1,1,1.0
193,2,795.0,502.0,85.0,172.0,1,1,1.0
194,2,795.0,504.0,91.0,178.0,1,1,1.0
195,2,795.0,505.0,89.0,180.0,1,1,1.0
196,2,795.0,505.0,81.0,181.0,1,1,1.0
198,2,762.0,500.0,91.0,186.0,1,1,1.0
200,2,742.0,501.0,89.0,185.0,1,1,1.0
201,2,734.0,502.0,86.0,178.0,1,1,1.0
202,2,728.0,502.0,94.0,181.0,1,1,1.0
203,2,729.0,504.0,94.0,182.0,1,1,1.0
204,2,727.0,504.0,96.0,182.0,1,1,1.0
205,2,726.0,504.0,97.0,184.0,1,1,1.0
208,2,724.0,504.0,83.0,185.0,1,1,1.0
209,2,719.0,503.0,77.0,186.0,1,1,1.0
211,2,685.0,503.0,84.0,186.0,1,1,1.0
215,2,665.0,506.0,92.0,188.0,1,1,1.0
216,2,660.0,506.0,95.0,190.0,1,1,1.0
220,2,642.0,506.0,92.0,193.0,1,1,1.0
221,2,634.0,506.0,92.0,194.0,1,1,1.0
223,2,612.0,507.0,87.0,193.0,1,1,1.0
224,2,605.0,508.0,89.0,189.0,1,1,1.0
226,2,601.0,509.0,87.0,189.0,1,1,1.0
227,2,594.0,510.0,92.0,190.0,1,1,1.0
228,2,588.0,509.0,98.0,191.0,1,1,1.0
229,2,584.0,510.0,101.0,191.0,1,1,1.0
230,2,582.0,509.0,102.0,192.0,1,1,1.0
231,2,581.0,509.0,99.0,191.0,1,1,1.0
232,2,581.0,509.0,89.0,191.0,1,1,1.0
234,2,551.0,510.0,94.0,190.0,1,1,1.0
235,2,542.0,511.0,93.0,188.0,1,1,1.0
236,2,538.0,512.0,93.0,189.0,1,1,1.0
238,2,534.0,513.0,81.0,190.0,1,1,1.0
239,2,526.0,513.0,88.0,189.0,1,1,1.0
240,2,516.0,512.0,95.0,190.0,1,1,1.0
241,2,525.0,512.0,85.0,188.0,1,1,1.0
242,2,513.0,512.0,94.0,191.0,1,1,1.0
243,2,507.0,518.0,97.0,186.0,1,1,1.0
244,2,497.0,516.0,101.0,189.0,1,1,1.0
245,2,486.0,514.0,101.0,191.0,1,1,1.0
246,2,477.0,513.0,96.0,192.0,1,1,1.0
247,2,471.0,514.0,95.0,191.0,1,1,1.0
250,2,464.0,517.0,87.0,188.0,1,1,1.0
252,2,446.0,516.0,95.0,190.0,1,1,1.0
253,2,440.0,515.0,98.0,190.0,1,1,1.0
254,2,437.0,515.0,99.0,190.0,1,1,1.0
255,2,436.0,515.0,96.0,191.0,1,1,1.0
256,2,435.0,516.0,86.0,190.0,1,1,1.0
257,2,435.0,516.0,75.0,189.0,1,1,1.0
258,2,431.0,517.0,73.0,188.0,1,1,1.0
259,2,420.0,518.0,81.0,186.0,1,1,1.0
261,2,411.0,518.0,64.0,192.0,1,1,1.0
262,2,396.0,518.0,74.0,193.0,1,1,1.0
263,2,383.0,520.0,84.0,192.0,1,1,1.0
265,2,369.0,524.0,96.0,188.0,1,1,1.0
276,2,306.0,533.0,90.0,180.0,1,1,1.0
277,2,303.0,530.0,91.0,183.0,1,1,1.0
278,2,302.0,533.0,91.0,181.0,1,1,1.0
279,4,322.0,524.0,66.0,175.0,1,1,1.0
279,2,301.0,533.0,87.0,180.0,1,1,1.0
282,4,299.0,527.0,82.0,171.0,1,1,1.0
282,2,293.0,531.0,61.0,181.0,1,1,1.0
283,2,288.0,528.0,85.0,175.0,1,1,1.0
284,2,283.0,530.0,64.0,182.0,1,1,1.0
285,4,291.0,526.0,69.0,172.0,1,1,1.0
285,2,279.0,530.0,55.0,182.0,1,1,1.0
286,2,264.0,531.0,67.0,185.0,1,1,1.0
287,2,251.0,527.0,78.0,190.0,1,1,1.0
291,2,237.0,527.0,86.0,192.0,1,1,1.0
295,2,223.0,534.0,52.0,185.0,1,1,1.0
297,2,215.0,536.0,50.0,181.0,1,1,1.0
298,2,209.0,535.0,55.0,183.0,1,1,1.0
299,2,198.0,537.0,65.0,181.0,1,1,1.0
301,4,207.0,530.0,63.0,172.0,1,1,1.0
301,2,183.0,540.0,70.0,177.0,1,1,1.0
302,2,181.0,541.0,78.0,176.0,1,1,1.0
305,2,179.0,534.0,81.0,183.0,1,1,1.0
306,4,180.0,533.0,81.0,180.0,1,1,1.0
306,2,171.0,537.0,67.0,179.0,1,1,1.0
307,4,182.0,534.0,75.0,172.0,1,1,1.0
307,2,165.0,538.0,54.0,176.0,1,1,1.0
309,4,175.0,534.0,63.0,169.0,1,1,1.0
309,2,157.0,539.0,50.0,180.0,1,1,1.0
310,2,150.0,538.0,56.0,183.0,1,1,1.0
311,4,165.0,533.0,47.0,178.0,1,1,1.0
311,2,137.0,539.0,60.0,182.0,1,1,1.0
312,4,160.0,533.0,48.0,177.0,1,1,1.0
312,2,127.0,541.0,73.0,180.0,1,1,1.0
317,4,136.0,538.0,70.0,176.0,1,1,1.0
317,2,114.0,544.0,50.0,178.0,1,1,1.0
318,4,130.0,538.0,63.0,175.0,1,1,1.0
318,2,112.0,544.0,48.0,177.0,1,1,1.0
319,2,108.0,545.0,45.0,177.0,1,1,1.0
321,4,119.0,538.0,58.0,171.0,1,1,1.0
321,2,98.0,543.0,50.0,179.0,1,1,1.0
323,4,109.0,539.0,54.0,180.0,1,1,1.0
323,2,88.0,546.0,58.0,175.0,1,1,1.0
324,4,105.0,539.0,56.0,180.0,1,1,1.0
324,2,80.0,548.0,57.0,172.0,1,1,1.0
325,4,102.0,539.0,55.0,182.0,1,1,1.0
325,2,75.0,548.0,55.0,170.0,1,1,1.0
326,4,98.0,540.0,56.0,182.0,1,1,1.0
326,2,74.0,551.0,46.0,165.0,1,1,1.0
327,4,95.0,541.0,57.0,181.0,1,1,1.0
327,2,72.0,548.0,42.0,169.0,1,1,1.0
328,4,91.0,541.0,61.0,180.0,1,1,1.0
328,2,68.0,546.0,43.0,172.0,1,1,1.0
329,4,86.0,542.0,66.0,170.0,1,1,1.0
329,2,65.0,547.0,56.0,172.0,1,1,1.0
330,4,83.0,542.0,68.0,170.0,1,1,1.0
331,4,76.0,542.0,71.0,174.0,1,1,1.0
332,4,74.0,542.0,67.0,169.0,1,1,1.0
333,4,73.0,541.0,62.0,167.0,1,1,1.0
333,2,50.0,546.0,47.0,167.0,1,1,1.0
334,4,71.0,541.0,52.0,166.0,1,1,1.0
334,2,46.0,546.0,51.0,174.0,1,1,1.0
335,4,67.0,541.0,47.0,167.0,1,1,1.0
335,2,37.0,547.0,58.0,175.0,1,1,1.0
337,4,60.0,540.0,50.0,167.0,1,1,1.0
337,2,24.0,550.0,62.0,171.0,1,1,1.0
338,4,51.0,541.0,59.0,167.0,1,1,1.0
338,2,21.0,551.0,59.0,170.0,1,1,1.0
340,4,44.0,543.0,65.0,166.0,1,1,1.0
346,4,26.0,546.0,48.0,163.0,1,1,1.0
346,2,0.0,550.0,45.0,172.0,1,1,1.0
347,4,22.0,545.0,50.0,165.0,1,1,1.0
347,2,0.0,550.0,44.0,171.0,1,1,1.0
349,4,16.0,544.0,55.0,175.0,1,1,1.0
350,4,11.0,544.0,55.0,171.0,1,1,1.0
351,4,7.0,544.0,58.0,175.0,1,1,1.0
352,4,5.0,544.0,60.0,176.0,1,1,1.0
353,4,2.0,544.0,63.0,176.0,1,1,1.0
354,4,0.0,545.0,64.0,172.0,1,1,1.0
355,4,0.0,545.0,63.0,172.0,1,1,1.0
356,4,0.0,545.0,56.0,168.0,1,1,1.0
357,4,0.0,546.0,44.0,165.0,1,1,1.0
358,4,0.0,546.0,42.0,165.0,1,1,1.0
359,4,0.0,549.0,34.0,163.0,1,1,1.0
360,4,0.0,547.0,32.0,167.0,1,1,1.0
361,4,0.0,545.0,31.0,171.0,1,1,1.0
362,4,0.0,545.0,31.0,172.0,1,1,1.0
363,4,0.0,547.0,30.0,170.0,1,1,1.0
364,4,0.0,549.0,30.0,168.0,1,1,1.0
365,4,0.0,559.0,31.0,157.0,1,1,1.0
385,5,0.0,538.0,29.0,163.0,1,1,1.0
386,5,0.0,538.0,29.0,165.0,1,1,1.0
387,5,0.0,537.0,29.0,167.0,1,1,1.0
388,5,0.0,537.0,29.0,167.0,1,1,1.0
389,5,0.0,537.0,35.0,166.0,1,1,1.0
390,5,0.0,537.0,42.0,163.0,1,1,1.0
391,5,0.0,537.0,49.0,155.0,1,1,1.0
392,5,0.0,537.0,52.0,150.0,1,1,1.0
393,5,3.0,536.0,51.0,149.0,1,1,1.0
394,5,7.0,535.0,47.0,149.0,1,1,1.0
395,5,11.0,534.0,43.0,151.0,1,1,1.0
396,5,13.0,531.0,40.0,153.0,1,1,1.0
397,5,16.0,530.0,38.0,153.0,1,1,1.0
398,5,18.0,529.0,39.0,155.0,1,1,1.0
403,5,25.0,528.0,67.0,163.0,1,1,1.0
405,5,23.0,527.0,74.0,169.0,1,1,1.0
406,5,26.0,527.0,69.0,169.0,1,1,1.0
407,5,32.0,526.0,61.0,168.0,1,1,1.0
408,5,40.0,525.0,55.0,167.0,1,1,1.0
409,5,45.0,524.0,50.0,166.0,1,1,1.0
410,5,50.0,523.0,45.0,169.0,1,1,1.0
411,5,53.0,522.0,44.0,170.0,1,1,1.0
412,5,57.0,521.0,50.0,171.0,1,1,1.0
413,5,60.0,521.0,56.0,171.0,1,1,1.0
414,5,62.0,520.0,62.0,172.0,1,1,1.0
415,5,66.0,520.0,64.0,172.0,1,1,1.0
416,5,68.0,520.0,65.0,171.0,1,1,1.0
417,5,70.0,520.0,63.0,170.0,1,1,1.0
418,5,74.0,519.0,61.0,170.0,1,1,1.0
419,5,78.0,518.0,57.0,168.0,1,1,1.0
420,5,84.0,522.0,52.0,161.0,1,1,1.0
421,5,91.0,517.0,46.0,156.0,1,1,1.0
422,5,96.0,515.0,41.0,161.0,1,1,1.0
423,5,98.0,508.0,47.0,170.0,1,1,1.0
424,5,102.0,511.0,53.0,167.0,1,1,1.0
425,5,107.0,512.0,55.0,166.0,1,1,1.0
426,5,111.0,513.0,64.0,165.0,1,1,1.0
427,5,113.0,513.0,69.0,164.0,1,1,1.0
428,5,114.0,513.0,72.0,163.0,1,1,1.0
429,5,115.0,513.0,71.0,162.0,1,1,1.0
430,5,117.0,512.0,70.0,162.0,1,1,1.0
431,5,119.0,512.0,68.0,160.0,1,1,1.0
432,5,125.0,512.0,61.0,159.0,1,1,1.0
433,5,133.0,511.0,54.0,158.0,1,1,1.0
435,5,143.0,507.0,49.0,162.0,1,1,1.0
438,5,150.0,509.0,72.0,159.0,1,1,1.0
440,5,157.0,514.0,74.0,154.0,1,1,1.0
441,5,161.0,510.0,72.0,157.0,1,1,1.0
442,5,164.0,509.0,70.0,157.0,1,1,1.0
443,5,170.0,507.0,64.0,158.0,1,1,1.0
444,5,177.0,507.0,57.0,155.0,1,1,1.0
445,5,184.0,504.0,50.0,155.0,1,1,1.0
446,5,188.0,506.0,47.0,152.0,1,1,1.0
447,5,193.0,504.0,47.0,153.0,1,1,1.0
448,5,198.0,508.0,52.0,148.0,1,1,1.0
450,5,201.0,504.0,61.0,151.0,1,1,1.0
454,5,209.0,499.0,75.0,155.0,1,1,1.0
455,5,215.0,497.0,72.0,155.0,1,1,1.0
456,5,224.0,496.0,64.0,153.0,1,1,1.0
457,5,231.0,496.0,57.0,152.0,1,1,1.0
460,5,235.0,495.0,58.0,153.0,1,1,1.0
464,5,260.0,493.0,63.0,153.0,1,1,1.0
465,5,259.0,492.0,67.0,153.0,1,1,1.0
466,5,262.0,490.0,65.0,154.0,1,1,1.0
467,5,266.0,488.0,61.0,155.0,1,1,1.0
468,5,275.0,487.0,52.0,154.0,1,1,1.0
469,5,280.0,487.0,48.0,151.0,1,1,1.0
470,5,283.0,485.0,48.0,151.0,1,1,1.0
471,5,287.0,484.0,51.0,152.0,1,1,1.0
472,5,290.0,483.0,59.0,152.0,1,1,1.0
474,5,297.0,482.0,75.0,154.0,1,1,1.0
476,5,302.0,482.0,77.0,152.0,1,1,1.0
478,5,306.0,482.0,75.0,151.0,1,1,1.0
480,5,319.0,482.0,63.0,149.0,1,1,1.0
486,5,351.0,485.0,66.0,146.0,1,1,1.0
487,5,355.0,484.0,67.0,147.0,1,1,1.0
491,5,369.0,479.0,59.0,148.0,1,1,1.0
492,5,371.0,478.0,56.0,148.0,1,1,1.0
495,5,391.0,476.0,41.0,146.0,1,1,1.0
499,5,403.0,478.0,68.0,145.0,1,1,1.0
500,5,404.0,475.0,73.0,147.0,1,1,1.0
501,5,405.0,475.0,74.0,147.0,1,1,1.0
502,5,406.0,475.0,76.0,147.0,1,1,1.0
503,5,408.0,474.0,74.0,146.0,1,1,1.0
504,5,417.0,473.0,65.0,144.0,1,1,1.0
505,5,422.0,472.0,58.0,147.0,1,1,1.0
507,5,438.0,471.0,43.0,143.0,1,1,1.0
510,5,449.0,469.0,47.0,144.0,1,1,1.0
511,5,451.0,469.0,53.0,144.0,1,1,1.0
513,5,456.0,470.0,58.0,143.0,1,1,1.0
514,5,457.0,473.0,59.0,137.0,1,1,1.0
515,5,460.0,469.0,56.0,140.0,1,1,1.0
516,5,464.0,467.0,54.0,142.0,1,1,1.0
518,5,464.0,464.0,55.0,141.0,1,1,1.0
520,5,482.0,464.0,47.0,139.0,1,1,1.0
521,5,486.0,462.0,50.0,141.0,1,1,1.0
522,5,488.0,462.0,57.0,141.0,1,1,1.0
527,5,497.0,461.0,66.0,138.0,1,1,1.0
528,5,506.0,461.0,58.0,136.0,1,1,1.0
530,5,517.0,458.0,48.0,137.0,1,1,1.0
531,5,518.0,458.0,47.0,137.0,1,1,1.0
535,5,530.0,457.0,53.0,138.0,1,1,1.0
536,5,532.0,457.0,58.0,138.0,1,1,1.0
537,5,535.0,458.0,61.0,137.0,1,1,1.0
538,5,539.0,458.0,61.0,136.0,1,1,1.0
539,5,542.0,457.0,58.0,137.0,1,1,1.0
540,5,545.0,456.0,56.0,137.0,1,1,1.0
542,5,548.0,453.0,54.0,137.0,1,1,1.0
547,5,569.0,453.0,60.0,134.0,1,1,1.0
548,5,572.0,454.0,65.0,133.0,1,1,1.0
552,5,576.0,450.0,70.0,135.0,1,1,1.0
553,5,581.0,450.0,65.0,135.0,1,1,1.0
554,5,588.0,450.0,59.0,134.0,1,1,1.0
555,5,595.0,450.0,51.0,133.0,1,1,1.0
556,5,606.0,450.0,41.0,133.0,1,1,1.0
561,5,605.0,447.0,70.0,132.0,1,1,1.0
565,5,625.0,447.0,59.0,131.0,1,1,1.0
566,5,629.0,446.0,55.0,133.0,1,1,1.0
567,5,633.0,445.0,51.0,134.0,1,1,1.0
568,5,637.0,444.0,47.0,134.0,1,1,1.0
569,5,640.0,445.0,47.0,132.0,1,1,1.0
570,5,647.0,444.0,48.0,128.0,1,1,1.0
573,5,660.0,445.0,41.0,130.0,1,1,1.0
574,5,661.0,445.0,40.0,131.0,1,1,1.0
575,5,662.0,444.0,41.0,132.0,1,1,1.0
576,5,663.0,444.0,41.0,133.0,1,1,1.0
577,5,665.0,444.0,40.0,133.0,1,1,1.0
578,5,669.0,444.0,40.0,133.0,1,1,1.0
579,5,672.0,445.0,35.0,133.0,1,1,1.0
580,5,675.0,444.0,49.0,133.0,1,1,1.0
585,5,685.0,447.0,50.0,130.0,1,1,1.0
586,5,686.0,448.0,52.0,130.0,1,1,1.0
587,5,686.0,449.0,52.0,130.0,1,1,1.0
588,5,688.0,449.0,52.0,131.0,1,1,1.0
589,5,688.0,449.0,52.0,132.0,1,1,1.0
590,5,688.0,448.0,52.0,133.0,1,1,1.0
590,6,706.0,444.0,42.0,127.0,1,1,1.0
591,5,689.0,448.0,52.0,133.0,1,1,1.0
591,6,719.0,444.0,30.0,127.0,1,1,1.0
592,5,691.0,447.0,50.0,134.0,1,1,1.0
593,5,694.0,447.0,48.0,134.0,1,1,1.0
594,5,698.0,447.0,48.0,134.0,1,1,1.0
594,6,729.0,445.0,35.0,129.0,1,1,1.0
595,5,702.0,447.0,46.0,134.0,1,1,1.0
596,5,707.0,447.0,41.0,133.0,1,1,1.0
599,5,713.0,451.0,44.0,134.0,1,1,1.0
599,6,740.0,447.0,34.0,131.0,1,1,1.0
600,5,714.0,452.0,44.0,136.0,1,1,1.0
600,6,742.0,447.0,32.0,131.0,1,1,1.0
601,5,716.0,453.0,44.0,135.0,1,1,1.0
601,6,744.0,448.0,32.0,130.0,1,1,1.0
602,5,717.0,454.0,44.0,135.0,1,1,1.0
602,6,747.0,448.0,31.0,130.0,1,1,1.0
603,5,719.0,454.0,43.0,136.0,1,1,1.0
603,6,749.0,448.0,33.0,130.0,1,1,1.0
604,5,721.0,453.0,41.0,136.0,1,1,1.0
604,6,752.0,447.0,35.0,130.0,1,1,1.0
605,5,722.0,452.0,39.0,138.0,1,1,1.0
605,6,753.0,447.0,40.0,131.0,1,1,1.0
606,5,725.0,452.0,41.0,138.0,1,1,1.0
606,6,755.0,448.0,46.0,131.0,1,1,1.0
607,5,726.0,452.0,41.0,138.0,1,1,1.0
607,6,755.0,449.0,52.0,130.0,1,1,1.0
608,5,729.0,452.0,43.0,138.0,1,1,1.0
608,6,758.0,450.0,54.0,130.0,1,1,1.0
609,5,731.0,452.0,42.0,138.0,1,1,1.0
609,6,761.0,451.0,53.0,130.0,1,1,1.0
610,5,734.0,452.0,44.0,137.0,1,1,1.0
610,6,760.0,452.0,55.0,133.0,1,1,1.0
611,5,736.0,453.0,47.0,138.0,1,1,1.0
611,6,758.0,452.0,57.0,132.0,1,1,1.0
612,5,738.0,454.0,51.0,137.0,1,1,1.0
612,6,764.0,451.0,51.0,133.0,1,1,1.0
613,5,739.0,455.0,52.0,137.0,1,1,1.0
613,6,769.0,451.0,46.0,133.0,1,1,1.0
614,5,739.0,456.0,53.0,137.0,1,1,1.0
614,6,774.0,450.0,41.0,133.0,1,1,1.0
615,5,739.0,455.0,53.0,138.0,1,1,1.0
615,6,777.0,450.0,38.0,134.0,1,1,1.0
616,5,740.0,455.0,53.0,138.0,1,1,1.0
616,6,780.0,450.0,36.0,134.0,1,1,1.0
617,5,742.0,454.0,51.0,139.0,1,1,1.0
617,6,784.0,450.0,32.0,134.0,1,1,1.0
618,5,746.0,454.0,48.0,139.0,1,1,1.0
618,6,786.0,450.0,33.0,137.0,1,1,1.0
619,5,752.0,454.0,43.0,139.0,1,1,1.0
619,6,788.0,451.0,35.0,138.0,1,1,1.0
620,5,758.0,454.0,40.0,140.0,1,1,1.0
620,6,790.0,452.0,38.0,138.0,1,1,1.0
621,5,762.0,454.0,38.0,141.0,1,1,1.0
621,6,794.0,454.0,39.0,137.0,1,1,1.0
622,5,765.0,455.0,39.0,141.0,1,1,1.0
622,6,796.0,455.0,39.0,136.0,1,1,1.0
623,5,767.0,456.0,42.0,143.0,1,1,1.0
623,6,795.0,455.0,41.0,136.0,1,1,1.0
624,5,769.0,457.0,44.0,144.0,1,1,1.0
624,6,799.0,455.0,38.0,137.0,1,1,1.0
625,5,771.0,458.0,44.0,144.0,1,1,1.0
625,6,802.0,455.0,35.0,137.0,1,1,1.0
626,5,773.0,459.0,45.0,145.0,1,1,1.0
626,6,806.0,455.0,33.0,137.0,1,1,1.0
627,5,775.0,459.0,44.0,145.0,1,1,1.0
627,6,809.0,455.0,33.0,138.0,1,1,1.0
628,5,776.0,459.0,45.0,145.0,1,1,1.0
628,6,812.0,455.0,35.0,137.0,1,1,1.0
629,5,780.0,459.0,43.0,145.0,1,1,1.0
629,6,814.0,455.0,36.0,137.0,1,1,1.0
630,5,783.0,459.0,41.0,145.0,1,1,1.0
630,6,816.0,455.0,40.0,136.0,1,1,1.0
631,5,786.0,458.0,40.0,146.0,1,1,1.0
631,6,817.0,456.0,47.0,137.0,1,1,1.0
632,5,790.0,458.0,40.0,146.0,1,1,1.0
632,6,817.0,457.0,55.0,138.0,1,1,1.0
633,5,792.0,459.0,41.0,145.0,1,1,1.0
633,6,818.0,458.0,59.0,137.0,1,1,1.0
634,5,795.0,459.0,43.0,145.0,1,1,1.0
634,6,819.0,459.0,61.0,139.0,1,1,1.0
635,5,797.0,459.0,50.0,145.0,1,1,1.0
635,6,819.0,459.0,61.0,139.0,1,1,1.0
636,5,797.0,461.0,58.0,145.0,1,1,1.0
636,6,816.0,460.0,64.0,138.0,1,1,1.0
637,5,798.0,462.0,65.0,145.0,1,1,1.0
637,6,817.0,459.0,63.0,139.0,1,1,1.0
638,5,798.0,463.0,67.0,145.0,1,1,1.0
638,6,823.0,459.0,58.0,139.0,1,1,1.0
639,5,798.0,463.0,67.0,146.0,1,1,1.0
639,6,833.0,459.0,49.0,140.0,1,1,1.0
640,5,800.0,463.0,65.0,145.0,1,1,1.0
640,6,844.0,458.0,39.0,140.0,1,1,1.0
641,5,804.0,462.0,62.0,146.0,1,1,1.0
641,6,850.0,458.0,33.0,140.0,1,1,1.0
642,5,810.0,461.0,57.0,148.0,1,1,1.0
642,6,855.0,459.0,31.0,142.0,1,1,1.0
643,5,817.0,461.0,51.0,148.0,1,1,1.0
643,6,858.0,459.0,30.0,144.0,1,1,1.0
644,5,825.0,461.0,44.0,148.0,1,1,1.0
644,6,861.0,460.0,34.0,145.0,1,1,1.0
645,5,831.0,462.0,41.0,149.0,1,1,1.0
645,6,863.0,461.0,39.0,145.0,1,1,1.0
646,5,836.0,462.0,39.0,151.0,1,1,1.0
646,6,866.0,462.0,40.0,145.0,1,1,1.0
647,5,839.0,463.0,41.0,151.0,1,1,1.0
647,6,869.0,463.0,40.0,145.0,1,1,1.0
648,5,841.0,464.0,43.0,151.0,1,1,1.0
648,6,873.0,464.0,36.0,145.0,1,1,1.0
649,5,844.0,466.0,46.0,151.0,1,1,1.0
649,6,877.0,465.0,33.0,145.0,1,1,1.0
650,5,846.0,467.0,49.0,150.0,1,1,1.0
650,6,879.0,464.0,32.0,147.0,1,1,1.0
651,5,846.0,468.0,53.0,150.0,1,1,1.0
651,6,883.0,464.0,32.0,146.0,1,1,1.0
652,5,847.0,468.0,53.0,151.0,1,1,1.0
652,6,887.0,464.0,34.0,146.0,1,1,1.0
653,5,850.0,468.0,50.0,151.0,1,1,1.0
653,6,890.0,463.0,35.0,145.0,1,1,1.0
654,5,855.0,467.0,47.0,152.0,1,1,1.0
654,6,891.0,463.0,41.0,145.0,1,1,1.0
655,5,861.0,467.0,44.0,153.0,1,1,1.0
655,6,891.0,464.0,51.0,145.0,1,1,1.0
656,5,866.0,467.0,42.0,152.0,1,1,1.0
657,5,869.0,467.0,42.0,152.0,1,1,1.0
657,6,894.0,466.0,64.0,145.0,1,1,1.0
658,5,872.0,467.0,43.0,152.0,1,1,1.0
658,6,895.0,467.0,66.0,146.0,1,1,1.0
659,5,874.0,468.0,48.0,151.0,1,1,1.0
659,6,901.0,468.0,61.0,147.0,1,1,1.0
660,5,877.0,469.0,55.0,151.0,1,1,1.0
660,6,894.0,468.0,69.0,146.0,1,1,1.0
661,5,878.0,470.0,61.0,152.0,1,1,1.0
661,6,909.0,467.0,54.0,147.0,1,1,1.0
662,5,879.0,471.0,65.0,152.0,1,1,1.0
662,6,918.0,467.0,45.0,148.0,1,1,1.0
663,5,880.0,472.0,65.0,153.0,1,1,1.0
664,5,880.0,472.0,67.0,154.0,1,1,1.0
664,6,926.0,466.0,44.0,148.0,1,1,1.0
665,5,881.0,472.0,68.0,155.0,1,1,1.0
665,6,931.0,467.0,47.0,148.0,1,1,1.0
666,5,883.0,471.0,66.0,156.0,1,1,1.0
666,6,934.0,467.0,47.0,151.0,1,1,1.0
667,5,889.0,471.0,60.0,156.0,1,1,1.0
667,6,938.0,468.0,45.0,153.0,1,1,1.0
668,5,895.0,471.0,64.0,157.0,1,1,1.0
668,6,940.0,468.0,45.0,153.0,1,1,1.0
669,5,904.0,471.0,52.0,156.0,1,1,1.0
669,6,943.0,469.0,46.0,153.0,1,1,1.0
670,5,913.0,470.0,46.0,158.0,1,1,1.0
670,6,942.0,470.0,50.0,153.0,1,1,1.0
671,5,918.0,471.0,44.0,160.0,1,1,1.0
671,6,942.0,471.0,52.0,154.0,1,1,1.0
672,5,922.0,472.0,43.0,161.0,1,1,1.0
672,6,949.0,471.0,47.0,154.0,1,1,1.0
673,5,924.0,474.0,48.0,161.0,1,1,1.0
673,6,955.0,471.0,44.0,155.0,1,1,1.0
674,5,926.0,476.0,51.0,160.0,1,1,1.0
674,6,958.0,470.0,44.0,155.0,1,1,1.0
675,5,926.0,477.0,55.0,160.0,1,1,1.0
675,6,962.0,470.0,45.0,155.0,1,1,1.0
676,5,927.0,478.0,58.0,160.0,1,1,1.0
676,6,965.0,470.0,45.0,155.0,1,1,1.0
677,5,928.0,478.0,59.0,160.0,1,1,1.0
677,6,968.0,470.0,44.0,154.0,1,1,1.0
678,5,931.0,478.0,58.0,161.0,1,1,1.0
678,6,971.0,470.0,46.0,154.0,1,1,1.0
679,5,936.0,478.0,54.0,161.0,1,1,1.0
679,6,973.0,471.0,53.0,155.0,1,1,1.0
680,5,942.0,477.0,50.0,161.0,1,1,1.0
680,6,975.0,473.0,60.0,155.0,1,1,1.0
681,5,951.0,477.0,44.0,154.0,1,1,1.0
681,6,978.0,474.0,62.0,155.0,1,1,1.0
682,5,956.0,477.0,43.0,159.0,1,1,1.0
682,6,977.0,475.0,65.0,155.0,1,1,1.0
683,5,959.0,478.0,44.0,160.0,1,1,1.0
683,6,976.0,476.0,66.0,157.0,1,1,1.0
684,5,961.0,478.0,49.0,161.0,1,1,1.0
684,6,976.0,475.0,67.0,157.0,1,1,1.0
685,5,962.0,479.0,58.0,161.0,1,1,1.0
685,6,976.0,475.0,67.0,158.0,1,1,1.0
686,5,963.0,480.0,62.0,161.0,1,1,1.0
686,6,978.0,475.0,65.0,158.0,1,1,1.0
687,5,963.0,481.0,65.0,161.0,1,1,1.0
687,6,984.0,475.0,62.0,158.0,1,1,1.0
688,5,964.0,481.0,65.0,161.0,1,1,1.0
689,5,966.0,480.0,64.0,162.0,1,1,1.0
689,6,1004.0,474.0,47.0,159.0,1,1,1.0
690,5,970.0,480.0,60.0,162.0,1,1,1.0
690,6,1011.0,474.0,43.0,160.0,1,1,1.0
691,5,977.0,480.0,59.0,162.0,1,1,1.0
691,6,1016.0,475.0,40.0,163.0,1,1,1.0
692,5,981.0,480.0,55.0,163.0,1,1,1.0
692,6,1020.0,476.0,43.0,163.0,1,1,1.0
693,5,993.0,480.0,45.0,164.0,1,1,1.0
695,5,1002.0,482.0,44.0,169.0,1,1,1.0
695,6,1032.0,478.0,47.0,164.0,1,1,1.0
697,5,1005.0,485.0,53.0,168.0,1,1,1.0
698,5,1003.0,487.0,59.0,168.0,1,1,1.0
698,6,1023.0,479.0,61.0,165.0,1,1,1.0
699,5,1003.0,488.0,61.0,168.0,1,1,1.0
699,6,1025.0,480.0,60.0,164.0,1,1,1.0
700,5,1005.0,487.0,61.0,169.0,1,1,1.0
700,6,1040.0,481.0,48.0,164.0,1,1,1.0
701,5,1009.0,485.0,64.0,171.0,1,1,1.0
701,6,1048.0,480.0,44.0,164.0,1,1,1.0
702,5,1016.0,486.0,57.0,170.0,1,1,1.0
702,6,1052.0,480.0,44.0,164.0,1,1,1.0
703,5,1025.0,486.0,49.0,170.0,1,1,1.0
703,6,1056.0,481.0,44.0,162.0,1,1,1.0
704,5,1031.0,486.0,49.0,170.0,1,1,1.0
705,5,1034.0,487.0,50.0,169.0,1,1,1.0
705,6,1053.0,482.0,65.0,163.0,1,1,1.0
706,5,1037.0,488.0,52.0,168.0,1,1,1.0
706,6,1056.0,484.0,69.0,164.0,1,1,1.0
707,5,1037.0,489.0,60.0,167.0,1,1,1.0
708,5,1037.0,489.0,73.0,168.0,1,1,1.0
709,5,1037.0,491.0,80.0,168.0,1,1,1.0
709,6,1056.0,485.0,79.0,166.0,1,1,1.0
710,5,1038.0,492.0,83.0,169.0,1,1,1.0
710,6,1057.0,485.0,80.0,166.0,1,1,1.0
711,5,1039.0,493.0,85.0,170.0,1,1,1.0
711,6,1058.0,485.0,79.0,166.0,1,1,1.0
712,5,1040.0,493.0,85.0,171.0,1,1,1.0
712,6,1064.0,485.0,73.0,166.0,1,1,1.0
713,5,1044.0,492.0,82.0,172.0,1,1,1.0
715,5,1057.0,487.0,79.0,177.0,1,1,1.0
717,5,1078.0,489.0,59.0,176.0,1,1,1.0
718,5,1090.0,488.0,55.0,179.0,1,1,1.0
719,5,1095.0,490.0,50.0,180.0,1,1,1.0
721,5,1098.0,496.0,59.0,177.0,1,1,1.0
722,5,1098.0,499.0,67.0,176.0,1,1,1.0
723,5,1109.0,496.0,66.0,172.0,1,1,1.0
723,6,1096.0,496.0,74.0,181.0,1,1,1.0
724,5,1113.0,496.0,66.0,171.0,1,1,1.0
724,6,1097.0,496.0,74.0,183.0,1,1,1.0
725,5,1105.0,499.0,70.0,177.0,1,1,1.0
726,5,1104.0,497.0,75.0,182.0,1,1,1.0
727,5,1122.0,497.0,58.0,183.0,1,1,1.0
728,5,1132.0,497.0,51.0,184.0,1,1,1.0
729,5,1137.0,497.0,51.0,185.0,1,1,1.0
732,5,1145.0,500.0,59.0,182.0,1,1,1.0
733,5,1146.0,505.0,66.0,179.0,1,1,1.0
736,5,1148.0,513.0,80.0,177.0,1,1,1.0
737,5,1162.0,507.0,74.0,176.0,1,1,1.0
739,5,1184.0,505.0,61.0,175.0,1,1,1.0
746,5,1203.0,515.0,64.0,190.0,1,1,1.0
747,5,1204.0,517.0,69.0,190.0,1,1,1.0
748,5,1215.0,516.0,70.0,184.0,1,1,1.0
750,5,1210.0,523.0,74.0,188.0,1,1,1.0
751,5,1210.0,524.0,78.0,189.0,1,1,1.0
753,5,1241.0,524.0,54.0,190.0,1,1,1.0
754,5,1249.0,524.0,54.0,191.0,1,1,1.0
756,5,1254.0,525.0,59.0,188.0,1,1,1.0
757,5,1254.0,527.0,67.0,188.0,1,1,1.0
758,5,1265.0,525.0,80.0,183.0,1,1,1.0
759,5,1259.0,529.0,91.0,185.0,1,1,1.0
761,5,1279.0,524.0,83.0,182.0,1,1,1.0
762,5,1291.0,524.0,73.0,181.0,1,1,1.0
762,7,1254.0,533.0,100.0,191.0,1,1,1.0
763,5,1300.0,524.0,66.0,180.0,1,1,1.0
763,7,1259.0,534.0,94.0,190.0,1,1,1.0
765,7,1282.0,533.0,79.0,191.0,1,1,1.0
768,5,1322.0,528.0,99.0,200.0,1,1,1.0
771,5,1341.0,533.0,89.0,189.0,1,1,1.0
771,7,1322.0,535.0,85.0,199.0,1,1,1.0
773,7,1326.0,540.0,89.0,193.0,1,1,1.0
775,5,1370.0,535.0,57.0,199.0,1,1,1.0
776,5,1376.0,535.0,56.0,201.0,1,1,1.0
777,5,1379.0,537.0,56.0,195.0,1,1,1.0
778,5,1381.0,537.0,68.0,193.0,1,1,1.0
779,7,1380.0,540.0,85.0,197.0,1,1,1.0
781,7,1385.0,546.0,75.0,196.0,1,1,1.0
782,7,1384.0,546.0,89.0,197.0,1,1,1.0
783,5,1402.0,544.0,76.0,188.0,1,1,1.0
783,7,1385.0,548.0,95.0,198.0,1,1,1.0
784,5,1399.0,544.0,84.0,191.0,1,1,1.0
784,7,1386.0,550.0,96.0,198.0,1,1,1.0
785,7,1386.0,547.0,99.0,204.0,1,1,1.0
786,7,1389.0,546.0,100.0,206.0,1,1,1.0
787,7,1396.0,545.0,107.0,207.0,1,1,1.0
788,7,1405.0,546.0,110.0,207.0,1,1,1.0
789,7,1416.0,546.0,109.0,206.0,1,1,1.0
790,7,1429.0,547.0,104.0,206.0,1,1,1.0
791,7,1443.0,548.0,96.0,206.0,1,1,1.0
792,7,1452.0,550.0,93.0,207.0,1,1,1.0
794,5,1455.0,556.0,74.0,211.0,1,1,1.0
795,5,1456.0,556.0,84.0,211.0,1,1,1.0
797,5,1457.0,558.0,93.0,214.0,1,1,1.0
798,5,1457.0,559.0,97.0,215.0,1,1,1.0
799,5,1463.0,559.0,96.0,216.0,1,1,1.0
800,5,1473.0,559.0,92.0,216.0,1,1,1.0
801,5,1486.0,560.0,86.0,216.0,1,1,1.0
803,5,1506.0,562.0,94.0,213.0,1,1,1.0
805,5,1520.0,570.0,74.0,205.0,1,1,1.0
806,5,1523.0,571.0,78.0,206.0,1,1,1.0
807,5,1523.0,575.0,89.0,203.0,1,1,1.0
807,8,1521.0,567.0,93.0,194.0,1,1,1.0
808,8,1521.0,568.0,100.0,209.0,1,1,1.0
811,8,1527.0,569.0,117.0,217.0,1,1,1.0
812,8,1535.0,571.0,120.0,216.0,1,1,1.0
813,8,1546.0,572.0,123.0,215.0,1,1,1.0
814,8,1558.0,574.0,111.0,212.0,1,1,1.0
815,5,1579.0,576.0,85.0,210.0,1,1,1.0
816,5,1584.0,577.0,84.0,212.0,1,1,1.0
817,5,1593.0,578.0,78.0,216.0,1,1,1.0
818,5,1596.0,579.0,92.0,220.0,1,1,1.0
819,5,1597.0,580.0,93.0,222.0,1,1,1.0
820,5,1597.0,581.0,95.0,222.0,1,1,1.0
821,5,1597.0,581.0,99.0,222.0,1,1,1.0
822,5,1597.0,582.0,102.0,223.0,1,1,1.0
823,5,1598.0,582.0,104.0,225.0,1,1,1.0
824,5,1605.0,583.0,102.0,225.0,1,1,1.0
825,5,1616.0,584.0,97.0,225.0,1,1,1.0
826,5,1628.0,585.0,90.0,223.0,1,1,1.0
830,5,1662.0,591.0,80.0,215.0,1,1,1.0
831,5,1664.0,593.0,85.0,216.0,1,1,1.0
832,5,1666.0,595.0,91.0,215.0,1,1,1.0
833,5,1668.0,596.0,98.0,215.0,1,1,1.0
834,5,1668.0,599.0,103.0,214.0,1,1,1.0
835,5,1669.0,597.0,107.0,218.0,1,1,1.0
836,5,1675.0,596.0,104.0,219.0,1,1,1.0
837,5,1689.0,596.0,94.0,220.0,1,1,1.0
839,5,1725.0,598.0,67.0,218.0,1,1,1.0
840,5,1711.0,599.0,86.0,216.0,1,1,1.0
