21,1,1255.0,953.0,141.0,126.0,1,1,1.0
22,1,1236.0,950.0,157.0,129.0,1,1,1.0
23,1,1241.0,947.0,147.0,132.0,1,1,1.0
24,1,1241.0,943.0,142.0,135.0,1,1,1.0
26,1,1233.0,934.0,144.0,145.0,1,1,1.0
27,1,1226.0,927.0,148.0,152.0,1,1,1.0
28,1,1216.0,919.0,155.0,160.0,1,1,1.0
29,1,1210.0,910.0,157.0,168.0,1,1,1.0
30,1,1207.0,903.0,158.0,176.0,1,1,1.0
31,1,1203.0,896.0,159.0,183.0,1,1,1.0
32,1,1200.0,890.0,158.0,189.0,1,1,1.0
33,1,1198.0,885.0,156.0,194.0,1,1,1.0
34,1,1194.0,881.0,156.0,197.0,1,1,1.0
35,1,1190.0,878.0,156.0,200.0,1,1,1.0
36,1,1186.0,876.0,153.0,202.0,1,1,1.0
37,1,1182.0,874.0,149.0,204.0,1,1,1.0
38,1,1178.0,871.0,147.0,207.0,1,1,1.0
39,1,1173.0,866.0,144.0,212.0,1,1,1.0
40,1,1168.0,860.0,143.0,219.0,1,1,1.0
41,1,1163.0,853.0,141.0,225.0,1,1,1.0
42,1,1159.0,846.0,140.0,232.0,1,1,1.0
43,1,1156.0,840.0,137.0,238.0,1,1,1.0
44,1,1153.0,836.0,136.0,242.0,1,1,1.0
45,1,1150.0,832.0,134.0,246.0,1,1,1.0
46,1,1147.0,828.0,132.0,250.0,1,1,1.0
47,1,1144.0,825.0,131.0,253.0,1,1,1.0
48,1,1142.0,824.0,129.0,254.0,1,1,1.0
49,1,1139.0,823.0,128.0,256.0,1,1,1.0
50,1,1136.0,821.0,128.0,257.0,1,1,1.0
51,1,1133.0,818.0,127.0,261.0,1,1,1.0
52,1,1130.0,813.0,126.0,266.0,1,1,1.0
53,1,1128.0,807.0,125.0,271.0,1,1,1.0
54,1,1126.0,802.0,125.0,277.0,1,1,1.0
55,1,1123.0,796.0,125.0,282.0,1,1,1.0
56,1,1120.0,791.0,124.0,287.0,1,1,1.0
57,1,1118.0,787.0,124.0,291.0,1,1,1.0
58,1,1115.0,785.0,125.0,293.0,1,1,1.0
59,1,1109.0,783.0,126.0,295.0,1,1,1.0
60,1,1103.0,782.0,128.0,296.0,1,1,1.0
61,1,1102.0,781.0,126.0,297.0,1,1,1.0
62,1,1100.0,780.0,122.0,298.0,1,1,1.0
63,1,1097.0,778.0,119.0,301.0,1,1,1.0
64,1,1094.0,774.0,116.0,304.0,1,1,1.0
65,1,1091.0,769.0,115.0,309.0,1,1,1.0
66,1,1087.0,765.0,113.0,314.0,1,1,1.0
67,1,1085.0,760.0,112.0,318.0,1,1,1.0
68,1,1083.0,756.0,111.0,322.0,1,1,1.0
69,1,1080.0,753.0,110.0,326.0,1,1,1.0
70,1,1079.0,750.0,109.0,329.0,1,1,1.0
71,1,1077.0,747.0,108.0,331.0,1,1,1.0
72,1,1075.0,746.0,107.0,332.0,1,1,1.0
73,1,1073.0,746.0,107.0,332.0,1,1,1.0
74,1,1072.0,746.0,106.0,333.0,1,1,1.0
75,1,1072.0,744.0,103.0,334.0,1,1,1.0
76,1,1071.0,742.0,103.0,336.0,1,1,1.0
77,1,1070.0,738.0,102.0,337.0,1,1,1.0
78,1,1069.0,734.0,102.0,335.0,1,1,1.0
79,1,1068.0,730.0,102.0,325.0,1,1,1.0
80,1,1067.0,726.0,103.0,321.0,1,1,1.0
81,1,1066.0,723.0,102.0,316.0,1,1,1.0
82,1,1065.0,720.0,101.0,314.0,1,1,1.0
83,1,1064.0,719.0,101.0,314.0,1,1,1.0
84,1,1062.0,718.0,101.0,314.0,1,1,1.0
85,1,1060.0,718.0,100.0,315.0,1,1,1.0
86,1,1058.0,717.0,99.0,315.0,1,1,1.0
87,1,1056.0,717.0,99.0,315.0,1,1,1.0
88,1,1053.0,715.0,98.0,316.0,1,1,1.0
89,1,1051.0,713.0,96.0,312.0,1,1,1.0
90,1,1048.0,709.0,95.0,311.0,1,1,1.0
91,1,1046.0,705.0,94.0,306.0,1,1,1.0
92,1,1044.0,701.0,93.0,297.0,1,1,1.0
93,1,1042.0,698.0,93.0,293.0,1,1,1.0
94,1,1041.0,696.0,93.0,293.0,1,1,1.0
95,1,1039.0,694.0,92.0,294.0,1,1,1.0
96,1,1038.0,692.0,91.0,295.0,1,1,1.0
97,1,1037.0,691.0,90.0,296.0,1,1,1.0
98,1,1036.0,691.0,90.0,296.0,1,1,1.0
99,1,1036.0,691.0,89.0,296.0,1,1,1.0
100,1,1035.0,690.0,89.0,296.0,1,1,1.0
101,1,1035.0,688.0,88.0,293.0,1,1,1.0
102,1,1035.0,685.0,87.0,291.0,1,1,1.0
103,1,1034.0,681.0,87.0,287.0,1,1,1.0
104,1,1034.0,677.0,87.0,281.0,1,1,1.0
105,1,1033.0,674.0,87.0,275.0,1,1,1.0
106,1,1033.0,672.0,86.0,274.0,1,1,1.0
107,1,1032.0,671.0,85.0,274.0,1,1,1.0
108,1,1031.0,670.0,85.0,274.0,1,1,1.0
109,1,1030.0,670.0,84.0,274.0,1,1,1.0
110,1,1028.0,670.0,84.0,274.0,1,1,1.0
111,1,1027.0,670.0,84.0,274.0,1,1,1.0
112,1,1025.0,670.0,82.0,273.0,1,1,1.0
113,1,1023.0,668.0,81.0,272.0,1,1,1.0
114,1,1020.0,666.0,81.0,269.0,1,1,1.0
115,1,1017.0,663.0,81.0,266.0,1,1,1.0
116,1,1015.0,660.0,81.0,261.0,1,1,1.0
117,1,1014.0,657.0,81.0,256.0,1,1,1.0
118,1,1013.0,655.0,80.0,255.0,1,1,1.0
119,1,1011.0,653.0,80.0,256.0,1,1,1.0
120,1,1010.0,652.0,79.0,257.0,1,1,1.0
121,1,1009.0,651.0,79.0,258.0,1,1,1.0
122,1,1008.0,652.0,79.0,258.0,1,1,1.0
123,1,1007.0,652.0,79.0,258.0,1,1,1.0
124,1,1007.0,652.0,78.0,257.0,1,1,1.0
125,1,1006.0,650.0,76.0,257.0,1,1,1.0
126,1,1006.0,648.0,76.0,256.0,1,1,1.0
127,1,1004.0,645.0,77.0,255.0,1,1,1.0
128,1,1004.0,642.0,77.0,248.0,1,1,1.0
129,1,1004.0,640.0,76.0,242.0,1,1,1.0
130,1,1004.0,638.0,75.0,240.0,1,1,1.0
131,1,1003.0,637.0,74.0,240.0,1,1,1.0
132,1,1002.0,636.0,74.0,240.0,1,1,1.0
133,1,1000.0,636.0,74.0,240.0,1,1,1.0
134,1,998.0,636.0,75.0,240.0,1,1,1.0
135,1,997.0,636.0,74.0,240.0,1,1,1.0
136,1,995.0,637.0,72.0,240.0,1,1,1.0
137,1,993.0,636.0,72.0,238.0,1,1,1.0
138,1,991.0,634.0,71.0,237.0,1,1,1.0
139,1,988.0,631.0,71.0,235.0,1,1,1.0
140,1,986.0,629.0,70.0,231.0,1,1,1.0
141,1,985.0,626.0,69.0,227.0,1,1,1.0
142,1,983.0,624.0,69.0,226.0,1,1,1.0
143,1,983.0,623.0,69.0,227.0,1,1,1.0
144,1,982.0,622.0,69.0,227.0,1,1,1.0
145,1,981.0,621.0,69.0,228.0,1,1,1.0
146,1,980.0,622.0,69.0,228.0,1,1,1.0
147,1,979.0,622.0,69.0,227.0,1,1,1.0
148,1,979.0,622.0,68.0,227.0,1,1,1.0
149,1,980.0,622.0,67.0,226.0,1,1,1.0
150,1,980.0,620.0,67.0,225.0,1,1,1.0
151,1,980.0,618.0,67.0,224.0,1,1,1.0
152,1,980.0,616.0,67.0,221.0,1,1,1.0
153,1,980.0,614.0,67.0,216.0,1,1,1.0
154,1,981.0,612.0,66.0,215.0,1,1,1.0
155,1,981.0,610.0,65.0,214.0,1,1,1.0
156,1,980.0,609.0,65.0,214.0,1,1,1.0
157,1,980.0,609.0,64.0,214.0,1,1,1.0
158,1,979.0,609.0,64.0,214.0,1,1,1.0
159,1,978.0,610.0,64.0,213.0,1,1,1.0
160,1,978.0,610.0,64.0,213.0,1,1,1.0
161,1,977.0,609.0,64.0,214.0,1,1,1.0
162,1,975.0,608.0,63.0,212.0,1,1,1.0
163,1,974.0,606.0,63.0,211.0,1,1,1.0
164,1,972.0,604.0,63.0,209.0,1,1,1.0
165,1,971.0,602.0,63.0,204.0,1,1,1.0
166,1,970.0,600.0,63.0,202.0,1,1,1.0
167,1,969.0,598.0,63.0,202.0,1,1,1.0
168,1,969.0,597.0,62.0,202.0,1,1,1.0
169,1,968.0,597.0,63.0,203.0,1,1,1.0
170,1,967.0,597.0,63.0,203.0,1,1,1.0
171,1,967.0,597.0,62.0,203.0,1,1,1.0
172,1,967.0,597.0,62.0,203.0,1,1,1.0
173,1,967.0,597.0,61.0,202.0,1,1,1.0
174,1,967.0,596.0,60.0,202.0,1,1,1.0
175,1,967.0,595.0,60.0,201.0,1,1,1.0
176,1,967.0,593.0,60.0,199.0,1,1,1.0
177,1,967.0,592.0,60.0,195.0,1,1,1.0
178,1,967.0,590.0,59.0,192.0,1,1,1.0
179,1,967.0,589.0,59.0,192.0,1,1,1.0
180,1,966.0,588.0,59.0,191.0,1,1,1.0
181,1,965.0,588.0,59.0,191.0,1,1,1.0
182,1,963.0,588.0,59.0,191.0,1,1,1.0
183,1,961.0,588.0,60.0,191.0,1,1,1.0
184,1,960.0,589.0,59.0,190.0,1,1,1.0
185,1,958.0,589.0,59.0,189.0,1,1,1.0
186,1,956.0,588.0,58.0,189.0,1,1,1.0
187,1,955.0,586.0,58.0,189.0,1,1,1.0
188,1,953.0,585.0,58.0,187.0,1,1,1.0
189,1,951.0,583.0,58.0,185.0,1,1,1.0
190,1,949.0,581.0,58.0,183.0,1,1,1.0
191,1,948.0,580.0,56.0,182.0,1,1,1.0
192,1,947.0,579.0,55.0,183.0,1,1,1.0
193,1,946.0,578.0,55.0,183.0,1,1,1.0
194,1,944.0,578.0,55.0,183.0,1,1,1.0
195,1,943.0,579.0,55.0,182.0,1,1,1.0
196,1,942.0,579.0,55.0,182.0,1,1,1.0
197,1,942.0,580.0,55.0,182.0,1,1,1.0
198,1,941.0,579.0,55.0,181.0,1,1,1.0
199,1,940.0,578.0,55.0,181.0,1,1,1.0
200,1,939.0,577.0,55.0,181.0,1,1,1.0
201,1,938.0,576.0,56.0,177.0,1,1,1.0
202,1,937.0,574.0,57.0,176.0,1,1,1.0
203,1,936.0,573.0,56.0,175.0,1,1,1.0
204,1,935.0,572.0,55.0,173.0,1,1,1.0
205,1,934.0,572.0,54.0,173.0,1,1,1.0
206,1,933.0,571.0,54.0,173.0,1,1,1.0
207,1,931.0,572.0,55.0,173.0,1,1,1.0
208,1,929.0,572.0,55.0,172.0,1,1,1.0
209,1,928.0,573.0,54.0,171.0,1,1,1.0
210,1,927.0,573.0,53.0,172.0,1,1,1.0
211,1,925.0,571.0,51.0,172.0,1,1,1.0
212,1,923.0,570.0,51.0,171.0,1,1,1.0
213,1,922.0,568.0,52.0,169.0,1,1,1.0
214,1,920.0,566.0,52.0,167.0,1,1,1.0
215,1,920.0,565.0,51.0,166.0,1,1,1.0
216,1,919.0,564.0,51.0,166.0,1,1,1.0
217,1,917.0,564.0,50.0,167.0,1,1,1.0
218,1,916.0,564.0,50.0,167.0,1,1,1.0
219,1,916.0,564.0,50.0,167.0,1,1,1.0
220,1,915.0,564.0,50.0,167.0,1,1,1.0
221,1,915.0,564.0,50.0,166.0,1,1,1.0
222,1,915.0,565.0,49.0,165.0,1,1,1.0
223,1,915.0,564.0,49.0,164.0,1,1,1.0
224,1,915.0,564.0,48.0,164.0,1,1,1.0
225,1,915.0,562.0,47.0,162.0,1,1,1.0
226,1,914.0,561.0,48.0,160.0,1,1,1.0
227,1,914.0,560.0,48.0,159.0,1,1,1.0
228,1,913.0,559.0,49.0,158.0,1,1,1.0
229,1,913.0,559.0,49.0,158.0,1,1,1.0
230,1,912.0,559.0,50.0,159.0,1,1,1.0
231,1,911.0,559.0,50.0,158.0,1,1,1.0
232,1,910.0,560.0,49.0,158.0,1,1,1.0
233,1,909.0,560.0,49.0,158.0,1,1,1.0
234,1,908.0,560.0,48.0,157.0,1,1,1.0
235,1,906.0,560.0,48.0,157.0,1,1,1.0
236,1,905.0,559.0,47.0,156.0,1,1,1.0
237,1,904.0,557.0,47.0,154.0,1,1,1.0
238,1,903.0,556.0,47.0,152.0,1,1,1.0
239,1,902.0,554.0,47.0,153.0,1,1,1.0
240,1,901.0,553.0,47.0,153.0,1,1,1.0
241,1,900.0,553.0,47.0,153.0,1,1,1.0
242,1,899.0,553.0,47.0,154.0,1,1,1.0
243,1,899.0,553.0,47.0,153.0,1,1,1.0
244,1,898.0,553.0,47.0,153.0,1,1,1.0
245,1,898.0,554.0,46.0,152.0,1,1,1.0
246,1,898.0,555.0,46.0,151.0,1,1,1.0
247,1,897.0,554.0,46.0,151.0,1,1,1.0
248,1,897.0,554.0,46.0,151.0,1,1,1.0
249,1,897.0,553.0,46.0,148.0,1,1,1.0
250,1,897.0,551.0,46.0,147.0,1,1,1.0
251,1,897.0,551.0,45.0,146.0,1,1,1.0
252,1,896.0,550.0,45.0,146.0,1,1,1.0
253,1,896.0,549.0,45.0,146.0,1,1,1.0
254,1,895.0,549.0,45.0,146.0,1,1,1.0
255,1,895.0,550.0,45.0,146.0,1,1,1.0
256,1,894.0,550.0,45.0,145.0,1,1,1.0
257,1,893.0,551.0,45.0,145.0,1,1,1.0
258,1,892.0,551.0,45.0,144.0,1,1,1.0
259,1,892.0,551.0,44.0,144.0,1,1,1.0
260,1,891.0,550.0,43.0,144.0,1,1,1.0
261,1,890.0,549.0,44.0,142.0,1,1,1.0
262,1,889.0,548.0,44.0,140.0,1,1,1.0
263,1,888.0,546.0,43.0,140.0,1,1,1.0
264,1,888.0,545.0,42.0,141.0,1,1,1.0
265,1,887.0,545.0,42.0,141.0,1,1,1.0
266,1,887.0,545.0,42.0,141.0,1,1,1.0
267,1,887.0,545.0,43.0,140.0,1,1,1.0
268,1,887.0,546.0,42.0,140.0,1,1,1.0
269,1,887.0,546.0,42.0,139.0,1,1,1.0
270,1,888.0,547.0,41.0,139.0,1,1,1.0
271,1,889.0,546.0,40.0,139.0,1,1,1.0
272,1,889.0,545.0,40.0,139.0,1,1,1.0
273,1,889.0,544.0,40.0,137.0,1,1,1.0
274,1,889.0,543.0,41.0,136.0,1,1,1.0
275,1,889.0,542.0,42.0,136.0,1,1,1.0
276,1,889.0,541.0,42.0,135.0,1,1,1.0
277,1,889.0,541.0,42.0,135.0,1,1,1.0
278,1,889.0,541.0,42.0,135.0,1,1,1.0
279,1,889.0,541.0,42.0,135.0,1,1,1.0
280,1,888.0,541.0,42.0,135.0,1,1,1.0
281,1,887.0,542.0,42.0,134.0,1,1,1.0
282,1,887.0,542.0,42.0,134.0,1,1,1.0
283,1,886.0,543.0,43.0,133.0,1,1,1.0
284,1,885.0,542.0,42.0,133.0,1,1,1.0
285,1,884.0,541.0,41.0,133.0,1,1,1.0
286,1,883.0,539.0,41.0,131.0,1,1,1.0
287,1,882.0,538.0,41.0,131.0,1,1,1.0
288,1,882.0,537.0,40.0,131.0,1,1,1.0
289,1,881.0,537.0,40.0,130.0,1,1,1.0
290,1,881.0,537.0,40.0,131.0,1,1,1.0
291,1,881.0,537.0,40.0,131.0,1,1,1.0
292,1,881.0,537.0,40.0,130.0,1,1,1.0
293,1,881.0,538.0,40.0,130.0,1,1,1.0
294,1,880.0,538.0,40.0,130.0,1,1,1.0
295,1,881.0,538.0,40.0,130.0,1,1,1.0
296,1,881.0,538.0,40.0,130.0,1,1,1.0
297,1,881.0,537.0,40.0,129.0,1,1,1.0
298,1,881.0,536.0,40.0,128.0,1,1,1.0
299,1,881.0,535.0,39.0,127.0,1,1,1.0
300,1,881.0,535.0,39.0,126.0,1,1,1.0
301,1,881.0,534.0,38.0,125.0,1,1,1.0
302,1,881.0,534.0,38.0,125.0,1,1,1.0
303,1,881.0,534.0,38.0,125.0,1,1,1.0
304,1,880.0,534.0,38.0,125.0,1,1,1.0
305,1,879.0,534.0,37.0,125.0,1,1,1.0
306,1,878.0,535.0,37.0,124.0,1,1,1.0
307,1,877.0,535.0,37.0,124.0,1,1,1.0
308,1,876.0,534.0,38.0,124.0,1,1,1.0
309,1,875.0,533.0,38.0,123.0,1,1,1.0
310,1,874.0,532.0,38.0,122.0,1,1,1.0
311,1,873.0,531.0,38.0,122.0,1,1,1.0
312,1,873.0,530.0,37.0,122.0,1,1,1.0
313,1,872.0,530.0,37.0,122.0,1,1,1.0
314,1,872.0,529.0,37.0,123.0,1,1,1.0
315,1,872.0,529.0,37.0,123.0,1,1,1.0
316,1,871.0,530.0,37.0,122.0,1,1,1.0
317,1,871.0,530.0,38.0,122.0,1,1,1.0
318,1,871.0,531.0,38.0,121.0,1,1,1.0
319,1,871.0,531.0,38.0,121.0,1,1,1.0
320,1,872.0,530.0,37.0,121.0,1,1,1.0
321,1,872.0,530.0,37.0,121.0,1,1,1.0
322,1,873.0,529.0,37.0,120.0,1,1,1.0
323,1,873.0,528.0,37.0,118.0,1,1,1.0
324,1,873.0,527.0,37.0,118.0,1,1,1.0
325,1,873.0,527.0,37.0,117.0,1,1,1.0
326,1,873.0,526.0,37.0,118.0,1,1,1.0
327,1,872.0,526.0,38.0,118.0,1,1,1.0
328,1,872.0,526.0,37.0,118.0,1,1,1.0
329,1,872.0,527.0,38.0,118.0,1,1,1.0
330,1,871.0,528.0,38.0,117.0,1,1,1.0
331,1,871.0,528.0,37.0,117.0,1,1,1.0
332,1,870.0,527.0,37.0,117.0,1,1,1.0
333,1,870.0,527.0,36.0,116.0,1,1,1.0
334,1,869.0,526.0,36.0,115.0,1,1,1.0
335,1,869.0,526.0,35.0,114.0,1,1,1.0
336,1,869.0,525.0,35.0,113.0,1,1,1.0
337,1,869.0,524.0,33.0,114.0,1,1,1.0
338,1,869.0,524.0,32.0,114.0,1,1,1.0
339,1,869.0,524.0,32.0,114.0,1,1,1.0
340,1,869.0,524.0,33.0,113.0,1,1,1.0
341,1,869.0,525.0,33.0,112.0,1,1,1.0
342,1,869.0,525.0,34.0,112.0,1,1,1.0
343,1,869.0,526.0,33.0,112.0,1,1,1.0
344,1,870.0,526.0,34.0,112.0,1,1,1.0
345,1,870.0,525.0,34.0,111.0,1,1,1.0
346,1,871.0,524.0,33.0,111.0,1,1,1.0
347,1,871.0,524.0,34.0,110.0,1,1,1.0
348,1,871.0,523.0,37.0,110.0,1,1,1.0
349,1,872.0,522.0,38.0,110.0,1,1,1.0
350,1,872.0,522.0,38.0,110.0,1,1,1.0
351,1,872.0,522.0,38.0,110.0,1,1,1.0
352,1,872.0,522.0,38.0,110.0,1,1,1.0
353,1,872.0,522.0,38.0,110.0,1,1,1.0
354,1,872.0,523.0,38.0,110.0,1,1,1.0
355,1,872.0,523.0,38.0,109.0,1,1,1.0
356,1,872.0,522.0,38.0,109.0,1,1,1.0
357,1,872.0,522.0,37.0,110.0,1,1,1.0
358,1,872.0,520.0,37.0,109.0,1,1,1.0
359,1,872.0,519.0,37.0,109.0,1,1,1.0
360,1,872.0,519.0,36.0,108.0,1,1,1.0
361,1,872.0,518.0,36.0,108.0,1,1,1.0
362,1,872.0,518.0,36.0,108.0,1,1,1.0
363,1,873.0,518.0,36.0,108.0,1,1,1.0
364,1,873.0,518.0,36.0,108.0,1,1,1.0
365,1,874.0,518.0,35.0,108.0,1,1,1.0
366,1,874.0,518.0,35.0,108.0,1,1,1.0
367,1,875.0,519.0,34.0,107.0,1,1,1.0
368,1,876.0,519.0,34.0,107.0,1,1,1.0
369,1,877.0,518.0,32.0,107.0,1,1,1.0
370,1,878.0,518.0,32.0,106.0,1,1,1.0
371,1,879.0,518.0,31.0,104.0,1,1,1.0
372,1,879.0,517.0,31.0,104.0,1,1,1.0
373,1,880.0,516.0,31.0,104.0,1,1,1.0
374,1,880.0,516.0,31.0,104.0,1,1,1.0
375,1,880.0,516.0,31.0,104.0,1,1,1.0
376,1,880.0,516.0,31.0,103.0,1,1,1.0
377,1,880.0,516.0,32.0,103.0,1,1,1.0
378,1,879.0,516.0,32.0,103.0,1,1,1.0
379,1,879.0,516.0,32.0,103.0,1,1,1.0
380,1,878.0,517.0,32.0,103.0,1,1,1.0
381,1,878.0,516.0,32.0,102.0,1,1,1.0
382,1,877.0,516.0,32.0,102.0,1,1,1.0
383,1,877.0,515.0,32.0,102.0,1,1,1.0
384,1,877.0,514.0,33.0,102.0,1,1,1.0
385,1,877.0,514.0,33.0,102.0,1,1,1.0
386,1,877.0,514.0,33.0,102.0,1,1,1.0
387,1,878.0,514.0,32.0,101.0,1,1,1.0
388,1,878.0,514.0,32.0,101.0,1,1,1.0
389,1,879.0,514.0,32.0,101.0,1,1,1.0
390,1,881.0,514.0,31.0,101.0,1,1,1.0
391,1,881.0,514.0,32.0,101.0,1,1,1.0
392,1,881.0,514.0,33.0,101.0,1,1,1.0
393,1,882.0,515.0,34.0,100.0,1,1,1.0
394,1,882.0,515.0,34.0,101.0,1,1,1.0
395,1,882.0,514.0,35.0,100.0,1,1,1.0
396,1,882.0,514.0,38.0,101.0,1,1,1.0
397,1,883.0,514.0,41.0,100.0,1,1,1.0
398,1,883.0,514.0,42.0,100.0,1,1,1.0
399,1,882.0,514.0,44.0,100.0,1,1,1.0
400,1,885.0,514.0,44.0,100.0,1,1,1.0
401,1,889.0,514.0,41.0,99.0,1,1,1.0
403,1,893.0,514.0,31.0,99.0,1,1,1.0
404,1,894.0,514.0,30.0,99.0,1,1,1.0
405,1,894.0,514.0,33.0,99.0,1,1,1.0
406,1,895.0,514.0,33.0,99.0,1,1,1.0
407,1,896.0,514.0,34.0,99.0,1,1,1.0
408,1,896.0,514.0,34.0,99.0,1,1,1.0
409,1,896.0,514.0,34.0,99.0,1,1,1.0
411,1,900.0,514.0,31.0,100.0,1,1,1.0
412,1,902.0,513.0,27.0,100.0,1,1,1.0
415,1,906.0,513.0,25.0,101.0,1,1,1.0
417,1,907.0,513.0,25.0,101.0,1,1,1.0
418,1,908.0,513.0,27.0,101.0,1,1,1.0
419,1,908.0,514.0,28.0,101.0,1,1,1.0
420,1,908.0,514.0,29.0,101.0,1,1,1.0
421,1,909.0,514.0,29.0,101.0,1,1,1.0
422,1,909.0,514.0,29.0,101.0,1,1,1.0
423,1,910.0,514.0,29.0,102.0,1,1,1.0
424,1,911.0,514.0,28.0,102.0,1,1,1.0
425,1,913.0,514.0,28.0,102.0,1,1,1.0
426,1,914.0,514.0,28.0,102.0,1,1,1.0
427,1,915.0,513.0,28.0,103.0,1,1,1.0
428,1,916.0,514.0,29.0,103.0,1,1,1.0
429,1,918.0,514.0,30.0,102.0,1,1,1.0
430,1,919.0,514.0,33.0,103.0,1,1,1.0
431,1,921.0,514.0,36.0,103.0,1,1,1.0
432,1,922.0,516.0,39.0,102.0,1,1,1.0
433,1,923.0,516.0,42.0,101.0,1,1,1.0
434,1,923.0,517.0,43.0,101.0,1,1,1.0
435,1,924.0,518.0,43.0,101.0,1,1,1.0
436,1,925.0,518.0,42.0,101.0,1,1,1.0
437,1,926.0,517.0,41.0,102.0,1,1,1.0
438,1,929.0,516.0,38.0,103.0,1,1,1.0
439,1,932.0,516.0,35.0,104.0,1,1,1.0
440,1,937.0,516.0,31.0,104.0,1,1,1.0
441,1,940.0,515.0,29.0,105.0,1,1,1.0
442,1,943.0,515.0,28.0,106.0,1,1,1.0
443,1,944.0,515.0,28.0,107.0,1,1,1.0
444,1,946.0,516.0,29.0,106.0,1,1,1.0
445,1,948.0,517.0,31.0,105.0,1,1,1.0
446,1,950.0,517.0,33.0,106.0,1,1,1.0
447,1,951.0,518.0,34.0,106.0,1,1,1.0
448,1,952.0,518.0,34.0,106.0,1,1,1.0
449,1,954.0,519.0,33.0,105.0,1,1,1.0
450,1,956.0,519.0,31.0,106.0,1,1,1.0
451,1,957.0,519.0,31.0,106.0,1,1,1.0
452,1,958.0,519.0,33.0,106.0,1,1,1.0
453,1,958.0,518.0,35.0,107.0,1,1,1.0
454,1,959.0,518.0,38.0,108.0,1,1,1.0
455,1,964.0,518.0,35.0,109.0,1,1,1.0
456,1,968.0,518.0,36.0,108.0,1,1,1.0
457,1,969.0,519.0,40.0,108.0,1,1,1.0
458,1,971.0,521.0,42.0,107.0,1,1,1.0
459,1,972.0,522.0,43.0,107.0,1,1,1.0
460,1,973.0,522.0,42.0,107.0,1,1,1.0
461,1,974.0,522.0,41.0,107.0,1,1,1.0
462,1,975.0,522.0,40.0,107.0,1,1,1.0
463,1,977.0,522.0,38.0,108.0,1,1,1.0
464,1,980.0,521.0,36.0,108.0,1,1,1.0
465,1,984.0,521.0,33.0,108.0,1,1,1.0
466,1,988.0,520.0,31.0,109.0,1,1,1.0
467,1,990.0,520.0,30.0,110.0,1,1,1.0
468,1,993.0,521.0,29.0,111.0,1,1,1.0
469,1,995.0,522.0,29.0,111.0,1,1,1.0
470,1,997.0,522.0,31.0,111.0,1,1,1.0
471,1,999.0,523.0,35.0,111.0,1,1,1.0
472,1,1000.0,524.0,37.0,110.0,1,1,1.0
473,1,1000.0,525.0,37.0,110.0,1,1,1.0
474,1,1001.0,524.0,36.0,110.0,1,1,1.0
475,1,1005.0,524.0,33.0,110.0,1,1,1.0
476,1,1008.0,524.0,31.0,111.0,1,1,1.0
477,1,1011.0,523.0,31.0,111.0,1,1,1.0
478,1,1014.0,523.0,31.0,112.0,1,1,1.0
479,1,1016.0,523.0,31.0,112.0,1,1,1.0
480,1,1018.0,523.0,32.0,111.0,1,1,1.0
482,2,1090.0,530.0,49.0,117.0,1,1,1.0
483,2,1096.0,529.0,44.0,118.0,1,1,1.0
484,2,1103.0,529.0,38.0,118.0,1,1,1.0
485,2,1111.0,529.0,32.0,118.0,1,1,1.0
486,2,1115.0,529.0,30.0,119.0,1,1,1.0
487,2,1118.0,529.0,28.0,120.0,1,1,1.0
488,2,1120.0,530.0,31.0,121.0,1,1,1.0
489,2,1122.0,531.0,38.0,121.0,1,1,1.0
490,2,1123.0,533.0,43.0,120.0,1,1,1.0
491,2,1124.0,533.0,46.0,120.0,1,1,1.0
492,2,1124.0,534.0,49.0,120.0,1,1,1.0
493,2,1126.0,534.0,48.0,120.0,1,1,1.0
494,2,1130.0,534.0,45.0,121.0,1,1,1.0
495,2,1135.0,533.0,41.0,123.0,1,1,1.0
496,2,1139.0,533.0,36.0,122.0,1,1,1.0
497,2,1143.0,533.0,35.0,124.0,1,1,1.0
498,2,1145.0,533.0,35.0,124.0,1,1,1.0
499,2,1147.0,534.0,39.0,123.0,1,1,1.0
500,2,1147.0,534.0,46.0,122.0,1,1,1.0
501,2,1148.0,535.0,53.0,121.0,1,1,1.0
502,2,1147.0,536.0,59.0,121.0,1,1,1.0
503,2,1151.0,537.0,58.0,120.0,1,1,1.0
504,2,1153.0,537.0,57.0,121.0,1,1,1.0
505,2,1154.0,537.0,56.0,122.0,1,1,1.0
506,2,1158.0,537.0,52.0,122.0,1,1,1.0
507,2,1163.0,536.0,46.0,123.0,1,1,1.0
508,2,1168.0,536.0,42.0,123.0,1,1,1.0
509,2,1176.0,536.0,34.0,123.0,1,1,1.0
510,2,1180.0,536.0,31.0,123.0,1,1,1.0
511,2,1183.0,536.0,31.0,124.0,1,1,1.0
512,2,1184.0,537.0,33.0,125.0,1,1,1.0
513,2,1188.0,537.0,38.0,125.0,1,1,1.0
514,2,1190.0,539.0,42.0,125.0,1,1,1.0
515,2,1191.0,539.0,45.0,125.0,1,1,1.0
516,2,1192.0,540.0,46.0,125.0,1,1,1.0
517,2,1193.0,541.0,47.0,125.0,1,1,1.0
518,2,1196.0,541.0,44.0,125.0,1,1,1.0
519,2,1200.0,540.0,40.0,126.0,1,1,1.0
520,2,1205.0,540.0,36.0,126.0,1,1,1.0
521,2,1210.0,540.0,35.0,127.0,1,1,1.0
522,2,1213.0,540.0,36.0,126.0,1,1,1.0
523,2,1215.0,540.0,37.0,126.0,1,1,1.0
524,2,1218.0,540.0,40.0,126.0,1,1,1.0
525,2,1220.0,540.0,45.0,127.0,1,1,1.0
526,2,1222.0,541.0,50.0,126.0,1,1,1.0
527,2,1222.0,542.0,55.0,126.0,1,1,1.0
528,2,1223.0,543.0,58.0,126.0,1,1,1.0
529,2,1223.0,543.0,59.0,126.0,1,1,1.0
530,2,1225.0,543.0,58.0,127.0,1,1,1.0
531,2,1229.0,543.0,54.0,127.0,1,1,1.0
532,2,1235.0,542.0,49.0,128.0,1,1,1.0
533,2,1242.0,542.0,42.0,128.0,1,1,1.0
534,2,1250.0,542.0,34.0,129.0,1,1,1.0
535,2,1254.0,542.0,32.0,129.0,1,1,1.0
536,2,1258.0,543.0,32.0,130.0,1,1,1.0
537,2,1260.0,544.0,34.0,131.0,1,1,1.0
538,2,1263.0,545.0,41.0,131.0,1,1,1.0
539,2,1264.0,545.0,46.0,131.0,1,1,1.0
540,2,1264.0,546.0,50.0,131.0,1,1,1.0
541,2,1265.0,547.0,51.0,131.0,1,1,1.0
542,2,1266.0,548.0,51.0,131.0,1,1,1.0
543,2,1270.0,548.0,48.0,130.0,1,1,1.0
544,2,1276.0,546.0,42.0,132.0,1,1,1.0
545,2,1282.0,546.0,37.0,133.0,1,1,1.0
546,2,1286.0,546.0,37.0,133.0,1,1,1.0
547,2,1290.0,546.0,36.0,132.0,1,1,1.0
548,2,1294.0,547.0,36.0,132.0,1,1,1.0
549,2,1296.0,547.0,41.0,132.0,1,1,1.0
550,2,1298.0,548.0,49.0,132.0,1,1,1.0
551,2,1299.0,549.0,54.0,131.0,1,1,1.0
552,2,1300.0,549.0,58.0,131.0,1,1,1.0
553,2,1300.0,550.0,58.0,132.0,1,1,1.0
554,2,1301.0,550.0,59.0,133.0,1,1,1.0
555,2,1301.0,551.0,59.0,133.0,1,1,1.0
556,2,1304.0,551.0,58.0,133.0,1,1,1.0
557,2,1309.0,550.0,53.0,134.0,1,1,1.0
558,2,1314.0,550.0,49.0,134.0,1,1,1.0
559,2,1322.0,550.0,41.0,134.0,1,1,1.0
560,2,1328.0,550.0,36.0,135.0,1,1,1.0
561,2,1332.0,550.0,34.0,137.0,1,1,1.0
562,2,1335.0,551.0,33.0,138.0,1,1,1.0
563,2,1337.0,552.0,36.0,138.0,1,1,1.0
564,2,1339.0,553.0,40.0,138.0,1,1,1.0
565,2,1341.0,555.0,42.0,137.0,1,1,1.0
566,2,1343.0,556.0,43.0,137.0,1,1,1.0
567,2,1343.0,556.0,43.0,137.0,1,1,1.0
568,2,1345.0,556.0,42.0,138.0,1,1,1.0
569,2,1348.0,556.0,40.0,138.0,1,1,1.0
570,2,1352.0,555.0,38.0,139.0,1,1,1.0
571,2,1354.0,555.0,39.0,139.0,1,1,1.0
572,2,1355.0,554.0,41.0,140.0,1,1,1.0
573,2,1357.0,554.0,44.0,140.0,1,1,1.0
574,2,1358.0,553.0,46.0,140.0,1,1,1.0
575,2,1359.0,553.0,47.0,141.0,1,1,1.0
576,2,1359.0,553.0,48.0,144.0,1,1,1.0
577,2,1361.0,554.0,48.0,145.0,1,1,1.0
578,2,1362.0,556.0,47.0,144.0,1,1,1.0
579,2,1364.0,558.0,46.0,143.0,1,1,1.0
580,2,1366.0,559.0,44.0,143.0,1,1,1.0
581,2,1367.0,560.0,43.0,142.0,1,1,1.0
582,2,1368.0,560.0,43.0,143.0,1,1,1.0
583,2,1369.0,559.0,44.0,143.0,1,1,1.0
584,2,1369.0,559.0,44.0,143.0,1,1,1.0
585,2,1371.0,559.0,42.0,143.0,1,1,1.0
586,2,1371.0,559.0,42.0,143.0,1,1,1.0
587,2,1371.0,559.0,43.0,143.0,1,1,1.0
588,2,1370.0,559.0,45.0,143.0,1,1,1.0
589,2,1368.0,559.0,46.0,144.0,1,1,1.0
590,2,1366.0,560.0,47.0,145.0,1,1,1.0
591,2,1363.0,560.0,48.0,145.0,1,1,1.0
592,2,1360.0,562.0,51.0,145.0,1,1,1.0
593,2,1358.0,563.0,51.0,145.0,1,1,1.0
594,2,1357.0,563.0,51.0,145.0,1,1,1.0
595,2,1354.0,563.0,51.0,146.0,1,1,1.0
596,2,1351.0,563.0,53.0,146.0,1,1,1.0
597,2,1350.0,562.0,51.0,147.0,1,1,1.0
598,2,1354.0,561.0,44.0,148.0,1,1,1.0
599,2,1355.0,560.0,40.0,149.0,1,1,1.0
600,2,1355.0,560.0,39.0,148.0,1,1,1.0
601,2,1353.0,561.0,40.0,149.0,1,1,1.0
602,2,1351.0,561.0,39.0,150.0,1,1,1.0
603,2,1349.0,562.0,38.0,151.0,1,1,1.0
604,2,1344.0,564.0,41.0,150.0,1,1,1.0
605,2,1338.0,565.0,44.0,149.0,1,1,1.0
606,2,1335.0,565.0,45.0,150.0,1,1,1.0
607,2,1334.0,566.0,44.0,149.0,1,1,1.0
608,2,1334.0,565.0,42.0,150.0,1,1,1.0
609,2,1333.0,564.0,40.0,150.0,1,1,1.0
610,2,1332.0,564.0,39.0,151.0,1,1,1.0
611,2,1328.0,564.0,40.0,151.0,1,1,1.0
612,2,1325.0,563.0,41.0,152.0,1,1,1.0
613,2,1321.0,563.0,43.0,152.0,1,1,1.0
614,2,1315.0,564.0,46.0,151.0,1,1,1.0
615,2,1306.0,564.0,52.0,151.0,1,1,1.0
616,2,1297.0,565.0,59.0,151.0,1,1,1.0
617,2,1290.0,566.0,63.0,151.0,1,1,1.0
618,2,1286.0,567.0,66.0,151.0,1,1,1.0
619,2,1285.0,567.0,66.0,151.0,1,1,1.0
620,2,1284.0,567.0,66.0,152.0,1,1,1.0
621,2,1284.0,567.0,64.0,153.0,1,1,1.0
622,2,1284.0,566.0,60.0,154.0,1,1,1.0
623,2,1284.0,565.0,54.0,154.0,1,1,1.0
624,2,1283.0,565.0,47.0,154.0,1,1,1.0
625,2,1281.0,565.0,44.0,155.0,1,1,1.0
626,2,1281.0,565.0,41.0,157.0,1,1,1.0
627,2,1280.0,565.0,39.0,159.0,1,1,1.0
628,2,1276.0,566.0,40.0,160.0,1,1,1.0
629,2,1267.0,567.0,47.0,159.0,1,1,1.0
630,2,1262.0,569.0,49.0,159.0,1,1,1.0
631,2,1260.0,570.0,50.0,157.0,1,1,1.0
632,2,1255.0,570.0,51.0,157.0,1,1,1.0
633,2,1252.0,570.0,51.0,157.0,1,1,1.0
634,2,1254.0,569.0,47.0,158.0,1,1,1.0
635,2,1253.0,569.0,44.0,159.0,1,1,1.0
636,2,1251.0,568.0,43.0,161.0,1,1,1.0
637,2,1248.0,567.0,45.0,161.0,1,1,1.0
638,2,1244.0,567.0,46.0,162.0,1,1,1.0
639,2,1237.0,568.0,50.0,161.0,1,1,1.0
640,2,1228.0,569.0,56.0,161.0,1,1,1.0
641,2,1220.0,570.0,62.0,161.0,1,1,1.0
642,2,1214.0,571.0,65.0,161.0,1,1,1.0
643,2,1211.0,573.0,66.0,161.0,1,1,1.0
644,2,1211.0,573.0,64.0,161.0,1,1,1.0
645,2,1210.0,573.0,63.0,161.0,1,1,1.0
646,2,1210.0,573.0,62.0,162.0,1,1,1.0
647,2,1210.0,573.0,58.0,162.0,1,1,1.0
648,2,1210.0,573.0,51.0,162.0,1,1,1.0
649,2,1210.0,572.0,46.0,163.0,1,1,1.0
650,2,1209.0,571.0,43.0,164.0,1,1,1.0
651,2,1208.0,571.0,42.0,165.0,1,1,1.0
654,2,1196.0,573.0,45.0,167.0,1,1,1.0
655,2,1189.0,574.0,49.0,168.0,1,1,1.0
656,2,1185.0,575.0,52.0,170.0,1,1,1.0
657,2,1183.0,576.0,51.0,170.0,1,1,1.0
658,2,1182.0,576.0,49.0,171.0,1,1,1.0
659,2,1182.0,575.0,47.0,172.0,1,1,1.0
660,2,1181.0,575.0,45.0,173.0,1,1,1.0
661,2,1179.0,574.0,45.0,173.0,1,1,1.0
662,2,1175.0,574.0,46.0,174.0,1,1,1.0
663,2,1170.0,573.0,48.0,174.0,1,1,1.0
664,2,1165.0,574.0,51.0,173.0,1,1,1.0
665,2,1156.0,575.0,57.0,172.0,1,1,1.0
666,2,1146.0,576.0,64.0,172.0,1,1,1.0
667,2,1137.0,577.0,71.0,171.0,1,1,1.0
668,2,1130.0,578.0,76.0,171.0,1,1,1.0
669,2,1127.0,579.0,78.0,171.0,1,1,1.0
670,2,1126.0,580.0,78.0,171.0,1,1,1.0
671,2,1124.0,580.0,78.0,172.0,1,1,1.0
672,2,1125.0,580.0,76.0,172.0,1,1,1.0
673,2,1125.0,578.0,71.0,174.0,1,1,1.0
674,2,1125.0,577.0,64.0,175.0,1,1,1.0
675,2,1126.0,577.0,56.0,175.0,1,1,1.0
676,2,1125.0,578.0,50.0,175.0,1,1,1.0
677,2,1123.0,577.0,46.0,178.0,1,1,1.0
680,2,1104.0,581.0,53.0,180.0,1,1,1.0
681,2,1097.0,582.0,56.0,179.0,1,1,1.0
682,2,1092.0,583.0,59.0,179.0,1,1,1.0
683,2,1090.0,583.0,59.0,180.0,1,1,1.0
684,2,1089.0,583.0,59.0,180.0,1,1,1.0
685,2,1089.0,583.0,56.0,181.0,1,1,1.0
686,2,1089.0,581.0,51.0,182.0,1,1,1.0
687,2,1086.0,580.0,48.0,183.0,1,1,1.0
688,2,1081.0,580.0,48.0,183.0,1,1,1.0
689,2,1076.0,580.0,50.0,184.0,1,1,1.0
690,2,1070.0,580.0,52.0,183.0,1,1,1.0
691,2,1058.0,581.0,59.0,183.0,1,1,1.0
692,2,1045.0,581.0,69.0,183.0,1,1,1.0
693,2,1034.0,583.0,79.0,182.0,1,1,1.0
694,2,1027.0,584.0,85.0,182.0,1,1,1.0
695,2,1024.0,586.0,88.0,182.0,1,1,1.0
696,2,1022.0,586.0,89.0,183.0,1,1,1.0
697,2,1021.0,585.0,87.0,184.0,1,1,1.0
698,2,1021.0,584.0,82.0,185.0,1,1,1.0
699,2,1022.0,584.0,73.0,186.0,1,1,1.0
700,2,1022.0,583.0,63.0,187.0,1,1,1.0
701,2,1022.0,582.0,52.0,187.0,1,1,1.0
702,2,1021.0,582.0,46.0,190.0,1,1,1.0
703,2,1019.0,583.0,45.0,192.0,1,1,1.0
704,2,1012.0,584.0,47.0,194.0,1,1,1.0
705,2,1000.0,586.0,54.0,193.0,1,1,1.0
706,2,990.0,587.0,61.0,193.0,1,1,1.0
707,2,983.0,589.0,67.0,192.0,1,1,1.0
708,2,979.0,590.0,70.0,193.0,1,1,1.0
709,2,977.0,591.0,71.0,193.0,1,1,1.0
710,2,977.0,591.0,68.0,194.0,1,1,1.0
711,2,977.0,590.0,62.0,195.0,1,1,1.0
712,2,976.0,589.0,55.0,195.0,1,1,1.0
713,2,973.0,589.0,51.0,196.0,1,1,1.0
714,2,967.0,588.0,52.0,197.0,1,1,1.0
715,2,961.0,588.0,52.0,197.0,1,1,1.0
716,2,952.0,589.0,57.0,196.0,1,1,1.0
717,2,939.0,590.0,68.0,197.0,1,1,1.0
718,2,927.0,591.0,78.0,198.0,1,1,1.0
719,2,918.0,593.0,86.0,198.0,1,1,1.0
720,2,914.0,596.0,89.0,198.0,1,1,1.0
721,2,912.0,598.0,90.0,199.0,1,1,1.0
722,2,911.0,598.0,90.0,200.0,1,1,1.0
723,2,911.0,598.0,86.0,200.0,1,1,1.0
724,2,912.0,597.0,78.0,201.0,1,1,1.0
725,2,912.0,597.0,69.0,201.0,1,1,1.0
726,2,911.0,597.0,58.0,201.0,1,1,1.0
727,2,909.0,596.0,50.0,203.0,1,1,1.0
728,2,906.0,596.0,48.0,208.0,1,1,1.0
729,2,901.0,597.0,48.0,212.0,1,1,1.0
730,2,891.0,599.0,53.0,212.0,1,1,1.0
731,2,880.0,602.0,62.0,212.0,1,1,1.0
732,2,873.0,605.0,68.0,211.0,1,1,1.0
733,2,870.0,606.0,70.0,211.0,1,1,1.0
734,2,869.0,607.0,69.0,211.0,1,1,1.0
735,2,869.0,607.0,65.0,212.0,1,1,1.0
736,2,868.0,606.0,59.0,212.0,1,1,1.0
737,2,864.0,606.0,56.0,212.0,1,1,1.0
738,2,857.0,606.0,57.0,213.0,1,1,1.0
739,2,852.0,605.0,57.0,212.0,1,1,1.0
740,2,845.0,606.0,60.0,212.0,1,1,1.0
741,2,831.0,606.0,70.0,213.0,1,1,1.0
742,2,817.0,608.0,82.0,214.0,1,1,1.0
743,2,805.0,610.0,93.0,213.0,1,1,1.0
744,2,799.0,613.0,98.0,213.0,1,1,1.0
745,2,797.0,615.0,101.0,213.0,1,1,1.0
746,2,795.0,616.0,102.0,215.0,1,1,1.0
747,2,794.0,616.0,100.0,216.0,1,1,1.0
748,2,794.0,616.0,95.0,217.0,1,1,1.0
749,2,794.0,615.0,86.0,218.0,1,1,1.0
750,2,794.0,615.0,75.0,218.0,1,1,1.0
751,2,792.0,614.0,65.0,218.0,1,1,1.0
752,2,789.0,615.0,54.0,220.0,1,1,1.0
753,2,785.0,616.0,49.0,224.0,1,1,1.0
754,2,777.0,617.0,53.0,227.0,1,1,1.0
755,2,761.0,619.0,67.0,226.0,1,1,1.0
756,2,748.0,621.0,80.0,225.0,1,1,1.0
757,2,731.0,623.0,96.0,225.0,1,1,1.0
758,2,729.0,626.0,97.0,224.0,1,1,1.0
759,2,729.0,627.0,97.0,225.0,1,1,1.0
760,2,729.0,627.0,93.0,225.0,1,1,1.0
761,2,729.0,627.0,84.0,226.0,1,1,1.0
762,2,725.0,626.0,78.0,226.0,1,1,1.0
763,2,722.0,626.0,70.0,227.0,1,1,1.0
764,2,717.0,626.0,60.0,227.0,1,1,1.0
765,2,711.0,625.0,58.0,227.0,1,1,1.0
766,2,700.0,627.0,65.0,226.0,1,1,1.0
767,2,683.0,628.0,81.0,227.0,1,1,1.0
768,2,666.0,630.0,97.0,227.0,1,1,1.0
769,2,654.0,632.0,109.0,227.0,1,1,1.0
770,2,648.0,634.0,115.0,227.0,1,1,1.0
771,2,645.0,636.0,119.0,227.0,1,1,1.0
772,2,644.0,637.0,117.0,227.0,1,1,1.0
773,2,643.0,636.0,109.0,228.0,1,1,1.0
774,2,643.0,635.0,97.0,229.0,1,1,1.0
775,2,641.0,635.0,85.0,230.0,1,1,1.0
776,2,637.0,635.0,73.0,230.0,1,1,1.0
777,2,633.0,635.0,60.0,233.0,1,1,1.0
778,2,628.0,636.0,58.0,238.0,1,1,1.0
779,2,615.0,637.0,68.0,242.0,1,1,1.0
780,2,599.0,640.0,83.0,242.0,1,1,1.0
781,2,587.0,643.0,95.0,239.0,1,1,1.0
782,2,579.0,646.0,102.0,238.0,1,1,1.0
783,2,576.0,648.0,103.0,239.0,1,1,1.0
784,2,575.0,648.0,99.0,240.0,1,1,1.0
785,2,572.0,646.0,92.0,242.0,1,1,1.0
786,2,566.0,646.0,86.0,242.0,1,1,1.0
787,2,559.0,646.0,79.0,242.0,1,1,1.0
788,2,553.0,647.0,68.0,241.0,1,1,1.0
789,2,547.0,648.0,68.0,240.0,1,1,1.0
790,2,535.0,649.0,77.0,239.0,1,1,1.0
791,2,517.0,651.0,95.0,238.0,1,1,1.0
792,2,499.0,653.0,113.0,238.0,1,1,1.0
793,2,487.0,656.0,125.0,239.0,1,1,1.0
794,2,482.0,658.0,129.0,239.0,1,1,1.0
795,2,480.0,660.0,131.0,239.0,1,1,1.0
796,2,480.0,660.0,124.0,239.0,1,1,1.0
797,2,477.0,660.0,114.0,239.0,1,1,1.0
798,2,473.0,659.0,104.0,240.0,1,1,1.0
799,2,468.0,659.0,93.0,241.0,1,1,1.0
800,2,463.0,658.0,78.0,243.0,1,1,1.0
801,2,456.0,658.0,71.0,247.0,1,1,1.0
802,2,449.0,660.0,73.0,250.0,1,1,1.0
803,2,434.0,661.0,87.0,250.0,1,1,1.0
804,2,418.0,662.0,102.0,252.0,1,1,1.0
805,2,407.0,665.0,113.0,251.0,1,1,1.0
806,2,401.0,667.0,118.0,250.0,1,1,1.0
807,2,399.0,668.0,119.0,251.0,1,1,1.0
808,2,397.0,669.0,115.0,251.0,1,1,1.0
809,2,391.0,669.0,109.0,251.0,1,1,1.0
810,2,385.0,668.0,102.0,251.0,1,1,1.0
811,2,378.0,667.0,94.0,252.0,1,1,1.0
812,2,372.0,666.0,81.0,253.0,1,1,1.0
813,2,366.0,666.0,76.0,253.0,1,1,1.0
814,2,359.0,667.0,79.0,252.0,1,1,1.0
815,2,346.0,668.0,91.0,251.0,1,1,1.0
816,2,329.0,670.0,108.0,249.0,1,1,1.0
817,2,317.0,673.0,120.0,247.0,1,1,1.0
818,2,311.0,675.0,126.0,246.0,1,1,1.0
819,2,309.0,677.0,128.0,246.0,1,1,1.0
820,2,307.0,677.0,128.0,246.0,1,1,1.0
821,2,301.0,677.0,126.0,246.0,1,1,1.0
822,2,295.0,676.0,118.0,247.0,1,1,1.0
823,2,290.0,676.0,108.0,248.0,1,1,1.0
824,2,285.0,675.0,96.0,249.0,1,1,1.0
825,2,281.0,675.0,80.0,251.0,1,1,1.0
826,2,277.0,676.0,75.0,256.0,1,1,1.0
827,2,271.0,676.0,78.0,260.0,1,1,1.0
828,2,258.0,678.0,90.0,259.0,1,1,1.0
829,2,245.0,680.0,103.0,257.0,1,1,1.0
830,2,236.0,683.0,112.0,256.0,1,1,1.0
831,2,233.0,685.0,114.0,256.0,1,1,1.0
832,2,232.0,687.0,112.0,256.0,1,1,1.0
833,2,228.0,686.0,105.0,257.0,1,1,1.0
834,2,222.0,687.0,97.0,256.0,1,1,1.0
835,2,216.0,686.0,87.0,257.0,1,1,1.0
836,2,210.0,685.0,76.0,257.0,1,1,1.0
837,2,201.0,684.0,76.0,258.0,1,1,1.0
838,2,193.0,684.0,79.0,259.0,1,1,1.0
839,2,187.0,684.0,82.0,259.0,1,1,1.0
840,2,176.0,684.0,93.0,258.0,1,1,1.0
