1,1,1090.0,805.0,123.0,274.0,1,1,1.0
2,1,1090.0,802.0,118.0,276.0,1,1,1.0
3,1,1090.0,798.0,112.0,280.0,1,1,1.0
4,1,1089.0,793.0,107.0,286.0,1,1,1.0
5,1,1086.0,786.0,106.0,292.0,1,1,1.0
6,1,1081.0,781.0,107.0,297.0,1,1,1.0
7,1,1074.0,777.0,110.0,302.0,1,1,1.0
8,1,1069.0,773.0,111.0,306.0,1,1,1.0
9,1,1062.0,771.0,114.0,308.0,1,1,1.0
10,1,1057.0,769.0,117.0,309.0,1,1,1.0
11,1,1051.0,767.0,120.0,311.0,1,1,1.0
12,1,1048.0,766.0,120.0,312.0,1,1,1.0
13,1,1047.0,765.0,118.0,313.0,1,1,1.0
14,1,1046.0,764.0,117.0,314.0,1,1,1.0
15,1,1046.0,763.0,115.0,316.0,1,1,1.0
16,1,1047.0,761.0,113.0,317.0,1,1,1.0
17,1,1051.0,759.0,109.0,316.0,1,1,1.0
18,1,1053.0,756.0,107.0,315.0,1,1,1.0
19,1,1053.0,751.0,104.0,307.0,1,1,1.0
20,1,1053.0,747.0,103.0,298.0,1,1,1.0
21,1,1050.0,744.0,104.0,294.0,1,1,1.0
22,1,1045.0,742.0,106.0,293.0,1,1,1.0
23,1,1041.0,739.0,109.0,295.0,1,1,1.0
24,1,1038.0,737.0,109.0,297.0,1,1,1.0
25,1,1036.0,736.0,108.0,298.0,1,1,1.0
26,1,1035.0,735.0,106.0,299.0,1,1,1.0
27,1,1034.0,734.0,104.0,300.0,1,1,1.0
28,1,1034.0,732.0,101.0,301.0,1,1,1.0
29,1,1033.0,729.0,98.0,297.0,1,1,1.0
30,1,1033.0,725.0,95.0,298.0,1,1,1.0
31,1,1028.0,721.0,96.0,295.0,1,1,1.0
32,1,1027.0,718.0,95.0,288.0,1,1,1.0
33,1,1026.0,714.0,94.0,280.0,1,1,1.0
34,1,1024.0,712.0,93.0,280.0,1,1,1.0
35,1,1022.0,709.0,92.0,281.0,1,1,1.0
36,1,1020.0,707.0,92.0,282.0,1,1,1.0
37,1,1020.0,704.0,91.0,285.0,1,1,1.0
38,1,1019.0,702.0,90.0,287.0,1,1,1.0
39,1,1018.0,701.0,89.0,288.0,1,1,1.0
40,1,1018.0,700.0,88.0,290.0,1,1,1.0
41,1,1017.0,698.0,87.0,291.0,1,1,1.0
42,1,1017.0,696.0,87.0,288.0,1,1,1.0
43,1,1017.0,693.0,87.0,286.0,1,1,1.0
44,1,1015.0,690.0,88.0,280.0,1,1,1.0
45,1,1014.0,687.0,88.0,273.0,1,1,1.0
46,1,1013.0,684.0,88.0,268.0,1,1,1.0
47,1,1011.0,683.0,88.0,266.0,1,1,1.0
48,1,1009.0,682.0,88.0,266.0,1,1,1.0
49,1,1006.0,681.0,89.0,266.0,1,1,1.0
50,1,1004.0,680.0,89.0,267.0,1,1,1.0
51,1,1002.0,681.0,88.0,267.0,1,1,1.0
52,1,1001.0,681.0,87.0,267.0,1,1,1.0
53,1,999.0,680.0,86.0,267.0,1,1,1.0
54,1,998.0,679.0,84.0,267.0,1,1,1.0
55,1,996.0,678.0,83.0,262.0,1,1,1.0
56,1,994.0,677.0,83.0,258.0,1,1,1.0
57,1,992.0,675.0,84.0,250.0,1,1,1.0
58,1,990.0,672.0,83.0,245.0,1,1,1.0
59,1,988.0,670.0,83.0,245.0,1,1,1.0
60,1,987.0,668.0,82.0,245.0,1,1,1.0
61,1,986.0,667.0,81.0,246.0,1,1,1.0
62,1,985.0,667.0,79.0,247.0,1,1,1.0
63,1,985.0,666.0,78.0,248.0,1,1,1.0
64,1,984.0,666.0,77.0,248.0,1,1,1.0
65,1,984.0,666.0,77.0,248.0,1,1,1.0
66,1,984.0,665.0,76.0,247.0,1,1,1.0
67,1,984.0,664.0,75.0,245.0,1,1,1.0
68,1,983.0,661.0,75.0,244.0,1,1,1.0
69,1,982.0,659.0,75.0,238.0,1,1,1.0
70,1,981.0,657.0,75.0,232.0,1,1,1.0
71,1,979.0,655.0,76.0,229.0,1,1,1.0
72,1,978.0,654.0,76.0,228.0,1,1,1.0
73,1,976.0,653.0,77.0,228.0,1,1,1.0
74,1,975.0,653.0,77.0,229.0,1,1,1.0
75,1,974.0,652.0,77.0,230.0,1,1,1.0
76,1,973.0,652.0,76.0,230.0,1,1,1.0
77,1,971.0,651.0,74.0,231.0,1,1,1.0
78,1,969.0,650.0,74.0,232.0,1,1,1.0
79,1,968.0,647.0,72.0,231.0,1,1,1.0
80,1,967.0,644.0,70.0,231.0,1,1,1.0
81,1,966.0,642.0,70.0,230.0,1,1,1.0
82,1,962.0,640.0,71.0,225.0,1,1,1.0
83,1,960.0,638.0,72.0,220.0,1,1,1.0
84,1,959.0,636.0,72.0,220.0,1,1,1.0
85,1,957.0,634.0,72.0,220.0,1,1,1.0
86,1,956.0,634.0,72.0,221.0,1,1,1.0
87,1,955.0,633.0,72.0,221.0,1,1,1.0
88,1,955.0,633.0,72.0,221.0,1,1,1.0
89,1,955.0,633.0,70.0,222.0,1,1,1.0
90,1,955.0,632.0,69.0,223.0,1,1,1.0
91,1,955.0,631.0,68.0,223.0,1,1,1.0
92,1,956.0,628.0,67.0,224.0,1,1,1.0
93,1,956.0,626.0,67.0,224.0,1,1,1.0
94,1,956.0,623.0,67.0,220.0,1,1,1.0
95,1,955.0,621.0,67.0,216.0,1,1,1.0
96,1,954.0,619.0,68.0,213.0,1,1,1.0
97,1,953.0,618.0,69.0,212.0,1,1,1.0
98,1,951.0,617.0,69.0,213.0,1,1,1.0
99,1,949.0,616.0,70.0,213.0,1,1,1.0
100,1,948.0,616.0,70.0,213.0,1,1,1.0
101,1,946.0,615.0,70.0,214.0,1,1,1.0
102,1,945.0,615.0,69.0,214.0,1,1,1.0
103,1,944.0,614.0,67.0,214.0,1,1,1.0
104,1,944.0,612.0,65.0,214.0,1,1,1.0
105,1,944.0,610.0,64.0,213.0,1,1,1.0
106,1,942.0,610.0,64.0,210.0,1,1,1.0
107,1,941.0,609.0,64.0,204.0,1,1,1.0
108,1,940.0,609.0,64.0,201.0,1,1,1.0
109,1,939.0,608.0,64.0,199.0,1,1,1.0
110,1,937.0,609.0,65.0,199.0,1,1,1.0
111,1,937.0,609.0,64.0,199.0,1,1,1.0
112,1,936.0,609.0,64.0,199.0,1,1,1.0
113,1,936.0,609.0,63.0,199.0,1,1,1.0
114,1,936.0,608.0,62.0,200.0,1,1,1.0
115,1,937.0,607.0,62.0,201.0,1,1,1.0
116,1,938.0,605.0,61.0,201.0,1,1,1.0
117,1,938.0,601.0,60.0,202.0,1,1,1.0
118,1,939.0,597.0,60.0,203.0,1,1,1.0
119,1,939.0,594.0,60.0,201.0,1,1,1.0
120,1,939.0,592.0,61.0,198.0,1,1,1.0
121,1,938.0,591.0,60.0,197.0,1,1,1.0
122,1,938.0,591.0,60.0,196.0,1,1,1.0
123,1,937.0,591.0,60.0,196.0,1,1,1.0
124,1,937.0,590.0,60.0,196.0,1,1,1.0
125,1,936.0,591.0,60.0,196.0,1,1,1.0
126,1,935.0,591.0,60.0,195.0,1,1,1.0
127,1,934.0,591.0,61.0,195.0,1,1,1.0
128,1,933.0,591.0,60.0,195.0,1,1,1.0
129,1,933.0,589.0,60.0,194.0,1,1,1.0
130,1,932.0,587.0,59.0,193.0,1,1,1.0
131,1,932.0,587.0,59.0,190.0,1,1,1.0
132,1,931.0,586.0,60.0,185.0,1,1,1.0
133,1,931.0,585.0,59.0,184.0,1,1,1.0
134,1,930.0,584.0,59.0,184.0,1,1,1.0
135,1,930.0,583.0,59.0,184.0,1,1,1.0
136,1,930.0,583.0,59.0,185.0,1,1,1.0
137,1,930.0,584.0,58.0,184.0,1,1,1.0
138,1,931.0,585.0,57.0,183.0,1,1,1.0
139,1,931.0,586.0,57.0,183.0,1,1,1.0
140,1,932.0,586.0,56.0,182.0,1,1,1.0
141,1,932.0,586.0,56.0,181.0,1,1,1.0
142,1,933.0,585.0,55.0,179.0,1,1,1.0
143,1,933.0,583.0,55.0,178.0,1,1,1.0
144,1,934.0,582.0,54.0,175.0,1,1,1.0
145,1,934.0,581.0,54.0,174.0,1,1,1.0
146,1,933.0,579.0,55.0,174.0,1,1,1.0
147,1,933.0,577.0,55.0,175.0,1,1,1.0
148,1,932.0,577.0,55.0,175.0,1,1,1.0
149,1,931.0,577.0,55.0,175.0,1,1,1.0
150,1,930.0,577.0,55.0,175.0,1,1,1.0
152,2,905.0,560.0,50.0,154.0,1,1,1.0
153,2,904.0,561.0,50.0,153.0,1,1,1.0
154,2,903.0,562.0,50.0,152.0,1,1,1.0
155,2,903.0,561.0,49.0,152.0,1,1,1.0
156,2,903.0,562.0,48.0,152.0,1,1,1.0
157,2,903.0,562.0,48.0,151.0,1,1,1.0
158,2,903.0,563.0,47.0,151.0,1,1,1.0
159,2,903.0,563.0,47.0,150.0,1,1,1.0
160,2,902.0,563.0,47.0,150.0,1,1,1.0
161,2,903.0,563.0,46.0,149.0,1,1,1.0
162,2,903.0,563.0,46.0,148.0,1,1,1.0
163,2,903.0,562.0,46.0,145.0,1,1,1.0
164,2,903.0,561.0,46.0,145.0,1,1,1.0
165,2,902.0,559.0,47.0,145.0,1,1,1.0
166,2,902.0,557.0,47.0,145.0,1,1,1.0
167,2,901.0,557.0,47.0,146.0,1,1,1.0
168,2,900.0,556.0,48.0,146.0,1,1,1.0
169,2,899.0,556.0,48.0,146.0,1,1,1.0
170,2,899.0,557.0,47.0,145.0,1,1,1.0
171,2,898.0,558.0,47.0,144.0,1,1,1.0
172,2,898.0,559.0,46.0,143.0,1,1,1.0
173,2,897.0,560.0,44.0,141.0,1,1,1.0
174,2,896.0,560.0,44.0,140.0,1,1,1.0
175,2,895.0,560.0,44.0,138.0,1,1,1.0
176,2,894.0,560.0,45.0,134.0,1,1,1.0
177,2,892.0,561.0,46.0,132.0,1,1,1.0
178,2,891.0,561.0,45.0,131.0,1,1,1.0
179,2,891.0,562.0,44.0,131.0,1,1,1.0
180,2,891.0,562.0,43.0,130.0,1,1,1.0
181,2,891.0,564.0,42.0,129.0,1,1,1.0
182,2,892.0,565.0,43.0,127.0,1,1,1.0
183,2,892.0,567.0,43.0,125.0,1,1,1.0
184,2,892.0,569.0,43.0,123.0,1,1,1.0
185,2,893.0,571.0,42.0,121.0,1,1,1.0
186,2,893.0,572.0,41.0,119.0,1,1,1.0
187,2,893.0,572.0,41.0,118.0,1,1,1.0
188,2,893.0,571.0,41.0,116.0,1,1,1.0
189,2,893.0,571.0,42.0,114.0,1,1,1.0
190,2,892.0,571.0,43.0,112.0,1,1,1.0
191,2,892.0,571.0,43.0,111.0,1,1,1.0
192,2,892.0,571.0,44.0,111.0,1,1,1.0
193,2,891.0,571.0,44.0,111.0,1,1,1.0
194,2,892.0,572.0,43.0,110.0,1,1,1.0
195,2,891.0,573.0,41.0,109.0,1,1,1.0
196,2,891.0,575.0,41.0,107.0,1,1,1.0
197,2,891.0,577.0,41.0,105.0,1,1,1.0
198,2,890.0,580.0,42.0,102.0,1,1,1.0
199,2,889.0,582.0,42.0,99.0,1,1,1.0
200,2,889.0,584.0,42.0,95.0,1,1,1.0
201,2,889.0,584.0,42.0,92.0,1,1,1.0
202,2,888.0,583.0,43.0,92.0,1,1,1.0
203,2,888.0,582.0,43.0,92.0,1,1,1.0
204,2,887.0,581.0,43.0,92.0,1,1,1.0
205,2,887.0,581.0,42.0,93.0,1,1,1.0
206,2,888.0,580.0,42.0,93.0,1,1,1.0
207,2,888.0,580.0,41.0,93.0,1,1,1.0
208,2,888.0,581.0,41.0,93.0,1,1,1.0
211,2,891.0,581.0,38.0,91.0,1,1,1.0
211,3,209.0,992.0,104.0,86.0,1,1,1.0
212,2,891.0,581.0,38.0,90.0,1,1,1.0
212,3,205.0,978.0,113.0,101.0,1,1,1.0
213,2,891.0,581.0,38.0,88.0,1,1,1.0
214,2,891.0,580.0,38.0,87.0,1,1,1.0
214,3,199.0,962.0,126.0,116.0,1,1,1.0
215,2,891.0,579.0,38.0,88.0,1,1,1.0
215,3,198.0,957.0,131.0,121.0,1,1,1.0
216,2,891.0,577.0,38.0,88.0,1,1,1.0
217,2,891.0,576.0,37.0,90.0,1,1,1.0
217,3,196.0,949.0,96.0,128.0,1,1,1.0
218,2,889.0,574.0,38.0,91.0,1,1,1.0
218,3,194.0,947.0,89.0,131.0,1,1,1.0
219,2,889.0,573.0,39.0,93.0,1,1,1.0
219,3,190.0,944.0,92.0,133.0,1,1,1.0
220,2,889.0,573.0,40.0,93.0,1,1,1.0
220,3,183.0,942.0,128.0,135.0,1,1,1.0
221,2,889.0,573.0,39.0,93.0,1,1,1.0
221,3,177.0,942.0,127.0,135.0,1,1,1.0
222,2,889.0,574.0,38.0,92.0,1,1,1.0
222,3,172.0,943.0,133.0,134.0,1,1,1.0
223,2,889.0,572.0,37.0,93.0,1,1,1.0
223,3,169.0,945.0,145.0,133.0,1,1,1.0
224,2,889.0,571.0,37.0,93.0,1,1,1.0
224,3,167.0,947.0,155.0,131.0,1,1,1.0
225,2,887.0,571.0,37.0,91.0,1,1,1.0
225,3,166.0,949.0,162.0,129.0,1,1,1.0
226,2,886.0,572.0,37.0,87.0,1,1,1.0
226,3,167.0,952.0,164.0,126.0,1,1,1.0
227,2,885.0,573.0,36.0,86.0,1,1,1.0
227,3,169.0,956.0,164.0,122.0,1,1,1.0
228,2,884.0,573.0,37.0,85.0,1,1,1.0
228,3,173.0,961.0,162.0,118.0,1,1,1.0
229,2,884.0,573.0,37.0,84.0,1,1,1.0
229,3,177.0,965.0,159.0,113.0,1,1,1.0
230,3,185.0,970.0,150.0,109.0,1,1,1.0
231,3,191.0,973.0,146.0,105.0,1,1,1.0
232,3,197.0,976.0,147.0,102.0,1,1,1.0
233,3,202.0,979.0,144.0,100.0,1,1,1.0
234,2,884.0,570.0,38.0,88.0,1,1,1.0
234,3,209.0,980.0,138.0,98.0,1,1,1.0
235,3,213.0,984.0,134.0,95.0,1,1,1.0
236,2,884.0,570.0,36.0,86.0,1,1,1.0
236,3,218.0,987.0,129.0,92.0,1,1,1.0
237,2,884.0,571.0,34.0,84.0,1,1,1.0
238,2,884.0,571.0,34.0,83.0,1,1,1.0
239,2,882.0,570.0,36.0,82.0,1,1,1.0
240,2,881.0,570.0,37.0,82.0,1,1,1.0
241,2,881.0,569.0,38.0,81.0,1,1,1.0
242,2,880.0,569.0,37.0,81.0,1,1,1.0
243,2,880.0,570.0,37.0,81.0,1,1,1.0
244,2,879.0,570.0,37.0,81.0,1,1,1.0
245,2,879.0,570.0,37.0,80.0,1,1,1.0
246,2,879.0,571.0,36.0,80.0,1,1,1.0
247,2,879.0,571.0,34.0,79.0,1,1,1.0
248,2,879.0,570.0,34.0,79.0,1,1,1.0
249,2,878.0,569.0,33.0,79.0,1,1,1.0
250,2,878.0,569.0,33.0,78.0,1,1,1.0
251,2,877.0,568.0,34.0,77.0,1,1,1.0
252,2,876.0,567.0,34.0,77.0,1,1,1.0
262,2,877.0,565.0,30.0,76.0,1,1,1.0
263,2,877.0,564.0,30.0,75.0,1,1,1.0
264,2,877.0,564.0,30.0,74.0,1,1,1.0
265,2,877.0,564.0,30.0,74.0,1,1,1.0
266,2,877.0,564.0,29.0,73.0,1,1,1.0
267,2,877.0,564.0,29.0,73.0,1,1,1.0
268,2,876.0,563.0,30.0,73.0,1,1,1.0
269,2,875.0,563.0,30.0,73.0,1,1,1.0
270,2,874.0,564.0,31.0,73.0,1,1,1.0
271,2,872.0,563.0,32.0,74.0,1,1,1.0
272,2,870.0,563.0,33.0,74.0,1,1,1.0
273,2,870.0,561.0,33.0,75.0,1,1,1.0
291,2,864.0,555.0,28.0,71.0,1,1,1.0
299,2,859.0,553.0,28.0,71.0,1,1,1.0
300,2,859.0,552.0,28.0,69.0,1,1,1.0
301,2,858.0,551.0,30.0,70.0,1,1,1.0
302,2,858.0,550.0,31.0,70.0,1,1,1.0
303,2,858.0,549.0,31.0,71.0,1,1,1.0
304,2,858.0,548.0,32.0,72.0,1,1,1.0
305,2,858.0,549.0,32.0,72.0,1,1,1.0
306,2,859.0,549.0,32.0,71.0,1,1,1.0
307,2,861.0,549.0,32.0,71.0,1,1,1.0
308,2,862.0,549.0,31.0,71.0,1,1,1.0
309,2,863.0,548.0,31.0,72.0,1,1,1.0
311,2,866.0,549.0,29.0,71.0,1,1,1.0
312,2,867.0,549.0,28.0,69.0,1,1,1.0
313,2,868.0,549.0,28.0,68.0,1,1,1.0
314,2,870.0,548.0,27.0,68.0,1,1,1.0
317,2,874.0,546.0,27.0,70.0,1,1,1.0
319,2,877.0,545.0,26.0,71.0,1,1,1.0
320,2,878.0,544.0,29.0,71.0,1,1,1.0
321,2,878.0,543.0,31.0,72.0,1,1,1.0
322,2,879.0,541.0,33.0,74.0,1,1,1.0
323,2,879.0,539.0,35.0,76.0,1,1,1.0
324,2,879.0,539.0,35.0,76.0,1,1,1.0
325,2,880.0,534.0,35.0,80.0,1,1,1.0
326,2,881.0,532.0,35.0,82.0,1,1,1.0
327,2,884.0,525.0,34.0,88.0,1,1,1.0
328,2,887.0,520.0,32.0,93.0,1,1,1.0
329,2,890.0,519.0,28.0,94.0,1,1,1.0
331,2,892.0,520.0,29.0,94.0,1,1,1.0
332,2,892.0,520.0,31.0,94.0,1,1,1.0
333,2,892.0,519.0,35.0,95.0,1,1,1.0
334,2,893.0,518.0,38.0,96.0,1,1,1.0
335,2,892.0,518.0,39.0,97.0,1,1,1.0
336,2,893.0,517.0,40.0,98.0,1,1,1.0
337,2,895.0,515.0,38.0,100.0,1,1,1.0
338,2,898.0,514.0,36.0,101.0,1,1,1.0
339,2,896.0,512.0,38.0,103.0,1,1,1.0
340,2,902.0,512.0,34.0,104.0,1,1,1.0
341,2,905.0,512.0,32.0,103.0,1,1,1.0
342,2,907.0,512.0,32.0,103.0,1,1,1.0
343,2,909.0,513.0,31.0,103.0,1,1,1.0
344,2,910.0,513.0,33.0,103.0,1,1,1.0
345,2,912.0,513.0,36.0,103.0,1,1,1.0
346,2,913.0,516.0,38.0,101.0,1,1,1.0
347,2,915.0,517.0,39.0,101.0,1,1,1.0
348,2,915.0,516.0,38.0,102.0,1,1,1.0
349,2,915.0,516.0,39.0,103.0,1,1,1.0
350,2,916.0,515.0,39.0,103.0,1,1,1.0
351,2,918.0,514.0,40.0,105.0,1,1,1.0
352,2,920.0,514.0,39.0,105.0,1,1,1.0
353,2,924.0,515.0,35.0,103.0,1,1,1.0
356,2,931.0,517.0,32.0,103.0,1,1,1.0
357,2,933.0,517.0,32.0,103.0,1,1,1.0
358,2,934.0,519.0,31.0,103.0,1,1,1.0
359,2,936.0,520.0,31.0,102.0,1,1,1.0
360,2,938.0,521.0,31.0,102.0,1,1,1.0
361,2,939.0,521.0,31.0,102.0,1,1,1.0
364,2,943.0,522.0,31.0,102.0,1,1,1.0
365,2,944.0,521.0,31.0,104.0,1,1,1.0
366,2,946.0,519.0,32.0,105.0,1,1,1.0
367,2,948.0,519.0,32.0,105.0,1,1,1.0
369,2,952.0,520.0,33.0,104.0,1,1,1.0
370,2,954.0,521.0,35.0,104.0,1,1,1.0
371,2,955.0,522.0,38.0,102.0,1,1,1.0
372,2,956.0,523.0,42.0,103.0,1,1,1.0
373,2,957.0,523.0,42.0,104.0,1,1,1.0
374,2,958.0,524.0,42.0,104.0,1,1,1.0
375,2,958.0,522.0,42.0,106.0,1,1,1.0
376,2,959.0,522.0,41.0,106.0,1,1,1.0
377,2,961.0,523.0,40.0,105.0,1,1,1.0
378,2,964.0,523.0,39.0,104.0,1,1,1.0
379,2,967.0,523.0,37.0,104.0,1,1,1.0
380,2,972.0,523.0,33.0,105.0,1,1,1.0
381,2,975.0,523.0,31.0,105.0,1,1,1.0
382,2,978.0,524.0,31.0,105.0,1,1,1.0
383,2,981.0,524.0,30.0,106.0,1,1,1.0
384,2,982.0,524.0,31.0,107.0,1,1,1.0
385,2,985.0,524.0,32.0,107.0,1,1,1.0
386,2,986.0,525.0,34.0,107.0,1,1,1.0
387,2,986.0,525.0,35.0,107.0,1,1,1.0
388,2,987.0,526.0,36.0,107.0,1,1,1.0
389,2,989.0,526.0,35.0,107.0,1,1,1.0
390,2,993.0,526.0,32.0,107.0,1,1,1.0
393,2,1000.0,527.0,32.0,106.0,1,1,1.0
394,2,1002.0,527.0,33.0,106.0,1,1,1.0
395,2,1004.0,528.0,35.0,106.0,1,1,1.0
396,2,1006.0,527.0,38.0,107.0,1,1,1.0
397,2,1007.0,526.0,44.0,108.0,1,1,1.0
398,2,1007.0,526.0,48.0,109.0,1,1,1.0
399,2,1008.0,526.0,48.0,110.0,1,1,1.0
400,2,1008.0,526.0,49.0,111.0,1,1,1.0
401,2,1009.0,526.0,49.0,111.0,1,1,1.0
402,2,1012.0,526.0,50.0,112.0,1,1,1.0
403,2,1015.0,525.0,50.0,112.0,1,1,1.0
404,2,1015.0,525.0,53.0,113.0,1,1,1.0
405,2,1025.0,528.0,42.0,110.0,1,1,1.0
406,2,1031.0,529.0,36.0,109.0,1,1,1.0
407,2,1035.0,532.0,35.0,107.0,1,1,1.0
408,2,1037.0,533.0,35.0,107.0,1,1,1.0
409,2,1040.0,535.0,35.0,106.0,1,1,1.0
410,2,1041.0,533.0,38.0,107.0,1,1,1.0
411,2,1042.0,535.0,40.0,106.0,1,1,1.0
412,2,1042.0,535.0,42.0,107.0,1,1,1.0
413,2,1043.0,534.0,42.0,108.0,1,1,1.0
414,2,1046.0,532.0,41.0,111.0,1,1,1.0
415,2,1049.0,530.0,40.0,113.0,1,1,1.0
416,2,1054.0,530.0,35.0,113.0,1,1,1.0
417,2,1058.0,529.0,35.0,114.0,1,1,1.0
418,2,1061.0,528.0,37.0,115.0,1,1,1.0
419,2,1063.0,529.0,35.0,114.0,1,1,1.0
420,2,1065.0,528.0,38.0,115.0,1,1,1.0
421,2,1068.0,528.0,41.0,115.0,1,1,1.0
422,2,1068.0,528.0,46.0,116.0,1,1,1.0
423,2,1065.0,529.0,52.0,117.0,1,1,1.0
424,2,1067.0,528.0,52.0,118.0,1,1,1.0
425,2,1064.0,528.0,56.0,119.0,1,1,1.0
426,2,1068.0,527.0,52.0,120.0,1,1,1.0
427,2,1069.0,527.0,54.0,120.0,1,1,1.0
428,2,1075.0,526.0,50.0,121.0,1,1,1.0
429,2,1075.0,526.0,54.0,121.0,1,1,1.0
430,2,1076.0,526.0,56.0,121.0,1,1,1.0
431,2,1077.0,527.0,57.0,121.0,1,1,1.0
433,2,1096.0,530.0,41.0,120.0,1,1,1.0
435,2,1089.0,529.0,57.0,122.0,1,1,1.0
436,2,1097.0,529.0,53.0,122.0,1,1,1.0
437,2,1096.0,529.0,55.0,123.0,1,1,1.0
438,2,1102.0,529.0,51.0,124.0,1,1,1.0
440,2,1102.0,528.0,56.0,125.0,1,1,1.0
441,2,1103.0,527.0,58.0,126.0,1,1,1.0
442,2,1106.0,527.0,59.0,126.0,1,1,1.0
443,2,1109.0,527.0,58.0,126.0,1,1,1.0
444,2,1112.0,527.0,59.0,126.0,1,1,1.0
445,2,1114.0,527.0,61.0,127.0,1,1,1.0
446,2,1117.0,529.0,65.0,128.0,1,1,1.0
447,2,1120.0,530.0,67.0,127.0,1,1,1.0
448,2,1125.0,531.0,66.0,126.0,1,1,1.0
449,2,1130.0,533.0,63.0,125.0,1,1,1.0
450,2,1134.0,534.0,59.0,123.0,1,1,1.0
451,2,1135.0,532.0,59.0,126.0,1,1,1.0
452,2,1137.0,531.0,58.0,127.0,1,1,1.0
455,2,1162.0,532.0,42.0,126.0,1,1,1.0
456,2,1166.0,535.0,40.0,124.0,1,1,1.0
457,2,1169.0,536.0,41.0,122.0,1,1,1.0
458,2,1171.0,538.0,40.0,120.0,1,1,1.0
459,2,1172.0,537.0,44.0,123.0,1,1,1.0
460,2,1172.0,537.0,47.0,125.0,1,1,1.0
461,2,1173.0,537.0,49.0,127.0,1,1,1.0
462,2,1175.0,537.0,49.0,127.0,1,1,1.0
463,2,1178.0,536.0,48.0,129.0,1,1,1.0
464,2,1182.0,538.0,45.0,127.0,1,1,1.0
465,2,1186.0,536.0,45.0,129.0,1,1,1.0
466,2,1190.0,537.0,43.0,128.0,1,1,1.0
467,2,1193.0,537.0,41.0,128.0,1,1,1.0
468,2,1195.0,539.0,40.0,126.0,1,1,1.0
469,2,1198.0,541.0,40.0,124.0,1,1,1.0
470,2,1200.0,541.0,44.0,124.0,1,1,1.0
471,2,1202.0,541.0,48.0,126.0,1,1,1.0
472,2,1202.0,542.0,52.0,126.0,1,1,1.0
473,2,1202.0,541.0,54.0,128.0,1,1,1.0
474,2,1198.0,539.0,59.0,130.0,1,1,1.0
475,2,1198.0,538.0,62.0,131.0,1,1,1.0
476,2,1201.0,539.0,61.0,131.0,1,1,1.0
477,2,1207.0,538.0,57.0,131.0,1,1,1.0
478,2,1206.0,536.0,61.0,133.0,1,1,1.0
479,2,1207.0,535.0,64.0,135.0,1,1,1.0
481,2,1229.0,540.0,45.0,131.0,1,1,1.0
482,2,1237.0,542.0,40.0,131.0,1,1,1.0
483,2,1240.0,541.0,41.0,133.0,1,1,1.0
484,2,1241.0,542.0,44.0,132.0,1,1,1.0
485,2,1241.0,544.0,48.0,129.0,1,1,1.0
486,2,1242.0,545.0,51.0,129.0,1,1,1.0
487,2,1242.0,544.0,53.0,132.0,1,1,1.0
488,2,1244.0,543.0,53.0,134.0,1,1,1.0
489,2,1248.0,542.0,53.0,135.0,1,1,1.0
490,2,1253.0,546.0,46.0,132.0,1,1,1.0
491,2,1258.0,542.0,46.0,135.0,1,1,1.0
492,2,1266.0,542.0,44.0,135.0,1,1,1.0
493,2,1271.0,544.0,40.0,133.0,1,1,1.0
494,2,1274.0,548.0,38.0,129.0,1,1,1.0
495,2,1276.0,549.0,43.0,129.0,1,1,1.0
496,2,1277.0,549.0,51.0,129.0,1,1,1.0
497,2,1278.0,551.0,58.0,128.0,1,1,1.0
498,2,1277.0,548.0,61.0,131.0,1,1,1.0
499,2,1277.0,550.0,63.0,131.0,1,1,1.0
500,2,1277.0,547.0,65.0,134.0,1,1,1.0
501,2,1280.0,548.0,63.0,134.0,1,1,1.0
502,2,1285.0,548.0,60.0,134.0,1,1,1.0
503,2,1290.0,549.0,55.0,134.0,1,1,1.0
504,2,1299.0,551.0,46.0,132.0,1,1,1.0
505,2,1308.0,551.0,38.0,132.0,1,1,1.0
506,2,1313.0,551.0,40.0,133.0,1,1,1.0
507,2,1317.0,551.0,38.0,135.0,1,1,1.0
508,2,1320.0,551.0,43.0,136.0,1,1,1.0
509,2,1322.0,552.0,45.0,136.0,1,1,1.0
510,2,1323.0,555.0,47.0,135.0,1,1,1.0
511,2,1324.0,556.0,48.0,135.0,1,1,1.0
512,2,1325.0,557.0,49.0,134.0,1,1,1.0
513,2,1326.0,557.0,48.0,134.0,1,1,1.0
514,2,1329.0,557.0,47.0,134.0,1,1,1.0
515,2,1334.0,557.0,43.0,134.0,1,1,1.0
516,2,1339.0,556.0,41.0,135.0,1,1,1.0
517,2,1341.0,555.0,40.0,136.0,1,1,1.0
518,2,1344.0,555.0,40.0,135.0,1,1,1.0
519,2,1345.0,556.0,42.0,135.0,1,1,1.0
520,2,1346.0,556.0,45.0,135.0,1,1,1.0
521,2,1348.0,557.0,48.0,136.0,1,1,1.0
522,2,1349.0,558.0,48.0,136.0,1,1,1.0
523,2,1350.0,559.0,49.0,137.0,1,1,1.0
524,2,1352.0,559.0,47.0,139.0,1,1,1.0
525,2,1353.0,560.0,47.0,139.0,1,1,1.0
526,2,1355.0,560.0,47.0,139.0,1,1,1.0
527,2,1356.0,560.0,48.0,139.0,1,1,1.0
528,2,1358.0,561.0,48.0,139.0,1,1,1.0
529,2,1360.0,561.0,46.0,139.0,1,1,1.0
530,2,1361.0,561.0,44.0,139.0,1,1,1.0
531,2,1362.0,561.0,45.0,139.0,1,1,1.0
532,2,1364.0,561.0,45.0,139.0,1,1,1.0
533,2,1365.0,561.0,44.0,139.0,1,1,1.0
534,2,1365.0,563.0,44.0,138.0,1,1,1.0
535,2,1364.0,566.0,42.0,136.0,1,1,1.0
536,2,1362.0,567.0,45.0,137.0,1,1,1.0
537,2,1361.0,567.0,45.0,138.0,1,1,1.0
538,2,1360.0,566.0,44.0,140.0,1,1,1.0
539,2,1359.0,565.0,42.0,141.0,1,1,1.0
540,2,1358.0,564.0,40.0,142.0,1,1,1.0
541,2,1357.0,563.0,40.0,144.0,1,1,1.0
542,2,1356.0,562.0,39.0,144.0,1,1,1.0
543,2,1354.0,562.0,40.0,144.0,1,1,1.0
544,2,1352.0,562.0,41.0,144.0,1,1,1.0
545,2,1351.0,563.0,40.0,144.0,1,1,1.0
546,2,1349.0,562.0,40.0,146.0,1,1,1.0
547,2,1347.0,563.0,40.0,146.0,1,1,1.0
548,2,1345.0,564.0,40.0,146.0,1,1,1.0
549,2,1343.0,566.0,40.0,145.0,1,1,1.0
550,2,1339.0,568.0,41.0,144.0,1,1,1.0
551,2,1337.0,568.0,42.0,144.0,1,1,1.0
552,2,1335.0,569.0,43.0,144.0,1,1,1.0
553,2,1333.0,569.0,44.0,144.0,1,1,1.0
554,2,1331.0,570.0,44.0,143.0,1,1,1.0
555,2,1329.0,571.0,43.0,143.0,1,1,1.0
556,2,1327.0,570.0,44.0,143.0,1,1,1.0
557,2,1326.0,571.0,44.0,142.0,1,1,1.0
558,2,1325.0,574.0,43.0,139.0,1,1,1.0
559,2,1323.0,584.0,42.0,129.0,1,1,1.0
563,2,1298.0,617.0,58.0,98.0,1,1,1.0
564,2,1295.0,624.0,60.0,93.0,1,1,1.0
565,2,1294.0,626.0,59.0,91.0,1,1,1.0
566,2,1293.0,628.0,58.0,91.0,1,1,1.0
567,2,1292.0,627.0,58.0,92.0,1,1,1.0
568,2,1292.0,623.0,56.0,96.0,1,1,1.0
570,2,1291.0,616.0,48.0,103.0,1,1,1.0
571,2,1291.0,613.0,42.0,106.0,1,1,1.0
572,2,1289.0,612.0,39.0,107.0,1,1,1.0
573,2,1287.0,610.0,38.0,111.0,1,1,1.0
574,2,1284.0,604.0,38.0,119.0,1,1,1.0
575,2,1280.0,605.0,41.0,121.0,1,1,1.0
576,2,1273.0,607.0,47.0,120.0,1,1,1.0
577,2,1268.0,611.0,50.0,116.0,1,1,1.0
578,2,1266.0,607.0,50.0,121.0,1,1,1.0
579,2,1263.0,604.0,50.0,124.0,1,1,1.0
580,2,1262.0,603.0,49.0,126.0,1,1,1.0
581,2,1261.0,600.0,44.0,128.0,1,1,1.0
582,2,1259.0,597.0,41.0,132.0,1,1,1.0
583,2,1255.0,595.0,42.0,134.0,1,1,1.0
584,2,1253.0,593.0,41.0,136.0,1,1,1.0
585,2,1251.0,592.0,39.0,137.0,1,1,1.0
586,2,1244.0,591.0,45.0,138.0,1,1,1.0
587,2,1235.0,592.0,53.0,138.0,1,1,1.0
588,2,1226.0,592.0,59.0,139.0,1,1,1.0
589,2,1220.0,593.0,63.0,140.0,1,1,1.0
590,2,1218.0,594.0,64.0,139.0,1,1,1.0
591,2,1217.0,594.0,64.0,140.0,1,1,1.0
592,2,1216.0,593.0,64.0,141.0,1,1,1.0
593,2,1216.0,593.0,60.0,141.0,1,1,1.0
594,2,1216.0,602.0,56.0,133.0,1,1,1.0
595,2,1215.0,599.0,47.0,135.0,1,1,1.0
596,2,1213.0,602.0,40.0,133.0,1,1,1.0
597,2,1211.0,604.0,38.0,132.0,1,1,1.0
598,2,1209.0,605.0,39.0,134.0,1,1,1.0
599,2,1207.0,607.0,40.0,135.0,1,1,1.0
600,2,1203.0,611.0,41.0,128.0,1,1,1.0
601,2,1196.0,610.0,45.0,131.0,1,1,1.0
602,2,1192.0,609.0,47.0,135.0,1,1,1.0
603,2,1191.0,609.0,46.0,137.0,1,1,1.0
604,2,1190.0,607.0,45.0,138.0,1,1,1.0
605,2,1187.0,605.0,46.0,141.0,1,1,1.0
606,2,1185.0,603.0,46.0,143.0,1,1,1.0
607,2,1182.0,601.0,46.0,145.0,1,1,1.0
608,2,1177.0,600.0,48.0,146.0,1,1,1.0
609,2,1171.0,599.0,50.0,147.0,1,1,1.0
610,2,1165.0,598.0,53.0,149.0,1,1,1.0
612,2,1149.0,597.0,66.0,152.0,1,1,1.0
613,2,1142.0,600.0,70.0,151.0,1,1,1.0
614,2,1140.0,598.0,71.0,154.0,1,1,1.0
615,2,1139.0,602.0,70.0,152.0,1,1,1.0
616,2,1138.0,601.0,70.0,153.0,1,1,1.0
617,2,1138.0,601.0,68.0,154.0,1,1,1.0
618,2,1138.0,601.0,63.0,154.0,1,1,1.0
619,2,1136.0,601.0,58.0,154.0,1,1,1.0
620,2,1133.0,598.0,54.0,157.0,1,1,1.0
621,2,1129.0,595.0,51.0,160.0,1,1,1.0
622,2,1125.0,593.0,51.0,165.0,1,1,1.0
623,2,1120.0,592.0,54.0,169.0,1,1,1.0
624,2,1116.0,592.0,56.0,170.0,1,1,1.0
625,2,1108.0,597.0,59.0,167.0,1,1,1.0
626,2,1101.0,598.0,65.0,166.0,1,1,1.0
627,2,1098.0,601.0,66.0,164.0,1,1,1.0
628,2,1096.0,604.0,66.0,161.0,1,1,1.0
629,2,1095.0,606.0,64.0,158.0,1,1,1.0
630,2,1093.0,608.0,60.0,157.0,1,1,1.0
631,2,1091.0,609.0,55.0,156.0,1,1,1.0
632,2,1088.0,611.0,52.0,154.0,1,1,1.0
633,2,1085.0,613.0,51.0,152.0,1,1,1.0
635,2,1071.0,616.0,57.0,149.0,1,1,1.0
636,2,1059.0,620.0,67.0,146.0,1,1,1.0
637,2,1048.0,622.0,75.0,145.0,1,1,1.0
638,2,1040.0,624.0,82.0,144.0,1,1,1.0
639,2,1036.0,627.0,84.0,142.0,1,1,1.0
640,2,1034.0,630.0,85.0,141.0,1,1,1.0
641,2,1034.0,630.0,85.0,141.0,1,1,1.0
642,2,1034.0,632.0,82.0,139.0,1,1,1.0
643,2,1034.0,633.0,76.0,139.0,1,1,1.0
644,2,1034.0,632.0,66.0,139.0,1,1,1.0
645,2,1033.0,632.0,56.0,139.0,1,1,1.0
646,2,1029.0,632.0,51.0,140.0,1,1,1.0
647,2,1026.0,632.0,49.0,142.0,1,1,1.0
648,2,1021.0,631.0,50.0,147.0,1,1,1.0
649,2,1013.0,632.0,54.0,147.0,1,1,1.0
650,2,1004.0,633.0,59.0,147.0,1,1,1.0
651,2,997.0,630.0,65.0,153.0,1,1,1.0
652,2,993.0,629.0,67.0,156.0,1,1,1.0
653,2,991.0,623.0,69.0,163.0,1,1,1.0
654,2,989.0,614.0,69.0,173.0,1,1,1.0
655,2,986.0,601.0,67.0,186.0,1,1,1.0
656,2,982.0,595.0,65.0,192.0,1,1,1.0
657,2,978.0,592.0,60.0,195.0,1,1,1.0
658,2,974.0,592.0,57.0,196.0,1,1,1.0
659,2,970.0,594.0,57.0,194.0,1,1,1.0
660,2,965.0,596.0,57.0,191.0,1,1,1.0
661,2,954.0,595.0,66.0,193.0,1,1,1.0
662,2,941.0,594.0,78.0,196.0,1,1,1.0
663,2,930.0,595.0,87.0,196.0,1,1,1.0
664,2,924.0,596.0,92.0,197.0,1,1,1.0
665,2,921.0,600.0,95.0,196.0,1,1,1.0
666,2,920.0,603.0,95.0,194.0,1,1,1.0
667,2,919.0,607.0,92.0,191.0,1,1,1.0
668,2,918.0,608.0,85.0,190.0,1,1,1.0
669,2,914.0,608.0,79.0,190.0,1,1,1.0
670,2,909.0,608.0,72.0,190.0,1,1,1.0
671,2,905.0,608.0,64.0,191.0,1,1,1.0
672,2,900.0,609.0,60.0,194.0,1,1,1.0
673,2,896.0,611.0,58.0,195.0,1,1,1.0
674,2,891.0,616.0,61.0,191.0,1,1,1.0
675,2,881.0,622.0,69.0,187.0,1,1,1.0
676,2,872.0,626.0,78.0,185.0,1,1,1.0
677,2,866.0,627.0,83.0,186.0,1,1,1.0
678,2,863.0,633.0,85.0,181.0,1,1,1.0
679,2,862.0,635.0,84.0,179.0,1,1,1.0
680,2,860.0,634.0,80.0,181.0,1,1,1.0
681,2,856.0,629.0,75.0,186.0,1,1,1.0
682,2,851.0,624.0,69.0,191.0,1,1,1.0
683,2,847.0,618.0,63.0,197.0,1,1,1.0
684,2,842.0,614.0,60.0,201.0,1,1,1.0
685,2,837.0,611.0,59.0,203.0,1,1,1.0
686,2,825.0,611.0,68.0,206.0,1,1,1.0
687,2,811.0,614.0,80.0,204.0,1,1,1.0
688,2,799.0,618.0,92.0,203.0,1,1,1.0
689,2,793.0,620.0,97.0,203.0,1,1,1.0
690,2,790.0,622.0,100.0,204.0,1,1,1.0
691,2,789.0,621.0,101.0,205.0,1,1,1.0
692,2,787.0,621.0,98.0,206.0,1,1,1.0
693,2,782.0,618.0,94.0,210.0,1,1,1.0
694,2,777.0,616.0,89.0,211.0,1,1,1.0
695,2,773.0,616.0,81.0,212.0,1,1,1.0
696,2,768.0,615.0,71.0,214.0,1,1,1.0
697,2,764.0,615.0,67.0,217.0,1,1,1.0
698,2,758.0,616.0,66.0,221.0,1,1,1.0
699,2,750.0,618.0,72.0,221.0,1,1,1.0
700,2,740.0,616.0,82.0,224.0,1,1,1.0
701,2,732.0,616.0,91.0,225.0,1,1,1.0
702,2,726.0,618.0,96.0,225.0,1,1,1.0
703,2,722.0,621.0,98.0,223.0,1,1,1.0
704,2,718.0,623.0,98.0,221.0,1,1,1.0
705,2,714.0,623.0,94.0,222.0,1,1,1.0
706,2,708.0,622.0,89.0,222.0,1,1,1.0
707,2,702.0,621.0,84.0,224.0,1,1,1.0
708,2,697.0,622.0,75.0,223.0,1,1,1.0
709,2,691.0,623.0,71.0,222.0,1,1,1.0
710,2,685.0,623.0,71.0,222.0,1,1,1.0
711,2,676.0,624.0,79.0,223.0,1,1,1.0
712,2,662.0,626.0,93.0,222.0,1,1,1.0
713,2,651.0,630.0,103.0,222.0,1,1,1.0
714,2,645.0,632.0,109.0,222.0,1,1,1.0
715,2,643.0,633.0,111.0,223.0,1,1,1.0
716,2,641.0,634.0,110.0,224.0,1,1,1.0
717,2,637.0,634.0,106.0,223.0,1,1,1.0
718,2,632.0,634.0,100.0,224.0,1,1,1.0
719,2,627.0,634.0,91.0,224.0,1,1,1.0
720,2,621.0,636.0,82.0,222.0,1,1,1.0
721,2,615.0,640.0,72.0,223.0,1,1,1.0
722,2,610.0,641.0,70.0,227.0,1,1,1.0
723,2,608.0,642.0,69.0,230.0,1,1,1.0
724,2,599.0,642.0,78.0,231.0,1,1,1.0
725,2,588.0,643.0,88.0,234.0,1,1,1.0
726,2,582.0,645.0,94.0,234.0,1,1,1.0
727,2,578.0,646.0,98.0,235.0,1,1,1.0
728,2,572.0,646.0,101.0,236.0,1,1,1.0
729,2,568.0,645.0,98.0,238.0,1,1,1.0
730,2,563.0,645.0,93.0,239.0,1,1,1.0
731,2,556.0,646.0,88.0,238.0,1,1,1.0
732,2,550.0,647.0,80.0,237.0,1,1,1.0
733,2,542.0,647.0,75.0,236.0,1,1,1.0
734,2,538.0,649.0,76.0,235.0,1,1,1.0
735,2,529.0,650.0,83.0,235.0,1,1,1.0
736,2,515.0,653.0,97.0,234.0,1,1,1.0
737,2,502.0,660.0,110.0,231.0,1,1,1.0
738,2,496.0,667.0,117.0,227.0,1,1,1.0
739,2,493.0,674.0,119.0,223.0,1,1,1.0
740,2,488.0,678.0,121.0,219.0,1,1,1.0
743,2,481.0,693.0,95.0,204.0,1,1,1.0
744,2,477.0,699.0,82.0,199.0,1,1,1.0
745,2,472.0,702.0,70.0,197.0,1,1,1.0
746,2,467.0,706.0,67.0,200.0,1,1,1.0
747,2,460.0,708.0,71.0,202.0,1,1,1.0
748,2,446.0,709.0,84.0,202.0,1,1,1.0
749,2,431.0,704.0,99.0,206.0,1,1,1.0
750,2,419.0,701.0,111.0,212.0,1,1,1.0
751,2,413.0,696.0,117.0,220.0,1,1,1.0
752,2,410.0,691.0,119.0,226.0,1,1,1.0
753,2,408.0,687.0,118.0,232.0,1,1,1.0
754,2,403.0,680.0,115.0,239.0,1,1,1.0
755,2,396.0,674.0,110.0,245.0,1,1,1.0
756,2,388.0,672.0,104.0,247.0,1,1,1.0
757,2,380.0,670.0,96.0,249.0,1,1,1.0
758,2,373.0,670.0,85.0,249.0,1,1,1.0
759,2,366.0,670.0,84.0,248.0,1,1,1.0
760,2,359.0,672.0,89.0,247.0,1,1,1.0
761,2,347.0,674.0,101.0,245.0,1,1,1.0
762,2,332.0,676.0,116.0,243.0,1,1,1.0
763,2,322.0,678.0,125.0,242.0,1,1,1.0
764,2,318.0,680.0,129.0,241.0,1,1,1.0
765,2,312.0,681.0,134.0,241.0,1,1,1.0
766,2,306.0,682.0,135.0,240.0,1,1,1.0
767,2,300.0,682.0,129.0,240.0,1,1,1.0
768,2,292.0,681.0,120.0,241.0,1,1,1.0
769,2,287.0,681.0,110.0,241.0,1,1,1.0
770,2,281.0,681.0,97.0,243.0,1,1,1.0
771,2,276.0,681.0,87.0,248.0,1,1,1.0
772,2,270.0,685.0,86.0,249.0,1,1,1.0
773,2,265.0,687.0,90.0,249.0,1,1,1.0
774,2,256.0,688.0,99.0,248.0,1,1,1.0
775,2,246.0,692.0,109.0,245.0,1,1,1.0
776,2,241.0,693.0,114.0,246.0,1,1,1.0
777,2,239.0,694.0,115.0,247.0,1,1,1.0
778,2,236.0,694.0,112.0,247.0,1,1,1.0
779,2,232.0,693.0,103.0,249.0,1,1,1.0
780,2,227.0,692.0,92.0,250.0,1,1,1.0
