1,1,946.0,213.0,37.0,112.0,1,1,1.0
2,1,944.0,213.0,34.0,114.0,1,1,1.0
3,1,944.0,216.0,34.0,113.0,1,1,1.0
4,1,946.0,217.0,31.0,113.0,1,1,1.0
5,1,943.0,216.0,37.0,115.0,1,1,1.0
6,1,941.0,218.0,38.0,114.0,1,1,1.0
7,1,940.0,217.0,40.0,114.0,1,1,1.0
8,1,939.0,216.0,39.0,115.0,1,1,1.0
9,1,938.0,216.0,44.0,114.0,1,1,1.0
10,1,939.0,217.0,43.0,114.0,1,1,1.0
11,1,937.0,219.0,44.0,114.0,1,1,1.0
12,1,937.0,220.0,44.0,115.0,1,1,1.0
13,1,936.0,221.0,48.0,114.0,1,1,1.0
14,1,938.0,223.0,49.0,115.0,1,1,1.0
15,1,937.0,224.0,50.0,115.0,1,1,1.0
16,1,938.0,223.0,48.0,116.0,1,1,1.0
17,1,940.0,223.0,47.0,117.0,1,1,1.0
18,1,941.0,222.0,46.0,118.0,1,1,1.0
19,1,943.0,222.0,45.0,119.0,1,1,1.0
20,1,943.0,221.0,45.0,119.0,1,1,1.0
21,1,943.0,221.0,45.0,120.0,1,1,1.0
22,1,943.0,221.0,44.0,122.0,1,1,1.0
23,1,945.0,223.0,43.0,122.0,1,1,1.0
24,1,945.0,226.0,43.0,121.0,1,1,1.0
25,1,946.0,227.0,41.0,120.0,1,1,1.0
26,1,947.0,228.0,39.0,120.0,1,1,1.0
27,1,947.0,228.0,40.0,121.0,1,1,1.0
28,1,949.0,227.0,41.0,122.0,1,1,1.0
29,1,949.0,226.0,41.0,124.0,1,1,1.0
30,1,948.0,225.0,45.0,125.0,1,1,1.0
31,1,949.0,225.0,44.0,125.0,1,1,1.0
32,1,949.0,226.0,44.0,126.0,1,1,1.0
33,1,948.0,230.0,47.0,123.0,1,1,1.0
34,1,950.0,232.0,46.0,123.0,1,1,1.0
35,1,949.0,233.0,48.0,123.0,1,1,1.0
36,1,949.0,235.0,48.0,123.0,1,1,1.0
37,1,950.0,235.0,45.0,125.0,1,1,1.0
38,1,951.0,234.0,48.0,126.0,1,1,1.0
39,1,952.0,234.0,48.0,126.0,1,1,1.0
40,1,953.0,234.0,49.0,126.0,1,1,1.0
41,1,955.0,233.0,49.0,126.0,1,1,1.0
42,1,956.0,233.0,49.0,129.0,1,1,1.0
43,1,957.0,233.0,49.0,130.0,1,1,1.0
44,1,956.0,233.0,48.0,132.0,1,1,1.0
45,1,955.0,234.0,49.0,133.0,1,1,1.0
46,1,954.0,237.0,49.0,132.0,1,1,1.0
47,1,953.0,239.0,50.0,131.0,1,1,1.0
48,1,952.0,239.0,53.0,132.0,1,1,1.0
49,1,953.0,238.0,52.0,132.0,1,1,1.0
50,1,954.0,237.0,52.0,133.0,1,1,1.0
51,1,955.0,237.0,59.0,133.0,1,1,1.0
52,1,955.0,239.0,54.0,132.0,1,1,1.0
53,1,957.0,242.0,51.0,132.0,1,1,1.0
54,1,955.0,246.0,52.0,130.0,1,1,1.0
55,1,955.0,252.0,54.0,127.0,1,1,1.0
56,1,954.0,257.0,55.0,123.0,1,1,1.0
58,1,953.0,255.0,55.0,127.0,1,1,1.0
59,1,953.0,252.0,55.0,130.0,1,1,1.0
60,1,953.0,252.0,54.0,129.0,1,1,1.0
61,1,955.0,254.0,52.0,128.0,1,1,1.0
62,1,955.0,259.0,52.0,123.0,1,1,1.0
64,1,952.0,235.0,62.0,151.0,1,1,1.0
65,1,950.0,231.0,64.0,159.0,1,1,1.0
66,1,947.0,228.0,70.0,162.0,1,1,1.0
67,1,944.0,228.0,74.0,164.0,1,1,1.0
68,1,942.0,228.0,76.0,165.0,1,1,1.0
69,1,944.0,228.0,74.0,166.0,1,1,1.0
70,1,945.0,228.0,74.0,166.0,1,1,1.0
71,1,946.0,228.0,73.0,166.0,1,1,1.0
72,1,946.0,228.0,73.0,165.0,1,1,1.0
73,1,946.0,228.0,73.0,166.0,1,1,1.0
74,1,944.0,228.0,74.0,170.0,1,1,1.0
75,1,943.0,228.0,75.0,172.0,1,1,1.0
76,1,942.0,228.0,77.0,175.0,1,1,1.0
77,1,941.0,228.0,78.0,177.0,1,1,1.0
78,1,941.0,228.0,78.0,178.0,1,1,1.0
79,1,942.0,228.0,78.0,179.0,1,1,1.0
80,1,942.0,228.0,78.0,180.0,1,1,1.0
87,2,936.0,287.0,52.0,134.0,1,1,1.0
88,2,935.0,287.0,52.0,134.0,1,1,1.0
89,2,934.0,287.0,51.0,134.0,1,1,1.0
90,2,932.0,288.0,52.0,134.0,1,1,1.0
91,2,931.0,288.0,54.0,133.0,1,1,1.0
92,2,930.0,289.0,57.0,133.0,1,1,1.0
93,2,929.0,289.0,60.0,135.0,1,1,1.0
94,2,929.0,290.0,64.0,139.0,1,1,1.0
95,2,929.0,292.0,67.0,141.0,1,1,1.0
96,2,930.0,294.0,69.0,141.0,1,1,1.0
97,2,930.0,295.0,70.0,143.0,1,1,1.0
98,2,931.0,295.0,69.0,144.0,1,1,1.0
99,2,931.0,294.0,66.0,145.0,1,1,1.0
100,2,932.0,292.0,64.0,147.0,1,1,1.0
102,2,933.0,289.0,62.0,151.0,1,1,1.0
103,2,933.0,289.0,61.0,152.0,1,1,1.0
105,2,933.0,300.0,60.0,150.0,1,1,1.0
106,2,932.0,304.0,60.0,151.0,1,1,1.0
107,2,932.0,307.0,59.0,150.0,1,1,1.0
108,2,931.0,308.0,59.0,150.0,1,1,1.0
109,2,931.0,308.0,59.0,150.0,1,1,1.0
110,2,931.0,308.0,60.0,150.0,1,1,1.0
111,2,930.0,309.0,62.0,149.0,1,1,1.0
112,2,930.0,308.0,64.0,150.0,1,1,1.0
113,2,930.0,309.0,67.0,153.0,1,1,1.0
115,2,931.0,312.0,71.0,157.0,1,1,1.0
116,2,931.0,314.0,72.0,161.0,1,1,1.0
117,2,933.0,316.0,72.0,162.0,1,1,1.0
118,2,934.0,317.0,71.0,163.0,1,1,1.0
119,2,935.0,318.0,70.0,164.0,1,1,1.0
120,2,936.0,318.0,69.0,164.0,1,1,1.0
122,2,935.0,319.0,69.0,163.0,1,1,1.0
125,2,936.0,327.0,67.0,167.0,1,1,1.0
126,2,936.0,330.0,67.0,167.0,1,1,1.0
127,2,935.0,334.0,67.0,167.0,1,1,1.0
128,2,935.0,337.0,67.0,168.0,1,1,1.0
129,2,935.0,339.0,67.0,167.0,1,1,1.0
130,2,934.0,339.0,67.0,167.0,1,1,1.0
131,2,934.0,340.0,67.0,167.0,1,1,1.0
132,2,935.0,340.0,69.0,167.0,1,1,1.0
133,2,935.0,341.0,71.0,166.0,1,1,1.0
134,2,935.0,341.0,74.0,169.0,1,1,1.0
135,2,935.0,342.0,78.0,175.0,1,1,1.0
136,2,935.0,345.0,81.0,178.0,1,1,1.0
137,2,936.0,349.0,83.0,179.0,1,1,1.0
138,2,938.0,352.0,84.0,179.0,1,1,1.0
139,2,938.0,355.0,84.0,178.0,1,1,1.0
140,2,940.0,359.0,83.0,175.0,1,1,1.0
141,2,941.0,361.0,83.0,173.0,1,1,1.0
142,2,941.0,362.0,83.0,173.0,1,1,1.0
143,2,941.0,362.0,82.0,172.0,1,1,1.0
144,2,941.0,363.0,82.0,171.0,1,1,1.0
145,2,941.0,365.0,79.0,177.0,1,1,1.0
146,2,942.0,368.0,75.0,184.0,1,1,1.0
147,2,942.0,372.0,73.0,182.0,1,1,1.0
148,2,941.0,376.0,72.0,184.0,1,1,1.0
149,2,940.0,381.0,71.0,183.0,1,1,1.0
150,2,939.0,385.0,72.0,181.0,1,1,1.0
151,2,939.0,388.0,73.0,178.0,1,1,1.0
152,2,937.0,390.0,77.0,176.0,1,1,1.0
153,2,933.0,393.0,84.0,172.0,1,1,1.0
154,2,935.0,396.0,86.0,169.0,1,1,1.0
155,2,936.0,396.0,90.0,174.0,1,1,1.0
156,2,938.0,400.0,93.0,180.0,1,1,1.0
157,2,934.0,403.0,100.0,182.0,1,1,1.0
158,2,936.0,405.0,99.0,187.0,1,1,1.0
159,2,940.0,407.0,96.0,191.0,1,1,1.0
160,2,943.0,407.0,93.0,193.0,1,1,1.0
161,2,946.0,407.0,91.0,194.0,1,1,1.0
162,2,946.0,409.0,92.0,193.0,1,1,1.0
163,2,948.0,411.0,92.0,190.0,1,1,1.0
164,2,950.0,415.0,94.0,186.0,1,1,1.0
165,2,951.0,421.0,96.0,183.0,1,1,1.0
166,2,947.0,426.0,99.0,187.0,1,1,1.0
167,2,946.0,432.0,101.0,190.0,1,1,1.0
168,2,946.0,440.0,99.0,188.0,1,1,1.0
169,2,950.0,448.0,94.0,188.0,1,1,1.0
170,2,952.0,454.0,92.0,187.0,1,1,1.0
171,2,952.0,457.0,91.0,186.0,1,1,1.0
172,2,952.0,458.0,91.0,185.0,1,1,1.0
173,2,952.0,457.0,91.0,187.0,1,1,1.0
174,2,950.0,454.0,94.0,189.0,1,1,1.0
175,2,951.0,451.0,95.0,192.0,1,1,1.0
176,2,952.0,449.0,96.0,197.0,1,1,1.0
177,2,952.0,450.0,99.0,207.0,1,1,1.0
178,2,952.0,453.0,103.0,214.0,1,1,1.0
179,2,953.0,456.0,105.0,218.0,1,1,1.0
180,2,954.0,459.0,107.0,223.0,1,1,1.0
181,2,954.0,461.0,108.0,226.0,1,1,1.0
182,2,957.0,464.0,108.0,225.0,1,1,1.0
183,2,961.0,465.0,107.0,225.0,1,1,1.0
184,2,964.0,465.0,107.0,224.0,1,1,1.0
185,2,966.0,466.0,108.0,223.0,1,1,1.0
186,2,966.0,468.0,109.0,222.0,1,1,1.0
187,2,966.0,470.0,112.0,231.0,1,1,1.0
188,2,967.0,475.0,113.0,236.0,1,1,1.0
189,2,967.0,479.0,112.0,242.0,1,1,1.0
190,2,967.0,485.0,111.0,250.0,1,1,1.0
191,2,968.0,492.0,109.0,250.0,1,1,1.0
192,2,970.0,498.0,107.0,248.0,1,1,1.0
193,2,970.0,504.0,106.0,243.0,1,1,1.0
194,2,970.0,511.0,105.0,237.0,1,1,1.0
195,2,970.0,516.0,106.0,232.0,1,1,1.0
196,2,970.0,523.0,108.0,225.0,1,1,1.0
197,2,971.0,527.0,111.0,224.0,1,1,1.0
198,2,969.0,533.0,115.0,235.0,1,1,1.0
199,2,966.0,537.0,122.0,240.0,1,1,1.0
200,2,967.0,542.0,125.0,246.0,1,1,1.0
201,2,970.0,547.0,126.0,253.0,1,1,1.0
202,2,974.0,550.0,123.0,257.0,1,1,1.0
203,2,977.0,553.0,122.0,257.0,1,1,1.0
204,2,978.0,556.0,125.0,255.0,1,1,1.0
205,2,976.0,559.0,132.0,252.0,1,1,1.0
206,2,976.0,561.0,137.0,249.0,1,1,1.0
207,2,976.0,564.0,140.0,248.0,1,1,1.0
208,2,976.0,569.0,141.0,259.0,1,1,1.0
209,2,977.0,574.0,139.0,272.0,1,1,1.0
210,2,977.0,581.0,136.0,275.0,1,1,1.0
211,2,976.0,588.0,134.0,280.0,1,1,1.0
212,2,970.0,596.0,138.0,284.0,1,1,1.0
213,2,968.0,603.0,138.0,282.0,1,1,1.0
214,2,964.0,608.0,141.0,278.0,1,1,1.0
215,2,965.0,613.0,138.0,274.0,1,1,1.0
216,2,968.0,616.0,137.0,271.0,1,1,1.0
217,2,968.0,620.0,139.0,267.0,1,1,1.0
218,2,967.0,625.0,142.0,276.0,1,1,1.0
219,2,967.0,631.0,145.0,292.0,1,1,1.0
220,2,966.0,639.0,148.0,300.0,1,1,1.0
221,2,967.0,649.0,150.0,305.0,1,1,1.0
222,2,968.0,657.0,152.0,311.0,1,1,1.0
223,2,971.0,665.0,152.0,309.0,1,1,1.0
224,2,971.0,672.0,157.0,305.0,1,1,1.0
225,2,972.0,678.0,163.0,300.0,1,1,1.0
226,2,974.0,682.0,166.0,295.0,1,1,1.0
227,2,974.0,688.0,168.0,289.0,1,1,1.0
228,2,973.0,694.0,169.0,290.0,1,1,1.0
229,2,974.0,702.0,166.0,308.0,1,1,1.0
230,2,974.0,711.0,161.0,321.0,1,1,1.0
231,2,968.0,722.0,161.0,326.0,1,1,1.0
232,2,962.0,734.0,163.0,330.0,1,1,1.0
233,2,963.0,746.0,158.0,331.0,1,1,1.0
234,2,967.0,757.0,152.0,324.0,1,1,1.0
236,2,966.0,777.0,152.0,306.0,1,1,1.0
237,2,964.0,786.0,160.0,296.0,1,1,1.0
238,2,962.0,797.0,167.0,285.0,1,1,1.0
239,2,957.0,808.0,181.0,273.0,1,1,1.0
240,2,948.0,821.0,200.0,260.0,1,1,1.0
244,2,955.0,869.0,204.0,212.0,1,1,1.0
325,3,254.0,927.0,186.0,152.0,1,1,1.0
326,3,251.0,920.0,186.0,158.0,1,1,1.0
327,3,246.0,911.0,183.0,167.0,1,1,1.0
328,3,240.0,900.0,179.0,179.0,1,1,1.0
329,3,232.0,887.0,177.0,192.0,1,1,1.0
330,3,221.0,874.0,180.0,205.0,1,1,1.0
331,3,209.0,862.0,186.0,217.0,1,1,1.0
332,3,200.0,850.0,195.0,228.0,1,1,1.0
333,3,196.0,840.0,199.0,238.0,1,1,1.0
334,3,195.0,832.0,196.0,246.0,1,1,1.0
335,3,198.0,827.0,190.0,251.0,1,1,1.0
336,3,202.0,823.0,186.0,255.0,1,1,1.0
337,3,206.0,821.0,179.0,257.0,1,1,1.0
338,3,208.0,817.0,172.0,261.0,1,1,1.0
339,3,211.0,813.0,165.0,265.0,1,1,1.0
340,3,206.0,805.0,166.0,273.0,1,1,1.0
341,3,201.0,794.0,170.0,284.0,1,1,1.0
342,3,193.0,783.0,178.0,296.0,1,1,1.0
343,3,189.0,771.0,182.0,308.0,1,1,1.0
344,3,192.0,759.0,179.0,319.0,1,1,1.0
345,3,193.0,749.0,178.0,329.0,1,1,1.0
346,3,189.0,744.0,179.0,334.0,1,1,1.0
347,3,187.0,742.0,179.0,336.0,1,1,1.0
348,3,181.0,740.0,183.0,338.0,1,1,1.0
349,3,182.0,736.0,182.0,342.0,1,1,1.0
350,3,184.0,732.0,180.0,346.0,1,1,1.0
351,3,184.0,726.0,183.0,352.0,1,1,1.0
352,3,183.0,718.0,181.0,352.0,1,1,1.0
353,3,184.0,709.0,175.0,345.0,1,1,1.0
354,3,184.0,700.0,168.0,345.0,1,1,1.0
355,3,182.0,693.0,163.0,350.0,1,1,1.0
356,3,181.0,687.0,157.0,355.0,1,1,1.0
357,3,181.0,683.0,154.0,359.0,1,1,1.0
358,3,182.0,680.0,150.0,362.0,1,1,1.0
359,3,184.0,677.0,145.0,364.0,1,1,1.0
360,3,185.0,674.0,138.0,358.0,1,1,1.0
361,3,187.0,670.0,131.0,352.0,1,1,1.0
362,3,187.0,663.0,126.0,347.0,1,1,1.0
363,3,187.0,654.0,125.0,336.0,1,1,1.0
364,3,185.0,645.0,126.0,325.0,1,1,1.0
365,3,183.0,639.0,128.0,320.0,1,1,1.0
366,3,181.0,633.0,130.0,321.0,1,1,1.0
367,3,180.0,630.0,131.0,323.0,1,1,1.0
368,3,179.0,628.0,132.0,325.0,1,1,1.0
369,3,179.0,627.0,133.0,326.0,1,1,1.0
370,3,177.0,624.0,135.0,328.0,1,1,1.0
371,3,176.0,619.0,135.0,323.0,1,1,1.0
372,3,173.0,612.0,136.0,320.0,1,1,1.0
373,3,170.0,605.0,136.0,315.0,1,1,1.0
374,3,167.0,597.0,133.0,306.0,1,1,1.0
375,3,165.0,590.0,130.0,302.0,1,1,1.0
376,3,163.0,585.0,126.0,303.0,1,1,1.0
377,3,162.0,581.0,122.0,306.0,1,1,1.0
378,3,161.0,577.0,121.0,310.0,1,1,1.0
379,3,160.0,574.0,120.0,313.0,1,1,1.0
380,3,161.0,572.0,117.0,315.0,1,1,1.0
381,3,162.0,571.0,113.0,316.0,1,1,1.0
382,3,162.0,568.0,107.0,314.0,1,1,1.0
383,3,163.0,564.0,101.0,309.0,1,1,1.0
384,3,163.0,558.0,99.0,299.0,1,1,1.0
385,3,163.0,553.0,98.0,291.0,1,1,1.0
386,3,162.0,548.0,99.0,284.0,1,1,1.0
387,3,161.0,545.0,100.0,284.0,1,1,1.0
388,3,160.0,543.0,102.0,284.0,1,1,1.0
389,3,158.0,542.0,104.0,280.0,1,1,1.0
390,3,157.0,543.0,105.0,283.0,1,1,1.0
391,3,156.0,543.0,106.0,284.0,1,1,1.0
392,3,156.0,541.0,106.0,283.0,1,1,1.0
393,3,155.0,538.0,111.0,280.0,1,1,1.0
394,3,155.0,533.0,110.0,277.0,1,1,1.0
395,3,154.0,527.0,111.0,271.0,1,1,1.0
396,3,154.0,521.0,106.0,264.0,1,1,1.0
397,3,154.0,515.0,104.0,264.0,1,1,1.0
398,3,154.0,510.0,102.0,268.0,1,1,1.0
399,3,155.0,505.0,101.0,272.0,1,1,1.0
400,3,156.0,503.0,98.0,274.0,1,1,1.0
401,3,157.0,503.0,95.0,275.0,1,1,1.0
402,3,158.0,502.0,95.0,276.0,1,1,1.0
403,3,159.0,500.0,92.0,274.0,1,1,1.0
404,3,161.0,499.0,90.0,270.0,1,1,1.0
405,3,163.0,496.0,88.0,265.0,1,1,1.0
406,3,164.0,493.0,86.0,257.0,1,1,1.0
407,3,164.0,488.0,87.0,249.0,1,1,1.0
408,3,162.0,484.0,88.0,248.0,1,1,1.0
409,3,161.0,482.0,89.0,248.0,1,1,1.0
410,3,159.0,480.0,91.0,249.0,1,1,1.0
411,3,157.0,480.0,95.0,250.0,1,1,1.0
412,3,155.0,479.0,99.0,251.0,1,1,1.0
413,3,154.0,478.0,101.0,251.0,1,1,1.0
414,3,153.0,476.0,101.0,248.0,1,1,1.0
415,3,151.0,473.0,98.0,245.0,1,1,1.0
416,3,150.0,469.0,96.0,240.0,1,1,1.0
417,3,149.0,466.0,92.0,234.0,1,1,1.0
418,3,149.0,461.0,89.0,235.0,1,1,1.0
419,3,149.0,458.0,85.0,237.0,1,1,1.0
420,3,149.0,456.0,84.0,237.0,1,1,1.0
421,3,151.0,456.0,82.0,238.0,1,1,1.0
422,3,153.0,455.0,81.0,239.0,1,1,1.0
423,3,156.0,454.0,84.0,241.0,1,1,1.0
424,3,159.0,450.0,86.0,244.0,1,1,1.0
425,3,162.0,446.0,81.0,244.0,1,1,1.0
426,3,164.0,439.0,80.0,246.0,1,1,1.0
427,3,166.0,434.0,76.0,243.0,1,1,1.0
428,3,168.0,428.0,74.0,239.0,1,1,1.0
429,3,169.0,425.0,73.0,236.0,1,1,1.0
430,3,169.0,422.0,75.0,237.0,1,1,1.0
431,3,170.0,420.0,77.0,238.0,1,1,1.0
432,3,170.0,420.0,79.0,238.0,1,1,1.0
433,3,169.0,419.0,81.0,239.0,1,1,1.0
434,3,169.0,418.0,83.0,240.0,1,1,1.0
435,3,169.0,418.0,86.0,240.0,1,1,1.0
436,3,171.0,416.0,90.0,238.0,1,1,1.0
437,3,173.0,413.0,87.0,237.0,1,1,1.0
439,3,184.0,407.0,78.0,231.0,1,1,1.0
440,3,189.0,404.0,74.0,225.0,1,1,1.0
441,3,190.0,400.0,76.0,224.0,1,1,1.0
442,3,191.0,399.0,84.0,225.0,1,1,1.0
443,3,195.0,398.0,89.0,225.0,1,1,1.0
444,3,202.0,399.0,95.0,224.0,1,1,1.0
445,3,210.0,397.0,99.0,226.0,1,1,1.0
446,3,217.0,397.0,97.0,226.0,1,1,1.0
447,3,223.0,396.0,95.0,225.0,1,1,1.0
448,3,227.0,394.0,93.0,222.0,1,1,1.0
449,3,232.0,391.0,88.0,221.0,1,1,1.0
450,3,241.0,389.0,80.0,214.0,1,1,1.0
451,3,251.0,386.0,70.0,210.0,1,1,1.0
452,3,259.0,384.0,62.0,210.0,1,1,1.0
453,3,267.0,382.0,60.0,210.0,1,1,1.0
454,3,273.0,382.0,61.0,210.0,1,1,1.0
455,3,279.0,381.0,72.0,212.0,1,1,1.0
456,3,284.0,380.0,84.0,213.0,1,1,1.0
457,3,287.0,381.0,95.0,212.0,1,1,1.0
458,3,286.0,380.0,103.0,213.0,1,1,1.0
459,3,285.0,377.0,108.0,215.0,1,1,1.0
460,3,296.0,374.0,98.0,206.0,1,1,1.0
461,3,303.0,370.0,93.0,211.0,1,1,1.0
462,3,318.0,368.0,77.0,207.0,1,1,1.0
463,3,327.0,366.0,68.0,204.0,1,1,1.0
464,3,334.0,364.0,68.0,205.0,1,1,1.0
465,3,342.0,362.0,71.0,206.0,1,1,1.0
466,3,350.0,361.0,81.0,206.0,1,1,1.0
467,3,358.0,361.0,93.0,206.0,1,1,1.0
468,3,362.0,362.0,104.0,205.0,1,1,1.0
469,3,363.0,362.0,110.0,204.0,1,1,1.0
470,3,366.0,360.0,110.0,204.0,1,1,1.0
471,3,373.0,357.0,104.0,204.0,1,1,1.0
472,3,387.0,355.0,90.0,202.0,1,1,1.0
473,3,403.0,352.0,73.0,202.0,1,1,1.0
474,3,417.0,350.0,61.0,203.0,1,1,1.0
475,3,424.0,349.0,61.0,204.0,1,1,1.0
476,3,431.0,349.0,73.0,204.0,1,1,1.0
477,3,436.0,349.0,89.0,205.0,1,1,1.0
478,3,439.0,350.0,100.0,204.0,1,1,1.0
479,3,441.0,350.0,106.0,203.0,1,1,1.0
480,3,445.0,349.0,105.0,201.0,1,1,1.0
481,3,454.0,348.0,97.0,202.0,1,1,1.0
482,3,467.0,346.0,84.0,199.0,1,1,1.0
483,3,481.0,344.0,72.0,198.0,1,1,1.0
484,3,489.0,342.0,69.0,198.0,1,1,1.0
485,3,496.0,342.0,71.0,197.0,1,1,1.0
486,3,503.0,340.0,84.0,198.0,1,1,1.0
487,3,510.0,339.0,97.0,199.0,1,1,1.0
488,3,516.0,338.0,106.0,200.0,1,1,1.0
489,3,518.0,337.0,111.0,198.0,1,1,1.0
490,3,520.0,336.0,112.0,198.0,1,1,1.0
491,3,528.0,334.0,104.0,198.0,1,1,1.0
492,3,541.0,332.0,91.0,196.0,1,1,1.0
493,3,558.0,329.0,76.0,197.0,1,1,1.0
494,3,571.0,328.0,67.0,197.0,1,1,1.0
495,3,579.0,327.0,66.0,198.0,1,1,1.0
496,3,585.0,327.0,71.0,198.0,1,1,1.0
497,3,592.0,327.0,83.0,198.0,1,1,1.0
498,3,597.0,327.0,93.0,198.0,1,1,1.0
499,3,599.0,327.0,97.0,197.0,1,1,1.0
500,3,603.0,326.0,97.0,198.0,1,1,1.0
501,3,612.0,325.0,89.0,197.0,1,1,1.0
502,3,624.0,323.0,77.0,194.0,1,1,1.0
503,3,639.0,320.0,66.0,191.0,1,1,1.0
504,3,649.0,317.0,62.0,193.0,1,1,1.0
505,3,656.0,315.0,61.0,194.0,1,1,1.0
506,3,663.0,314.0,72.0,194.0,1,1,1.0
507,3,668.0,316.0,84.0,192.0,1,1,1.0
508,3,670.0,315.0,94.0,193.0,1,1,1.0
509,3,671.0,315.0,99.0,192.0,1,1,1.0
510,3,672.0,314.0,102.0,190.0,1,1,1.0
511,3,676.0,313.0,98.0,190.0,1,1,1.0
512,3,687.0,312.0,87.0,186.0,1,1,1.0
513,3,701.0,310.0,73.0,184.0,1,1,1.0
514,3,716.0,307.0,60.0,186.0,1,1,1.0
515,3,727.0,304.0,55.0,187.0,1,1,1.0
516,3,733.0,303.0,58.0,189.0,1,1,1.0
517,3,738.0,302.0,62.0,189.0,1,1,1.0
518,3,741.0,303.0,72.0,189.0,1,1,1.0
519,3,742.0,304.0,80.0,188.0,1,1,1.0
520,3,744.0,303.0,84.0,188.0,1,1,1.0
521,3,747.0,302.0,83.0,188.0,1,1,1.0
522,3,753.0,300.0,77.0,189.0,1,1,1.0
523,3,763.0,299.0,69.0,187.0,1,1,1.0
524,3,775.0,297.0,60.0,184.0,1,1,1.0
525,3,784.0,294.0,57.0,184.0,1,1,1.0
526,3,791.0,294.0,55.0,183.0,1,1,1.0
527,3,797.0,294.0,60.0,182.0,1,1,1.0
528,3,801.0,294.0,72.0,183.0,1,1,1.0
529,3,803.0,294.0,83.0,183.0,1,1,1.0
530,3,803.0,295.0,89.0,182.0,1,1,1.0
531,3,804.0,295.0,92.0,181.0,1,1,1.0
532,3,807.0,294.0,89.0,180.0,1,1,1.0
533,3,816.0,289.0,81.0,180.0,1,1,1.0
534,3,827.0,287.0,71.0,178.0,1,1,1.0
535,3,842.0,285.0,62.0,179.0,1,1,1.0
536,3,854.0,283.0,56.0,179.0,1,1,1.0
537,3,861.0,283.0,55.0,179.0,1,1,1.0
538,3,865.0,284.0,58.0,178.0,1,1,1.0
539,3,867.0,284.0,67.0,178.0,1,1,1.0
540,3,867.0,285.0,76.0,177.0,1,1,1.0
541,3,869.0,284.0,79.0,177.0,1,1,1.0
542,3,873.0,283.0,77.0,177.0,1,1,1.0
543,3,880.0,281.0,73.0,178.0,1,1,1.0
544,3,890.0,278.0,68.0,177.0,1,1,1.0
545,3,901.0,276.0,62.0,174.0,1,1,1.0
546,3,909.0,275.0,60.0,174.0,1,1,1.0
547,3,916.0,274.0,58.0,174.0,1,1,1.0
548,3,922.0,273.0,60.0,174.0,1,1,1.0
549,3,925.0,274.0,72.0,173.0,1,1,1.0
550,3,926.0,275.0,82.0,172.0,1,1,1.0
551,3,926.0,276.0,88.0,172.0,1,1,1.0
552,3,927.0,275.0,90.0,170.0,1,1,1.0
553,3,930.0,277.0,90.0,168.0,1,1,1.0
554,3,938.0,277.0,82.0,165.0,1,1,1.0
555,3,948.0,278.0,74.0,163.0,1,1,1.0
556,3,962.0,276.0,65.0,164.0,1,1,1.0
557,3,975.0,276.0,57.0,164.0,1,1,1.0
558,3,983.0,276.0,54.0,165.0,1,1,1.0
559,3,986.0,276.0,57.0,164.0,1,1,1.0
560,3,988.0,278.0,62.0,162.0,1,1,1.0
561,3,990.0,279.0,69.0,161.0,1,1,1.0
562,3,992.0,277.0,74.0,163.0,1,1,1.0
563,3,994.0,275.0,75.0,165.0,1,1,1.0
564,3,999.0,271.0,73.0,167.0,1,1,1.0
565,3,1009.0,269.0,69.0,167.0,1,1,1.0
566,3,1019.0,269.0,63.0,165.0,1,1,1.0
567,3,1030.0,268.0,57.0,163.0,1,1,1.0
568,3,1036.0,267.0,56.0,165.0,1,1,1.0
569,3,1042.0,267.0,56.0,164.0,1,1,1.0
570,3,1045.0,267.0,61.0,164.0,1,1,1.0
571,3,1046.0,268.0,71.0,163.0,1,1,1.0
572,3,1047.0,268.0,76.0,163.0,1,1,1.0
573,3,1044.0,269.0,81.0,161.0,1,1,1.0
574,3,1049.0,271.0,79.0,159.0,1,1,1.0
575,3,1057.0,271.0,74.0,155.0,1,1,1.0
576,3,1067.0,272.0,68.0,154.0,1,1,1.0
577,3,1079.0,271.0,59.0,154.0,1,1,1.0
578,3,1089.0,271.0,51.0,154.0,1,1,1.0
579,3,1092.0,269.0,54.0,156.0,1,1,1.0
580,3,1095.0,265.0,54.0,159.0,1,1,1.0
581,3,1096.0,265.0,58.0,160.0,1,1,1.0
582,3,1099.0,266.0,63.0,159.0,1,1,1.0
583,3,1101.0,265.0,67.0,159.0,1,1,1.0
584,3,1103.0,264.0,68.0,160.0,1,1,1.0
585,3,1109.0,264.0,67.0,159.0,1,1,1.0
586,3,1116.0,264.0,65.0,156.0,1,1,1.0
587,3,1125.0,263.0,59.0,154.0,1,1,1.0
588,3,1134.0,262.0,53.0,154.0,1,1,1.0
589,3,1139.0,261.0,54.0,155.0,1,1,1.0
590,3,1141.0,263.0,54.0,152.0,1,1,1.0
591,3,1144.0,262.0,59.0,153.0,1,1,1.0
592,3,1145.0,263.0,66.0,152.0,1,1,1.0
593,3,1146.0,264.0,70.0,152.0,1,1,1.0
594,3,1146.0,264.0,71.0,151.0,1,1,1.0
595,3,1149.0,264.0,70.0,151.0,1,1,1.0
596,3,1154.0,263.0,68.0,151.0,1,1,1.0
597,3,1162.0,262.0,64.0,149.0,1,1,1.0
598,3,1171.0,260.0,59.0,151.0,1,1,1.0
599,3,1181.0,257.0,53.0,153.0,1,1,1.0
600,3,1188.0,258.0,48.0,152.0,1,1,1.0
601,3,1190.0,262.0,46.0,148.0,1,1,1.0
602,3,1191.0,261.0,55.0,149.0,1,1,1.0
603,3,1192.0,265.0,64.0,145.0,1,1,1.0
604,3,1194.0,265.0,62.0,145.0,1,1,1.0
605,3,1196.0,264.0,63.0,146.0,1,1,1.0
606,3,1202.0,262.0,62.0,147.0,1,1,1.0
607,3,1207.0,260.0,61.0,146.0,1,1,1.0
608,3,1216.0,259.0,58.0,146.0,1,1,1.0
609,3,1224.0,258.0,54.0,146.0,1,1,1.0
610,3,1226.0,258.0,54.0,145.0,1,1,1.0
611,3,1230.0,260.0,53.0,144.0,1,1,1.0
612,3,1234.0,260.0,57.0,144.0,1,1,1.0
613,3,1235.0,262.0,61.0,141.0,1,1,1.0
614,3,1237.0,262.0,63.0,142.0,1,1,1.0
615,3,1237.0,264.0,64.0,139.0,1,1,1.0
616,3,1240.0,264.0,64.0,139.0,1,1,1.0
617,3,1245.0,263.0,62.0,137.0,1,1,1.0
618,3,1253.0,264.0,58.0,136.0,1,1,1.0
619,3,1262.0,262.0,53.0,137.0,1,1,1.0
620,3,1267.0,261.0,51.0,138.0,1,1,1.0
621,3,1269.0,261.0,53.0,138.0,1,1,1.0
622,3,1270.0,259.0,56.0,140.0,1,1,1.0
623,3,1271.0,258.0,57.0,141.0,1,1,1.0
624,3,1272.0,258.0,60.0,141.0,1,1,1.0
625,3,1274.0,258.0,62.0,140.0,1,1,1.0
626,3,1277.0,259.0,63.0,140.0,1,1,1.0
627,3,1283.0,259.0,61.0,139.0,1,1,1.0
628,3,1289.0,258.0,58.0,137.0,1,1,1.0
629,3,1295.0,258.0,55.0,134.0,1,1,1.0
630,3,1300.0,258.0,52.0,134.0,1,1,1.0
631,3,1303.0,259.0,51.0,133.0,1,1,1.0
632,3,1306.0,259.0,50.0,133.0,1,1,1.0
633,3,1308.0,259.0,54.0,133.0,1,1,1.0
634,3,1310.0,259.0,57.0,132.0,1,1,1.0
635,3,1312.0,261.0,57.0,130.0,1,1,1.0
636,3,1314.0,261.0,58.0,130.0,1,1,1.0
637,3,1315.0,259.0,59.0,131.0,1,1,1.0
638,3,1320.0,262.0,56.0,129.0,1,1,1.0
639,3,1327.0,258.0,53.0,132.0,1,1,1.0
640,3,1333.0,256.0,50.0,133.0,1,1,1.0
