1,1,1748.0,114.0,44.0,132.0,1,1,1.0
2,1,1747.0,112.0,41.0,133.0,1,1,1.0
3,1,1747.0,111.0,41.0,133.0,1,1,1.0
4,1,1747.0,111.0,42.0,130.0,1,1,1.0
5,1,1745.0,112.0,41.0,125.0,1,1,1.0
6,1,1744.0,112.0,38.0,123.0,1,1,1.0
7,1,1741.0,112.0,39.0,121.0,1,1,1.0
8,1,1740.0,112.0,37.0,121.0,1,1,1.0
9,1,1738.0,112.0,36.0,122.0,1,1,1.0
10,1,1736.0,112.0,36.0,122.0,1,1,1.0
11,1,1734.0,112.0,37.0,122.0,1,1,1.0
12,1,1733.0,111.0,37.0,122.0,1,1,1.0
13,1,1731.0,110.0,37.0,121.0,1,1,1.0
14,1,1729.0,110.0,36.0,116.0,1,1,1.0
15,1,1727.0,111.0,33.0,115.0,1,1,1.0
16,1,1723.0,111.0,32.0,113.0,1,1,1.0
17,1,1718.0,110.0,36.0,114.0,1,1,1.0
18,1,1712.0,110.0,42.0,114.0,1,1,1.0
19,1,1703.0,109.0,50.0,115.0,1,1,1.0
20,1,1698.0,108.0,54.0,115.0,1,1,1.0
21,1,1695.0,107.0,56.0,115.0,1,1,1.0
22,1,1692.0,105.0,54.0,117.0,1,1,1.0
23,1,1692.0,102.0,48.0,118.0,1,1,1.0
24,1,1689.0,99.0,43.0,121.0,1,1,1.0
25,1,1685.0,98.0,40.0,122.0,1,1,1.0
26,1,1681.0,97.0,39.0,123.0,1,1,1.0
27,1,1676.0,97.0,41.0,123.0,1,1,1.0
28,1,1666.0,96.0,48.0,124.0,1,1,1.0
29,1,1657.0,96.0,56.0,124.0,1,1,1.0
30,1,1651.0,96.0,61.0,124.0,1,1,1.0
31,1,1648.0,94.0,63.0,126.0,1,1,1.0
33,1,1645.0,89.0,59.0,129.0,1,1,1.0
34,1,1643.0,89.0,53.0,128.0,1,1,1.0
35,1,1641.0,90.0,47.0,126.0,1,1,1.0
36,1,1637.0,91.0,46.0,125.0,1,1,1.0
37,1,1633.0,92.0,48.0,124.0,1,1,1.0
38,1,1629.0,94.0,51.0,122.0,1,1,1.0
39,1,1622.0,96.0,56.0,120.0,1,1,1.0
40,1,1617.0,98.0,58.0,118.0,1,1,1.0
41,1,1614.0,98.0,57.0,118.0,1,1,1.0
42,1,1611.0,98.0,55.0,118.0,1,1,1.0
43,1,1608.0,95.0,52.0,120.0,1,1,1.0
44,1,1605.0,93.0,48.0,123.0,1,1,1.0
45,1,1601.0,90.0,44.0,125.0,1,1,1.0
46,1,1596.0,89.0,42.0,126.0,1,1,1.0
47,1,1586.0,89.0,48.0,127.0,1,1,1.0
48,1,1576.0,89.0,56.0,126.0,1,1,1.0
49,1,1569.0,90.0,61.0,125.0,1,1,1.0
50,1,1566.0,90.0,63.0,126.0,1,1,1.0
51,1,1565.0,89.0,61.0,126.0,1,1,1.0
52,1,1565.0,88.0,56.0,127.0,1,1,1.0
53,1,1562.0,86.0,49.0,128.0,1,1,1.0
54,1,1558.0,85.0,45.0,130.0,1,1,1.0
55,1,1554.0,84.0,47.0,132.0,1,1,1.0
56,1,1548.0,83.0,52.0,133.0,1,1,1.0
57,1,1542.0,83.0,59.0,133.0,1,1,1.0
58,1,1535.0,83.0,64.0,133.0,1,1,1.0
59,1,1531.0,83.0,66.0,134.0,1,1,1.0
60,1,1528.0,83.0,65.0,134.0,1,1,1.0
61,1,1525.0,84.0,62.0,133.0,1,1,1.0
62,1,1521.0,83.0,58.0,133.0,1,1,1.0
63,1,1518.0,82.0,52.0,135.0,1,1,1.0
64,1,1513.0,81.0,48.0,134.0,1,1,1.0
65,1,1505.0,81.0,50.0,135.0,1,1,1.0
66,1,1493.0,82.0,57.0,135.0,1,1,1.0
67,1,1483.0,83.0,65.0,133.0,1,1,1.0
68,1,1477.0,84.0,69.0,133.0,1,1,1.0
69,1,1475.0,85.0,70.0,132.0,1,1,1.0
70,1,1474.0,84.0,68.0,132.0,1,1,1.0
71,1,1474.0,84.0,62.0,132.0,1,1,1.0
72,1,1470.0,84.0,55.0,132.0,1,1,1.0
73,1,1468.0,82.0,47.0,134.0,1,1,1.0
74,1,1466.0,81.0,46.0,136.0,1,1,1.0
75,1,1460.0,80.0,51.0,137.0,1,1,1.0
76,1,1450.0,82.0,60.0,137.0,1,1,1.0
77,1,1441.0,82.0,68.0,137.0,1,1,1.0
78,1,1436.0,83.0,70.0,138.0,1,1,1.0
79,1,1433.0,83.0,69.0,139.0,1,1,1.0
80,1,1431.0,83.0,66.0,139.0,1,1,1.0
81,1,1428.0,84.0,60.0,138.0,1,1,1.0
82,1,1424.0,84.0,53.0,138.0,1,1,1.0
83,1,1420.0,83.0,46.0,139.0,1,1,1.0
84,1,1409.0,84.0,51.0,138.0,1,1,1.0
85,1,1395.0,84.0,62.0,138.0,1,1,1.0
86,1,1383.0,86.0,71.0,136.0,1,1,1.0
87,1,1378.0,86.0,75.0,136.0,1,1,1.0
88,1,1376.0,87.0,76.0,136.0,1,1,1.0
89,1,1375.0,86.0,72.0,136.0,1,1,1.0
90,1,1374.0,85.0,65.0,137.0,1,1,1.0
91,1,1373.0,83.0,53.0,139.0,1,1,1.0
92,1,1366.0,80.0,50.0,143.0,1,1,1.0
93,1,1360.0,78.0,50.0,146.0,1,1,1.0
94,1,1352.0,77.0,58.0,149.0,1,1,1.0
95,1,1343.0,78.0,67.0,149.0,1,1,1.0
96,1,1335.0,78.0,77.0,149.0,1,1,1.0
97,1,1330.0,79.0,80.0,150.0,1,1,1.0
98,1,1327.0,78.0,78.0,151.0,1,1,1.0
99,1,1324.0,77.0,74.0,152.0,1,1,1.0
100,1,1322.0,76.0,67.0,153.0,1,1,1.0
101,1,1316.0,75.0,61.0,155.0,1,1,1.0
102,1,1311.0,74.0,55.0,155.0,1,1,1.0
103,1,1301.0,73.0,60.0,156.0,1,1,1.0
104,1,1287.0,73.0,71.0,156.0,1,1,1.0
105,1,1274.0,73.0,80.0,157.0,1,1,1.0
106,1,1268.0,73.0,84.0,157.0,1,1,1.0
107,1,1265.0,73.0,85.0,158.0,1,1,1.0
108,1,1264.0,73.0,82.0,157.0,1,1,1.0
109,1,1263.0,72.0,75.0,158.0,1,1,1.0
110,1,1259.0,71.0,67.0,158.0,1,1,1.0
111,1,1254.0,69.0,58.0,161.0,1,1,1.0
112,1,1249.0,67.0,54.0,165.0,1,1,1.0
113,1,1243.0,68.0,56.0,167.0,1,1,1.0
114,1,1232.0,69.0,64.0,166.0,1,1,1.0
115,1,1221.0,70.0,73.0,165.0,1,1,1.0
116,1,1214.0,72.0,78.0,165.0,1,1,1.0
117,1,1211.0,74.0,76.0,164.0,1,1,1.0
118,1,1209.0,74.0,71.0,163.0,1,1,1.0
119,1,1205.0,75.0,65.0,162.0,1,1,1.0
120,1,1200.0,75.0,58.0,162.0,1,1,1.0
121,1,1194.0,77.0,56.0,160.0,1,1,1.0
122,1,1187.0,78.0,59.0,160.0,1,1,1.0
123,1,1172.0,80.0,72.0,158.0,1,1,1.0
124,1,1157.0,82.0,83.0,156.0,1,1,1.0
125,1,1147.0,85.0,90.0,155.0,1,1,1.0
126,1,1142.0,87.0,93.0,154.0,1,1,1.0
127,1,1140.0,88.0,94.0,153.0,1,1,1.0
128,1,1138.0,88.0,86.0,153.0,1,1,1.0
129,1,1136.0,87.0,76.0,153.0,1,1,1.0
130,1,1135.0,87.0,63.0,154.0,1,1,1.0
131,1,1126.0,87.0,55.0,155.0,1,1,1.0
132,1,1119.0,87.0,55.0,158.0,1,1,1.0
133,1,1112.0,87.0,60.0,160.0,1,1,1.0
134,1,1099.0,88.0,72.0,160.0,1,1,1.0
135,1,1090.0,89.0,80.0,159.0,1,1,1.0
136,1,1085.0,89.0,82.0,160.0,1,1,1.0
137,1,1082.0,87.0,81.0,163.0,1,1,1.0
138,1,1078.0,86.0,75.0,164.0,1,1,1.0
139,1,1072.0,84.0,68.0,166.0,1,1,1.0
140,1,1066.0,81.0,63.0,169.0,1,1,1.0
141,1,1058.0,79.0,62.0,170.0,1,1,1.0
142,1,1049.0,78.0,65.0,171.0,1,1,1.0
143,1,1032.0,80.0,80.0,171.0,1,1,1.0
144,1,1018.0,82.0,93.0,169.0,1,1,1.0
145,1,1009.0,84.0,101.0,169.0,1,1,1.0
146,1,1004.0,85.0,104.0,168.0,1,1,1.0
147,1,1003.0,85.0,101.0,169.0,1,1,1.0
148,1,1001.0,85.0,91.0,169.0,1,1,1.0
149,1,1000.0,84.0,77.0,169.0,1,1,1.0
150,1,992.0,84.0,67.0,170.0,1,1,1.0
151,1,983.0,85.0,63.0,172.0,1,1,1.0
152,1,976.0,86.0,61.0,173.0,1,1,1.0
153,1,960.0,88.0,75.0,172.0,1,1,1.0
154,1,946.0,91.0,88.0,170.0,1,1,1.0
155,1,937.0,95.0,95.0,167.0,1,1,1.0
156,1,933.0,96.0,96.0,167.0,1,1,1.0
157,1,931.0,97.0,89.0,166.0,1,1,1.0
158,1,930.0,97.0,78.0,167.0,1,1,1.0
159,1,922.0,96.0,70.0,168.0,1,1,1.0
160,1,916.0,96.0,66.0,168.0,1,1,1.0
161,1,908.0,96.0,67.0,168.0,1,1,1.0
162,1,894.0,97.0,77.0,168.0,1,1,1.0
163,1,876.0,100.0,93.0,166.0,1,1,1.0
164,1,863.0,103.0,102.0,165.0,1,1,1.0
165,1,856.0,104.0,108.0,166.0,1,1,1.0
166,1,854.0,104.0,105.0,166.0,1,1,1.0
167,1,853.0,102.0,96.0,168.0,1,1,1.0
168,1,850.0,100.0,85.0,170.0,1,1,1.0
169,1,839.0,98.0,80.0,172.0,1,1,1.0
170,1,831.0,96.0,69.0,174.0,1,1,1.0
171,1,822.0,94.0,67.0,175.0,1,1,1.0
172,1,812.0,93.0,73.0,176.0,1,1,1.0
173,1,798.0,95.0,86.0,175.0,1,1,1.0
174,1,787.0,97.0,95.0,175.0,1,1,1.0
175,1,782.0,98.0,97.0,175.0,1,1,1.0
176,1,777.0,99.0,93.0,174.0,1,1,1.0
177,1,771.0,100.0,86.0,172.0,1,1,1.0
178,1,765.0,100.0,76.0,171.0,1,1,1.0
179,1,757.0,99.0,67.0,171.0,1,1,1.0
180,1,748.0,99.0,66.0,173.0,1,1,1.0
181,1,738.0,100.0,73.0,181.0,1,1,1.0
182,1,722.0,101.0,84.0,183.0,1,1,1.0
183,1,706.0,105.0,97.0,183.0,1,1,1.0
184,1,697.0,108.0,105.0,181.0,1,1,1.0
185,1,692.0,111.0,110.0,181.0,1,1,1.0
187,1,687.0,110.0,97.0,183.0,1,1,1.0
188,1,681.0,111.0,86.0,182.0,1,1,1.0
189,1,673.0,110.0,73.0,182.0,1,1,1.0
190,1,662.0,110.0,68.0,185.0,1,1,1.0
191,1,653.0,110.0,72.0,189.0,1,1,1.0
192,1,639.0,112.0,85.0,190.0,1,1,1.0
193,1,624.0,114.0,99.0,189.0,1,1,1.0
194,1,615.0,117.0,106.0,188.0,1,1,1.0
195,1,611.0,119.0,106.0,187.0,1,1,1.0
196,1,606.0,121.0,98.0,187.0,1,1,1.0
197,1,598.0,120.0,91.0,188.0,1,1,1.0
198,1,593.0,119.0,71.0,188.0,1,1,1.0
199,1,584.0,119.0,66.0,188.0,1,1,1.0
200,1,576.0,121.0,70.0,187.0,1,1,1.0
201,1,564.0,123.0,80.0,185.0,1,1,1.0
202,1,547.0,127.0,97.0,183.0,1,1,1.0
203,1,533.0,131.0,110.0,182.0,1,1,1.0
204,1,524.0,134.0,118.0,181.0,1,1,1.0
205,1,516.0,136.0,118.0,181.0,1,1,1.0
206,1,515.0,137.0,106.0,179.0,1,1,1.0
207,1,510.0,137.0,92.0,180.0,1,1,1.0
208,1,502.0,136.0,77.0,180.0,1,1,1.0
209,1,491.0,135.0,73.0,184.0,1,1,1.0
210,1,480.0,135.0,80.0,188.0,1,1,1.0
211,1,466.0,136.0,92.0,190.0,1,1,1.0
212,1,451.0,138.0,105.0,191.0,1,1,1.0
213,1,443.0,140.0,112.0,192.0,1,1,1.0
214,1,439.0,140.0,110.0,193.0,1,1,1.0
215,1,432.0,141.0,104.0,193.0,1,1,1.0
216,1,423.0,140.0,96.0,193.0,1,1,1.0
217,1,415.0,140.0,77.0,193.0,1,1,1.0
218,1,407.0,139.0,71.0,193.0,1,1,1.0
219,1,400.0,140.0,74.0,192.0,1,1,1.0
220,1,389.0,142.0,83.0,193.0,1,1,1.0
221,1,374.0,144.0,98.0,193.0,1,1,1.0
222,1,361.0,147.0,111.0,193.0,1,1,1.0
223,1,351.0,150.0,120.0,192.0,1,1,1.0
224,1,342.0,152.0,120.0,192.0,1,1,1.0
225,1,337.0,153.0,113.0,191.0,1,1,1.0
226,1,336.0,153.0,94.0,191.0,1,1,1.0
227,1,333.0,153.0,78.0,190.0,1,1,1.0
228,1,325.0,154.0,72.0,193.0,1,1,1.0
229,1,315.0,156.0,76.0,196.0,1,1,1.0
230,1,302.0,159.0,87.0,196.0,1,1,1.0
231,1,288.0,163.0,100.0,194.0,1,1,1.0
232,1,282.0,167.0,105.0,193.0,1,1,1.0
233,1,276.0,170.0,109.0,191.0,1,1,1.0
234,1,270.0,171.0,103.0,190.0,1,1,1.0
235,1,263.0,171.0,93.0,190.0,1,1,1.0
236,1,254.0,172.0,81.0,189.0,1,1,1.0
237,1,248.0,172.0,72.0,189.0,1,1,1.0
238,1,238.0,174.0,78.0,187.0,1,1,1.0
239,1,224.0,178.0,89.0,185.0,1,1,1.0
240,1,210.0,180.0,102.0,187.0,1,1,1.0
241,1,197.0,182.0,113.0,187.0,1,1,1.0
242,1,187.0,186.0,114.0,185.0,1,1,1.0
243,1,182.0,190.0,107.0,180.0,1,1,1.0
244,1,182.0,191.0,91.0,180.0,1,1,1.0
245,1,182.0,190.0,71.0,181.0,1,1,1.0
246,1,177.0,191.0,63.0,184.0,1,1,1.0
247,1,170.0,191.0,67.0,189.0,1,1,1.0
248,1,156.0,192.0,80.0,191.0,1,1,1.0
249,1,141.0,195.0,94.0,190.0,1,1,1.0
251,1,131.0,202.0,98.0,189.0,1,1,1.0
252,1,129.0,203.0,90.0,188.0,1,1,1.0
253,1,122.0,204.0,85.0,187.0,1,1,1.0
254,1,115.0,205.0,77.0,186.0,1,1,1.0
255,1,110.0,208.0,64.0,183.0,1,1,1.0
256,1,98.0,209.0,65.0,182.0,1,1,1.0
257,1,84.0,210.0,75.0,181.0,1,1,1.0
258,1,71.0,212.0,87.0,181.0,1,1,1.0
259,1,60.0,217.0,97.0,180.0,1,1,1.0
260,1,51.0,220.0,105.0,179.0,1,1,1.0
261,1,45.0,223.0,108.0,179.0,1,1,1.0
262,1,41.0,225.0,103.0,178.0,1,1,1.0
263,1,40.0,226.0,92.0,177.0,1,1,1.0
264,1,40.0,226.0,77.0,177.0,1,1,1.0
265,1,40.0,227.0,61.0,176.0,1,1,1.0
266,1,36.0,227.0,58.0,181.0,1,1,1.0
267,1,29.0,228.0,62.0,185.0,1,1,1.0
268,1,18.0,230.0,73.0,186.0,1,1,1.0
270,1,7.0,235.0,82.0,185.0,1,1,1.0
272,1,0.0,176.0,75.0,246.0,1,1,1.0
319,2,3.0,226.0,37.0,152.0,1,1,1.0
320,2,6.0,223.0,39.0,155.0,1,1,1.0
321,2,7.0,222.0,51.0,157.0,1,1,1.0
322,2,7.0,221.0,65.0,158.0,1,1,1.0
323,2,8.0,219.0,76.0,160.0,1,1,1.0
324,2,11.0,218.0,80.0,159.0,1,1,1.0
325,2,16.0,215.0,77.0,159.0,1,1,1.0
326,2,21.0,212.0,74.0,159.0,1,1,1.0
327,2,32.0,211.0,62.0,154.0,1,1,1.0
328,2,44.0,209.0,51.0,150.0,1,1,1.0
329,2,51.0,206.0,48.0,151.0,1,1,1.0
330,2,60.0,204.0,52.0,153.0,1,1,1.0
331,2,64.0,201.0,53.0,156.0,1,1,1.0
332,2,68.0,200.0,58.0,157.0,1,1,1.0
333,2,70.0,199.0,69.0,155.0,1,1,1.0
335,2,80.0,195.0,66.0,154.0,1,1,1.0
336,2,90.0,193.0,56.0,150.0,1,1,1.0
337,2,100.0,193.0,47.0,145.0,1,1,1.0
338,2,109.0,193.0,42.0,144.0,1,1,1.0
339,2,110.0,191.0,50.0,146.0,1,1,1.0
340,2,108.0,190.0,66.0,147.0,1,1,1.0
341,2,108.0,190.0,78.0,146.0,1,1,1.0
342,2,109.0,189.0,84.0,145.0,1,1,1.0
343,2,114.0,189.0,83.0,144.0,1,1,1.0
349,2,168.0,174.0,67.0,145.0,1,1,1.0
350,2,173.0,173.0,71.0,145.0,1,1,1.0
351,2,175.0,171.0,73.0,144.0,1,1,1.0
352,2,177.0,169.0,74.0,146.0,1,1,1.0
353,2,184.0,168.0,67.0,144.0,1,1,1.0
354,2,193.0,165.0,59.0,141.0,1,1,1.0
355,2,206.0,163.0,47.0,139.0,1,1,1.0
356,2,212.0,162.0,44.0,138.0,1,1,1.0
357,2,216.0,160.0,48.0,141.0,1,1,1.0
358,2,215.0,161.0,61.0,140.0,1,1,1.0
359,2,214.0,157.0,73.0,144.0,1,1,1.0
362,2,229.0,156.0,72.0,139.0,1,1,1.0
363,2,239.0,158.0,62.0,134.0,1,1,1.0
364,2,252.0,156.0,53.0,130.0,1,1,1.0
365,2,262.0,154.0,46.0,130.0,1,1,1.0
366,2,270.0,151.0,49.0,132.0,1,1,1.0
367,2,274.0,149.0,54.0,133.0,1,1,1.0
368,2,277.0,147.0,58.0,135.0,1,1,1.0
369,2,278.0,146.0,69.0,135.0,1,1,1.0
370,2,280.0,147.0,74.0,134.0,1,1,1.0
371,2,284.0,123.0,80.0,156.0,1,1,1.0
376,2,323.0,134.0,60.0,136.0,1,1,1.0
377,2,325.0,134.0,63.0,135.0,1,1,1.0
378,2,326.0,134.0,71.0,134.0,1,1,1.0
379,2,330.0,134.0,72.0,132.0,1,1,1.0
380,2,335.0,132.0,70.0,132.0,1,1,1.0
381,2,344.0,131.0,63.0,126.0,1,1,1.0
382,2,358.0,130.0,54.0,125.0,1,1,1.0
384,2,374.0,123.0,49.0,130.0,1,1,1.0
385,2,378.0,121.0,55.0,132.0,1,1,1.0
387,2,382.0,118.0,62.0,134.0,1,1,1.0
389,2,391.0,115.0,66.0,134.0,1,1,1.0
390,2,400.0,116.0,59.0,131.0,1,1,1.0
391,2,412.0,115.0,49.0,129.0,1,1,1.0
392,2,421.0,114.0,46.0,129.0,1,1,1.0
393,2,427.0,113.0,43.0,130.0,1,1,1.0
394,2,431.0,112.0,48.0,130.0,1,1,1.0
395,2,431.0,112.0,61.0,130.0,1,1,1.0
396,2,432.0,111.0,70.0,130.0,1,1,1.0
397,2,436.0,110.0,71.0,131.0,1,1,1.0
398,2,443.0,109.0,67.0,131.0,1,1,1.0
399,2,451.0,109.0,60.0,127.0,1,1,1.0
400,2,462.0,108.0,52.0,124.0,1,1,1.0
401,2,473.0,106.0,46.0,124.0,1,1,1.0
402,2,480.0,103.0,44.0,125.0,1,1,1.0
403,2,486.0,99.0,49.0,129.0,1,1,1.0
404,2,488.0,98.0,60.0,130.0,1,1,1.0
405,2,489.0,97.0,68.0,131.0,1,1,1.0
406,2,490.0,96.0,71.0,132.0,1,1,1.0
407,2,495.0,95.0,70.0,131.0,1,1,1.0
408,2,503.0,95.0,63.0,129.0,1,1,1.0
409,2,515.0,93.0,51.0,128.0,1,1,1.0
410,2,527.0,91.0,39.0,128.0,1,1,1.0
411,2,535.0,89.0,35.0,129.0,1,1,1.0
412,2,538.0,88.0,48.0,131.0,1,1,1.0
413,2,539.0,86.0,60.0,132.0,1,1,1.0
414,2,540.0,85.0,69.0,133.0,1,1,1.0
415,2,542.0,86.0,70.0,132.0,1,1,1.0
416,2,549.0,86.0,66.0,131.0,1,1,1.0
417,2,559.0,84.0,59.0,130.0,1,1,1.0
418,2,571.0,83.0,51.0,129.0,1,1,1.0
419,2,581.0,82.0,50.0,129.0,1,1,1.0
420,2,587.0,81.0,58.0,130.0,1,1,1.0
421,2,590.0,82.0,69.0,129.0,1,1,1.0
422,2,592.0,82.0,76.0,128.0,1,1,1.0
425,2,614.0,82.0,53.0,127.0,1,1,1.0
426,2,621.0,81.0,50.0,128.0,1,1,1.0
427,2,626.0,80.0,48.0,129.0,1,1,1.0
428,2,631.0,79.0,56.0,130.0,1,1,1.0
429,2,637.0,79.0,63.0,130.0,1,1,1.0
430,2,639.0,79.0,68.0,130.0,1,1,1.0
431,2,640.0,79.0,71.0,131.0,1,1,1.0
432,2,643.0,77.0,70.0,132.0,1,1,1.0
433,2,649.0,77.0,65.0,132.0,1,1,1.0
434,2,658.0,76.0,58.0,132.0,1,1,1.0
435,2,665.0,76.0,51.0,133.0,1,1,1.0
436,2,670.0,76.0,53.0,134.0,1,1,1.0
437,2,675.0,77.0,54.0,134.0,1,1,1.0
438,2,679.0,76.0,55.0,135.0,1,1,1.0
439,2,685.0,77.0,57.0,135.0,1,1,1.0
443,2,704.0,73.0,65.0,140.0,1,1,1.0
444,2,710.0,72.0,59.0,141.0,1,1,1.0
445,2,716.0,72.0,51.0,141.0,1,1,1.0
446,2,721.0,73.0,53.0,141.0,1,1,1.0
447,2,727.0,72.0,59.0,142.0,1,1,1.0
448,2,730.0,72.0,64.0,142.0,1,1,1.0
449,2,731.0,72.0,65.0,144.0,1,1,1.0
450,2,733.0,73.0,65.0,144.0,1,1,1.0
451,2,739.0,74.0,60.0,142.0,1,1,1.0
452,2,747.0,74.0,54.0,142.0,1,1,1.0
453,2,755.0,75.0,49.0,141.0,1,1,1.0
454,2,760.0,76.0,51.0,142.0,1,1,1.0
455,2,764.0,77.0,59.0,142.0,1,1,1.0
457,2,773.0,79.0,74.0,142.0,1,1,1.0
459,2,781.0,79.0,76.0,144.0,1,1,1.0
461,2,795.0,78.0,62.0,145.0,1,1,1.0
462,2,803.0,78.0,58.0,145.0,1,1,1.0
463,2,810.0,78.0,53.0,145.0,1,1,1.0
464,2,815.0,78.0,59.0,145.0,1,1,1.0
465,2,817.0,78.0,71.0,147.0,1,1,1.0
466,2,818.0,77.0,78.0,148.0,1,1,1.0
467,2,820.0,76.0,80.0,150.0,1,1,1.0
468,2,825.0,76.0,76.0,150.0,1,1,1.0
469,2,835.0,75.0,68.0,151.0,1,1,1.0
470,2,848.0,75.0,57.0,151.0,1,1,1.0
471,2,858.0,75.0,58.0,152.0,1,1,1.0
474,2,874.0,75.0,84.0,156.0,1,1,1.0
475,2,877.0,74.0,81.0,157.0,1,1,1.0
477,2,887.0,72.0,72.0,160.0,1,1,1.0
478,2,897.0,71.0,67.0,161.0,1,1,1.0
479,2,907.0,70.0,66.0,162.0,1,1,1.0
480,2,918.0,70.0,61.0,162.0,1,1,1.0
481,2,927.0,70.0,58.0,162.0,1,1,1.0
482,2,932.0,71.0,66.0,161.0,1,1,1.0
483,2,933.0,73.0,80.0,160.0,1,1,1.0
484,2,935.0,74.0,89.0,160.0,1,1,1.0
485,2,936.0,75.0,92.0,160.0,1,1,1.0
486,2,942.0,76.0,88.0,159.0,1,1,1.0
487,2,953.0,77.0,78.0,158.0,1,1,1.0
488,2,967.0,78.0,64.0,158.0,1,1,1.0
489,2,985.0,80.0,49.0,156.0,1,1,1.0
490,2,995.0,82.0,51.0,155.0,1,1,1.0
491,2,1002.0,83.0,62.0,156.0,1,1,1.0
492,2,1004.0,84.0,76.0,156.0,1,1,1.0
493,2,1006.0,85.0,87.0,157.0,1,1,1.0
494,2,1007.0,85.0,94.0,158.0,1,1,1.0
495,2,1013.0,87.0,83.0,158.0,1,1,1.0
496,2,1023.0,87.0,81.0,158.0,1,1,1.0
497,2,1035.0,87.0,76.0,158.0,1,1,1.0
500,2,1062.0,87.0,73.0,159.0,1,1,1.0
