1,1,1410.0,452.0,214.0,626.0,1,1,1.0
2,1,1408.0,446.0,210.0,632.0,1,1,1.0
3,1,1405.0,437.0,208.0,641.0,1,1,1.0
4,1,1400.0,427.0,208.0,644.0,1,1,1.0
5,1,1393.0,416.0,208.0,637.0,1,1,1.0
6,1,1382.0,407.0,211.0,615.0,1,1,1.0
7,1,1371.0,398.0,213.0,599.0,1,1,1.0
8,1,1360.0,391.0,216.0,577.0,1,1,1.0
9,1,1349.0,383.0,219.0,571.0,1,1,1.0
10,1,1336.0,378.0,224.0,573.0,1,1,1.0
11,1,1323.0,375.0,227.0,575.0,1,1,1.0
12,1,1314.0,373.0,227.0,578.0,1,1,1.0
13,1,1311.0,371.0,219.0,580.0,1,1,1.0
14,1,1310.0,367.0,209.0,583.0,1,1,1.0
15,1,1309.0,361.0,200.0,586.0,1,1,1.0
16,1,1309.0,353.0,191.0,574.0,1,1,1.0
17,1,1310.0,344.0,181.0,565.0,1,1,1.0
18,1,1306.0,335.0,177.0,547.0,1,1,1.0
19,1,1296.0,327.0,178.0,525.0,1,1,1.0
20,1,1284.0,319.0,183.0,518.0,1,1,1.0
21,1,1276.0,313.0,185.0,519.0,1,1,1.0
22,1,1269.0,309.0,186.0,522.0,1,1,1.0
23,1,1264.0,306.0,186.0,524.0,1,1,1.0
24,1,1261.0,304.0,186.0,527.0,1,1,1.0
25,1,1257.0,303.0,185.0,528.0,1,1,1.0
26,1,1256.0,301.0,182.0,530.0,1,1,1.0
27,1,1256.0,297.0,175.0,526.0,1,1,1.0
28,1,1258.0,291.0,166.0,517.0,1,1,1.0
29,1,1260.0,285.0,158.0,508.0,1,1,1.0
30,1,1259.0,278.0,154.0,491.0,1,1,1.0
31,1,1254.0,272.0,153.0,472.0,1,1,1.0
32,1,1247.0,266.0,154.0,465.0,1,1,1.0
33,1,1239.0,262.0,157.0,465.0,1,1,1.0
34,1,1229.0,259.0,161.0,466.0,1,1,1.0
35,1,1220.0,257.0,163.0,468.0,1,1,1.0
36,1,1213.0,256.0,163.0,469.0,1,1,1.0
37,1,1213.0,255.0,156.0,471.0,1,1,1.0
38,1,1213.0,253.0,148.0,473.0,1,1,1.0
39,1,1212.0,249.0,141.0,464.0,1,1,1.0
40,1,1211.0,243.0,135.0,458.0,1,1,1.0
41,1,1206.0,238.0,136.0,455.0,1,1,1.0
42,1,1198.0,233.0,140.0,441.0,1,1,1.0
43,1,1188.0,228.0,144.0,426.0,1,1,1.0
44,1,1178.0,224.0,149.0,421.0,1,1,1.0
45,1,1170.0,221.0,153.0,422.0,1,1,1.0
46,1,1164.0,219.0,156.0,423.0,1,1,1.0
47,1,1161.0,218.0,155.0,425.0,1,1,1.0
48,1,1159.0,217.0,152.0,426.0,1,1,1.0
49,1,1157.0,217.0,149.0,426.0,1,1,1.0
50,1,1157.0,216.0,144.0,426.0,1,1,1.0
51,1,1158.0,213.0,136.0,427.0,1,1,1.0
52,1,1160.0,209.0,128.0,421.0,1,1,1.0
53,1,1162.0,204.0,123.0,414.0,1,1,1.0
54,1,1160.0,200.0,121.0,401.0,1,1,1.0
55,1,1155.0,196.0,122.0,389.0,1,1,1.0
56,1,1150.0,192.0,124.0,384.0,1,1,1.0
57,1,1143.0,190.0,127.0,384.0,1,1,1.0
58,1,1135.0,188.0,130.0,386.0,1,1,1.0
59,1,1129.0,187.0,133.0,386.0,1,1,1.0
60,1,1125.0,187.0,132.0,387.0,1,1,1.0
61,1,1122.0,187.0,131.0,387.0,1,1,1.0
62,1,1121.0,186.0,127.0,387.0,1,1,1.0
63,1,1120.0,184.0,123.0,384.0,1,1,1.0
64,1,1120.0,180.0,119.0,380.0,1,1,1.0
65,1,1118.0,176.0,120.0,376.0,1,1,1.0
66,1,1112.0,172.0,126.0,366.0,1,1,1.0
67,1,1106.0,168.0,126.0,357.0,1,1,1.0
68,1,1100.0,165.0,129.0,354.0,1,1,1.0
69,1,1095.0,163.0,132.0,355.0,1,1,1.0
70,1,1090.0,161.0,136.0,357.0,1,1,1.0
71,1,1087.0,161.0,137.0,357.0,1,1,1.0
72,1,1085.0,161.0,138.0,357.0,1,1,1.0
73,1,1084.0,161.0,136.0,358.0,1,1,1.0
74,1,1085.0,161.0,131.0,357.0,1,1,1.0
75,1,1089.0,159.0,125.0,355.0,1,1,1.0
76,1,1092.0,157.0,118.0,351.0,1,1,1.0
77,1,1096.0,153.0,112.0,349.0,1,1,1.0
78,1,1098.0,150.0,107.0,340.0,1,1,1.0
79,1,1099.0,147.0,104.0,330.0,1,1,1.0
80,1,1098.0,145.0,103.0,328.0,1,1,1.0
81,1,1095.0,143.0,103.0,327.0,1,1,1.0
82,1,1092.0,142.0,103.0,327.0,1,1,1.0
83,1,1088.0,142.0,105.0,328.0,1,1,1.0
84,1,1084.0,143.0,106.0,327.0,1,1,1.0
85,1,1080.0,143.0,108.0,327.0,1,1,1.0
86,1,1076.0,143.0,109.0,326.0,1,1,1.0
87,1,1073.0,141.0,108.0,325.0,1,1,1.0
88,1,1071.0,139.0,105.0,322.0,1,1,1.0
89,1,1070.0,136.0,103.0,319.0,1,1,1.0
90,1,1068.0,133.0,102.0,314.0,1,1,1.0
91,1,1065.0,130.0,103.0,305.0,1,1,1.0
92,1,1062.0,128.0,105.0,302.0,1,1,1.0
93,1,1059.0,126.0,107.0,301.0,1,1,1.0
94,1,1058.0,125.0,108.0,302.0,1,1,1.0
95,1,1057.0,125.0,108.0,302.0,1,1,1.0
96,1,1057.0,125.0,107.0,302.0,1,1,1.0
97,1,1058.0,126.0,105.0,302.0,1,1,1.0
98,1,1059.0,126.0,103.0,302.0,1,1,1.0
99,1,1060.0,125.0,100.0,302.0,1,1,1.0
100,1,1062.0,123.0,96.0,300.0,1,1,1.0
101,1,1065.0,120.0,91.0,298.0,1,1,1.0
102,1,1065.0,117.0,89.0,292.0,1,1,1.0
103,1,1065.0,115.0,88.0,286.0,1,1,1.0
104,1,1063.0,113.0,89.0,281.0,1,1,1.0
105,1,1061.0,111.0,89.0,281.0,1,1,1.0
106,1,1058.0,109.0,89.0,281.0,1,1,1.0
107,1,1055.0,109.0,91.0,281.0,1,1,1.0
108,1,1051.0,109.0,93.0,281.0,1,1,1.0
109,1,1048.0,110.0,94.0,280.0,1,1,1.0
110,1,1046.0,111.0,94.0,280.0,1,1,1.0
111,1,1044.0,111.0,93.0,279.0,1,1,1.0
112,1,1043.0,110.0,90.0,277.0,1,1,1.0
113,1,1042.0,107.0,87.0,275.0,1,1,1.0
114,1,1041.0,105.0,87.0,273.0,1,1,1.0
115,1,1039.0,103.0,87.0,267.0,1,1,1.0
116,1,1036.0,100.0,89.0,261.0,1,1,1.0
117,1,1033.0,98.0,91.0,260.0,1,1,1.0
118,1,1031.0,97.0,94.0,260.0,1,1,1.0
119,1,1029.0,96.0,96.0,260.0,1,1,1.0
120,1,1029.0,96.0,97.0,261.0,1,1,1.0
121,1,1029.0,96.0,95.0,261.0,1,1,1.0
122,1,1030.0,97.0,94.0,261.0,1,1,1.0
123,1,1032.0,97.0,92.0,260.0,1,1,1.0
124,1,1035.0,96.0,88.0,259.0,1,1,1.0
125,1,1037.0,94.0,85.0,259.0,1,1,1.0
126,1,1038.0,92.0,83.0,258.0,1,1,1.0
127,1,1039.0,91.0,83.0,250.0,1,1,1.0
128,1,1039.0,89.0,83.0,245.0,1,1,1.0
129,1,1038.0,87.0,84.0,244.0,1,1,1.0
130,1,1036.0,85.0,85.0,244.0,1,1,1.0
131,1,1034.0,84.0,87.0,244.0,1,1,1.0
132,1,1031.0,84.0,89.0,245.0,1,1,1.0
133,1,1030.0,85.0,89.0,244.0,1,1,1.0
134,1,1028.0,85.0,88.0,244.0,1,1,1.0
135,1,1028.0,86.0,86.0,243.0,1,1,1.0
136,1,1028.0,85.0,82.0,243.0,1,1,1.0
137,1,1029.0,84.0,80.0,242.0,1,1,1.0
138,1,1029.0,82.0,77.0,240.0,1,1,1.0
139,1,1028.0,79.0,78.0,238.0,1,1,1.0
140,1,1027.0,77.0,76.0,233.0,1,1,1.0
141,1,1024.0,75.0,77.0,231.0,1,1,1.0
142,1,1023.0,74.0,77.0,231.0,1,1,1.0
143,1,1021.0,73.0,79.0,231.0,1,1,1.0
144,1,1020.0,73.0,81.0,231.0,1,1,1.0
145,1,1019.0,74.0,83.0,231.0,1,1,1.0
146,1,1019.0,75.0,83.0,230.0,1,1,1.0
147,1,1020.0,75.0,83.0,230.0,1,1,1.0
148,1,1021.0,75.0,82.0,229.0,1,1,1.0
149,1,1022.0,74.0,81.0,228.0,1,1,1.0
150,1,1023.0,72.0,80.0,226.0,1,1,1.0
151,1,1023.0,71.0,80.0,223.0,1,1,1.0
152,1,1022.0,69.0,79.0,218.0,1,1,1.0
153,1,1021.0,67.0,78.0,218.0,1,1,1.0
154,1,1019.0,66.0,79.0,218.0,1,1,1.0
155,1,1015.0,65.0,79.0,218.0,1,1,1.0
156,1,1013.0,65.0,80.0,218.0,1,1,1.0
157,1,1011.0,66.0,80.0,218.0,1,1,1.0
158,1,1010.0,67.0,78.0,217.0,1,1,1.0
159,1,1010.0,67.0,75.0,216.0,1,1,1.0
160,1,1011.0,67.0,71.0,215.0,1,1,1.0
161,1,1011.0,64.0,68.0,214.0,1,1,1.0
162,1,1010.0,63.0,66.0,213.0,1,1,1.0
163,1,1008.0,62.0,67.0,208.0,1,1,1.0
164,1,1006.0,60.0,68.0,205.0,1,1,1.0
165,1,1003.0,59.0,70.0,205.0,1,1,1.0
166,1,1001.0,58.0,72.0,205.0,1,1,1.0
167,1,1000.0,58.0,74.0,205.0,1,1,1.0
168,1,999.0,58.0,75.0,205.0,1,1,1.0
169,1,999.0,59.0,76.0,205.0,1,1,1.0
170,1,999.0,59.0,76.0,205.0,1,1,1.0
171,1,1000.0,59.0,74.0,204.0,1,1,1.0
172,1,1003.0,58.0,72.0,204.0,1,1,1.0
173,1,1006.0,57.0,68.0,203.0,1,1,1.0
174,1,1007.0,55.0,66.0,201.0,1,1,1.0
175,1,1008.0,54.0,65.0,197.0,1,1,1.0
176,1,1008.0,53.0,65.0,195.0,1,1,1.0
177,1,1008.0,52.0,65.0,194.0,1,1,1.0
178,1,1005.0,51.0,66.0,194.0,1,1,1.0
179,1,1003.0,51.0,69.0,194.0,1,1,1.0
180,1,1001.0,52.0,70.0,193.0,1,1,1.0
181,1,999.0,53.0,69.0,193.0,1,1,1.0
182,1,998.0,53.0,67.0,192.0,1,1,1.0
183,1,998.0,53.0,66.0,192.0,1,1,1.0
184,1,998.0,52.0,64.0,192.0,1,1,1.0
185,1,998.0,50.0,62.0,192.0,1,1,1.0
186,1,998.0,48.0,61.0,190.0,1,1,1.0
187,1,996.0,47.0,61.0,187.0,1,1,1.0
188,1,995.0,46.0,62.0,187.0,1,1,1.0
189,1,993.0,45.0,64.0,187.0,1,1,1.0
190,1,991.0,44.0,66.0,187.0,1,1,1.0
191,1,990.0,44.0,66.0,187.0,1,1,1.0
192,1,989.0,45.0,66.0,187.0,1,1,1.0
193,1,989.0,45.0,66.0,186.0,1,1,1.0
194,1,989.0,46.0,66.0,186.0,1,1,1.0
195,1,990.0,46.0,65.0,185.0,1,1,1.0
196,1,991.0,46.0,64.0,185.0,1,1,1.0
197,1,992.0,45.0,62.0,184.0,1,1,1.0
198,1,994.0,44.0,60.0,181.0,1,1,1.0
199,1,994.0,43.0,60.0,180.0,1,1,1.0
200,1,994.0,43.0,59.0,178.0,1,1,1.0
201,1,992.0,42.0,60.0,178.0,1,1,1.0
202,1,990.0,41.0,60.0,176.0,1,1,1.0
203,1,987.0,41.0,61.0,176.0,1,1,1.0
204,1,985.0,41.0,63.0,176.0,1,1,1.0
205,1,983.0,42.0,63.0,175.0,1,1,1.0
206,1,981.0,43.0,63.0,175.0,1,1,1.0
207,1,981.0,43.0,64.0,174.0,1,1,1.0
208,1,981.0,42.0,63.0,175.0,1,1,1.0
209,1,982.0,41.0,60.0,175.0,1,1,1.0
210,1,982.0,40.0,59.0,174.0,1,1,1.0
211,1,981.0,38.0,58.0,171.0,1,1,1.0
212,1,979.0,38.0,59.0,169.0,1,1,1.0
213,1,978.0,37.0,60.0,169.0,1,1,1.0
214,1,977.0,37.0,61.0,169.0,1,1,1.0
215,1,977.0,37.0,61.0,169.0,1,1,1.0
216,1,976.0,37.0,62.0,169.0,1,1,1.0
217,1,976.0,38.0,63.0,168.0,1,1,1.0
218,1,975.0,38.0,62.0,168.0,1,1,1.0
219,1,976.0,38.0,61.0,168.0,1,1,1.0
220,1,976.0,38.0,60.0,167.0,1,1,1.0
221,1,978.0,38.0,58.0,167.0,1,1,1.0
222,1,979.0,37.0,56.0,166.0,1,1,1.0
223,1,979.0,35.0,55.0,163.0,1,1,1.0
224,1,978.0,34.0,56.0,163.0,1,1,1.0
225,1,977.0,34.0,56.0,162.0,1,1,1.0
226,1,977.0,34.0,56.0,161.0,1,1,1.0
227,1,976.0,34.0,56.0,161.0,1,1,1.0
228,1,974.0,34.0,56.0,161.0,1,1,1.0
229,1,973.0,35.0,57.0,160.0,1,1,1.0
230,1,972.0,35.0,57.0,160.0,1,1,1.0
231,1,971.0,35.0,56.0,160.0,1,1,1.0
232,1,971.0,35.0,55.0,160.0,1,1,1.0
233,1,971.0,34.0,54.0,160.0,1,1,1.0
234,1,971.0,33.0,52.0,158.0,1,1,1.0
235,1,970.0,32.0,53.0,156.0,1,1,1.0
236,1,969.0,31.0,55.0,156.0,1,1,1.0
237,1,968.0,31.0,56.0,156.0,1,1,1.0
238,1,966.0,30.0,58.0,156.0,1,1,1.0
239,1,966.0,31.0,59.0,156.0,1,1,1.0
240,1,966.0,31.0,60.0,155.0,1,1,1.0
241,1,965.0,31.0,61.0,155.0,1,1,1.0
242,1,966.0,32.0,61.0,154.0,1,1,1.0
243,1,967.0,32.0,60.0,154.0,1,1,1.0
244,1,969.0,32.0,58.0,153.0,1,1,1.0
245,1,970.0,32.0,56.0,153.0,1,1,1.0
246,1,970.0,31.0,55.0,151.0,1,1,1.0
247,1,971.0,30.0,54.0,150.0,1,1,1.0
248,1,971.0,29.0,54.0,150.0,1,1,1.0
249,1,970.0,29.0,53.0,149.0,1,1,1.0
250,1,968.0,29.0,54.0,149.0,1,1,1.0
251,1,966.0,29.0,56.0,149.0,1,1,1.0
252,1,964.0,30.0,56.0,148.0,1,1,1.0
253,1,963.0,31.0,56.0,147.0,1,1,1.0
254,1,963.0,31.0,55.0,147.0,1,1,1.0
255,1,963.0,31.0,53.0,147.0,1,1,1.0
256,1,963.0,30.0,51.0,147.0,1,1,1.0
257,1,963.0,29.0,49.0,146.0,1,1,1.0
258,1,963.0,28.0,49.0,144.0,1,1,1.0
259,1,962.0,27.0,50.0,144.0,1,1,1.0
260,1,962.0,26.0,50.0,144.0,1,1,1.0
261,1,963.0,26.0,50.0,145.0,1,1,1.0
262,1,962.0,25.0,51.0,145.0,1,1,1.0
263,1,961.0,26.0,52.0,144.0,1,1,1.0
264,1,960.0,26.0,53.0,144.0,1,1,1.0
265,1,960.0,27.0,54.0,144.0,1,1,1.0
266,1,961.0,27.0,52.0,143.0,1,1,1.0
267,1,963.0,27.0,51.0,143.0,1,1,1.0
268,1,964.0,26.0,50.0,143.0,1,1,1.0
269,1,965.0,26.0,48.0,142.0,1,1,1.0
270,1,965.0,25.0,47.0,140.0,1,1,1.0
271,1,965.0,25.0,46.0,138.0,1,1,1.0
272,1,965.0,24.0,47.0,138.0,1,1,1.0
273,1,964.0,24.0,47.0,137.0,1,1,1.0
274,1,964.0,24.0,48.0,137.0,1,1,1.0
275,1,963.0,24.0,48.0,137.0,1,1,1.0
276,1,963.0,24.0,48.0,137.0,1,1,1.0
277,1,962.0,25.0,48.0,136.0,1,1,1.0
278,1,959.0,26.0,51.0,136.0,1,1,1.0
279,1,958.0,26.0,50.0,136.0,1,1,1.0
280,1,962.0,25.0,46.0,136.0,1,1,1.0
281,1,963.0,24.0,39.0,136.0,1,1,1.0
282,1,961.0,23.0,40.0,134.0,1,1,1.0
283,1,958.0,22.0,42.0,134.0,1,1,1.0
284,1,955.0,21.0,45.0,134.0,1,1,1.0
285,1,953.0,20.0,46.0,134.0,1,1,1.0
286,1,952.0,20.0,47.0,134.0,1,1,1.0
287,1,952.0,20.0,49.0,134.0,1,1,1.0
288,1,951.0,21.0,48.0,133.0,1,1,1.0
289,1,951.0,22.0,49.0,132.0,1,1,1.0
290,1,951.0,22.0,48.0,132.0,1,1,1.0
291,1,952.0,22.0,47.0,132.0,1,1,1.0
292,1,952.0,22.0,48.0,132.0,1,1,1.0
293,1,952.0,21.0,51.0,132.0,1,1,1.0
294,1,953.0,21.0,50.0,131.0,1,1,1.0
295,1,953.0,20.0,49.0,130.0,1,1,1.0
296,1,953.0,20.0,49.0,129.0,1,1,1.0
297,1,953.0,20.0,50.0,128.0,1,1,1.0
298,1,951.0,19.0,52.0,128.0,1,1,1.0
299,1,951.0,19.0,49.0,128.0,1,1,1.0
300,1,951.0,20.0,47.0,127.0,1,1,1.0
301,1,952.0,20.0,46.0,127.0,1,1,1.0
302,1,952.0,20.0,48.0,128.0,1,1,1.0
303,1,952.0,20.0,46.0,128.0,1,1,1.0
304,1,953.0,20.0,44.0,127.0,1,1,1.0
305,1,954.0,20.0,42.0,126.0,1,1,1.0
306,1,954.0,19.0,39.0,124.0,1,1,1.0
307,1,955.0,19.0,37.0,124.0,1,1,1.0
308,1,956.0,18.0,36.0,123.0,1,1,1.0
309,1,954.0,18.0,37.0,123.0,1,1,1.0
310,1,952.0,18.0,39.0,123.0,1,1,1.0
311,1,951.0,18.0,39.0,123.0,1,1,1.0
312,1,951.0,18.0,38.0,123.0,1,1,1.0
313,1,952.0,19.0,36.0,122.0,1,1,1.0
314,1,954.0,19.0,34.0,122.0,1,1,1.0
315,1,955.0,19.0,33.0,122.0,1,1,1.0
316,1,955.0,19.0,33.0,121.0,1,1,1.0
317,1,955.0,19.0,34.0,121.0,1,1,1.0
318,1,955.0,18.0,34.0,120.0,1,1,1.0
319,1,954.0,17.0,34.0,119.0,1,1,1.0
320,1,953.0,17.0,35.0,119.0,1,1,1.0
321,1,952.0,16.0,36.0,119.0,1,1,1.0
322,1,949.0,16.0,38.0,119.0,1,1,1.0
323,1,947.0,16.0,39.0,118.0,1,1,1.0
324,1,946.0,17.0,40.0,117.0,1,1,1.0
325,1,946.0,18.0,40.0,117.0,1,1,1.0
326,1,946.0,18.0,39.0,117.0,1,1,1.0
327,1,946.0,17.0,38.0,117.0,1,1,1.0
328,1,947.0,17.0,36.0,118.0,1,1,1.0
329,1,946.0,16.0,36.0,118.0,1,1,1.0
330,1,946.0,15.0,36.0,116.0,1,1,1.0
331,1,945.0,15.0,37.0,116.0,1,1,1.0
332,1,944.0,15.0,37.0,115.0,1,1,1.0
333,1,944.0,15.0,37.0,115.0,1,1,1.0
334,1,944.0,15.0,36.0,115.0,1,1,1.0
335,1,945.0,15.0,36.0,114.0,1,1,1.0
336,1,945.0,15.0,36.0,114.0,1,1,1.0
337,1,944.0,16.0,36.0,114.0,1,1,1.0
338,1,945.0,16.0,36.0,113.0,1,1,1.0
339,1,946.0,16.0,35.0,113.0,1,1,1.0
340,1,948.0,15.0,33.0,113.0,1,1,1.0
341,1,948.0,15.0,32.0,111.0,1,1,1.0
342,1,948.0,15.0,32.0,110.0,1,1,1.0
343,1,949.0,15.0,32.0,110.0,1,1,1.0
344,1,946.0,14.0,34.0,110.0,1,1,1.0
345,1,944.0,14.0,36.0,111.0,1,1,1.0
346,1,943.0,14.0,38.0,110.0,1,1,1.0
347,1,941.0,14.0,40.0,110.0,1,1,1.0
348,1,941.0,14.0,39.0,110.0,1,1,1.0
349,1,941.0,15.0,37.0,110.0,1,1,1.0
350,1,942.0,15.0,36.0,110.0,1,1,1.0
351,1,943.0,14.0,34.0,110.0,1,1,1.0
352,1,944.0,14.0,33.0,110.0,1,1,1.0
353,1,943.0,12.0,33.0,109.0,1,1,1.0
354,1,943.0,12.0,32.0,109.0,1,1,1.0
355,1,941.0,12.0,33.0,109.0,1,1,1.0
356,1,940.0,11.0,35.0,109.0,1,1,1.0
357,1,939.0,11.0,36.0,109.0,1,1,1.0
358,1,939.0,11.0,35.0,109.0,1,1,1.0
359,1,940.0,11.0,34.0,108.0,1,1,1.0
360,1,941.0,12.0,34.0,108.0,1,1,1.0
361,1,939.0,13.0,35.0,107.0,1,1,1.0
365,1,942.0,10.0,31.0,106.0,1,1,1.0
366,1,943.0,9.0,31.0,107.0,1,1,1.0
367,1,943.0,9.0,31.0,107.0,1,1,1.0
368,1,942.0,9.0,32.0,106.0,1,1,1.0
369,1,940.0,8.0,34.0,106.0,1,1,1.0
370,1,940.0,9.0,34.0,106.0,1,1,1.0
371,1,939.0,9.0,34.0,106.0,1,1,1.0
372,1,939.0,9.0,35.0,105.0,1,1,1.0
373,1,939.0,10.0,34.0,105.0,1,1,1.0
374,1,940.0,11.0,33.0,104.0,1,1,1.0
375,1,940.0,10.0,32.0,104.0,1,1,1.0
376,1,940.0,10.0,32.0,104.0,1,1,1.0
377,1,941.0,9.0,31.0,103.0,1,1,1.0
378,1,941.0,9.0,31.0,103.0,1,1,1.0
379,1,941.0,8.0,30.0,103.0,1,1,1.0
380,1,942.0,8.0,29.0,103.0,1,1,1.0
381,1,942.0,8.0,29.0,102.0,1,1,1.0
382,1,943.0,8.0,29.0,102.0,1,1,1.0
383,1,943.0,8.0,28.0,102.0,1,1,1.0
390,1,946.0,8.0,27.0,100.0,1,1,1.0
391,1,946.0,8.0,28.0,99.0,1,1,1.0
392,1,947.0,8.0,28.0,99.0,1,1,1.0
393,1,947.0,8.0,28.0,99.0,1,1,1.0
395,1,948.0,8.0,28.0,98.0,1,1,1.0
396,1,947.0,8.0,29.0,98.0,1,1,1.0
397,1,947.0,8.0,30.0,98.0,1,1,1.0
398,1,946.0,8.0,31.0,98.0,1,1,1.0
399,1,947.0,8.0,31.0,98.0,1,1,1.0
400,1,949.0,8.0,30.0,99.0,1,1,1.0
401,1,953.0,7.0,27.0,98.0,1,1,1.0
403,1,957.0,7.0,25.0,98.0,1,1,1.0
406,1,962.0,6.0,26.0,97.0,1,1,1.0
407,1,962.0,7.0,27.0,97.0,1,1,1.0
408,1,963.0,7.0,30.0,97.0,1,1,1.0
409,1,963.0,6.0,34.0,97.0,1,1,1.0
410,1,963.0,7.0,39.0,97.0,1,1,1.0
411,1,963.0,7.0,42.0,96.0,1,1,1.0
412,1,963.0,7.0,43.0,96.0,1,1,1.0
413,1,964.0,7.0,44.0,96.0,1,1,1.0
414,1,965.0,7.0,43.0,96.0,1,1,1.0
415,1,967.0,7.0,43.0,96.0,1,1,1.0
416,1,972.0,7.0,38.0,96.0,1,1,1.0
417,1,979.0,7.0,31.0,96.0,1,1,1.0
418,1,985.0,7.0,26.0,96.0,1,1,1.0
419,1,988.0,7.0,26.0,96.0,1,1,1.0
420,1,990.0,7.0,28.0,96.0,1,1,1.0
421,1,991.0,7.0,33.0,96.0,1,1,1.0
422,1,992.0,7.0,37.0,96.0,1,1,1.0
423,1,993.0,7.0,42.0,96.0,1,1,1.0
424,1,993.0,7.0,44.0,96.0,1,1,1.0
425,1,993.0,7.0,45.0,97.0,1,1,1.0
426,1,993.0,8.0,47.0,97.0,1,1,1.0
427,1,994.0,7.0,46.0,97.0,1,1,1.0
428,1,996.0,7.0,44.0,98.0,1,1,1.0
429,1,999.0,7.0,40.0,98.0,1,1,1.0
430,1,1004.0,7.0,35.0,97.0,1,1,1.0
431,1,1011.0,7.0,30.0,98.0,1,1,1.0
432,1,1016.0,7.0,26.0,98.0,1,1,1.0
433,1,1019.0,7.0,27.0,99.0,1,1,1.0
434,1,1021.0,7.0,27.0,100.0,1,1,1.0
435,1,1023.0,7.0,28.0,99.0,1,1,1.0
436,1,1024.0,8.0,31.0,99.0,1,1,1.0
437,1,1024.0,8.0,33.0,99.0,1,1,1.0
438,1,1026.0,9.0,34.0,99.0,1,1,1.0
439,1,1026.0,9.0,34.0,99.0,1,1,1.0
440,1,1029.0,9.0,32.0,100.0,1,1,1.0
441,1,1031.0,8.0,30.0,101.0,1,1,1.0
442,1,1035.0,8.0,28.0,101.0,1,1,1.0
444,1,1040.0,8.0,26.0,100.0,1,1,1.0
445,1,1042.0,7.0,28.0,101.0,1,1,1.0
446,1,1044.0,8.0,30.0,102.0,1,1,1.0
447,1,1045.0,8.0,35.0,102.0,1,1,1.0
448,1,1046.0,9.0,38.0,102.0,1,1,1.0
449,1,1047.0,10.0,40.0,101.0,1,1,1.0
450,1,1047.0,10.0,41.0,101.0,1,1,1.0
451,1,1048.0,10.0,41.0,102.0,1,1,1.0
452,1,1049.0,10.0,40.0,102.0,1,1,1.0
453,1,1050.0,10.0,39.0,102.0,1,1,1.0
454,1,1053.0,10.0,36.0,102.0,1,1,1.0
455,1,1057.0,10.0,33.0,103.0,1,1,1.0
456,1,1061.0,9.0,31.0,104.0,1,1,1.0
457,1,1064.0,9.0,33.0,104.0,1,1,1.0
458,1,1065.0,9.0,37.0,105.0,1,1,1.0
459,1,1066.0,10.0,41.0,105.0,1,1,1.0
460,1,1069.0,10.0,42.0,104.0,1,1,1.0
461,1,1072.0,12.0,41.0,104.0,1,1,1.0
462,1,1073.0,13.0,39.0,104.0,1,1,1.0
463,1,1074.0,14.0,36.0,104.0,1,1,1.0
464,1,1076.0,14.0,37.0,104.0,1,1,1.0
465,1,1079.0,14.0,36.0,104.0,1,1,1.0
466,1,1082.0,13.0,34.0,105.0,1,1,1.0
467,1,1085.0,13.0,30.0,105.0,1,1,1.0
468,1,1089.0,13.0,28.0,105.0,1,1,1.0
469,1,1092.0,13.0,30.0,105.0,1,1,1.0
470,1,1093.0,13.0,33.0,106.0,1,1,1.0
471,1,1094.0,13.0,36.0,106.0,1,1,1.0
472,1,1095.0,14.0,41.0,105.0,1,1,1.0
473,1,1096.0,15.0,46.0,105.0,1,1,1.0
474,1,1096.0,16.0,48.0,105.0,1,1,1.0
475,1,1096.0,16.0,49.0,105.0,1,1,1.0
476,1,1098.0,16.0,48.0,105.0,1,1,1.0
477,1,1099.0,16.0,47.0,106.0,1,1,1.0
478,1,1103.0,16.0,43.0,107.0,1,1,1.0
479,1,1108.0,15.0,38.0,107.0,1,1,1.0
480,1,1114.0,15.0,34.0,107.0,1,1,1.0
481,1,1120.0,15.0,30.0,108.0,1,1,1.0
482,1,1124.0,15.0,31.0,109.0,1,1,1.0
483,1,1126.0,16.0,29.0,109.0,1,1,1.0
484,1,1128.0,17.0,35.0,108.0,1,1,1.0
485,1,1129.0,17.0,36.0,109.0,1,1,1.0
486,1,1130.0,18.0,38.0,109.0,1,1,1.0
487,1,1131.0,19.0,39.0,109.0,1,1,1.0
488,1,1132.0,19.0,40.0,109.0,1,1,1.0
489,1,1135.0,19.0,37.0,109.0,1,1,1.0
490,1,1139.0,19.0,33.0,110.0,1,1,1.0
491,1,1144.0,18.0,30.0,110.0,1,1,1.0
492,1,1148.0,18.0,28.0,110.0,1,1,1.0
493,1,1151.0,18.0,30.0,110.0,1,1,1.0
494,1,1152.0,18.0,32.0,110.0,1,1,1.0
495,1,1153.0,19.0,38.0,110.0,1,1,1.0
496,1,1154.0,20.0,43.0,110.0,1,1,1.0
497,1,1154.0,20.0,49.0,110.0,1,1,1.0
498,1,1154.0,21.0,52.0,110.0,1,1,1.0
499,1,1155.0,21.0,53.0,111.0,1,1,1.0
500,1,1156.0,21.0,53.0,111.0,1,1,1.0
501,1,1158.0,21.0,51.0,112.0,1,1,1.0
502,1,1161.0,20.0,47.0,113.0,1,1,1.0
503,1,1167.0,20.0,41.0,113.0,1,1,1.0
504,1,1174.0,20.0,35.0,113.0,1,1,1.0
505,1,1180.0,20.0,30.0,113.0,1,1,1.0
506,1,1184.0,20.0,32.0,114.0,1,1,1.0
507,1,1186.0,21.0,30.0,114.0,1,1,1.0
508,1,1188.0,22.0,32.0,113.0,1,1,1.0
509,1,1188.0,23.0,33.0,113.0,1,1,1.0
512,1,1191.0,24.0,36.0,125.0,1,1,1.0
513,1,1194.0,24.0,36.0,127.0,1,1,1.0
514,1,1197.0,24.0,34.0,128.0,1,1,1.0
515,1,1202.0,23.0,32.0,128.0,1,1,1.0
516,1,1207.0,23.0,30.0,128.0,1,1,1.0
517,1,1210.0,23.0,31.0,123.0,1,1,1.0
518,1,1212.0,24.0,34.0,120.0,1,1,1.0
519,1,1213.0,25.0,40.0,122.0,1,1,1.0
520,1,1213.0,26.0,48.0,123.0,1,1,1.0
521,1,1213.0,27.0,53.0,124.0,1,1,1.0
522,1,1213.0,27.0,55.0,123.0,1,1,1.0
523,1,1214.0,28.0,56.0,123.0,1,1,1.0
524,1,1216.0,28.0,55.0,123.0,1,1,1.0
525,1,1218.0,28.0,53.0,123.0,1,1,1.0
526,1,1223.0,28.0,48.0,120.0,1,1,1.0
527,1,1231.0,27.0,41.0,118.0,1,1,1.0
529,1,1246.0,27.0,43.0,119.0,1,1,1.0
530,1,1250.0,27.0,42.0,120.0,1,1,1.0
531,1,1252.0,28.0,38.0,120.0,1,1,1.0
532,1,1253.0,30.0,41.0,119.0,1,1,1.0
533,1,1254.0,31.0,46.0,119.0,1,1,1.0
534,1,1254.0,32.0,49.0,118.0,1,1,1.0
535,1,1255.0,32.0,48.0,118.0,1,1,1.0
536,1,1258.0,32.0,46.0,118.0,1,1,1.0
537,1,1264.0,32.0,41.0,119.0,1,1,1.0
538,1,1271.0,32.0,36.0,119.0,1,1,1.0
539,1,1278.0,32.0,33.0,119.0,1,1,1.0
540,1,1283.0,32.0,32.0,119.0,1,1,1.0
541,1,1286.0,33.0,35.0,118.0,1,1,1.0
542,1,1288.0,34.0,38.0,118.0,1,1,1.0
543,1,1288.0,35.0,47.0,119.0,1,1,1.0
544,1,1289.0,36.0,52.0,119.0,1,1,1.0
545,1,1289.0,37.0,56.0,118.0,1,1,1.0
546,1,1289.0,38.0,60.0,118.0,1,1,1.0
547,1,1291.0,37.0,62.0,120.0,1,1,1.0
548,1,1293.0,36.0,61.0,121.0,1,1,1.0
549,1,1300.0,38.0,56.0,119.0,1,1,1.0
550,1,1305.0,38.0,51.0,119.0,1,1,1.0
551,1,1315.0,38.0,41.0,119.0,1,1,1.0
552,1,1323.0,39.0,35.0,120.0,1,1,1.0
553,1,1328.0,39.0,34.0,122.0,1,1,1.0
554,1,1330.0,40.0,35.0,122.0,1,1,1.0
555,1,1331.0,41.0,40.0,122.0,1,1,1.0
556,1,1331.0,41.0,47.0,123.0,1,1,1.0
557,1,1332.0,42.0,50.0,123.0,1,1,1.0
558,1,1332.0,43.0,51.0,124.0,1,1,1.0
559,1,1332.0,43.0,53.0,125.0,1,1,1.0
560,1,1339.0,44.0,47.0,125.0,1,1,1.0
561,1,1349.0,44.0,38.0,124.0,1,1,1.0
562,1,1355.0,44.0,34.0,124.0,1,1,1.0
563,1,1360.0,42.0,32.0,126.0,1,1,1.0
564,1,1364.0,43.0,32.0,125.0,1,1,1.0
565,1,1366.0,43.0,35.0,126.0,1,1,1.0
566,1,1367.0,43.0,43.0,127.0,1,1,1.0
567,1,1368.0,44.0,51.0,126.0,1,1,1.0
568,1,1368.0,46.0,57.0,126.0,1,1,1.0
569,1,1368.0,47.0,61.0,126.0,1,1,1.0
570,1,1368.0,49.0,62.0,125.0,1,1,1.0
571,1,1369.0,49.0,61.0,125.0,1,1,1.0
572,1,1371.0,50.0,59.0,126.0,1,1,1.0
573,1,1376.0,49.0,54.0,127.0,1,1,1.0
574,1,1383.0,49.0,49.0,127.0,1,1,1.0
575,1,1391.0,49.0,42.0,127.0,1,1,1.0
576,1,1400.0,48.0,36.0,127.0,1,1,1.0
577,1,1403.0,48.0,37.0,129.0,1,1,1.0
578,1,1407.0,48.0,37.0,131.0,1,1,1.0
579,1,1409.0,50.0,38.0,131.0,1,1,1.0
580,1,1410.0,52.0,43.0,130.0,1,1,1.0
581,1,1411.0,52.0,49.0,131.0,1,1,1.0
582,1,1411.0,54.0,52.0,131.0,1,1,1.0
583,1,1412.0,55.0,52.0,130.0,1,1,1.0
584,1,1416.0,56.0,50.0,130.0,1,1,1.0
585,1,1421.0,56.0,45.0,129.0,1,1,1.0
586,1,1426.0,57.0,41.0,129.0,1,1,1.0
587,1,1433.0,56.0,37.0,129.0,1,1,1.0
588,1,1437.0,55.0,36.0,130.0,1,1,1.0
589,1,1440.0,55.0,37.0,131.0,1,1,1.0
590,1,1443.0,55.0,39.0,132.0,1,1,1.0
591,1,1444.0,56.0,44.0,132.0,1,1,1.0
592,1,1445.0,58.0,49.0,133.0,1,1,1.0
593,1,1446.0,58.0,51.0,134.0,1,1,1.0
594,1,1447.0,59.0,50.0,135.0,1,1,1.0
595,1,1447.0,60.0,49.0,135.0,1,1,1.0
596,1,1449.0,60.0,48.0,135.0,1,1,1.0
597,1,1452.0,60.0,46.0,134.0,1,1,1.0
598,1,1454.0,60.0,45.0,135.0,1,1,1.0
599,1,1455.0,60.0,45.0,134.0,1,1,1.0
600,1,1456.0,60.0,49.0,134.0,1,1,1.0
601,1,1456.0,60.0,53.0,134.0,1,1,1.0
602,1,1456.0,60.0,55.0,135.0,1,1,1.0
603,1,1456.0,60.0,57.0,135.0,1,1,1.0
604,1,1456.0,61.0,58.0,134.0,1,1,1.0
605,1,1455.0,63.0,58.0,134.0,1,1,1.0
606,1,1455.0,64.0,56.0,134.0,1,1,1.0
607,1,1455.0,64.0,54.0,134.0,1,1,1.0
608,1,1454.0,64.0,51.0,134.0,1,1,1.0
609,1,1454.0,63.0,48.0,135.0,1,1,1.0
610,1,1453.0,62.0,46.0,136.0,1,1,1.0
611,1,1452.0,61.0,45.0,137.0,1,1,1.0
612,1,1450.0,60.0,45.0,138.0,1,1,1.0
613,1,1448.0,59.0,45.0,140.0,1,1,1.0
614,1,1446.0,60.0,45.0,141.0,1,1,1.0
615,1,1444.0,61.0,46.0,142.0,1,1,1.0
616,1,1442.0,61.0,47.0,141.0,1,1,1.0
617,1,1440.0,61.0,48.0,141.0,1,1,1.0
618,1,1439.0,62.0,49.0,140.0,1,1,1.0
619,1,1438.0,62.0,48.0,140.0,1,1,1.0
620,1,1436.0,62.0,48.0,141.0,1,1,1.0
621,1,1436.0,62.0,48.0,141.0,1,1,1.0
622,1,1435.0,62.0,47.0,141.0,1,1,1.0
623,1,1434.0,61.0,45.0,142.0,1,1,1.0
624,1,1432.0,61.0,44.0,142.0,1,1,1.0
625,1,1430.0,60.0,45.0,143.0,1,1,1.0
626,1,1429.0,59.0,43.0,144.0,1,1,1.0
627,1,1426.0,59.0,43.0,144.0,1,1,1.0
628,1,1420.0,60.0,46.0,143.0,1,1,1.0
629,1,1412.0,61.0,52.0,142.0,1,1,1.0
630,1,1405.0,61.0,57.0,142.0,1,1,1.0
631,1,1402.0,62.0,59.0,141.0,1,1,1.0
632,1,1401.0,62.0,59.0,142.0,1,1,1.0
633,1,1400.0,60.0,59.0,143.0,1,1,1.0
634,1,1399.0,59.0,57.0,144.0,1,1,1.0
635,1,1399.0,59.0,52.0,145.0,1,1,1.0
636,1,1396.0,58.0,50.0,145.0,1,1,1.0
637,1,1391.0,56.0,52.0,147.0,1,1,1.0
638,1,1385.0,57.0,56.0,147.0,1,1,1.0
639,1,1382.0,57.0,56.0,148.0,1,1,1.0
640,1,1379.0,57.0,56.0,148.0,1,1,1.0
641,1,1376.0,57.0,58.0,149.0,1,1,1.0
642,1,1373.0,58.0,59.0,149.0,1,1,1.0
643,1,1370.0,59.0,57.0,148.0,1,1,1.0
644,1,1369.0,59.0,55.0,148.0,1,1,1.0
645,1,1368.0,58.0,53.0,149.0,1,1,1.0
646,1,1367.0,57.0,51.0,149.0,1,1,1.0
647,1,1367.0,57.0,49.0,150.0,1,1,1.0
648,1,1365.0,55.0,48.0,151.0,1,1,1.0
649,1,1362.0,55.0,47.0,151.0,1,1,1.0
650,1,1359.0,55.0,48.0,152.0,1,1,1.0
651,1,1352.0,55.0,51.0,152.0,1,1,1.0
652,1,1344.0,56.0,56.0,151.0,1,1,1.0
653,1,1336.0,58.0,61.0,150.0,1,1,1.0
654,1,1331.0,58.0,62.0,150.0,1,1,1.0
655,1,1330.0,58.0,61.0,151.0,1,1,1.0
656,1,1329.0,57.0,60.0,151.0,1,1,1.0
657,1,1329.0,57.0,59.0,152.0,1,1,1.0
658,1,1328.0,55.0,57.0,154.0,1,1,1.0
659,1,1327.0,54.0,54.0,155.0,1,1,1.0
660,1,1324.0,54.0,52.0,156.0,1,1,1.0
661,1,1320.0,54.0,51.0,155.0,1,1,1.0
662,1,1317.0,53.0,51.0,157.0,1,1,1.0
663,1,1312.0,53.0,53.0,159.0,1,1,1.0
664,1,1307.0,54.0,56.0,160.0,1,1,1.0
665,1,1304.0,57.0,55.0,157.0,1,1,1.0
666,1,1301.0,56.0,55.0,158.0,1,1,1.0
667,1,1298.0,55.0,56.0,159.0,1,1,1.0
668,1,1295.0,56.0,57.0,158.0,1,1,1.0
669,1,1294.0,56.0,56.0,159.0,1,1,1.0
670,1,1292.0,55.0,55.0,160.0,1,1,1.0
671,1,1289.0,54.0,54.0,161.0,1,1,1.0
672,1,1287.0,53.0,53.0,161.0,1,1,1.0
673,1,1284.0,52.0,50.0,162.0,1,1,1.0
674,1,1281.0,51.0,50.0,163.0,1,1,1.0
675,1,1275.0,52.0,52.0,162.0,1,1,1.0
676,1,1266.0,53.0,58.0,162.0,1,1,1.0
677,1,1257.0,54.0,63.0,162.0,1,1,1.0
678,1,1252.0,54.0,65.0,162.0,1,1,1.0
679,1,1251.0,55.0,64.0,161.0,1,1,1.0
680,1,1249.0,55.0,63.0,162.0,1,1,1.0
681,1,1249.0,54.0,63.0,163.0,1,1,1.0
682,1,1248.0,54.0,53.0,163.0,1,1,1.0
683,1,1246.0,52.0,50.0,164.0,1,1,1.0
684,1,1243.0,51.0,50.0,165.0,1,1,1.0
685,1,1238.0,50.0,52.0,166.0,1,1,1.0
686,1,1233.0,51.0,55.0,166.0,1,1,1.0
687,1,1227.0,51.0,58.0,169.0,1,1,1.0
688,1,1220.0,53.0,62.0,170.0,1,1,1.0
689,1,1217.0,54.0,62.0,170.0,1,1,1.0
690,1,1215.0,55.0,61.0,169.0,1,1,1.0
691,1,1213.0,55.0,61.0,169.0,1,1,1.0
692,1,1211.0,55.0,60.0,170.0,1,1,1.0
693,1,1209.0,54.0,59.0,171.0,1,1,1.0
694,1,1207.0,53.0,57.0,172.0,1,1,1.0
695,1,1205.0,52.0,56.0,173.0,1,1,1.0
696,1,1204.0,51.0,53.0,174.0,1,1,1.0
697,1,1201.0,50.0,53.0,175.0,1,1,1.0
698,1,1195.0,50.0,54.0,175.0,1,1,1.0
699,1,1184.0,51.0,61.0,174.0,1,1,1.0
700,1,1172.0,52.0,70.0,174.0,1,1,1.0
701,1,1163.0,53.0,76.0,173.0,1,1,1.0
702,1,1159.0,54.0,80.0,173.0,1,1,1.0
703,1,1157.0,54.0,81.0,173.0,1,1,1.0
704,1,1155.0,54.0,81.0,174.0,1,1,1.0
705,1,1155.0,53.0,80.0,176.0,1,1,1.0
706,1,1155.0,52.0,75.0,177.0,1,1,1.0
707,1,1155.0,50.0,66.0,178.0,1,1,1.0
708,1,1153.0,50.0,58.0,178.0,1,1,1.0
709,1,1147.0,50.0,56.0,179.0,1,1,1.0
710,1,1141.0,50.0,57.0,181.0,1,1,1.0
711,1,1134.0,50.0,60.0,183.0,1,1,1.0
712,1,1128.0,51.0,61.0,183.0,1,1,1.0
713,1,1123.0,53.0,63.0,182.0,1,1,1.0
714,1,1118.0,54.0,65.0,182.0,1,1,1.0
715,1,1115.0,54.0,67.0,182.0,1,1,1.0
716,1,1112.0,54.0,67.0,183.0,1,1,1.0
717,1,1111.0,53.0,65.0,184.0,1,1,1.0
718,1,1110.0,52.0,62.0,185.0,1,1,1.0
719,1,1108.0,50.0,58.0,187.0,1,1,1.0
720,1,1106.0,50.0,56.0,187.0,1,1,1.0
721,1,1102.0,49.0,55.0,187.0,1,1,1.0
722,1,1098.0,49.0,54.0,187.0,1,1,1.0
723,1,1087.0,50.0,62.0,187.0,1,1,1.0
724,1,1074.0,51.0,71.0,187.0,1,1,1.0
725,1,1063.0,52.0,80.0,186.0,1,1,1.0
726,1,1058.0,53.0,85.0,186.0,1,1,1.0
727,1,1056.0,54.0,87.0,187.0,1,1,1.0
728,1,1054.0,54.0,87.0,188.0,1,1,1.0
729,1,1054.0,53.0,85.0,189.0,1,1,1.0
730,1,1054.0,52.0,79.0,191.0,1,1,1.0
731,1,1054.0,51.0,70.0,191.0,1,1,1.0
732,1,1050.0,51.0,63.0,192.0,1,1,1.0
733,1,1044.0,51.0,58.0,192.0,1,1,1.0
734,1,1037.0,51.0,59.0,195.0,1,1,1.0
735,1,1029.0,51.0,63.0,198.0,1,1,1.0
736,1,1022.0,52.0,65.0,198.0,1,1,1.0
737,1,1016.0,54.0,68.0,199.0,1,1,1.0
738,1,1011.0,56.0,72.0,198.0,1,1,1.0
739,1,1007.0,57.0,76.0,197.0,1,1,1.0
740,1,1003.0,57.0,78.0,198.0,1,1,1.0
741,1,1001.0,57.0,76.0,199.0,1,1,1.0
742,1,999.0,57.0,71.0,199.0,1,1,1.0
743,1,998.0,56.0,64.0,200.0,1,1,1.0
744,1,995.0,55.0,58.0,201.0,1,1,1.0
745,1,992.0,55.0,56.0,201.0,1,1,1.0
746,1,987.0,55.0,56.0,200.0,1,1,1.0
747,1,975.0,56.0,63.0,201.0,1,1,1.0
748,1,960.0,57.0,75.0,201.0,1,1,1.0
749,1,949.0,59.0,85.0,201.0,1,1,1.0
750,1,942.0,61.0,91.0,203.0,1,1,1.0
751,1,940.0,62.0,94.0,203.0,1,1,1.0
752,1,938.0,62.0,95.0,205.0,1,1,1.0
753,1,938.0,63.0,91.0,205.0,1,1,1.0
754,1,938.0,63.0,82.0,205.0,1,1,1.0
755,1,935.0,62.0,74.0,206.0,1,1,1.0
756,1,928.0,62.0,68.0,206.0,1,1,1.0
757,1,919.0,61.0,64.0,207.0,1,1,1.0
758,1,911.0,62.0,64.0,211.0,1,1,1.0
759,1,903.0,63.0,68.0,214.0,1,1,1.0
760,1,895.0,65.0,74.0,214.0,1,1,1.0
761,1,888.0,67.0,81.0,214.0,1,1,1.0
762,1,882.0,69.0,86.0,213.0,1,1,1.0
763,1,878.0,70.0,90.0,213.0,1,1,1.0
764,1,876.0,70.0,89.0,214.0,1,1,1.0
765,1,873.0,69.0,85.0,215.0,1,1,1.0
766,1,870.0,69.0,78.0,215.0,1,1,1.0
767,1,867.0,68.0,71.0,216.0,1,1,1.0
768,1,862.0,68.0,63.0,216.0,1,1,1.0
769,1,859.0,68.0,60.0,216.0,1,1,1.0
770,1,852.0,69.0,63.0,216.0,1,1,1.0
771,1,836.0,70.0,77.0,216.0,1,1,1.0
772,1,821.0,71.0,91.0,217.0,1,1,1.0
773,1,811.0,73.0,101.0,217.0,1,1,1.0
774,1,805.0,75.0,106.0,217.0,1,1,1.0
775,1,803.0,77.0,108.0,218.0,1,1,1.0
776,1,802.0,77.0,107.0,219.0,1,1,1.0
777,1,802.0,77.0,101.0,220.0,1,1,1.0
778,1,802.0,77.0,91.0,220.0,1,1,1.0
779,1,801.0,77.0,79.0,220.0,1,1,1.0
780,1,793.0,77.0,72.0,220.0,1,1,1.0
781,1,782.0,77.0,69.0,222.0,1,1,1.0
782,1,772.0,78.0,73.0,226.0,1,1,1.0
783,1,762.0,79.0,78.0,227.0,1,1,1.0
784,1,753.0,81.0,85.0,228.0,1,1,1.0
785,1,746.0,83.0,92.0,228.0,1,1,1.0
786,1,739.0,85.0,97.0,229.0,1,1,1.0
787,1,734.0,86.0,101.0,229.0,1,1,1.0
788,1,732.0,87.0,99.0,229.0,1,1,1.0
789,1,731.0,86.0,91.0,230.0,1,1,1.0
790,1,732.0,86.0,81.0,230.0,1,1,1.0
791,1,732.0,86.0,68.0,230.0,1,1,1.0
792,1,727.0,86.0,59.0,230.0,1,1,1.0
793,1,721.0,86.0,58.0,229.0,1,1,1.0
794,1,709.0,88.0,68.0,229.0,1,1,1.0
795,1,691.0,89.0,85.0,230.0,1,1,1.0
796,1,676.0,91.0,100.0,232.0,1,1,1.0
797,1,667.0,94.0,110.0,233.0,1,1,1.0
798,1,662.0,96.0,114.0,234.0,1,1,1.0
799,1,660.0,97.0,114.0,235.0,1,1,1.0
800,1,660.0,98.0,110.0,236.0,1,1,1.0
801,1,660.0,98.0,99.0,236.0,1,1,1.0
802,1,659.0,97.0,87.0,236.0,1,1,1.0
803,1,652.0,97.0,79.0,236.0,1,1,1.0
804,1,643.0,97.0,71.0,236.0,1,1,1.0
805,1,632.0,98.0,71.0,239.0,1,1,1.0
806,1,621.0,100.0,78.0,241.0,1,1,1.0
807,1,611.0,102.0,87.0,242.0,1,1,1.0
808,1,599.0,105.0,98.0,243.0,1,1,1.0
809,1,591.0,108.0,106.0,244.0,1,1,1.0
810,1,585.0,110.0,111.0,245.0,1,1,1.0
811,1,583.0,110.0,111.0,246.0,1,1,1.0
812,1,581.0,111.0,105.0,246.0,1,1,1.0
813,1,580.0,110.0,93.0,246.0,1,1,1.0
814,1,577.0,111.0,82.0,246.0,1,1,1.0
815,1,572.0,111.0,70.0,246.0,1,1,1.0
816,1,563.0,112.0,66.0,244.0,1,1,1.0
817,1,553.0,113.0,72.0,244.0,1,1,1.0
818,1,533.0,115.0,90.0,244.0,1,1,1.0
819,1,512.0,117.0,110.0,245.0,1,1,1.0
820,1,498.0,117.0,125.0,249.0,1,1,1.0
