1,1,1588.0,477.0,57.0,139.0,1,1,1.0
2,1,1579.0,479.0,62.0,138.0,1,1,1.0
3,1,1577.0,480.0,61.0,138.0,1,1,1.0
4,1,1576.0,481.0,61.0,138.0,1,1,1.0
5,1,1575.0,480.0,59.0,138.0,1,1,1.0
6,1,1575.0,479.0,52.0,140.0,1,1,1.0
7,1,1575.0,478.0,45.0,140.0,1,1,1.0
8,1,1573.0,478.0,42.0,142.0,1,1,1.0
9,1,1565.0,477.0,47.0,144.0,1,1,1.0
10,1,1560.0,478.0,46.0,146.0,1,1,1.0
11,1,1553.0,479.0,49.0,145.0,1,1,1.0
12,1,1547.0,481.0,51.0,144.0,1,1,1.0
13,1,1543.0,481.0,52.0,145.0,1,1,1.0
14,1,1540.0,481.0,51.0,145.0,1,1,1.0
15,1,1538.0,481.0,48.0,146.0,1,1,1.0
16,1,1532.0,479.0,49.0,147.0,1,1,1.0
17,1,1530.0,478.0,48.0,148.0,1,1,1.0
18,1,1525.0,478.0,49.0,148.0,1,1,1.0
19,1,1516.0,479.0,53.0,148.0,1,1,1.0
20,1,1506.0,481.0,59.0,146.0,1,1,1.0
21,1,1496.0,483.0,65.0,146.0,1,1,1.0
22,1,1493.0,484.0,66.0,146.0,1,1,1.0
23,1,1490.0,484.0,67.0,146.0,1,1,1.0
24,1,1489.0,484.0,65.0,147.0,1,1,1.0
25,1,1488.0,483.0,59.0,148.0,1,1,1.0
26,1,1485.0,482.0,52.0,149.0,1,1,1.0
27,1,1485.0,481.0,46.0,151.0,1,1,1.0
28,1,1485.0,481.0,41.0,154.0,1,1,1.0
29,1,1477.0,483.0,44.0,155.0,1,1,1.0
30,1,1466.0,484.0,50.0,155.0,1,1,1.0
31,1,1457.0,486.0,55.0,154.0,1,1,1.0
32,1,1453.0,487.0,56.0,153.0,1,1,1.0
33,1,1452.0,487.0,52.0,154.0,1,1,1.0
34,1,1452.0,486.0,47.0,155.0,1,1,1.0
35,1,1450.0,485.0,42.0,156.0,1,1,1.0
36,1,1442.0,484.0,45.0,156.0,1,1,1.0
37,1,1432.0,484.0,51.0,157.0,1,1,1.0
38,1,1419.0,486.0,58.0,156.0,1,1,1.0
39,1,1406.0,487.0,68.0,154.0,1,1,1.0
40,1,1398.0,489.0,75.0,153.0,1,1,1.0
41,1,1394.0,490.0,78.0,153.0,1,1,1.0
42,1,1392.0,489.0,77.0,154.0,1,1,1.0
43,1,1391.0,488.0,69.0,155.0,1,1,1.0
44,1,1389.0,487.0,60.0,156.0,1,1,1.0
45,1,1382.0,487.0,55.0,158.0,1,1,1.0
46,1,1381.0,486.0,48.0,160.0,1,1,1.0
47,1,1371.0,487.0,51.0,161.0,1,1,1.0
48,1,1359.0,488.0,59.0,161.0,1,1,1.0
49,1,1348.0,490.0,69.0,160.0,1,1,1.0
50,1,1341.0,492.0,68.0,160.0,1,1,1.0
51,1,1338.0,492.0,70.0,160.0,1,1,1.0
52,1,1336.0,492.0,64.0,158.0,1,1,1.0
53,1,1334.0,491.0,56.0,161.0,1,1,1.0
54,1,1322.0,490.0,58.0,163.0,1,1,1.0
55,1,1318.0,489.0,56.0,163.0,1,1,1.0
56,1,1308.0,489.0,60.0,163.0,1,1,1.0
57,1,1295.0,491.0,69.0,162.0,1,1,1.0
58,1,1283.0,492.0,78.0,161.0,1,1,1.0
59,1,1276.0,494.0,84.0,160.0,1,1,1.0
60,1,1273.0,494.0,86.0,161.0,1,1,1.0
61,1,1272.0,494.0,80.0,162.0,1,1,1.0
62,1,1267.0,493.0,74.0,163.0,1,1,1.0
63,1,1264.0,492.0,63.0,164.0,1,1,1.0
64,1,1257.0,490.0,58.0,167.0,1,1,1.0
65,1,1255.0,491.0,52.0,169.0,1,1,1.0
66,1,1244.0,492.0,58.0,170.0,1,1,1.0
68,1,1222.0,494.0,76.0,169.0,1,1,1.0
69,1,1217.0,495.0,78.0,169.0,1,1,1.0
70,1,1214.0,496.0,74.0,170.0,1,1,1.0
71,1,1204.0,495.0,74.0,170.0,1,1,1.0
72,1,1197.0,495.0,72.0,171.0,1,1,1.0
73,1,1194.0,494.0,63.0,171.0,1,1,1.0
74,1,1184.0,494.0,65.0,170.0,1,1,1.0
75,1,1174.0,495.0,69.0,170.0,1,1,1.0
76,1,1159.0,497.0,82.0,169.0,1,1,1.0
77,1,1148.0,499.0,92.0,167.0,1,1,1.0
78,1,1143.0,500.0,96.0,166.0,1,1,1.0
79,1,1140.0,500.0,97.0,166.0,1,1,1.0
80,1,1136.0,499.0,90.0,167.0,1,1,1.0
81,1,1128.0,497.0,86.0,169.0,1,1,1.0
82,1,1122.0,496.0,76.0,171.0,1,1,1.0
83,1,1114.0,495.0,70.0,173.0,1,1,1.0
84,1,1113.0,495.0,62.0,175.0,1,1,1.0
85,1,1104.0,496.0,67.0,176.0,1,1,1.0
86,1,1091.0,497.0,79.0,175.0,1,1,1.0
87,1,1082.0,499.0,88.0,174.0,1,1,1.0
88,1,1077.0,500.0,88.0,174.0,1,1,1.0
89,1,1074.0,500.0,82.0,174.0,1,1,1.0
90,1,1070.0,499.0,76.0,175.0,1,1,1.0
91,1,1061.0,499.0,72.0,176.0,1,1,1.0
92,1,1053.0,497.0,70.0,177.0,1,1,1.0
93,1,1046.0,497.0,65.0,178.0,1,1,1.0
94,1,1037.0,498.0,69.0,177.0,1,1,1.0
95,1,1020.0,500.0,84.0,175.0,1,1,1.0
96,1,1009.0,502.0,94.0,174.0,1,1,1.0
97,1,1004.0,503.0,98.0,174.0,1,1,1.0
98,1,1001.0,503.0,97.0,174.0,1,1,1.0
99,1,996.0,503.0,91.0,175.0,1,1,1.0
100,1,989.0,502.0,86.0,176.0,1,1,1.0
101,1,980.0,500.0,78.0,178.0,1,1,1.0
102,1,977.0,500.0,67.0,179.0,1,1,1.0
104,1,963.0,501.0,70.0,185.0,1,1,1.0
105,1,950.0,504.0,82.0,183.0,1,1,1.0
106,1,941.0,506.0,90.0,182.0,1,1,1.0
107,1,937.0,506.0,92.0,182.0,1,1,1.0
108,1,932.0,507.0,90.0,182.0,1,1,1.0
109,1,923.0,506.0,89.0,182.0,1,1,1.0
110,1,918.0,506.0,81.0,183.0,1,1,1.0
111,1,911.0,505.0,74.0,184.0,1,1,1.0
112,1,903.0,505.0,68.0,184.0,1,1,1.0
113,1,896.0,506.0,71.0,183.0,1,1,1.0
114,1,881.0,507.0,85.0,182.0,1,1,1.0
115,1,868.0,509.0,98.0,180.0,1,1,1.0
116,1,861.0,511.0,104.0,178.0,1,1,1.0
117,1,856.0,512.0,106.0,177.0,1,1,1.0
118,1,850.0,512.0,103.0,178.0,1,1,1.0
119,1,842.0,511.0,96.0,179.0,1,1,1.0
120,1,835.0,510.0,86.0,179.0,1,1,1.0
121,1,828.0,509.0,77.0,180.0,1,1,1.0
122,1,819.0,509.0,74.0,183.0,1,1,1.0
123,1,811.0,510.0,74.0,187.0,1,1,1.0
124,1,797.0,512.0,88.0,188.0,1,1,1.0
127,1,777.0,515.0,93.0,187.0,1,1,1.0
128,1,769.0,516.0,91.0,187.0,1,1,1.0
129,1,762.0,515.0,83.0,188.0,1,1,1.0
130,1,752.0,515.0,76.0,188.0,1,1,1.0
131,1,745.0,515.0,70.0,188.0,1,1,1.0
132,1,737.0,516.0,74.0,187.0,1,1,1.0
133,1,723.0,517.0,86.0,186.0,1,1,1.0
134,1,711.0,519.0,99.0,186.0,1,1,1.0
135,1,703.0,522.0,106.0,186.0,1,1,1.0
136,1,697.0,523.0,109.0,186.0,1,1,1.0
137,1,690.0,522.0,107.0,186.0,1,1,1.0
138,1,682.0,521.0,102.0,187.0,1,1,1.0
139,1,675.0,521.0,93.0,188.0,1,1,1.0
140,1,668.0,520.0,80.0,191.0,1,1,1.0
141,1,660.0,520.0,76.0,194.0,1,1,1.0
142,1,652.0,521.0,81.0,196.0,1,1,1.0
143,1,640.0,523.0,92.0,196.0,1,1,1.0
144,1,629.0,525.0,103.0,195.0,1,1,1.0
145,1,623.0,528.0,108.0,194.0,1,1,1.0
146,1,615.0,529.0,110.0,194.0,1,1,1.0
147,1,607.0,529.0,106.0,194.0,1,1,1.0
148,1,599.0,528.0,98.0,195.0,1,1,1.0
149,1,591.0,527.0,88.0,196.0,1,1,1.0
150,1,582.0,527.0,79.0,196.0,1,1,1.0
151,1,575.0,527.0,80.0,196.0,1,1,1.0
152,1,565.0,528.0,88.0,196.0,1,1,1.0
153,1,552.0,530.0,100.0,194.0,1,1,1.0
154,1,542.0,532.0,110.0,193.0,1,1,1.0
155,1,533.0,534.0,117.0,192.0,1,1,1.0
156,1,524.0,535.0,120.0,192.0,1,1,1.0
157,1,516.0,535.0,116.0,193.0,1,1,1.0
158,1,507.0,534.0,107.0,193.0,1,1,1.0
159,1,499.0,533.0,96.0,195.0,1,1,1.0
160,1,491.0,532.0,85.0,199.0,1,1,1.0
161,1,484.0,533.0,86.0,201.0,1,1,1.0
162,1,475.0,534.0,93.0,201.0,1,1,1.0
163,1,463.0,536.0,104.0,199.0,1,1,1.0
164,1,456.0,539.0,110.0,197.0,1,1,1.0
165,1,441.0,540.0,121.0,196.0,1,1,1.0
166,1,434.0,541.0,120.0,196.0,1,1,1.0
167,1,426.0,540.0,115.0,196.0,1,1,1.0
168,1,418.0,539.0,102.0,197.0,1,1,1.0
169,1,411.0,538.0,88.0,197.0,1,1,1.0
170,1,403.0,538.0,87.0,198.0,1,1,1.0
171,1,394.0,539.0,92.0,197.0,1,1,1.0
172,1,384.0,541.0,102.0,196.0,1,1,1.0
173,1,375.0,543.0,110.0,194.0,1,1,1.0
174,1,367.0,545.0,117.0,192.0,1,1,1.0
175,1,357.0,546.0,120.0,191.0,1,1,1.0
176,1,348.0,546.0,115.0,191.0,1,1,1.0
177,1,340.0,545.0,113.0,191.0,1,1,1.0
179,1,324.0,543.0,91.0,196.0,1,1,1.0
180,1,315.0,542.0,93.0,197.0,1,1,1.0
181,1,308.0,543.0,97.0,196.0,1,1,1.0
182,1,300.0,545.0,105.0,195.0,1,1,1.0
183,1,290.0,546.0,112.0,192.0,1,1,1.0
184,1,281.0,548.0,118.0,190.0,1,1,1.0
185,1,274.0,549.0,117.0,190.0,1,1,1.0
186,1,264.0,549.0,114.0,190.0,1,1,1.0
187,1,256.0,548.0,106.0,192.0,1,1,1.0
188,1,248.0,546.0,93.0,193.0,1,1,1.0
189,1,241.0,546.0,85.0,194.0,1,1,1.0
190,1,232.0,546.0,90.0,193.0,1,1,1.0
191,1,226.0,548.0,94.0,192.0,1,1,1.0
192,1,218.0,550.0,101.0,190.0,1,1,1.0
193,1,211.0,552.0,107.0,187.0,1,1,1.0
194,1,203.0,553.0,113.0,186.0,1,1,1.0
195,1,195.0,553.0,112.0,186.0,1,1,1.0
196,1,187.0,552.0,106.0,185.0,1,1,1.0
197,1,180.0,551.0,95.0,186.0,1,1,1.0
198,1,173.0,550.0,85.0,188.0,1,1,1.0
199,1,165.0,550.0,85.0,191.0,1,1,1.0
200,1,160.0,550.0,87.0,192.0,1,1,1.0
201,1,151.0,551.0,96.0,191.0,1,1,1.0
202,1,144.0,553.0,103.0,189.0,1,1,1.0
203,1,136.0,555.0,109.0,188.0,1,1,1.0
204,1,129.0,556.0,112.0,187.0,1,1,1.0
205,1,121.0,556.0,108.0,187.0,1,1,1.0
206,1,114.0,554.0,99.0,189.0,1,1,1.0
207,1,108.0,553.0,90.0,190.0,1,1,1.0
208,1,101.0,553.0,82.0,190.0,1,1,1.0
209,1,95.0,553.0,84.0,189.0,1,1,1.0
210,1,89.0,555.0,88.0,188.0,1,1,1.0
211,1,85.0,557.0,93.0,186.0,1,1,1.0
212,1,78.0,560.0,98.0,183.0,1,1,1.0
213,1,73.0,562.0,100.0,181.0,1,1,1.0
214,1,66.0,561.0,97.0,181.0,1,1,1.0
215,1,59.0,560.0,91.0,181.0,1,1,1.0
216,1,52.0,558.0,81.0,182.0,1,1,1.0
217,1,47.0,556.0,73.0,184.0,1,1,1.0
218,1,40.0,556.0,75.0,185.0,1,1,1.0
219,1,36.0,557.0,77.0,185.0,1,1,1.0
220,1,29.0,557.0,83.0,183.0,1,1,1.0
221,1,24.0,559.0,89.0,181.0,1,1,1.0
222,1,19.0,560.0,96.0,180.0,1,1,1.0
223,1,12.0,560.0,95.0,179.0,1,1,1.0
224,1,7.0,559.0,90.0,181.0,1,1,1.0
225,1,2.0,559.0,81.0,181.0,1,1,1.0
226,1,0.0,557.0,70.0,182.0,1,1,1.0
227,1,0.0,556.0,62.0,183.0,1,1,1.0
228,1,0.0,556.0,60.0,183.0,1,1,1.0
229,1,0.0,557.0,59.0,182.0,1,1,1.0
230,1,0.0,559.0,59.0,180.0,1,1,1.0
231,1,0.0,560.0,56.0,179.0,1,1,1.0
232,1,0.0,560.0,51.0,179.0,1,1,1.0
233,1,0.0,558.0,44.0,179.0,1,1,1.0
265,2,0.0,532.0,41.0,159.0,1,1,1.0
266,2,0.0,532.0,45.0,159.0,1,1,1.0
267,2,0.0,532.0,50.0,158.0,1,1,1.0
268,2,1.0,532.0,59.0,158.0,1,1,1.0
269,2,2.0,531.0,65.0,157.0,1,1,1.0
270,2,4.0,531.0,66.0,157.0,1,1,1.0
271,2,8.0,530.0,64.0,156.0,1,1,1.0
272,2,16.0,528.0,62.0,154.0,1,1,1.0
273,2,25.0,527.0,55.0,154.0,1,1,1.0
274,2,32.0,525.0,52.0,155.0,1,1,1.0
275,2,38.0,523.0,50.0,156.0,1,1,1.0
276,2,43.0,523.0,51.0,157.0,1,1,1.0
277,2,46.0,523.0,58.0,157.0,1,1,1.0
278,2,49.0,523.0,65.0,156.0,1,1,1.0
279,2,51.0,523.0,70.0,156.0,1,1,1.0
280,2,54.0,522.0,71.0,156.0,1,1,1.0
281,2,61.0,520.0,65.0,156.0,1,1,1.0
282,2,71.0,519.0,57.0,155.0,1,1,1.0
283,2,78.0,516.0,54.0,155.0,1,1,1.0
284,2,84.0,514.0,52.0,156.0,1,1,1.0
285,2,90.0,512.0,52.0,157.0,1,1,1.0
286,2,95.0,511.0,60.0,157.0,1,1,1.0
288,2,102.0,515.0,61.0,153.0,1,1,1.0
289,2,104.0,515.0,70.0,152.0,1,1,1.0
290,2,107.0,514.0,72.0,152.0,1,1,1.0
291,2,113.0,514.0,68.0,151.0,1,1,1.0
292,2,123.0,515.0,61.0,148.0,1,1,1.0
293,2,135.0,513.0,54.0,149.0,1,1,1.0
294,2,141.0,512.0,53.0,149.0,1,1,1.0
295,2,147.0,510.0,53.0,152.0,1,1,1.0
296,2,151.0,509.0,56.0,153.0,1,1,1.0
297,2,156.0,508.0,62.0,153.0,1,1,1.0
298,2,158.0,507.0,64.0,154.0,1,1,1.0
299,2,160.0,507.0,67.0,153.0,1,1,1.0
300,2,166.0,505.0,65.0,154.0,1,1,1.0
301,2,175.0,504.0,61.0,152.0,1,1,1.0
302,2,185.0,504.0,55.0,149.0,1,1,1.0
303,2,193.0,501.0,51.0,149.0,1,1,1.0
304,2,197.0,499.0,55.0,151.0,1,1,1.0
305,2,200.0,499.0,61.0,150.0,1,1,1.0
306,2,200.0,497.0,72.0,152.0,1,1,1.0
307,2,204.0,497.0,75.0,151.0,1,1,1.0
308,2,208.0,497.0,75.0,150.0,1,1,1.0
309,2,213.0,496.0,73.0,150.0,1,1,1.0
310,2,221.0,494.0,67.0,149.0,1,1,1.0
311,2,233.0,492.0,62.0,149.0,1,1,1.0
312,2,244.0,490.0,56.0,150.0,1,1,1.0
313,2,250.0,489.0,55.0,151.0,1,1,1.0
314,2,253.0,489.0,57.0,150.0,1,1,1.0
315,2,258.0,489.0,59.0,150.0,1,1,1.0
316,2,260.0,492.0,63.0,148.0,1,1,1.0
317,2,263.0,490.0,65.0,149.0,1,1,1.0
318,2,267.0,488.0,65.0,149.0,1,1,1.0
319,2,275.0,486.0,68.0,148.0,1,1,1.0
320,2,284.0,484.0,62.0,148.0,1,1,1.0
321,2,291.0,482.0,59.0,146.0,1,1,1.0
322,2,297.0,481.0,57.0,146.0,1,1,1.0
323,2,303.0,483.0,56.0,143.0,1,1,1.0
324,2,305.0,483.0,63.0,143.0,1,1,1.0
325,2,306.0,487.0,72.0,139.0,1,1,1.0
326,2,307.0,484.0,75.0,141.0,1,1,1.0
327,2,313.0,483.0,74.0,140.0,1,1,1.0
328,2,322.0,480.0,70.0,141.0,1,1,1.0
329,2,331.0,477.0,65.0,142.0,1,1,1.0
330,2,345.0,475.0,56.0,143.0,1,1,1.0
331,2,353.0,478.0,52.0,140.0,1,1,1.0
332,2,349.0,476.0,62.0,142.0,1,1,1.0
333,2,355.0,476.0,62.0,143.0,1,1,1.0
334,2,359.0,474.0,64.0,144.0,1,1,1.0
335,2,363.0,475.0,67.0,143.0,1,1,1.0
336,2,368.0,479.0,67.0,138.0,1,1,1.0
337,2,377.0,475.0,64.0,141.0,1,1,1.0
338,2,389.0,473.0,57.0,139.0,1,1,1.0
339,2,398.0,470.0,53.0,140.0,1,1,1.0
340,2,403.0,468.0,52.0,141.0,1,1,1.0
341,2,408.0,467.0,53.0,142.0,1,1,1.0
342,2,410.0,467.0,62.0,142.0,1,1,1.0
343,2,411.0,468.0,67.0,141.0,1,1,1.0
344,2,413.0,468.0,70.0,139.0,1,1,1.0
345,2,418.0,468.0,69.0,137.0,1,1,1.0
346,2,424.0,467.0,67.0,136.0,1,1,1.0
347,2,431.0,466.0,64.0,135.0,1,1,1.0
348,2,440.0,464.0,60.0,136.0,1,1,1.0
349,2,450.0,463.0,53.0,137.0,1,1,1.0
350,2,455.0,462.0,55.0,138.0,1,1,1.0
351,2,458.0,462.0,58.0,139.0,1,1,1.0
352,2,458.0,459.0,60.0,141.0,1,1,1.0
353,2,461.0,459.0,62.0,141.0,1,1,1.0
354,2,465.0,460.0,62.0,139.0,1,1,1.0
355,2,470.0,460.0,62.0,139.0,1,1,1.0
356,2,477.0,460.0,59.0,137.0,1,1,1.0
357,2,486.0,458.0,55.0,136.0,1,1,1.0
358,2,494.0,457.0,51.0,134.0,1,1,1.0
359,2,500.0,456.0,50.0,134.0,1,1,1.0
360,2,503.0,455.0,52.0,134.0,1,1,1.0
361,2,504.0,455.0,58.0,134.0,1,1,1.0
362,2,503.0,454.0,67.0,135.0,1,1,1.0
363,2,505.0,455.0,69.0,133.0,1,1,1.0
364,2,508.0,455.0,70.0,133.0,1,1,1.0
365,2,513.0,454.0,70.0,132.0,1,1,1.0
366,2,521.0,454.0,66.0,131.0,1,1,1.0
367,2,531.0,452.0,61.0,130.0,1,1,1.0
368,2,542.0,451.0,55.0,131.0,1,1,1.0
369,2,549.0,451.0,53.0,131.0,1,1,1.0
370,2,553.0,451.0,53.0,130.0,1,1,1.0
371,2,554.0,451.0,57.0,130.0,1,1,1.0
372,2,555.0,452.0,61.0,129.0,1,1,1.0
373,2,557.0,452.0,65.0,128.0,1,1,1.0
374,2,560.0,454.0,66.0,126.0,1,1,1.0
375,2,568.0,452.0,61.0,126.0,1,1,1.0
376,2,577.0,450.0,56.0,127.0,1,1,1.0
377,2,588.0,448.0,50.0,128.0,1,1,1.0
378,2,593.0,448.0,49.0,127.0,1,1,1.0
379,2,595.0,448.0,50.0,126.0,1,1,1.0
380,2,596.0,449.0,58.0,126.0,1,1,1.0
381,2,598.0,449.0,60.0,126.0,1,1,1.0
382,2,602.0,448.0,58.0,126.0,1,1,1.0
383,2,610.0,447.0,52.0,127.0,1,1,1.0
384,2,620.0,447.0,43.0,127.0,1,1,1.0
385,2,629.0,446.0,39.0,128.0,1,1,1.0
386,2,634.0,446.0,39.0,129.0,1,1,1.0
387,2,639.0,447.0,47.0,128.0,1,1,1.0
388,2,640.0,447.0,57.0,129.0,1,1,1.0
389,2,641.0,448.0,65.0,128.0,1,1,1.0
390,2,641.0,449.0,68.0,128.0,1,1,1.0
391,2,644.0,448.0,68.0,129.0,1,1,1.0
392,2,649.0,449.0,65.0,129.0,1,1,1.0
393,2,656.0,449.0,58.0,129.0,1,1,1.0
394,2,666.0,447.0,47.0,130.0,1,1,1.0
395,2,675.0,447.0,38.0,131.0,1,1,1.0
397,2,683.0,448.0,49.0,133.0,1,1,1.0
398,2,688.0,450.0,49.0,133.0,1,1,1.0
399,2,691.0,452.0,50.0,132.0,1,1,1.0
400,2,693.0,453.0,50.0,132.0,1,1,1.0
401,2,695.0,453.0,54.0,133.0,1,1,1.0
402,2,700.0,452.0,47.0,134.0,1,1,1.0
403,2,706.0,451.0,49.0,136.0,1,1,1.0
404,2,711.0,451.0,50.0,136.0,1,1,1.0
405,2,716.0,450.0,51.0,136.0,1,1,1.0
406,2,720.0,450.0,50.0,137.0,1,1,1.0
407,2,724.0,451.0,52.0,136.0,1,1,1.0
408,2,726.0,452.0,59.0,135.0,1,1,1.0
409,2,726.0,454.0,64.0,134.0,1,1,1.0
410,2,727.0,455.0,65.0,135.0,1,1,1.0
411,2,729.0,456.0,64.0,135.0,1,1,1.0
412,2,734.0,455.0,59.0,136.0,1,1,1.0
413,2,743.0,454.0,50.0,137.0,1,1,1.0
414,2,753.0,453.0,41.0,138.0,1,1,1.0
415,2,759.0,453.0,38.0,139.0,1,1,1.0
416,2,764.0,454.0,37.0,141.0,1,1,1.0
417,2,768.0,455.0,48.0,143.0,1,1,1.0
418,2,771.0,456.0,48.0,144.0,1,1,1.0
419,2,773.0,457.0,49.0,143.0,1,1,1.0
420,2,774.0,459.0,49.0,143.0,1,1,1.0
421,2,779.0,459.0,45.0,144.0,1,1,1.0
422,2,786.0,458.0,50.0,145.0,1,1,1.0
423,2,791.0,458.0,44.0,146.0,1,1,1.0
424,2,795.0,458.0,43.0,145.0,1,1,1.0
425,2,800.0,458.0,46.0,145.0,1,1,1.0
426,2,803.0,460.0,53.0,145.0,1,1,1.0
427,2,806.0,461.0,60.0,146.0,1,1,1.0
428,2,807.0,463.0,63.0,146.0,1,1,1.0
429,2,808.0,463.0,64.0,146.0,1,1,1.0
430,2,810.0,464.0,63.0,147.0,1,1,1.0
431,2,815.0,463.0,58.0,147.0,1,1,1.0
432,2,824.0,463.0,50.0,147.0,1,1,1.0
433,2,833.0,463.0,43.0,148.0,1,1,1.0
437,2,849.0,468.0,52.0,151.0,1,1,1.0
438,2,851.0,469.0,51.0,152.0,1,1,1.0
439,2,854.0,469.0,51.0,152.0,1,1,1.0
440,2,861.0,469.0,48.0,153.0,1,1,1.0
441,2,869.0,468.0,43.0,153.0,1,1,1.0
442,2,876.0,468.0,41.0,154.0,1,1,1.0
443,2,881.0,468.0,44.0,153.0,1,1,1.0
444,2,883.0,469.0,49.0,153.0,1,1,1.0
445,2,884.0,470.0,61.0,153.0,1,1,1.0
446,2,884.0,472.0,69.0,154.0,1,1,1.0
447,2,885.0,473.0,73.0,155.0,1,1,1.0
448,2,888.0,474.0,71.0,155.0,1,1,1.0
449,2,895.0,473.0,66.0,156.0,1,1,1.0
450,2,905.0,472.0,59.0,156.0,1,1,1.0
451,2,919.0,472.0,48.0,157.0,1,1,1.0
452,2,928.0,472.0,42.0,147.0,1,1,1.0
453,2,933.0,473.0,41.0,157.0,1,1,1.0
455,2,935.0,476.0,62.0,160.0,1,1,1.0
456,2,936.0,478.0,67.0,161.0,1,1,1.0
457,2,940.0,478.0,65.0,161.0,1,1,1.0
458,2,947.0,478.0,59.0,162.0,1,1,1.0
460,2,969.0,478.0,48.0,162.0,1,1,1.0
461,2,975.0,478.0,53.0,162.0,1,1,1.0
462,2,980.0,479.0,55.0,161.0,1,1,1.0
463,2,982.0,479.0,67.0,162.0,1,1,1.0
464,2,983.0,481.0,77.0,162.0,1,1,1.0
465,2,983.0,483.0,81.0,162.0,1,1,1.0
466,2,985.0,483.0,81.0,162.0,1,1,1.0
467,2,993.0,483.0,76.0,163.0,1,1,1.0
468,2,1003.0,482.0,69.0,163.0,1,1,1.0
470,2,1028.0,482.0,51.0,166.0,1,1,1.0
472,2,1039.0,484.0,51.0,171.0,1,1,1.0
473,2,1041.0,486.0,60.0,170.0,1,1,1.0
474,2,1041.0,488.0,65.0,171.0,1,1,1.0
475,2,1041.0,490.0,70.0,170.0,1,1,1.0
476,2,1047.0,490.0,69.0,164.0,1,1,1.0
477,2,1055.0,490.0,67.0,165.0,1,1,1.0
478,2,1066.0,490.0,61.0,169.0,1,1,1.0
479,2,1073.0,490.0,62.0,171.0,1,1,1.0
480,2,1081.0,490.0,60.0,171.0,1,1,1.0
481,2,1085.0,492.0,63.0,171.0,1,1,1.0
482,2,1086.0,493.0,74.0,173.0,1,1,1.0
483,2,1088.0,496.0,82.0,174.0,1,1,1.0
484,2,1088.0,499.0,86.0,174.0,1,1,1.0
485,2,1093.0,500.0,86.0,174.0,1,1,1.0
486,2,1102.0,500.0,83.0,174.0,1,1,1.0
487,2,1114.0,500.0,75.0,175.0,1,1,1.0
488,2,1130.0,500.0,64.0,176.0,1,1,1.0
489,2,1141.0,500.0,57.0,179.0,1,1,1.0
490,2,1145.0,501.0,56.0,183.0,1,1,1.0
491,2,1146.0,504.0,65.0,183.0,1,1,1.0
492,2,1147.0,506.0,74.0,183.0,1,1,1.0
493,2,1148.0,509.0,78.0,183.0,1,1,1.0
494,2,1152.0,511.0,78.0,182.0,1,1,1.0
495,2,1162.0,512.0,74.0,181.0,1,1,1.0
496,2,1174.0,512.0,69.0,181.0,1,1,1.0
497,2,1187.0,512.0,64.0,181.0,1,1,1.0
498,2,1198.0,512.0,62.0,181.0,1,1,1.0
499,2,1202.0,513.0,67.0,181.0,1,1,1.0
500,2,1203.0,515.0,80.0,182.0,1,1,1.0
501,2,1204.0,517.0,93.0,183.0,1,1,1.0
502,2,1205.0,520.0,98.0,184.0,1,1,1.0
503,2,1209.0,522.0,101.0,183.0,1,1,1.0
504,2,1217.0,522.0,100.0,183.0,1,1,1.0
505,2,1228.0,521.0,95.0,184.0,1,1,1.0
506,2,1244.0,521.0,84.0,185.0,1,1,1.0
508,2,1270.0,521.0,69.0,192.0,1,1,1.0
509,2,1275.0,523.0,70.0,194.0,1,1,1.0
510,2,1276.0,526.0,82.0,193.0,1,1,1.0
511,2,1278.0,530.0,90.0,192.0,1,1,1.0
512,2,1280.0,532.0,93.0,192.0,1,1,1.0
513,2,1287.0,534.0,92.0,191.0,1,1,1.0
514,2,1297.0,535.0,92.0,191.0,1,1,1.0
515,2,1314.0,535.0,84.0,191.0,1,1,1.0
516,2,1332.0,535.0,75.0,191.0,1,1,1.0
517,2,1340.0,535.0,75.0,190.0,1,1,1.0
518,2,1343.0,536.0,83.0,190.0,1,1,1.0
519,2,1345.0,538.0,92.0,191.0,1,1,1.0
520,2,1346.0,540.0,103.0,192.0,1,1,1.0
521,2,1348.0,543.0,109.0,191.0,1,1,1.0
522,2,1354.0,544.0,112.0,191.0,1,1,1.0
523,2,1363.0,545.0,110.0,192.0,1,1,1.0
524,2,1381.0,545.0,101.0,192.0,1,1,1.0
525,2,1400.0,544.0,86.0,193.0,1,1,1.0
526,2,1418.0,545.0,73.0,196.0,1,1,1.0
527,2,1424.0,545.0,72.0,200.0,1,1,1.0
528,2,1426.0,547.0,78.0,201.0,1,1,1.0
529,2,1427.0,550.0,89.0,201.0,1,1,1.0
530,2,1427.0,553.0,98.0,200.0,1,1,1.0
531,2,1430.0,556.0,101.0,200.0,1,1,1.0
532,2,1440.0,558.0,99.0,199.0,1,1,1.0
533,2,1454.0,558.0,95.0,199.0,1,1,1.0
534,2,1470.0,558.0,88.0,200.0,1,1,1.0
535,2,1487.0,558.0,81.0,200.0,1,1,1.0
536,2,1495.0,559.0,82.0,199.0,1,1,1.0
537,2,1498.0,560.0,88.0,199.0,1,1,1.0
538,2,1501.0,562.0,95.0,199.0,1,1,1.0
539,2,1501.0,565.0,104.0,198.0,1,1,1.0
540,2,1502.0,568.0,112.0,198.0,1,1,1.0
541,2,1508.0,569.0,114.0,197.0,1,1,1.0
542,2,1520.0,570.0,110.0,197.0,1,1,1.0
543,2,1535.0,569.0,102.0,198.0,1,1,1.0
544,2,1553.0,569.0,90.0,199.0,1,1,1.0
545,2,1571.0,569.0,78.0,202.0,1,1,1.0
546,2,1577.0,570.0,76.0,206.0,1,1,1.0
547,2,1579.0,573.0,80.0,209.0,1,1,1.0
548,2,1580.0,575.0,89.0,208.0,1,1,1.0
549,2,1581.0,579.0,97.0,207.0,1,1,1.0
550,2,1581.0,582.0,103.0,206.0,1,1,1.0
551,2,1590.0,585.0,102.0,204.0,1,1,1.0
552,2,1602.0,585.0,99.0,204.0,1,1,1.0
553,2,1618.0,585.0,92.0,204.0,1,1,1.0
554,2,1635.0,584.0,84.0,205.0,1,1,1.0
555,2,1647.0,584.0,82.0,204.0,1,1,1.0
556,2,1651.0,585.0,85.0,204.0,1,1,1.0
557,2,1652.0,586.0,94.0,203.0,1,1,1.0
558,2,1653.0,590.0,101.0,202.0,1,1,1.0
559,2,1653.0,593.0,111.0,200.0,1,1,1.0
560,2,1652.0,597.0,119.0,199.0,1,1,1.0
