1,1,1478.0,285.0,116.0,391.0,1,1,1.0
2,1,1473.0,280.0,119.0,385.0,1,1,1.0
3,1,1468.0,275.0,123.0,388.0,1,1,1.0
4,1,1463.0,273.0,126.0,390.0,1,1,1.0
5,1,1456.0,271.0,134.0,391.0,1,1,1.0
6,1,1452.0,269.0,132.0,388.0,1,1,1.0
7,1,1446.0,266.0,129.0,385.0,1,1,1.0
8,1,1440.0,261.0,121.0,383.0,1,1,1.0
9,1,1436.0,255.0,111.0,376.0,1,1,1.0
10,1,1430.0,248.0,104.0,363.0,1,1,1.0
11,1,1423.0,241.0,102.0,353.0,1,1,1.0
12,1,1415.0,236.0,107.0,351.0,1,1,1.0
13,1,1401.0,232.0,119.0,353.0,1,1,1.0
14,1,1382.0,231.0,133.0,354.0,1,1,1.0
15,1,1366.0,230.0,143.0,353.0,1,1,1.0
16,1,1358.0,228.0,146.0,350.0,1,1,1.0
17,1,1356.0,224.0,142.0,350.0,1,1,1.0
18,1,1355.0,219.0,133.0,349.0,1,1,1.0
19,1,1355.0,213.0,117.0,340.0,1,1,1.0
20,1,1354.0,207.0,102.0,328.0,1,1,1.0
21,1,1349.0,203.0,95.0,323.0,1,1,1.0
22,1,1344.0,199.0,95.0,323.0,1,1,1.0
23,1,1335.0,198.0,100.0,323.0,1,1,1.0
24,1,1329.0,198.0,104.0,323.0,1,1,1.0
25,1,1324.0,197.0,108.0,320.0,1,1,1.0
26,1,1318.0,195.0,110.0,320.0,1,1,1.0
27,1,1310.0,191.0,110.0,317.0,1,1,1.0
28,1,1306.0,186.0,103.0,310.0,1,1,1.0
29,1,1299.0,181.0,96.0,300.0,1,1,1.0
30,1,1291.0,176.0,92.0,297.0,1,1,1.0
31,1,1283.0,174.0,96.0,297.0,1,1,1.0
32,1,1266.0,172.0,109.0,298.0,1,1,1.0
33,1,1248.0,172.0,123.0,297.0,1,1,1.0
34,1,1236.0,171.0,130.0,295.0,1,1,1.0
35,1,1230.0,170.0,131.0,293.0,1,1,1.0
36,1,1228.0,168.0,128.0,292.0,1,1,1.0
37,1,1228.0,164.0,116.0,288.0,1,1,1.0
38,1,1228.0,159.0,96.0,281.0,1,1,1.0
39,1,1227.0,155.0,89.0,274.0,1,1,1.0
40,1,1223.0,152.0,87.0,274.0,1,1,1.0
41,1,1216.0,150.0,82.0,275.0,1,1,1.0
42,1,1210.0,149.0,80.0,275.0,1,1,1.0
43,1,1205.0,150.0,79.0,272.0,1,1,1.0
44,1,1199.0,149.0,78.0,271.0,1,1,1.0
45,1,1195.0,148.0,81.0,270.0,1,1,1.0
46,1,1192.0,145.0,76.0,267.0,1,1,1.0
47,1,1189.0,141.0,72.0,261.0,1,1,1.0
48,1,1185.0,137.0,72.0,255.0,1,1,1.0
49,1,1180.0,134.0,75.0,254.0,1,1,1.0
50,1,1172.0,132.0,83.0,254.0,1,1,1.0
51,1,1166.0,132.0,88.0,254.0,1,1,1.0
52,1,1163.0,132.0,86.0,252.0,1,1,1.0
53,1,1160.0,133.0,85.0,249.0,1,1,1.0
54,1,1159.0,132.0,83.0,249.0,1,1,1.0
55,1,1155.0,129.0,83.0,247.0,1,1,1.0
56,1,1151.0,126.0,81.0,242.0,1,1,1.0
57,1,1148.0,123.0,74.0,237.0,1,1,1.0
58,1,1145.0,119.0,72.0,234.0,1,1,1.0
59,1,1142.0,117.0,73.0,235.0,1,1,1.0
60,1,1139.0,115.0,74.0,236.0,1,1,1.0
61,1,1134.0,115.0,78.0,235.0,1,1,1.0
62,1,1130.0,115.0,80.0,234.0,1,1,1.0
63,1,1128.0,114.0,79.0,233.0,1,1,1.0
64,1,1127.0,112.0,75.0,232.0,1,1,1.0
65,1,1125.0,109.0,71.0,228.0,1,1,1.0
66,1,1122.0,106.0,68.0,223.0,1,1,1.0
67,1,1118.0,103.0,67.0,223.0,1,1,1.0
68,1,1115.0,102.0,66.0,223.0,1,1,1.0
69,1,1112.0,101.0,66.0,223.0,1,1,1.0
70,1,1106.0,101.0,69.0,221.0,1,1,1.0
71,1,1103.0,101.0,70.0,220.0,1,1,1.0
72,1,1103.0,99.0,69.0,220.0,1,1,1.0
73,1,1101.0,99.0,68.0,218.0,1,1,1.0
74,1,1098.0,96.0,63.0,213.0,1,1,1.0
75,1,1096.0,93.0,61.0,209.0,1,1,1.0
76,1,1094.0,91.0,60.0,207.0,1,1,1.0
77,1,1092.0,90.0,61.0,207.0,1,1,1.0
78,1,1090.0,90.0,63.0,207.0,1,1,1.0
79,1,1088.0,91.0,65.0,206.0,1,1,1.0
80,1,1086.0,91.0,66.0,205.0,1,1,1.0
81,1,1084.0,90.0,67.0,204.0,1,1,1.0
82,1,1084.0,88.0,66.0,204.0,1,1,1.0
83,1,1083.0,86.0,64.0,200.0,1,1,1.0
84,1,1082.0,84.0,63.0,194.0,1,1,1.0
85,1,1080.0,81.0,60.0,193.0,1,1,1.0
86,1,1079.0,80.0,59.0,194.0,1,1,1.0
87,1,1076.0,80.0,60.0,194.0,1,1,1.0
88,1,1073.0,80.0,60.0,193.0,1,1,1.0
89,1,1070.0,81.0,59.0,192.0,1,1,1.0
90,1,1069.0,80.0,57.0,191.0,1,1,1.0
91,1,1067.0,79.0,58.0,190.0,1,1,1.0
92,1,1066.0,77.0,56.0,188.0,1,1,1.0
93,1,1063.0,74.0,56.0,185.0,1,1,1.0
94,1,1062.0,73.0,55.0,182.0,1,1,1.0
95,1,1060.0,72.0,56.0,181.0,1,1,1.0
96,1,1059.0,72.0,57.0,181.0,1,1,1.0
97,1,1059.0,73.0,58.0,180.0,1,1,1.0
98,1,1057.0,74.0,59.0,179.0,1,1,1.0
99,1,1057.0,75.0,55.0,177.0,1,1,1.0
100,1,1056.0,74.0,55.0,177.0,1,1,1.0
102,1,1052.0,70.0,59.0,172.0,1,1,1.0
103,1,1050.0,68.0,60.0,171.0,1,1,1.0
104,1,1048.0,67.0,59.0,170.0,1,1,1.0
105,1,1047.0,67.0,58.0,170.0,1,1,1.0
106,1,1046.0,67.0,56.0,170.0,1,1,1.0
107,1,1045.0,67.0,54.0,170.0,1,1,1.0
108,1,1043.0,67.0,53.0,169.0,1,1,1.0
109,1,1041.0,66.0,53.0,169.0,1,1,1.0
110,1,1039.0,66.0,52.0,168.0,1,1,1.0
111,1,1038.0,64.0,52.0,165.0,1,1,1.0
112,1,1036.0,63.0,52.0,163.0,1,1,1.0
113,1,1034.0,62.0,54.0,162.0,1,1,1.0
114,1,1030.0,61.0,57.0,161.0,1,1,1.0
115,1,1028.0,61.0,58.0,161.0,1,1,1.0
116,1,1027.0,62.0,58.0,161.0,1,1,1.0
117,1,1027.0,62.0,57.0,160.0,1,1,1.0
118,1,1026.0,62.0,57.0,159.0,1,1,1.0
119,1,1025.0,61.0,56.0,159.0,1,1,1.0
120,1,1023.0,60.0,56.0,156.0,1,1,1.0
121,1,1022.0,57.0,53.0,154.0,1,1,1.0
122,1,1020.0,56.0,52.0,154.0,1,1,1.0
123,1,1017.0,56.0,50.0,154.0,1,1,1.0
124,1,1016.0,56.0,48.0,154.0,1,1,1.0
125,1,1014.0,56.0,48.0,153.0,1,1,1.0
126,1,1012.0,57.0,47.0,152.0,1,1,1.0
127,1,1011.0,56.0,48.0,152.0,1,1,1.0
128,1,1008.0,55.0,50.0,151.0,1,1,1.0
129,1,1006.0,53.0,53.0,150.0,1,1,1.0
130,1,1003.0,51.0,49.0,149.0,1,1,1.0
131,1,1002.0,49.0,47.0,149.0,1,1,1.0
132,1,1001.0,48.0,47.0,149.0,1,1,1.0
133,1,1000.0,48.0,48.0,148.0,1,1,1.0
134,1,1000.0,48.0,49.0,148.0,1,1,1.0
135,1,999.0,48.0,49.0,148.0,1,1,1.0
136,1,999.0,48.0,48.0,148.0,1,1,1.0
137,1,998.0,48.0,47.0,147.0,1,1,1.0
138,1,998.0,48.0,46.0,143.0,1,1,1.0
139,1,997.0,47.0,46.0,142.0,1,1,1.0
140,1,996.0,46.0,47.0,142.0,1,1,1.0
141,1,994.0,45.0,47.0,142.0,1,1,1.0
142,1,993.0,45.0,47.0,142.0,1,1,1.0
143,1,992.0,45.0,46.0,142.0,1,1,1.0
144,1,991.0,46.0,45.0,141.0,1,1,1.0
145,1,991.0,46.0,44.0,140.0,1,1,1.0
146,1,990.0,46.0,43.0,140.0,1,1,1.0
147,1,989.0,44.0,43.0,138.0,1,1,1.0
148,1,988.0,43.0,42.0,137.0,1,1,1.0
149,1,986.0,42.0,42.0,137.0,1,1,1.0
150,1,985.0,41.0,42.0,137.0,1,1,1.0
151,1,984.0,41.0,43.0,137.0,1,1,1.0
152,1,983.0,41.0,44.0,137.0,1,1,1.0
153,1,981.0,42.0,45.0,136.0,1,1,1.0
154,1,980.0,42.0,45.0,135.0,1,1,1.0
156,1,979.0,41.0,42.0,132.0,1,1,1.0
157,1,978.0,41.0,43.0,130.0,1,1,1.0
158,1,977.0,39.0,42.0,131.0,1,1,1.0
159,1,976.0,38.0,42.0,131.0,1,1,1.0
160,1,975.0,38.0,41.0,131.0,1,1,1.0
161,1,974.0,38.0,40.0,131.0,1,1,1.0
162,1,973.0,38.0,40.0,131.0,1,1,1.0
163,1,972.0,39.0,39.0,129.0,1,1,1.0
164,1,971.0,39.0,40.0,129.0,1,1,1.0
165,1,970.0,38.0,38.0,128.0,1,1,1.0
166,1,969.0,37.0,38.0,126.0,1,1,1.0
167,1,967.0,36.0,38.0,126.0,1,1,1.0
168,1,967.0,34.0,37.0,126.0,1,1,1.0
169,1,966.0,34.0,37.0,126.0,1,1,1.0
170,1,965.0,34.0,39.0,126.0,1,1,1.0
171,1,964.0,34.0,41.0,126.0,1,1,1.0
172,1,963.0,35.0,42.0,125.0,1,1,1.0
173,1,962.0,35.0,42.0,124.0,1,1,1.0
174,1,962.0,35.0,42.0,124.0,1,1,1.0
175,1,962.0,34.0,42.0,122.0,1,1,1.0
176,1,961.0,33.0,42.0,121.0,1,1,1.0
177,1,960.0,30.0,43.0,123.0,1,1,1.0
178,1,960.0,30.0,44.0,123.0,1,1,1.0
181,1,954.0,30.0,43.0,123.0,1,1,1.0
185,1,951.0,28.0,40.0,119.0,1,1,1.0
187,1,950.0,27.0,38.0,118.0,1,1,1.0
188,1,949.0,28.0,39.0,117.0,1,1,1.0
189,1,948.0,29.0,39.0,116.0,1,1,1.0
190,1,946.0,30.0,39.0,116.0,1,1,1.0
191,1,945.0,30.0,38.0,115.0,1,1,1.0
192,1,944.0,30.0,37.0,115.0,1,1,1.0
193,1,943.0,29.0,37.0,114.0,1,1,1.0
194,1,942.0,28.0,37.0,113.0,1,1,1.0
195,1,941.0,27.0,37.0,113.0,1,1,1.0
196,1,939.0,26.0,37.0,113.0,1,1,1.0
197,1,938.0,27.0,37.0,113.0,1,1,1.0
198,1,937.0,27.0,37.0,112.0,1,1,1.0
199,1,935.0,28.0,38.0,112.0,1,1,1.0
200,1,934.0,28.0,39.0,112.0,1,1,1.0
202,1,932.0,27.0,39.0,111.0,1,1,1.0
203,1,931.0,26.0,39.0,109.0,1,1,1.0
204,1,931.0,26.0,37.0,109.0,1,1,1.0
205,1,930.0,25.0,36.0,109.0,1,1,1.0
206,1,930.0,25.0,37.0,109.0,1,1,1.0
207,1,929.0,25.0,38.0,108.0,1,1,1.0
208,1,929.0,25.0,38.0,108.0,1,1,1.0
209,1,928.0,26.0,39.0,107.0,1,1,1.0
210,1,928.0,26.0,39.0,107.0,1,1,1.0
211,1,928.0,25.0,39.0,107.0,1,1,1.0
212,1,928.0,24.0,38.0,106.0,1,1,1.0
213,1,928.0,25.0,38.0,103.0,1,1,1.0
214,1,928.0,26.0,37.0,101.0,1,1,1.0
215,1,928.0,28.0,37.0,99.0,1,1,1.0
216,1,927.0,29.0,37.0,98.0,1,1,1.0
217,1,927.0,30.0,37.0,96.0,1,1,1.0
218,1,927.0,30.0,37.0,97.0,1,1,1.0
219,1,927.0,31.0,37.0,96.0,1,1,1.0
220,1,927.0,29.0,37.0,98.0,1,1,1.0
221,1,927.0,29.0,37.0,97.0,1,1,1.0
224,1,927.0,31.0,36.0,92.0,1,1,1.0
225,1,928.0,32.0,36.0,90.0,1,1,1.0
231,1,934.0,21.0,30.0,97.0,1,1,1.0
232,1,935.0,22.0,30.0,95.0,1,1,1.0
241,1,943.0,17.0,36.0,94.0,1,1,1.0
242,1,943.0,17.0,36.0,95.0,1,1,1.0
243,1,944.0,17.0,35.0,95.0,1,1,1.0
246,1,947.0,16.0,35.0,96.0,1,1,1.0
248,1,950.0,18.0,29.0,94.0,1,1,1.0
264,2,972.0,16.0,32.0,89.0,1,1,1.0
265,2,973.0,17.0,36.0,88.0,1,1,1.0
266,2,974.0,17.0,38.0,88.0,1,1,1.0
267,2,975.0,16.0,38.0,88.0,1,1,1.0
268,2,976.0,16.0,37.0,88.0,1,1,1.0
269,2,979.0,17.0,35.0,86.0,1,1,1.0
270,2,983.0,16.0,33.0,86.0,1,1,1.0
271,2,988.0,16.0,31.0,86.0,1,1,1.0
272,2,995.0,15.0,29.0,86.0,1,1,1.0
273,2,999.0,14.0,30.0,87.0,1,1,1.0
274,2,1001.0,15.0,32.0,87.0,1,1,1.0
275,2,1002.0,15.0,34.0,86.0,1,1,1.0
276,2,1003.0,16.0,37.0,86.0,1,1,1.0
277,2,1004.0,17.0,39.0,85.0,1,1,1.0
278,2,1006.0,17.0,40.0,84.0,1,1,1.0
279,2,1009.0,16.0,38.0,85.0,1,1,1.0
280,2,1014.0,16.0,34.0,85.0,1,1,1.0
284,2,1024.0,16.0,37.0,84.0,1,1,1.0
285,2,1024.0,17.0,43.0,84.0,1,1,1.0
286,2,1025.0,17.0,47.0,84.0,1,1,1.0
293,2,1058.0,15.0,33.0,85.0,1,1,1.0
294,2,1060.0,15.0,39.0,85.0,1,1,1.0
295,2,1061.0,16.0,43.0,84.0,1,1,1.0
296,2,1061.0,17.0,46.0,84.0,1,1,1.0
297,2,1061.0,17.0,46.0,84.0,1,1,1.0
298,2,1065.0,16.0,46.0,84.0,1,1,1.0
299,2,1069.0,16.0,43.0,84.0,1,1,1.0
302,2,1088.0,15.0,31.0,85.0,1,1,1.0
303,2,1093.0,16.0,30.0,84.0,1,1,1.0
304,2,1094.0,16.0,31.0,84.0,1,1,1.0
305,2,1097.0,17.0,33.0,84.0,1,1,1.0
306,2,1098.0,18.0,37.0,83.0,1,1,1.0
307,2,1100.0,18.0,40.0,83.0,1,1,1.0
308,2,1101.0,19.0,42.0,84.0,1,1,1.0
309,2,1106.0,19.0,38.0,84.0,1,1,1.0
310,2,1113.0,19.0,33.0,84.0,1,1,1.0
311,2,1120.0,19.0,29.0,85.0,1,1,1.0
314,2,1128.0,19.0,36.0,85.0,1,1,1.0
315,2,1130.0,19.0,41.0,85.0,1,1,1.0
316,2,1131.0,20.0,45.0,85.0,1,1,1.0
317,2,1133.0,21.0,46.0,85.0,1,1,1.0
318,2,1136.0,22.0,45.0,85.0,1,1,1.0
319,2,1138.0,22.0,44.0,85.0,1,1,1.0
320,2,1144.0,22.0,39.0,85.0,1,1,1.0
321,2,1150.0,22.0,35.0,86.0,1,1,1.0
322,2,1156.0,21.0,32.0,87.0,1,1,1.0
323,2,1161.0,21.0,30.0,87.0,1,1,1.0
324,2,1165.0,23.0,30.0,86.0,1,1,1.0
325,2,1168.0,24.0,33.0,85.0,1,1,1.0
326,2,1170.0,25.0,35.0,85.0,1,1,1.0
327,2,1172.0,25.0,35.0,86.0,1,1,1.0
328,2,1176.0,25.0,34.0,87.0,1,1,1.0
338,2,1208.0,27.0,37.0,90.0,1,1,1.0
339,2,1216.0,27.0,33.0,91.0,1,1,1.0
340,2,1224.0,27.0,29.0,91.0,1,1,1.0
342,2,1230.0,29.0,30.0,90.0,1,1,1.0
343,2,1232.0,30.0,35.0,89.0,1,1,1.0
349,2,1256.0,30.0,31.0,92.0,1,1,1.0
350,2,1258.0,30.0,32.0,93.0,1,1,1.0
351,2,1260.0,31.0,37.0,92.0,1,1,1.0
352,2,1262.0,32.0,42.0,92.0,1,1,1.0
353,2,1263.0,33.0,45.0,93.0,1,1,1.0
354,2,1265.0,33.0,43.0,93.0,1,1,1.0
355,2,1266.0,34.0,42.0,93.0,1,1,1.0
356,2,1271.0,34.0,44.0,94.0,1,1,1.0
357,2,1278.0,33.0,45.0,94.0,1,1,1.0
358,2,1285.0,33.0,41.0,95.0,1,1,1.0
359,2,1288.0,34.0,40.0,94.0,1,1,1.0
362,2,1297.0,37.0,34.0,91.0,1,1,1.0
376,2,1347.0,42.0,30.0,98.0,1,1,1.0
377,2,1351.0,42.0,28.0,98.0,1,1,1.0
379,2,1357.0,44.0,37.0,100.0,1,1,1.0
380,2,1359.0,46.0,38.0,99.0,1,1,1.0
381,2,1361.0,48.0,39.0,98.0,1,1,1.0
382,2,1364.0,48.0,38.0,98.0,1,1,1.0
383,2,1368.0,48.0,36.0,99.0,1,1,1.0
385,2,1378.0,50.0,33.0,99.0,1,1,1.0
387,2,1383.0,52.0,38.0,97.0,1,1,1.0
389,2,1385.0,54.0,54.0,96.0,1,1,1.0
390,2,1388.0,54.0,55.0,97.0,1,1,1.0
391,2,1390.0,55.0,55.0,99.0,1,1,1.0
392,2,1393.0,54.0,52.0,100.0,1,1,1.0
393,2,1400.0,54.0,47.0,101.0,1,1,1.0
394,2,1408.0,55.0,39.0,101.0,1,1,1.0
395,2,1415.0,54.0,34.0,102.0,1,1,1.0
396,2,1420.0,55.0,34.0,101.0,1,1,1.0
397,2,1423.0,57.0,35.0,99.0,1,1,1.0
398,2,1426.0,57.0,36.0,100.0,1,1,1.0
399,2,1428.0,59.0,36.0,100.0,1,1,1.0
400,2,1431.0,60.0,36.0,100.0,1,1,1.0
401,2,1433.0,61.0,37.0,101.0,1,1,1.0
402,2,1435.0,62.0,37.0,100.0,1,1,1.0
403,2,1439.0,63.0,35.0,101.0,1,1,1.0
404,2,1442.0,63.0,35.0,101.0,1,1,1.0
405,2,1444.0,63.0,36.0,100.0,1,1,1.0
406,2,1447.0,64.0,38.0,99.0,1,1,1.0
407,2,1448.0,65.0,41.0,100.0,1,1,1.0
408,2,1450.0,66.0,43.0,101.0,1,1,1.0
409,2,1452.0,67.0,43.0,102.0,1,1,1.0
410,2,1453.0,68.0,42.0,103.0,1,1,1.0
411,2,1455.0,68.0,41.0,104.0,1,1,1.0
412,2,1456.0,68.0,41.0,104.0,1,1,1.0
413,2,1458.0,67.0,40.0,106.0,1,1,1.0
414,2,1461.0,67.0,39.0,107.0,1,1,1.0
415,2,1464.0,67.0,39.0,106.0,1,1,1.0
416,2,1466.0,68.0,38.0,105.0,1,1,1.0
418,2,1468.0,69.0,37.0,106.0,1,1,1.0
419,2,1470.0,70.0,35.0,107.0,1,1,1.0
422,2,1471.0,73.0,34.0,106.0,1,1,1.0
426,2,1470.0,75.0,37.0,103.0,1,1,1.0
427,2,1469.0,77.0,37.0,103.0,1,1,1.0
430,2,1467.0,78.0,40.0,105.0,1,1,1.0
431,2,1466.0,77.0,41.0,107.0,1,1,1.0
432,2,1465.0,76.0,41.0,108.0,1,1,1.0
433,2,1466.0,75.0,41.0,109.0,1,1,1.0
434,2,1465.0,74.0,41.0,110.0,1,1,1.0
435,2,1463.0,74.0,44.0,111.0,1,1,1.0
436,2,1461.0,74.0,46.0,111.0,1,1,1.0
437,2,1459.0,74.0,47.0,110.0,1,1,1.0
438,2,1455.0,75.0,48.0,110.0,1,1,1.0
439,2,1453.0,76.0,46.0,109.0,1,1,1.0
440,2,1453.0,77.0,43.0,109.0,1,1,1.0
441,2,1452.0,77.0,42.0,109.0,1,1,1.0
442,2,1450.0,77.0,41.0,109.0,1,1,1.0
443,2,1449.0,77.0,38.0,109.0,1,1,1.0
444,2,1445.0,76.0,38.0,109.0,1,1,1.0
445,2,1443.0,76.0,38.0,110.0,1,1,1.0
446,2,1440.0,75.0,39.0,111.0,1,1,1.0
447,2,1437.0,75.0,39.0,111.0,1,1,1.0
448,2,1432.0,75.0,41.0,112.0,1,1,1.0
449,2,1428.0,75.0,42.0,113.0,1,1,1.0
450,2,1424.0,75.0,45.0,114.0,1,1,1.0
451,2,1422.0,74.0,44.0,116.0,1,1,1.0
452,2,1419.0,72.0,45.0,118.0,1,1,1.0
453,2,1417.0,70.0,44.0,120.0,1,1,1.0
454,2,1415.0,69.0,47.0,121.0,1,1,1.0
455,2,1412.0,68.0,47.0,122.0,1,1,1.0
456,2,1405.0,68.0,51.0,122.0,1,1,1.0
457,2,1398.0,69.0,53.0,121.0,1,1,1.0
458,2,1393.0,71.0,53.0,121.0,1,1,1.0
459,2,1392.0,71.0,51.0,120.0,1,1,1.0
460,2,1391.0,71.0,49.0,121.0,1,1,1.0
461,2,1391.0,70.0,46.0,122.0,1,1,1.0
462,2,1389.0,69.0,41.0,123.0,1,1,1.0
463,2,1386.0,68.0,38.0,124.0,1,1,1.0
464,2,1383.0,67.0,37.0,124.0,1,1,1.0
465,2,1378.0,68.0,38.0,123.0,1,1,1.0
466,2,1374.0,70.0,40.0,123.0,1,1,1.0
467,2,1369.0,71.0,43.0,123.0,1,1,1.0
468,2,1366.0,71.0,42.0,124.0,1,1,1.0
469,2,1361.0,72.0,44.0,123.0,1,1,1.0
470,2,1359.0,71.0,43.0,125.0,1,1,1.0
471,2,1355.0,70.0,43.0,125.0,1,1,1.0
472,2,1350.0,70.0,46.0,125.0,1,1,1.0
473,2,1346.0,71.0,47.0,124.0,1,1,1.0
474,2,1339.0,71.0,53.0,124.0,1,1,1.0
475,2,1330.0,72.0,60.0,123.0,1,1,1.0
476,2,1325.0,73.0,63.0,123.0,1,1,1.0
477,2,1323.0,74.0,60.0,123.0,1,1,1.0
478,2,1322.0,75.0,55.0,123.0,1,1,1.0
479,2,1322.0,74.0,49.0,123.0,1,1,1.0
480,2,1321.0,74.0,43.0,124.0,1,1,1.0
481,2,1318.0,74.0,42.0,125.0,1,1,1.0
482,2,1311.0,73.0,45.0,126.0,1,1,1.0
483,2,1305.0,73.0,48.0,125.0,1,1,1.0
484,2,1302.0,74.0,46.0,126.0,1,1,1.0
485,2,1300.0,74.0,44.0,128.0,1,1,1.0
486,2,1299.0,75.0,42.0,128.0,1,1,1.0
487,2,1291.0,76.0,47.0,128.0,1,1,1.0
488,2,1288.0,74.0,46.0,130.0,1,1,1.0
490,2,1280.0,74.0,50.0,131.0,1,1,1.0
492,2,1268.0,75.0,61.0,129.0,1,1,1.0
498,2,1248.0,71.0,43.0,137.0,1,1,1.0
499,2,1242.0,70.0,45.0,138.0,1,1,1.0
500,2,1234.0,71.0,47.0,137.0,1,1,1.0
501,2,1222.0,72.0,55.0,137.0,1,1,1.0
502,2,1215.0,72.0,59.0,138.0,1,1,1.0
503,2,1210.0,73.0,62.0,139.0,1,1,1.0
504,2,1206.0,73.0,65.0,141.0,1,1,1.0
505,2,1200.0,73.0,66.0,141.0,1,1,1.0
506,2,1195.0,72.0,63.0,142.0,1,1,1.0
507,2,1192.0,70.0,58.0,144.0,1,1,1.0
508,2,1190.0,68.0,53.0,146.0,1,1,1.0
509,2,1186.0,64.0,51.0,150.0,1,1,1.0
510,2,1174.0,65.0,60.0,149.0,1,1,1.0
511,2,1162.0,65.0,69.0,149.0,1,1,1.0
512,2,1156.0,67.0,72.0,148.0,1,1,1.0
513,2,1153.0,67.0,72.0,149.0,1,1,1.0
514,2,1152.0,68.0,69.0,149.0,1,1,1.0
515,2,1151.0,66.0,62.0,151.0,1,1,1.0
516,2,1151.0,66.0,52.0,151.0,1,1,1.0
517,2,1146.0,64.0,49.0,153.0,1,1,1.0
518,2,1138.0,65.0,50.0,152.0,1,1,1.0
519,2,1130.0,65.0,53.0,153.0,1,1,1.0
520,2,1122.0,67.0,56.0,152.0,1,1,1.0
521,2,1115.0,69.0,61.0,153.0,1,1,1.0
522,2,1109.0,70.0,66.0,153.0,1,1,1.0
523,2,1104.0,69.0,68.0,155.0,1,1,1.0
524,2,1100.0,66.0,64.0,159.0,1,1,1.0
525,2,1097.0,68.0,57.0,157.0,1,1,1.0
526,2,1094.0,68.0,52.0,157.0,1,1,1.0
527,2,1090.0,68.0,55.0,157.0,1,1,1.0
528,2,1079.0,67.0,64.0,158.0,1,1,1.0
529,2,1065.0,67.0,76.0,159.0,1,1,1.0
530,2,1056.0,72.0,80.0,156.0,1,1,1.0
531,2,1051.0,72.0,80.0,157.0,1,1,1.0
532,2,1050.0,74.0,77.0,156.0,1,1,1.0
533,2,1049.0,74.0,69.0,156.0,1,1,1.0
534,2,1048.0,73.0,58.0,157.0,1,1,1.0
535,2,1041.0,71.0,53.0,159.0,1,1,1.0
536,2,1031.0,70.0,54.0,160.0,1,1,1.0
537,2,1021.0,69.0,58.0,161.0,1,1,1.0
538,2,1011.0,70.0,66.0,162.0,1,1,1.0
539,2,1002.0,72.0,73.0,163.0,1,1,1.0
540,2,994.0,74.0,80.0,165.0,1,1,1.0
541,2,987.0,75.0,84.0,166.0,1,1,1.0
542,2,981.0,74.0,81.0,167.0,1,1,1.0
543,2,979.0,72.0,72.0,170.0,1,1,1.0
544,2,978.0,70.0,59.0,172.0,1,1,1.0
545,2,974.0,68.0,55.0,174.0,1,1,1.0
546,2,966.0,68.0,62.0,174.0,1,1,1.0
547,2,949.0,69.0,78.0,173.0,1,1,1.0
548,2,934.0,71.0,89.0,174.0,1,1,1.0
549,2,926.0,73.0,93.0,174.0,1,1,1.0
550,2,922.0,76.0,92.0,175.0,1,1,1.0
551,2,921.0,77.0,86.0,174.0,1,1,1.0
552,2,921.0,77.0,76.0,175.0,1,1,1.0
553,2,919.0,77.0,67.0,175.0,1,1,1.0
554,2,909.0,77.0,66.0,175.0,1,1,1.0
555,2,896.0,77.0,69.0,177.0,1,1,1.0
556,2,888.0,77.0,68.0,178.0,1,1,1.0
557,2,874.0,78.0,78.0,180.0,1,1,1.0
558,2,865.0,80.0,85.0,182.0,1,1,1.0
559,2,857.0,82.0,89.0,183.0,1,1,1.0
560,2,854.0,84.0,85.0,183.0,1,1,1.0
561,2,855.0,84.0,72.0,184.0,1,1,1.0
562,2,850.0,83.0,58.0,185.0,1,1,1.0
563,2,842.0,82.0,61.0,186.0,1,1,1.0
564,2,832.0,83.0,67.0,185.0,1,1,1.0
565,2,814.0,84.0,81.0,185.0,1,1,1.0
566,2,796.0,86.0,95.0,186.0,1,1,1.0
567,2,785.0,88.0,101.0,188.0,1,1,1.0
568,2,781.0,91.0,101.0,188.0,1,1,1.0
569,2,779.0,93.0,94.0,187.0,1,1,1.0
570,2,779.0,93.0,82.0,187.0,1,1,1.0
571,2,776.0,93.0,68.0,187.0,1,1,1.0
572,2,766.0,93.0,59.0,187.0,1,1,1.0
573,2,752.0,94.0,63.0,187.0,1,1,1.0
574,2,739.0,96.0,73.0,189.0,1,1,1.0
575,2,725.0,98.0,85.0,190.0,1,1,1.0
576,2,713.0,102.0,95.0,191.0,1,1,1.0
577,2,704.0,105.0,102.0,191.0,1,1,1.0
578,2,696.0,106.0,103.0,191.0,1,1,1.0
579,2,690.0,106.0,96.0,192.0,1,1,1.0
580,2,687.0,104.0,82.0,194.0,1,1,1.0
581,2,685.0,102.0,70.0,196.0,1,1,1.0
582,2,679.0,101.0,67.0,197.0,1,1,1.0
583,2,662.0,101.0,80.0,198.0,1,1,1.0
584,2,644.0,103.0,96.0,199.0,1,1,1.0
585,2,632.0,105.0,105.0,200.0,1,1,1.0
586,2,627.0,107.0,108.0,202.0,1,1,1.0
587,2,626.0,108.0,101.0,202.0,1,1,1.0
588,2,624.0,108.0,89.0,202.0,1,1,1.0
589,2,621.0,109.0,75.0,202.0,1,1,1.0
590,2,613.0,110.0,61.0,201.0,1,1,1.0
591,2,602.0,111.0,61.0,203.0,1,1,1.0
592,2,587.0,112.0,73.0,205.0,1,1,1.0
593,2,568.0,115.0,90.0,206.0,1,1,1.0
594,2,555.0,119.0,102.0,206.0,1,1,1.0
595,2,547.0,122.0,108.0,207.0,1,1,1.0
596,2,541.0,125.0,107.0,207.0,1,1,1.0
597,2,537.0,125.0,99.0,207.0,1,1,1.0
598,2,533.0,123.0,83.0,210.0,1,1,1.0
599,2,529.0,125.0,69.0,207.0,1,1,1.0
600,2,518.0,128.0,73.0,204.0,1,1,1.0
601,2,503.0,131.0,82.0,202.0,1,1,1.0
602,2,479.0,134.0,101.0,203.0,1,1,1.0
603,2,462.0,139.0,114.0,202.0,1,1,1.0
604,2,452.0,143.0,122.0,203.0,1,1,1.0
610,2,413.0,147.0,76.0,210.0,1,1,1.0
611,2,400.0,149.0,85.0,211.0,1,1,1.0
612,2,384.0,153.0,99.0,211.0,1,1,1.0
614,2,365.0,163.0,115.0,209.0,1,1,1.0
615,2,360.0,167.0,115.0,210.0,1,1,1.0
616,2,357.0,169.0,106.0,210.0,1,1,1.0
617,2,352.0,169.0,94.0,211.0,1,1,1.0
618,2,344.0,168.0,82.0,212.0,1,1,1.0
619,2,336.0,168.0,70.0,212.0,1,1,1.0
620,2,326.0,169.0,71.0,211.0,1,1,1.0
