1,1,772.0,206.0,40.0,113.0,1,1,1.0
1,2,809.0,212.0,30.0,109.0,1,1,1.0
2,1,772.0,207.0,40.0,112.0,1,1,1.0
2,2,809.0,213.0,31.0,109.0,1,1,1.0
3,1,773.0,208.0,40.0,112.0,1,1,1.0
3,2,809.0,213.0,33.0,110.0,1,1,1.0
4,1,773.0,209.0,40.0,113.0,1,1,1.0
4,2,809.0,214.0,34.0,111.0,1,1,1.0
5,1,774.0,210.0,40.0,114.0,1,1,1.0
5,2,810.0,215.0,33.0,112.0,1,1,1.0
6,1,774.0,211.0,41.0,114.0,1,1,1.0
6,2,810.0,215.0,32.0,113.0,1,1,1.0
7,1,774.0,210.0,41.0,114.0,1,1,1.0
7,2,809.0,215.0,33.0,114.0,1,1,1.0
8,1,773.0,210.0,42.0,115.0,1,1,1.0
8,2,809.0,215.0,34.0,115.0,1,1,1.0
9,1,773.0,209.0,44.0,115.0,1,1,1.0
9,2,809.0,215.0,34.0,114.0,1,1,1.0
10,1,772.0,210.0,46.0,116.0,1,1,1.0
10,2,809.0,215.0,37.0,114.0,1,1,1.0
11,1,772.0,211.0,47.0,116.0,1,1,1.0
11,2,809.0,216.0,39.0,113.0,1,1,1.0
12,1,771.0,212.0,48.0,116.0,1,1,1.0
12,2,808.0,217.0,40.0,113.0,1,1,1.0
13,1,771.0,214.0,48.0,117.0,1,1,1.0
13,2,809.0,218.0,37.0,112.0,1,1,1.0
14,1,770.0,214.0,50.0,118.0,1,1,1.0
14,2,809.0,219.0,36.0,114.0,1,1,1.0
15,1,769.0,215.0,51.0,118.0,1,1,1.0
15,2,810.0,220.0,35.0,115.0,1,1,1.0
16,1,769.0,215.0,51.0,119.0,1,1,1.0
16,2,811.0,221.0,33.0,116.0,1,1,1.0
17,1,769.0,214.0,50.0,119.0,1,1,1.0
17,2,812.0,221.0,33.0,116.0,1,1,1.0
18,1,770.0,214.0,48.0,119.0,1,1,1.0
18,2,811.0,221.0,33.0,117.0,1,1,1.0
19,1,771.0,214.0,46.0,119.0,1,1,1.0
19,2,811.0,221.0,34.0,117.0,1,1,1.0
20,1,772.0,215.0,45.0,119.0,1,1,1.0
20,2,810.0,222.0,35.0,116.0,1,1,1.0
21,1,774.0,216.0,44.0,118.0,1,1,1.0
21,2,809.0,222.0,37.0,115.0,1,1,1.0
22,1,775.0,217.0,42.0,117.0,1,1,1.0
22,2,808.0,224.0,38.0,115.0,1,1,1.0
23,1,776.0,219.0,41.0,117.0,1,1,1.0
23,2,809.0,225.0,37.0,115.0,1,1,1.0
24,1,777.0,220.0,40.0,120.0,1,1,1.0
24,2,810.0,226.0,36.0,115.0,1,1,1.0
25,1,777.0,220.0,41.0,121.0,1,1,1.0
25,2,811.0,227.0,36.0,115.0,1,1,1.0
26,1,777.0,221.0,42.0,122.0,1,1,1.0
26,2,812.0,228.0,36.0,118.0,1,1,1.0
27,1,776.0,221.0,44.0,122.0,1,1,1.0
27,2,811.0,228.0,37.0,118.0,1,1,1.0
28,1,774.0,221.0,46.0,122.0,1,1,1.0
28,2,812.0,228.0,38.0,119.0,1,1,1.0
29,1,772.0,221.0,48.0,122.0,1,1,1.0
29,2,812.0,229.0,38.0,119.0,1,1,1.0
30,1,769.0,222.0,51.0,122.0,1,1,1.0
30,2,812.0,229.0,38.0,118.0,1,1,1.0
31,1,767.0,224.0,53.0,122.0,1,1,1.0
31,2,811.0,230.0,40.0,117.0,1,1,1.0
32,1,765.0,226.0,56.0,123.0,1,1,1.0
32,2,811.0,232.0,41.0,117.0,1,1,1.0
33,1,763.0,226.0,57.0,124.0,1,1,1.0
33,2,811.0,234.0,41.0,116.0,1,1,1.0
34,1,763.0,227.0,57.0,125.0,1,1,1.0
34,2,811.0,235.0,40.0,117.0,1,1,1.0
35,1,763.0,227.0,57.0,126.0,1,1,1.0
35,2,812.0,237.0,39.0,118.0,1,1,1.0
36,1,764.0,226.0,56.0,126.0,1,1,1.0
36,2,812.0,237.0,39.0,119.0,1,1,1.0
37,1,765.0,226.0,54.0,127.0,1,1,1.0
37,2,811.0,237.0,39.0,120.0,1,1,1.0
38,1,767.0,226.0,51.0,127.0,1,1,1.0
38,2,811.0,237.0,38.0,121.0,1,1,1.0
39,1,770.0,227.0,49.0,127.0,1,1,1.0
39,2,812.0,237.0,37.0,121.0,1,1,1.0
40,1,772.0,228.0,47.0,127.0,1,1,1.0
40,2,812.0,237.0,37.0,120.0,1,1,1.0
41,1,774.0,230.0,46.0,128.0,1,1,1.0
41,2,812.0,238.0,36.0,121.0,1,1,1.0
42,1,775.0,231.0,45.0,130.0,1,1,1.0
42,2,813.0,238.0,36.0,122.0,1,1,1.0
43,1,776.0,232.0,44.0,130.0,1,1,1.0
43,2,812.0,239.0,37.0,122.0,1,1,1.0
44,1,776.0,232.0,44.0,130.0,1,1,1.0
44,2,812.0,240.0,38.0,123.0,1,1,1.0
45,1,775.0,233.0,46.0,131.0,1,1,1.0
45,2,812.0,241.0,38.0,125.0,1,1,1.0
46,1,773.0,233.0,48.0,130.0,1,1,1.0
46,2,812.0,242.0,39.0,127.0,1,1,1.0
47,1,770.0,232.0,51.0,130.0,1,1,1.0
47,2,811.0,242.0,41.0,128.0,1,1,1.0
48,1,767.0,233.0,55.0,131.0,1,1,1.0
48,2,811.0,242.0,41.0,129.0,1,1,1.0
49,1,765.0,235.0,57.0,131.0,1,1,1.0
49,2,813.0,242.0,41.0,129.0,1,1,1.0
50,1,763.0,236.0,59.0,131.0,1,1,1.0
50,2,814.0,242.0,40.0,129.0,1,1,1.0
51,1,762.0,238.0,61.0,133.0,1,1,1.0
51,2,814.0,242.0,40.0,129.0,1,1,1.0
52,1,762.0,238.0,62.0,134.0,1,1,1.0
52,2,815.0,243.0,40.0,130.0,1,1,1.0
53,1,762.0,238.0,63.0,135.0,1,1,1.0
53,2,812.0,245.0,43.0,129.0,1,1,1.0
54,1,763.0,238.0,61.0,135.0,1,1,1.0
54,2,811.0,247.0,44.0,130.0,1,1,1.0
55,1,764.0,238.0,59.0,136.0,1,1,1.0
55,2,811.0,248.0,44.0,132.0,1,1,1.0
56,1,766.0,238.0,57.0,136.0,1,1,1.0
56,2,812.0,248.0,42.0,133.0,1,1,1.0
57,1,767.0,238.0,55.0,136.0,1,1,1.0
57,2,814.0,248.0,40.0,134.0,1,1,1.0
58,1,769.0,241.0,53.0,134.0,1,1,1.0
58,2,815.0,248.0,39.0,134.0,1,1,1.0
59,1,770.0,243.0,52.0,134.0,1,1,1.0
59,2,815.0,248.0,41.0,134.0,1,1,1.0
60,1,771.0,246.0,52.0,134.0,1,1,1.0
60,2,815.0,249.0,41.0,133.0,1,1,1.0
61,1,772.0,247.0,52.0,137.0,1,1,1.0
61,2,816.0,249.0,42.0,134.0,1,1,1.0
62,1,772.0,248.0,52.0,138.0,1,1,1.0
62,2,817.0,250.0,41.0,136.0,1,1,1.0
63,1,772.0,249.0,52.0,138.0,1,1,1.0
63,2,818.0,252.0,41.0,135.0,1,1,1.0
64,1,772.0,249.0,53.0,138.0,1,1,1.0
64,2,820.0,254.0,42.0,136.0,1,1,1.0
65,1,772.0,249.0,54.0,137.0,1,1,1.0
65,2,820.0,255.0,43.0,138.0,1,1,1.0
66,1,772.0,248.0,55.0,138.0,1,1,1.0
66,2,819.0,255.0,46.0,138.0,1,1,1.0
67,1,771.0,249.0,55.0,139.0,1,1,1.0
67,2,819.0,255.0,46.0,139.0,1,1,1.0
68,1,770.0,250.0,56.0,141.0,1,1,1.0
68,2,819.0,255.0,46.0,139.0,1,1,1.0
69,1,770.0,251.0,58.0,142.0,1,1,1.0
69,2,821.0,255.0,44.0,139.0,1,1,1.0
70,1,769.0,254.0,60.0,142.0,1,1,1.0
70,2,821.0,257.0,43.0,138.0,1,1,1.0
71,1,768.0,256.0,61.0,143.0,1,1,1.0
71,2,822.0,259.0,42.0,139.0,1,1,1.0
72,1,767.0,257.0,62.0,143.0,1,1,1.0
72,2,821.0,260.0,43.0,139.0,1,1,1.0
73,1,768.0,256.0,61.0,144.0,1,1,1.0
73,2,819.0,262.0,44.0,140.0,1,1,1.0
74,1,769.0,256.0,59.0,145.0,1,1,1.0
74,2,819.0,263.0,44.0,141.0,1,1,1.0
75,1,771.0,254.0,56.0,146.0,1,1,1.0
75,2,819.0,264.0,44.0,142.0,1,1,1.0
76,1,773.0,254.0,53.0,147.0,1,1,1.0
76,2,819.0,265.0,43.0,143.0,1,1,1.0
77,1,775.0,255.0,51.0,147.0,1,1,1.0
77,2,820.0,265.0,43.0,143.0,1,1,1.0
78,1,776.0,257.0,51.0,148.0,1,1,1.0
78,2,820.0,265.0,43.0,143.0,1,1,1.0
79,1,777.0,259.0,50.0,148.0,1,1,1.0
79,2,820.0,266.0,43.0,142.0,1,1,1.0
80,1,777.0,261.0,51.0,149.0,1,1,1.0
80,2,820.0,268.0,44.0,142.0,1,1,1.0
81,1,777.0,262.0,51.0,151.0,1,1,1.0
81,2,821.0,270.0,43.0,142.0,1,1,1.0
82,1,777.0,263.0,51.0,151.0,1,1,1.0
82,2,822.0,272.0,43.0,143.0,1,1,1.0
83,1,777.0,263.0,51.0,151.0,1,1,1.0
83,2,821.0,274.0,44.0,143.0,1,1,1.0
84,1,776.0,264.0,53.0,151.0,1,1,1.0
84,2,821.0,275.0,46.0,145.0,1,1,1.0
85,1,774.0,264.0,55.0,151.0,1,1,1.0
85,2,821.0,276.0,46.0,148.0,1,1,1.0
86,1,770.0,264.0,59.0,151.0,1,1,1.0
86,2,821.0,276.0,45.0,149.0,1,1,1.0
87,1,768.0,265.0,62.0,154.0,1,1,1.0
87,2,821.0,276.0,45.0,149.0,1,1,1.0
88,1,765.0,267.0,65.0,155.0,1,1,1.0
88,2,820.0,276.0,46.0,149.0,1,1,1.0
89,1,763.0,270.0,68.0,156.0,1,1,1.0
89,2,818.0,277.0,51.0,148.0,1,1,1.0
90,1,762.0,272.0,68.0,157.0,1,1,1.0
90,2,818.0,279.0,51.0,147.0,1,1,1.0
91,1,761.0,273.0,69.0,157.0,1,1,1.0
91,2,817.0,280.0,51.0,149.0,1,1,1.0
92,1,762.0,273.0,67.0,157.0,1,1,1.0
92,2,819.0,282.0,49.0,150.0,1,1,1.0
93,1,762.0,273.0,66.0,157.0,1,1,1.0
93,2,819.0,284.0,49.0,150.0,1,1,1.0
94,1,763.0,272.0,64.0,158.0,1,1,1.0
94,2,818.0,285.0,50.0,152.0,1,1,1.0
95,1,766.0,272.0,61.0,158.0,1,1,1.0
95,2,818.0,286.0,49.0,153.0,1,1,1.0
96,1,768.0,272.0,58.0,160.0,1,1,1.0
96,2,818.0,286.0,49.0,154.0,1,1,1.0
97,1,769.0,274.0,57.0,161.0,1,1,1.0
97,2,817.0,286.0,49.0,154.0,1,1,1.0
98,1,769.0,276.0,57.0,161.0,1,1,1.0
98,2,815.0,286.0,51.0,154.0,1,1,1.0
99,1,770.0,279.0,57.0,163.0,1,1,1.0
99,2,817.0,287.0,49.0,153.0,1,1,1.0
100,1,770.0,281.0,57.0,165.0,1,1,1.0
100,2,819.0,287.0,47.0,156.0,1,1,1.0
101,1,770.0,283.0,58.0,165.0,1,1,1.0
101,2,819.0,289.0,48.0,157.0,1,1,1.0
102,1,768.0,283.0,59.0,165.0,1,1,1.0
102,2,821.0,292.0,47.0,157.0,1,1,1.0
103,1,765.0,283.0,62.0,165.0,1,1,1.0
103,2,820.0,293.0,48.0,159.0,1,1,1.0
104,1,763.0,283.0,64.0,165.0,1,1,1.0
104,2,818.0,294.0,50.0,161.0,1,1,1.0
105,1,760.0,283.0,67.0,165.0,1,1,1.0
105,2,817.0,295.0,51.0,162.0,1,1,1.0
106,1,758.0,284.0,69.0,165.0,1,1,1.0
106,2,820.0,295.0,49.0,163.0,1,1,1.0
107,1,755.0,286.0,72.0,164.0,1,1,1.0
107,2,822.0,296.0,52.0,162.0,1,1,1.0
108,1,752.0,288.0,75.0,166.0,1,1,1.0
108,2,821.0,297.0,54.0,161.0,1,1,1.0
109,1,750.0,291.0,77.0,168.0,1,1,1.0
109,2,822.0,299.0,54.0,160.0,1,1,1.0
110,1,749.0,294.0,78.0,172.0,1,1,1.0
110,2,821.0,301.0,56.0,163.0,1,1,1.0
111,1,749.0,296.0,77.0,172.0,1,1,1.0
111,2,821.0,303.0,56.0,163.0,1,1,1.0
112,1,749.0,296.0,76.0,172.0,1,1,1.0
112,2,820.0,305.0,57.0,164.0,1,1,1.0
113,1,747.0,296.0,76.0,173.0,1,1,1.0
113,2,818.0,307.0,59.0,167.0,1,1,1.0
114,1,747.0,296.0,75.0,173.0,1,1,1.0
114,2,819.0,309.0,58.0,168.0,1,1,1.0
115,1,749.0,295.0,72.0,174.0,1,1,1.0
115,2,819.0,309.0,58.0,169.0,1,1,1.0
116,1,752.0,296.0,69.0,173.0,1,1,1.0
116,2,819.0,310.0,58.0,169.0,1,1,1.0
117,1,755.0,298.0,67.0,173.0,1,1,1.0
117,2,817.0,310.0,60.0,169.0,1,1,1.0
118,1,757.0,301.0,65.0,176.0,1,1,1.0
118,2,819.0,311.0,59.0,167.0,1,1,1.0
119,1,758.0,303.0,65.0,178.0,1,1,1.0
119,2,819.0,313.0,58.0,167.0,1,1,1.0
120,1,759.0,306.0,64.0,181.0,1,1,1.0
120,2,820.0,316.0,58.0,168.0,1,1,1.0
121,1,759.0,307.0,64.0,181.0,1,1,1.0
121,2,822.0,319.0,57.0,169.0,1,1,1.0
122,1,759.0,308.0,64.0,181.0,1,1,1.0
122,2,823.0,321.0,57.0,170.0,1,1,1.0
123,1,759.0,309.0,64.0,180.0,1,1,1.0
123,2,823.0,323.0,58.0,172.0,1,1,1.0
124,1,757.0,309.0,66.0,180.0,1,1,1.0
124,2,823.0,323.0,57.0,174.0,1,1,1.0
125,1,755.0,310.0,69.0,179.0,1,1,1.0
125,2,824.0,324.0,57.0,174.0,1,1,1.0
126,1,752.0,311.0,72.0,180.0,1,1,1.0
126,2,824.0,325.0,57.0,173.0,1,1,1.0
127,1,751.0,314.0,75.0,182.0,1,1,1.0
127,2,824.0,327.0,56.0,172.0,1,1,1.0
128,1,750.0,318.0,77.0,184.0,1,1,1.0
128,2,824.0,328.0,56.0,170.0,1,1,1.0
129,1,749.0,321.0,78.0,187.0,1,1,1.0
129,2,823.0,330.0,57.0,173.0,1,1,1.0
130,1,749.0,323.0,78.0,189.0,1,1,1.0
130,2,820.0,332.0,58.0,175.0,1,1,1.0
131,1,749.0,325.0,78.0,189.0,1,1,1.0
131,2,820.0,334.0,57.0,178.0,1,1,1.0
132,1,749.0,326.0,78.0,188.0,1,1,1.0
132,2,819.0,336.0,57.0,180.0,1,1,1.0
133,1,751.0,327.0,75.0,188.0,1,1,1.0
133,2,820.0,338.0,55.0,183.0,1,1,1.0
134,1,754.0,327.0,72.0,187.0,1,1,1.0
134,2,818.0,340.0,55.0,184.0,1,1,1.0
135,1,757.0,327.0,69.0,187.0,1,1,1.0
135,2,818.0,340.0,56.0,184.0,1,1,1.0
136,1,759.0,328.0,66.0,189.0,1,1,1.0
136,2,815.0,341.0,59.0,184.0,1,1,1.0
137,1,762.0,331.0,66.0,192.0,1,1,1.0
137,2,815.0,342.0,59.0,183.0,1,1,1.0
138,1,762.0,335.0,66.0,192.0,1,1,1.0
138,2,817.0,343.0,58.0,183.0,1,1,1.0
139,1,763.0,340.0,65.0,192.0,1,1,1.0
139,2,817.0,345.0,61.0,187.0,1,1,1.0
140,1,764.0,343.0,66.0,194.0,1,1,1.0
140,2,816.0,348.0,63.0,188.0,1,1,1.0
141,1,764.0,346.0,67.0,194.0,1,1,1.0
141,2,818.0,351.0,64.0,189.0,1,1,1.0
142,1,764.0,346.0,68.0,194.0,1,1,1.0
142,2,818.0,353.0,64.0,190.0,1,1,1.0
143,1,761.0,346.0,70.0,194.0,1,1,1.0
143,2,819.0,355.0,65.0,194.0,1,1,1.0
144,1,758.0,346.0,73.0,194.0,1,1,1.0
144,2,818.0,356.0,68.0,196.0,1,1,1.0
145,1,754.0,346.0,78.0,195.0,1,1,1.0
145,2,818.0,357.0,69.0,195.0,1,1,1.0
146,1,750.0,348.0,82.0,200.0,1,1,1.0
146,2,816.0,359.0,72.0,194.0,1,1,1.0
147,1,747.0,351.0,85.0,204.0,1,1,1.0
147,2,816.0,361.0,73.0,192.0,1,1,1.0
148,1,745.0,355.0,87.0,204.0,1,1,1.0
148,2,815.0,363.0,74.0,191.0,1,1,1.0
149,1,744.0,359.0,88.0,206.0,1,1,1.0
149,2,814.0,365.0,75.0,195.0,1,1,1.0
150,1,743.0,362.0,89.0,208.0,1,1,1.0
150,2,814.0,368.0,75.0,197.0,1,1,1.0
151,1,743.0,364.0,89.0,208.0,1,1,1.0
151,2,816.0,371.0,74.0,198.0,1,1,1.0
152,1,742.0,365.0,89.0,207.0,1,1,1.0
152,2,820.0,374.0,70.0,203.0,1,1,1.0
153,1,742.0,365.0,88.0,208.0,1,1,1.0
153,2,823.0,376.0,67.0,207.0,1,1,1.0
154,1,745.0,365.0,86.0,207.0,1,1,1.0
154,2,825.0,377.0,64.0,208.0,1,1,1.0
155,1,748.0,366.0,82.0,207.0,1,1,1.0
155,2,827.0,379.0,64.0,207.0,1,1,1.0
156,1,751.0,369.0,79.0,211.0,1,1,1.0
156,2,827.0,380.0,65.0,206.0,1,1,1.0
157,1,754.0,372.0,76.0,215.0,1,1,1.0
157,2,827.0,381.0,67.0,204.0,1,1,1.0
158,1,755.0,375.0,74.0,217.0,1,1,1.0
158,2,827.0,384.0,70.0,207.0,1,1,1.0
159,1,756.0,379.0,74.0,220.0,1,1,1.0
159,2,825.0,386.0,74.0,212.0,1,1,1.0
160,1,756.0,382.0,75.0,221.0,1,1,1.0
160,2,827.0,389.0,74.0,212.0,1,1,1.0
161,1,755.0,384.0,76.0,221.0,1,1,1.0
161,2,827.0,392.0,75.0,214.0,1,1,1.0
162,1,753.0,385.0,79.0,221.0,1,1,1.0
162,2,824.0,395.0,77.0,217.0,1,1,1.0
163,1,750.0,386.0,82.0,220.0,1,1,1.0
163,2,824.0,397.0,78.0,220.0,1,1,1.0
164,1,747.0,386.0,86.0,220.0,1,1,1.0
164,2,826.0,398.0,76.0,220.0,1,1,1.0
165,1,743.0,387.0,90.0,226.0,1,1,1.0
165,2,827.0,400.0,75.0,219.0,1,1,1.0
166,1,739.0,390.0,95.0,233.0,1,1,1.0
166,2,829.0,402.0,73.0,216.0,1,1,1.0
167,1,737.0,395.0,97.0,235.0,1,1,1.0
167,2,828.0,404.0,73.0,216.0,1,1,1.0
168,1,732.0,399.0,101.0,239.0,1,1,1.0
168,2,826.0,408.0,73.0,221.0,1,1,1.0
169,1,730.0,402.0,104.0,239.0,1,1,1.0
169,2,827.0,412.0,72.0,225.0,1,1,1.0
170,1,729.0,405.0,104.0,238.0,1,1,1.0
170,2,826.0,415.0,72.0,226.0,1,1,1.0
171,1,728.0,406.0,104.0,237.0,1,1,1.0
171,2,827.0,419.0,71.0,230.0,1,1,1.0
172,1,731.0,407.0,101.0,237.0,1,1,1.0
172,2,827.0,422.0,70.0,233.0,1,1,1.0
173,1,736.0,407.0,95.0,236.0,1,1,1.0
173,2,827.0,425.0,70.0,232.0,1,1,1.0
174,1,742.0,408.0,88.0,234.0,1,1,1.0
174,2,827.0,427.0,70.0,231.0,1,1,1.0
175,1,748.0,411.0,82.0,240.0,1,1,1.0
175,2,827.0,429.0,70.0,229.0,1,1,1.0
176,1,750.0,415.0,81.0,245.0,1,1,1.0
176,2,827.0,431.0,71.0,226.0,1,1,1.0
177,1,752.0,420.0,80.0,247.0,1,1,1.0
177,2,827.0,435.0,73.0,230.0,1,1,1.0
178,1,753.0,425.0,80.0,251.0,1,1,1.0
178,2,822.0,438.0,80.0,235.0,1,1,1.0
179,1,755.0,428.0,79.0,251.0,1,1,1.0
179,2,822.0,442.0,83.0,237.0,1,1,1.0
180,1,756.0,431.0,80.0,250.0,1,1,1.0
180,2,826.0,446.0,79.0,239.0,1,1,1.0
181,1,756.0,432.0,81.0,249.0,1,1,1.0
181,2,826.0,449.0,81.0,242.0,1,1,1.0
182,1,752.0,433.0,86.0,248.0,1,1,1.0
182,2,821.0,452.0,86.0,248.0,1,1,1.0
183,1,747.0,434.0,92.0,247.0,1,1,1.0
183,2,821.0,454.0,89.0,248.0,1,1,1.0
184,1,741.0,437.0,99.0,250.0,1,1,1.0
184,2,825.0,456.0,87.0,248.0,1,1,1.0
185,1,735.0,441.0,106.0,258.0,1,1,1.0
185,2,828.0,458.0,85.0,246.0,1,1,1.0
186,1,730.0,446.0,112.0,263.0,1,1,1.0
186,2,831.0,460.0,82.0,244.0,1,1,1.0
187,1,728.0,452.0,114.0,265.0,1,1,1.0
187,2,824.0,463.0,88.0,248.0,1,1,1.0
188,1,728.0,456.0,114.0,270.0,1,1,1.0
188,2,828.0,467.0,83.0,255.0,1,1,1.0
189,1,727.0,460.0,115.0,270.0,1,1,1.0
189,2,828.0,471.0,83.0,257.0,1,1,1.0
190,1,728.0,462.0,114.0,269.0,1,1,1.0
190,2,827.0,475.0,83.0,261.0,1,1,1.0
191,1,727.0,465.0,115.0,267.0,1,1,1.0
191,2,831.0,479.0,79.0,267.0,1,1,1.0
192,1,733.0,466.0,110.0,265.0,1,1,1.0
192,2,827.0,482.0,83.0,268.0,1,1,1.0
193,1,739.0,467.0,103.0,263.0,1,1,1.0
193,2,824.0,485.0,87.0,267.0,1,1,1.0
194,1,745.0,470.0,97.0,264.0,1,1,1.0
194,2,826.0,488.0,86.0,264.0,1,1,1.0
195,1,749.0,474.0,94.0,272.0,1,1,1.0
195,2,830.0,491.0,84.0,261.0,1,1,1.0
196,1,752.0,478.0,92.0,278.0,1,1,1.0
196,2,834.0,494.0,83.0,258.0,1,1,1.0
197,1,753.0,483.0,92.0,281.0,1,1,1.0
197,2,835.0,498.0,85.0,267.0,1,1,1.0
198,1,755.0,489.0,92.0,286.0,1,1,1.0
198,2,836.0,503.0,91.0,272.0,1,1,1.0
199,1,756.0,493.0,93.0,286.0,1,1,1.0
199,2,838.0,507.0,94.0,275.0,1,1,1.0
200,1,755.0,497.0,95.0,284.0,1,1,1.0
200,2,840.0,512.0,94.0,279.0,1,1,1.0
201,1,751.0,500.0,100.0,281.0,1,1,1.0
201,2,844.0,517.0,93.0,283.0,1,1,1.0
202,1,746.0,502.0,106.0,279.0,1,1,1.0
202,2,844.0,519.0,95.0,283.0,1,1,1.0
203,1,741.0,504.0,114.0,277.0,1,1,1.0
203,2,847.0,523.0,95.0,281.0,1,1,1.0
204,1,736.0,508.0,120.0,284.0,1,1,1.0
204,2,850.0,526.0,94.0,278.0,1,1,1.0
205,1,732.0,514.0,125.0,294.0,1,1,1.0
205,2,851.0,529.0,94.0,275.0,1,1,1.0
206,1,731.0,520.0,126.0,300.0,1,1,1.0
206,2,852.0,534.0,93.0,273.0,1,1,1.0
207,1,732.0,527.0,127.0,303.0,1,1,1.0
207,2,851.0,539.0,94.0,283.0,1,1,1.0
208,1,729.0,532.0,131.0,304.0,1,1,1.0
208,2,848.0,544.0,95.0,291.0,1,1,1.0
209,1,727.0,536.0,133.0,301.0,1,1,1.0
209,2,848.0,550.0,93.0,295.0,1,1,1.0
210,1,726.0,539.0,135.0,299.0,1,1,1.0
210,2,844.0,555.0,96.0,300.0,1,1,1.0
211,1,728.0,541.0,133.0,297.0,1,1,1.0
211,2,841.0,560.0,99.0,303.0,1,1,1.0
212,1,733.0,544.0,127.0,294.0,1,1,1.0
212,2,841.0,564.0,99.0,302.0,1,1,1.0
213,1,739.0,548.0,118.0,289.0,1,1,1.0
213,2,835.0,568.0,106.0,299.0,1,1,1.0
214,1,744.0,550.0,116.0,300.0,1,1,1.0
214,2,840.0,571.0,103.0,296.0,1,1,1.0
215,1,748.0,556.0,114.0,310.0,1,1,1.0
215,2,839.0,575.0,106.0,291.0,1,1,1.0
216,1,751.0,562.0,113.0,317.0,1,1,1.0
216,2,848.0,581.0,101.0,295.0,1,1,1.0
217,1,754.0,570.0,111.0,320.0,1,1,1.0
217,2,851.0,587.0,102.0,307.0,1,1,1.0
218,1,755.0,577.0,111.0,322.0,1,1,1.0
218,2,855.0,594.0,103.0,313.0,1,1,1.0
219,1,756.0,582.0,113.0,320.0,1,1,1.0
219,2,854.0,601.0,108.0,316.0,1,1,1.0
220,1,755.0,585.0,116.0,317.0,1,1,1.0
220,2,852.0,607.0,113.0,322.0,1,1,1.0
221,1,751.0,589.0,122.0,314.0,1,1,1.0
221,2,859.0,611.0,109.0,324.0,1,1,1.0
222,1,746.0,593.0,128.0,310.0,1,1,1.0
222,2,862.0,615.0,109.0,321.0,1,1,1.0
223,1,741.0,596.0,135.0,316.0,1,1,1.0
223,2,865.0,620.0,108.0,318.0,1,1,1.0
224,1,734.0,602.0,143.0,332.0,1,1,1.0
224,2,869.0,625.0,107.0,312.0,1,1,1.0
225,1,730.0,610.0,149.0,342.0,1,1,1.0
225,2,868.0,631.0,110.0,306.0,1,1,1.0
226,1,728.0,619.0,152.0,347.0,1,1,1.0
226,2,864.0,638.0,116.0,312.0,1,1,1.0
227,1,726.0,628.0,155.0,350.0,1,1,1.0
227,2,852.0,646.0,128.0,324.0,1,1,1.0
228,1,726.0,636.0,157.0,346.0,1,1,1.0
228,2,853.0,655.0,128.0,332.0,1,1,1.0
229,1,727.0,641.0,156.0,342.0,1,1,1.0
229,2,859.0,663.0,122.0,337.0,1,1,1.0
230,1,726.0,646.0,158.0,336.0,1,1,1.0
230,2,869.0,671.0,112.0,342.0,1,1,1.0
231,1,730.0,649.0,154.0,333.0,1,1,1.0
231,2,873.0,678.0,109.0,341.0,1,1,1.0
232,1,737.0,653.0,148.0,329.0,1,1,1.0
232,2,878.0,684.0,106.0,337.0,1,1,1.0
233,1,743.0,659.0,143.0,335.0,1,1,1.0
233,2,879.0,689.0,107.0,332.0,1,1,1.0
234,1,748.0,666.0,140.0,350.0,1,1,1.0
234,2,879.0,695.0,111.0,325.0,1,1,1.0
235,1,752.0,674.0,138.0,361.0,1,1,1.0
235,2,879.0,702.0,114.0,320.0,1,1,1.0
236,1,754.0,683.0,138.0,367.0,1,1,1.0
236,2,869.0,711.0,130.0,334.0,1,1,1.0
237,1,756.0,692.0,139.0,371.0,1,1,1.0
237,2,877.0,720.0,128.0,348.0,1,1,1.0
238,1,757.0,700.0,139.0,368.0,1,1,1.0
238,2,884.0,729.0,126.0,349.0,1,1,1.0
239,1,759.0,706.0,139.0,363.0,1,1,1.0
239,2,889.0,739.0,126.0,343.0,1,1,1.0
240,1,758.0,712.0,142.0,358.0,1,1,1.0
240,2,892.0,747.0,126.0,336.0,1,1,1.0
241,1,753.0,716.0,149.0,353.0,1,1,1.0
241,2,897.0,754.0,122.0,329.0,1,1,1.0
242,1,748.0,722.0,157.0,352.0,1,1,1.0
242,2,900.0,761.0,122.0,321.0,1,1,1.0
243,1,741.0,730.0,167.0,349.0,1,1,1.0
243,2,904.0,768.0,121.0,314.0,1,1,1.0
244,1,732.0,740.0,178.0,341.0,1,1,1.0
244,2,906.0,776.0,123.0,305.0,1,1,1.0
245,1,727.0,752.0,184.0,329.0,1,1,1.0
245,2,906.0,785.0,124.0,296.0,1,1,1.0
246,1,725.0,764.0,188.0,317.0,1,1,1.0
246,2,906.0,795.0,124.0,286.0,1,1,1.0
247,1,722.0,776.0,191.0,305.0,1,1,1.0
247,2,905.0,806.0,125.0,274.0,1,1,1.0
248,1,724.0,786.0,189.0,295.0,1,1,1.0
248,2,905.0,818.0,125.0,262.0,1,1,1.0
249,1,724.0,793.0,189.0,287.0,1,1,1.0
249,2,905.0,828.0,124.0,252.0,1,1,1.0
250,1,728.0,799.0,184.0,280.0,1,1,1.0
250,2,906.0,837.0,122.0,242.0,1,1,1.0
251,1,735.0,805.0,176.0,275.0,1,1,1.0
251,2,908.0,845.0,119.0,234.0,1,1,1.0
252,1,743.0,811.0,168.0,268.0,1,1,1.0
252,2,909.0,854.0,118.0,225.0,1,1,1.0
253,1,748.0,820.0,163.0,260.0,1,1,1.0
253,2,910.0,862.0,118.0,217.0,1,1,1.0
254,1,752.0,830.0,159.0,250.0,1,1,1.0
254,2,907.0,873.0,122.0,206.0,1,1,1.0
255,1,753.0,842.0,157.0,237.0,1,1,1.0
255,2,905.0,885.0,126.0,193.0,1,1,1.0
256,1,754.0,856.0,156.0,223.0,1,1,1.0
256,2,905.0,898.0,128.0,181.0,1,1,1.0
257,1,755.0,868.0,156.0,211.0,1,1,1.0
257,2,904.0,912.0,132.0,167.0,1,1,1.0
258,1,754.0,879.0,157.0,200.0,1,1,1.0
258,2,904.0,925.0,135.0,154.0,1,1,1.0
259,1,752.0,889.0,160.0,190.0,1,1,1.0
259,2,908.0,938.0,133.0,141.0,1,1,1.0
260,1,749.0,897.0,163.0,182.0,1,1,1.0
260,2,909.0,949.0,135.0,130.0,1,1,1.0
261,1,743.0,903.0,168.0,176.0,1,1,1.0
261,2,912.0,960.0,133.0,119.0,1,1,1.0
262,1,737.0,911.0,173.0,168.0,1,1,1.0
262,2,914.0,971.0,131.0,108.0,1,1,1.0
263,1,731.0,919.0,177.0,159.0,1,1,1.0
263,2,914.0,984.0,129.0,95.0,1,1,1.0
264,1,725.0,932.0,180.0,146.0,1,1,1.0
264,2,913.0,998.0,127.0,81.0,1,1,1.0
265,1,722.0,948.0,179.0,131.0,1,1,1.0
265,2,912.0,1011.0,123.0,68.0,1,1,1.0
266,1,722.0,965.0,171.0,114.0,1,1,1.0
266,2,911.0,1026.0,110.0,53.0,1,1,1.0
267,1,720.0,980.0,162.0,99.0,1,1,1.0
268,1,716.0,992.0,152.0,87.0,1,1,1.0
270,1,705.0,1007.0,129.0,73.0,1,1,1.0
271,1,700.0,1012.0,114.0,68.0,1,1,1.0
446,3,0.0,510.0,51.0,225.0,1,1,1.0
447,3,0.0,499.0,55.0,233.0,1,1,1.0
448,3,0.0,490.0,58.0,234.0,1,1,1.0
449,3,0.0,486.0,60.0,230.0,1,1,1.0
450,3,0.0,482.0,62.0,224.0,1,1,1.0
451,3,0.0,477.0,69.0,224.0,1,1,1.0
452,3,1.0,475.0,83.0,225.0,1,1,1.0
453,3,7.0,475.0,94.0,225.0,1,1,1.0
454,3,14.0,473.0,98.0,226.0,1,1,1.0
455,3,21.0,473.0,96.0,224.0,1,1,1.0
456,3,28.0,471.0,91.0,224.0,1,1,1.0
457,3,35.0,468.0,84.0,222.0,1,1,1.0
458,3,41.0,465.0,79.0,218.0,1,1,1.0
459,3,46.0,461.0,73.0,218.0,1,1,1.0
460,3,52.0,458.0,72.0,220.0,1,1,1.0
461,3,58.0,457.0,76.0,221.0,1,1,1.0
462,3,66.0,456.0,79.0,222.0,1,1,1.0
463,3,72.0,457.0,84.0,222.0,1,1,1.0
464,3,80.0,456.0,84.0,222.0,1,1,1.0
465,3,91.0,454.0,81.0,223.0,1,1,1.0
466,3,99.0,450.0,75.0,220.0,1,1,1.0
468,3,112.0,444.0,64.0,213.0,1,1,1.0
469,3,120.0,441.0,63.0,211.0,1,1,1.0
470,3,126.0,439.0,76.0,211.0,1,1,1.0
471,3,134.0,439.0,88.0,211.0,1,1,1.0
472,3,140.0,439.0,96.0,211.0,1,1,1.0
473,3,144.0,439.0,100.0,211.0,1,1,1.0
474,3,147.0,437.0,99.0,212.0,1,1,1.0
475,3,153.0,435.0,94.0,210.0,1,1,1.0
476,3,161.0,432.0,86.0,210.0,1,1,1.0
477,3,174.0,428.0,73.0,207.0,1,1,1.0
478,3,183.0,425.0,64.0,209.0,1,1,1.0
479,3,190.0,422.0,67.0,211.0,1,1,1.0
480,3,197.0,421.0,72.0,213.0,1,1,1.0
481,3,203.0,420.0,79.0,214.0,1,1,1.0
482,3,210.0,419.0,85.0,214.0,1,1,1.0
483,3,215.0,419.0,89.0,214.0,1,1,1.0
484,3,219.0,418.0,91.0,215.0,1,1,1.0
485,3,233.0,412.0,79.0,214.0,1,1,1.0
486,3,245.0,408.0,66.0,211.0,1,1,1.0
487,3,254.0,405.0,61.0,210.0,1,1,1.0
488,3,262.0,403.0,63.0,209.0,1,1,1.0
489,3,267.0,402.0,75.0,208.0,1,1,1.0
490,3,273.0,402.0,87.0,208.0,1,1,1.0
491,3,277.0,401.0,96.0,209.0,1,1,1.0
492,3,280.0,400.0,100.0,208.0,1,1,1.0
493,3,285.0,399.0,98.0,208.0,1,1,1.0
494,3,292.0,397.0,91.0,206.0,1,1,1.0
495,3,304.0,394.0,79.0,203.0,1,1,1.0
496,3,316.0,390.0,67.0,203.0,1,1,1.0
497,3,324.0,387.0,67.0,205.0,1,1,1.0
498,3,332.0,385.0,70.0,206.0,1,1,1.0
499,3,339.0,384.0,77.0,208.0,1,1,1.0
500,3,346.0,384.0,83.0,208.0,1,1,1.0
501,3,350.0,383.0,90.0,209.0,1,1,1.0
502,3,354.0,382.0,93.0,209.0,1,1,1.0
503,3,360.0,379.0,93.0,209.0,1,1,1.0
504,3,370.0,376.0,85.0,208.0,1,1,1.0
505,3,386.0,371.0,69.0,204.0,1,1,1.0
506,3,396.0,369.0,63.0,200.0,1,1,1.0
507,3,403.0,368.0,72.0,199.0,1,1,1.0
508,3,407.0,368.0,84.0,198.0,1,1,1.0
509,3,409.0,368.0,93.0,197.0,1,1,1.0
510,3,412.0,368.0,97.0,197.0,1,1,1.0
511,3,415.0,366.0,96.0,196.0,1,1,1.0
512,3,423.0,365.0,88.0,195.0,1,1,1.0
513,3,436.0,362.0,74.0,194.0,1,1,1.0
514,3,450.0,359.0,62.0,196.0,1,1,1.0
515,3,460.0,356.0,63.0,198.0,1,1,1.0
516,3,467.0,355.0,70.0,199.0,1,1,1.0
517,3,473.0,355.0,74.0,200.0,1,1,1.0
518,3,478.0,354.0,79.0,200.0,1,1,1.0
519,3,481.0,354.0,85.0,201.0,1,1,1.0
520,3,483.0,354.0,89.0,200.0,1,1,1.0
521,3,489.0,354.0,88.0,199.0,1,1,1.0
522,3,499.0,349.0,80.0,200.0,1,1,1.0
523,3,510.0,343.0,69.0,199.0,1,1,1.0
524,3,518.0,341.0,62.0,196.0,1,1,1.0
525,3,528.0,341.0,66.0,193.0,1,1,1.0
527,3,535.0,343.0,91.0,190.0,1,1,1.0
528,3,538.0,344.0,95.0,188.0,1,1,1.0
529,3,542.0,344.0,93.0,187.0,1,1,1.0
530,3,548.0,342.0,87.0,187.0,1,1,1.0
531,3,558.0,339.0,78.0,186.0,1,1,1.0
532,3,570.0,336.0,67.0,187.0,1,1,1.0
533,3,582.0,331.0,64.0,192.0,1,1,1.0
534,3,589.0,331.0,67.0,191.0,1,1,1.0
535,3,595.0,331.0,71.0,192.0,1,1,1.0
536,3,600.0,331.0,76.0,192.0,1,1,1.0
537,3,604.0,331.0,81.0,192.0,1,1,1.0
538,3,606.0,327.0,85.0,196.0,1,1,1.0
539,3,609.0,324.0,86.0,197.0,1,1,1.0
540,3,617.0,322.0,83.0,198.0,1,1,1.0
541,3,626.0,319.0,76.0,197.0,1,1,1.0
543,3,643.0,318.0,60.0,189.0,1,1,1.0
544,3,650.0,320.0,55.0,184.0,1,1,1.0
545,3,650.0,314.0,56.0,173.0,1,1,1.0
546,3,651.0,312.0,63.0,177.0,1,1,1.0
549,3,669.0,315.0,71.0,180.0,1,1,1.0
550,3,680.0,315.0,67.0,179.0,1,1,1.0
551,3,692.0,312.0,60.0,180.0,1,1,1.0
552,3,703.0,310.0,58.0,181.0,1,1,1.0
553,3,709.0,309.0,64.0,182.0,1,1,1.0
554,3,715.0,309.0,68.0,182.0,1,1,1.0
555,3,717.0,310.0,76.0,182.0,1,1,1.0
556,3,719.0,311.0,81.0,181.0,1,1,1.0
557,3,722.0,311.0,84.0,181.0,1,1,1.0
558,3,727.0,310.0,83.0,181.0,1,1,1.0
559,3,734.0,308.0,78.0,180.0,1,1,1.0
559,4,712.0,301.0,65.0,166.0,1,1,1.0
560,3,744.0,305.0,68.0,178.0,1,1,1.0
560,4,715.0,300.0,58.0,168.0,1,1,1.0
561,3,750.0,303.0,60.0,175.0,1,1,1.0
561,4,721.0,298.0,55.0,169.0,1,1,1.0
562,3,759.0,301.0,52.0,175.0,1,1,1.0
562,4,730.0,296.0,49.0,168.0,1,1,1.0
563,3,764.0,301.0,51.0,174.0,1,1,1.0
563,4,740.0,293.0,45.0,165.0,1,1,1.0
564,3,767.0,301.0,64.0,173.0,1,1,1.0
564,4,751.0,293.0,40.0,160.0,1,1,1.0
565,3,769.0,303.0,76.0,170.0,1,1,1.0
565,4,759.0,293.0,53.0,160.0,1,1,1.0
566,3,770.0,303.0,80.0,169.0,1,1,1.0
566,4,763.0,294.0,60.0,161.0,1,1,1.0
567,3,775.0,302.0,77.0,169.0,1,1,1.0
567,4,765.0,294.0,56.0,160.0,1,1,1.0
568,3,781.0,300.0,72.0,169.0,1,1,1.0
568,4,766.0,294.0,63.0,157.0,1,1,1.0
569,3,791.0,299.0,65.0,169.0,1,1,1.0
569,4,768.0,294.0,62.0,159.0,1,1,1.0
570,3,803.0,297.0,58.0,170.0,1,1,1.0
570,4,773.0,293.0,59.0,162.0,1,1,1.0
571,3,812.0,296.0,56.0,171.0,1,1,1.0
571,4,780.0,292.0,56.0,158.0,1,1,1.0
572,3,819.0,296.0,58.0,171.0,1,1,1.0
572,4,791.0,291.0,50.0,156.0,1,1,1.0
573,3,823.0,295.0,62.0,172.0,1,1,1.0
574,3,826.0,296.0,67.0,171.0,1,1,1.0
574,4,813.0,288.0,39.0,162.0,1,1,1.0
575,3,828.0,296.0,74.0,171.0,1,1,1.0
576,3,832.0,296.0,75.0,171.0,1,1,1.0
576,4,819.0,288.0,42.0,160.0,1,1,1.0
577,3,839.0,295.0,72.0,170.0,1,1,1.0
577,4,820.0,288.0,47.0,158.0,1,1,1.0
578,3,848.0,293.0,59.0,167.0,1,1,1.0
578,4,821.0,289.0,50.0,158.0,1,1,1.0
579,3,854.0,292.0,52.0,166.0,1,1,1.0
579,4,822.0,288.0,53.0,159.0,1,1,1.0
580,3,858.0,290.0,50.0,166.0,1,1,1.0
580,4,826.0,287.0,54.0,159.0,1,1,1.0
581,3,864.0,289.0,51.0,166.0,1,1,1.0
581,4,833.0,286.0,51.0,159.0,1,1,1.0
582,3,866.0,289.0,61.0,165.0,1,1,1.0
582,4,843.0,285.0,47.0,156.0,1,1,1.0
583,3,864.0,290.0,70.0,164.0,1,1,1.0
584,3,865.0,291.0,73.0,162.0,1,1,1.0
584,4,858.0,284.0,42.0,154.0,1,1,1.0
585,3,874.0,290.0,66.0,161.0,1,1,1.0
585,4,865.0,284.0,49.0,153.0,1,1,1.0
586,3,883.0,289.0,62.0,161.0,1,1,1.0
586,4,868.0,284.0,47.0,153.0,1,1,1.0
587,3,892.0,288.0,57.0,161.0,1,1,1.0
587,4,871.0,284.0,47.0,152.0,1,1,1.0
588,3,901.0,287.0,54.0,162.0,1,1,1.0
588,4,872.0,284.0,50.0,152.0,1,1,1.0
589,3,910.0,286.0,54.0,162.0,1,1,1.0
589,4,874.0,283.0,53.0,153.0,1,1,1.0
590,3,914.0,287.0,56.0,162.0,1,1,1.0
590,4,881.0,282.0,51.0,150.0,1,1,1.0
591,3,916.0,287.0,60.0,161.0,1,1,1.0
591,4,888.0,281.0,48.0,148.0,1,1,1.0
592,3,918.0,287.0,64.0,160.0,1,1,1.0
592,4,897.0,279.0,43.0,148.0,1,1,1.0
593,3,921.0,287.0,65.0,160.0,1,1,1.0
593,4,906.0,278.0,38.0,149.0,1,1,1.0
594,3,927.0,287.0,61.0,158.0,1,1,1.0
594,4,911.0,278.0,37.0,149.0,1,1,1.0
595,3,935.0,285.0,54.0,156.0,1,1,1.0
595,4,911.0,278.0,41.0,150.0,1,1,1.0
596,3,940.0,283.0,50.0,157.0,1,1,1.0
596,4,911.0,277.0,44.0,150.0,1,1,1.0
597,3,945.0,282.0,46.0,158.0,1,1,1.0
597,4,913.0,277.0,44.0,150.0,1,1,1.0
598,3,947.0,282.0,47.0,157.0,1,1,1.0
598,4,916.0,277.0,45.0,150.0,1,1,1.0
599,3,948.0,283.0,55.0,155.0,1,1,1.0
599,4,919.0,276.0,46.0,150.0,1,1,1.0
600,3,949.0,283.0,61.0,155.0,1,1,1.0
600,4,925.0,276.0,45.0,149.0,1,1,1.0
601,3,949.0,284.0,65.0,154.0,1,1,1.0
601,4,932.0,274.0,41.0,149.0,1,1,1.0
602,3,951.0,284.0,63.0,153.0,1,1,1.0
602,4,938.0,274.0,38.0,157.0,1,1,1.0
603,3,954.0,284.0,62.0,152.0,1,1,1.0
603,4,942.0,274.0,37.0,151.0,1,1,1.0
604,3,960.0,282.0,60.0,152.0,1,1,1.0
604,4,945.0,273.0,37.0,147.0,1,1,1.0
605,3,975.0,280.0,55.0,153.0,1,1,1.0
605,4,948.0,274.0,44.0,145.0,1,1,1.0
606,3,984.0,279.0,54.0,153.0,1,1,1.0
606,4,950.0,274.0,47.0,143.0,1,1,1.0
607,3,988.0,279.0,54.0,154.0,1,1,1.0
607,4,951.0,274.0,50.0,141.0,1,1,1.0
608,3,991.0,279.0,56.0,153.0,1,1,1.0
608,4,951.0,273.0,53.0,142.0,1,1,1.0
609,3,991.0,280.0,61.0,153.0,1,1,1.0
609,4,953.0,273.0,55.0,141.0,1,1,1.0
610,3,993.0,281.0,62.0,152.0,1,1,1.0
611,3,996.0,280.0,62.0,152.0,1,1,1.0
611,4,964.0,271.0,53.0,141.0,1,1,1.0
612,3,1003.0,279.0,58.0,150.0,1,1,1.0
612,4,973.0,270.0,46.0,141.0,1,1,1.0
613,3,1008.0,278.0,54.0,146.0,1,1,1.0
613,4,983.0,270.0,38.0,141.0,1,1,1.0
614,3,1014.0,275.0,49.0,148.0,1,1,1.0
614,4,986.0,270.0,38.0,141.0,1,1,1.0
615,3,1016.0,273.0,47.0,149.0,1,1,1.0
615,4,987.0,269.0,41.0,142.0,1,1,1.0
616,4,988.0,271.0,44.0,140.0,1,1,1.0
617,3,1020.0,273.0,52.0,149.0,1,1,1.0
617,4,989.0,271.0,45.0,140.0,1,1,1.0
618,3,1020.0,273.0,57.0,148.0,1,1,1.0
618,4,990.0,271.0,49.0,140.0,1,1,1.0
619,3,1020.0,275.0,62.0,146.0,1,1,1.0
619,4,993.0,270.0,48.0,140.0,1,1,1.0
620,3,1021.0,275.0,69.0,146.0,1,1,1.0
620,4,1000.0,270.0,44.0,138.0,1,1,1.0
621,3,1025.0,274.0,68.0,145.0,1,1,1.0
622,3,1030.0,274.0,63.0,145.0,1,1,1.0
622,4,1011.0,268.0,46.0,136.0,1,1,1.0
623,3,1037.0,272.0,58.0,145.0,1,1,1.0
623,4,1013.0,268.0,46.0,135.0,1,1,1.0
624,3,1045.0,271.0,53.0,146.0,1,1,1.0
624,4,1015.0,268.0,49.0,135.0,1,1,1.0
625,3,1054.0,271.0,54.0,147.0,1,1,1.0
625,4,1016.0,268.0,53.0,134.0,1,1,1.0
626,3,1059.0,271.0,52.0,145.0,1,1,1.0
626,4,1018.0,269.0,56.0,133.0,1,1,1.0
627,3,1061.0,272.0,53.0,145.0,1,1,1.0
627,4,1021.0,269.0,56.0,133.0,1,1,1.0
628,3,1064.0,272.0,55.0,144.0,1,1,1.0
628,4,1026.0,268.0,56.0,133.0,1,1,1.0
629,3,1068.0,272.0,53.0,141.0,1,1,1.0
629,4,1032.0,267.0,54.0,133.0,1,1,1.0
630,3,1073.0,272.0,50.0,139.0,1,1,1.0
630,4,1040.0,266.0,48.0,133.0,1,1,1.0
631,3,1077.0,271.0,47.0,139.0,1,1,1.0
631,4,1049.0,265.0,43.0,133.0,1,1,1.0
632,3,1081.0,269.0,45.0,140.0,1,1,1.0
632,4,1058.0,265.0,37.0,133.0,1,1,1.0
633,3,1084.0,268.0,43.0,141.0,1,1,1.0
633,4,1062.0,265.0,37.0,133.0,1,1,1.0
634,3,1085.0,268.0,44.0,141.0,1,1,1.0
634,4,1063.0,265.0,39.0,133.0,1,1,1.0
635,3,1086.0,268.0,49.0,140.0,1,1,1.0
635,4,1064.0,266.0,46.0,133.0,1,1,1.0
636,3,1085.0,269.0,56.0,139.0,1,1,1.0
636,4,1064.0,266.0,48.0,132.0,1,1,1.0
637,3,1087.0,270.0,57.0,139.0,1,1,1.0
637,4,1066.0,266.0,49.0,133.0,1,1,1.0
638,3,1088.0,270.0,56.0,138.0,1,1,1.0
638,4,1069.0,265.0,48.0,133.0,1,1,1.0
639,3,1091.0,270.0,56.0,137.0,1,1,1.0
639,4,1075.0,265.0,46.0,133.0,1,1,1.0
640,3,1096.0,269.0,54.0,136.0,1,1,1.0
640,4,1082.0,264.0,42.0,131.0,1,1,1.0
641,3,1103.0,268.0,51.0,137.0,1,1,1.0
641,4,1084.0,264.0,42.0,131.0,1,1,1.0
642,3,1111.0,266.0,48.0,138.0,1,1,1.0
642,4,1085.0,263.0,44.0,129.0,1,1,1.0
643,3,1116.0,266.0,48.0,139.0,1,1,1.0
643,4,1086.0,264.0,46.0,129.0,1,1,1.0
644,3,1121.0,266.0,47.0,139.0,1,1,1.0
644,4,1089.0,264.0,47.0,128.0,1,1,1.0
645,3,1124.0,267.0,49.0,138.0,1,1,1.0
645,4,1094.0,264.0,48.0,127.0,1,1,1.0
646,3,1126.0,267.0,51.0,136.0,1,1,1.0
646,4,1097.0,264.0,48.0,127.0,1,1,1.0
647,3,1130.0,267.0,50.0,135.0,1,1,1.0
647,4,1099.0,264.0,50.0,128.0,1,1,1.0
648,3,1133.0,266.0,48.0,133.0,1,1,1.0
648,4,1102.0,263.0,50.0,130.0,1,1,1.0
649,3,1137.0,265.0,46.0,133.0,1,1,1.0
649,4,1107.0,263.0,47.0,126.0,1,1,1.0
650,3,1140.0,265.0,44.0,134.0,1,1,1.0
650,4,1114.0,262.0,44.0,125.0,1,1,1.0
651,3,1143.0,265.0,42.0,134.0,1,1,1.0
651,4,1122.0,261.0,39.0,124.0,1,1,1.0
652,3,1144.0,265.0,43.0,134.0,1,1,1.0
652,4,1128.0,261.0,35.0,124.0,1,1,1.0
653,3,1144.0,265.0,46.0,134.0,1,1,1.0
653,4,1130.0,261.0,36.0,125.0,1,1,1.0
654,3,1144.0,265.0,49.0,134.0,1,1,1.0
654,4,1131.0,262.0,39.0,125.0,1,1,1.0
655,3,1146.0,265.0,48.0,133.0,1,1,1.0
655,4,1132.0,262.0,42.0,124.0,1,1,1.0
656,3,1148.0,265.0,49.0,133.0,1,1,1.0
656,4,1132.0,262.0,44.0,124.0,1,1,1.0
657,3,1150.0,264.0,50.0,132.0,1,1,1.0
657,4,1133.0,262.0,45.0,124.0,1,1,1.0
658,3,1156.0,263.0,48.0,132.0,1,1,1.0
658,4,1135.0,261.0,46.0,126.0,1,1,1.0
659,3,1163.0,263.0,45.0,132.0,1,1,1.0
659,4,1139.0,259.0,44.0,128.0,1,1,1.0
660,3,1169.0,262.0,43.0,132.0,1,1,1.0
660,4,1145.0,259.0,40.0,124.0,1,1,1.0
