1,1,1259.0,861.0,116.0,217.0,1,1,1.0
1,2,1133.0,896.0,160.0,183.0,1,1,1.0
2,1,1255.0,862.0,116.0,216.0,1,1,1.0
2,2,1130.0,891.0,160.0,188.0,1,1,1.0
3,1,1250.0,857.0,117.0,221.0,1,1,1.0
3,2,1128.0,886.0,161.0,192.0,1,1,1.0
4,1,1247.0,856.0,117.0,222.0,1,1,1.0
4,2,1125.0,882.0,159.0,196.0,1,1,1.0
5,1,1242.0,855.0,117.0,223.0,1,1,1.0
5,2,1122.0,878.0,157.0,200.0,1,1,1.0
6,1,1237.0,854.0,117.0,224.0,1,1,1.0
6,2,1119.0,875.0,157.0,203.0,1,1,1.0
7,1,1233.0,850.0,116.0,228.0,1,1,1.0
7,2,1114.0,873.0,156.0,206.0,1,1,1.0
8,1,1227.0,846.0,118.0,232.0,1,1,1.0
8,2,1105.0,869.0,159.0,210.0,1,1,1.0
9,1,1223.0,841.0,118.0,238.0,1,1,1.0
9,2,1095.0,861.0,165.0,217.0,1,1,1.0
10,1,1217.0,832.0,121.0,246.0,1,1,1.0
10,2,1087.0,853.0,168.0,225.0,1,1,1.0
11,1,1213.0,827.0,122.0,252.0,1,1,1.0
12,1,1210.0,825.0,121.0,253.0,1,1,1.0
12,2,1077.0,849.0,168.0,229.0,1,1,1.0
13,1,1205.0,819.0,120.0,259.0,1,1,1.0
13,2,1073.0,845.0,168.0,233.0,1,1,1.0
14,1,1202.0,815.0,117.0,264.0,1,1,1.0
14,2,1070.0,840.0,167.0,237.0,1,1,1.0
15,1,1197.0,815.0,115.0,264.0,1,1,1.0
15,2,1067.0,837.0,165.0,241.0,1,1,1.0
16,1,1193.0,815.0,111.0,263.0,1,1,1.0
16,2,1067.0,833.0,162.0,245.0,1,1,1.0
17,1,1190.0,811.0,107.0,267.0,1,1,1.0
17,2,1066.0,830.0,160.0,247.0,1,1,1.0
18,1,1187.0,805.0,103.0,273.0,1,1,1.0
18,2,1065.0,828.0,155.0,250.0,1,1,1.0
19,1,1182.0,800.0,101.0,279.0,1,1,1.0
19,2,1063.0,826.0,154.0,252.0,1,1,1.0
20,1,1178.0,794.0,100.0,285.0,1,1,1.0
20,2,1060.0,824.0,152.0,254.0,1,1,1.0
21,1,1174.0,788.0,99.0,291.0,1,1,1.0
21,2,1055.0,820.0,152.0,258.0,1,1,1.0
22,1,1167.0,783.0,100.0,296.0,1,1,1.0
22,2,1050.0,816.0,150.0,262.0,1,1,1.0
23,1,1158.0,779.0,105.0,300.0,1,1,1.0
23,2,1045.0,810.0,150.0,268.0,1,1,1.0
24,1,1148.0,777.0,110.0,302.0,1,1,1.0
24,2,1039.0,805.0,151.0,273.0,1,1,1.0
25,1,1141.0,776.0,112.0,303.0,1,1,1.0
25,2,1033.0,801.0,149.0,277.0,1,1,1.0
26,1,1140.0,775.0,107.0,304.0,1,1,1.0
26,2,1030.0,797.0,149.0,281.0,1,1,1.0
27,1,1141.0,772.0,102.0,306.0,1,1,1.0
27,2,1027.0,794.0,146.0,284.0,1,1,1.0
28,1,1138.0,768.0,101.0,309.0,1,1,1.0
28,2,1024.0,791.0,145.0,287.0,1,1,1.0
29,1,1134.0,765.0,102.0,313.0,1,1,1.0
29,2,1021.0,785.0,142.0,293.0,1,1,1.0
30,1,1129.0,760.0,104.0,315.0,1,1,1.0
30,2,1018.0,780.0,141.0,298.0,1,1,1.0
31,1,1124.0,756.0,107.0,318.0,1,1,1.0
31,2,1013.0,782.0,141.0,297.0,1,1,1.0
32,1,1119.0,753.0,114.0,322.0,1,1,1.0
32,2,1008.0,781.0,141.0,297.0,1,1,1.0
33,1,1115.0,751.0,121.0,323.0,1,1,1.0
33,2,1002.0,781.0,143.0,298.0,1,1,1.0
34,1,1112.0,749.0,126.0,324.0,1,1,1.0
34,2,996.0,777.0,143.0,301.0,1,1,1.0
35,1,1108.0,748.0,129.0,323.0,1,1,1.0
35,2,991.0,773.0,143.0,304.0,1,1,1.0
36,1,1103.0,747.0,130.0,323.0,1,1,1.0
36,2,987.0,770.0,143.0,305.0,1,1,1.0
37,1,1099.0,745.0,127.0,318.0,1,1,1.0
37,2,985.0,766.0,141.0,298.0,1,1,1.0
38,1,1096.0,741.0,120.0,313.0,1,1,1.0
38,2,985.0,764.0,141.0,297.0,1,1,1.0
39,1,1094.0,737.0,111.0,303.0,1,1,1.0
39,2,985.0,761.0,138.0,299.0,1,1,1.0
40,1,1090.0,733.0,102.0,300.0,1,1,1.0
40,2,985.0,760.0,136.0,300.0,1,1,1.0
41,1,1087.0,730.0,93.0,300.0,1,1,1.0
41,2,982.0,759.0,135.0,301.0,1,1,1.0
42,1,1081.0,729.0,91.0,299.0,1,1,1.0
42,2,979.0,758.0,135.0,302.0,1,1,1.0
43,1,1069.0,729.0,96.0,300.0,1,1,1.0
43,2,976.0,756.0,132.0,300.0,1,1,1.0
44,1,1062.0,730.0,98.0,300.0,1,1,1.0
44,2,973.0,753.0,130.0,301.0,1,1,1.0
45,1,1062.0,729.0,93.0,298.0,1,1,1.0
45,2,969.0,749.0,128.0,299.0,1,1,1.0
46,1,1062.0,728.0,92.0,295.0,1,1,1.0
46,2,965.0,746.0,127.0,296.0,1,1,1.0
47,1,1060.0,725.0,89.0,292.0,1,1,1.0
47,2,962.0,742.0,125.0,288.0,1,1,1.0
48,2,959.0,739.0,124.0,279.0,1,1,1.0
49,1,1052.0,717.0,86.0,281.0,1,1,1.0
49,2,956.0,737.0,126.0,276.0,1,1,1.0
50,1,1049.0,713.0,87.0,280.0,1,1,1.0
50,2,953.0,735.0,127.0,276.0,1,1,1.0
51,1,1044.0,711.0,91.0,281.0,1,1,1.0
51,2,951.0,734.0,127.0,277.0,1,1,1.0
52,1,1043.0,710.0,95.0,281.0,1,1,1.0
52,2,950.0,732.0,125.0,279.0,1,1,1.0
53,1,1041.0,710.0,100.0,280.0,1,1,1.0
53,2,949.0,730.0,122.0,280.0,1,1,1.0
54,1,1038.0,709.0,103.0,281.0,1,1,1.0
54,2,948.0,728.0,121.0,279.0,1,1,1.0
55,1,1037.0,708.0,104.0,282.0,1,1,1.0
55,2,947.0,726.0,119.0,279.0,1,1,1.0
56,1,1035.0,706.0,103.0,282.0,1,1,1.0
56,2,947.0,722.0,117.0,278.0,1,1,1.0
57,1,1033.0,704.0,99.0,279.0,1,1,1.0
57,2,947.0,718.0,115.0,275.0,1,1,1.0
58,1,1031.0,700.0,94.0,276.0,1,1,1.0
58,2,946.0,715.0,113.0,268.0,1,1,1.0
59,1,1029.0,697.0,89.0,267.0,1,1,1.0
59,2,945.0,711.0,112.0,260.0,1,1,1.0
60,1,1027.0,693.0,85.0,267.0,1,1,1.0
60,2,943.0,709.0,112.0,258.0,1,1,1.0
61,1,1025.0,691.0,82.0,263.0,1,1,1.0
61,2,941.0,707.0,113.0,260.0,1,1,1.0
62,1,1021.0,689.0,80.0,260.0,1,1,1.0
62,2,938.0,705.0,113.0,254.0,1,1,1.0
63,1,1015.0,688.0,81.0,263.0,1,1,1.0
64,1,1012.0,688.0,81.0,262.0,1,1,1.0
65,1,1015.0,688.0,75.0,261.0,1,1,1.0
65,2,931.0,701.0,110.0,258.0,1,1,1.0
66,1,1014.0,687.0,73.0,261.0,1,1,1.0
66,2,929.0,700.0,109.0,260.0,1,1,1.0
67,1,1013.0,685.0,72.0,261.0,1,1,1.0
67,2,925.0,697.0,109.0,262.0,1,1,1.0
68,1,1010.0,682.0,73.0,255.0,1,1,1.0
68,2,922.0,694.0,110.0,260.0,1,1,1.0
69,1,1007.0,679.0,75.0,248.0,1,1,1.0
69,2,920.0,691.0,109.0,253.0,1,1,1.0
70,1,1005.0,675.0,78.0,247.0,1,1,1.0
70,2,919.0,689.0,107.0,247.0,1,1,1.0
71,1,1003.0,673.0,82.0,248.0,1,1,1.0
71,2,918.0,687.0,107.0,247.0,1,1,1.0
72,1,1001.0,671.0,85.0,249.0,1,1,1.0
72,2,918.0,685.0,106.0,247.0,1,1,1.0
73,1,1000.0,671.0,89.0,249.0,1,1,1.0
73,2,916.0,684.0,106.0,248.0,1,1,1.0
74,1,999.0,671.0,91.0,249.0,1,1,1.0
74,2,915.0,684.0,106.0,248.0,1,1,1.0
75,1,999.0,671.0,92.0,248.0,1,1,1.0
75,2,915.0,684.0,106.0,247.0,1,1,1.0
76,1,997.0,669.0,93.0,249.0,1,1,1.0
76,2,915.0,683.0,106.0,246.0,1,1,1.0
77,1,996.0,667.0,92.0,248.0,1,1,1.0
77,2,917.0,680.0,103.0,246.0,1,1,1.0
78,1,996.0,664.0,89.0,243.0,1,1,1.0
78,2,920.0,677.0,99.0,245.0,1,1,1.0
79,1,996.0,660.0,85.0,237.0,1,1,1.0
79,2,922.0,674.0,96.0,240.0,1,1,1.0
80,1,995.0,657.0,79.0,237.0,1,1,1.0
80,2,922.0,671.0,94.0,233.0,1,1,1.0
81,1,994.0,655.0,75.0,235.0,1,1,1.0
81,2,923.0,669.0,93.0,231.0,1,1,1.0
82,1,994.0,654.0,72.0,235.0,1,1,1.0
82,2,922.0,667.0,94.0,230.0,1,1,1.0
83,1,993.0,653.0,69.0,234.0,1,1,1.0
83,2,921.0,666.0,94.0,230.0,1,1,1.0
84,1,992.0,653.0,67.0,234.0,1,1,1.0
84,2,921.0,666.0,93.0,230.0,1,1,1.0
85,1,991.0,653.0,66.0,233.0,1,1,1.0
85,2,921.0,666.0,92.0,231.0,1,1,1.0
86,1,990.0,651.0,65.0,234.0,1,1,1.0
86,2,920.0,665.0,92.0,231.0,1,1,1.0
87,1,988.0,650.0,65.0,232.0,1,1,1.0
87,2,919.0,663.0,89.0,230.0,1,1,1.0
88,1,987.0,648.0,65.0,227.0,1,1,1.0
88,2,918.0,661.0,89.0,230.0,1,1,1.0
89,1,985.0,644.0,66.0,221.0,1,1,1.0
89,2,917.0,658.0,85.0,228.0,1,1,1.0
90,1,984.0,641.0,68.0,221.0,1,1,1.0
90,2,916.0,655.0,83.0,222.0,1,1,1.0
91,1,983.0,638.0,71.0,223.0,1,1,1.0
91,2,915.0,653.0,80.0,216.0,1,1,1.0
92,1,982.0,637.0,73.0,224.0,1,1,1.0
92,2,915.0,651.0,78.0,215.0,1,1,1.0
93,1,982.0,637.0,76.0,224.0,1,1,1.0
93,2,915.0,650.0,77.0,215.0,1,1,1.0
94,1,982.0,637.0,78.0,224.0,1,1,1.0
94,2,915.0,649.0,76.0,215.0,1,1,1.0
95,1,982.0,637.0,79.0,223.0,1,1,1.0
95,2,915.0,649.0,75.0,216.0,1,1,1.0
96,1,981.0,637.0,80.0,222.0,1,1,1.0
96,2,915.0,649.0,76.0,215.0,1,1,1.0
97,1,981.0,636.0,79.0,222.0,1,1,1.0
97,2,916.0,648.0,77.0,215.0,1,1,1.0
98,1,980.0,634.0,79.0,220.0,1,1,1.0
98,2,917.0,646.0,75.0,215.0,1,1,1.0
99,1,979.0,631.0,77.0,215.0,1,1,1.0
99,2,917.0,643.0,79.0,212.0,1,1,1.0
100,1,979.0,628.0,74.0,211.0,1,1,1.0
100,2,917.0,641.0,78.0,208.0,1,1,1.0
101,1,978.0,626.0,70.0,211.0,1,1,1.0
101,2,917.0,638.0,73.0,204.0,1,1,1.0
102,1,978.0,624.0,68.0,211.0,1,1,1.0
102,2,916.0,636.0,74.0,203.0,1,1,1.0
103,1,978.0,624.0,66.0,211.0,1,1,1.0
103,2,916.0,635.0,73.0,203.0,1,1,1.0
104,1,978.0,624.0,64.0,210.0,1,1,1.0
104,2,916.0,635.0,71.0,203.0,1,1,1.0
105,1,978.0,625.0,62.0,210.0,1,1,1.0
105,2,916.0,635.0,71.0,203.0,1,1,1.0
106,1,977.0,625.0,61.0,209.0,1,1,1.0
106,2,915.0,635.0,73.0,203.0,1,1,1.0
107,1,976.0,625.0,62.0,209.0,1,1,1.0
107,2,914.0,634.0,72.0,202.0,1,1,1.0
108,1,975.0,623.0,62.0,200.0,1,1,1.0
108,2,914.0,632.0,73.0,202.0,1,1,1.0
109,1,974.0,621.0,64.0,199.0,1,1,1.0
109,2,913.0,630.0,72.0,202.0,1,1,1.0
110,1,973.0,619.0,66.0,197.0,1,1,1.0
110,2,911.0,628.0,72.0,201.0,1,1,1.0
111,1,972.0,616.0,69.0,198.0,1,1,1.0
111,2,910.0,626.0,73.0,196.0,1,1,1.0
112,1,972.0,615.0,72.0,198.0,1,1,1.0
112,2,909.0,624.0,73.0,192.0,1,1,1.0
113,1,972.0,613.0,74.0,200.0,1,1,1.0
113,2,909.0,622.0,73.0,191.0,1,1,1.0
114,1,972.0,613.0,75.0,199.0,1,1,1.0
114,2,909.0,622.0,72.0,191.0,1,1,1.0
115,1,971.0,614.0,77.0,199.0,1,1,1.0
115,2,910.0,621.0,71.0,192.0,1,1,1.0
116,1,971.0,614.0,79.0,198.0,1,1,1.0
116,2,911.0,621.0,71.0,192.0,1,1,1.0
117,1,972.0,613.0,79.0,198.0,1,1,1.0
117,2,912.0,621.0,71.0,192.0,1,1,1.0
118,1,972.0,611.0,78.0,194.0,1,1,1.0
118,2,913.0,620.0,69.0,191.0,1,1,1.0
119,1,973.0,608.0,76.0,193.0,1,1,1.0
119,2,914.0,617.0,70.0,192.0,1,1,1.0
120,1,973.0,606.0,74.0,190.0,1,1,1.0
120,2,915.0,615.0,72.0,191.0,1,1,1.0
121,1,974.0,603.0,71.0,190.0,1,1,1.0
121,2,916.0,612.0,69.0,189.0,1,1,1.0
122,1,974.0,602.0,67.0,190.0,1,1,1.0
122,2,917.0,611.0,66.0,185.0,1,1,1.0
123,1,974.0,601.0,64.0,190.0,1,1,1.0
123,2,918.0,610.0,64.0,183.0,1,1,1.0
124,1,974.0,602.0,62.0,189.0,1,1,1.0
124,2,918.0,609.0,64.0,182.0,1,1,1.0
125,1,973.0,602.0,61.0,189.0,1,1,1.0
125,2,919.0,609.0,63.0,182.0,1,1,1.0
126,1,974.0,602.0,59.0,189.0,1,1,1.0
126,2,919.0,609.0,63.0,182.0,1,1,1.0
127,1,973.0,603.0,58.0,189.0,1,1,1.0
127,2,919.0,609.0,61.0,183.0,1,1,1.0
128,1,974.0,603.0,57.0,187.0,1,1,1.0
128,2,919.0,608.0,62.0,183.0,1,1,1.0
129,1,973.0,601.0,57.0,183.0,1,1,1.0
129,2,918.0,608.0,62.0,182.0,1,1,1.0
130,1,973.0,599.0,58.0,179.0,1,1,1.0
130,2,918.0,606.0,64.0,183.0,1,1,1.0
131,1,972.0,597.0,61.0,179.0,1,1,1.0
131,2,918.0,605.0,65.0,182.0,1,1,1.0
132,1,972.0,595.0,63.0,181.0,1,1,1.0
132,2,917.0,602.0,65.0,179.0,1,1,1.0
133,1,972.0,594.0,66.0,181.0,1,1,1.0
133,2,916.0,599.0,65.0,176.0,1,1,1.0
134,1,972.0,594.0,67.0,181.0,1,1,1.0
134,2,916.0,598.0,65.0,175.0,1,1,1.0
135,1,972.0,594.0,68.0,181.0,1,1,1.0
135,2,917.0,598.0,63.0,174.0,1,1,1.0
136,1,972.0,594.0,70.0,180.0,1,1,1.0
136,2,917.0,598.0,62.0,174.0,1,1,1.0
137,1,972.0,595.0,70.0,179.0,1,1,1.0
137,2,918.0,598.0,61.0,174.0,1,1,1.0
138,1,972.0,594.0,70.0,178.0,1,1,1.0
138,2,918.0,598.0,61.0,174.0,1,1,1.0
139,1,972.0,593.0,69.0,177.0,1,1,1.0
139,2,919.0,598.0,61.0,173.0,1,1,1.0
140,1,973.0,591.0,66.0,174.0,1,1,1.0
140,2,920.0,596.0,60.0,173.0,1,1,1.0
141,1,973.0,588.0,63.0,173.0,1,1,1.0
141,2,921.0,594.0,60.0,173.0,1,1,1.0
142,1,973.0,586.0,59.0,171.0,1,1,1.0
142,2,922.0,593.0,58.0,171.0,1,1,1.0
143,1,973.0,586.0,56.0,171.0,1,1,1.0
143,2,922.0,591.0,58.0,167.0,1,1,1.0
144,1,973.0,586.0,54.0,171.0,1,1,1.0
144,2,922.0,589.0,58.0,167.0,1,1,1.0
145,1,973.0,586.0,51.0,171.0,1,1,1.0
145,2,921.0,589.0,59.0,167.0,1,1,1.0
146,1,972.0,586.0,50.0,171.0,1,1,1.0
146,2,921.0,588.0,58.0,167.0,1,1,1.0
147,1,971.0,587.0,50.0,171.0,1,1,1.0
147,2,921.0,588.0,57.0,167.0,1,1,1.0
148,1,971.0,587.0,49.0,170.0,1,1,1.0
148,2,920.0,588.0,57.0,167.0,1,1,1.0
149,1,970.0,586.0,49.0,168.0,1,1,1.0
149,2,919.0,589.0,57.0,166.0,1,1,1.0
150,1,968.0,585.0,50.0,164.0,1,1,1.0
150,2,919.0,588.0,56.0,166.0,1,1,1.0
151,1,967.0,583.0,51.0,163.0,1,1,1.0
151,2,919.0,588.0,56.0,165.0,1,1,1.0
152,1,966.0,581.0,54.0,163.0,1,1,1.0
152,2,918.0,586.0,55.0,166.0,1,1,1.0
153,1,964.0,580.0,58.0,164.0,1,1,1.0
153,2,917.0,584.0,55.0,164.0,1,1,1.0
154,1,963.0,579.0,62.0,164.0,1,1,1.0
154,2,915.0,583.0,56.0,160.0,1,1,1.0
155,1,963.0,579.0,64.0,165.0,1,1,1.0
155,2,914.0,582.0,56.0,158.0,1,1,1.0
156,1,962.0,578.0,67.0,164.0,1,1,1.0
156,2,913.0,582.0,57.0,157.0,1,1,1.0
157,1,962.0,579.0,70.0,164.0,1,1,1.0
157,2,913.0,581.0,57.0,158.0,1,1,1.0
158,1,961.0,578.0,71.0,164.0,1,1,1.0
158,2,913.0,581.0,56.0,158.0,1,1,1.0
159,1,961.0,577.0,72.0,163.0,1,1,1.0
159,2,912.0,581.0,57.0,158.0,1,1,1.0
160,1,960.0,576.0,70.0,159.0,1,1,1.0
160,2,912.0,581.0,60.0,158.0,1,1,1.0
161,1,960.0,575.0,66.0,158.0,1,1,1.0
161,2,913.0,581.0,56.0,157.0,1,1,1.0
162,1,960.0,574.0,61.0,158.0,1,1,1.0
162,2,913.0,580.0,55.0,158.0,1,1,1.0
163,1,959.0,573.0,56.0,158.0,1,1,1.0
163,2,913.0,579.0,51.0,157.0,1,1,1.0
164,1,958.0,573.0,54.0,158.0,1,1,1.0
164,2,913.0,577.0,49.0,155.0,1,1,1.0
165,1,958.0,573.0,50.0,158.0,1,1,1.0
165,2,912.0,576.0,51.0,153.0,1,1,1.0
166,1,958.0,574.0,47.0,157.0,1,1,1.0
166,2,911.0,575.0,52.0,152.0,1,1,1.0
167,1,958.0,574.0,46.0,156.0,1,1,1.0
167,2,911.0,575.0,52.0,151.0,1,1,1.0
168,1,957.0,574.0,45.0,155.0,1,1,1.0
168,2,910.0,575.0,53.0,152.0,1,1,1.0
169,1,957.0,572.0,44.0,152.0,1,1,1.0
169,2,909.0,575.0,55.0,152.0,1,1,1.0
170,1,956.0,570.0,44.0,151.0,1,1,1.0
170,2,909.0,575.0,56.0,151.0,1,1,1.0
171,1,955.0,569.0,46.0,152.0,1,1,1.0
171,2,908.0,575.0,57.0,151.0,1,1,1.0
172,1,954.0,568.0,48.0,152.0,1,1,1.0
172,2,908.0,574.0,56.0,151.0,1,1,1.0
173,1,953.0,567.0,51.0,152.0,1,1,1.0
173,2,907.0,574.0,56.0,151.0,1,1,1.0
174,1,952.0,567.0,54.0,152.0,1,1,1.0
174,2,906.0,573.0,56.0,150.0,1,1,1.0
175,1,950.0,568.0,56.0,152.0,1,1,1.0
175,2,906.0,572.0,56.0,147.0,1,1,1.0
176,1,950.0,568.0,57.0,152.0,1,1,1.0
176,2,905.0,571.0,55.0,145.0,1,1,1.0
177,1,949.0,567.0,59.0,152.0,1,1,1.0
177,2,904.0,571.0,55.0,144.0,1,1,1.0
178,1,947.0,567.0,58.0,150.0,1,1,1.0
178,2,903.0,570.0,55.0,144.0,1,1,1.0
179,1,947.0,565.0,55.0,148.0,1,1,1.0
179,2,903.0,570.0,55.0,144.0,1,1,1.0
180,1,946.0,564.0,53.0,147.0,1,1,1.0
180,2,902.0,570.0,55.0,144.0,1,1,1.0
181,1,945.0,564.0,50.0,147.0,1,1,1.0
181,2,902.0,570.0,54.0,144.0,1,1,1.0
182,1,944.0,563.0,45.0,147.0,1,1,1.0
182,2,902.0,570.0,53.0,144.0,1,1,1.0
183,1,943.0,563.0,42.0,147.0,1,1,1.0
183,2,901.0,570.0,53.0,144.0,1,1,1.0
184,1,942.0,564.0,41.0,146.0,1,1,1.0
184,2,901.0,569.0,50.0,144.0,1,1,1.0
185,1,941.0,565.0,40.0,146.0,1,1,1.0
185,2,900.0,567.0,48.0,143.0,1,1,1.0
186,1,940.0,565.0,39.0,146.0,1,1,1.0
186,2,899.0,566.0,49.0,142.0,1,1,1.0
187,1,939.0,565.0,39.0,145.0,1,1,1.0
187,2,897.0,565.0,50.0,141.0,1,1,1.0
188,1,938.0,564.0,38.0,141.0,1,1,1.0
188,2,896.0,565.0,51.0,140.0,1,1,1.0
189,1,938.0,563.0,39.0,139.0,1,1,1.0
189,2,895.0,564.0,52.0,140.0,1,1,1.0
190,1,937.0,562.0,40.0,139.0,1,1,1.0
190,2,893.0,564.0,55.0,141.0,1,1,1.0
191,1,936.0,561.0,42.0,140.0,1,1,1.0
191,2,892.0,564.0,57.0,142.0,1,1,1.0
192,1,936.0,560.0,44.0,139.0,1,1,1.0
192,2,891.0,564.0,57.0,142.0,1,1,1.0
193,1,935.0,560.0,46.0,139.0,1,1,1.0
193,2,890.0,564.0,57.0,141.0,1,1,1.0
194,1,935.0,560.0,48.0,139.0,1,1,1.0
194,2,889.0,564.0,57.0,141.0,1,1,1.0
195,1,934.0,560.0,49.0,139.0,1,1,1.0
195,2,889.0,563.0,56.0,140.0,1,1,1.0
196,1,933.0,561.0,49.0,139.0,1,1,1.0
196,2,888.0,562.0,54.0,137.0,1,1,1.0
197,1,933.0,560.0,48.0,138.0,1,1,1.0
197,2,887.0,561.0,53.0,136.0,1,1,1.0
198,1,933.0,559.0,46.0,135.0,1,1,1.0
198,2,885.0,561.0,54.0,135.0,1,1,1.0
199,1,932.0,558.0,44.0,134.0,1,1,1.0
199,2,883.0,561.0,55.0,135.0,1,1,1.0
200,1,932.0,557.0,44.0,134.0,1,1,1.0
200,2,882.0,560.0,56.0,135.0,1,1,1.0
201,1,932.0,556.0,42.0,135.0,1,1,1.0
201,2,880.0,560.0,58.0,135.0,1,1,1.0
202,1,931.0,555.0,41.0,135.0,1,1,1.0
202,2,878.0,560.0,60.0,135.0,1,1,1.0
203,1,931.0,556.0,40.0,135.0,1,1,1.0
203,2,884.0,560.0,54.0,134.0,1,1,1.0
204,1,931.0,556.0,39.0,134.0,1,1,1.0
204,2,888.0,560.0,49.0,134.0,1,1,1.0
205,1,930.0,556.0,39.0,134.0,1,1,1.0
206,1,930.0,557.0,38.0,134.0,1,1,1.0
207,1,930.0,556.0,38.0,134.0,1,1,1.0
208,1,929.0,555.0,38.0,131.0,1,1,1.0
208,2,879.0,557.0,57.0,130.0,1,1,1.0
209,1,929.0,554.0,39.0,129.0,1,1,1.0
209,2,886.0,556.0,50.0,130.0,1,1,1.0
210,1,929.0,552.0,40.0,130.0,1,1,1.0
210,2,889.0,556.0,47.0,131.0,1,1,1.0
211,1,929.0,551.0,40.0,131.0,1,1,1.0
211,2,889.0,556.0,47.0,131.0,1,1,1.0
212,1,929.0,551.0,41.0,131.0,1,1,1.0
212,2,889.0,555.0,47.0,131.0,1,1,1.0
213,1,929.0,551.0,41.0,131.0,1,1,1.0
213,2,888.0,555.0,49.0,131.0,1,1,1.0
214,1,929.0,551.0,40.0,131.0,1,1,1.0
214,2,888.0,554.0,49.0,131.0,1,1,1.0
215,1,928.0,551.0,41.0,131.0,1,1,1.0
215,2,888.0,553.0,48.0,129.0,1,1,1.0
216,1,928.0,551.0,40.0,131.0,1,1,1.0
216,2,889.0,552.0,47.0,127.0,1,1,1.0
217,1,929.0,550.0,40.0,129.0,1,1,1.0
217,2,889.0,552.0,46.0,127.0,1,1,1.0
218,1,929.0,549.0,39.0,127.0,1,1,1.0
218,2,890.0,551.0,46.0,127.0,1,1,1.0
219,1,929.0,548.0,38.0,127.0,1,1,1.0
219,2,890.0,551.0,46.0,127.0,1,1,1.0
220,1,929.0,547.0,38.0,127.0,1,1,1.0
220,2,891.0,551.0,45.0,127.0,1,1,1.0
221,1,929.0,547.0,37.0,127.0,1,1,1.0
221,2,891.0,551.0,44.0,126.0,1,1,1.0
222,1,929.0,546.0,36.0,127.0,1,1,1.0
222,2,893.0,551.0,43.0,126.0,1,1,1.0
223,1,929.0,547.0,36.0,127.0,1,1,1.0
223,2,894.0,551.0,41.0,125.0,1,1,1.0
224,1,929.0,547.0,37.0,127.0,1,1,1.0
224,2,895.0,550.0,40.0,124.0,1,1,1.0
225,1,928.0,546.0,38.0,127.0,1,1,1.0
225,2,893.0,550.0,42.0,122.0,1,1,1.0
226,1,928.0,546.0,39.0,126.0,1,1,1.0
226,2,889.0,549.0,45.0,122.0,1,1,1.0
227,1,927.0,545.0,39.0,124.0,1,1,1.0
227,2,885.0,549.0,50.0,121.0,1,1,1.0
228,1,927.0,544.0,39.0,125.0,1,1,1.0
228,2,883.0,548.0,52.0,122.0,1,1,1.0
229,1,927.0,543.0,39.0,125.0,1,1,1.0
229,2,881.0,548.0,54.0,122.0,1,1,1.0
230,1,927.0,543.0,39.0,124.0,1,1,1.0
230,2,880.0,548.0,56.0,122.0,1,1,1.0
231,1,927.0,542.0,40.0,125.0,1,1,1.0
231,2,880.0,548.0,56.0,121.0,1,1,1.0
232,1,927.0,543.0,40.0,124.0,1,1,1.0
232,2,882.0,548.0,55.0,121.0,1,1,1.0
233,1,927.0,543.0,40.0,123.0,1,1,1.0
233,2,883.0,548.0,53.0,121.0,1,1,1.0
234,1,926.0,543.0,41.0,123.0,1,1,1.0
234,2,884.0,547.0,52.0,120.0,1,1,1.0
235,1,926.0,543.0,41.0,123.0,1,1,1.0
235,2,886.0,546.0,49.0,118.0,1,1,1.0
236,1,925.0,542.0,42.0,122.0,1,1,1.0
236,2,889.0,545.0,45.0,118.0,1,1,1.0
237,1,924.0,541.0,43.0,121.0,1,1,1.0
237,2,890.0,545.0,43.0,118.0,1,1,1.0
238,1,924.0,540.0,44.0,121.0,1,1,1.0
238,2,890.0,545.0,42.0,118.0,1,1,1.0
239,1,923.0,539.0,43.0,120.0,1,1,1.0
239,2,890.0,545.0,41.0,118.0,1,1,1.0
240,1,923.0,540.0,43.0,120.0,1,1,1.0
240,2,889.0,545.0,41.0,118.0,1,1,1.0
241,1,923.0,539.0,42.0,120.0,1,1,1.0
241,2,888.0,545.0,42.0,117.0,1,1,1.0
242,1,923.0,540.0,41.0,120.0,1,1,1.0
242,2,888.0,545.0,41.0,117.0,1,1,1.0
243,1,923.0,540.0,41.0,120.0,1,1,1.0
243,2,887.0,544.0,40.0,117.0,1,1,1.0
244,1,922.0,539.0,42.0,119.0,1,1,1.0
244,2,886.0,543.0,41.0,117.0,1,1,1.0
245,1,920.0,539.0,42.0,118.0,1,1,1.0
245,2,885.0,542.0,41.0,115.0,1,1,1.0
246,1,920.0,537.0,41.0,118.0,1,1,1.0
246,2,884.0,542.0,43.0,114.0,1,1,1.0
247,1,920.0,537.0,41.0,117.0,1,1,1.0
247,2,881.0,542.0,45.0,114.0,1,1,1.0
248,1,919.0,536.0,41.0,117.0,1,1,1.0
248,2,879.0,541.0,47.0,113.0,1,1,1.0
249,1,918.0,536.0,42.0,118.0,1,1,1.0
249,2,877.0,541.0,48.0,114.0,1,1,1.0
250,1,917.0,535.0,44.0,118.0,1,1,1.0
250,2,876.0,541.0,47.0,114.0,1,1,1.0
251,1,916.0,536.0,45.0,117.0,1,1,1.0
251,2,876.0,541.0,47.0,114.0,1,1,1.0
252,1,916.0,536.0,44.0,117.0,1,1,1.0
252,2,876.0,541.0,46.0,114.0,1,1,1.0
253,1,914.0,536.0,46.0,116.0,1,1,1.0
253,2,877.0,540.0,44.0,114.0,1,1,1.0
254,1,913.0,536.0,47.0,117.0,1,1,1.0
254,2,877.0,539.0,42.0,114.0,1,1,1.0
255,1,912.0,536.0,47.0,116.0,1,1,1.0
255,2,877.0,539.0,41.0,113.0,1,1,1.0
256,1,912.0,535.0,46.0,115.0,1,1,1.0
256,2,876.0,538.0,40.0,111.0,1,1,1.0
257,1,912.0,534.0,46.0,115.0,1,1,1.0
257,2,875.0,538.0,41.0,111.0,1,1,1.0
258,1,913.0,533.0,45.0,115.0,1,1,1.0
258,2,874.0,538.0,41.0,111.0,1,1,1.0
259,1,914.0,533.0,45.0,115.0,1,1,1.0
259,2,874.0,538.0,41.0,111.0,1,1,1.0
260,1,913.0,533.0,42.0,115.0,1,1,1.0
260,2,875.0,538.0,40.0,111.0,1,1,1.0
261,1,913.0,533.0,42.0,114.0,1,1,1.0
261,2,875.0,537.0,39.0,111.0,1,1,1.0
262,1,913.0,534.0,42.0,113.0,1,1,1.0
262,2,876.0,537.0,40.0,111.0,1,1,1.0
263,1,913.0,535.0,40.0,112.0,1,1,1.0
263,2,876.0,537.0,39.0,111.0,1,1,1.0
264,1,913.0,535.0,38.0,111.0,1,1,1.0
264,2,877.0,537.0,38.0,110.0,1,1,1.0
265,1,913.0,534.0,37.0,109.0,1,1,1.0
265,2,877.0,536.0,38.0,110.0,1,1,1.0
266,1,913.0,533.0,36.0,109.0,1,1,1.0
266,2,877.0,536.0,39.0,108.0,1,1,1.0
267,1,913.0,532.0,37.0,109.0,1,1,1.0
267,2,876.0,535.0,39.0,107.0,1,1,1.0
268,1,912.0,531.0,37.0,110.0,1,1,1.0
268,2,875.0,535.0,40.0,107.0,1,1,1.0
269,1,911.0,531.0,38.0,111.0,1,1,1.0
269,2,875.0,534.0,40.0,107.0,1,1,1.0
270,1,911.0,531.0,39.0,110.0,1,1,1.0
270,2,874.0,534.0,40.0,107.0,1,1,1.0
271,1,911.0,531.0,39.0,109.0,1,1,1.0
271,2,874.0,535.0,41.0,107.0,1,1,1.0
272,1,910.0,532.0,40.0,110.0,1,1,1.0
272,2,874.0,535.0,41.0,107.0,1,1,1.0
273,1,909.0,532.0,41.0,109.0,1,1,1.0
273,2,874.0,535.0,39.0,107.0,1,1,1.0
274,1,909.0,532.0,41.0,109.0,1,1,1.0
274,2,874.0,534.0,39.0,108.0,1,1,1.0
275,1,908.0,531.0,42.0,108.0,1,1,1.0
275,2,874.0,534.0,37.0,107.0,1,1,1.0
276,1,907.0,530.0,43.0,108.0,1,1,1.0
276,2,873.0,533.0,37.0,106.0,1,1,1.0
277,1,906.0,529.0,43.0,108.0,1,1,1.0
277,2,873.0,533.0,37.0,105.0,1,1,1.0
278,1,906.0,529.0,43.0,109.0,1,1,1.0
278,2,873.0,532.0,37.0,105.0,1,1,1.0
279,1,907.0,528.0,43.0,109.0,1,1,1.0
279,2,873.0,531.0,37.0,105.0,1,1,1.0
280,1,907.0,528.0,42.0,108.0,1,1,1.0
280,2,873.0,531.0,36.0,105.0,1,1,1.0
281,1,907.0,529.0,42.0,108.0,1,1,1.0
281,2,874.0,531.0,36.0,105.0,1,1,1.0
282,1,907.0,529.0,42.0,107.0,1,1,1.0
282,2,875.0,531.0,35.0,105.0,1,1,1.0
283,1,907.0,530.0,42.0,107.0,1,1,1.0
283,2,876.0,531.0,34.0,105.0,1,1,1.0
284,1,908.0,530.0,42.0,107.0,1,1,1.0
284,2,877.0,531.0,34.0,105.0,1,1,1.0
285,1,908.0,529.0,42.0,106.0,1,1,1.0
285,2,877.0,531.0,34.0,105.0,1,1,1.0
286,1,908.0,529.0,41.0,105.0,1,1,1.0
286,2,878.0,530.0,34.0,104.0,1,1,1.0
287,1,908.0,528.0,40.0,105.0,1,1,1.0
287,2,878.0,530.0,34.0,103.0,1,1,1.0
288,1,909.0,527.0,41.0,106.0,1,1,1.0
288,2,878.0,529.0,35.0,102.0,1,1,1.0
289,1,910.0,526.0,42.0,105.0,1,1,1.0
289,2,877.0,529.0,37.0,102.0,1,1,1.0
290,1,910.0,526.0,42.0,105.0,1,1,1.0
290,2,877.0,529.0,38.0,102.0,1,1,1.0
291,1,911.0,526.0,44.0,105.0,1,1,1.0
291,2,876.0,528.0,39.0,102.0,1,1,1.0
292,1,912.0,526.0,44.0,105.0,1,1,1.0
292,2,876.0,528.0,40.0,103.0,1,1,1.0
293,1,913.0,526.0,43.0,104.0,1,1,1.0
293,2,877.0,528.0,39.0,103.0,1,1,1.0
294,1,913.0,526.0,42.0,104.0,1,1,1.0
294,2,878.0,528.0,38.0,103.0,1,1,1.0
295,1,914.0,526.0,42.0,104.0,1,1,1.0
295,2,879.0,528.0,37.0,103.0,1,1,1.0
296,1,914.0,526.0,43.0,103.0,1,1,1.0
296,2,880.0,528.0,35.0,103.0,1,1,1.0
297,1,913.0,525.0,44.0,102.0,1,1,1.0
297,2,880.0,527.0,35.0,103.0,1,1,1.0
298,1,912.0,525.0,45.0,102.0,1,1,1.0
298,2,881.0,527.0,34.0,102.0,1,1,1.0
299,1,913.0,524.0,42.0,103.0,1,1,1.0
299,2,881.0,527.0,35.0,100.0,1,1,1.0
300,1,914.0,524.0,40.0,103.0,1,1,1.0
300,2,882.0,527.0,34.0,99.0,1,1,1.0
301,1,915.0,523.0,38.0,103.0,1,1,1.0
301,2,883.0,527.0,35.0,99.0,1,1,1.0
302,1,916.0,523.0,38.0,104.0,1,1,1.0
302,2,883.0,527.0,34.0,99.0,1,1,1.0
303,1,916.0,523.0,38.0,104.0,1,1,1.0
303,2,884.0,527.0,34.0,99.0,1,1,1.0
304,1,915.0,523.0,41.0,104.0,1,1,1.0
304,2,885.0,527.0,34.0,99.0,1,1,1.0
305,1,916.0,524.0,42.0,103.0,1,1,1.0
305,2,886.0,527.0,34.0,99.0,1,1,1.0
306,1,918.0,524.0,42.0,103.0,1,1,1.0
306,2,887.0,527.0,34.0,98.0,1,1,1.0
307,1,920.0,524.0,42.0,102.0,1,1,1.0
307,2,888.0,527.0,35.0,98.0,1,1,1.0
308,1,920.0,523.0,43.0,100.0,1,1,1.0
308,2,890.0,526.0,34.0,98.0,1,1,1.0
309,1,921.0,523.0,42.0,100.0,1,1,1.0
309,2,891.0,526.0,34.0,98.0,1,1,1.0
310,1,923.0,522.0,41.0,101.0,1,1,1.0
310,2,892.0,525.0,34.0,97.0,1,1,1.0
311,1,924.0,521.0,39.0,101.0,1,1,1.0
311,2,892.0,524.0,35.0,97.0,1,1,1.0
312,1,925.0,521.0,36.0,101.0,1,1,1.0
312,2,893.0,524.0,35.0,97.0,1,1,1.0
313,1,926.0,521.0,34.0,100.0,1,1,1.0
313,2,894.0,524.0,34.0,97.0,1,1,1.0
314,1,926.0,522.0,34.0,100.0,1,1,1.0
314,2,895.0,524.0,34.0,97.0,1,1,1.0
315,1,926.0,522.0,35.0,100.0,1,1,1.0
315,2,895.0,525.0,34.0,97.0,1,1,1.0
316,1,927.0,523.0,34.0,99.0,1,1,1.0
316,2,896.0,525.0,37.0,97.0,1,1,1.0
317,1,928.0,523.0,34.0,99.0,1,1,1.0
317,2,897.0,525.0,39.0,96.0,1,1,1.0
318,1,929.0,523.0,35.0,99.0,1,1,1.0
318,2,897.0,525.0,39.0,96.0,1,1,1.0
319,1,930.0,522.0,36.0,97.0,1,1,1.0
319,2,898.0,525.0,37.0,95.0,1,1,1.0
320,1,931.0,522.0,39.0,97.0,1,1,1.0
320,2,900.0,525.0,34.0,94.0,1,1,1.0
321,1,935.0,522.0,37.0,97.0,1,1,1.0
321,2,901.0,524.0,35.0,94.0,1,1,1.0
322,1,938.0,521.0,36.0,97.0,1,1,1.0
322,2,903.0,523.0,37.0,94.0,1,1,1.0
323,1,939.0,520.0,37.0,98.0,1,1,1.0
323,2,904.0,523.0,36.0,94.0,1,1,1.0
324,1,941.0,520.0,36.0,98.0,1,1,1.0
324,2,905.0,523.0,36.0,94.0,1,1,1.0
325,1,943.0,520.0,33.0,97.0,1,1,1.0
325,2,907.0,523.0,37.0,93.0,1,1,1.0
326,1,944.0,521.0,32.0,97.0,1,1,1.0
326,2,908.0,524.0,38.0,92.0,1,1,1.0
327,1,945.0,521.0,31.0,97.0,1,1,1.0
327,2,910.0,524.0,36.0,92.0,1,1,1.0
328,1,946.0,521.0,32.0,97.0,1,1,1.0
328,2,912.0,523.0,36.0,93.0,1,1,1.0
329,1,947.0,520.0,34.0,98.0,1,1,1.0
329,2,913.0,523.0,35.0,93.0,1,1,1.0
330,1,948.0,519.0,33.0,99.0,1,1,1.0
330,2,915.0,522.0,35.0,93.0,1,1,1.0
331,1,949.0,519.0,28.0,99.0,1,1,1.0
331,2,916.0,522.0,34.0,93.0,1,1,1.0
332,1,951.0,518.0,25.0,98.0,1,1,1.0
332,2,918.0,521.0,33.0,92.0,1,1,1.0
333,1,951.0,518.0,25.0,97.0,1,1,1.0
333,2,920.0,520.0,32.0,92.0,1,1,1.0
334,1,952.0,518.0,27.0,97.0,1,1,1.0
334,2,924.0,520.0,30.0,92.0,1,1,1.0
335,1,953.0,518.0,28.0,97.0,1,1,1.0
335,2,926.0,520.0,29.0,92.0,1,1,1.0
336,1,954.0,518.0,30.0,97.0,1,1,1.0
336,2,928.0,520.0,29.0,92.0,1,1,1.0
337,1,954.0,518.0,33.0,97.0,1,1,1.0
337,2,929.0,520.0,29.0,92.0,1,1,1.0
338,1,953.0,519.0,36.0,96.0,1,1,1.0
338,2,931.0,520.0,29.0,92.0,1,1,1.0
339,1,954.0,519.0,37.0,96.0,1,1,1.0
339,2,932.0,520.0,31.0,93.0,1,1,1.0
340,1,956.0,519.0,36.0,96.0,1,1,1.0
340,2,933.0,521.0,31.0,93.0,1,1,1.0
341,1,957.0,519.0,36.0,96.0,1,1,1.0
341,2,934.0,520.0,31.0,93.0,1,1,1.0
342,1,959.0,519.0,35.0,96.0,1,1,1.0
342,2,937.0,519.0,30.0,93.0,1,1,1.0
343,1,962.0,518.0,34.0,97.0,1,1,1.0
343,2,941.0,518.0,29.0,93.0,1,1,1.0
344,1,963.0,518.0,36.0,97.0,1,1,1.0
344,2,945.0,518.0,28.0,92.0,1,1,1.0
345,1,969.0,518.0,35.0,97.0,1,1,1.0
345,2,949.0,518.0,27.0,91.0,1,1,1.0
346,1,973.0,518.0,36.0,97.0,1,1,1.0
346,2,952.0,518.0,27.0,92.0,1,1,1.0
347,1,974.0,518.0,38.0,97.0,1,1,1.0
347,2,953.0,519.0,29.0,91.0,1,1,1.0
348,1,977.0,518.0,38.0,94.0,1,1,1.0
348,2,954.0,520.0,33.0,91.0,1,1,1.0
349,1,979.0,518.0,37.0,94.0,1,1,1.0
349,2,955.0,520.0,36.0,90.0,1,1,1.0
350,1,981.0,519.0,36.0,92.0,1,1,1.0
350,2,955.0,521.0,39.0,90.0,1,1,1.0
351,1,980.0,519.0,38.0,92.0,1,1,1.0
351,2,956.0,521.0,39.0,90.0,1,1,1.0
352,1,980.0,519.0,39.0,93.0,1,1,1.0
352,2,958.0,521.0,40.0,89.0,1,1,1.0
353,1,982.0,519.0,37.0,93.0,1,1,1.0
353,2,962.0,521.0,37.0,88.0,1,1,1.0
354,1,987.0,519.0,32.0,93.0,1,1,1.0
354,2,967.0,520.0,35.0,88.0,1,1,1.0
355,1,990.0,519.0,29.0,94.0,1,1,1.0
355,2,974.0,519.0,30.0,90.0,1,1,1.0
356,1,994.0,519.0,26.0,94.0,1,1,1.0
356,2,982.0,519.0,24.0,89.0,1,1,1.0
357,1,998.0,518.0,25.0,95.0,1,1,1.0
357,2,986.0,519.0,22.0,90.0,1,1,1.0
358,1,1001.0,518.0,24.0,95.0,1,1,1.0
358,2,989.0,519.0,22.0,89.0,1,1,1.0
359,1,1002.0,518.0,26.0,96.0,1,1,1.0
359,2,990.0,520.0,24.0,89.0,1,1,1.0
360,1,1002.0,518.0,31.0,96.0,1,1,1.0
360,2,990.0,520.0,26.0,89.0,1,1,1.0
361,1,1001.0,517.0,39.0,96.0,1,1,1.0
362,1,1000.0,519.0,44.0,95.0,1,1,1.0
363,1,999.0,520.0,48.0,95.0,1,1,1.0
364,1,1000.0,520.0,48.0,95.0,1,1,1.0
365,1,1005.0,519.0,43.0,96.0,1,1,1.0
366,1,1010.0,519.0,38.0,96.0,1,1,1.0
367,1,1016.0,519.0,33.0,96.0,1,1,1.0
368,1,1022.0,519.0,28.0,96.0,1,1,1.0
369,1,1026.0,518.0,29.0,96.0,1,1,1.0
370,1,1028.0,518.0,32.0,97.0,1,1,1.0
371,1,1029.0,518.0,37.0,96.0,1,1,1.0
372,1,1030.0,518.0,42.0,96.0,1,1,1.0
373,1,1031.0,519.0,45.0,96.0,1,1,1.0
374,1,1033.0,519.0,45.0,96.0,1,1,1.0
375,1,1035.0,520.0,45.0,95.0,1,1,1.0
376,1,1037.0,520.0,45.0,96.0,1,1,1.0
377,1,1039.0,521.0,44.0,96.0,1,1,1.0
378,1,1042.0,520.0,43.0,96.0,1,1,1.0
379,1,1045.0,520.0,41.0,96.0,1,1,1.0
380,1,1053.0,520.0,38.0,96.0,1,1,1.0
381,1,1058.0,520.0,41.0,95.0,1,1,1.0
383,1,1061.0,520.0,48.0,95.0,1,1,1.0
384,1,1061.0,520.0,50.0,96.0,1,1,1.0
385,1,1063.0,521.0,49.0,95.0,1,1,1.0
386,1,1066.0,521.0,46.0,95.0,1,1,1.0
387,1,1069.0,522.0,44.0,95.0,1,1,1.0
388,1,1072.0,522.0,42.0,95.0,1,1,1.0
389,1,1077.0,521.0,40.0,95.0,1,1,1.0
390,1,1082.0,521.0,34.0,96.0,1,1,1.0
391,3,1100.0,523.0,24.0,93.0,1,1,1.0
391,1,1086.0,520.0,26.0,96.0,1,1,1.0
392,3,1104.0,523.0,25.0,92.0,1,1,1.0
392,1,1089.0,520.0,25.0,97.0,1,1,1.0
394,3,1106.0,525.0,30.0,91.0,1,1,1.0
394,1,1093.0,520.0,28.0,97.0,1,1,1.0
395,1,1095.0,522.0,39.0,95.0,1,1,1.0
396,3,1101.0,525.0,40.0,92.0,1,1,1.0
396,1,1094.0,522.0,44.0,95.0,1,1,1.0
397,3,1105.0,524.0,37.0,93.0,1,1,1.0
397,1,1095.0,523.0,39.0,94.0,1,1,1.0
398,3,1114.0,524.0,30.0,94.0,1,1,1.0
398,1,1096.0,523.0,41.0,95.0,1,1,1.0
399,3,1121.0,524.0,27.0,95.0,1,1,1.0
399,1,1098.0,523.0,41.0,95.0,1,1,1.0
400,3,1124.0,523.0,27.0,95.0,1,1,1.0
400,1,1101.0,523.0,38.0,95.0,1,1,1.0
401,3,1130.0,524.0,24.0,93.0,1,1,1.0
401,1,1107.0,522.0,34.0,96.0,1,1,1.0
402,3,1131.0,524.0,28.0,92.0,1,1,1.0
402,1,1114.0,522.0,28.0,97.0,1,1,1.0
403,3,1134.0,525.0,30.0,91.0,1,1,1.0
403,1,1115.0,522.0,29.0,97.0,1,1,1.0
404,3,1134.0,525.0,35.0,92.0,1,1,1.0
404,1,1116.0,522.0,31.0,97.0,1,1,1.0
405,3,1140.0,526.0,30.0,92.0,1,1,1.0
405,1,1116.0,522.0,33.0,97.0,1,1,1.0
406,3,1143.0,526.0,29.0,93.0,1,1,1.0
406,1,1117.0,523.0,35.0,96.0,1,1,1.0
407,1,1119.0,524.0,38.0,96.0,1,1,1.0
408,1,1123.0,524.0,37.0,96.0,1,1,1.0
409,3,1150.0,525.0,25.0,95.0,1,1,1.0
409,1,1126.0,524.0,36.0,96.0,1,1,1.0
410,3,1153.0,525.0,24.0,95.0,1,1,1.0
410,1,1130.0,524.0,32.0,97.0,1,1,1.0
411,3,1155.0,526.0,25.0,95.0,1,1,1.0
411,1,1134.0,524.0,30.0,97.0,1,1,1.0
412,3,1157.0,526.0,26.0,94.0,1,1,1.0
412,1,1139.0,524.0,26.0,97.0,1,1,1.0
413,3,1160.0,526.0,25.0,94.0,1,1,1.0
413,1,1142.0,523.0,26.0,99.0,1,1,1.0
414,3,1158.0,526.0,31.0,94.0,1,1,1.0
414,1,1144.0,524.0,28.0,99.0,1,1,1.0
415,3,1160.0,527.0,32.0,94.0,1,1,1.0
416,3,1160.0,527.0,35.0,93.0,1,1,1.0
416,1,1144.0,524.0,38.0,99.0,1,1,1.0
417,3,1159.0,527.0,38.0,93.0,1,1,1.0
417,1,1145.0,525.0,42.0,97.0,1,1,1.0
418,3,1160.0,528.0,40.0,94.0,1,1,1.0
418,1,1147.0,525.0,44.0,97.0,1,1,1.0
420,3,1172.0,527.0,30.0,97.0,1,1,1.0
420,1,1151.0,526.0,37.0,98.0,1,1,1.0
421,3,1176.0,527.0,28.0,97.0,1,1,1.0
421,1,1155.0,526.0,36.0,98.0,1,1,1.0
423,3,1185.0,527.0,25.0,96.0,1,1,1.0
423,1,1165.0,526.0,32.0,100.0,1,1,1.0
424,3,1186.0,527.0,26.0,95.0,1,1,1.0
424,1,1167.0,526.0,31.0,100.0,1,1,1.0
425,3,1190.0,527.0,26.0,95.0,1,1,1.0
425,1,1169.0,526.0,31.0,99.0,1,1,1.0
426,3,1192.0,528.0,26.0,94.0,1,1,1.0
426,1,1168.0,527.0,34.0,98.0,1,1,1.0
427,3,1193.0,528.0,31.0,93.0,1,1,1.0
427,1,1168.0,527.0,38.0,98.0,1,1,1.0
428,3,1190.0,528.0,40.0,93.0,1,1,1.0
428,1,1169.0,527.0,42.0,99.0,1,1,1.0
429,3,1193.0,529.0,42.0,94.0,1,1,1.0
429,1,1172.0,528.0,42.0,99.0,1,1,1.0
430,3,1201.0,529.0,34.0,95.0,1,1,1.0
430,1,1177.0,528.0,38.0,99.0,1,1,1.0
431,1,1181.0,527.0,35.0,99.0,1,1,1.0
435,3,1211.0,530.0,30.0,96.0,1,1,1.0
435,1,1197.0,527.0,26.0,100.0,1,1,1.0
436,3,1215.0,529.0,28.0,97.0,1,1,1.0
436,1,1198.0,527.0,28.0,100.0,1,1,1.0
437,3,1221.0,529.0,25.0,97.0,1,1,1.0
437,1,1198.0,527.0,35.0,101.0,1,1,1.0
438,3,1224.0,529.0,27.0,98.0,1,1,1.0
438,1,1198.0,527.0,39.0,101.0,1,1,1.0
439,3,1225.0,531.0,29.0,96.0,1,1,1.0
439,1,1199.0,528.0,41.0,100.0,1,1,1.0
440,3,1224.0,531.0,33.0,96.0,1,1,1.0
440,1,1202.0,530.0,45.0,98.0,1,1,1.0
441,3,1225.0,532.0,33.0,96.0,1,1,1.0
441,1,1204.0,529.0,44.0,100.0,1,1,1.0
442,3,1227.0,533.0,33.0,96.0,1,1,1.0
442,1,1206.0,528.0,41.0,101.0,1,1,1.0
443,3,1229.0,533.0,34.0,97.0,1,1,1.0
443,1,1208.0,529.0,38.0,99.0,1,1,1.0
445,3,1239.0,532.0,27.0,96.0,1,1,1.0
445,1,1218.0,529.0,32.0,99.0,1,1,1.0
446,3,1243.0,532.0,28.0,96.0,1,1,1.0
446,1,1220.0,529.0,33.0,101.0,1,1,1.0
447,3,1247.0,532.0,27.0,96.0,1,1,1.0
447,1,1218.0,529.0,36.0,101.0,1,1,1.0
448,3,1249.0,533.0,26.0,93.0,1,1,1.0
448,1,1218.0,530.0,39.0,99.0,1,1,1.0
449,3,1246.0,534.0,31.0,92.0,1,1,1.0
450,3,1247.0,534.0,33.0,92.0,1,1,1.0
450,1,1215.0,531.0,47.0,98.0,1,1,1.0
452,3,1256.0,535.0,32.0,89.0,1,1,1.0
452,1,1220.0,533.0,46.0,97.0,1,1,1.0
453,1,1225.0,533.0,44.0,96.0,1,1,1.0
454,1,1231.0,533.0,39.0,94.0,1,1,1.0
455,3,1262.0,535.0,32.0,90.0,1,1,1.0
455,1,1238.0,533.0,33.0,95.0,1,1,1.0
456,1,1245.0,532.0,28.0,95.0,1,1,1.0
457,1,1247.0,531.0,29.0,97.0,1,1,1.0
458,3,1268.0,532.0,34.0,93.0,1,1,1.0
458,1,1248.0,531.0,30.0,98.0,1,1,1.0
459,3,1273.0,534.0,31.0,91.0,1,1,1.0
459,1,1250.0,532.0,31.0,97.0,1,1,1.0
460,3,1277.0,534.0,31.0,90.0,1,1,1.0
460,1,1251.0,533.0,33.0,97.0,1,1,1.0
461,3,1280.0,534.0,32.0,90.0,1,1,1.0
461,1,1251.0,533.0,35.0,96.0,1,1,1.0
462,3,1281.0,535.0,33.0,90.0,1,1,1.0
462,1,1252.0,535.0,37.0,95.0,1,1,1.0
463,3,1282.0,537.0,35.0,89.0,1,1,1.0
463,1,1255.0,536.0,35.0,90.0,1,1,1.0
464,3,1283.0,538.0,36.0,90.0,1,1,1.0
464,1,1257.0,536.0,36.0,89.0,1,1,1.0
465,3,1285.0,538.0,36.0,90.0,1,1,1.0
465,1,1260.0,536.0,35.0,88.0,1,1,1.0
466,3,1289.0,538.0,34.0,91.0,1,1,1.0
466,1,1264.0,535.0,33.0,89.0,1,1,1.0
467,3,1290.0,537.0,35.0,95.0,1,1,1.0
467,1,1264.0,535.0,36.0,89.0,1,1,1.0
468,3,1294.0,537.0,33.0,98.0,1,1,1.0
468,1,1264.0,535.0,38.0,89.0,1,1,1.0
469,3,1298.0,537.0,32.0,98.0,1,1,1.0
469,1,1263.0,534.0,42.0,90.0,1,1,1.0
470,3,1301.0,537.0,31.0,101.0,1,1,1.0
470,1,1263.0,534.0,45.0,90.0,1,1,1.0
471,3,1303.0,537.0,32.0,100.0,1,1,1.0
471,1,1262.0,536.0,47.0,89.0,1,1,1.0
472,3,1306.0,537.0,32.0,100.0,1,1,1.0
472,1,1264.0,537.0,48.0,88.0,1,1,1.0
473,3,1307.0,538.0,37.0,101.0,1,1,1.0
474,3,1308.0,539.0,41.0,100.0,1,1,1.0
475,3,1309.0,540.0,41.0,100.0,1,1,1.0
475,1,1277.0,539.0,41.0,88.0,1,1,1.0
476,3,1311.0,541.0,41.0,100.0,1,1,1.0
476,1,1284.0,538.0,36.0,88.0,1,1,1.0
477,3,1311.0,541.0,42.0,101.0,1,1,1.0
477,1,1291.0,537.0,33.0,90.0,1,1,1.0
478,3,1311.0,540.0,44.0,101.0,1,1,1.0
478,1,1296.0,537.0,31.0,90.0,1,1,1.0
479,3,1313.0,540.0,45.0,102.0,1,1,1.0
479,1,1299.0,537.0,31.0,98.0,1,1,1.0
480,3,1318.0,540.0,45.0,102.0,1,1,1.0
480,1,1301.0,537.0,31.0,102.0,1,1,1.0
481,3,1327.0,540.0,39.0,103.0,1,1,1.0
481,1,1303.0,537.0,32.0,106.0,1,1,1.0
482,3,1332.0,540.0,38.0,103.0,1,1,1.0
482,1,1305.0,537.0,36.0,108.0,1,1,1.0
483,3,1336.0,540.0,37.0,105.0,1,1,1.0
483,1,1307.0,538.0,37.0,108.0,1,1,1.0
484,3,1338.0,541.0,37.0,103.0,1,1,1.0
484,1,1309.0,539.0,39.0,108.0,1,1,1.0
485,3,1339.0,541.0,38.0,103.0,1,1,1.0
485,1,1310.0,540.0,40.0,106.0,1,1,1.0
486,3,1339.0,542.0,40.0,103.0,1,1,1.0
486,1,1311.0,540.0,41.0,106.0,1,1,1.0
487,3,1337.0,542.0,44.0,103.0,1,1,1.0
487,1,1312.0,540.0,41.0,105.0,1,1,1.0
488,3,1340.0,542.0,43.0,104.0,1,1,1.0
488,1,1317.0,540.0,39.0,106.0,1,1,1.0
489,3,1346.0,542.0,40.0,105.0,1,1,1.0
489,1,1321.0,539.0,35.0,108.0,1,1,1.0
490,3,1351.0,542.0,37.0,105.0,1,1,1.0
490,1,1322.0,539.0,37.0,110.0,1,1,1.0
491,3,1356.0,542.0,35.0,105.0,1,1,1.0
491,1,1321.0,539.0,40.0,111.0,1,1,1.0
492,3,1359.0,541.0,35.0,105.0,1,1,1.0
492,1,1320.0,540.0,43.0,111.0,1,1,1.0
493,3,1362.0,542.0,34.0,105.0,1,1,1.0
493,1,1320.0,541.0,46.0,110.0,1,1,1.0
494,3,1364.0,543.0,34.0,105.0,1,1,1.0
494,1,1321.0,541.0,47.0,111.0,1,1,1.0
495,3,1366.0,543.0,37.0,105.0,1,1,1.0
495,1,1323.0,541.0,47.0,113.0,1,1,1.0
496,3,1367.0,543.0,40.0,104.0,1,1,1.0
496,1,1327.0,541.0,44.0,113.0,1,1,1.0
497,3,1369.0,543.0,43.0,105.0,1,1,1.0
497,1,1333.0,541.0,41.0,114.0,1,1,1.0
498,3,1370.0,544.0,42.0,105.0,1,1,1.0
498,1,1339.0,541.0,37.0,114.0,1,1,1.0
499,3,1371.0,545.0,42.0,105.0,1,1,1.0
499,1,1346.0,542.0,33.0,113.0,1,1,1.0
500,3,1372.0,545.0,42.0,105.0,1,1,1.0
500,1,1349.0,542.0,31.0,113.0,1,1,1.0
501,3,1371.0,545.0,45.0,106.0,1,1,1.0
501,1,1351.0,542.0,32.0,112.0,1,1,1.0
502,3,1376.0,546.0,44.0,107.0,1,1,1.0
502,1,1351.0,542.0,36.0,112.0,1,1,1.0
503,3,1382.0,546.0,41.0,107.0,1,1,1.0
503,1,1351.0,543.0,42.0,112.0,1,1,1.0
504,3,1385.0,545.0,39.0,107.0,1,1,1.0
504,1,1351.0,544.0,46.0,111.0,1,1,1.0
505,3,1388.0,545.0,41.0,108.0,1,1,1.0
505,1,1353.0,545.0,47.0,111.0,1,1,1.0
506,3,1390.0,546.0,42.0,108.0,1,1,1.0
506,1,1355.0,546.0,46.0,111.0,1,1,1.0
507,3,1392.0,546.0,41.0,108.0,1,1,1.0
507,1,1358.0,547.0,44.0,110.0,1,1,1.0
508,3,1394.0,547.0,41.0,109.0,1,1,1.0
508,1,1360.0,547.0,43.0,109.0,1,1,1.0
509,3,1397.0,549.0,36.0,110.0,1,1,1.0
509,1,1365.0,546.0,39.0,111.0,1,1,1.0
510,3,1399.0,549.0,39.0,111.0,1,1,1.0
510,1,1370.0,545.0,37.0,112.0,1,1,1.0
511,3,1402.0,549.0,38.0,112.0,1,1,1.0
511,1,1374.0,546.0,35.0,113.0,1,1,1.0
512,3,1405.0,549.0,37.0,112.0,1,1,1.0
512,1,1374.0,547.0,38.0,113.0,1,1,1.0
513,3,1407.0,549.0,36.0,112.0,1,1,1.0
513,1,1373.0,547.0,41.0,114.0,1,1,1.0
514,3,1409.0,548.0,36.0,112.0,1,1,1.0
514,1,1373.0,548.0,43.0,115.0,1,1,1.0
515,3,1410.0,548.0,37.0,112.0,1,1,1.0
515,1,1373.0,548.0,43.0,115.0,1,1,1.0
516,3,1411.0,549.0,37.0,112.0,1,1,1.0
516,1,1375.0,550.0,42.0,114.0,1,1,1.0
517,3,1412.0,550.0,38.0,113.0,1,1,1.0
517,1,1378.0,550.0,41.0,114.0,1,1,1.0
518,3,1415.0,550.0,38.0,112.0,1,1,1.0
518,1,1381.0,550.0,38.0,115.0,1,1,1.0
519,3,1416.0,552.0,38.0,112.0,1,1,1.0
519,1,1385.0,548.0,36.0,117.0,1,1,1.0
520,3,1418.0,552.0,38.0,113.0,1,1,1.0
520,1,1389.0,547.0,33.0,118.0,1,1,1.0
521,3,1418.0,553.0,38.0,114.0,1,1,1.0
521,1,1391.0,546.0,32.0,117.0,1,1,1.0
522,3,1418.0,552.0,40.0,115.0,1,1,1.0
522,1,1392.0,546.0,32.0,117.0,1,1,1.0
523,3,1419.0,551.0,41.0,117.0,1,1,1.0
523,1,1392.0,547.0,34.0,116.0,1,1,1.0
524,3,1420.0,551.0,41.0,117.0,1,1,1.0
524,1,1393.0,548.0,34.0,115.0,1,1,1.0
525,3,1423.0,551.0,40.0,117.0,1,1,1.0
525,1,1395.0,548.0,35.0,117.0,1,1,1.0
526,3,1425.0,552.0,39.0,117.0,1,1,1.0
526,1,1396.0,548.0,35.0,118.0,1,1,1.0
527,3,1427.0,552.0,39.0,117.0,1,1,1.0
527,1,1397.0,549.0,35.0,118.0,1,1,1.0
528,3,1428.0,553.0,39.0,116.0,1,1,1.0
528,1,1398.0,550.0,37.0,119.0,1,1,1.0
529,3,1428.0,555.0,39.0,115.0,1,1,1.0
529,1,1400.0,551.0,35.0,118.0,1,1,1.0
530,3,1429.0,556.0,39.0,115.0,1,1,1.0
530,1,1402.0,551.0,34.0,118.0,1,1,1.0
531,3,1430.0,557.0,38.0,115.0,1,1,1.0
531,1,1403.0,551.0,36.0,119.0,1,1,1.0
532,3,1431.0,557.0,38.0,115.0,1,1,1.0
532,1,1403.0,552.0,36.0,119.0,1,1,1.0
533,3,1432.0,558.0,38.0,115.0,1,1,1.0
533,1,1401.0,552.0,38.0,121.0,1,1,1.0
534,3,1432.0,558.0,37.0,115.0,1,1,1.0
534,1,1398.0,552.0,42.0,121.0,1,1,1.0
535,3,1432.0,558.0,37.0,115.0,1,1,1.0
535,1,1395.0,552.0,45.0,122.0,1,1,1.0
536,3,1433.0,558.0,36.0,115.0,1,1,1.0
536,1,1392.0,553.0,48.0,123.0,1,1,1.0
537,3,1433.0,558.0,35.0,115.0,1,1,1.0
537,1,1390.0,554.0,50.0,123.0,1,1,1.0
538,3,1433.0,558.0,35.0,115.0,1,1,1.0
538,1,1395.0,554.0,45.0,123.0,1,1,1.0
539,3,1433.0,558.0,35.0,116.0,1,1,1.0
539,1,1398.0,554.0,42.0,123.0,1,1,1.0
540,3,1433.0,558.0,35.0,117.0,1,1,1.0
540,1,1401.0,553.0,39.0,124.0,1,1,1.0
541,3,1432.0,559.0,35.0,116.0,1,1,1.0
541,1,1403.0,554.0,38.0,123.0,1,1,1.0
542,3,1432.0,560.0,36.0,116.0,1,1,1.0
542,1,1403.0,554.0,38.0,122.0,1,1,1.0
543,3,1432.0,560.0,36.0,117.0,1,1,1.0
543,1,1404.0,555.0,37.0,122.0,1,1,1.0
544,3,1432.0,560.0,35.0,118.0,1,1,1.0
544,1,1404.0,556.0,37.0,121.0,1,1,1.0
545,3,1433.0,560.0,35.0,120.0,1,1,1.0
545,1,1403.0,557.0,37.0,121.0,1,1,1.0
546,3,1433.0,560.0,35.0,120.0,1,1,1.0
546,1,1403.0,557.0,37.0,122.0,1,1,1.0
547,3,1433.0,560.0,35.0,121.0,1,1,1.0
547,1,1403.0,558.0,36.0,122.0,1,1,1.0
548,3,1432.0,561.0,35.0,120.0,1,1,1.0
548,1,1402.0,558.0,35.0,124.0,1,1,1.0
549,3,1431.0,561.0,36.0,120.0,1,1,1.0
549,1,1402.0,558.0,35.0,124.0,1,1,1.0
550,3,1431.0,561.0,35.0,119.0,1,1,1.0
550,1,1401.0,559.0,36.0,124.0,1,1,1.0
551,3,1429.0,562.0,36.0,119.0,1,1,1.0
551,1,1399.0,559.0,38.0,124.0,1,1,1.0
552,3,1427.0,563.0,37.0,119.0,1,1,1.0
552,1,1394.0,559.0,42.0,124.0,1,1,1.0
553,3,1425.0,564.0,39.0,118.0,1,1,1.0
553,1,1389.0,559.0,45.0,124.0,1,1,1.0
554,3,1424.0,565.0,38.0,118.0,1,1,1.0
554,1,1384.0,559.0,50.0,123.0,1,1,1.0
555,3,1424.0,565.0,37.0,118.0,1,1,1.0
555,1,1377.0,560.0,55.0,122.0,1,1,1.0
556,3,1422.0,565.0,37.0,119.0,1,1,1.0
556,1,1373.0,561.0,57.0,122.0,1,1,1.0
557,3,1421.0,565.0,37.0,120.0,1,1,1.0
557,1,1370.0,562.0,59.0,122.0,1,1,1.0
558,3,1420.0,565.0,37.0,121.0,1,1,1.0
558,1,1368.0,562.0,58.0,123.0,1,1,1.0
559,3,1418.0,565.0,36.0,121.0,1,1,1.0
559,1,1367.0,562.0,57.0,123.0,1,1,1.0
560,3,1416.0,566.0,37.0,120.0,1,1,1.0
560,1,1367.0,562.0,55.0,123.0,1,1,1.0
561,3,1414.0,566.0,35.0,120.0,1,1,1.0
561,1,1367.0,561.0,52.0,124.0,1,1,1.0
562,3,1411.0,566.0,36.0,120.0,1,1,1.0
562,1,1368.0,561.0,49.0,124.0,1,1,1.0
563,3,1409.0,566.0,35.0,120.0,1,1,1.0
563,1,1369.0,560.0,47.0,125.0,1,1,1.0
564,3,1407.0,566.0,35.0,121.0,1,1,1.0
564,1,1369.0,560.0,44.0,126.0,1,1,1.0
565,3,1401.0,566.0,38.0,122.0,1,1,1.0
565,1,1369.0,560.0,43.0,126.0,1,1,1.0
566,3,1396.0,567.0,42.0,122.0,1,1,1.0
566,1,1368.0,560.0,43.0,127.0,1,1,1.0
567,3,1392.0,568.0,43.0,121.0,1,1,1.0
567,1,1366.0,561.0,43.0,127.0,1,1,1.0
568,3,1391.0,569.0,43.0,121.0,1,1,1.0
568,1,1363.0,562.0,43.0,127.0,1,1,1.0
569,3,1390.0,569.0,41.0,121.0,1,1,1.0
569,1,1360.0,563.0,43.0,127.0,1,1,1.0
570,3,1390.0,569.0,38.0,121.0,1,1,1.0
570,1,1358.0,564.0,44.0,128.0,1,1,1.0
571,3,1390.0,569.0,36.0,122.0,1,1,1.0
571,1,1354.0,564.0,43.0,128.0,1,1,1.0
572,3,1387.0,569.0,36.0,122.0,1,1,1.0
572,1,1348.0,566.0,49.0,126.0,1,1,1.0
573,3,1384.0,569.0,38.0,122.0,1,1,1.0
573,1,1344.0,565.0,52.0,127.0,1,1,1.0
574,3,1381.0,569.0,39.0,122.0,1,1,1.0
574,1,1340.0,564.0,54.0,128.0,1,1,1.0
575,3,1378.0,570.0,40.0,122.0,1,1,1.0
575,1,1339.0,564.0,53.0,129.0,1,1,1.0
576,3,1376.0,570.0,41.0,123.0,1,1,1.0
576,1,1339.0,563.0,51.0,129.0,1,1,1.0
577,3,1374.0,571.0,41.0,123.0,1,1,1.0
577,1,1336.0,564.0,51.0,129.0,1,1,1.0
578,3,1373.0,571.0,40.0,124.0,1,1,1.0
578,1,1330.0,564.0,54.0,129.0,1,1,1.0
579,3,1371.0,571.0,40.0,125.0,1,1,1.0
579,1,1327.0,564.0,55.0,130.0,1,1,1.0
580,3,1369.0,571.0,40.0,126.0,1,1,1.0
580,1,1325.0,565.0,54.0,131.0,1,1,1.0
581,3,1367.0,570.0,39.0,127.0,1,1,1.0
581,1,1324.0,565.0,52.0,131.0,1,1,1.0
582,3,1366.0,569.0,38.0,128.0,1,1,1.0
582,1,1322.0,564.0,50.0,132.0,1,1,1.0
583,3,1363.0,568.0,38.0,129.0,1,1,1.0
583,1,1320.0,564.0,51.0,132.0,1,1,1.0
584,3,1361.0,568.0,38.0,129.0,1,1,1.0
584,1,1316.0,563.0,52.0,133.0,1,1,1.0
585,3,1360.0,569.0,37.0,129.0,1,1,1.0
585,1,1313.0,563.0,53.0,134.0,1,1,1.0
586,3,1358.0,569.0,37.0,130.0,1,1,1.0
586,1,1310.0,563.0,54.0,134.0,1,1,1.0
587,3,1356.0,570.0,36.0,129.0,1,1,1.0
587,1,1308.0,564.0,53.0,134.0,1,1,1.0
588,3,1355.0,571.0,36.0,130.0,1,1,1.0
588,1,1306.0,565.0,53.0,134.0,1,1,1.0
589,3,1352.0,571.0,37.0,132.0,1,1,1.0
589,1,1304.0,566.0,54.0,134.0,1,1,1.0
590,3,1350.0,572.0,38.0,133.0,1,1,1.0
590,1,1302.0,567.0,53.0,135.0,1,1,1.0
591,3,1348.0,572.0,39.0,134.0,1,1,1.0
591,1,1299.0,568.0,53.0,136.0,1,1,1.0
592,3,1346.0,572.0,39.0,135.0,1,1,1.0
592,1,1296.0,568.0,53.0,136.0,1,1,1.0
593,3,1343.0,572.0,41.0,135.0,1,1,1.0
593,1,1295.0,568.0,52.0,136.0,1,1,1.0
594,3,1339.0,572.0,43.0,135.0,1,1,1.0
594,1,1294.0,567.0,50.0,137.0,1,1,1.0
595,3,1337.0,572.0,43.0,135.0,1,1,1.0
595,1,1293.0,568.0,49.0,136.0,1,1,1.0
596,3,1335.0,572.0,43.0,134.0,1,1,1.0
596,1,1292.0,568.0,49.0,135.0,1,1,1.0
597,3,1331.0,572.0,44.0,135.0,1,1,1.0
597,1,1288.0,568.0,50.0,135.0,1,1,1.0
598,3,1325.0,573.0,48.0,134.0,1,1,1.0
598,1,1281.0,570.0,54.0,135.0,1,1,1.0
599,3,1321.0,575.0,50.0,133.0,1,1,1.0
599,1,1275.0,571.0,58.0,134.0,1,1,1.0
600,3,1319.0,576.0,49.0,134.0,1,1,1.0
600,1,1271.0,573.0,58.0,133.0,1,1,1.0
601,3,1318.0,576.0,48.0,136.0,1,1,1.0
601,1,1270.0,573.0,57.0,135.0,1,1,1.0
602,3,1317.0,576.0,47.0,137.0,1,1,1.0
602,1,1269.0,574.0,57.0,135.0,1,1,1.0
603,3,1315.0,577.0,47.0,136.0,1,1,1.0
603,1,1270.0,573.0,53.0,136.0,1,1,1.0
604,3,1315.0,576.0,44.0,137.0,1,1,1.0
604,1,1270.0,573.0,48.0,136.0,1,1,1.0
605,3,1314.0,576.0,41.0,137.0,1,1,1.0
605,1,1268.0,574.0,47.0,135.0,1,1,1.0
606,3,1310.0,576.0,42.0,137.0,1,1,1.0
606,1,1265.0,573.0,47.0,136.0,1,1,1.0
607,3,1308.0,576.0,41.0,140.0,1,1,1.0
607,1,1260.0,573.0,51.0,136.0,1,1,1.0
608,3,1306.0,576.0,41.0,141.0,1,1,1.0
608,1,1256.0,573.0,51.0,138.0,1,1,1.0
609,3,1303.0,576.0,43.0,141.0,1,1,1.0
609,1,1254.0,574.0,51.0,138.0,1,1,1.0
610,3,1301.0,578.0,44.0,140.0,1,1,1.0
610,1,1252.0,574.0,51.0,140.0,1,1,1.0
611,3,1298.0,579.0,45.0,140.0,1,1,1.0
611,1,1250.0,575.0,51.0,141.0,1,1,1.0
612,3,1296.0,580.0,45.0,142.0,1,1,1.0
612,1,1249.0,576.0,51.0,142.0,1,1,1.0
613,3,1293.0,581.0,44.0,142.0,1,1,1.0
613,1,1248.0,577.0,49.0,141.0,1,1,1.0
614,3,1291.0,580.0,43.0,143.0,1,1,1.0
614,1,1247.0,577.0,47.0,142.0,1,1,1.0
615,3,1289.0,580.0,42.0,143.0,1,1,1.0
615,1,1246.0,577.0,45.0,142.0,1,1,1.0
616,3,1285.0,580.0,43.0,143.0,1,1,1.0
616,1,1245.0,576.0,44.0,142.0,1,1,1.0
617,3,1281.0,581.0,44.0,143.0,1,1,1.0
617,1,1243.0,576.0,45.0,142.0,1,1,1.0
618,3,1277.0,580.0,46.0,143.0,1,1,1.0
618,1,1240.0,577.0,45.0,142.0,1,1,1.0
619,3,1266.0,582.0,53.0,142.0,1,1,1.0
619,1,1232.0,577.0,51.0,143.0,1,1,1.0
620,3,1260.0,583.0,55.0,142.0,1,1,1.0
620,1,1223.0,579.0,56.0,142.0,1,1,1.0
621,3,1256.0,584.0,55.0,141.0,1,1,1.0
621,1,1218.0,581.0,58.0,141.0,1,1,1.0
622,3,1254.0,585.0,56.0,143.0,1,1,1.0
622,1,1216.0,581.0,57.0,143.0,1,1,1.0
623,3,1253.0,584.0,56.0,144.0,1,1,1.0
623,1,1216.0,581.0,54.0,144.0,1,1,1.0
624,3,1251.0,584.0,56.0,146.0,1,1,1.0
624,1,1216.0,583.0,50.0,142.0,1,1,1.0
625,3,1251.0,585.0,53.0,145.0,1,1,1.0
625,1,1216.0,581.0,47.0,144.0,1,1,1.0
626,3,1251.0,585.0,48.0,145.0,1,1,1.0
626,1,1214.0,580.0,45.0,145.0,1,1,1.0
627,3,1250.0,583.0,44.0,148.0,1,1,1.0
627,1,1211.0,580.0,45.0,145.0,1,1,1.0
628,3,1247.0,583.0,43.0,148.0,1,1,1.0
628,1,1207.0,580.0,46.0,144.0,1,1,1.0
629,3,1245.0,584.0,42.0,148.0,1,1,1.0
629,1,1204.0,581.0,46.0,145.0,1,1,1.0
630,3,1242.0,585.0,42.0,146.0,1,1,1.0
630,1,1201.0,582.0,46.0,146.0,1,1,1.0
631,3,1239.0,587.0,42.0,144.0,1,1,1.0
631,1,1197.0,583.0,46.0,144.0,1,1,1.0
632,3,1235.0,589.0,42.0,142.0,1,1,1.0
632,1,1194.0,584.0,46.0,145.0,1,1,1.0
633,3,1228.0,589.0,45.0,142.0,1,1,1.0
633,1,1192.0,584.0,46.0,147.0,1,1,1.0
634,3,1226.0,589.0,45.0,143.0,1,1,1.0
634,1,1190.0,584.0,44.0,148.0,1,1,1.0
635,3,1221.0,590.0,47.0,147.0,1,1,1.0
635,1,1187.0,584.0,44.0,148.0,1,1,1.0
636,1,1183.0,584.0,44.0,149.0,1,1,1.0
637,3,1209.0,588.0,53.0,152.0,1,1,1.0
637,1,1178.0,583.0,46.0,149.0,1,1,1.0
638,3,1203.0,588.0,56.0,152.0,1,1,1.0
638,1,1171.0,583.0,50.0,150.0,1,1,1.0
639,3,1198.0,588.0,57.0,152.0,1,1,1.0
639,1,1161.0,583.0,57.0,151.0,1,1,1.0
640,3,1194.0,589.0,57.0,151.0,1,1,1.0
640,1,1150.0,583.0,71.0,153.0,1,1,1.0
641,3,1193.0,588.0,55.0,153.0,1,1,1.0
641,1,1143.0,584.0,72.0,155.0,1,1,1.0
642,3,1193.0,589.0,52.0,153.0,1,1,1.0
642,1,1141.0,584.0,69.0,158.0,1,1,1.0
643,3,1185.0,591.0,55.0,151.0,1,1,1.0
643,1,1140.0,584.0,66.0,157.0,1,1,1.0
644,3,1182.0,593.0,55.0,151.0,1,1,1.0
644,1,1141.0,583.0,59.0,159.0,1,1,1.0
645,3,1178.0,591.0,58.0,155.0,1,1,1.0
645,1,1142.0,582.0,53.0,160.0,1,1,1.0
646,3,1174.0,591.0,60.0,157.0,1,1,1.0
646,1,1140.0,580.0,48.0,161.0,1,1,1.0
647,3,1172.0,591.0,59.0,157.0,1,1,1.0
647,1,1137.0,579.0,47.0,161.0,1,1,1.0
648,3,1172.0,590.0,53.0,158.0,1,1,1.0
648,1,1132.0,580.0,48.0,161.0,1,1,1.0
649,3,1171.0,590.0,47.0,159.0,1,1,1.0
649,1,1127.0,582.0,50.0,161.0,1,1,1.0
650,3,1168.0,590.0,45.0,159.0,1,1,1.0
650,1,1122.0,584.0,51.0,162.0,1,1,1.0
651,3,1165.0,591.0,45.0,161.0,1,1,1.0
651,1,1118.0,585.0,51.0,164.0,1,1,1.0
652,3,1160.0,593.0,46.0,160.0,1,1,1.0
652,1,1115.0,585.0,50.0,165.0,1,1,1.0
653,3,1150.0,593.0,51.0,161.0,1,1,1.0
653,1,1113.0,586.0,49.0,165.0,1,1,1.0
654,3,1146.0,595.0,51.0,161.0,1,1,1.0
654,1,1110.0,585.0,47.0,166.0,1,1,1.0
655,3,1141.0,596.0,53.0,163.0,1,1,1.0
655,1,1105.0,585.0,48.0,167.0,1,1,1.0
656,3,1138.0,595.0,53.0,164.0,1,1,1.0
656,1,1101.0,584.0,49.0,167.0,1,1,1.0
657,3,1137.0,595.0,49.0,165.0,1,1,1.0
657,1,1094.0,584.0,51.0,167.0,1,1,1.0
658,3,1127.0,595.0,54.0,165.0,1,1,1.0
658,1,1083.0,585.0,59.0,167.0,1,1,1.0
659,3,1120.0,594.0,57.0,166.0,1,1,1.0
659,1,1072.0,587.0,65.0,166.0,1,1,1.0
660,3,1117.0,595.0,56.0,165.0,1,1,1.0
660,1,1067.0,588.0,66.0,168.0,1,1,1.0
661,3,1115.0,596.0,54.0,164.0,1,1,1.0
661,1,1065.0,588.0,72.0,169.0,1,1,1.0
662,3,1107.0,597.0,57.0,164.0,1,1,1.0
662,1,1064.0,589.0,68.0,169.0,1,1,1.0
663,3,1100.0,598.0,61.0,164.0,1,1,1.0
663,1,1064.0,588.0,59.0,169.0,1,1,1.0
664,3,1091.0,599.0,66.0,165.0,1,1,1.0
664,1,1060.0,587.0,56.0,170.0,1,1,1.0
665,3,1085.0,600.0,70.0,165.0,1,1,1.0
665,1,1055.0,586.0,56.0,171.0,1,1,1.0
666,3,1083.0,600.0,70.0,167.0,1,1,1.0
666,1,1049.0,586.0,57.0,171.0,1,1,1.0
667,3,1082.0,600.0,68.0,168.0,1,1,1.0
667,1,1043.0,587.0,59.0,172.0,1,1,1.0
668,3,1078.0,599.0,67.0,169.0,1,1,1.0
668,1,1035.0,589.0,61.0,171.0,1,1,1.0
669,3,1076.0,598.0,59.0,170.0,1,1,1.0
669,1,1029.0,591.0,63.0,171.0,1,1,1.0
670,3,1073.0,598.0,55.0,170.0,1,1,1.0
670,1,1022.0,593.0,67.0,173.0,1,1,1.0
671,3,1071.0,598.0,52.0,171.0,1,1,1.0
671,1,1017.0,593.0,68.0,174.0,1,1,1.0
672,3,1068.0,598.0,50.0,173.0,1,1,1.0
672,1,1014.0,593.0,65.0,175.0,1,1,1.0
673,3,1059.0,600.0,54.0,174.0,1,1,1.0
673,1,1012.0,592.0,61.0,176.0,1,1,1.0
674,3,1052.0,601.0,57.0,173.0,1,1,1.0
674,1,1012.0,591.0,57.0,177.0,1,1,1.0
675,3,1046.0,602.0,60.0,174.0,1,1,1.0
675,1,1010.0,591.0,54.0,178.0,1,1,1.0
676,3,1042.0,602.0,63.0,176.0,1,1,1.0
676,1,1005.0,591.0,55.0,178.0,1,1,1.0
677,3,1040.0,602.0,62.0,177.0,1,1,1.0
677,1,993.0,592.0,63.0,177.0,1,1,1.0
678,3,1037.0,602.0,60.0,178.0,1,1,1.0
678,1,983.0,594.0,69.0,175.0,1,1,1.0
679,3,1033.0,602.0,57.0,178.0,1,1,1.0
679,1,974.0,595.0,75.0,174.0,1,1,1.0
680,3,1032.0,602.0,52.0,179.0,1,1,1.0
680,1,971.0,597.0,76.0,176.0,1,1,1.0
681,3,1025.0,602.0,55.0,179.0,1,1,1.0
681,1,970.0,597.0,76.0,178.0,1,1,1.0
682,3,1020.0,603.0,56.0,178.0,1,1,1.0
682,1,970.0,597.0,77.0,179.0,1,1,1.0
683,3,1012.0,603.0,59.0,177.0,1,1,1.0
683,1,969.0,596.0,67.0,180.0,1,1,1.0
684,3,1000.0,605.0,67.0,176.0,1,1,1.0
684,1,963.0,596.0,64.0,180.0,1,1,1.0
685,3,992.0,606.0,71.0,176.0,1,1,1.0
685,1,954.0,596.0,66.0,180.0,1,1,1.0
686,3,984.0,608.0,76.0,178.0,1,1,1.0
686,1,946.0,597.0,68.0,179.0,1,1,1.0
687,3,985.0,609.0,75.0,180.0,1,1,1.0
687,1,938.0,598.0,70.0,182.0,1,1,1.0
688,3,981.0,609.0,76.0,182.0,1,1,1.0
688,1,932.0,599.0,71.0,184.0,1,1,1.0
689,3,979.0,609.0,74.0,182.0,1,1,1.0
689,1,926.0,602.0,71.0,186.0,1,1,1.0
690,3,977.0,609.0,70.0,183.0,1,1,1.0
690,1,922.0,603.0,72.0,185.0,1,1,1.0
691,3,977.0,609.0,62.0,183.0,1,1,1.0
691,1,918.0,604.0,72.0,185.0,1,1,1.0
692,3,973.0,609.0,55.0,182.0,1,1,1.0
692,1,916.0,605.0,68.0,184.0,1,1,1.0
693,3,967.0,610.0,54.0,184.0,1,1,1.0
693,1,914.0,605.0,65.0,185.0,1,1,1.0
694,3,966.0,611.0,51.0,187.0,1,1,1.0
694,1,914.0,605.0,60.0,185.0,1,1,1.0
695,3,953.0,612.0,58.0,187.0,1,1,1.0
695,1,913.0,605.0,56.0,184.0,1,1,1.0
696,3,943.0,614.0,65.0,186.0,1,1,1.0
696,1,903.0,606.0,62.0,185.0,1,1,1.0
697,3,937.0,615.0,69.0,185.0,1,1,1.0
697,1,891.0,607.0,69.0,186.0,1,1,1.0
698,3,932.0,617.0,72.0,186.0,1,1,1.0
698,1,881.0,608.0,75.0,187.0,1,1,1.0
699,3,929.0,617.0,73.0,189.0,1,1,1.0
699,1,877.0,610.0,77.0,190.0,1,1,1.0
700,3,927.0,618.0,69.0,190.0,1,1,1.0
700,1,876.0,610.0,73.0,190.0,1,1,1.0
701,3,925.0,618.0,62.0,190.0,1,1,1.0
701,1,875.0,611.0,68.0,190.0,1,1,1.0
702,3,921.0,619.0,57.0,190.0,1,1,1.0
703,3,912.0,619.0,59.0,190.0,1,1,1.0
703,1,856.0,611.0,75.0,190.0,1,1,1.0
704,3,907.0,620.0,59.0,189.0,1,1,1.0
704,1,846.0,610.0,78.0,190.0,1,1,1.0
705,3,902.0,621.0,59.0,189.0,1,1,1.0
705,1,837.0,611.0,81.0,191.0,1,1,1.0
706,3,892.0,622.0,65.0,188.0,1,1,1.0
706,1,829.0,613.0,83.0,195.0,1,1,1.0
707,3,879.0,624.0,74.0,188.0,1,1,1.0
707,1,825.0,614.0,82.0,196.0,1,1,1.0
708,3,870.0,626.0,80.0,190.0,1,1,1.0
708,1,820.0,617.0,81.0,197.0,1,1,1.0
709,3,866.0,628.0,84.0,192.0,1,1,1.0
709,1,815.0,619.0,81.0,197.0,1,1,1.0
710,3,863.0,628.0,85.0,193.0,1,1,1.0
710,1,811.0,620.0,79.0,196.0,1,1,1.0
711,3,862.0,629.0,82.0,194.0,1,1,1.0
711,1,808.0,620.0,77.0,196.0,1,1,1.0
712,3,862.0,628.0,75.0,194.0,1,1,1.0
712,1,806.0,621.0,72.0,196.0,1,1,1.0
713,3,859.0,628.0,68.0,194.0,1,1,1.0
713,1,805.0,621.0,67.0,195.0,1,1,1.0
714,3,852.0,628.0,64.0,195.0,1,1,1.0
714,1,805.0,621.0,61.0,194.0,1,1,1.0
715,1,800.0,622.0,61.0,194.0,1,1,1.0
716,3,842.0,630.0,61.0,199.0,1,1,1.0
716,1,787.0,623.0,69.0,195.0,1,1,1.0
717,3,832.0,632.0,66.0,199.0,1,1,1.0
717,1,776.0,625.0,77.0,195.0,1,1,1.0
718,3,822.0,633.0,72.0,200.0,1,1,1.0
718,1,771.0,627.0,86.0,198.0,1,1,1.0
719,3,815.0,635.0,77.0,200.0,1,1,1.0
719,1,768.0,628.0,89.0,199.0,1,1,1.0
720,3,811.0,636.0,79.0,202.0,1,1,1.0
720,1,768.0,629.0,85.0,199.0,1,1,1.0
721,3,809.0,637.0,79.0,204.0,1,1,1.0
721,1,763.0,628.0,76.0,199.0,1,1,1.0
722,3,805.0,637.0,77.0,204.0,1,1,1.0
722,1,752.0,628.0,80.0,200.0,1,1,1.0
723,3,799.0,637.0,73.0,205.0,1,1,1.0
723,1,741.0,628.0,80.0,200.0,1,1,1.0
724,3,791.0,638.0,70.0,204.0,1,1,1.0
724,1,731.0,629.0,81.0,199.0,1,1,1.0
725,3,788.0,638.0,65.0,203.0,1,1,1.0
725,1,725.0,630.0,81.0,202.0,1,1,1.0
726,1,721.0,631.0,79.0,204.0,1,1,1.0
727,3,777.0,640.0,64.0,203.0,1,1,1.0
727,1,718.0,633.0,77.0,205.0,1,1,1.0
728,3,763.0,642.0,74.0,202.0,1,1,1.0
728,1,714.0,636.0,84.0,205.0,1,1,1.0
729,3,751.0,643.0,84.0,202.0,1,1,1.0
729,1,709.0,638.0,88.0,206.0,1,1,1.0
730,3,748.0,646.0,86.0,203.0,1,1,1.0
730,1,703.0,639.0,87.0,206.0,1,1,1.0
731,3,742.0,647.0,91.0,205.0,1,1,1.0
731,1,699.0,640.0,76.0,206.0,1,1,1.0
732,3,740.0,648.0,91.0,207.0,1,1,1.0
732,1,696.0,640.0,69.0,206.0,1,1,1.0
733,3,738.0,648.0,86.0,207.0,1,1,1.0
733,1,696.0,639.0,62.0,206.0,1,1,1.0
734,3,734.0,648.0,80.0,207.0,1,1,1.0
734,1,693.0,640.0,62.0,205.0,1,1,1.0
735,3,731.0,648.0,71.0,207.0,1,1,1.0
735,1,685.0,640.0,65.0,205.0,1,1,1.0
736,3,724.0,649.0,66.0,207.0,1,1,1.0
736,1,670.0,642.0,74.0,206.0,1,1,1.0
737,3,718.0,649.0,63.0,211.0,1,1,1.0
737,1,659.0,643.0,83.0,208.0,1,1,1.0
738,3,709.0,650.0,65.0,215.0,1,1,1.0
738,1,654.0,645.0,93.0,208.0,1,1,1.0
739,3,697.0,652.0,75.0,215.0,1,1,1.0
739,1,652.0,645.0,91.0,208.0,1,1,1.0
740,3,687.0,654.0,83.0,215.0,1,1,1.0
740,1,652.0,645.0,85.0,208.0,1,1,1.0
741,3,681.0,655.0,88.0,218.0,1,1,1.0
741,1,644.0,645.0,73.0,208.0,1,1,1.0
742,3,678.0,656.0,89.0,219.0,1,1,1.0
742,1,632.0,644.0,74.0,209.0,1,1,1.0
743,3,675.0,656.0,87.0,220.0,1,1,1.0
743,1,621.0,644.0,76.0,209.0,1,1,1.0
744,3,667.0,656.0,86.0,220.0,1,1,1.0
744,1,610.0,645.0,80.0,211.0,1,1,1.0
745,3,660.0,656.0,81.0,219.0,1,1,1.0
745,1,601.0,647.0,84.0,215.0,1,1,1.0
746,3,652.0,657.0,74.0,218.0,1,1,1.0
746,1,595.0,649.0,89.0,216.0,1,1,1.0
747,3,647.0,658.0,70.0,217.0,1,1,1.0
747,1,588.0,651.0,100.0,217.0,1,1,1.0
748,3,643.0,660.0,67.0,216.0,1,1,1.0
748,1,582.0,653.0,101.0,218.0,1,1,1.0
749,3,629.0,661.0,78.0,216.0,1,1,1.0
749,1,575.0,655.0,104.0,219.0,1,1,1.0
