1,1,745.0,199.0,34.0,104.0,1,1,1.0
2,1,745.0,200.0,34.0,103.0,1,1,1.0
3,1,746.0,201.0,35.0,104.0,1,1,1.0
4,1,747.0,201.0,35.0,105.0,1,1,1.0
5,1,747.0,201.0,36.0,106.0,1,1,1.0
6,1,747.0,201.0,36.0,106.0,1,1,1.0
7,1,748.0,201.0,37.0,106.0,1,1,1.0
8,1,749.0,201.0,36.0,106.0,1,1,1.0
9,1,749.0,202.0,36.0,105.0,1,1,1.0
10,1,750.0,203.0,35.0,104.0,1,1,1.0
11,1,750.0,205.0,35.0,104.0,1,1,1.0
12,1,750.0,206.0,35.0,104.0,1,1,1.0
13,1,750.0,207.0,35.0,104.0,1,1,1.0
14,1,750.0,207.0,35.0,105.0,1,1,1.0
15,1,750.0,208.0,35.0,106.0,1,1,1.0
16,1,750.0,208.0,36.0,106.0,1,1,1.0
17,1,750.0,207.0,36.0,107.0,1,1,1.0
18,1,750.0,207.0,36.0,107.0,1,1,1.0
19,1,750.0,207.0,36.0,108.0,1,1,1.0
20,1,750.0,207.0,36.0,108.0,1,1,1.0
21,1,750.0,209.0,36.0,108.0,1,1,1.0
22,1,750.0,211.0,36.0,108.0,1,1,1.0
23,1,749.0,212.0,37.0,108.0,1,1,1.0
24,1,750.0,214.0,38.0,107.0,1,1,1.0
25,1,751.0,215.0,39.0,108.0,1,1,1.0
26,1,752.0,216.0,40.0,109.0,1,1,1.0
27,1,753.0,216.0,40.0,109.0,1,1,1.0
28,1,754.0,216.0,40.0,109.0,1,1,1.0
29,1,755.0,216.0,40.0,108.0,1,1,1.0
30,1,756.0,217.0,39.0,107.0,1,1,1.0
31,1,756.0,217.0,39.0,108.0,1,1,1.0
32,1,757.0,218.0,39.0,109.0,1,1,1.0
33,1,757.0,219.0,39.0,109.0,1,1,1.0
34,1,758.0,220.0,39.0,110.0,1,1,1.0
35,1,758.0,221.0,40.0,110.0,1,1,1.0
36,1,758.0,221.0,40.0,111.0,1,1,1.0
37,1,758.0,221.0,40.0,112.0,1,1,1.0
38,1,759.0,221.0,40.0,113.0,1,1,1.0
39,1,760.0,220.0,40.0,113.0,1,1,1.0
40,1,761.0,220.0,40.0,114.0,1,1,1.0
41,1,762.0,220.0,40.0,115.0,1,1,1.0
42,1,763.0,220.0,39.0,117.0,1,1,1.0
43,1,764.0,220.0,38.0,119.0,1,1,1.0
44,1,765.0,221.0,38.0,119.0,1,1,1.0
45,1,767.0,223.0,38.0,120.0,1,1,1.0
46,1,768.0,223.0,40.0,121.0,1,1,1.0
47,1,769.0,223.0,40.0,122.0,1,1,1.0
48,1,771.0,224.0,41.0,121.0,1,1,1.0
49,1,771.0,224.0,42.0,122.0,1,1,1.0
50,1,772.0,224.0,42.0,122.0,1,1,1.0
51,1,773.0,224.0,42.0,121.0,1,1,1.0
52,1,774.0,225.0,42.0,122.0,1,1,1.0
53,1,775.0,226.0,41.0,123.0,1,1,1.0
54,1,775.0,228.0,40.0,123.0,1,1,1.0
55,1,775.0,229.0,40.0,123.0,1,1,1.0
56,1,775.0,231.0,40.0,123.0,1,1,1.0
57,1,775.0,231.0,40.0,123.0,1,1,1.0
58,1,775.0,231.0,41.0,124.0,1,1,1.0
59,1,775.0,231.0,41.0,124.0,1,1,1.0
60,1,775.0,231.0,41.0,124.0,1,1,1.0
61,1,775.0,230.0,41.0,125.0,1,1,1.0
62,1,775.0,230.0,41.0,126.0,1,1,1.0
63,1,775.0,231.0,41.0,128.0,1,1,1.0
64,1,775.0,232.0,40.0,129.0,1,1,1.0
65,1,776.0,235.0,40.0,128.0,1,1,1.0
66,1,776.0,236.0,40.0,129.0,1,1,1.0
67,1,776.0,237.0,40.0,130.0,1,1,1.0
68,1,777.0,237.0,41.0,130.0,1,1,1.0
69,1,777.0,237.0,41.0,131.0,1,1,1.0
70,1,778.0,237.0,41.0,131.0,1,1,1.0
71,1,779.0,237.0,41.0,131.0,1,1,1.0
72,1,779.0,237.0,41.0,131.0,1,1,1.0
73,1,779.0,238.0,41.0,130.0,1,1,1.0
74,1,780.0,240.0,41.0,130.0,1,1,1.0
75,1,780.0,241.0,42.0,130.0,1,1,1.0
76,1,780.0,242.0,41.0,131.0,1,1,1.0
77,1,779.0,243.0,42.0,132.0,1,1,1.0
78,1,779.0,244.0,42.0,133.0,1,1,1.0
79,1,779.0,245.0,43.0,134.0,1,1,1.0
80,1,779.0,246.0,43.0,135.0,1,1,1.0
81,1,778.0,246.0,43.0,135.0,1,1,1.0
82,1,778.0,246.0,43.0,135.0,1,1,1.0
83,1,778.0,245.0,43.0,136.0,1,1,1.0
84,1,778.0,245.0,44.0,136.0,1,1,1.0
85,1,777.0,247.0,43.0,138.0,1,1,1.0
86,1,777.0,248.0,43.0,140.0,1,1,1.0
87,1,777.0,249.0,43.0,140.0,1,1,1.0
88,1,777.0,250.0,43.0,141.0,1,1,1.0
89,1,778.0,250.0,43.0,143.0,1,1,1.0
90,1,778.0,250.0,43.0,143.0,1,1,1.0
91,1,778.0,251.0,44.0,143.0,1,1,1.0
92,1,778.0,251.0,44.0,143.0,1,1,1.0
93,1,778.0,251.0,44.0,143.0,1,1,1.0
94,1,778.0,252.0,44.0,142.0,1,1,1.0
95,1,778.0,251.0,44.0,143.0,1,1,1.0
96,1,777.0,254.0,44.0,143.0,1,1,1.0
97,1,777.0,256.0,44.0,144.0,1,1,1.0
98,1,776.0,258.0,44.0,143.0,1,1,1.0
99,1,776.0,261.0,45.0,143.0,1,1,1.0
100,1,775.0,262.0,45.0,145.0,1,1,1.0
101,1,774.0,262.0,45.0,146.0,1,1,1.0
102,1,773.0,262.0,46.0,146.0,1,1,1.0
103,1,772.0,262.0,46.0,147.0,1,1,1.0
104,1,771.0,262.0,46.0,147.0,1,1,1.0
105,1,770.0,264.0,46.0,146.0,1,1,1.0
106,1,769.0,265.0,46.0,148.0,1,1,1.0
107,1,768.0,265.0,46.0,150.0,1,1,1.0
108,1,768.0,267.0,45.0,150.0,1,1,1.0
109,1,768.0,270.0,45.0,149.0,1,1,1.0
110,1,768.0,271.0,46.0,150.0,1,1,1.0
111,1,768.0,272.0,46.0,151.0,1,1,1.0
112,1,768.0,272.0,46.0,151.0,1,1,1.0
113,1,768.0,272.0,46.0,152.0,1,1,1.0
114,1,768.0,272.0,47.0,152.0,1,1,1.0
115,1,768.0,273.0,47.0,151.0,1,1,1.0
116,1,768.0,273.0,47.0,151.0,1,1,1.0
117,1,769.0,274.0,47.0,153.0,1,1,1.0
118,1,768.0,275.0,47.0,155.0,1,1,1.0
119,1,769.0,278.0,47.0,155.0,1,1,1.0
120,1,769.0,280.0,47.0,155.0,1,1,1.0
121,1,768.0,281.0,47.0,156.0,1,1,1.0
122,1,768.0,282.0,48.0,157.0,1,1,1.0
123,1,768.0,282.0,48.0,158.0,1,1,1.0
124,1,768.0,282.0,48.0,159.0,1,1,1.0
125,1,768.0,283.0,49.0,158.0,1,1,1.0
126,1,768.0,284.0,49.0,157.0,1,1,1.0
127,1,768.0,285.0,49.0,159.0,1,1,1.0
128,1,768.0,287.0,49.0,161.0,1,1,1.0
129,1,769.0,289.0,50.0,162.0,1,1,1.0
130,1,769.0,290.0,50.0,162.0,1,1,1.0
131,1,771.0,292.0,50.0,164.0,1,1,1.0
132,1,772.0,293.0,51.0,166.0,1,1,1.0
133,1,773.0,293.0,51.0,167.0,1,1,1.0
134,1,774.0,293.0,51.0,167.0,1,1,1.0
135,1,776.0,293.0,51.0,167.0,1,1,1.0
136,1,777.0,293.0,52.0,167.0,1,1,1.0
137,1,778.0,294.0,52.0,167.0,1,1,1.0
138,1,779.0,296.0,52.0,167.0,1,1,1.0
139,1,780.0,298.0,52.0,169.0,1,1,1.0
140,1,780.0,300.0,52.0,170.0,1,1,1.0
141,1,781.0,303.0,52.0,170.0,1,1,1.0
142,1,781.0,305.0,52.0,171.0,1,1,1.0
143,1,781.0,306.0,53.0,174.0,1,1,1.0
144,1,781.0,307.0,54.0,175.0,1,1,1.0
145,1,781.0,307.0,54.0,175.0,1,1,1.0
146,1,782.0,307.0,54.0,175.0,1,1,1.0
147,1,782.0,308.0,54.0,175.0,1,1,1.0
148,1,782.0,309.0,55.0,174.0,1,1,1.0
149,1,782.0,311.0,55.0,176.0,1,1,1.0
150,1,782.0,313.0,55.0,178.0,1,1,1.0
151,1,783.0,315.0,55.0,179.0,1,1,1.0
152,1,784.0,318.0,55.0,179.0,1,1,1.0
153,1,784.0,320.0,55.0,181.0,1,1,1.0
154,1,785.0,322.0,56.0,183.0,1,1,1.0
155,1,786.0,323.0,56.0,184.0,1,1,1.0
156,1,787.0,322.0,57.0,184.0,1,1,1.0
157,1,788.0,323.0,57.0,184.0,1,1,1.0
158,1,789.0,324.0,57.0,183.0,1,1,1.0
159,1,789.0,325.0,57.0,181.0,1,1,1.0
160,1,790.0,327.0,57.0,184.0,1,1,1.0
161,1,791.0,329.0,57.0,188.0,1,1,1.0
162,1,791.0,332.0,57.0,189.0,1,1,1.0
163,1,791.0,334.0,58.0,190.0,1,1,1.0
164,1,791.0,337.0,58.0,191.0,1,1,1.0
165,1,791.0,338.0,58.0,193.0,1,1,1.0
166,1,791.0,339.0,59.0,195.0,1,1,1.0
167,1,791.0,339.0,59.0,195.0,1,1,1.0
168,1,791.0,340.0,59.0,194.0,1,1,1.0
169,1,791.0,341.0,60.0,193.0,1,1,1.0
170,1,791.0,343.0,60.0,197.0,1,1,1.0
171,1,791.0,346.0,61.0,200.0,1,1,1.0
172,1,791.0,349.0,62.0,201.0,1,1,1.0
173,1,792.0,352.0,62.0,201.0,1,1,1.0
174,1,794.0,355.0,62.0,204.0,1,1,1.0
175,1,795.0,356.0,63.0,207.0,1,1,1.0
176,1,797.0,358.0,64.0,207.0,1,1,1.0
177,1,799.0,358.0,63.0,207.0,1,1,1.0
178,1,801.0,359.0,63.0,206.0,1,1,1.0
179,1,802.0,361.0,63.0,204.0,1,1,1.0
180,1,803.0,363.0,64.0,206.0,1,1,1.0
181,1,804.0,366.0,64.0,210.0,1,1,1.0
182,1,804.0,368.0,65.0,213.0,1,1,1.0
183,1,805.0,372.0,65.0,214.0,1,1,1.0
184,1,806.0,376.0,66.0,215.0,1,1,1.0
185,1,807.0,379.0,65.0,219.0,1,1,1.0
186,1,808.0,380.0,67.0,220.0,1,1,1.0
187,1,809.0,381.0,67.0,220.0,1,1,1.0
188,1,810.0,382.0,66.0,219.0,1,1,1.0
189,1,811.0,384.0,66.0,217.0,1,1,1.0
190,1,812.0,385.0,66.0,215.0,1,1,1.0
191,1,813.0,388.0,67.0,220.0,1,1,1.0
192,1,813.0,391.0,67.0,223.0,1,1,1.0
193,1,814.0,395.0,69.0,224.0,1,1,1.0
194,1,816.0,399.0,69.0,225.0,1,1,1.0
195,1,818.0,402.0,69.0,229.0,1,1,1.0
196,1,820.0,404.0,71.0,232.0,1,1,1.0
197,1,823.0,406.0,71.0,231.0,1,1,1.0
198,1,825.0,407.0,72.0,230.0,1,1,1.0
199,1,828.0,409.0,71.0,229.0,1,1,1.0
200,1,830.0,411.0,71.0,227.0,1,1,1.0
201,1,832.0,413.0,72.0,228.0,1,1,1.0
202,1,835.0,416.0,72.0,233.0,1,1,1.0
203,1,837.0,420.0,72.0,237.0,1,1,1.0
204,1,838.0,423.0,73.0,238.0,1,1,1.0
205,1,840.0,427.0,73.0,240.0,1,1,1.0
206,1,842.0,430.0,73.0,245.0,1,1,1.0
207,1,844.0,432.0,73.0,247.0,1,1,1.0
208,1,846.0,433.0,73.0,247.0,1,1,1.0
209,1,849.0,435.0,74.0,246.0,1,1,1.0
210,1,850.0,437.0,74.0,244.0,1,1,1.0
211,1,851.0,439.0,75.0,242.0,1,1,1.0
212,1,852.0,442.0,76.0,245.0,1,1,1.0
213,1,853.0,446.0,76.0,249.0,1,1,1.0
214,1,855.0,450.0,77.0,252.0,1,1,1.0
215,1,858.0,454.0,78.0,253.0,1,1,1.0
216,1,860.0,458.0,78.0,256.0,1,1,1.0
217,1,864.0,461.0,78.0,261.0,1,1,1.0
218,1,867.0,464.0,79.0,262.0,1,1,1.0
219,1,870.0,465.0,80.0,262.0,1,1,1.0
220,1,875.0,467.0,80.0,260.0,1,1,1.0
221,1,878.0,469.0,80.0,258.0,1,1,1.0
222,1,880.0,472.0,80.0,255.0,1,1,1.0
223,1,883.0,475.0,80.0,259.0,1,1,1.0
224,1,885.0,479.0,81.0,265.0,1,1,1.0
225,1,887.0,485.0,81.0,268.0,1,1,1.0
226,1,889.0,490.0,81.0,268.0,1,1,1.0
227,1,891.0,495.0,82.0,271.0,1,1,1.0
228,1,893.0,500.0,82.0,276.0,1,1,1.0
229,1,895.0,502.0,83.0,278.0,1,1,1.0
230,1,897.0,504.0,85.0,277.0,1,1,1.0
231,1,899.0,507.0,85.0,275.0,1,1,1.0
232,1,900.0,510.0,86.0,272.0,1,1,1.0
233,1,901.0,513.0,87.0,268.0,1,1,1.0
234,1,902.0,517.0,88.0,273.0,1,1,1.0
235,1,903.0,523.0,89.0,280.0,1,1,1.0
236,1,905.0,528.0,89.0,283.0,1,1,1.0
237,1,907.0,534.0,90.0,284.0,1,1,1.0
238,1,909.0,539.0,91.0,287.0,1,1,1.0
239,1,912.0,544.0,92.0,294.0,1,1,1.0
240,1,915.0,547.0,93.0,296.0,1,1,1.0
241,1,918.0,550.0,93.0,295.0,1,1,1.0
242,1,920.0,552.0,94.0,293.0,1,1,1.0
243,1,922.0,555.0,94.0,290.0,1,1,1.0
244,1,924.0,559.0,95.0,286.0,1,1,1.0
245,1,926.0,564.0,95.0,296.0,1,1,1.0
246,1,928.0,571.0,95.0,305.0,1,1,1.0
247,1,930.0,578.0,96.0,310.0,1,1,1.0
248,1,930.0,584.0,97.0,312.0,1,1,1.0
249,1,932.0,590.0,98.0,319.0,1,1,1.0
250,1,933.0,594.0,98.0,320.0,1,1,1.0
251,1,935.0,597.0,99.0,319.0,1,1,1.0
252,1,936.0,601.0,100.0,316.0,1,1,1.0
253,1,937.0,605.0,101.0,312.0,1,1,1.0
254,1,938.0,609.0,103.0,307.0,1,1,1.0
255,1,938.0,615.0,104.0,315.0,1,1,1.0
256,1,939.0,621.0,106.0,328.0,1,1,1.0
257,1,941.0,629.0,107.0,333.0,1,1,1.0
258,1,943.0,636.0,108.0,334.0,1,1,1.0
259,1,946.0,643.0,108.0,341.0,1,1,1.0
260,1,950.0,648.0,110.0,347.0,1,1,1.0
261,1,952.0,653.0,112.0,347.0,1,1,1.0
262,1,956.0,657.0,113.0,345.0,1,1,1.0
263,1,960.0,662.0,113.0,340.0,1,1,1.0
264,1,962.0,667.0,113.0,335.0,1,1,1.0
265,1,964.0,673.0,115.0,330.0,1,1,1.0
266,1,967.0,679.0,114.0,342.0,1,1,1.0
267,1,968.0,688.0,115.0,353.0,1,1,1.0
268,1,970.0,697.0,115.0,359.0,1,1,1.0
269,1,971.0,706.0,116.0,363.0,1,1,1.0
270,1,972.0,713.0,116.0,365.0,1,1,1.0
271,1,973.0,720.0,117.0,361.0,1,1,1.0
272,1,973.0,726.0,120.0,357.0,1,1,1.0
273,1,974.0,731.0,121.0,352.0,1,1,1.0
274,1,974.0,737.0,123.0,345.0,1,1,1.0
275,1,975.0,743.0,124.0,338.0,1,1,1.0
276,1,974.0,751.0,126.0,330.0,1,1,1.0
277,1,974.0,760.0,128.0,321.0,1,1,1.0
278,1,974.0,769.0,130.0,312.0,1,1,1.0
279,1,974.0,779.0,132.0,302.0,1,1,1.0
280,1,975.0,789.0,132.0,291.0,1,1,1.0
281,1,977.0,799.0,133.0,281.0,1,1,1.0
282,1,979.0,807.0,136.0,273.0,1,1,1.0
283,1,980.0,814.0,138.0,266.0,1,1,1.0
284,1,982.0,822.0,138.0,258.0,1,1,1.0
285,1,983.0,830.0,139.0,250.0,1,1,1.0
286,1,984.0,839.0,140.0,240.0,1,1,1.0
287,1,986.0,849.0,139.0,230.0,1,1,1.0
288,1,986.0,860.0,140.0,219.0,1,1,1.0
289,1,985.0,873.0,141.0,206.0,1,1,1.0
290,1,983.0,886.0,142.0,193.0,1,1,1.0
291,1,981.0,897.0,143.0,181.0,1,1,1.0
292,1,979.0,908.0,144.0,171.0,1,1,1.0
293,1,976.0,915.0,145.0,164.0,1,1,1.0
294,1,975.0,925.0,147.0,154.0,1,1,1.0
295,1,972.0,933.0,150.0,145.0,1,1,1.0
296,1,969.0,943.0,153.0,135.0,1,1,1.0
297,1,968.0,954.0,154.0,124.0,1,1,1.0
298,1,967.0,966.0,153.0,112.0,1,1,1.0
299,1,968.0,980.0,152.0,99.0,1,1,1.0
300,1,970.0,993.0,149.0,86.0,1,1,1.0
301,1,975.0,1007.0,137.0,72.0,1,1,1.0
302,1,994.0,1021.0,102.0,57.0,1,1,1.0
582,2,0.0,465.0,72.0,197.0,1,1,1.0
583,2,0.0,465.0,72.0,196.0,1,1,1.0
584,2,0.0,457.0,72.0,199.0,1,1,1.0
585,2,2.0,452.0,70.0,199.0,1,1,1.0
586,2,6.0,449.0,66.0,201.0,1,1,1.0
587,2,11.0,447.0,64.0,202.0,1,1,1.0
588,2,17.0,445.0,77.0,204.0,1,1,1.0
589,2,18.0,445.0,94.0,205.0,1,1,1.0
590,2,26.0,445.0,100.0,204.0,1,1,1.0
591,2,35.0,444.0,100.0,204.0,1,1,1.0
592,2,42.0,443.0,99.0,206.0,1,1,1.0
593,2,47.0,440.0,97.0,208.0,1,1,1.0
594,2,54.0,437.0,90.0,209.0,1,1,1.0
595,2,63.0,433.0,80.0,208.0,1,1,1.0
596,2,71.0,431.0,72.0,206.0,1,1,1.0
597,2,77.0,429.0,67.0,204.0,1,1,1.0
598,2,83.0,427.0,68.0,204.0,1,1,1.0
599,2,88.0,425.0,82.0,203.0,1,1,1.0
600,2,95.0,425.0,95.0,204.0,1,1,1.0
601,2,103.0,426.0,101.0,204.0,1,1,1.0
602,2,110.0,427.0,102.0,203.0,1,1,1.0
603,2,113.0,425.0,105.0,203.0,1,1,1.0
604,2,117.0,422.0,103.0,205.0,1,1,1.0
605,2,123.0,418.0,99.0,203.0,1,1,1.0
606,2,134.0,417.0,87.0,201.0,1,1,1.0
607,2,145.0,415.0,75.0,201.0,1,1,1.0
608,2,153.0,413.0,67.0,201.0,1,1,1.0
609,2,160.0,408.0,63.0,203.0,1,1,1.0
610,2,168.0,408.0,71.0,203.0,1,1,1.0
611,2,175.0,407.0,83.0,204.0,1,1,1.0
612,2,182.0,409.0,90.0,204.0,1,1,1.0
613,2,188.0,409.0,96.0,203.0,1,1,1.0
614,2,193.0,405.0,99.0,206.0,1,1,1.0
615,2,194.0,402.0,100.0,208.0,1,1,1.0
616,2,200.0,400.0,95.0,209.0,1,1,1.0
617,2,211.0,397.0,81.0,207.0,1,1,1.0
618,2,227.0,393.0,67.0,201.0,1,1,1.0
619,2,236.0,392.0,63.0,200.0,1,1,1.0
620,2,243.0,391.0,65.0,200.0,1,1,1.0
621,2,250.0,391.0,79.0,201.0,1,1,1.0
622,2,256.0,390.0,93.0,201.0,1,1,1.0
623,2,262.0,386.0,100.0,202.0,1,1,1.0
624,2,265.0,387.0,106.0,200.0,1,1,1.0
625,2,267.0,387.0,107.0,199.0,1,1,1.0
626,2,271.0,386.0,104.0,198.0,1,1,1.0
627,2,284.0,384.0,93.0,196.0,1,1,1.0
628,2,300.0,380.0,76.0,196.0,1,1,1.0
629,2,311.0,377.0,64.0,198.0,1,1,1.0
630,2,318.0,376.0,60.0,199.0,1,1,1.0
631,2,324.0,375.0,71.0,200.0,1,1,1.0
632,2,332.0,374.0,82.0,201.0,1,1,1.0
633,2,339.0,374.0,90.0,201.0,1,1,1.0
634,2,342.0,374.0,96.0,201.0,1,1,1.0
635,2,345.0,374.0,97.0,201.0,1,1,1.0
636,2,349.0,372.0,97.0,202.0,1,1,1.0
637,2,356.0,369.0,92.0,202.0,1,1,1.0
638,2,368.0,367.0,80.0,200.0,1,1,1.0
639,2,383.0,364.0,65.0,197.0,1,1,1.0
640,2,392.0,363.0,60.0,196.0,1,1,1.0
641,2,399.0,362.0,62.0,195.0,1,1,1.0
642,2,405.0,361.0,73.0,194.0,1,1,1.0
643,2,411.0,361.0,88.0,194.0,1,1,1.0
644,2,416.0,362.0,99.0,194.0,1,1,1.0
645,2,419.0,362.0,105.0,192.0,1,1,1.0
646,2,421.0,362.0,107.0,191.0,1,1,1.0
647,2,425.0,360.0,105.0,191.0,1,1,1.0
648,2,432.0,358.0,98.0,191.0,1,1,1.0
649,2,445.0,356.0,85.0,190.0,1,1,1.0
650,2,459.0,353.0,71.0,191.0,1,1,1.0
651,2,470.0,351.0,58.0,192.0,1,1,1.0
652,2,478.0,350.0,54.0,194.0,1,1,1.0
653,2,485.0,349.0,59.0,194.0,1,1,1.0
654,2,492.0,350.0,74.0,194.0,1,1,1.0
655,2,496.0,350.0,82.0,193.0,1,1,1.0
656,2,498.0,350.0,91.0,193.0,1,1,1.0
657,2,500.0,347.0,94.0,194.0,1,1,1.0
658,2,503.0,348.0,94.0,194.0,1,1,1.0
659,2,511.0,347.0,86.0,195.0,1,1,1.0
660,2,523.0,338.0,74.0,196.0,1,1,1.0
661,2,538.0,340.0,60.0,189.0,1,1,1.0
662,2,546.0,340.0,58.0,187.0,1,1,1.0
663,2,552.0,339.0,60.0,187.0,1,1,1.0
664,2,557.0,339.0,72.0,187.0,1,1,1.0
665,2,562.0,338.0,85.0,187.0,1,1,1.0
666,2,566.0,337.0,92.0,187.0,1,1,1.0
667,2,570.0,338.0,95.0,186.0,1,1,1.0
668,2,572.0,338.0,95.0,185.0,1,1,1.0
669,2,575.0,336.0,92.0,185.0,1,1,1.0
670,2,582.0,333.0,86.0,184.0,1,1,1.0
671,2,593.0,331.0,75.0,181.0,1,1,1.0
672,2,607.0,330.0,61.0,180.0,1,1,1.0
673,2,615.0,330.0,52.0,182.0,1,1,1.0
674,2,622.0,324.0,50.0,183.0,1,1,1.0
675,2,629.0,324.0,59.0,182.0,1,1,1.0
676,2,634.0,326.0,67.0,183.0,1,1,1.0
677,2,636.0,330.0,74.0,182.0,1,1,1.0
678,2,636.0,326.0,79.0,182.0,1,1,1.0
679,2,640.0,323.0,80.0,183.0,1,1,1.0
680,2,645.0,321.0,77.0,185.0,1,1,1.0
681,2,652.0,318.0,68.0,181.0,1,1,1.0
682,2,664.0,319.0,58.0,179.0,1,1,1.0
683,2,673.0,315.0,53.0,176.0,1,1,1.0
684,2,680.0,313.0,53.0,176.0,1,1,1.0
685,2,685.0,314.0,57.0,176.0,1,1,1.0
686,2,690.0,315.0,68.0,175.0,1,1,1.0
687,2,693.0,314.0,78.0,175.0,1,1,1.0
688,2,696.0,314.0,84.0,175.0,1,1,1.0
689,2,698.0,314.0,87.0,173.0,1,1,1.0
690,2,699.0,313.0,86.0,172.0,1,1,1.0
691,2,704.0,312.0,83.0,172.0,1,1,1.0
692,2,712.0,309.0,74.0,170.0,1,1,1.0
693,2,723.0,306.0,62.0,169.0,1,1,1.0
694,2,735.0,305.0,52.0,169.0,1,1,1.0
695,2,742.0,304.0,48.0,171.0,1,1,1.0
696,2,748.0,303.0,49.0,171.0,1,1,1.0
697,2,753.0,303.0,57.0,172.0,1,1,1.0
698,2,756.0,302.0,66.0,171.0,1,1,1.0
699,2,758.0,302.0,71.0,171.0,1,1,1.0
700,2,760.0,304.0,73.0,170.0,1,1,1.0
701,2,761.0,303.0,74.0,170.0,1,1,1.0
702,2,766.0,299.0,70.0,171.0,1,1,1.0
703,2,775.0,298.0,62.0,170.0,1,1,1.0
704,2,786.0,297.0,55.0,167.0,1,1,1.0
705,2,796.0,295.0,49.0,166.0,1,1,1.0
706,2,802.0,295.0,49.0,166.0,1,1,1.0
707,2,806.0,294.0,51.0,165.0,1,1,1.0
708,2,811.0,293.0,59.0,166.0,1,1,1.0
709,2,814.0,295.0,70.0,165.0,1,1,1.0
710,2,814.0,295.0,76.0,164.0,1,1,1.0
711,2,815.0,295.0,79.0,162.0,1,1,1.0
712,2,818.0,295.0,78.0,161.0,1,1,1.0
713,2,822.0,294.0,74.0,161.0,1,1,1.0
714,2,830.0,293.0,66.0,159.0,1,1,1.0
715,2,841.0,291.0,58.0,159.0,1,1,1.0
716,2,853.0,289.0,49.0,160.0,1,1,1.0
717,2,860.0,289.0,46.0,161.0,1,1,1.0
718,2,866.0,289.0,44.0,161.0,1,1,1.0
719,2,868.0,289.0,48.0,160.0,1,1,1.0
720,2,870.0,289.0,54.0,160.0,1,1,1.0
721,2,872.0,290.0,58.0,159.0,1,1,1.0
722,2,872.0,289.0,61.0,159.0,1,1,1.0
723,2,875.0,289.0,60.0,159.0,1,1,1.0
724,2,882.0,288.0,57.0,159.0,1,1,1.0
725,2,891.0,286.0,52.0,156.0,1,1,1.0
726,2,901.0,285.0,46.0,155.0,1,1,1.0
727,2,907.0,284.0,45.0,156.0,1,1,1.0
728,2,910.0,283.0,45.0,156.0,1,1,1.0
729,2,914.0,283.0,50.0,156.0,1,1,1.0
730,2,916.0,285.0,60.0,155.0,1,1,1.0
731,2,916.0,285.0,67.0,154.0,1,1,1.0
732,2,918.0,286.0,70.0,152.0,1,1,1.0
733,2,919.0,287.0,70.0,150.0,1,1,1.0
734,2,922.0,286.0,68.0,150.0,1,1,1.0
735,2,927.0,285.0,63.0,148.0,1,1,1.0
736,2,936.0,285.0,57.0,147.0,1,1,1.0
737,2,946.0,283.0,50.0,147.0,1,1,1.0
738,2,955.0,281.0,45.0,150.0,1,1,1.0
739,2,960.0,280.0,43.0,150.0,1,1,1.0
740,2,964.0,279.0,43.0,151.0,1,1,1.0
741,2,966.0,281.0,49.0,150.0,1,1,1.0
742,2,966.0,282.0,55.0,149.0,1,1,1.0
743,2,967.0,282.0,58.0,148.0,1,1,1.0
744,2,969.0,282.0,58.0,148.0,1,1,1.0
745,2,971.0,282.0,59.0,148.0,1,1,1.0
746,2,978.0,281.0,56.0,147.0,1,1,1.0
747,2,988.0,279.0,50.0,145.0,1,1,1.0
748,2,997.0,278.0,45.0,145.0,1,1,1.0
749,2,1003.0,277.0,43.0,144.0,1,1,1.0
750,2,1006.0,277.0,43.0,145.0,1,1,1.0
751,2,1008.0,277.0,51.0,145.0,1,1,1.0
752,2,1010.0,280.0,60.0,142.0,1,1,1.0
753,2,1011.0,281.0,66.0,140.0,1,1,1.0
754,2,1011.0,281.0,67.0,139.0,1,1,1.0
755,2,1013.0,279.0,66.0,140.0,1,1,1.0
756,2,1016.0,278.0,63.0,140.0,1,1,1.0
757,2,1023.0,276.0,58.0,139.0,1,1,1.0
758,2,1032.0,275.0,53.0,140.0,1,1,1.0
759,2,1042.0,273.0,46.0,141.0,1,1,1.0
760,2,1049.0,273.0,42.0,141.0,1,1,1.0
761,2,1054.0,273.0,40.0,141.0,1,1,1.0
762,2,1056.0,273.0,44.0,141.0,1,1,1.0
763,2,1057.0,274.0,51.0,140.0,1,1,1.0
764,2,1058.0,274.0,55.0,140.0,1,1,1.0
765,2,1060.0,275.0,56.0,139.0,1,1,1.0
766,2,1064.0,274.0,57.0,139.0,1,1,1.0
767,2,1072.0,273.0,52.0,138.0,1,1,1.0
768,2,1082.0,272.0,46.0,137.0,1,1,1.0
769,2,1089.0,271.0,42.0,138.0,1,1,1.0
770,2,1093.0,271.0,44.0,139.0,1,1,1.0
771,2,1097.0,271.0,44.0,139.0,1,1,1.0
772,2,1099.0,271.0,50.0,138.0,1,1,1.0
773,2,1100.0,272.0,57.0,138.0,1,1,1.0
774,2,1101.0,273.0,61.0,136.0,1,1,1.0
775,2,1102.0,273.0,61.0,136.0,1,1,1.0
776,2,1103.0,272.0,60.0,136.0,1,1,1.0
777,2,1109.0,272.0,56.0,133.0,1,1,1.0
778,2,1115.0,270.0,51.0,133.0,1,1,1.0
779,2,1123.0,269.0,46.0,134.0,1,1,1.0
780,2,1131.0,268.0,41.0,134.0,1,1,1.0
