1,1,1056.0,519.0,91.0,264.0,1,1,1.0
2,1,1051.0,516.0,93.0,256.0,1,1,1.0
3,1,1048.0,513.0,94.0,254.0,1,1,1.0
4,1,1046.0,510.0,94.0,256.0,1,1,1.0
5,1,1046.0,508.0,91.0,258.0,1,1,1.0
6,1,1046.0,507.0,89.0,257.0,1,1,1.0
7,1,1046.0,507.0,86.0,254.0,1,1,1.0
8,1,1046.0,507.0,85.0,252.0,1,1,1.0
9,1,1045.0,506.0,83.0,247.0,1,1,1.0
10,1,1043.0,502.0,85.0,241.0,1,1,1.0
11,1,1040.0,496.0,86.0,235.0,1,1,1.0
12,1,1037.0,490.0,87.0,231.0,1,1,1.0
13,1,1035.0,486.0,88.0,232.0,1,1,1.0
14,1,1033.0,482.0,88.0,234.0,1,1,1.0
15,1,1031.0,481.0,88.0,235.0,1,1,1.0
16,1,1029.0,480.0,87.0,233.0,1,1,1.0
17,1,1029.0,478.0,83.0,233.0,1,1,1.0
18,1,1029.0,474.0,78.0,235.0,1,1,1.0
19,1,1026.0,471.0,77.0,233.0,1,1,1.0
20,1,1023.0,467.0,77.0,227.0,1,1,1.0
21,1,1017.0,462.0,80.0,222.0,1,1,1.0
22,1,1014.0,458.0,81.0,219.0,1,1,1.0
23,1,1013.0,456.0,81.0,219.0,1,1,1.0
24,1,1012.0,455.0,79.0,219.0,1,1,1.0
25,1,1012.0,454.0,77.0,219.0,1,1,1.0
26,1,1012.0,453.0,74.0,219.0,1,1,1.0
27,1,1012.0,452.0,73.0,218.0,1,1,1.0
28,1,1012.0,450.0,72.0,216.0,1,1,1.0
29,1,1011.0,446.0,71.0,211.0,1,1,1.0
30,1,1010.0,442.0,71.0,206.0,1,1,1.0
31,1,1008.0,436.0,72.0,204.0,1,1,1.0
32,1,1004.0,430.0,75.0,207.0,1,1,1.0
33,1,1002.0,426.0,76.0,210.0,1,1,1.0
34,1,1001.0,424.0,76.0,212.0,1,1,1.0
35,1,1000.0,423.0,75.0,213.0,1,1,1.0
36,1,1000.0,422.0,72.0,212.0,1,1,1.0
37,1,1000.0,419.0,69.0,213.0,1,1,1.0
38,1,998.0,416.0,68.0,213.0,1,1,1.0
39,1,995.0,413.0,69.0,211.0,1,1,1.0
40,1,992.0,410.0,71.0,204.0,1,1,1.0
41,1,988.0,409.0,73.0,199.0,1,1,1.0
42,1,986.0,407.0,74.0,198.0,1,1,1.0
43,1,986.0,406.0,73.0,198.0,1,1,1.0
44,1,986.0,406.0,71.0,198.0,1,1,1.0
45,1,987.0,407.0,69.0,197.0,1,1,1.0
46,1,987.0,407.0,67.0,195.0,1,1,1.0
47,1,988.0,408.0,65.0,192.0,1,1,1.0
48,1,989.0,407.0,64.0,189.0,1,1,1.0
49,1,989.0,404.0,64.0,184.0,1,1,1.0
50,1,988.0,401.0,64.0,180.0,1,1,1.0
51,1,987.0,397.0,65.0,181.0,1,1,1.0
52,1,985.0,393.0,66.0,184.0,1,1,1.0
53,1,983.0,390.0,67.0,187.0,1,1,1.0
54,1,981.0,389.0,69.0,188.0,1,1,1.0
55,1,981.0,388.0,68.0,188.0,1,1,1.0
56,1,982.0,387.0,66.0,188.0,1,1,1.0
57,1,982.0,386.0,64.0,186.0,1,1,1.0
58,1,981.0,384.0,63.0,183.0,1,1,1.0
59,1,980.0,382.0,63.0,179.0,1,1,1.0
60,1,978.0,380.0,64.0,174.0,1,1,1.0
61,1,978.0,378.0,64.0,173.0,1,1,1.0
62,1,979.0,377.0,63.0,173.0,1,1,1.0
63,1,979.0,378.0,61.0,172.0,1,1,1.0
64,1,980.0,379.0,60.0,170.0,1,1,1.0
65,1,981.0,380.0,57.0,168.0,1,1,1.0
66,1,982.0,381.0,56.0,167.0,1,1,1.0
67,1,983.0,380.0,55.0,164.0,1,1,1.0
68,1,983.0,379.0,55.0,160.0,1,1,1.0
69,1,983.0,376.0,55.0,156.0,1,1,1.0
70,1,980.0,373.0,57.0,155.0,1,1,1.0
71,1,977.0,369.0,60.0,158.0,1,1,1.0
72,1,975.0,367.0,62.0,160.0,1,1,1.0
73,1,972.0,365.0,63.0,162.0,1,1,1.0
74,1,971.0,364.0,63.0,162.0,1,1,1.0
75,1,971.0,362.0,61.0,163.0,1,1,1.0
76,1,970.0,358.0,59.0,166.0,1,1,1.0
77,1,969.0,354.0,57.0,167.0,1,1,1.0
78,1,968.0,349.0,56.0,167.0,1,1,1.0
79,1,966.0,346.0,58.0,165.0,1,1,1.0
80,1,965.0,344.0,59.0,164.0,1,1,1.0
81,1,963.0,343.0,59.0,164.0,1,1,1.0
82,1,962.0,342.0,60.0,164.0,1,1,1.0
83,1,963.0,342.0,57.0,164.0,1,1,1.0
84,1,963.0,342.0,56.0,164.0,1,1,1.0
85,1,963.0,342.0,55.0,164.0,1,1,1.0
86,1,964.0,341.0,54.0,162.0,1,1,1.0
87,1,964.0,339.0,54.0,160.0,1,1,1.0
88,1,963.0,337.0,54.0,157.0,1,1,1.0
89,1,962.0,334.0,55.0,156.0,1,1,1.0
90,1,961.0,332.0,55.0,157.0,1,1,1.0
91,1,960.0,331.0,56.0,158.0,1,1,1.0
92,1,959.0,331.0,56.0,159.0,1,1,1.0
93,1,959.0,330.0,55.0,159.0,1,1,1.0
94,1,960.0,330.0,53.0,157.0,1,1,1.0
95,1,960.0,329.0,52.0,157.0,1,1,1.0
96,1,959.0,328.0,52.0,156.0,1,1,1.0
97,1,958.0,326.0,52.0,154.0,1,1,1.0
98,1,956.0,324.0,53.0,151.0,1,1,1.0
99,1,956.0,323.0,53.0,149.0,1,1,1.0
100,1,955.0,322.0,54.0,149.0,1,1,1.0
101,1,956.0,322.0,53.0,149.0,1,1,1.0
102,1,956.0,322.0,52.0,149.0,1,1,1.0
103,1,956.0,322.0,51.0,148.0,1,1,1.0
104,1,957.0,322.0,50.0,148.0,1,1,1.0
105,1,957.0,321.0,49.0,147.0,1,1,1.0
106,1,958.0,320.0,49.0,144.0,1,1,1.0
107,1,958.0,318.0,49.0,141.0,1,1,1.0
108,1,957.0,316.0,49.0,142.0,1,1,1.0
109,1,956.0,315.0,49.0,142.0,1,1,1.0
110,1,955.0,313.0,51.0,143.0,1,1,1.0
111,1,955.0,312.0,51.0,144.0,1,1,1.0
112,1,954.0,312.0,50.0,144.0,1,1,1.0
113,1,955.0,312.0,49.0,144.0,1,1,1.0
114,1,955.0,311.0,47.0,145.0,1,1,1.0
115,1,954.0,310.0,47.0,144.0,1,1,1.0
116,1,953.0,308.0,47.0,141.0,1,1,1.0
117,1,953.0,307.0,47.0,139.0,1,1,1.0
118,1,952.0,305.0,47.0,138.0,1,1,1.0
119,1,952.0,304.0,47.0,138.0,1,1,1.0
120,1,951.0,304.0,47.0,138.0,1,1,1.0
121,1,951.0,304.0,45.0,138.0,1,1,1.0
122,1,951.0,304.0,44.0,137.0,1,1,1.0
123,1,952.0,304.0,43.0,137.0,1,1,1.0
124,1,952.0,304.0,42.0,136.0,1,1,1.0
125,1,952.0,303.0,41.0,134.0,1,1,1.0
126,1,951.0,301.0,42.0,132.0,1,1,1.0
127,1,950.0,299.0,42.0,132.0,1,1,1.0
128,1,948.0,298.0,44.0,132.0,1,1,1.0
129,1,946.0,298.0,46.0,133.0,1,1,1.0
130,1,944.0,297.0,47.0,134.0,1,1,1.0
131,1,944.0,297.0,46.0,133.0,1,1,1.0
132,1,944.0,297.0,46.0,133.0,1,1,1.0
133,1,944.0,296.0,45.0,133.0,1,1,1.0
134,1,943.0,295.0,44.0,131.0,1,1,1.0
135,1,942.0,294.0,43.0,129.0,1,1,1.0
136,1,941.0,292.0,43.0,127.0,1,1,1.0
137,1,940.0,292.0,45.0,127.0,1,1,1.0
138,1,939.0,291.0,46.0,127.0,1,1,1.0
139,1,938.0,291.0,49.0,127.0,1,1,1.0
140,1,938.0,291.0,48.0,127.0,1,1,1.0
141,1,938.0,291.0,43.0,126.0,1,1,1.0
142,1,938.0,291.0,42.0,126.0,1,1,1.0
143,1,938.0,290.0,42.0,126.0,1,1,1.0
144,1,937.0,288.0,41.0,125.0,1,1,1.0
145,1,936.0,287.0,41.0,123.0,1,1,1.0
146,1,935.0,286.0,42.0,122.0,1,1,1.0
147,1,934.0,285.0,43.0,123.0,1,1,1.0
148,1,932.0,284.0,44.0,124.0,1,1,1.0
149,1,932.0,284.0,44.0,124.0,1,1,1.0
150,1,932.0,284.0,43.0,124.0,1,1,1.0
151,1,932.0,284.0,42.0,123.0,1,1,1.0
152,1,932.0,284.0,41.0,123.0,1,1,1.0
153,1,930.0,283.0,40.0,122.0,1,1,1.0
154,1,929.0,282.0,41.0,120.0,1,1,1.0
155,1,927.0,281.0,42.0,118.0,1,1,1.0
156,1,926.0,280.0,42.0,118.0,1,1,1.0
157,1,925.0,280.0,42.0,118.0,1,1,1.0
158,1,924.0,279.0,42.0,118.0,1,1,1.0
159,1,923.0,279.0,42.0,118.0,1,1,1.0
160,1,923.0,279.0,42.0,118.0,1,1,1.0
161,1,921.0,279.0,43.0,117.0,1,1,1.0
162,1,920.0,279.0,44.0,117.0,1,1,1.0
163,1,920.0,277.0,43.0,117.0,1,1,1.0
164,1,921.0,276.0,41.0,115.0,1,1,1.0
165,1,920.0,275.0,41.0,115.0,1,1,1.0
166,1,920.0,274.0,40.0,114.0,1,1,1.0
167,1,919.0,273.0,41.0,115.0,1,1,1.0
168,1,918.0,274.0,41.0,114.0,1,1,1.0
169,1,918.0,274.0,42.0,115.0,1,1,1.0
170,1,918.0,274.0,41.0,115.0,1,1,1.0
171,1,918.0,274.0,40.0,114.0,1,1,1.0
172,1,918.0,274.0,39.0,114.0,1,1,1.0
173,1,918.0,273.0,39.0,113.0,1,1,1.0
174,1,918.0,271.0,38.0,112.0,1,1,1.0
175,1,917.0,270.0,38.0,111.0,1,1,1.0
176,1,917.0,269.0,39.0,111.0,1,1,1.0
177,1,917.0,268.0,39.0,110.0,1,1,1.0
178,1,917.0,269.0,40.0,110.0,1,1,1.0
179,1,917.0,269.0,39.0,109.0,1,1,1.0
180,1,917.0,270.0,40.0,109.0,1,1,1.0
181,1,918.0,270.0,39.0,108.0,1,1,1.0
182,1,920.0,270.0,38.0,106.0,1,1,1.0
183,1,921.0,269.0,37.0,105.0,1,1,1.0
184,1,922.0,267.0,37.0,105.0,1,1,1.0
185,1,922.0,265.0,38.0,106.0,1,1,1.0
186,1,923.0,264.0,38.0,107.0,1,1,1.0
187,1,924.0,264.0,38.0,107.0,1,1,1.0
188,1,925.0,264.0,37.0,107.0,1,1,1.0
189,1,927.0,265.0,36.0,106.0,1,1,1.0
190,1,927.0,266.0,36.0,104.0,1,1,1.0
191,1,928.0,266.0,36.0,104.0,1,1,1.0
192,1,929.0,265.0,36.0,104.0,1,1,1.0
193,1,929.0,264.0,36.0,103.0,1,1,1.0
194,1,930.0,262.0,35.0,103.0,1,1,1.0
195,1,930.0,261.0,36.0,103.0,1,1,1.0
196,1,931.0,261.0,36.0,104.0,1,1,1.0
197,1,932.0,261.0,37.0,103.0,1,1,1.0
198,1,934.0,262.0,36.0,103.0,1,1,1.0
199,1,934.0,262.0,36.0,103.0,1,1,1.0
200,1,935.0,262.0,36.0,102.0,1,1,1.0
201,1,936.0,262.0,37.0,100.0,1,1,1.0
202,1,937.0,262.0,37.0,97.0,1,1,1.0
203,1,939.0,261.0,35.0,97.0,1,1,1.0
204,1,942.0,259.0,32.0,99.0,1,1,1.0
205,1,943.0,258.0,31.0,100.0,1,1,1.0
206,1,944.0,257.0,32.0,100.0,1,1,1.0
209,1,947.0,258.0,38.0,99.0,1,1,1.0
210,1,948.0,257.0,36.0,100.0,1,1,1.0
211,1,949.0,256.0,35.0,99.0,1,1,1.0
212,1,951.0,254.0,35.0,99.0,1,1,1.0
213,1,953.0,253.0,35.0,99.0,1,1,1.0
214,1,954.0,253.0,35.0,99.0,1,1,1.0
215,1,956.0,253.0,35.0,98.0,1,1,1.0
216,1,958.0,254.0,34.0,97.0,1,1,1.0
217,1,959.0,254.0,33.0,97.0,1,1,1.0
218,1,960.0,256.0,33.0,95.0,1,1,1.0
219,1,961.0,256.0,33.0,94.0,1,1,1.0
220,1,962.0,257.0,34.0,93.0,1,1,1.0
221,1,963.0,256.0,35.0,91.0,1,1,1.0
222,1,966.0,255.0,33.0,92.0,1,1,1.0
223,1,969.0,254.0,31.0,93.0,1,1,1.0
224,1,971.0,253.0,30.0,94.0,1,1,1.0
225,1,972.0,253.0,31.0,94.0,1,1,1.0
226,1,972.0,253.0,33.0,94.0,1,1,1.0
227,1,973.0,253.0,35.0,93.0,1,1,1.0
228,1,974.0,253.0,35.0,94.0,1,1,1.0
229,1,976.0,252.0,33.0,94.0,1,1,1.0
230,1,978.0,252.0,32.0,92.0,1,1,1.0
231,1,981.0,251.0,32.0,92.0,1,1,1.0
232,1,982.0,250.0,32.0,92.0,1,1,1.0
233,1,984.0,250.0,31.0,92.0,1,1,1.0
234,1,985.0,250.0,31.0,91.0,1,1,1.0
235,1,987.0,250.0,31.0,91.0,1,1,1.0
236,1,988.0,250.0,32.0,91.0,1,1,1.0
237,1,989.0,250.0,33.0,91.0,1,1,1.0
238,1,991.0,250.0,32.0,91.0,1,1,1.0
239,1,992.0,251.0,33.0,89.0,1,1,1.0
240,1,993.0,251.0,34.0,88.0,1,1,1.0
241,1,995.0,251.0,34.0,88.0,1,1,1.0
244,1,1005.0,249.0,29.0,89.0,1,1,1.0
245,1,1006.0,250.0,30.0,88.0,1,1,1.0
246,1,1007.0,250.0,31.0,88.0,1,1,1.0
247,1,1008.0,251.0,33.0,87.0,1,1,1.0
248,1,1009.0,252.0,35.0,86.0,1,1,1.0
249,1,1009.0,251.0,36.0,86.0,1,1,1.0
250,1,1012.0,251.0,35.0,85.0,1,1,1.0
251,1,1016.0,251.0,31.0,84.0,1,1,1.0
252,1,1020.0,251.0,30.0,83.0,1,1,1.0
253,1,1023.0,250.0,31.0,84.0,1,1,1.0
254,1,1024.0,250.0,33.0,85.0,1,1,1.0
255,1,1025.0,250.0,36.0,85.0,1,1,1.0
256,1,1025.0,250.0,37.0,84.0,1,1,1.0
257,1,1026.0,251.0,38.0,84.0,1,1,1.0
258,1,1027.0,251.0,39.0,84.0,1,1,1.0
259,1,1027.0,251.0,41.0,84.0,1,1,1.0
260,1,1031.0,251.0,40.0,84.0,1,1,1.0
261,1,1036.0,251.0,37.0,84.0,1,1,1.0
262,1,1043.0,251.0,34.0,84.0,1,1,1.0
263,1,1048.0,250.0,32.0,84.0,1,1,1.0
264,1,1051.0,250.0,32.0,85.0,1,1,1.0
265,1,1051.0,250.0,33.0,85.0,1,1,1.0
266,1,1052.0,250.0,37.0,85.0,1,1,1.0
267,1,1052.0,249.0,40.0,86.0,1,1,1.0
268,1,1053.0,250.0,41.0,85.0,1,1,1.0
269,1,1056.0,250.0,41.0,85.0,1,1,1.0
270,1,1059.0,250.0,40.0,85.0,1,1,1.0
271,1,1064.0,249.0,38.0,85.0,1,1,1.0
272,1,1070.0,249.0,35.0,86.0,1,1,1.0
273,1,1077.0,249.0,30.0,85.0,1,1,1.0
274,1,1080.0,249.0,30.0,85.0,1,1,1.0
275,1,1081.0,250.0,36.0,85.0,1,1,1.0
276,1,1081.0,250.0,39.0,85.0,1,1,1.0
277,1,1082.0,251.0,42.0,84.0,1,1,1.0
278,1,1083.0,251.0,45.0,85.0,1,1,1.0
279,1,1085.0,252.0,49.0,85.0,1,1,1.0
280,1,1088.0,253.0,49.0,85.0,1,1,1.0
281,1,1095.0,253.0,45.0,85.0,1,1,1.0
282,1,1102.0,252.0,39.0,85.0,1,1,1.0
283,1,1105.0,252.0,36.0,86.0,1,1,1.0
284,1,1105.0,252.0,38.0,86.0,1,1,1.0
285,1,1107.0,252.0,42.0,85.0,1,1,1.0
286,1,1108.0,252.0,47.0,86.0,1,1,1.0
287,1,1110.0,253.0,52.0,86.0,1,1,1.0
288,1,1113.0,253.0,52.0,87.0,1,1,1.0
289,1,1116.0,254.0,52.0,88.0,1,1,1.0
290,1,1119.0,254.0,49.0,88.0,1,1,1.0
291,1,1125.0,254.0,44.0,88.0,1,1,1.0
292,1,1132.0,254.0,37.0,89.0,1,1,1.0
293,1,1141.0,254.0,31.0,88.0,1,1,1.0
294,1,1148.0,254.0,29.0,88.0,1,1,1.0
295,1,1152.0,255.0,31.0,88.0,1,1,1.0
296,1,1154.0,257.0,35.0,87.0,1,1,1.0
297,1,1155.0,258.0,40.0,87.0,1,1,1.0
298,1,1155.0,259.0,43.0,87.0,1,1,1.0
299,1,1155.0,261.0,46.0,87.0,1,1,1.0
300,1,1160.0,261.0,45.0,87.0,1,1,1.0
301,1,1165.0,261.0,42.0,87.0,1,1,1.0
302,1,1172.0,261.0,36.0,87.0,1,1,1.0
303,1,1176.0,261.0,33.0,88.0,1,1,1.0
304,1,1178.0,262.0,32.0,88.0,1,1,1.0
305,1,1179.0,262.0,35.0,87.0,1,1,1.0
306,1,1180.0,263.0,42.0,87.0,1,1,1.0
307,1,1181.0,264.0,47.0,87.0,1,1,1.0
308,1,1182.0,264.0,48.0,88.0,1,1,1.0
309,1,1185.0,264.0,47.0,89.0,1,1,1.0
311,1,1194.0,265.0,40.0,90.0,1,1,1.0
312,1,1203.0,265.0,32.0,90.0,1,1,1.0
313,1,1210.0,266.0,27.0,89.0,1,1,1.0
314,1,1215.0,266.0,27.0,89.0,1,1,1.0
315,1,1217.0,267.0,30.0,89.0,1,1,1.0
316,1,1218.0,269.0,35.0,88.0,1,1,1.0
317,1,1219.0,270.0,39.0,88.0,1,1,1.0
318,1,1220.0,271.0,42.0,89.0,1,1,1.0
319,1,1223.0,272.0,43.0,89.0,1,1,1.0
320,1,1227.0,272.0,42.0,90.0,1,1,1.0
321,1,1233.0,272.0,38.0,90.0,1,1,1.0
322,1,1238.0,271.0,35.0,91.0,1,1,1.0
323,1,1241.0,272.0,34.0,91.0,1,1,1.0
324,1,1245.0,271.0,35.0,92.0,1,1,1.0
325,1,1248.0,272.0,37.0,92.0,1,1,1.0
326,1,1250.0,273.0,42.0,92.0,1,1,1.0
327,1,1251.0,274.0,43.0,93.0,1,1,1.0
328,1,1253.0,274.0,42.0,94.0,1,1,1.0
329,1,1254.0,274.0,41.0,94.0,1,1,1.0
330,1,1257.0,274.0,39.0,95.0,1,1,1.0
331,1,1264.0,274.0,34.0,95.0,1,1,1.0
332,1,1271.0,274.0,30.0,95.0,1,1,1.0
333,1,1277.0,274.0,28.0,95.0,1,1,1.0
334,1,1280.0,275.0,33.0,95.0,1,1,1.0
335,1,1281.0,275.0,36.0,96.0,1,1,1.0
336,1,1282.0,276.0,38.0,97.0,1,1,1.0
337,1,1283.0,278.0,39.0,97.0,1,1,1.0
338,1,1285.0,279.0,38.0,97.0,1,1,1.0
339,1,1289.0,281.0,36.0,96.0,1,1,1.0
340,1,1295.0,282.0,33.0,95.0,1,1,1.0
341,1,1301.0,282.0,30.0,95.0,1,1,1.0
342,1,1305.0,282.0,30.0,95.0,1,1,1.0
343,1,1306.0,283.0,32.0,95.0,1,1,1.0
344,1,1306.0,284.0,39.0,95.0,1,1,1.0
345,1,1306.0,285.0,45.0,94.0,1,1,1.0
346,1,1308.0,286.0,49.0,95.0,1,1,1.0
347,1,1310.0,288.0,48.0,94.0,1,1,1.0
348,1,1312.0,289.0,46.0,94.0,1,1,1.0
349,1,1317.0,291.0,44.0,93.0,1,1,1.0
350,1,1324.0,292.0,39.0,92.0,1,1,1.0
351,1,1331.0,292.0,33.0,92.0,1,1,1.0
352,1,1337.0,292.0,32.0,93.0,1,1,1.0
353,1,1341.0,292.0,31.0,93.0,1,1,1.0
354,1,1343.0,293.0,33.0,93.0,1,1,1.0
355,1,1345.0,294.0,34.0,92.0,1,1,1.0
356,1,1346.0,296.0,37.0,91.0,1,1,1.0
357,1,1348.0,297.0,38.0,90.0,1,1,1.0
358,1,1353.0,297.0,38.0,90.0,1,1,1.0
359,1,1356.0,296.0,35.0,91.0,1,1,1.0
360,1,1362.0,296.0,32.0,92.0,1,1,1.0
361,1,1363.0,296.0,34.0,94.0,1,1,1.0
362,1,1363.0,296.0,36.0,96.0,1,1,1.0
363,1,1363.0,296.0,40.0,98.0,1,1,1.0
364,1,1365.0,297.0,45.0,100.0,1,1,1.0
365,1,1367.0,298.0,46.0,101.0,1,1,1.0
366,1,1371.0,299.0,45.0,101.0,1,1,1.0
367,1,1375.0,299.0,43.0,102.0,1,1,1.0
369,1,1381.0,299.0,43.0,102.0,1,1,1.0
370,1,1386.0,300.0,40.0,101.0,1,1,1.0
371,1,1391.0,300.0,38.0,101.0,1,1,1.0
372,1,1397.0,301.0,35.0,100.0,1,1,1.0
373,1,1401.0,303.0,35.0,100.0,1,1,1.0
374,1,1402.0,305.0,39.0,100.0,1,1,1.0
375,1,1403.0,307.0,41.0,100.0,1,1,1.0
376,1,1405.0,309.0,44.0,100.0,1,1,1.0
377,1,1406.0,310.0,43.0,100.0,1,1,1.0
378,1,1413.0,310.0,41.0,101.0,1,1,1.0
379,1,1418.0,311.0,39.0,100.0,1,1,1.0
380,1,1423.0,311.0,35.0,99.0,1,1,1.0
381,1,1424.0,313.0,35.0,99.0,1,1,1.0
382,1,1425.0,314.0,39.0,98.0,1,1,1.0
383,1,1426.0,315.0,44.0,98.0,1,1,1.0
384,1,1428.0,316.0,45.0,99.0,1,1,1.0
385,1,1431.0,318.0,46.0,99.0,1,1,1.0
386,1,1431.0,319.0,46.0,101.0,1,1,1.0
387,1,1434.0,319.0,45.0,102.0,1,1,1.0
388,1,1437.0,319.0,43.0,102.0,1,1,1.0
389,1,1443.0,319.0,40.0,103.0,1,1,1.0
391,1,1452.0,318.0,38.0,103.0,1,1,1.0
392,1,1455.0,319.0,37.0,103.0,1,1,1.0
393,1,1456.0,321.0,36.0,102.0,1,1,1.0
394,1,1459.0,323.0,35.0,103.0,1,1,1.0
395,1,1461.0,325.0,35.0,103.0,1,1,1.0
396,1,1463.0,326.0,36.0,104.0,1,1,1.0
397,1,1464.0,327.0,38.0,105.0,1,1,1.0
398,1,1466.0,326.0,37.0,105.0,1,1,1.0
399,1,1467.0,326.0,36.0,106.0,1,1,1.0
400,1,1466.0,325.0,38.0,106.0,1,1,1.0
401,1,1464.0,325.0,40.0,108.0,1,1,1.0
402,1,1464.0,325.0,41.0,109.0,1,1,1.0
403,1,1465.0,326.0,41.0,109.0,1,1,1.0
404,1,1467.0,327.0,40.0,110.0,1,1,1.0
405,1,1469.0,328.0,39.0,111.0,1,1,1.0
406,1,1471.0,330.0,39.0,110.0,1,1,1.0
407,1,1472.0,329.0,39.0,111.0,1,1,1.0
408,1,1474.0,329.0,39.0,112.0,1,1,1.0
409,1,1475.0,329.0,39.0,112.0,1,1,1.0
410,1,1475.0,329.0,41.0,111.0,1,1,1.0
411,1,1473.0,330.0,43.0,111.0,1,1,1.0
412,1,1470.0,332.0,46.0,110.0,1,1,1.0
413,1,1470.0,335.0,46.0,109.0,1,1,1.0
414,1,1470.0,337.0,44.0,108.0,1,1,1.0
415,1,1470.0,339.0,43.0,108.0,1,1,1.0
416,1,1469.0,340.0,42.0,107.0,1,1,1.0
417,1,1468.0,340.0,41.0,107.0,1,1,1.0
418,1,1469.0,339.0,39.0,108.0,1,1,1.0
419,1,1469.0,339.0,37.0,108.0,1,1,1.0
420,1,1469.0,339.0,35.0,110.0,1,1,1.0
421,1,1468.0,339.0,35.0,110.0,1,1,1.0
422,1,1467.0,340.0,36.0,111.0,1,1,1.0
423,1,1465.0,341.0,37.0,113.0,1,1,1.0
424,1,1464.0,341.0,38.0,114.0,1,1,1.0
425,1,1463.0,341.0,38.0,115.0,1,1,1.0
426,1,1461.0,341.0,38.0,116.0,1,1,1.0
427,1,1460.0,340.0,39.0,117.0,1,1,1.0
428,1,1457.0,338.0,40.0,119.0,1,1,1.0
429,1,1452.0,338.0,43.0,119.0,1,1,1.0
430,1,1447.0,339.0,45.0,118.0,1,1,1.0
431,1,1442.0,339.0,47.0,117.0,1,1,1.0
432,1,1434.0,341.0,51.0,117.0,1,1,1.0
433,1,1431.0,341.0,52.0,117.0,1,1,1.0
434,1,1430.0,343.0,49.0,115.0,1,1,1.0
435,1,1430.0,344.0,47.0,115.0,1,1,1.0
436,1,1429.0,344.0,44.0,114.0,1,1,1.0
437,1,1428.0,343.0,42.0,116.0,1,1,1.0
438,1,1428.0,342.0,40.0,117.0,1,1,1.0
439,1,1426.0,341.0,40.0,119.0,1,1,1.0
440,1,1423.0,340.0,41.0,123.0,1,1,1.0
441,1,1418.0,340.0,43.0,125.0,1,1,1.0
442,1,1414.0,341.0,46.0,125.0,1,1,1.0
443,1,1410.0,342.0,47.0,124.0,1,1,1.0
444,1,1408.0,343.0,46.0,125.0,1,1,1.0
445,1,1407.0,343.0,44.0,125.0,1,1,1.0
446,1,1404.0,341.0,44.0,126.0,1,1,1.0
447,1,1397.0,340.0,46.0,127.0,1,1,1.0
448,1,1395.0,340.0,45.0,127.0,1,1,1.0
449,1,1389.0,340.0,47.0,127.0,1,1,1.0
450,1,1382.0,340.0,52.0,126.0,1,1,1.0
451,1,1376.0,343.0,54.0,125.0,1,1,1.0
452,1,1374.0,345.0,53.0,124.0,1,1,1.0
453,1,1372.0,347.0,51.0,123.0,1,1,1.0
454,1,1372.0,346.0,48.0,124.0,1,1,1.0
455,1,1371.0,346.0,45.0,125.0,1,1,1.0
456,1,1370.0,345.0,44.0,126.0,1,1,1.0
457,1,1369.0,344.0,43.0,127.0,1,1,1.0
458,1,1368.0,343.0,41.0,128.0,1,1,1.0
459,1,1365.0,344.0,43.0,129.0,1,1,1.0
460,1,1360.0,345.0,45.0,130.0,1,1,1.0
461,1,1354.0,346.0,49.0,131.0,1,1,1.0
462,1,1350.0,347.0,51.0,132.0,1,1,1.0
463,1,1347.0,348.0,50.0,131.0,1,1,1.0
464,1,1344.0,347.0,50.0,132.0,1,1,1.0
465,1,1339.0,346.0,51.0,133.0,1,1,1.0
466,1,1339.0,345.0,48.0,134.0,1,1,1.0
467,1,1330.0,346.0,55.0,133.0,1,1,1.0
468,1,1324.0,348.0,56.0,130.0,1,1,1.0
469,1,1315.0,350.0,59.0,130.0,1,1,1.0
470,1,1311.0,353.0,59.0,129.0,1,1,1.0
471,1,1308.0,354.0,57.0,128.0,1,1,1.0
472,1,1308.0,355.0,54.0,128.0,1,1,1.0
473,1,1308.0,354.0,50.0,128.0,1,1,1.0
474,1,1308.0,353.0,46.0,130.0,1,1,1.0
475,1,1307.0,352.0,43.0,130.0,1,1,1.0
476,1,1305.0,352.0,41.0,132.0,1,1,1.0
477,1,1301.0,350.0,41.0,134.0,1,1,1.0
478,1,1293.0,351.0,46.0,136.0,1,1,1.0
479,1,1287.0,351.0,49.0,137.0,1,1,1.0
480,1,1282.0,352.0,51.0,140.0,1,1,1.0
481,1,1280.0,352.0,50.0,140.0,1,1,1.0
482,1,1277.0,351.0,50.0,141.0,1,1,1.0
483,1,1272.0,350.0,51.0,143.0,1,1,1.0
484,1,1269.0,348.0,50.0,145.0,1,1,1.0
485,1,1265.0,348.0,50.0,144.0,1,1,1.0
486,1,1257.0,349.0,54.0,144.0,1,1,1.0
487,1,1245.0,350.0,61.0,143.0,1,1,1.0
488,1,1237.0,353.0,65.0,143.0,1,1,1.0
489,1,1234.0,354.0,64.0,142.0,1,1,1.0
490,1,1231.0,356.0,62.0,141.0,1,1,1.0
491,1,1230.0,357.0,59.0,141.0,1,1,1.0
492,1,1230.0,357.0,54.0,140.0,1,1,1.0
493,1,1230.0,357.0,50.0,141.0,1,1,1.0
494,1,1228.0,356.0,47.0,143.0,1,1,1.0
495,1,1226.0,355.0,45.0,145.0,1,1,1.0
496,1,1219.0,356.0,48.0,145.0,1,1,1.0
497,1,1211.0,358.0,52.0,145.0,1,1,1.0
498,1,1205.0,360.0,55.0,146.0,1,1,1.0
499,1,1199.0,362.0,57.0,146.0,1,1,1.0
500,1,1196.0,363.0,56.0,146.0,1,1,1.0
501,1,1193.0,363.0,54.0,146.0,1,1,1.0
502,1,1188.0,363.0,53.0,146.0,1,1,1.0
503,1,1182.0,361.0,55.0,147.0,1,1,1.0
504,1,1178.0,362.0,55.0,147.0,1,1,1.0
505,1,1169.0,364.0,60.0,145.0,1,1,1.0
506,1,1157.0,366.0,66.0,143.0,1,1,1.0
507,1,1147.0,369.0,71.0,142.0,1,1,1.0
508,1,1142.0,371.0,73.0,141.0,1,1,1.0
509,1,1140.0,372.0,73.0,141.0,1,1,1.0
510,1,1139.0,372.0,70.0,142.0,1,1,1.0
511,1,1139.0,371.0,63.0,143.0,1,1,1.0
512,1,1138.0,369.0,54.0,145.0,1,1,1.0
513,1,1138.0,368.0,48.0,147.0,1,1,1.0
514,1,1135.0,367.0,46.0,150.0,1,1,1.0
515,1,1125.0,367.0,52.0,151.0,1,1,1.0
516,1,1114.0,368.0,58.0,151.0,1,1,1.0
517,1,1106.0,370.0,61.0,153.0,1,1,1.0
518,1,1100.0,370.0,63.0,154.0,1,1,1.0
519,1,1098.0,369.0,62.0,156.0,1,1,1.0
520,1,1097.0,367.0,57.0,158.0,1,1,1.0
521,1,1095.0,364.0,52.0,161.0,1,1,1.0
522,1,1092.0,362.0,50.0,163.0,1,1,1.0
523,1,1086.0,361.0,51.0,164.0,1,1,1.0
524,1,1075.0,361.0,57.0,164.0,1,1,1.0
525,1,1059.0,363.0,68.0,164.0,1,1,1.0
526,1,1048.0,365.0,75.0,163.0,1,1,1.0
527,1,1042.0,366.0,78.0,164.0,1,1,1.0
528,1,1039.0,367.0,78.0,165.0,1,1,1.0
529,1,1038.0,367.0,76.0,167.0,1,1,1.0
530,1,1037.0,367.0,69.0,167.0,1,1,1.0
531,1,1037.0,366.0,58.0,168.0,1,1,1.0
532,1,1034.0,365.0,51.0,169.0,1,1,1.0
533,1,1030.0,364.0,50.0,173.0,1,1,1.0
534,1,1019.0,364.0,54.0,174.0,1,1,1.0
535,1,1006.0,365.0,62.0,175.0,1,1,1.0
536,1,996.0,367.0,69.0,176.0,1,1,1.0
537,1,988.0,369.0,75.0,177.0,1,1,1.0
538,1,984.0,370.0,76.0,177.0,1,1,1.0
539,1,982.0,370.0,69.0,179.0,1,1,1.0
540,1,980.0,370.0,59.0,179.0,1,1,1.0
541,1,976.0,369.0,54.0,179.0,1,1,1.0
542,1,967.0,369.0,56.0,179.0,1,1,1.0
543,1,955.0,372.0,62.0,177.0,1,1,1.0
544,1,937.0,375.0,74.0,174.0,1,1,1.0
545,1,923.0,379.0,85.0,173.0,1,1,1.0
546,1,916.0,382.0,90.0,173.0,1,1,1.0
547,1,912.0,384.0,92.0,173.0,1,1,1.0
548,1,910.0,386.0,88.0,172.0,1,1,1.0
549,1,910.0,386.0,78.0,172.0,1,1,1.0
550,1,908.0,384.0,65.0,174.0,1,1,1.0
551,1,905.0,383.0,55.0,176.0,1,1,1.0
552,1,898.0,383.0,52.0,179.0,1,1,1.0
553,1,880.0,384.0,64.0,181.0,1,1,1.0
554,1,865.0,385.0,76.0,182.0,1,1,1.0
555,1,853.0,386.0,87.0,183.0,1,1,1.0
556,1,846.0,388.0,92.0,184.0,1,1,1.0
557,1,843.0,388.0,89.0,185.0,1,1,1.0
558,1,841.0,387.0,79.0,187.0,1,1,1.0
559,1,840.0,385.0,64.0,188.0,1,1,1.0
560,1,834.0,384.0,57.0,189.0,1,1,1.0
561,1,821.0,384.0,60.0,189.0,1,1,1.0
562,1,807.0,387.0,68.0,186.0,1,1,1.0
563,1,787.0,389.0,85.0,186.0,1,1,1.0
564,1,775.0,391.0,95.0,187.0,1,1,1.0
565,1,768.0,393.0,101.0,187.0,1,1,1.0
566,1,764.0,394.0,100.0,187.0,1,1,1.0
567,1,763.0,394.0,91.0,187.0,1,1,1.0
568,1,763.0,392.0,77.0,189.0,1,1,1.0
569,1,760.0,390.0,62.0,191.0,1,1,1.0
570,1,751.0,390.0,57.0,194.0,1,1,1.0
571,1,739.0,391.0,60.0,196.0,1,1,1.0
572,1,719.0,393.0,77.0,197.0,1,1,1.0
573,1,704.0,395.0,90.0,196.0,1,1,1.0
574,1,694.0,397.0,100.0,197.0,1,1,1.0
575,1,688.0,398.0,103.0,197.0,1,1,1.0
576,1,686.0,399.0,96.0,197.0,1,1,1.0
577,1,684.0,399.0,84.0,198.0,1,1,1.0
578,1,679.0,398.0,71.0,199.0,1,1,1.0
579,1,671.0,398.0,63.0,198.0,1,1,1.0
580,1,662.0,399.0,63.0,197.0,1,1,1.0
581,1,642.0,400.0,78.0,196.0,1,1,1.0
582,1,622.0,403.0,96.0,195.0,1,1,1.0
583,1,610.0,405.0,106.0,196.0,1,1,1.0
584,1,604.0,407.0,110.0,198.0,1,1,1.0
585,1,601.0,408.0,107.0,198.0,1,1,1.0
586,1,599.0,408.0,96.0,199.0,1,1,1.0
587,1,593.0,407.0,85.0,200.0,1,1,1.0
588,1,586.0,407.0,75.0,201.0,1,1,1.0
589,1,578.0,407.0,70.0,203.0,1,1,1.0
590,1,567.0,409.0,73.0,204.0,1,1,1.0
591,1,547.0,411.0,89.0,205.0,1,1,1.0
592,1,532.0,414.0,102.0,205.0,1,1,1.0
593,1,521.0,417.0,112.0,205.0,1,1,1.0
594,1,517.0,419.0,111.0,205.0,1,1,1.0
595,1,515.0,423.0,99.0,203.0,1,1,1.0
596,1,512.0,424.0,85.0,202.0,1,1,1.0
597,1,505.0,425.0,71.0,201.0,1,1,1.0
598,1,496.0,427.0,63.0,199.0,1,1,1.0
599,1,483.0,429.0,68.0,196.0,1,1,1.0
600,1,460.0,432.0,88.0,193.0,1,1,1.0
601,1,442.0,436.0,106.0,192.0,1,1,1.0
602,1,430.0,440.0,117.0,191.0,1,1,1.0
603,1,425.0,443.0,119.0,190.0,1,1,1.0
604,1,423.0,445.0,113.0,190.0,1,1,1.0
605,1,423.0,445.0,98.0,191.0,1,1,1.0
606,1,421.0,443.0,81.0,193.0,1,1,1.0
607,1,416.0,441.0,66.0,195.0,1,1,1.0
608,1,407.0,439.0,61.0,199.0,1,1,1.0
609,1,395.0,439.0,67.0,204.0,1,1,1.0
610,1,380.0,439.0,79.0,208.0,1,1,1.0
611,1,368.0,440.0,89.0,210.0,1,1,1.0
612,1,361.0,443.0,96.0,213.0,1,1,1.0
613,1,358.0,443.0,96.0,216.0,1,1,1.0
614,1,355.0,443.0,90.0,217.0,1,1,1.0
615,1,349.0,442.0,83.0,218.0,1,1,1.0
616,1,342.0,442.0,74.0,218.0,1,1,1.0
617,1,334.0,442.0,67.0,218.0,1,1,1.0
618,1,326.0,443.0,67.0,217.0,1,1,1.0
619,1,312.0,445.0,78.0,215.0,1,1,1.0
620,1,298.0,448.0,91.0,216.0,1,1,1.0
