1,1,932.0,218.0,33.0,102.0,1,1,1.0
2,1,932.0,218.0,34.0,101.0,1,1,1.0
3,1,932.0,219.0,35.0,102.0,1,1,1.0
4,1,932.0,219.0,35.0,102.0,1,1,1.0
5,1,931.0,220.0,36.0,102.0,1,1,1.0
6,1,931.0,221.0,36.0,101.0,1,1,1.0
7,1,931.0,221.0,35.0,103.0,1,1,1.0
8,1,930.0,221.0,35.0,104.0,1,1,1.0
9,1,929.0,221.0,34.0,104.0,1,1,1.0
10,1,929.0,221.0,34.0,105.0,1,1,1.0
11,1,929.0,221.0,33.0,105.0,1,1,1.0
12,1,929.0,221.0,33.0,105.0,1,1,1.0
13,1,929.0,221.0,33.0,106.0,1,1,1.0
14,1,928.0,222.0,34.0,106.0,1,1,1.0
15,1,928.0,223.0,34.0,106.0,1,1,1.0
16,1,928.0,225.0,34.0,106.0,1,1,1.0
17,1,929.0,225.0,35.0,106.0,1,1,1.0
18,1,929.0,225.0,36.0,107.0,1,1,1.0
19,1,929.0,225.0,37.0,108.0,1,1,1.0
20,1,929.0,225.0,37.0,108.0,1,1,1.0
21,1,930.0,225.0,37.0,108.0,1,1,1.0
22,1,930.0,225.0,37.0,109.0,1,1,1.0
23,1,930.0,225.0,37.0,108.0,1,1,1.0
24,1,931.0,225.0,36.0,108.0,1,1,1.0
25,1,931.0,226.0,36.0,108.0,1,1,1.0
26,1,931.0,227.0,35.0,108.0,1,1,1.0
27,1,931.0,228.0,36.0,110.0,1,1,1.0
28,1,931.0,228.0,36.0,111.0,1,1,1.0
29,1,930.0,229.0,37.0,111.0,1,1,1.0
30,1,930.0,229.0,37.0,111.0,1,1,1.0
31,1,930.0,228.0,37.0,112.0,1,1,1.0
32,1,930.0,228.0,37.0,112.0,1,1,1.0
33,1,930.0,228.0,37.0,112.0,1,1,1.0
34,1,930.0,228.0,37.0,113.0,1,1,1.0
35,1,930.0,230.0,37.0,113.0,1,1,1.0
36,1,930.0,230.0,37.0,114.0,1,1,1.0
37,1,930.0,231.0,37.0,114.0,1,1,1.0
38,1,930.0,232.0,38.0,115.0,1,1,1.0
39,1,930.0,232.0,38.0,117.0,1,1,1.0
40,1,931.0,232.0,38.0,117.0,1,1,1.0
41,1,931.0,232.0,38.0,117.0,1,1,1.0
42,1,931.0,232.0,38.0,117.0,1,1,1.0
43,1,933.0,233.0,37.0,117.0,1,1,1.0
44,1,932.0,233.0,37.0,116.0,1,1,1.0
45,1,931.0,233.0,38.0,117.0,1,1,1.0
46,1,930.0,235.0,40.0,117.0,1,1,1.0
47,1,931.0,236.0,41.0,117.0,1,1,1.0
48,1,931.0,238.0,42.0,117.0,1,1,1.0
49,1,930.0,238.0,42.0,118.0,1,1,1.0
50,1,930.0,238.0,42.0,119.0,1,1,1.0
51,1,929.0,239.0,42.0,119.0,1,1,1.0
52,1,930.0,239.0,41.0,120.0,1,1,1.0
53,1,931.0,239.0,41.0,120.0,1,1,1.0
54,1,931.0,238.0,41.0,120.0,1,1,1.0
55,1,931.0,239.0,42.0,121.0,1,1,1.0
56,1,931.0,239.0,43.0,122.0,1,1,1.0
57,1,931.0,241.0,44.0,123.0,1,1,1.0
58,1,931.0,242.0,44.0,123.0,1,1,1.0
59,1,932.0,242.0,44.0,123.0,1,1,1.0
60,1,933.0,243.0,45.0,123.0,1,1,1.0
61,1,934.0,243.0,44.0,124.0,1,1,1.0
62,1,935.0,242.0,44.0,124.0,1,1,1.0
63,1,935.0,242.0,44.0,125.0,1,1,1.0
64,1,936.0,243.0,44.0,124.0,1,1,1.0
65,1,937.0,243.0,45.0,124.0,1,1,1.0
66,1,937.0,243.0,45.0,125.0,1,1,1.0
67,1,937.0,244.0,46.0,126.0,1,1,1.0
68,1,936.0,245.0,47.0,126.0,1,1,1.0
69,1,936.0,246.0,48.0,127.0,1,1,1.0
70,1,935.0,248.0,48.0,127.0,1,1,1.0
71,1,935.0,248.0,48.0,127.0,1,1,1.0
72,1,936.0,249.0,48.0,127.0,1,1,1.0
73,1,936.0,249.0,47.0,127.0,1,1,1.0
74,1,938.0,249.0,46.0,128.0,1,1,1.0
75,1,939.0,248.0,47.0,128.0,1,1,1.0
76,1,939.0,248.0,46.0,129.0,1,1,1.0
77,1,939.0,249.0,46.0,131.0,1,1,1.0
78,1,940.0,251.0,46.0,131.0,1,1,1.0
79,1,941.0,252.0,46.0,132.0,1,1,1.0
80,1,943.0,253.0,46.0,132.0,1,1,1.0
81,1,944.0,253.0,45.0,134.0,1,1,1.0
82,1,945.0,253.0,45.0,134.0,1,1,1.0
83,1,947.0,253.0,45.0,134.0,1,1,1.0
84,1,948.0,254.0,45.0,134.0,1,1,1.0
85,1,949.0,253.0,45.0,134.0,1,1,1.0
86,1,949.0,253.0,46.0,134.0,1,1,1.0
87,1,949.0,254.0,46.0,134.0,1,1,1.0
88,1,950.0,256.0,47.0,133.0,1,1,1.0
89,1,951.0,257.0,48.0,134.0,1,1,1.0
90,1,951.0,259.0,48.0,134.0,1,1,1.0
91,1,951.0,259.0,48.0,135.0,1,1,1.0
92,1,951.0,260.0,48.0,136.0,1,1,1.0
93,1,951.0,260.0,48.0,137.0,1,1,1.0
94,1,951.0,260.0,48.0,137.0,1,1,1.0
95,1,951.0,260.0,48.0,138.0,1,1,1.0
96,1,951.0,260.0,48.0,137.0,1,1,1.0
97,1,951.0,260.0,47.0,137.0,1,1,1.0
98,1,951.0,262.0,48.0,138.0,1,1,1.0
99,1,951.0,262.0,48.0,140.0,1,1,1.0
100,1,950.0,262.0,49.0,142.0,1,1,1.0
101,1,952.0,265.0,48.0,141.0,1,1,1.0
102,1,952.0,265.0,48.0,141.0,1,1,1.0
103,1,951.0,264.0,49.0,143.0,1,1,1.0
104,1,953.0,266.0,50.0,144.0,1,1,1.0
105,1,953.0,266.0,50.0,144.0,1,1,1.0
106,1,953.0,266.0,50.0,145.0,1,1,1.0
107,1,954.0,266.0,50.0,145.0,1,1,1.0
108,1,954.0,265.0,51.0,146.0,1,1,1.0
109,1,953.0,265.0,52.0,146.0,1,1,1.0
110,1,954.0,268.0,53.0,146.0,1,1,1.0
111,1,952.0,270.0,54.0,145.0,1,1,1.0
112,1,952.0,272.0,54.0,147.0,1,1,1.0
113,1,953.0,272.0,55.0,149.0,1,1,1.0
114,1,950.0,273.0,54.0,149.0,1,1,1.0
115,1,950.0,273.0,54.0,150.0,1,1,1.0
116,1,950.0,274.0,54.0,150.0,1,1,1.0
117,1,949.0,271.0,54.0,151.0,1,1,1.0
118,1,951.0,269.0,54.0,151.0,1,1,1.0
119,1,951.0,272.0,54.0,153.0,1,1,1.0
120,1,951.0,274.0,55.0,156.0,1,1,1.0
121,1,949.0,273.0,55.0,157.0,1,1,1.0
122,1,954.0,275.0,56.0,155.0,1,1,1.0
123,1,949.0,275.0,55.0,155.0,1,1,1.0
124,1,953.0,279.0,54.0,158.0,1,1,1.0
125,1,953.0,279.0,54.0,159.0,1,1,1.0
126,1,952.0,276.0,54.0,159.0,1,1,1.0
127,1,957.0,278.0,53.0,159.0,1,1,1.0
128,1,954.0,279.0,54.0,158.0,1,1,1.0
129,1,954.0,281.0,55.0,157.0,1,1,1.0
130,1,953.0,280.0,56.0,158.0,1,1,1.0
131,1,953.0,283.0,56.0,160.0,1,1,1.0
132,1,953.0,283.0,58.0,161.0,1,1,1.0
133,1,953.0,287.0,59.0,163.0,1,1,1.0
134,1,953.0,288.0,59.0,163.0,1,1,1.0
135,1,952.0,287.0,59.0,164.0,1,1,1.0
136,1,952.0,288.0,58.0,165.0,1,1,1.0
137,1,953.0,288.0,58.0,165.0,1,1,1.0
138,1,952.0,287.0,58.0,166.0,1,1,1.0
139,1,954.0,288.0,58.0,166.0,1,1,1.0
140,1,955.0,290.0,58.0,165.0,1,1,1.0
141,1,953.0,291.0,58.0,167.0,1,1,1.0
142,1,954.0,293.0,59.0,167.0,1,1,1.0
143,1,954.0,296.0,59.0,168.0,1,1,1.0
144,1,954.0,295.0,59.0,169.0,1,1,1.0
145,1,956.0,298.0,60.0,170.0,1,1,1.0
146,1,956.0,299.0,61.0,172.0,1,1,1.0
147,1,956.0,297.0,61.0,174.0,1,1,1.0
148,1,959.0,299.0,61.0,174.0,1,1,1.0
149,1,959.0,299.0,62.0,174.0,1,1,1.0
150,1,960.0,299.0,62.0,173.0,1,1,1.0
151,1,962.0,300.0,62.0,173.0,1,1,1.0
152,1,961.0,301.0,62.0,174.0,1,1,1.0
153,1,961.0,303.0,63.0,176.0,1,1,1.0
154,1,961.0,307.0,65.0,176.0,1,1,1.0
155,1,959.0,308.0,67.0,176.0,1,1,1.0
156,1,958.0,309.0,68.0,178.0,1,1,1.0
157,1,959.0,311.0,68.0,181.0,1,1,1.0
158,1,958.0,311.0,67.0,181.0,1,1,1.0
159,1,960.0,311.0,66.0,182.0,1,1,1.0
160,1,963.0,313.0,64.0,182.0,1,1,1.0
161,1,964.0,312.0,63.0,181.0,1,1,1.0
162,1,965.0,313.0,63.0,182.0,1,1,1.0
163,1,967.0,315.0,63.0,185.0,1,1,1.0
164,1,967.0,317.0,63.0,187.0,1,1,1.0
165,1,967.0,317.0,64.0,188.0,1,1,1.0
166,1,970.0,322.0,64.0,188.0,1,1,1.0
167,1,971.0,322.0,64.0,191.0,1,1,1.0
168,1,973.0,323.0,64.0,192.0,1,1,1.0
169,1,978.0,322.0,64.0,192.0,1,1,1.0
170,1,979.0,321.0,64.0,192.0,1,1,1.0
171,1,978.0,322.0,64.0,192.0,1,1,1.0
172,1,980.0,324.0,64.0,190.0,1,1,1.0
173,1,979.0,326.0,65.0,193.0,1,1,1.0
174,1,982.0,327.0,66.0,196.0,1,1,1.0
175,1,982.0,330.0,66.0,197.0,1,1,1.0
176,1,982.0,332.0,66.0,197.0,1,1,1.0
177,1,982.0,335.0,67.0,200.0,1,1,1.0
178,1,984.0,338.0,69.0,201.0,1,1,1.0
179,1,985.0,335.0,69.0,203.0,1,1,1.0
180,1,985.0,339.0,67.0,202.0,1,1,1.0
181,1,987.0,340.0,66.0,201.0,1,1,1.0
182,1,987.0,340.0,66.0,200.0,1,1,1.0
183,1,989.0,342.0,67.0,201.0,1,1,1.0
184,1,989.0,344.0,68.0,204.0,1,1,1.0
185,1,989.0,346.0,70.0,205.0,1,1,1.0
186,1,990.0,349.0,71.0,206.0,1,1,1.0
187,1,992.0,352.0,71.0,207.0,1,1,1.0
188,1,994.0,353.0,71.0,210.0,1,1,1.0
189,1,995.0,355.0,73.0,212.0,1,1,1.0
190,1,995.0,356.0,75.0,212.0,1,1,1.0
191,1,996.0,357.0,76.0,212.0,1,1,1.0
192,1,999.0,359.0,76.0,210.0,1,1,1.0
193,1,1001.0,360.0,76.0,208.0,1,1,1.0
194,1,1002.0,361.0,75.0,211.0,1,1,1.0
195,1,1003.0,364.0,77.0,216.0,1,1,1.0
196,1,1003.0,368.0,79.0,217.0,1,1,1.0
197,1,1004.0,370.0,82.0,217.0,1,1,1.0
198,1,1002.0,374.0,84.0,219.0,1,1,1.0
199,1,1002.0,375.0,85.0,224.0,1,1,1.0
200,1,1002.0,377.0,87.0,226.0,1,1,1.0
201,1,1003.0,379.0,89.0,226.0,1,1,1.0
202,1,1003.0,375.0,92.0,225.0,1,1,1.0
203,1,995.0,379.0,94.0,226.0,1,1,1.0
204,1,1000.0,382.0,92.0,225.0,1,1,1.0
205,1,1004.0,381.0,87.0,229.0,1,1,1.0
206,1,1011.0,385.0,85.0,230.0,1,1,1.0
207,1,1015.0,388.0,84.0,231.0,1,1,1.0
208,1,1015.0,392.0,84.0,233.0,1,1,1.0
209,1,1016.0,396.0,85.0,236.0,1,1,1.0
210,1,1020.0,399.0,86.0,238.0,1,1,1.0
211,1,1024.0,397.0,86.0,238.0,1,1,1.0
212,1,1024.0,399.0,86.0,239.0,1,1,1.0
213,1,1025.0,400.0,86.0,238.0,1,1,1.0
214,1,1025.0,401.0,87.0,236.0,1,1,1.0
215,1,1027.0,404.0,87.0,235.0,1,1,1.0
216,1,1031.0,407.0,88.0,242.0,1,1,1.0
217,1,1028.0,411.0,88.0,246.0,1,1,1.0
218,1,1031.0,416.0,88.0,246.0,1,1,1.0
219,1,1031.0,420.0,89.0,248.0,1,1,1.0
220,1,1032.0,422.0,89.0,252.0,1,1,1.0
221,1,1032.0,424.0,89.0,254.0,1,1,1.0
222,1,1033.0,426.0,88.0,254.0,1,1,1.0
223,1,1033.0,427.0,89.0,253.0,1,1,1.0
224,1,1034.0,429.0,89.0,252.0,1,1,1.0
225,1,1034.0,430.0,90.0,250.0,1,1,1.0
226,1,1034.0,433.0,90.0,255.0,1,1,1.0
227,1,1034.0,436.0,92.0,261.0,1,1,1.0
228,1,1034.0,440.0,92.0,263.0,1,1,1.0
229,1,1036.0,444.0,93.0,265.0,1,1,1.0
230,1,1037.0,447.0,95.0,269.0,1,1,1.0
231,1,1038.0,450.0,97.0,274.0,1,1,1.0
232,1,1038.0,452.0,100.0,275.0,1,1,1.0
233,1,1040.0,454.0,100.0,275.0,1,1,1.0
234,1,1043.0,455.0,99.0,274.0,1,1,1.0
235,1,1045.0,457.0,98.0,272.0,1,1,1.0
236,1,1046.0,460.0,99.0,270.0,1,1,1.0
237,1,1046.0,463.0,100.0,278.0,1,1,1.0
238,1,1047.0,466.0,100.0,282.0,1,1,1.0
239,1,1048.0,471.0,100.0,284.0,1,1,1.0
240,1,1049.0,476.0,100.0,286.0,1,1,1.0
241,1,1050.0,480.0,100.0,293.0,1,1,1.0
242,1,1050.0,482.0,101.0,296.0,1,1,1.0
243,1,1050.0,484.0,101.0,296.0,1,1,1.0
244,1,1051.0,485.0,102.0,296.0,1,1,1.0
245,1,1052.0,487.0,102.0,294.0,1,1,1.0
246,1,1053.0,489.0,102.0,291.0,1,1,1.0
247,1,1053.0,493.0,102.0,292.0,1,1,1.0
248,1,1054.0,497.0,102.0,302.0,1,1,1.0
249,1,1055.0,501.0,102.0,307.0,1,1,1.0
250,1,1056.0,506.0,103.0,308.0,1,1,1.0
251,1,1058.0,511.0,104.0,310.0,1,1,1.0
252,1,1060.0,515.0,106.0,317.0,1,1,1.0
253,1,1060.0,518.0,110.0,320.0,1,1,1.0
254,1,1059.0,520.0,115.0,321.0,1,1,1.0
255,1,1060.0,522.0,118.0,320.0,1,1,1.0
256,1,1063.0,525.0,118.0,318.0,1,1,1.0
257,1,1067.0,528.0,116.0,315.0,1,1,1.0
258,1,1069.0,532.0,116.0,315.0,1,1,1.0
259,1,1070.0,536.0,116.0,326.0,1,1,1.0
260,1,1072.0,541.0,116.0,334.0,1,1,1.0
261,1,1074.0,547.0,117.0,337.0,1,1,1.0
262,1,1074.0,552.0,117.0,341.0,1,1,1.0
263,1,1075.0,558.0,117.0,348.0,1,1,1.0
264,1,1075.0,562.0,118.0,349.0,1,1,1.0
265,1,1075.0,565.0,119.0,347.0,1,1,1.0
266,1,1076.0,568.0,120.0,345.0,1,1,1.0
267,1,1077.0,571.0,121.0,342.0,1,1,1.0
268,1,1077.0,574.0,122.0,339.0,1,1,1.0
269,1,1078.0,578.0,123.0,348.0,1,1,1.0
270,1,1078.0,583.0,123.0,359.0,1,1,1.0
271,1,1078.0,589.0,124.0,365.0,1,1,1.0
272,1,1079.0,596.0,125.0,367.0,1,1,1.0
273,1,1080.0,602.0,126.0,370.0,1,1,1.0
274,1,1081.0,607.0,129.0,376.0,1,1,1.0
275,1,1083.0,613.0,130.0,380.0,1,1,1.0
276,1,1085.0,616.0,132.0,378.0,1,1,1.0
277,1,1086.0,620.0,134.0,375.0,1,1,1.0
278,1,1087.0,625.0,136.0,371.0,1,1,1.0
279,1,1086.0,630.0,138.0,366.0,1,1,1.0
280,1,1086.0,635.0,141.0,366.0,1,1,1.0
281,1,1086.0,642.0,142.0,379.0,1,1,1.0
282,1,1085.0,649.0,143.0,390.0,1,1,1.0
283,1,1086.0,657.0,144.0,394.0,1,1,1.0
284,1,1086.0,666.0,145.0,398.0,1,1,1.0
285,1,1085.0,673.0,147.0,403.0,1,1,1.0
286,1,1084.0,679.0,149.0,402.0,1,1,1.0
287,1,1084.0,684.0,150.0,398.0,1,1,1.0
288,1,1085.0,688.0,151.0,394.0,1,1,1.0
289,1,1087.0,693.0,151.0,389.0,1,1,1.0
290,1,1089.0,699.0,150.0,383.0,1,1,1.0
291,1,1089.0,705.0,151.0,376.0,1,1,1.0
292,1,1089.0,713.0,152.0,368.0,1,1,1.0
293,1,1090.0,722.0,153.0,358.0,1,1,1.0
294,1,1091.0,732.0,153.0,348.0,1,1,1.0
295,1,1091.0,742.0,155.0,338.0,1,1,1.0
296,1,1092.0,751.0,156.0,328.0,1,1,1.0
297,1,1094.0,760.0,159.0,320.0,1,1,1.0
298,1,1095.0,766.0,162.0,313.0,1,1,1.0
299,1,1095.0,772.0,166.0,307.0,1,1,1.0
300,1,1096.0,779.0,168.0,300.0,1,1,1.0
301,1,1095.0,786.0,171.0,292.0,1,1,1.0
302,1,1093.0,795.0,175.0,284.0,1,1,1.0
303,1,1092.0,805.0,178.0,274.0,1,1,1.0
304,1,1091.0,815.0,179.0,263.0,1,1,1.0
305,1,1090.0,827.0,180.0,252.0,1,1,1.0
306,1,1088.0,840.0,182.0,239.0,1,1,1.0
307,1,1085.0,853.0,184.0,226.0,1,1,1.0
308,1,1080.0,864.0,187.0,215.0,1,1,1.0
309,1,1075.0,873.0,190.0,206.0,1,1,1.0
310,1,1070.0,881.0,193.0,197.0,1,1,1.0
311,1,1067.0,889.0,195.0,189.0,1,1,1.0
312,1,1065.0,898.0,196.0,180.0,1,1,1.0
313,1,1066.0,908.0,195.0,171.0,1,1,1.0
314,1,1067.0,918.0,192.0,160.0,1,1,1.0
315,1,1068.0,932.0,191.0,147.0,1,1,1.0
316,1,1067.0,945.0,191.0,133.0,1,1,1.0
317,1,1065.0,960.0,189.0,118.0,1,1,1.0
318,1,1066.0,975.0,182.0,103.0,1,1,1.0
319,1,1070.0,990.0,174.0,89.0,1,1,1.0
320,1,1078.0,1003.0,154.0,76.0,1,1,1.0
560,2,0.0,495.0,60.0,211.0,1,1,1.0
561,2,0.0,492.0,60.0,211.0,1,1,1.0
562,2,0.0,489.0,60.0,208.0,1,1,1.0
563,2,0.0,486.0,61.0,210.0,1,1,1.0
564,2,1.0,484.0,68.0,210.0,1,1,1.0
565,2,7.0,482.0,86.0,213.0,1,1,1.0
566,2,13.0,480.0,94.0,215.0,1,1,1.0
567,2,20.0,478.0,97.0,215.0,1,1,1.0
568,2,26.0,475.0,95.0,217.0,1,1,1.0
569,2,32.0,471.0,92.0,220.0,1,1,1.0
570,2,38.0,468.0,86.0,218.0,1,1,1.0
571,2,45.0,464.0,79.0,217.0,1,1,1.0
572,2,51.0,462.0,73.0,213.0,1,1,1.0
573,2,58.0,460.0,67.0,209.0,1,1,1.0
574,2,64.0,459.0,71.0,208.0,1,1,1.0
575,2,70.0,458.0,83.0,208.0,1,1,1.0
576,2,76.0,457.0,95.0,209.0,1,1,1.0
577,2,83.0,456.0,102.0,208.0,1,1,1.0
578,2,89.0,455.0,104.0,207.0,1,1,1.0
579,2,90.0,454.0,109.0,206.0,1,1,1.0
580,2,99.0,452.0,101.0,206.0,1,1,1.0
581,2,110.0,449.0,91.0,204.0,1,1,1.0
582,2,119.0,447.0,81.0,203.0,1,1,1.0
583,2,126.0,444.0,74.0,204.0,1,1,1.0
584,2,132.0,441.0,68.0,206.0,1,1,1.0
585,2,142.0,439.0,90.0,208.0,1,1,1.0
586,2,150.0,438.0,101.0,209.0,1,1,1.0
587,2,158.0,437.0,105.0,209.0,1,1,1.0
588,2,165.0,436.0,106.0,211.0,1,1,1.0
589,2,169.0,433.0,105.0,213.0,1,1,1.0
590,2,176.0,430.0,99.0,214.0,1,1,1.0
591,2,186.0,426.0,90.0,214.0,1,1,1.0
592,2,197.0,423.0,78.0,212.0,1,1,1.0
593,2,205.0,421.0,69.0,205.0,1,1,1.0
594,2,213.0,420.0,67.0,204.0,1,1,1.0
595,2,220.0,419.0,79.0,204.0,1,1,1.0
596,2,228.0,418.0,92.0,205.0,1,1,1.0
597,2,235.0,418.0,102.0,205.0,1,1,1.0
598,2,242.0,417.0,105.0,204.0,1,1,1.0
599,2,245.0,416.0,107.0,203.0,1,1,1.0
600,2,249.0,414.0,105.0,204.0,1,1,1.0
601,2,257.0,411.0,97.0,203.0,1,1,1.0
602,2,270.0,408.0,84.0,202.0,1,1,1.0
603,2,281.0,406.0,73.0,202.0,1,1,1.0
604,2,288.0,404.0,66.0,204.0,1,1,1.0
605,2,295.0,402.0,69.0,205.0,1,1,1.0
606,2,302.0,401.0,81.0,206.0,1,1,1.0
607,2,309.0,401.0,91.0,206.0,1,1,1.0
608,2,317.0,400.0,96.0,206.0,1,1,1.0
609,2,321.0,399.0,100.0,206.0,1,1,1.0
610,2,325.0,397.0,100.0,207.0,1,1,1.0
611,2,330.0,395.0,96.0,206.0,1,1,1.0
612,2,342.0,392.0,86.0,205.0,1,1,1.0
613,2,353.0,391.0,74.0,201.0,1,1,1.0
614,2,362.0,389.0,67.0,199.0,1,1,1.0
615,2,369.0,387.0,66.0,198.0,1,1,1.0
616,2,377.0,386.0,74.0,198.0,1,1,1.0
617,2,385.0,385.0,86.0,199.0,1,1,1.0
618,2,392.0,385.0,97.0,198.0,1,1,1.0
619,2,396.0,385.0,104.0,197.0,1,1,1.0
620,2,398.0,384.0,107.0,195.0,1,1,1.0
621,2,402.0,383.0,106.0,196.0,1,1,1.0
622,2,409.0,381.0,100.0,195.0,1,1,1.0
623,2,422.0,378.0,87.0,192.0,1,1,1.0
624,2,437.0,375.0,72.0,192.0,1,1,1.0
625,2,451.0,373.0,67.0,194.0,1,1,1.0
626,2,460.0,371.0,74.0,196.0,1,1,1.0
627,2,468.0,370.0,83.0,197.0,1,1,1.0
628,2,474.0,370.0,90.0,197.0,1,1,1.0
629,2,477.0,369.0,95.0,197.0,1,1,1.0
630,2,480.0,367.0,98.0,199.0,1,1,1.0
631,2,485.0,365.0,94.0,199.0,1,1,1.0
632,2,495.0,362.0,84.0,197.0,1,1,1.0
633,2,508.0,360.0,74.0,193.0,1,1,1.0
634,2,519.0,358.0,70.0,190.0,1,1,1.0
635,2,527.0,357.0,70.0,190.0,1,1,1.0
636,2,534.0,357.0,69.0,189.0,1,1,1.0
637,2,540.0,357.0,81.0,189.0,1,1,1.0
638,2,547.0,356.0,91.0,189.0,1,1,1.0
639,2,550.0,356.0,98.0,188.0,1,1,1.0
640,2,553.0,356.0,100.0,187.0,1,1,1.0
641,2,557.0,355.0,98.0,186.0,1,1,1.0
642,2,564.0,353.0,92.0,185.0,1,1,1.0
643,2,577.0,351.0,82.0,183.0,1,1,1.0
644,2,589.0,350.0,77.0,183.0,1,1,1.0
645,2,601.0,347.0,75.0,185.0,1,1,1.0
646,2,609.0,346.0,77.0,186.0,1,1,1.0
647,2,616.0,346.0,83.0,186.0,1,1,1.0
648,2,622.0,345.0,86.0,186.0,1,1,1.0
649,2,625.0,345.0,89.0,186.0,1,1,1.0
650,2,628.0,343.0,90.0,187.0,1,1,1.0
651,2,632.0,341.0,88.0,188.0,1,1,1.0
652,2,639.0,339.0,84.0,187.0,1,1,1.0
653,2,651.0,337.0,78.0,186.0,1,1,1.0
654,2,660.0,336.0,76.0,183.0,1,1,1.0
655,2,666.0,334.0,80.0,183.0,1,1,1.0
656,2,672.0,334.0,79.0,183.0,1,1,1.0
657,2,678.0,334.0,79.0,183.0,1,1,1.0
658,2,683.0,334.0,87.0,182.0,1,1,1.0
659,2,689.0,334.0,92.0,181.0,1,1,1.0
660,2,692.0,334.0,93.0,180.0,1,1,1.0
661,2,695.0,333.0,92.0,180.0,1,1,1.0
662,2,700.0,331.0,88.0,180.0,1,1,1.0
663,2,710.0,330.0,84.0,178.0,1,1,1.0
664,2,721.0,328.0,77.0,178.0,1,1,1.0
665,2,728.0,327.0,76.0,178.0,1,1,1.0
666,2,734.0,326.0,74.0,180.0,1,1,1.0
667,2,740.0,325.0,74.0,180.0,1,1,1.0
668,2,745.0,325.0,74.0,181.0,1,1,1.0
669,2,751.0,325.0,76.0,180.0,1,1,1.0
670,2,756.0,325.0,77.0,180.0,1,1,1.0
671,2,758.0,324.0,79.0,180.0,1,1,1.0
672,2,760.0,323.0,81.0,181.0,1,1,1.0
673,2,764.0,321.0,81.0,182.0,1,1,1.0
674,2,771.0,319.0,77.0,182.0,1,1,1.0
675,2,781.0,317.0,72.0,179.0,1,1,1.0
676,2,789.0,316.0,68.0,175.0,1,1,1.0
677,2,794.0,315.0,68.0,175.0,1,1,1.0
678,2,798.0,315.0,69.0,175.0,1,1,1.0
679,2,803.0,315.0,70.0,175.0,1,1,1.0
680,2,810.0,315.0,77.0,175.0,1,1,1.0
681,2,815.0,315.0,82.0,175.0,1,1,1.0
682,2,817.0,315.0,85.0,173.0,1,1,1.0
683,2,819.0,314.0,85.0,172.0,1,1,1.0
684,2,821.0,313.0,83.0,173.0,1,1,1.0
685,2,829.0,311.0,79.0,172.0,1,1,1.0
686,2,838.0,309.0,74.0,171.0,1,1,1.0
687,2,849.0,308.0,68.0,171.0,1,1,1.0
688,2,856.0,307.0,66.0,172.0,1,1,1.0
689,2,861.0,306.0,65.0,173.0,1,1,1.0
690,2,866.0,305.0,63.0,173.0,1,1,1.0
691,2,871.0,305.0,63.0,173.0,1,1,1.0
692,2,875.0,306.0,65.0,173.0,1,1,1.0
693,2,877.0,305.0,68.0,173.0,1,1,1.0
694,2,878.0,304.0,70.0,173.0,1,1,1.0
695,2,881.0,302.0,71.0,174.0,1,1,1.0
696,2,889.0,301.0,68.0,173.0,1,1,1.0
697,2,898.0,299.0,64.0,169.0,1,1,1.0
698,2,903.0,298.0,64.0,166.0,1,1,1.0
699,2,908.0,297.0,64.0,166.0,1,1,1.0
700,2,912.0,297.0,64.0,166.0,1,1,1.0
701,2,918.0,296.0,65.0,165.0,1,1,1.0
702,2,923.0,296.0,73.0,165.0,1,1,1.0
703,2,925.0,297.0,80.0,164.0,1,1,1.0
704,2,926.0,297.0,83.0,163.0,1,1,1.0
705,2,928.0,297.0,83.0,163.0,1,1,1.0
706,2,931.0,296.0,81.0,162.0,1,1,1.0
707,2,938.0,296.0,77.0,161.0,1,1,1.0
708,2,947.0,294.0,71.0,162.0,1,1,1.0
709,2,959.0,293.0,62.0,163.0,1,1,1.0
710,2,968.0,292.0,57.0,165.0,1,1,1.0
711,2,974.0,291.0,56.0,165.0,1,1,1.0
712,2,980.0,291.0,55.0,166.0,1,1,1.0
713,2,984.0,291.0,57.0,165.0,1,1,1.0
714,2,986.0,292.0,61.0,164.0,1,1,1.0
715,2,987.0,292.0,65.0,163.0,1,1,1.0
716,2,989.0,293.0,68.0,162.0,1,1,1.0
717,2,994.0,292.0,68.0,162.0,1,1,1.0
718,2,1003.0,291.0,63.0,160.0,1,1,1.0
719,2,1014.0,290.0,58.0,157.0,1,1,1.0
720,2,1021.0,288.0,56.0,157.0,1,1,1.0
721,2,1027.0,288.0,55.0,157.0,1,1,1.0
722,2,1031.0,288.0,55.0,157.0,1,1,1.0
723,2,1035.0,288.0,64.0,156.0,1,1,1.0
724,2,1037.0,289.0,72.0,155.0,1,1,1.0
725,2,1040.0,290.0,75.0,154.0,1,1,1.0
726,2,1044.0,289.0,73.0,154.0,1,1,1.0
727,2,1050.0,288.0,69.0,153.0,1,1,1.0
728,2,1059.0,287.0,65.0,153.0,1,1,1.0
729,2,1070.0,286.0,55.0,154.0,1,1,1.0
730,2,1077.0,286.0,52.0,154.0,1,1,1.0
731,2,1082.0,285.0,52.0,155.0,1,1,1.0
732,2,1087.0,285.0,52.0,155.0,1,1,1.0
733,2,1091.0,286.0,52.0,154.0,1,1,1.0
734,2,1093.0,285.0,55.0,154.0,1,1,1.0
735,2,1094.0,286.0,58.0,153.0,1,1,1.0
736,2,1096.0,287.0,59.0,152.0,1,1,1.0
737,2,1099.0,286.0,60.0,152.0,1,1,1.0
738,2,1106.0,285.0,57.0,150.0,1,1,1.0
739,2,1113.0,284.0,57.0,148.0,1,1,1.0
740,2,1119.0,283.0,54.0,146.0,1,1,1.0
741,2,1123.0,282.0,52.0,147.0,1,1,1.0
742,2,1126.0,282.0,54.0,147.0,1,1,1.0
743,2,1128.0,282.0,58.0,147.0,1,1,1.0
744,2,1130.0,282.0,65.0,147.0,1,1,1.0
745,2,1133.0,282.0,71.0,146.0,1,1,1.0
746,2,1137.0,282.0,67.0,145.0,1,1,1.0
747,2,1140.0,282.0,65.0,144.0,1,1,1.0
748,2,1147.0,280.0,64.0,145.0,1,1,1.0
749,2,1156.0,279.0,58.0,145.0,1,1,1.0
750,2,1163.0,278.0,52.0,146.0,1,1,1.0
751,2,1168.0,278.0,50.0,146.0,1,1,1.0
752,2,1172.0,276.0,49.0,148.0,1,1,1.0
753,2,1176.0,274.0,49.0,150.0,1,1,1.0
754,2,1178.0,276.0,50.0,148.0,1,1,1.0
755,2,1179.0,278.0,52.0,146.0,1,1,1.0
756,2,1180.0,279.0,55.0,145.0,1,1,1.0
757,2,1183.0,277.0,56.0,146.0,1,1,1.0
758,2,1187.0,277.0,55.0,145.0,1,1,1.0
759,2,1193.0,276.0,53.0,142.0,1,1,1.0
760,2,1196.0,275.0,53.0,141.0,1,1,1.0
761,2,1200.0,275.0,54.0,140.0,1,1,1.0
762,2,1202.0,274.0,52.0,141.0,1,1,1.0
763,2,1205.0,274.0,53.0,141.0,1,1,1.0
764,2,1208.0,275.0,56.0,140.0,1,1,1.0
765,2,1212.0,275.0,56.0,139.0,1,1,1.0
766,2,1214.0,275.0,54.0,138.0,1,1,1.0
767,2,1217.0,275.0,58.0,138.0,1,1,1.0
768,2,1221.0,275.0,58.0,136.0,1,1,1.0
769,2,1226.0,273.0,54.0,136.0,1,1,1.0
770,2,1233.0,273.0,50.0,136.0,1,1,1.0
771,2,1238.0,272.0,47.0,137.0,1,1,1.0
772,2,1242.0,272.0,43.0,137.0,1,1,1.0
773,2,1244.0,272.0,44.0,137.0,1,1,1.0
774,2,1246.0,272.0,45.0,136.0,1,1,1.0
775,2,1247.0,273.0,47.0,136.0,1,1,1.0
776,2,1249.0,273.0,50.0,135.0,1,1,1.0
777,2,1250.0,273.0,52.0,135.0,1,1,1.0
778,2,1252.0,272.0,53.0,136.0,1,1,1.0
779,2,1257.0,271.0,51.0,135.0,1,1,1.0
780,2,1263.0,270.0,48.0,133.0,1,1,1.0
781,2,1265.0,270.0,48.0,133.0,1,1,1.0
782,2,1267.0,268.0,50.0,133.0,1,1,1.0
783,2,1268.0,269.0,50.0,133.0,1,1,1.0
784,2,1272.0,268.0,49.0,133.0,1,1,1.0
785,2,1274.0,268.0,55.0,134.0,1,1,1.0
786,2,1278.0,270.0,56.0,131.0,1,1,1.0
787,2,1280.0,271.0,56.0,130.0,1,1,1.0
788,2,1282.0,270.0,55.0,131.0,1,1,1.0
789,2,1285.0,269.0,55.0,131.0,1,1,1.0
790,2,1288.0,269.0,54.0,130.0,1,1,1.0
791,2,1295.0,269.0,50.0,129.0,1,1,1.0
792,2,1302.0,268.0,46.0,129.0,1,1,1.0
793,2,1306.0,267.0,45.0,130.0,1,1,1.0
794,2,1309.0,268.0,47.0,130.0,1,1,1.0
795,2,1312.0,268.0,46.0,129.0,1,1,1.0
796,2,1315.0,269.0,50.0,128.0,1,1,1.0
798,2,1319.0,270.0,46.0,127.0,1,1,1.0
799,2,1320.0,270.0,46.0,127.0,1,1,1.0
800,2,1322.0,270.0,46.0,126.0,1,1,1.0
