1,1,820.0,0.0,43.0,92.0,1,1,1.0
2,1,818.0,0.0,44.0,92.0,1,1,1.0
3,1,816.0,0.0,46.0,92.0,1,1,1.0
4,1,815.0,0.0,44.0,93.0,1,1,1.0
5,1,814.0,0.0,41.0,95.0,1,1,1.0
6,1,814.0,0.0,41.0,96.0,1,1,1.0
7,1,814.0,0.0,40.0,96.0,1,1,1.0
9,1,820.0,0.0,37.0,96.0,1,1,1.0
10,1,817.0,0.0,41.0,96.0,1,1,1.0
11,1,816.0,0.0,41.0,96.0,1,1,1.0
13,1,815.0,0.0,41.0,98.0,1,1,1.0
16,1,812.0,0.0,44.0,101.0,1,1,1.0
17,1,811.0,0.0,45.0,102.0,1,1,1.0
18,1,810.0,0.0,47.0,102.0,1,1,1.0
19,1,809.0,0.0,46.0,102.0,1,1,1.0
20,1,809.0,0.0,45.0,102.0,1,1,1.0
21,1,808.0,0.0,45.0,103.0,1,1,1.0
22,1,807.0,0.0,45.0,103.0,1,1,1.0
23,1,807.0,0.0,46.0,104.0,1,1,1.0
24,1,806.0,0.0,45.0,105.0,1,1,1.0
25,1,805.0,0.0,45.0,106.0,1,1,1.0
26,1,805.0,1.0,45.0,107.0,1,1,1.0
27,1,804.0,2.0,45.0,107.0,1,1,1.0
28,1,803.0,2.0,47.0,107.0,1,1,1.0
29,1,802.0,2.0,48.0,107.0,1,1,1.0
30,1,804.0,1.0,46.0,108.0,1,1,1.0
31,1,805.0,1.0,46.0,108.0,1,1,1.0
32,1,805.0,1.0,45.0,109.0,1,1,1.0
33,1,805.0,1.0,46.0,110.0,1,1,1.0
34,1,805.0,1.0,48.0,111.0,1,1,1.0
35,1,805.0,2.0,49.0,111.0,1,1,1.0
36,1,805.0,3.0,49.0,110.0,1,1,1.0
37,1,806.0,5.0,50.0,110.0,1,1,1.0
38,1,806.0,5.0,50.0,109.0,1,1,1.0
39,1,805.0,5.0,49.0,109.0,1,1,1.0
40,1,804.0,5.0,53.0,110.0,1,1,1.0
41,1,804.0,4.0,52.0,111.0,1,1,1.0
42,1,805.0,3.0,51.0,112.0,1,1,1.0
43,1,806.0,3.0,53.0,112.0,1,1,1.0
44,1,806.0,4.0,55.0,113.0,1,1,1.0
45,1,806.0,5.0,56.0,114.0,1,1,1.0
46,1,806.0,6.0,56.0,114.0,1,1,1.0
47,1,807.0,7.0,55.0,114.0,1,1,1.0
48,1,808.0,7.0,54.0,114.0,1,1,1.0
49,1,809.0,7.0,52.0,115.0,1,1,1.0
50,1,809.0,6.0,52.0,115.0,1,1,1.0
51,1,809.0,6.0,52.0,116.0,1,1,1.0
52,1,809.0,5.0,53.0,117.0,1,1,1.0
53,1,809.0,4.0,53.0,118.0,1,1,1.0
54,1,809.0,5.0,54.0,118.0,1,1,1.0
55,1,809.0,7.0,54.0,119.0,1,1,1.0
56,1,809.0,8.0,55.0,119.0,1,1,1.0
57,1,809.0,9.0,56.0,120.0,1,1,1.0
58,1,808.0,9.0,56.0,120.0,1,1,1.0
59,1,808.0,9.0,55.0,120.0,1,1,1.0
60,1,808.0,9.0,55.0,120.0,1,1,1.0
61,1,808.0,9.0,56.0,120.0,1,1,1.0
62,1,809.0,9.0,55.0,120.0,1,1,1.0
63,1,810.0,9.0,55.0,121.0,1,1,1.0
64,1,811.0,9.0,56.0,123.0,1,1,1.0
65,1,811.0,10.0,57.0,123.0,1,1,1.0
66,1,811.0,12.0,57.0,122.0,1,1,1.0
67,1,812.0,14.0,55.0,122.0,1,1,1.0
68,1,813.0,15.0,54.0,122.0,1,1,1.0
69,1,813.0,15.0,55.0,122.0,1,1,1.0
70,1,813.0,14.0,55.0,123.0,1,1,1.0
71,1,813.0,13.0,56.0,124.0,1,1,1.0
72,1,812.0,13.0,57.0,125.0,1,1,1.0
73,1,812.0,12.0,58.0,126.0,1,1,1.0
74,1,813.0,13.0,57.0,128.0,1,1,1.0
75,1,814.0,14.0,57.0,128.0,1,1,1.0
76,1,814.0,15.0,58.0,129.0,1,1,1.0
77,1,814.0,17.0,57.0,128.0,1,1,1.0
78,1,813.0,17.0,57.0,128.0,1,1,1.0
79,1,813.0,17.0,57.0,128.0,1,1,1.0
80,1,812.0,17.0,57.0,129.0,1,1,1.0
81,1,812.0,17.0,57.0,129.0,1,1,1.0
82,1,812.0,16.0,58.0,130.0,1,1,1.0
83,1,814.0,16.0,57.0,131.0,1,1,1.0
84,1,814.0,16.0,59.0,132.0,1,1,1.0
85,1,814.0,17.0,59.0,135.0,1,1,1.0
86,1,814.0,19.0,60.0,135.0,1,1,1.0
87,1,813.0,20.0,61.0,135.0,1,1,1.0
88,1,813.0,21.0,59.0,135.0,1,1,1.0
89,1,813.0,21.0,58.0,135.0,1,1,1.0
90,1,813.0,21.0,58.0,135.0,1,1,1.0
91,1,812.0,21.0,59.0,136.0,1,1,1.0
92,1,811.0,20.0,60.0,136.0,1,1,1.0
93,1,811.0,20.0,62.0,137.0,1,1,1.0
94,1,810.0,20.0,63.0,140.0,1,1,1.0
95,1,810.0,21.0,64.0,141.0,1,1,1.0
96,1,810.0,24.0,65.0,139.0,1,1,1.0
97,1,810.0,25.0,65.0,140.0,1,1,1.0
98,1,809.0,26.0,65.0,140.0,1,1,1.0
99,1,808.0,26.0,65.0,140.0,1,1,1.0
100,1,808.0,26.0,66.0,141.0,1,1,1.0
101,1,808.0,25.0,65.0,142.0,1,1,1.0
102,1,809.0,24.0,64.0,143.0,1,1,1.0
103,1,810.0,23.0,64.0,144.0,1,1,1.0
104,1,811.0,24.0,65.0,146.0,1,1,1.0
105,1,811.0,26.0,65.0,147.0,1,1,1.0
106,1,811.0,28.0,65.0,147.0,1,1,1.0
107,1,811.0,29.0,65.0,147.0,1,1,1.0
108,1,812.0,30.0,65.0,146.0,1,1,1.0
109,1,811.0,31.0,67.0,146.0,1,1,1.0
110,1,811.0,30.0,68.0,147.0,1,1,1.0
111,1,810.0,30.0,69.0,147.0,1,1,1.0
112,1,810.0,29.0,70.0,148.0,1,1,1.0
113,1,810.0,29.0,71.0,149.0,1,1,1.0
114,1,811.0,29.0,71.0,149.0,1,1,1.0
115,1,811.0,30.0,71.0,151.0,1,1,1.0
116,1,811.0,32.0,72.0,152.0,1,1,1.0
117,1,811.0,35.0,74.0,152.0,1,1,1.0
118,1,810.0,37.0,76.0,152.0,1,1,1.0
119,1,809.0,37.0,75.0,152.0,1,1,1.0
120,1,809.0,37.0,75.0,152.0,1,1,1.0
121,1,810.0,36.0,74.0,153.0,1,1,1.0
122,1,812.0,35.0,72.0,154.0,1,1,1.0
123,1,813.0,35.0,71.0,155.0,1,1,1.0
124,1,813.0,36.0,71.0,157.0,1,1,1.0
125,1,813.0,37.0,72.0,159.0,1,1,1.0
126,1,812.0,39.0,72.0,160.0,1,1,1.0
127,1,812.0,41.0,73.0,160.0,1,1,1.0
128,1,811.0,42.0,73.0,160.0,1,1,1.0
129,1,809.0,42.0,74.0,160.0,1,1,1.0
130,1,807.0,42.0,75.0,160.0,1,1,1.0
131,1,806.0,41.0,76.0,161.0,1,1,1.0
132,1,805.0,41.0,77.0,161.0,1,1,1.0
133,1,805.0,40.0,78.0,162.0,1,1,1.0
134,1,804.0,40.0,79.0,164.0,1,1,1.0
135,1,803.0,42.0,80.0,166.0,1,1,1.0
136,1,802.0,46.0,80.0,164.0,1,1,1.0
137,1,801.0,49.0,81.0,164.0,1,1,1.0
138,1,799.0,50.0,80.0,166.0,1,1,1.0
139,1,796.0,51.0,80.0,166.0,1,1,1.0
140,1,794.0,51.0,81.0,166.0,1,1,1.0
141,1,792.0,50.0,82.0,167.0,1,1,1.0
142,1,791.0,50.0,82.0,167.0,1,1,1.0
143,1,791.0,49.0,81.0,168.0,1,1,1.0
144,1,791.0,50.0,79.0,170.0,1,1,1.0
145,1,790.0,50.0,79.0,175.0,1,1,1.0
146,1,788.0,52.0,79.0,175.0,1,1,1.0
147,1,787.0,55.0,78.0,175.0,1,1,1.0
148,1,786.0,57.0,78.0,176.0,1,1,1.0
149,1,784.0,58.0,79.0,176.0,1,1,1.0
150,1,781.0,58.0,81.0,176.0,1,1,1.0
151,1,779.0,59.0,82.0,176.0,1,1,1.0
152,1,778.0,58.0,83.0,176.0,1,1,1.0
153,1,776.0,58.0,85.0,176.0,1,1,1.0
154,1,775.0,58.0,86.0,178.0,1,1,1.0
155,1,775.0,59.0,87.0,182.0,1,1,1.0
156,1,775.0,60.0,88.0,179.0,1,1,1.0
157,1,774.0,63.0,89.0,175.0,1,1,1.0
158,1,773.0,65.0,88.0,183.0,1,1,1.0
159,1,771.0,66.0,87.0,186.0,1,1,1.0
160,1,769.0,67.0,87.0,187.0,1,1,1.0
161,1,767.0,67.0,88.0,187.0,1,1,1.0
162,1,766.0,66.0,88.0,189.0,1,1,1.0
163,1,766.0,66.0,88.0,190.0,1,1,1.0
164,1,767.0,66.0,88.0,191.0,1,1,1.0
165,1,768.0,66.0,87.0,194.0,1,1,1.0
166,1,767.0,69.0,87.0,197.0,1,1,1.0
167,1,767.0,72.0,86.0,197.0,1,1,1.0
168,1,766.0,74.0,86.0,198.0,1,1,1.0
169,1,766.0,76.0,86.0,197.0,1,1,1.0
170,1,764.0,77.0,88.0,197.0,1,1,1.0
171,1,763.0,77.0,89.0,197.0,1,1,1.0
172,1,762.0,76.0,90.0,198.0,1,1,1.0
173,1,761.0,76.0,90.0,198.0,1,1,1.0
174,1,761.0,75.0,91.0,200.0,1,1,1.0
175,1,761.0,76.0,92.0,205.0,1,1,1.0
176,1,760.0,79.0,94.0,209.0,1,1,1.0
177,1,759.0,82.0,96.0,209.0,1,1,1.0
178,1,757.0,85.0,98.0,211.0,1,1,1.0
179,1,754.0,88.0,100.0,211.0,1,1,1.0
180,1,750.0,91.0,101.0,209.0,1,1,1.0
181,1,747.0,92.0,103.0,209.0,1,1,1.0
182,1,745.0,91.0,103.0,209.0,1,1,1.0
183,1,744.0,91.0,103.0,209.0,1,1,1.0
184,1,744.0,91.0,102.0,211.0,1,1,1.0
185,1,745.0,91.0,100.0,215.0,1,1,1.0
186,1,745.0,94.0,99.0,216.0,1,1,1.0
187,1,744.0,97.0,98.0,218.0,1,1,1.0
188,1,744.0,100.0,98.0,221.0,1,1,1.0
189,1,744.0,103.0,97.0,223.0,1,1,1.0
190,1,743.0,105.0,97.0,223.0,1,1,1.0
191,1,743.0,106.0,97.0,222.0,1,1,1.0
192,1,743.0,106.0,95.0,222.0,1,1,1.0
193,1,743.0,105.0,95.0,223.0,1,1,1.0
194,1,744.0,105.0,96.0,223.0,1,1,1.0
195,1,745.0,106.0,97.0,227.0,1,1,1.0
196,1,746.0,108.0,97.0,233.0,1,1,1.0
197,1,746.0,111.0,98.0,235.0,1,1,1.0
198,1,747.0,115.0,99.0,234.0,1,1,1.0
199,1,746.0,118.0,101.0,234.0,1,1,1.0
200,1,745.0,121.0,101.0,227.0,1,1,1.0
201,1,744.0,122.0,101.0,228.0,1,1,1.0
202,1,744.0,123.0,101.0,231.0,1,1,1.0
203,1,743.0,122.0,102.0,230.0,1,1,1.0
204,1,743.0,122.0,104.0,233.0,1,1,1.0
205,1,742.0,123.0,106.0,235.0,1,1,1.0
206,1,743.0,125.0,107.0,241.0,1,1,1.0
207,1,744.0,128.0,107.0,244.0,1,1,1.0
208,1,745.0,132.0,107.0,247.0,1,1,1.0
209,1,747.0,135.0,106.0,248.0,1,1,1.0
210,1,749.0,137.0,105.0,248.0,1,1,1.0
211,1,750.0,138.0,105.0,247.0,1,1,1.0
212,1,752.0,138.0,104.0,247.0,1,1,1.0
213,1,754.0,137.0,102.0,248.0,1,1,1.0
214,1,755.0,138.0,103.0,248.0,1,1,1.0
215,1,755.0,139.0,105.0,254.0,1,1,1.0
216,1,755.0,142.0,107.0,261.0,1,1,1.0
217,1,754.0,146.0,109.0,266.0,1,1,1.0
218,1,754.0,152.0,111.0,267.0,1,1,1.0
219,1,753.0,157.0,114.0,265.0,1,1,1.0
220,1,748.0,160.0,118.0,262.0,1,1,1.0
221,1,741.0,163.0,125.0,259.0,1,1,1.0
222,1,735.0,165.0,131.0,257.0,1,1,1.0
223,1,730.0,166.0,136.0,257.0,1,1,1.0
224,1,728.0,167.0,139.0,256.0,1,1,1.0
225,1,728.0,169.0,142.0,263.0,1,1,1.0
226,1,728.0,173.0,144.0,266.0,1,1,1.0
227,1,731.0,177.0,144.0,270.0,1,1,1.0
228,1,735.0,182.0,140.0,275.0,1,1,1.0
229,1,740.0,185.0,136.0,276.0,1,1,1.0
230,1,745.0,187.0,131.0,275.0,1,1,1.0
231,1,750.0,188.0,126.0,274.0,1,1,1.0
232,1,753.0,188.0,122.0,274.0,1,1,1.0
233,1,756.0,188.0,119.0,274.0,1,1,1.0
234,1,757.0,188.0,118.0,278.0,1,1,1.0
235,1,757.0,190.0,118.0,289.0,1,1,1.0
236,1,757.0,195.0,121.0,294.0,1,1,1.0
237,1,755.0,201.0,126.0,295.0,1,1,1.0
238,1,751.0,208.0,131.0,302.0,1,1,1.0
239,1,746.0,213.0,138.0,303.0,1,1,1.0
240,1,742.0,217.0,142.0,302.0,1,1,1.0
241,1,738.0,219.0,143.0,300.0,1,1,1.0
242,1,736.0,220.0,144.0,299.0,1,1,1.0
243,1,735.0,221.0,144.0,299.0,1,1,1.0
244,1,734.0,222.0,144.0,297.0,1,1,1.0
245,1,733.0,225.0,145.0,308.0,1,1,1.0
246,1,731.0,230.0,147.0,319.0,1,1,1.0
247,1,729.0,236.0,150.0,319.0,1,1,1.0
248,1,728.0,242.0,151.0,325.0,1,1,1.0
249,1,727.0,248.0,153.0,326.0,1,1,1.0
250,1,725.0,252.0,154.0,324.0,1,1,1.0
251,1,724.0,254.0,153.0,323.0,1,1,1.0
252,1,722.0,254.0,154.0,323.0,1,1,1.0
253,1,721.0,254.0,155.0,322.0,1,1,1.0
254,1,719.0,253.0,156.0,323.0,1,1,1.0
255,1,718.0,254.0,157.0,338.0,1,1,1.0
256,1,717.0,257.0,160.0,349.0,1,1,1.0
257,1,715.0,261.0,162.0,368.0,1,1,1.0
258,1,712.0,268.0,165.0,376.0,1,1,1.0
259,1,707.0,275.0,169.0,377.0,1,1,1.0
260,1,702.0,280.0,170.0,374.0,1,1,1.0
261,1,696.0,283.0,173.0,372.0,1,1,1.0
262,1,692.0,284.0,174.0,371.0,1,1,1.0
263,1,688.0,284.0,178.0,371.0,1,1,1.0
264,1,687.0,286.0,180.0,369.0,1,1,1.0
265,1,686.0,289.0,179.0,379.0,1,1,1.0
266,1,684.0,295.0,180.0,394.0,1,1,1.0
267,1,682.0,302.0,183.0,404.0,1,1,1.0
268,1,680.0,311.0,185.0,410.0,1,1,1.0
269,1,677.0,320.0,188.0,415.0,1,1,1.0
270,1,674.0,326.0,190.0,413.0,1,1,1.0
271,1,671.0,330.0,189.0,411.0,1,1,1.0
272,1,668.0,334.0,191.0,407.0,1,1,1.0
273,1,666.0,336.0,191.0,405.0,1,1,1.0
274,1,664.0,338.0,192.0,402.0,1,1,1.0
275,1,663.0,341.0,196.0,411.0,1,1,1.0
276,1,663.0,347.0,199.0,434.0,1,1,1.0
277,1,662.0,356.0,202.0,444.0,1,1,1.0
278,1,660.0,367.0,205.0,457.0,1,1,1.0
279,1,656.0,379.0,208.0,461.0,1,1,1.0
280,1,651.0,388.0,210.0,458.0,1,1,1.0
281,1,645.0,395.0,210.0,453.0,1,1,1.0
282,1,638.0,400.0,213.0,449.0,1,1,1.0
283,1,632.0,404.0,218.0,445.0,1,1,1.0
284,1,629.0,406.0,223.0,442.0,1,1,1.0
285,1,627.0,410.0,227.0,443.0,1,1,1.0
286,1,627.0,417.0,230.0,466.0,1,1,1.0
287,1,626.0,427.0,234.0,486.0,1,1,1.0
288,1,626.0,439.0,236.0,498.0,1,1,1.0
289,1,627.0,452.0,236.0,502.0,1,1,1.0
290,1,629.0,463.0,235.0,497.0,1,1,1.0
291,1,630.0,471.0,234.0,490.0,1,1,1.0
292,1,632.0,477.0,233.0,484.0,1,1,1.0
293,1,633.0,481.0,232.0,480.0,1,1,1.0
294,1,633.0,486.0,233.0,475.0,1,1,1.0
295,1,632.0,491.0,235.0,484.0,1,1,1.0
296,1,631.0,499.0,240.0,514.0,1,1,1.0
297,1,630.0,512.0,246.0,539.0,1,1,1.0
298,1,627.0,528.0,254.0,546.0,1,1,1.0
299,1,622.0,544.0,264.0,538.0,1,1,1.0
300,1,616.0,560.0,269.0,525.0,1,1,1.0
301,1,611.0,572.0,273.0,513.0,1,1,1.0
302,1,606.0,581.0,276.0,503.0,1,1,1.0
303,1,600.0,589.0,281.0,493.0,1,1,1.0
304,1,598.0,594.0,285.0,488.0,1,1,1.0
305,1,596.0,603.0,288.0,480.0,1,1,1.0
306,1,594.0,614.0,293.0,468.0,1,1,1.0
307,1,590.0,630.0,299.0,451.0,1,1,1.0
308,1,587.0,649.0,302.0,432.0,1,1,1.0
309,1,583.0,670.0,306.0,411.0,1,1,1.0
310,1,578.0,689.0,312.0,392.0,1,1,1.0
311,1,574.0,705.0,315.0,375.0,1,1,1.0
312,1,570.0,721.0,316.0,359.0,1,1,1.0
313,1,566.0,732.0,316.0,348.0,1,1,1.0
314,1,563.0,744.0,313.0,336.0,1,1,1.0
315,1,561.0,758.0,310.0,322.0,1,1,1.0
316,1,560.0,774.0,303.0,305.0,1,1,1.0
317,1,560.0,796.0,297.0,283.0,1,1,1.0
318,1,558.0,823.0,291.0,256.0,1,1,1.0
319,1,554.0,851.0,279.0,229.0,1,1,1.0
320,1,544.0,877.0,270.0,202.0,1,1,1.0
321,1,533.0,901.0,257.0,178.0,1,1,1.0
322,1,524.0,921.0,243.0,158.0,1,1,1.0
324,1,499.0,953.0,219.0,127.0,1,1,1.0
325,1,484.0,967.0,198.0,114.0,1,1,1.0
326,1,473.0,985.0,152.0,97.0,1,1,1.0
531,2,0.0,257.0,46.0,201.0,1,1,1.0
532,2,0.0,253.0,46.0,204.0,1,1,1.0
533,2,0.0,250.0,53.0,206.0,1,1,1.0
538,2,21.0,243.0,86.0,202.0,1,1,1.0
539,2,29.0,238.0,84.0,199.0,1,1,1.0
540,2,37.0,234.0,78.0,196.0,1,1,1.0
541,2,50.0,230.0,66.0,197.0,1,1,1.0
542,2,59.0,225.0,58.0,199.0,1,1,1.0
543,2,66.0,220.0,57.0,204.0,1,1,1.0
544,2,73.0,219.0,68.0,205.0,1,1,1.0
545,2,78.0,218.0,82.0,205.0,1,1,1.0
546,2,83.0,217.0,92.0,205.0,1,1,1.0
547,2,86.0,216.0,97.0,205.0,1,1,1.0
548,2,89.0,213.0,98.0,205.0,1,1,1.0
549,2,94.0,210.0,94.0,207.0,1,1,1.0
550,2,104.0,206.0,84.0,204.0,1,1,1.0
551,2,119.0,202.0,69.0,202.0,1,1,1.0
552,2,129.0,197.0,60.0,204.0,1,1,1.0
553,2,137.0,195.0,54.0,205.0,1,1,1.0
554,2,145.0,193.0,64.0,206.0,1,1,1.0
555,2,151.0,192.0,69.0,206.0,1,1,1.0
556,2,156.0,192.0,82.0,207.0,1,1,1.0
557,2,158.0,190.0,89.0,208.0,1,1,1.0
558,2,163.0,188.0,92.0,202.0,1,1,1.0
559,2,173.0,187.0,84.0,191.0,1,1,1.0
560,2,182.0,181.0,75.0,192.0,1,1,1.0
561,2,195.0,177.0,63.0,195.0,1,1,1.0
562,2,204.0,172.0,60.0,201.0,1,1,1.0
563,2,211.0,169.0,63.0,203.0,1,1,1.0
564,2,217.0,167.0,78.0,205.0,1,1,1.0
565,2,223.0,166.0,92.0,205.0,1,1,1.0
566,2,226.0,166.0,102.0,205.0,1,1,1.0
567,2,229.0,165.0,107.0,202.0,1,1,1.0
568,2,233.0,163.0,106.0,199.0,1,1,1.0
569,2,241.0,161.0,99.0,198.0,1,1,1.0
570,2,255.0,157.0,85.0,196.0,1,1,1.0
571,2,271.0,154.0,68.0,196.0,1,1,1.0
572,2,283.0,151.0,56.0,199.0,1,1,1.0
574,2,298.0,148.0,71.0,201.0,1,1,1.0
575,2,304.0,148.0,85.0,202.0,1,1,1.0
576,2,307.0,147.0,96.0,202.0,1,1,1.0
577,2,307.0,146.0,103.0,202.0,1,1,1.0
578,2,313.0,144.0,101.0,197.0,1,1,1.0
579,2,325.0,142.0,90.0,190.0,1,1,1.0
580,2,335.0,138.0,80.0,192.0,1,1,1.0
581,2,351.0,133.0,64.0,194.0,1,1,1.0
582,2,361.0,130.0,57.0,197.0,1,1,1.0
583,2,369.0,128.0,61.0,200.0,1,1,1.0
584,2,375.0,126.0,76.0,200.0,1,1,1.0
585,2,380.0,126.0,90.0,200.0,1,1,1.0
586,2,382.0,126.0,101.0,198.0,1,1,1.0
587,2,384.0,126.0,106.0,196.0,1,1,1.0
588,2,387.0,125.0,106.0,196.0,1,1,1.0
589,2,396.0,123.0,97.0,193.0,1,1,1.0
590,2,409.0,119.0,84.0,192.0,1,1,1.0
591,2,426.0,116.0,68.0,193.0,1,1,1.0
592,2,438.0,114.0,66.0,194.0,1,1,1.0
593,2,446.0,112.0,71.0,196.0,1,1,1.0
594,2,452.0,111.0,77.0,197.0,1,1,1.0
595,2,457.0,111.0,84.0,196.0,1,1,1.0
596,2,459.0,112.0,95.0,196.0,1,1,1.0
597,2,461.0,111.0,99.0,195.0,1,1,1.0
598,2,465.0,109.0,101.0,196.0,1,1,1.0
599,2,473.0,107.0,93.0,195.0,1,1,1.0
600,2,487.0,104.0,81.0,193.0,1,1,1.0
601,2,504.0,101.0,66.0,191.0,1,1,1.0
602,2,514.0,98.0,61.0,192.0,1,1,1.0
603,2,520.0,96.0,65.0,193.0,1,1,1.0
604,2,527.0,95.0,71.0,193.0,1,1,1.0
605,2,532.0,94.0,86.0,193.0,1,1,1.0
606,2,535.0,95.0,97.0,192.0,1,1,1.0
607,2,536.0,95.0,103.0,190.0,1,1,1.0
608,2,539.0,94.0,104.0,189.0,1,1,1.0
609,2,545.0,93.0,99.0,190.0,1,1,1.0
610,2,557.0,90.0,87.0,186.0,1,1,1.0
611,2,572.0,87.0,75.0,187.0,1,1,1.0
612,2,586.0,85.0,69.0,188.0,1,1,1.0
613,2,596.0,83.0,58.0,189.0,1,1,1.0
614,2,603.0,83.0,61.0,190.0,1,1,1.0
615,2,608.0,83.0,72.0,190.0,1,1,1.0
616,2,611.0,83.0,83.0,189.0,1,1,1.0
617,2,613.0,83.0,89.0,187.0,1,1,1.0
618,2,616.0,82.0,89.0,186.0,1,1,1.0
619,2,622.0,81.0,84.0,185.0,1,1,1.0
620,2,632.0,78.0,84.0,184.0,1,1,1.0
621,2,644.0,75.0,67.0,183.0,1,1,1.0
622,2,656.0,72.0,59.0,183.0,1,1,1.0
623,2,661.0,70.0,61.0,184.0,1,1,1.0
624,2,665.0,69.0,72.0,185.0,1,1,1.0
625,2,670.0,70.0,83.0,184.0,1,1,1.0
626,2,675.0,70.0,89.0,183.0,1,1,1.0
627,2,678.0,70.0,93.0,183.0,1,1,1.0
628,2,680.0,70.0,93.0,182.0,1,1,1.0
629,2,685.0,69.0,89.0,181.0,1,1,1.0
630,2,695.0,67.0,80.0,177.0,1,1,1.0
631,2,708.0,64.0,72.0,177.0,1,1,1.0
632,2,721.0,62.0,70.0,177.0,1,1,1.0
633,2,729.0,61.0,70.0,178.0,1,1,1.0
634,2,736.0,59.0,74.0,180.0,1,1,1.0
635,2,741.0,59.0,79.0,180.0,1,1,1.0
636,2,745.0,61.0,85.0,179.0,1,1,1.0
637,2,746.0,61.0,92.0,177.0,1,1,1.0
638,2,750.0,61.0,93.0,175.0,1,1,1.0
639,2,757.0,60.0,92.0,174.0,1,1,1.0
640,2,767.0,58.0,84.0,172.0,1,1,1.0
641,2,778.0,55.0,73.0,171.0,1,1,1.0
642,2,787.0,54.0,64.0,171.0,1,1,1.0
643,2,792.0,53.0,60.0,172.0,1,1,1.0
644,2,797.0,51.0,67.0,173.0,1,1,1.0
645,2,801.0,50.0,79.0,173.0,1,1,1.0
646,2,803.0,52.0,87.0,171.0,1,1,1.0
647,2,803.0,51.0,93.0,171.0,1,1,1.0
648,2,805.0,53.0,94.0,168.0,1,1,1.0
649,2,809.0,52.0,92.0,167.0,1,1,1.0
650,2,818.0,52.0,83.0,164.0,1,1,1.0
651,2,829.0,51.0,76.0,163.0,1,1,1.0
652,2,842.0,48.0,68.0,166.0,1,1,1.0
653,2,854.0,46.0,64.0,168.0,1,1,1.0
654,2,862.0,43.0,66.0,171.0,1,1,1.0
655,2,869.0,44.0,68.0,170.0,1,1,1.0
656,2,873.0,45.0,73.0,169.0,1,1,1.0
657,2,874.0,46.0,81.0,168.0,1,1,1.0
658,2,874.0,45.0,87.0,168.0,1,1,1.0
659,2,875.0,42.0,90.0,171.0,1,1,1.0
660,2,884.0,41.0,84.0,170.0,1,1,1.0
661,2,896.0,42.0,72.0,166.0,1,1,1.0
662,2,908.0,41.0,58.0,164.0,1,1,1.0
663,2,917.0,39.0,50.0,165.0,1,1,1.0
664,2,921.0,39.0,51.0,165.0,1,1,1.0
665,2,925.0,39.0,61.0,164.0,1,1,1.0
666,2,927.0,40.0,73.0,163.0,1,1,1.0
667,2,928.0,43.0,80.0,160.0,1,1,1.0
668,2,929.0,42.0,84.0,160.0,1,1,1.0
669,2,932.0,42.0,82.0,160.0,1,1,1.0
670,2,938.0,44.0,78.0,157.0,1,1,1.0
671,2,946.0,43.0,72.0,156.0,1,1,1.0
672,2,958.0,40.0,69.0,159.0,1,1,1.0
673,2,969.0,38.0,68.0,162.0,1,1,1.0
674,2,976.0,37.0,64.0,162.0,1,1,1.0
675,2,981.0,37.0,55.0,162.0,1,1,1.0
676,2,985.0,38.0,58.0,162.0,1,1,1.0
677,2,987.0,39.0,73.0,160.0,1,1,1.0
678,2,989.0,39.0,80.0,160.0,1,1,1.0
679,2,992.0,39.0,71.0,159.0,1,1,1.0
680,2,999.0,38.0,62.0,157.0,1,1,1.0
681,2,1006.0,37.0,55.0,155.0,1,1,1.0
682,2,1012.0,35.0,57.0,155.0,1,1,1.0
683,2,1018.0,33.0,57.0,157.0,1,1,1.0
684,2,1022.0,33.0,56.0,157.0,1,1,1.0
685,2,1026.0,33.0,59.0,156.0,1,1,1.0
686,2,1029.0,32.0,66.0,156.0,1,1,1.0
687,2,1030.0,27.0,71.0,161.0,1,1,1.0
688,2,1032.0,32.0,72.0,155.0,1,1,1.0
689,2,1035.0,34.0,70.0,152.0,1,1,1.0
690,2,1040.0,35.0,71.0,149.0,1,1,1.0
691,2,1048.0,34.0,68.0,149.0,1,1,1.0
692,2,1057.0,32.0,67.0,150.0,1,1,1.0
694,2,1052.0,30.0,85.0,152.0,1,1,1.0
695,2,1064.0,31.0,79.0,152.0,1,1,1.0
697,2,1078.0,32.0,76.0,151.0,1,1,1.0
698,2,1082.0,33.0,75.0,149.0,1,1,1.0
699,2,1088.0,33.0,73.0,147.0,1,1,1.0
700,2,1093.0,32.0,69.0,146.0,1,1,1.0
701,2,1098.0,30.0,64.0,144.0,1,1,1.0
702,2,1102.0,29.0,60.0,146.0,1,1,1.0
703,2,1107.0,28.0,54.0,147.0,1,1,1.0
704,2,1111.0,27.0,51.0,146.0,1,1,1.0
705,2,1114.0,27.0,55.0,146.0,1,1,1.0
706,2,1116.0,27.0,60.0,145.0,1,1,1.0
707,2,1117.0,29.0,63.0,144.0,1,1,1.0
708,2,1118.0,30.0,63.0,142.0,1,1,1.0
710,2,1125.0,30.0,61.0,140.0,1,1,1.0
711,2,1132.0,29.0,62.0,140.0,1,1,1.0
712,2,1138.0,28.0,61.0,141.0,1,1,1.0
713,2,1145.0,26.0,58.0,142.0,1,1,1.0
714,2,1149.0,25.0,59.0,143.0,1,1,1.0
715,2,1152.0,26.0,62.0,143.0,1,1,1.0
716,2,1155.0,27.0,58.0,142.0,1,1,1.0
717,2,1158.0,28.0,62.0,140.0,1,1,1.0
718,2,1160.0,29.0,66.0,140.0,1,1,1.0
719,2,1162.0,29.0,68.0,137.0,1,1,1.0
720,2,1166.0,28.0,66.0,137.0,1,1,1.0
