1,1,961.0,215.0,40.0,102.0,1,1,1.0
2,1,960.0,215.0,41.0,102.0,1,1,1.0
3,1,960.0,218.0,39.0,100.0,1,1,1.0
4,1,960.0,220.0,39.0,99.0,1,1,1.0
5,1,959.0,220.0,38.0,99.0,1,1,1.0
6,1,958.0,220.0,39.0,100.0,1,1,1.0
7,1,957.0,217.0,40.0,101.0,1,1,1.0
8,1,957.0,217.0,40.0,102.0,1,1,1.0
9,1,956.0,217.0,41.0,102.0,1,1,1.0
10,1,956.0,217.0,41.0,102.0,1,1,1.0
11,1,956.0,217.0,39.0,103.0,1,1,1.0
12,1,955.0,218.0,40.0,103.0,1,1,1.0
13,1,955.0,220.0,40.0,103.0,1,1,1.0
14,1,955.0,222.0,40.0,102.0,1,1,1.0
15,1,954.0,222.0,41.0,102.0,1,1,1.0
16,1,954.0,223.0,41.0,102.0,1,1,1.0
17,1,954.0,223.0,42.0,102.0,1,1,1.0
18,1,954.0,223.0,42.0,102.0,1,1,1.0
19,1,954.0,222.0,42.0,102.0,1,1,1.0
20,1,954.0,222.0,42.0,103.0,1,1,1.0
21,1,952.0,222.0,42.0,104.0,1,1,1.0
22,1,952.0,222.0,42.0,103.0,1,1,1.0
23,1,951.0,222.0,42.0,104.0,1,1,1.0
24,1,951.0,223.0,42.0,104.0,1,1,1.0
25,1,950.0,224.0,42.0,105.0,1,1,1.0
26,1,950.0,224.0,43.0,106.0,1,1,1.0
27,1,949.0,225.0,43.0,106.0,1,1,1.0
28,1,949.0,225.0,42.0,106.0,1,1,1.0
29,1,949.0,225.0,42.0,106.0,1,1,1.0
30,1,948.0,224.0,43.0,107.0,1,1,1.0
31,1,946.0,224.0,45.0,107.0,1,1,1.0
32,1,945.0,223.0,45.0,109.0,1,1,1.0
33,1,944.0,223.0,45.0,109.0,1,1,1.0
34,1,944.0,223.0,45.0,110.0,1,1,1.0
35,1,945.0,224.0,44.0,111.0,1,1,1.0
36,1,945.0,227.0,43.0,110.0,1,1,1.0
37,1,945.0,229.0,43.0,109.0,1,1,1.0
38,1,944.0,230.0,44.0,109.0,1,1,1.0
39,1,944.0,231.0,45.0,108.0,1,1,1.0
40,1,944.0,231.0,47.0,108.0,1,1,1.0
41,1,944.0,231.0,48.0,109.0,1,1,1.0
42,1,944.0,230.0,48.0,109.0,1,1,1.0
43,1,944.0,229.0,49.0,110.0,1,1,1.0
44,1,944.0,229.0,49.0,111.0,1,1,1.0
45,1,944.0,230.0,49.0,111.0,1,1,1.0
46,1,944.0,230.0,49.0,112.0,1,1,1.0
47,1,943.0,231.0,49.0,113.0,1,1,1.0
48,1,944.0,232.0,48.0,113.0,1,1,1.0
49,1,944.0,233.0,47.0,113.0,1,1,1.0
50,1,944.0,234.0,47.0,113.0,1,1,1.0
51,1,944.0,234.0,47.0,112.0,1,1,1.0
52,1,944.0,234.0,47.0,112.0,1,1,1.0
53,1,944.0,234.0,47.0,112.0,1,1,1.0
54,1,944.0,234.0,46.0,112.0,1,1,1.0
55,1,944.0,234.0,46.0,112.0,1,1,1.0
56,1,944.0,234.0,46.0,114.0,1,1,1.0
57,1,944.0,235.0,45.0,116.0,1,1,1.0
58,1,944.0,235.0,45.0,117.0,1,1,1.0
59,1,944.0,236.0,45.0,118.0,1,1,1.0
60,1,944.0,237.0,45.0,118.0,1,1,1.0
61,1,946.0,238.0,46.0,117.0,1,1,1.0
62,1,946.0,238.0,47.0,117.0,1,1,1.0
63,1,947.0,238.0,48.0,117.0,1,1,1.0
64,1,947.0,238.0,49.0,116.0,1,1,1.0
65,1,947.0,238.0,49.0,116.0,1,1,1.0
66,1,947.0,238.0,50.0,117.0,1,1,1.0
67,1,947.0,238.0,50.0,117.0,1,1,1.0
68,1,946.0,240.0,50.0,117.0,1,1,1.0
69,1,947.0,241.0,49.0,118.0,1,1,1.0
70,1,947.0,243.0,49.0,119.0,1,1,1.0
71,1,947.0,244.0,49.0,120.0,1,1,1.0
72,1,947.0,244.0,49.0,120.0,1,1,1.0
73,1,947.0,244.0,49.0,121.0,1,1,1.0
74,1,947.0,244.0,49.0,121.0,1,1,1.0
75,1,947.0,242.0,49.0,122.0,1,1,1.0
76,1,947.0,241.0,48.0,123.0,1,1,1.0
77,1,947.0,242.0,47.0,123.0,1,1,1.0
78,1,947.0,242.0,46.0,124.0,1,1,1.0
79,1,946.0,244.0,46.0,125.0,1,1,1.0
80,1,946.0,246.0,46.0,124.0,1,1,1.0
81,1,945.0,247.0,47.0,125.0,1,1,1.0
82,1,945.0,248.0,47.0,124.0,1,1,1.0
83,1,945.0,250.0,48.0,123.0,1,1,1.0
84,1,945.0,251.0,49.0,122.0,1,1,1.0
85,1,945.0,252.0,50.0,121.0,1,1,1.0
86,1,945.0,252.0,51.0,121.0,1,1,1.0
87,1,946.0,252.0,51.0,122.0,1,1,1.0
88,1,945.0,252.0,51.0,122.0,1,1,1.0
89,1,946.0,251.0,50.0,125.0,1,1,1.0
90,1,944.0,251.0,51.0,127.0,1,1,1.0
91,1,943.0,250.0,52.0,130.0,1,1,1.0
92,1,942.0,250.0,52.0,131.0,1,1,1.0
93,1,940.0,252.0,53.0,132.0,1,1,1.0
94,1,939.0,252.0,53.0,131.0,1,1,1.0
95,1,939.0,253.0,53.0,131.0,1,1,1.0
96,1,939.0,253.0,52.0,131.0,1,1,1.0
97,1,938.0,252.0,52.0,132.0,1,1,1.0
98,1,938.0,251.0,52.0,133.0,1,1,1.0
99,1,937.0,251.0,52.0,134.0,1,1,1.0
100,1,937.0,251.0,52.0,135.0,1,1,1.0
101,1,936.0,253.0,52.0,136.0,1,1,1.0
102,1,935.0,255.0,53.0,137.0,1,1,1.0
103,1,935.0,257.0,54.0,136.0,1,1,1.0
104,1,936.0,259.0,54.0,136.0,1,1,1.0
105,1,938.0,260.0,55.0,136.0,1,1,1.0
106,1,938.0,260.0,56.0,135.0,1,1,1.0
107,1,938.0,260.0,57.0,136.0,1,1,1.0
108,1,938.0,260.0,57.0,135.0,1,1,1.0
109,1,938.0,261.0,57.0,135.0,1,1,1.0
110,1,938.0,261.0,56.0,136.0,1,1,1.0
111,1,938.0,262.0,54.0,138.0,1,1,1.0
112,1,938.0,263.0,53.0,139.0,1,1,1.0
113,1,937.0,264.0,52.0,139.0,1,1,1.0
114,1,937.0,267.0,53.0,139.0,1,1,1.0
115,1,935.0,268.0,54.0,137.0,1,1,1.0
116,1,934.0,269.0,54.0,138.0,1,1,1.0
117,1,934.0,269.0,55.0,138.0,1,1,1.0
118,1,934.0,268.0,55.0,139.0,1,1,1.0
119,1,933.0,267.0,55.0,140.0,1,1,1.0
120,1,933.0,266.0,55.0,142.0,1,1,1.0
121,1,931.0,266.0,57.0,143.0,1,1,1.0
122,1,930.0,268.0,58.0,145.0,1,1,1.0
123,1,930.0,271.0,58.0,145.0,1,1,1.0
124,1,930.0,272.0,58.0,146.0,1,1,1.0
125,1,930.0,272.0,58.0,147.0,1,1,1.0
126,1,931.0,273.0,59.0,147.0,1,1,1.0
127,1,931.0,273.0,60.0,147.0,1,1,1.0
128,1,931.0,273.0,61.0,147.0,1,1,1.0
129,1,931.0,272.0,62.0,148.0,1,1,1.0
130,1,930.0,272.0,62.0,148.0,1,1,1.0
131,1,930.0,272.0,62.0,148.0,1,1,1.0
132,1,930.0,273.0,61.0,149.0,1,1,1.0
133,1,929.0,275.0,59.0,152.0,1,1,1.0
134,1,929.0,275.0,58.0,153.0,1,1,1.0
135,1,928.0,277.0,58.0,154.0,1,1,1.0
136,1,927.0,278.0,58.0,155.0,1,1,1.0
137,1,927.0,280.0,59.0,153.0,1,1,1.0
138,1,925.0,279.0,60.0,154.0,1,1,1.0
139,1,924.0,279.0,61.0,155.0,1,1,1.0
140,1,923.0,280.0,61.0,154.0,1,1,1.0
141,1,923.0,281.0,61.0,153.0,1,1,1.0
142,1,922.0,282.0,62.0,152.0,1,1,1.0
143,1,921.0,281.0,62.0,155.0,1,1,1.0
144,1,921.0,281.0,62.0,160.0,1,1,1.0
145,1,922.0,283.0,61.0,162.0,1,1,1.0
146,1,922.0,284.0,62.0,162.0,1,1,1.0
147,1,922.0,286.0,63.0,162.0,1,1,1.0
148,1,922.0,286.0,64.0,162.0,1,1,1.0
149,1,922.0,286.0,65.0,162.0,1,1,1.0
150,1,922.0,287.0,67.0,160.0,1,1,1.0
151,1,923.0,288.0,67.0,160.0,1,1,1.0
152,1,922.0,287.0,67.0,160.0,1,1,1.0
153,1,922.0,287.0,66.0,160.0,1,1,1.0
154,1,921.0,288.0,66.0,161.0,1,1,1.0
155,1,921.0,288.0,65.0,164.0,1,1,1.0
156,1,920.0,290.0,65.0,167.0,1,1,1.0
157,1,919.0,292.0,66.0,169.0,1,1,1.0
158,1,918.0,294.0,67.0,170.0,1,1,1.0
159,1,916.0,296.0,68.0,170.0,1,1,1.0
160,1,915.0,297.0,68.0,170.0,1,1,1.0
161,1,914.0,297.0,69.0,170.0,1,1,1.0
162,1,914.0,298.0,68.0,169.0,1,1,1.0
163,1,913.0,297.0,67.0,169.0,1,1,1.0
164,1,912.0,298.0,67.0,169.0,1,1,1.0
165,1,911.0,298.0,66.0,172.0,1,1,1.0
166,1,911.0,300.0,65.0,175.0,1,1,1.0
167,1,910.0,301.0,66.0,178.0,1,1,1.0
168,1,910.0,304.0,66.0,178.0,1,1,1.0
169,1,910.0,306.0,66.0,178.0,1,1,1.0
170,1,910.0,307.0,67.0,177.0,1,1,1.0
171,1,910.0,308.0,69.0,175.0,1,1,1.0
172,1,910.0,309.0,71.0,175.0,1,1,1.0
173,1,910.0,309.0,72.0,174.0,1,1,1.0
174,1,910.0,311.0,73.0,173.0,1,1,1.0
175,1,910.0,311.0,72.0,173.0,1,1,1.0
176,1,909.0,312.0,72.0,177.0,1,1,1.0
177,1,909.0,312.0,72.0,184.0,1,1,1.0
178,1,909.0,315.0,72.0,183.0,1,1,1.0
179,1,908.0,318.0,72.0,185.0,1,1,1.0
180,1,908.0,321.0,73.0,185.0,1,1,1.0
181,1,907.0,322.0,75.0,185.0,1,1,1.0
182,1,906.0,323.0,76.0,185.0,1,1,1.0
183,1,905.0,323.0,75.0,185.0,1,1,1.0
184,1,905.0,323.0,75.0,184.0,1,1,1.0
185,1,905.0,323.0,74.0,185.0,1,1,1.0
186,1,905.0,322.0,74.0,185.0,1,1,1.0
187,1,904.0,323.0,74.0,188.0,1,1,1.0
188,1,905.0,325.0,74.0,193.0,1,1,1.0
189,1,905.0,328.0,73.0,194.0,1,1,1.0
190,1,906.0,332.0,73.0,194.0,1,1,1.0
191,1,907.0,335.0,74.0,192.0,1,1,1.0
192,1,908.0,334.0,76.0,193.0,1,1,1.0
193,1,908.0,334.0,79.0,193.0,1,1,1.0
194,1,909.0,335.0,80.0,193.0,1,1,1.0
195,1,909.0,335.0,82.0,193.0,1,1,1.0
196,1,909.0,335.0,83.0,193.0,1,1,1.0
197,1,909.0,336.0,83.0,195.0,1,1,1.0
198,1,909.0,337.0,83.0,201.0,1,1,1.0
199,1,908.0,339.0,83.0,205.0,1,1,1.0
200,1,907.0,342.0,83.0,206.0,1,1,1.0
201,1,907.0,344.0,84.0,208.0,1,1,1.0
202,1,905.0,348.0,84.0,207.0,1,1,1.0
203,1,904.0,349.0,84.0,207.0,1,1,1.0
204,1,903.0,350.0,85.0,206.0,1,1,1.0
205,1,902.0,350.0,84.0,206.0,1,1,1.0
206,1,902.0,350.0,83.0,205.0,1,1,1.0
207,1,901.0,350.0,83.0,205.0,1,1,1.0
208,1,900.0,351.0,82.0,206.0,1,1,1.0
209,1,900.0,353.0,82.0,209.0,1,1,1.0
210,1,899.0,356.0,82.0,213.0,1,1,1.0
211,1,900.0,359.0,81.0,217.0,1,1,1.0
212,1,900.0,362.0,82.0,218.0,1,1,1.0
213,1,901.0,365.0,83.0,218.0,1,1,1.0
214,1,902.0,367.0,86.0,217.0,1,1,1.0
215,1,903.0,368.0,89.0,216.0,1,1,1.0
216,1,903.0,368.0,92.0,216.0,1,1,1.0
217,1,904.0,368.0,94.0,216.0,1,1,1.0
218,1,904.0,368.0,96.0,216.0,1,1,1.0
219,1,904.0,369.0,96.0,219.0,1,1,1.0
220,1,904.0,370.0,94.0,225.0,1,1,1.0
221,1,905.0,372.0,94.0,231.0,1,1,1.0
222,1,905.0,375.0,95.0,232.0,1,1,1.0
223,1,904.0,379.0,95.0,234.0,1,1,1.0
224,1,904.0,382.0,96.0,234.0,1,1,1.0
225,1,903.0,383.0,97.0,234.0,1,1,1.0
226,1,903.0,384.0,98.0,233.0,1,1,1.0
227,1,903.0,386.0,98.0,231.0,1,1,1.0
228,1,903.0,385.0,96.0,231.0,1,1,1.0
229,1,903.0,386.0,95.0,230.0,1,1,1.0
230,1,902.0,388.0,94.0,231.0,1,1,1.0
231,1,903.0,391.0,93.0,237.0,1,1,1.0
232,1,903.0,394.0,93.0,242.0,1,1,1.0
233,1,904.0,398.0,93.0,243.0,1,1,1.0
234,1,905.0,402.0,94.0,245.0,1,1,1.0
235,1,906.0,404.0,96.0,245.0,1,1,1.0
236,1,908.0,406.0,99.0,245.0,1,1,1.0
237,1,909.0,407.0,102.0,244.0,1,1,1.0
238,1,910.0,408.0,105.0,243.0,1,1,1.0
239,1,911.0,409.0,106.0,242.0,1,1,1.0
240,1,912.0,410.0,106.0,241.0,1,1,1.0
241,1,912.0,411.0,105.0,244.0,1,1,1.0
242,1,913.0,414.0,105.0,254.0,1,1,1.0
243,1,913.0,417.0,105.0,256.0,1,1,1.0
244,1,913.0,421.0,105.0,258.0,1,1,1.0
245,1,913.0,425.0,105.0,261.0,1,1,1.0
246,1,911.0,429.0,107.0,262.0,1,1,1.0
247,1,910.0,432.0,110.0,260.0,1,1,1.0
248,1,910.0,434.0,112.0,258.0,1,1,1.0
249,1,910.0,433.0,114.0,259.0,1,1,1.0
250,1,910.0,434.0,112.0,259.0,1,1,1.0
251,1,910.0,435.0,109.0,257.0,1,1,1.0
252,1,909.0,438.0,107.0,258.0,1,1,1.0
253,1,908.0,443.0,106.0,264.0,1,1,1.0
254,1,908.0,447.0,104.0,270.0,1,1,1.0
255,1,908.0,453.0,103.0,272.0,1,1,1.0
256,1,908.0,459.0,102.0,275.0,1,1,1.0
257,1,909.0,464.0,103.0,273.0,1,1,1.0
258,1,909.0,467.0,104.0,271.0,1,1,1.0
259,1,909.0,469.0,107.0,269.0,1,1,1.0
260,1,909.0,471.0,111.0,267.0,1,1,1.0
261,1,909.0,473.0,114.0,265.0,1,1,1.0
262,1,908.0,474.0,116.0,264.0,1,1,1.0
263,1,907.0,475.0,116.0,272.0,1,1,1.0
264,1,906.0,478.0,116.0,283.0,1,1,1.0
265,1,905.0,482.0,116.0,284.0,1,1,1.0
266,1,903.0,486.0,117.0,294.0,1,1,1.0
267,1,902.0,490.0,118.0,298.0,1,1,1.0
268,1,900.0,495.0,119.0,297.0,1,1,1.0
269,1,897.0,499.0,120.0,294.0,1,1,1.0
270,1,895.0,502.0,122.0,291.0,1,1,1.0
271,1,893.0,503.0,123.0,290.0,1,1,1.0
272,1,892.0,504.0,123.0,289.0,1,1,1.0
273,1,891.0,505.0,124.0,287.0,1,1,1.0
274,1,889.0,507.0,125.0,291.0,1,1,1.0
275,1,887.0,510.0,126.0,304.0,1,1,1.0
276,1,887.0,516.0,127.0,309.0,1,1,1.0
277,1,886.0,521.0,128.0,311.0,1,1,1.0
278,1,886.0,527.0,131.0,318.0,1,1,1.0
279,1,887.0,531.0,135.0,319.0,1,1,1.0
280,1,887.0,535.0,138.0,317.0,1,1,1.0
281,1,888.0,540.0,141.0,312.0,1,1,1.0
282,1,888.0,543.0,142.0,309.0,1,1,1.0
283,1,888.0,548.0,142.0,304.0,1,1,1.0
284,1,888.0,552.0,141.0,299.0,1,1,1.0
285,1,887.0,558.0,140.0,306.0,1,1,1.0
286,1,887.0,564.0,139.0,320.0,1,1,1.0
287,1,886.0,572.0,140.0,331.0,1,1,1.0
288,1,884.0,579.0,142.0,325.0,1,1,1.0
289,1,882.0,585.0,144.0,333.0,1,1,1.0
290,1,879.0,591.0,145.0,333.0,1,1,1.0
291,1,877.0,596.0,146.0,330.0,1,1,1.0
292,1,875.0,598.0,149.0,327.0,1,1,1.0
293,1,873.0,601.0,152.0,325.0,1,1,1.0
294,1,872.0,604.0,153.0,322.0,1,1,1.0
295,1,871.0,608.0,154.0,318.0,1,1,1.0
296,1,870.0,614.0,155.0,322.0,1,1,1.0
297,1,869.0,621.0,156.0,336.0,1,1,1.0
298,1,869.0,630.0,156.0,342.0,1,1,1.0
299,1,869.0,640.0,157.0,347.0,1,1,1.0
300,1,869.0,648.0,161.0,351.0,1,1,1.0
301,1,870.0,655.0,167.0,349.0,1,1,1.0
302,1,871.0,660.0,171.0,345.0,1,1,1.0
303,1,871.0,664.0,174.0,342.0,1,1,1.0
304,1,872.0,667.0,176.0,339.0,1,1,1.0
305,1,872.0,669.0,176.0,337.0,1,1,1.0
306,1,871.0,673.0,174.0,335.0,1,1,1.0
307,1,870.0,678.0,172.0,355.0,1,1,1.0
308,1,870.0,686.0,171.0,378.0,1,1,1.0
309,1,869.0,695.0,171.0,378.0,1,1,1.0
310,1,867.0,707.0,171.0,373.0,1,1,1.0
311,1,865.0,719.0,173.0,363.0,1,1,1.0
312,1,862.0,730.0,175.0,352.0,1,1,1.0
313,1,860.0,737.0,177.0,346.0,1,1,1.0
314,1,858.0,742.0,179.0,340.0,1,1,1.0
315,1,856.0,747.0,181.0,335.0,1,1,1.0
316,1,854.0,753.0,183.0,329.0,1,1,1.0
317,1,853.0,759.0,185.0,322.0,1,1,1.0
318,1,851.0,769.0,187.0,312.0,1,1,1.0
319,1,851.0,780.0,189.0,300.0,1,1,1.0
320,1,850.0,793.0,191.0,286.0,1,1,1.0
321,1,851.0,806.0,193.0,274.0,1,1,1.0
322,1,852.0,816.0,194.0,264.0,1,1,1.0
323,1,853.0,825.0,200.0,255.0,1,1,1.0
324,1,854.0,831.0,205.0,248.0,1,1,1.0
325,1,855.0,837.0,208.0,242.0,1,1,1.0
326,1,855.0,843.0,211.0,236.0,1,1,1.0
327,1,854.0,851.0,212.0,228.0,1,1,1.0
328,1,853.0,857.0,212.0,221.0,1,1,1.0
329,1,852.0,866.0,213.0,213.0,1,1,1.0
330,1,850.0,879.0,214.0,200.0,1,1,1.0
331,1,848.0,893.0,214.0,186.0,1,1,1.0
332,1,845.0,910.0,214.0,168.0,1,1,1.0
333,1,841.0,927.0,214.0,152.0,1,1,1.0
334,1,836.0,940.0,214.0,139.0,1,1,1.0
335,1,832.0,949.0,215.0,130.0,1,1,1.0
336,1,828.0,956.0,216.0,123.0,1,1,1.0
337,1,824.0,965.0,220.0,114.0,1,1,1.0
338,1,821.0,975.0,223.0,104.0,1,1,1.0
339,1,817.0,987.0,223.0,92.0,1,1,1.0
340,1,816.0,1001.0,218.0,77.0,1,1,1.0
574,2,0.0,516.0,55.0,177.0,1,1,1.0
575,2,1.0,514.0,67.0,178.0,1,1,1.0
576,2,5.0,512.0,77.0,176.0,1,1,1.0
577,2,9.0,510.0,87.0,180.0,1,1,1.0
578,2,13.0,510.0,92.0,181.0,1,1,1.0
579,2,16.0,508.0,93.0,180.0,1,1,1.0
580,2,18.0,506.0,92.0,175.0,1,1,1.0
581,2,19.0,504.0,90.0,179.0,1,1,1.0
582,2,25.0,501.0,85.0,178.0,1,1,1.0
583,2,32.0,498.0,77.0,174.0,1,1,1.0
584,2,42.0,494.0,67.0,175.0,1,1,1.0
585,2,48.0,491.0,60.0,176.0,1,1,1.0
586,2,53.0,488.0,55.0,177.0,1,1,1.0
587,2,58.0,487.0,59.0,179.0,1,1,1.0
588,2,63.0,485.0,70.0,181.0,1,1,1.0
589,2,68.0,484.0,78.0,183.0,1,1,1.0
590,2,73.0,484.0,83.0,183.0,1,1,1.0
591,2,77.0,484.0,84.0,183.0,1,1,1.0
592,2,81.0,482.0,83.0,182.0,1,1,1.0
593,2,84.0,481.0,81.0,182.0,1,1,1.0
594,2,88.0,477.0,77.0,181.0,1,1,1.0
595,2,98.0,474.0,67.0,176.0,1,1,1.0
596,2,93.0,471.0,71.0,171.0,1,1,1.0
597,2,107.0,468.0,61.0,174.0,1,1,1.0
598,2,116.0,466.0,66.0,175.0,1,1,1.0
599,2,122.0,464.0,77.0,176.0,1,1,1.0
600,2,128.0,463.0,85.0,177.0,1,1,1.0
601,2,133.0,463.0,93.0,177.0,1,1,1.0
602,2,135.0,460.0,98.0,180.0,1,1,1.0
603,2,137.0,459.0,101.0,178.0,1,1,1.0
604,2,140.0,456.0,100.0,180.0,1,1,1.0
605,2,145.0,454.0,95.0,178.0,1,1,1.0
606,2,154.0,453.0,85.0,175.0,1,1,1.0
607,2,167.0,449.0,73.0,176.0,1,1,1.0
608,2,178.0,446.0,61.0,179.0,1,1,1.0
609,2,185.0,440.0,56.0,185.0,1,1,1.0
610,2,192.0,437.0,59.0,187.0,1,1,1.0
611,2,198.0,436.0,71.0,189.0,1,1,1.0
612,2,204.0,436.0,83.0,188.0,1,1,1.0
613,2,207.0,440.0,92.0,185.0,1,1,1.0
614,2,209.0,444.0,97.0,180.0,1,1,1.0
615,2,211.0,446.0,97.0,176.0,1,1,1.0
616,2,217.0,444.0,92.0,176.0,1,1,1.0
617,2,228.0,442.0,82.0,170.0,1,1,1.0
618,2,241.0,440.0,69.0,167.0,1,1,1.0
619,2,249.0,437.0,61.0,169.0,1,1,1.0
620,2,256.0,434.0,60.0,171.0,1,1,1.0
621,2,262.0,432.0,69.0,173.0,1,1,1.0
622,2,268.0,430.0,82.0,174.0,1,1,1.0
623,2,274.0,430.0,92.0,175.0,1,1,1.0
624,2,277.0,431.0,99.0,174.0,1,1,1.0
625,2,278.0,431.0,104.0,172.0,1,1,1.0
626,2,279.0,431.0,106.0,170.0,1,1,1.0
627,2,283.0,430.0,103.0,168.0,1,1,1.0
628,2,292.0,428.0,93.0,167.0,1,1,1.0
629,2,305.0,424.0,80.0,168.0,1,1,1.0
630,2,319.0,422.0,66.0,169.0,1,1,1.0
631,2,329.0,419.0,58.0,171.0,1,1,1.0
632,2,335.0,418.0,57.0,172.0,1,1,1.0
633,2,341.0,417.0,67.0,173.0,1,1,1.0
634,2,341.0,417.0,84.0,173.0,1,1,1.0
635,2,341.0,417.0,99.0,173.0,1,1,1.0
636,2,349.0,417.0,100.0,173.0,1,1,1.0
637,2,353.0,417.0,101.0,172.0,1,1,1.0
638,2,358.0,413.0,97.0,174.0,1,1,1.0
639,2,368.0,410.0,87.0,173.0,1,1,1.0
640,2,381.0,409.0,73.0,169.0,1,1,1.0
641,2,393.0,403.0,61.0,170.0,1,1,1.0
642,2,400.0,400.0,59.0,172.0,1,1,1.0
643,2,406.0,401.0,63.0,171.0,1,1,1.0
644,2,412.0,400.0,75.0,172.0,1,1,1.0
645,2,418.0,397.0,86.0,175.0,1,1,1.0
646,2,422.0,396.0,94.0,176.0,1,1,1.0
647,2,423.0,396.0,99.0,177.0,1,1,1.0
648,2,425.0,394.0,100.0,176.0,1,1,1.0
649,2,428.0,395.0,99.0,173.0,1,1,1.0
650,2,435.0,394.0,92.0,169.0,1,1,1.0
651,2,445.0,393.0,81.0,166.0,1,1,1.0
652,2,459.0,391.0,67.0,167.0,1,1,1.0
653,2,470.0,389.0,57.0,169.0,1,1,1.0
654,2,477.0,386.0,53.0,171.0,1,1,1.0
655,2,484.0,384.0,59.0,173.0,1,1,1.0
656,2,488.0,384.0,72.0,174.0,1,1,1.0
657,2,492.0,383.0,81.0,174.0,1,1,1.0
658,2,494.0,385.0,88.0,172.0,1,1,1.0
659,2,496.0,384.0,90.0,172.0,1,1,1.0
660,2,498.0,383.0,89.0,172.0,1,1,1.0
661,2,505.0,381.0,83.0,170.0,1,1,1.0
662,2,516.0,379.0,71.0,168.0,1,1,1.0
663,2,529.0,376.0,59.0,167.0,1,1,1.0
664,2,538.0,373.0,56.0,167.0,1,1,1.0
665,2,544.0,372.0,55.0,167.0,1,1,1.0
666,2,549.0,371.0,65.0,167.0,1,1,1.0
667,2,555.0,371.0,76.0,168.0,1,1,1.0
668,2,558.0,370.0,86.0,168.0,1,1,1.0
669,2,559.0,371.0,93.0,166.0,1,1,1.0
670,2,559.0,372.0,98.0,164.0,1,1,1.0
671,2,561.0,372.0,97.0,162.0,1,1,1.0
672,2,567.0,372.0,92.0,160.0,1,1,1.0
673,2,576.0,371.0,83.0,157.0,1,1,1.0
674,2,588.0,368.0,70.0,157.0,1,1,1.0
675,2,602.0,367.0,60.0,158.0,1,1,1.0
676,2,610.0,365.0,56.0,160.0,1,1,1.0
677,2,614.0,364.0,59.0,160.0,1,1,1.0
678,2,616.0,364.0,69.0,160.0,1,1,1.0
679,2,619.0,365.0,81.0,160.0,1,1,1.0
680,2,622.0,366.0,87.0,159.0,1,1,1.0
681,2,625.0,367.0,90.0,157.0,1,1,1.0
682,2,628.0,367.0,90.0,156.0,1,1,1.0
683,2,633.0,366.0,85.0,155.0,1,1,1.0
684,2,643.0,362.0,75.0,156.0,1,1,1.0
685,2,656.0,360.0,66.0,154.0,1,1,1.0
686,2,668.0,356.0,57.0,156.0,1,1,1.0
687,2,676.0,354.0,56.0,158.0,1,1,1.0
688,2,682.0,351.0,57.0,159.0,1,1,1.0
689,2,687.0,350.0,69.0,160.0,1,1,1.0
690,2,689.0,349.0,82.0,160.0,1,1,1.0
691,2,690.0,350.0,91.0,160.0,1,1,1.0
692,2,690.0,350.0,95.0,158.0,1,1,1.0
693,2,692.0,351.0,96.0,157.0,1,1,1.0
694,2,695.0,351.0,93.0,155.0,1,1,1.0
695,2,703.0,350.0,85.0,153.0,1,1,1.0
696,2,715.0,346.0,76.0,156.0,1,1,1.0
697,2,726.0,344.0,66.0,158.0,1,1,1.0
698,2,740.0,342.0,54.0,160.0,1,1,1.0
699,2,747.0,340.0,53.0,162.0,1,1,1.0
701,2,752.0,339.0,72.0,163.0,1,1,1.0
702,2,755.0,339.0,77.0,163.0,1,1,1.0
703,2,758.0,339.0,82.0,161.0,1,1,1.0
704,2,760.0,340.0,84.0,159.0,1,1,1.0
705,2,763.0,339.0,82.0,159.0,1,1,1.0
706,2,771.0,337.0,73.0,159.0,1,1,1.0
707,2,782.0,334.0,66.0,157.0,1,1,1.0
708,2,794.0,329.0,57.0,160.0,1,1,1.0
709,2,801.0,327.0,54.0,162.0,1,1,1.0
710,2,807.0,325.0,53.0,163.0,1,1,1.0
711,2,812.0,324.0,61.0,163.0,1,1,1.0
712,2,815.0,324.0,72.0,164.0,1,1,1.0
713,2,817.0,325.0,79.0,163.0,1,1,1.0
714,2,818.0,325.0,83.0,161.0,1,1,1.0
715,2,819.0,326.0,84.0,159.0,1,1,1.0
716,2,821.0,325.0,82.0,160.0,1,1,1.0
717,2,827.0,324.0,77.0,157.0,1,1,1.0
718,2,837.0,324.0,71.0,154.0,1,1,1.0
719,2,848.0,323.0,64.0,154.0,1,1,1.0
720,2,858.0,320.0,58.0,156.0,1,1,1.0
721,2,862.0,319.0,59.0,157.0,1,1,1.0
722,2,864.0,318.0,62.0,159.0,1,1,1.0
723,2,865.0,318.0,69.0,159.0,1,1,1.0
724,2,868.0,318.0,72.0,158.0,1,1,1.0
725,2,871.0,318.0,75.0,157.0,1,1,1.0
726,2,875.0,317.0,74.0,157.0,1,1,1.0
727,2,880.0,316.0,71.0,158.0,1,1,1.0
728,2,890.0,315.0,64.0,156.0,1,1,1.0
729,2,900.0,313.0,57.0,152.0,1,1,1.0
730,2,908.0,311.0,54.0,152.0,1,1,1.0
731,2,914.0,310.0,53.0,153.0,1,1,1.0
732,2,918.0,307.0,53.0,155.0,1,1,1.0
733,2,922.0,307.0,59.0,155.0,1,1,1.0
734,2,925.0,306.0,68.0,156.0,1,1,1.0
735,2,926.0,306.0,75.0,156.0,1,1,1.0
736,2,927.0,307.0,79.0,155.0,1,1,1.0
737,2,927.0,307.0,81.0,153.0,1,1,1.0
738,2,929.0,309.0,80.0,151.0,1,1,1.0
739,2,933.0,309.0,77.0,149.0,1,1,1.0
740,2,940.0,308.0,73.0,148.0,1,1,1.0
741,2,949.0,307.0,67.0,148.0,1,1,1.0
742,2,960.0,305.0,60.0,150.0,1,1,1.0
743,2,968.0,304.0,56.0,150.0,1,1,1.0
744,2,970.0,303.0,58.0,151.0,1,1,1.0
745,2,972.0,303.0,60.0,152.0,1,1,1.0
746,2,974.0,303.0,65.0,151.0,1,1,1.0
747,2,976.0,304.0,69.0,151.0,1,1,1.0
748,2,980.0,303.0,69.0,150.0,1,1,1.0
749,2,984.0,304.0,69.0,149.0,1,1,1.0
750,2,990.0,303.0,67.0,149.0,1,1,1.0
751,2,999.0,303.0,62.0,146.0,1,1,1.0
752,2,1010.0,302.0,56.0,144.0,1,1,1.0
753,2,1018.0,301.0,51.0,144.0,1,1,1.0
754,2,1023.0,299.0,50.0,145.0,1,1,1.0
755,2,1027.0,297.0,50.0,147.0,1,1,1.0
756,2,1029.0,296.0,57.0,147.0,1,1,1.0
757,2,1030.0,295.0,67.0,148.0,1,1,1.0
758,2,1030.0,296.0,73.0,147.0,1,1,1.0
759,2,1031.0,297.0,75.0,146.0,1,1,1.0
760,2,1032.0,299.0,75.0,143.0,1,1,1.0
761,2,1034.0,300.0,73.0,142.0,1,1,1.0
762,2,1041.0,299.0,70.0,141.0,1,1,1.0
763,2,1049.0,299.0,66.0,141.0,1,1,1.0
764,2,1059.0,297.0,59.0,142.0,1,1,1.0
765,2,1067.0,295.0,53.0,144.0,1,1,1.0
766,2,1071.0,294.0,57.0,145.0,1,1,1.0
767,2,1073.0,293.0,58.0,147.0,1,1,1.0
768,2,1074.0,292.0,61.0,148.0,1,1,1.0
769,2,1076.0,291.0,65.0,149.0,1,1,1.0
770,2,1078.0,291.0,65.0,148.0,1,1,1.0
771,2,1082.0,290.0,66.0,146.0,1,1,1.0
772,2,1088.0,289.0,64.0,148.0,1,1,1.0
773,2,1095.0,289.0,60.0,145.0,1,1,1.0
774,2,1102.0,291.0,55.0,140.0,1,1,1.0
775,2,1111.0,292.0,50.0,138.0,1,1,1.0
776,2,1117.0,293.0,48.0,137.0,1,1,1.0
777,2,1122.0,295.0,50.0,134.0,1,1,1.0
778,2,1122.0,298.0,57.0,131.0,1,1,1.0
779,2,1123.0,299.0,65.0,130.0,1,1,1.0
780,2,1124.0,301.0,70.0,128.0,1,1,1.0
781,2,1125.0,302.0,72.0,126.0,1,1,1.0
782,2,1127.0,302.0,72.0,126.0,1,1,1.0
783,2,1129.0,300.0,70.0,127.0,1,1,1.0
784,2,1135.0,297.0,66.0,129.0,1,1,1.0
785,2,1144.0,295.0,61.0,130.0,1,1,1.0
786,2,1154.0,294.0,54.0,132.0,1,1,1.0
787,2,1162.0,291.0,51.0,134.0,1,1,1.0
793,2,1172.0,256.0,63.0,169.0,1,1,1.0
795,2,1186.0,281.0,56.0,139.0,1,1,1.0
797,2,1191.0,285.0,59.0,134.0,1,1,1.0
798,2,1190.0,285.0,64.0,133.0,1,1,1.0
799,2,1203.0,286.0,54.0,132.0,1,1,1.0
800,2,1209.0,285.0,56.0,131.0,1,1,1.0
801,2,1211.0,285.0,60.0,131.0,1,1,1.0
802,2,1213.0,286.0,63.0,130.0,1,1,1.0
803,2,1213.0,287.0,64.0,129.0,1,1,1.0
804,2,1215.0,288.0,64.0,127.0,1,1,1.0
805,2,1219.0,289.0,63.0,125.0,1,1,1.0
806,2,1225.0,289.0,60.0,124.0,1,1,1.0
807,2,1233.0,288.0,55.0,124.0,1,1,1.0
808,2,1240.0,287.0,51.0,125.0,1,1,1.0
809,2,1246.0,286.0,48.0,126.0,1,1,1.0
810,2,1248.0,285.0,50.0,127.0,1,1,1.0
811,2,1249.0,285.0,51.0,127.0,1,1,1.0
812,2,1250.0,285.0,54.0,126.0,1,1,1.0
813,2,1251.0,286.0,55.0,125.0,1,1,1.0
814,2,1254.0,286.0,56.0,125.0,1,1,1.0
815,2,1257.0,287.0,55.0,125.0,1,1,1.0
816,2,1263.0,287.0,53.0,124.0,1,1,1.0
817,2,1269.0,286.0,50.0,121.0,1,1,1.0
818,2,1274.0,283.0,46.0,123.0,1,1,1.0
819,2,1279.0,282.0,44.0,124.0,1,1,1.0
820,2,1284.0,281.0,43.0,125.0,1,1,1.0
