1,1,1227.0,1006.0,160.0,73.0,1,1,1.0
2,1,1224.0,999.0,158.0,80.0,1,1,1.0
3,1,1222.0,992.0,154.0,87.0,1,1,1.0
4,1,1221.0,987.0,149.0,92.0,1,1,1.0
5,1,1219.0,982.0,144.0,97.0,1,1,1.0
6,1,1214.0,977.0,142.0,102.0,1,1,1.0
7,1,1207.0,971.0,141.0,107.0,1,1,1.0
8,1,1200.0,966.0,141.0,113.0,1,1,1.0
9,1,1190.0,960.0,144.0,119.0,1,1,1.0
10,1,1182.0,952.0,146.0,126.0,1,1,1.0
11,1,1175.0,944.0,148.0,135.0,1,1,1.0
12,1,1166.0,936.0,151.0,143.0,1,1,1.0
13,1,1160.0,929.0,153.0,150.0,1,1,1.0
14,1,1153.0,922.0,155.0,156.0,1,1,1.0
15,1,1146.0,917.0,157.0,161.0,1,1,1.0
16,1,1139.0,914.0,157.0,164.0,1,1,1.0
17,1,1132.0,912.0,158.0,166.0,1,1,1.0
18,1,1129.0,910.0,155.0,169.0,1,1,1.0
19,1,1126.0,906.0,153.0,172.0,1,1,1.0
20,1,1121.0,901.0,153.0,178.0,1,1,1.0
21,1,1120.0,894.0,149.0,184.0,1,1,1.0
22,1,1119.0,887.0,145.0,191.0,1,1,1.0
23,1,1119.0,880.0,140.0,198.0,1,1,1.0
24,1,1119.0,874.0,134.0,205.0,1,1,1.0
25,1,1119.0,869.0,130.0,209.0,1,1,1.0
26,1,1119.0,867.0,125.0,211.0,1,1,1.0
27,1,1114.0,865.0,123.0,214.0,1,1,1.0
28,1,1111.0,863.0,120.0,215.0,1,1,1.0
29,1,1106.0,860.0,118.0,218.0,1,1,1.0
30,1,1098.0,857.0,119.0,222.0,1,1,1.0
31,1,1090.0,852.0,122.0,227.0,1,1,1.0
32,1,1082.0,847.0,126.0,232.0,1,1,1.0
33,1,1073.0,841.0,130.0,238.0,1,1,1.0
34,1,1066.0,835.0,134.0,244.0,1,1,1.0
35,1,1061.0,830.0,134.0,249.0,1,1,1.0
36,1,1058.0,825.0,134.0,253.0,1,1,1.0
37,1,1055.0,823.0,133.0,255.0,1,1,1.0
38,1,1052.0,822.0,132.0,256.0,1,1,1.0
39,1,1048.0,822.0,131.0,257.0,1,1,1.0
40,1,1044.0,820.0,132.0,258.0,1,1,1.0
41,1,1039.0,816.0,133.0,262.0,1,1,1.0
42,1,1037.0,812.0,134.0,261.0,1,1,1.0
43,1,1036.0,807.0,132.0,256.0,1,1,1.0
44,1,1038.0,801.0,128.0,249.0,1,1,1.0
45,1,1039.0,794.0,124.0,250.0,1,1,1.0
46,1,1040.0,787.0,120.0,254.0,1,1,1.0
47,1,1041.0,782.0,116.0,258.0,1,1,1.0
48,1,1041.0,779.0,112.0,262.0,1,1,1.0
49,1,1039.0,777.0,110.0,263.0,1,1,1.0
50,1,1037.0,776.0,108.0,264.0,1,1,1.0
51,1,1032.0,775.0,109.0,260.0,1,1,1.0
52,1,1026.0,772.0,110.0,259.0,1,1,1.0
53,1,1022.0,768.0,111.0,254.0,1,1,1.0
54,1,1017.0,764.0,113.0,244.0,1,1,1.0
55,1,1013.0,761.0,113.0,240.0,1,1,1.0
56,1,1011.0,759.0,113.0,239.0,1,1,1.0
57,1,1010.0,758.0,112.0,239.0,1,1,1.0
58,1,1008.0,758.0,111.0,239.0,1,1,1.0
59,1,1006.0,759.0,110.0,238.0,1,1,1.0
60,1,1004.0,760.0,109.0,238.0,1,1,1.0
61,1,1002.0,762.0,109.0,235.0,1,1,1.0
62,1,998.0,762.0,110.0,230.0,1,1,1.0
63,1,996.0,760.0,111.0,228.0,1,1,1.0
64,1,995.0,757.0,109.0,219.0,1,1,1.0
65,1,995.0,754.0,107.0,212.0,1,1,1.0
66,1,995.0,750.0,104.0,211.0,1,1,1.0
67,1,994.0,746.0,102.0,211.0,1,1,1.0
68,1,994.0,743.0,99.0,214.0,1,1,1.0
69,1,994.0,740.0,96.0,216.0,1,1,1.0
70,1,993.0,739.0,94.0,217.0,1,1,1.0
71,1,991.0,739.0,92.0,217.0,1,1,1.0
72,1,987.0,738.0,91.0,217.0,1,1,1.0
73,1,983.0,737.0,91.0,215.0,1,1,1.0
74,1,977.0,734.0,93.0,212.0,1,1,1.0
75,1,972.0,731.0,95.0,204.0,1,1,1.0
76,1,967.0,727.0,97.0,201.0,1,1,1.0
77,1,963.0,723.0,99.0,203.0,1,1,1.0
78,1,960.0,721.0,100.0,204.0,1,1,1.0
79,1,958.0,720.0,100.0,205.0,1,1,1.0
80,1,957.0,719.0,99.0,206.0,1,1,1.0
81,1,955.0,719.0,98.0,206.0,1,1,1.0
82,1,954.0,719.0,97.0,206.0,1,1,1.0
83,1,953.0,719.0,96.0,204.0,1,1,1.0
84,1,951.0,717.0,96.0,203.0,1,1,1.0
85,1,950.0,714.0,96.0,200.0,1,1,1.0
86,1,949.0,710.0,95.0,196.0,1,1,1.0
87,1,949.0,706.0,93.0,192.0,1,1,1.0
88,1,948.0,701.0,92.0,194.0,1,1,1.0
89,1,947.0,699.0,91.0,195.0,1,1,1.0
90,1,947.0,698.0,90.0,196.0,1,1,1.0
91,1,947.0,697.0,88.0,197.0,1,1,1.0
92,1,946.0,697.0,87.0,197.0,1,1,1.0
93,1,944.0,698.0,86.0,196.0,1,1,1.0
94,1,941.0,698.0,86.0,194.0,1,1,1.0
95,1,937.0,698.0,87.0,191.0,1,1,1.0
96,1,934.0,696.0,88.0,187.0,1,1,1.0
97,1,931.0,693.0,89.0,180.0,1,1,1.0
98,1,929.0,691.0,90.0,178.0,1,1,1.0
99,1,927.0,688.0,91.0,179.0,1,1,1.0
100,1,926.0,686.0,91.0,180.0,1,1,1.0
101,1,925.0,685.0,90.0,180.0,1,1,1.0
102,1,925.0,685.0,89.0,181.0,1,1,1.0
103,1,925.0,685.0,88.0,181.0,1,1,1.0
104,1,925.0,685.0,88.0,181.0,1,1,1.0
105,1,925.0,684.0,87.0,181.0,1,1,1.0
106,1,924.0,681.0,87.0,180.0,1,1,1.0
107,1,924.0,678.0,87.0,177.0,1,1,1.0
108,1,923.0,675.0,87.0,172.0,1,1,1.0
109,1,922.0,671.0,87.0,171.0,1,1,1.0
110,1,921.0,668.0,87.0,173.0,1,1,1.0
111,1,921.0,666.0,87.0,174.0,1,1,1.0
112,1,922.0,665.0,87.0,175.0,1,1,1.0
113,1,922.0,664.0,85.0,175.0,1,1,1.0
114,1,922.0,665.0,83.0,175.0,1,1,1.0
115,1,921.0,665.0,82.0,175.0,1,1,1.0
116,1,920.0,666.0,81.0,174.0,1,1,1.0
117,1,919.0,665.0,81.0,172.0,1,1,1.0
118,1,918.0,664.0,81.0,168.0,1,1,1.0
119,1,917.0,663.0,80.0,162.0,1,1,1.0
120,1,917.0,661.0,80.0,159.0,1,1,1.0
121,1,917.0,659.0,79.0,159.0,1,1,1.0
122,1,917.0,657.0,79.0,160.0,1,1,1.0
123,1,917.0,656.0,79.0,161.0,1,1,1.0
124,1,917.0,656.0,78.0,162.0,1,1,1.0
125,1,917.0,656.0,77.0,162.0,1,1,1.0
126,1,917.0,655.0,76.0,162.0,1,1,1.0
127,1,917.0,654.0,77.0,163.0,1,1,1.0
128,1,916.0,652.0,77.0,162.0,1,1,1.0
129,1,916.0,650.0,77.0,159.0,1,1,1.0
130,1,915.0,647.0,77.0,156.0,1,1,1.0
131,1,914.0,644.0,78.0,155.0,1,1,1.0
132,1,914.0,642.0,78.0,157.0,1,1,1.0
133,1,913.0,640.0,78.0,157.0,1,1,1.0
134,1,913.0,639.0,77.0,158.0,1,1,1.0
135,1,914.0,639.0,77.0,158.0,1,1,1.0
136,1,914.0,640.0,75.0,157.0,1,1,1.0
137,1,913.0,641.0,73.0,157.0,1,1,1.0
138,1,912.0,641.0,72.0,155.0,1,1,1.0
139,1,911.0,640.0,72.0,154.0,1,1,1.0
140,1,909.0,639.0,72.0,151.0,1,1,1.0
141,1,908.0,637.0,73.0,146.0,1,1,1.0
142,1,907.0,635.0,73.0,146.0,1,1,1.0
143,1,907.0,633.0,73.0,146.0,1,1,1.0
144,1,907.0,631.0,72.0,147.0,1,1,1.0
145,1,906.0,631.0,72.0,148.0,1,1,1.0
146,1,906.0,631.0,71.0,148.0,1,1,1.0
147,1,906.0,631.0,70.0,148.0,1,1,1.0
148,1,906.0,631.0,70.0,148.0,1,1,1.0
149,1,905.0,631.0,70.0,148.0,1,1,1.0
150,1,905.0,630.0,71.0,146.0,1,1,1.0
151,1,905.0,629.0,71.0,144.0,1,1,1.0
152,1,904.0,626.0,71.0,141.0,1,1,1.0
153,1,904.0,622.0,71.0,141.0,1,1,1.0
154,1,904.0,619.0,71.0,143.0,1,1,1.0
155,1,903.0,618.0,71.0,144.0,1,1,1.0
156,1,903.0,617.0,71.0,144.0,1,1,1.0
157,1,903.0,617.0,70.0,144.0,1,1,1.0
158,1,902.0,617.0,69.0,144.0,1,1,1.0
159,1,901.0,618.0,69.0,144.0,1,1,1.0
160,1,900.0,618.0,70.0,143.0,1,1,1.0
161,1,899.0,618.0,69.0,142.0,1,1,1.0
162,1,898.0,617.0,69.0,139.0,1,1,1.0
163,1,897.0,615.0,69.0,136.0,1,1,1.0
164,1,897.0,613.0,68.0,136.0,1,1,1.0
165,1,897.0,612.0,68.0,136.0,1,1,1.0
166,1,896.0,612.0,68.0,136.0,1,1,1.0
167,1,896.0,612.0,68.0,136.0,1,1,1.0
168,1,896.0,612.0,67.0,136.0,1,1,1.0
169,1,896.0,612.0,67.0,135.0,1,1,1.0
170,1,896.0,611.0,67.0,136.0,1,1,1.0
171,1,896.0,610.0,68.0,136.0,1,1,1.0
172,1,896.0,608.0,67.0,135.0,1,1,1.0
173,1,897.0,606.0,67.0,132.0,1,1,1.0
174,1,897.0,603.0,66.0,132.0,1,1,1.0
175,1,898.0,600.0,66.0,135.0,1,1,1.0
176,1,898.0,598.0,66.0,136.0,1,1,1.0
177,1,898.0,598.0,66.0,136.0,1,1,1.0
178,1,898.0,598.0,65.0,136.0,1,1,1.0
179,1,898.0,598.0,65.0,136.0,1,1,1.0
180,1,898.0,600.0,64.0,134.0,1,1,1.0
181,1,897.0,602.0,64.0,133.0,1,1,1.0
182,1,896.0,602.0,63.0,132.0,1,1,1.0
183,1,896.0,601.0,63.0,130.0,1,1,1.0
184,1,895.0,601.0,63.0,126.0,1,1,1.0
185,1,896.0,599.0,62.0,123.0,1,1,1.0
186,1,896.0,598.0,61.0,124.0,1,1,1.0
187,1,896.0,596.0,61.0,125.0,1,1,1.0
188,1,897.0,595.0,60.0,126.0,1,1,1.0
189,1,897.0,594.0,59.0,127.0,1,1,1.0
190,1,896.0,594.0,59.0,127.0,1,1,1.0
191,1,896.0,594.0,58.0,127.0,1,1,1.0
192,1,896.0,594.0,58.0,126.0,1,1,1.0
193,1,896.0,594.0,59.0,126.0,1,1,1.0
194,1,895.0,594.0,59.0,125.0,1,1,1.0
195,1,893.0,593.0,60.0,122.0,1,1,1.0
196,1,892.0,591.0,60.0,121.0,1,1,1.0
197,1,891.0,589.0,60.0,123.0,1,1,1.0
198,1,891.0,587.0,60.0,124.0,1,1,1.0
199,1,891.0,585.0,60.0,125.0,1,1,1.0
200,1,891.0,584.0,60.0,126.0,1,1,1.0
201,1,891.0,584.0,59.0,126.0,1,1,1.0
202,1,891.0,586.0,57.0,124.0,1,1,1.0
203,1,891.0,587.0,56.0,123.0,1,1,1.0
204,1,890.0,588.0,56.0,122.0,1,1,1.0
205,1,888.0,588.0,56.0,120.0,1,1,1.0
206,1,887.0,587.0,57.0,117.0,1,1,1.0
207,1,886.0,586.0,57.0,116.0,1,1,1.0
208,1,885.0,584.0,57.0,117.0,1,1,1.0
209,1,885.0,583.0,57.0,117.0,1,1,1.0
210,1,885.0,582.0,56.0,118.0,1,1,1.0
211,1,885.0,582.0,55.0,118.0,1,1,1.0
212,1,884.0,582.0,55.0,118.0,1,1,1.0
213,1,883.0,583.0,56.0,118.0,1,1,1.0
214,1,883.0,583.0,56.0,117.0,1,1,1.0
215,1,883.0,583.0,57.0,116.0,1,1,1.0
216,1,882.0,583.0,57.0,115.0,1,1,1.0
217,1,882.0,581.0,58.0,113.0,1,1,1.0
218,1,881.0,579.0,58.0,113.0,1,1,1.0
219,1,881.0,577.0,59.0,115.0,1,1,1.0
220,1,881.0,577.0,59.0,115.0,1,1,1.0
221,1,881.0,575.0,59.0,116.0,1,1,1.0
222,1,881.0,575.0,59.0,116.0,1,1,1.0
223,1,881.0,576.0,58.0,116.0,1,1,1.0
224,1,882.0,577.0,57.0,115.0,1,1,1.0
225,1,883.0,578.0,56.0,113.0,1,1,1.0
226,1,882.0,578.0,56.0,112.0,1,1,1.0
227,1,882.0,578.0,56.0,110.0,1,1,1.0
228,1,882.0,576.0,56.0,108.0,1,1,1.0
229,1,882.0,573.0,55.0,110.0,1,1,1.0
230,1,884.0,572.0,54.0,110.0,1,1,1.0
231,1,885.0,571.0,53.0,111.0,1,1,1.0
232,1,886.0,570.0,52.0,111.0,1,1,1.0
233,1,888.0,571.0,51.0,111.0,1,1,1.0
234,1,889.0,572.0,50.0,110.0,1,1,1.0
235,1,890.0,573.0,49.0,108.0,1,1,1.0
236,1,890.0,573.0,50.0,107.0,1,1,1.0
237,1,889.0,573.0,52.0,107.0,1,1,1.0
238,1,887.0,572.0,55.0,106.0,1,1,1.0
239,1,888.0,571.0,55.0,105.0,1,1,1.0
240,1,888.0,569.0,55.0,106.0,1,1,1.0
241,1,888.0,568.0,55.0,106.0,1,1,1.0
242,1,889.0,568.0,55.0,106.0,1,1,1.0
243,1,890.0,568.0,54.0,106.0,1,1,1.0
244,1,891.0,568.0,54.0,106.0,1,1,1.0
245,1,891.0,568.0,53.0,106.0,1,1,1.0
246,1,891.0,568.0,54.0,106.0,1,1,1.0
247,1,891.0,568.0,54.0,105.0,1,1,1.0
248,1,891.0,568.0,54.0,105.0,1,1,1.0
249,1,890.0,568.0,53.0,102.0,1,1,1.0
250,1,891.0,568.0,52.0,100.0,1,1,1.0
251,1,892.0,566.0,51.0,101.0,1,1,1.0
252,1,893.0,564.0,50.0,102.0,1,1,1.0
253,1,894.0,562.0,49.0,104.0,1,1,1.0
254,1,895.0,561.0,48.0,105.0,1,1,1.0
255,1,895.0,561.0,47.0,105.0,1,1,1.0
256,1,896.0,563.0,47.0,103.0,1,1,1.0
257,1,896.0,564.0,47.0,102.0,1,1,1.0
258,1,896.0,565.0,47.0,101.0,1,1,1.0
259,1,896.0,565.0,47.0,100.0,1,1,1.0
260,1,896.0,563.0,48.0,99.0,1,1,1.0
261,1,895.0,562.0,49.0,98.0,1,1,1.0
262,1,894.0,560.0,49.0,100.0,1,1,1.0
263,1,894.0,558.0,49.0,100.0,1,1,1.0
264,1,893.0,558.0,50.0,100.0,1,1,1.0
265,1,893.0,557.0,50.0,101.0,1,1,1.0
266,1,893.0,558.0,50.0,100.0,1,1,1.0
267,1,893.0,559.0,50.0,99.0,1,1,1.0
268,1,892.0,560.0,49.0,98.0,1,1,1.0
269,1,892.0,560.0,49.0,97.0,1,1,1.0
270,1,891.0,559.0,48.0,97.0,1,1,1.0
271,1,891.0,558.0,48.0,96.0,1,1,1.0
272,1,890.0,557.0,49.0,96.0,1,1,1.0
273,1,890.0,556.0,49.0,96.0,1,1,1.0
274,1,890.0,555.0,48.0,97.0,1,1,1.0
275,1,891.0,553.0,47.0,98.0,1,1,1.0
276,1,891.0,553.0,47.0,99.0,1,1,1.0
277,1,891.0,552.0,47.0,99.0,1,1,1.0
278,1,891.0,553.0,47.0,98.0,1,1,1.0
279,1,891.0,554.0,47.0,97.0,1,1,1.0
280,1,892.0,554.0,47.0,97.0,1,1,1.0
281,1,891.0,554.0,47.0,95.0,1,1,1.0
282,1,891.0,553.0,47.0,94.0,1,1,1.0
283,1,891.0,552.0,47.0,94.0,1,1,1.0
284,1,891.0,549.0,47.0,96.0,1,1,1.0
285,1,891.0,548.0,47.0,97.0,1,1,1.0
286,1,891.0,548.0,47.0,97.0,1,1,1.0
287,1,891.0,548.0,47.0,97.0,1,1,1.0
288,1,891.0,548.0,47.0,97.0,1,1,1.0
289,1,891.0,549.0,46.0,96.0,1,1,1.0
290,1,891.0,550.0,46.0,95.0,1,1,1.0
291,1,890.0,551.0,46.0,94.0,1,1,1.0
292,1,890.0,551.0,46.0,92.0,1,1,1.0
293,1,889.0,550.0,46.0,90.0,1,1,1.0
294,1,889.0,549.0,46.0,90.0,1,1,1.0
295,1,890.0,548.0,45.0,91.0,1,1,1.0
296,1,890.0,547.0,45.0,91.0,1,1,1.0
297,1,891.0,547.0,44.0,91.0,1,1,1.0
298,1,892.0,547.0,43.0,91.0,1,1,1.0
299,1,893.0,547.0,42.0,91.0,1,1,1.0
300,1,894.0,548.0,42.0,90.0,1,1,1.0
301,1,895.0,548.0,42.0,89.0,1,1,1.0
302,1,895.0,549.0,42.0,89.0,1,1,1.0
303,1,895.0,548.0,43.0,88.0,1,1,1.0
304,1,896.0,547.0,43.0,88.0,1,1,1.0
305,1,896.0,546.0,43.0,88.0,1,1,1.0
306,1,896.0,545.0,44.0,88.0,1,1,1.0
307,1,896.0,544.0,45.0,89.0,1,1,1.0
308,1,896.0,543.0,45.0,90.0,1,1,1.0
309,1,896.0,544.0,45.0,89.0,1,1,1.0
310,1,896.0,544.0,45.0,89.0,1,1,1.0
311,1,896.0,546.0,45.0,88.0,1,1,1.0
312,1,896.0,546.0,46.0,87.0,1,1,1.0
313,1,896.0,546.0,45.0,87.0,1,1,1.0
314,1,896.0,545.0,45.0,86.0,1,1,1.0
315,1,897.0,544.0,44.0,85.0,1,1,1.0
316,1,899.0,543.0,43.0,85.0,1,1,1.0
317,1,900.0,542.0,42.0,86.0,1,1,1.0
318,1,901.0,541.0,42.0,86.0,1,1,1.0
319,1,902.0,541.0,41.0,86.0,1,1,1.0
320,1,904.0,541.0,40.0,86.0,1,1,1.0
321,1,905.0,541.0,39.0,85.0,1,1,1.0
322,1,907.0,541.0,39.0,85.0,1,1,1.0
323,1,908.0,542.0,40.0,84.0,1,1,1.0
324,1,908.0,542.0,40.0,83.0,1,1,1.0
325,1,909.0,542.0,40.0,82.0,1,1,1.0
326,1,910.0,541.0,40.0,82.0,1,1,1.0
327,1,910.0,540.0,40.0,83.0,1,1,1.0
328,1,909.0,540.0,41.0,82.0,1,1,1.0
329,1,909.0,539.0,43.0,83.0,1,1,1.0
330,1,909.0,538.0,43.0,83.0,1,1,1.0
331,1,909.0,539.0,43.0,82.0,1,1,1.0
332,1,909.0,539.0,44.0,82.0,1,1,1.0
333,1,909.0,540.0,45.0,82.0,1,1,1.0
334,1,910.0,540.0,45.0,82.0,1,1,1.0
335,1,910.0,540.0,45.0,81.0,1,1,1.0
336,1,911.0,539.0,45.0,81.0,1,1,1.0
337,1,914.0,539.0,43.0,79.0,1,1,1.0
338,1,916.0,537.0,41.0,81.0,1,1,1.0
339,1,918.0,536.0,40.0,82.0,1,1,1.0
340,1,919.0,535.0,38.0,82.0,1,1,1.0
341,1,921.0,535.0,37.0,83.0,1,1,1.0
342,1,922.0,534.0,35.0,83.0,1,1,1.0
347,1,927.0,534.0,36.0,80.0,1,1,1.0
348,1,927.0,533.0,37.0,80.0,1,1,1.0
349,1,927.0,532.0,38.0,81.0,1,1,1.0
350,1,927.0,532.0,39.0,80.0,1,1,1.0
351,1,927.0,531.0,40.0,81.0,1,1,1.0
352,1,927.0,532.0,40.0,81.0,1,1,1.0
353,1,927.0,532.0,40.0,80.0,1,1,1.0
354,1,927.0,533.0,41.0,80.0,1,1,1.0
355,1,928.0,533.0,41.0,80.0,1,1,1.0
356,1,929.0,533.0,41.0,79.0,1,1,1.0
357,1,929.0,533.0,40.0,79.0,1,1,1.0
358,1,931.0,532.0,39.0,79.0,1,1,1.0
359,1,932.0,531.0,38.0,79.0,1,1,1.0
360,1,934.0,530.0,36.0,79.0,1,1,1.0
361,1,936.0,529.0,35.0,80.0,1,1,1.0
362,1,937.0,529.0,34.0,79.0,1,1,1.0
363,1,938.0,529.0,33.0,79.0,1,1,1.0
364,1,939.0,529.0,33.0,80.0,1,1,1.0
365,1,940.0,529.0,32.0,80.0,1,1,1.0
366,1,940.0,530.0,33.0,78.0,1,1,1.0
367,1,941.0,531.0,33.0,77.0,1,1,1.0
368,1,941.0,532.0,33.0,75.0,1,1,1.0
370,1,942.0,531.0,33.0,75.0,1,1,1.0
371,1,942.0,529.0,34.0,76.0,1,1,1.0
372,1,941.0,528.0,36.0,77.0,1,1,1.0
373,1,941.0,528.0,39.0,77.0,1,1,1.0
374,1,941.0,529.0,39.0,76.0,1,1,1.0
375,1,941.0,529.0,39.0,76.0,1,1,1.0
376,1,941.0,530.0,40.0,76.0,1,1,1.0
377,1,940.0,530.0,41.0,76.0,1,1,1.0
378,1,942.0,529.0,39.0,75.0,1,1,1.0
379,1,945.0,529.0,36.0,75.0,1,1,1.0
380,1,948.0,529.0,33.0,74.0,1,1,1.0
381,1,950.0,529.0,31.0,72.0,1,1,1.0
382,1,953.0,529.0,29.0,72.0,1,1,1.0
383,1,955.0,528.0,28.0,73.0,1,1,1.0
384,1,957.0,528.0,28.0,74.0,1,1,1.0
385,1,957.0,527.0,29.0,74.0,1,1,1.0
388,1,958.0,529.0,34.0,72.0,1,1,1.0
389,1,958.0,530.0,36.0,72.0,1,1,1.0
390,1,958.0,530.0,39.0,71.0,1,1,1.0
391,1,960.0,531.0,40.0,70.0,1,1,1.0
392,1,964.0,531.0,37.0,69.0,1,1,1.0
393,1,967.0,531.0,39.0,68.0,1,1,1.0
394,1,972.0,530.0,36.0,68.0,1,1,1.0
395,1,978.0,530.0,30.0,68.0,1,1,1.0
396,1,982.0,528.0,27.0,70.0,1,1,1.0
397,1,985.0,528.0,27.0,70.0,1,1,1.0
398,1,985.0,527.0,28.0,72.0,1,1,1.0
399,1,986.0,527.0,31.0,71.0,1,1,1.0
400,1,987.0,527.0,32.0,71.0,1,1,1.0
401,1,986.0,527.0,35.0,72.0,1,1,1.0
402,1,988.0,527.0,35.0,72.0,1,1,1.0
403,1,990.0,526.0,35.0,73.0,1,1,1.0
404,1,995.0,526.0,34.0,73.0,1,1,1.0
405,1,1000.0,525.0,32.0,73.0,1,1,1.0
406,1,1005.0,524.0,30.0,72.0,1,1,1.0
407,1,1008.0,524.0,29.0,71.0,1,1,1.0
408,1,1010.0,525.0,28.0,71.0,1,1,1.0
409,1,1011.0,525.0,29.0,72.0,1,1,1.0
410,1,1012.0,526.0,33.0,72.0,1,1,1.0
411,1,1012.0,527.0,35.0,71.0,1,1,1.0
412,1,1012.0,528.0,38.0,69.0,1,1,1.0
413,1,1012.0,529.0,40.0,70.0,1,1,1.0
414,1,1015.0,529.0,39.0,71.0,1,1,1.0
415,1,1019.0,530.0,36.0,70.0,1,1,1.0
416,1,1025.0,528.0,31.0,71.0,1,1,1.0
417,1,1032.0,527.0,27.0,74.0,1,1,1.0
418,1,1036.0,525.0,25.0,77.0,1,1,1.0
419,1,1040.0,525.0,24.0,76.0,1,1,1.0
420,1,1041.0,523.0,30.0,79.0,1,1,1.0
421,1,1042.0,523.0,37.0,80.0,1,1,1.0
422,1,1043.0,523.0,42.0,80.0,1,1,1.0
423,1,1043.0,523.0,45.0,80.0,1,1,1.0
424,1,1044.0,523.0,46.0,80.0,1,1,1.0
425,1,1046.0,524.0,43.0,79.0,1,1,1.0
426,1,1050.0,522.0,40.0,82.0,1,1,1.0
427,1,1055.0,524.0,36.0,80.0,1,1,1.0
428,1,1063.0,523.0,32.0,80.0,1,1,1.0
429,1,1068.0,523.0,32.0,81.0,1,1,1.0
430,1,1072.0,523.0,33.0,82.0,1,1,1.0
431,1,1074.0,524.0,36.0,81.0,1,1,1.0
432,1,1076.0,526.0,39.0,80.0,1,1,1.0
433,1,1076.0,526.0,43.0,79.0,1,1,1.0
434,1,1076.0,528.0,46.0,79.0,1,1,1.0
435,1,1078.0,529.0,47.0,78.0,1,1,1.0
436,1,1080.0,529.0,46.0,78.0,1,1,1.0
437,1,1086.0,528.0,41.0,78.0,1,1,1.0
438,1,1092.0,528.0,35.0,79.0,1,1,1.0
439,1,1096.0,528.0,30.0,79.0,1,1,1.0
440,1,1099.0,528.0,27.0,80.0,1,1,1.0
441,1,1102.0,527.0,26.0,80.0,1,1,1.0
442,1,1103.0,528.0,32.0,80.0,1,1,1.0
443,1,1103.0,530.0,38.0,79.0,1,1,1.0
444,1,1104.0,530.0,41.0,79.0,1,1,1.0
445,1,1104.0,529.0,43.0,80.0,1,1,1.0
446,1,1105.0,531.0,43.0,78.0,1,1,1.0
447,1,1107.0,532.0,41.0,78.0,1,1,1.0
448,1,1111.0,531.0,39.0,79.0,1,1,1.0
449,1,1117.0,531.0,36.0,79.0,1,1,1.0
450,1,1124.0,530.0,34.0,80.0,1,1,1.0
451,1,1128.0,530.0,35.0,81.0,1,1,1.0
452,1,1132.0,529.0,36.0,82.0,1,1,1.0
453,1,1133.0,529.0,40.0,83.0,1,1,1.0
454,1,1134.0,529.0,42.0,83.0,1,1,1.0
455,1,1134.0,529.0,44.0,82.0,1,1,1.0
456,1,1135.0,530.0,46.0,83.0,1,1,1.0
457,1,1137.0,530.0,47.0,83.0,1,1,1.0
458,1,1141.0,530.0,44.0,84.0,1,1,1.0
459,1,1146.0,530.0,39.0,84.0,1,1,1.0
460,1,1151.0,529.0,34.0,85.0,1,1,1.0
461,1,1154.0,529.0,30.0,86.0,1,1,1.0
462,1,1157.0,528.0,28.0,87.0,1,1,1.0
463,1,1159.0,527.0,31.0,88.0,1,1,1.0
464,1,1160.0,527.0,36.0,89.0,1,1,1.0
465,1,1160.0,528.0,40.0,87.0,1,1,1.0
466,1,1160.0,531.0,42.0,86.0,1,1,1.0
467,1,1161.0,530.0,44.0,87.0,1,1,1.0
468,1,1163.0,531.0,43.0,86.0,1,1,1.0
469,1,1166.0,530.0,39.0,87.0,1,1,1.0
470,1,1170.0,531.0,37.0,86.0,1,1,1.0
471,1,1175.0,530.0,35.0,87.0,1,1,1.0
472,1,1180.0,530.0,32.0,88.0,1,1,1.0
473,1,1184.0,529.0,34.0,89.0,1,1,1.0
474,1,1186.0,530.0,36.0,88.0,1,1,1.0
475,1,1188.0,532.0,37.0,87.0,1,1,1.0
476,1,1189.0,533.0,38.0,86.0,1,1,1.0
477,1,1190.0,534.0,37.0,86.0,1,1,1.0
478,1,1191.0,534.0,43.0,86.0,1,1,1.0
479,1,1193.0,534.0,45.0,86.0,1,1,1.0
480,1,1197.0,534.0,43.0,86.0,1,1,1.0
481,1,1201.0,535.0,39.0,86.0,1,1,1.0
482,1,1204.0,535.0,35.0,87.0,1,1,1.0
483,1,1206.0,534.0,32.0,87.0,1,1,1.0
484,1,1208.0,534.0,31.0,88.0,1,1,1.0
485,1,1209.0,534.0,33.0,88.0,1,1,1.0
486,1,1211.0,534.0,36.0,89.0,1,1,1.0
487,1,1212.0,535.0,40.0,88.0,1,1,1.0
488,1,1212.0,536.0,42.0,88.0,1,1,1.0
489,1,1213.0,536.0,42.0,88.0,1,1,1.0
490,1,1215.0,536.0,41.0,88.0,1,1,1.0
491,1,1218.0,536.0,39.0,88.0,1,1,1.0
492,1,1222.0,534.0,39.0,90.0,1,1,1.0
493,1,1228.0,535.0,39.0,89.0,1,1,1.0
494,1,1233.0,536.0,39.0,89.0,1,1,1.0
495,1,1237.0,537.0,38.0,89.0,1,1,1.0
496,1,1239.0,537.0,41.0,88.0,1,1,1.0
497,1,1241.0,539.0,41.0,86.0,1,1,1.0
498,1,1243.0,539.0,44.0,85.0,1,1,1.0
499,1,1243.0,540.0,46.0,85.0,1,1,1.0
500,1,1245.0,540.0,46.0,85.0,1,1,1.0
501,1,1247.0,540.0,45.0,85.0,1,1,1.0
502,1,1252.0,540.0,41.0,85.0,1,1,1.0
503,1,1256.0,540.0,36.0,85.0,1,1,1.0
504,1,1260.0,540.0,32.0,84.0,1,1,1.0
505,1,1262.0,540.0,30.0,84.0,1,1,1.0
506,1,1264.0,540.0,30.0,84.0,1,1,1.0
507,1,1266.0,540.0,31.0,84.0,1,1,1.0
508,1,1267.0,539.0,34.0,85.0,1,1,1.0
509,1,1269.0,540.0,35.0,84.0,1,1,1.0
510,1,1270.0,542.0,37.0,83.0,1,1,1.0
511,1,1270.0,543.0,40.0,82.0,1,1,1.0
512,1,1272.0,544.0,40.0,82.0,1,1,1.0
513,1,1276.0,544.0,38.0,82.0,1,1,1.0
514,1,1281.0,545.0,37.0,81.0,1,1,1.0
515,1,1288.0,546.0,35.0,81.0,1,1,1.0
516,1,1294.0,546.0,38.0,81.0,1,1,1.0
517,1,1297.0,547.0,39.0,82.0,1,1,1.0
518,1,1299.0,547.0,40.0,82.0,1,1,1.0
519,1,1302.0,548.0,40.0,81.0,1,1,1.0
520,1,1304.0,550.0,41.0,81.0,1,1,1.0
521,1,1306.0,552.0,42.0,81.0,1,1,1.0
522,1,1307.0,553.0,43.0,82.0,1,1,1.0
523,1,1308.0,554.0,45.0,81.0,1,1,1.0
524,1,1313.0,555.0,41.0,82.0,1,1,1.0
525,1,1317.0,555.0,36.0,82.0,1,1,1.0
526,1,1322.0,556.0,32.0,82.0,1,1,1.0
527,1,1324.0,554.0,31.0,84.0,1,1,1.0
528,1,1326.0,552.0,32.0,86.0,1,1,1.0
529,1,1327.0,551.0,37.0,88.0,1,1,1.0
530,1,1328.0,552.0,43.0,88.0,1,1,1.0
531,1,1328.0,552.0,46.0,86.0,1,1,1.0
532,1,1328.0,553.0,48.0,86.0,1,1,1.0
533,1,1330.0,552.0,48.0,89.0,1,1,1.0
534,1,1332.0,551.0,48.0,90.0,1,1,1.0
535,1,1337.0,551.0,44.0,90.0,1,1,1.0
536,1,1344.0,550.0,41.0,91.0,1,1,1.0
537,1,1351.0,549.0,39.0,92.0,1,1,1.0
538,1,1356.0,549.0,41.0,92.0,1,1,1.0
539,1,1360.0,550.0,41.0,92.0,1,1,1.0
540,1,1363.0,549.0,43.0,94.0,1,1,1.0
541,1,1364.0,551.0,45.0,92.0,1,1,1.0
542,1,1365.0,552.0,47.0,93.0,1,1,1.0
543,1,1366.0,553.0,48.0,92.0,1,1,1.0
544,1,1368.0,556.0,48.0,90.0,1,1,1.0
546,1,1377.0,558.0,43.0,88.0,1,1,1.0
547,1,1383.0,559.0,37.0,87.0,1,1,1.0
551,1,1392.0,558.0,42.0,89.0,1,1,1.0
554,1,1394.0,559.0,48.0,91.0,1,1,1.0
555,1,1395.0,560.0,48.0,91.0,1,1,1.0
556,1,1398.0,560.0,46.0,91.0,1,1,1.0
557,1,1403.0,560.0,45.0,91.0,1,1,1.0
558,1,1409.0,559.0,43.0,92.0,1,1,1.0
559,1,1415.0,557.0,40.0,94.0,1,1,1.0
560,1,1420.0,558.0,40.0,94.0,1,1,1.0
561,1,1424.0,559.0,41.0,94.0,1,1,1.0
562,1,1426.0,559.0,41.0,94.0,1,1,1.0
563,1,1428.0,562.0,44.0,93.0,1,1,1.0
565,1,1431.0,565.0,44.0,93.0,1,1,1.0
566,1,1433.0,565.0,46.0,93.0,1,1,1.0
567,1,1436.0,564.0,45.0,94.0,1,1,1.0
568,1,1438.0,562.0,45.0,97.0,1,1,1.0
569,1,1439.0,558.0,45.0,101.0,1,1,1.0
570,1,1439.0,555.0,45.0,103.0,1,1,1.0
571,1,1442.0,556.0,43.0,103.0,1,1,1.0
572,1,1444.0,557.0,42.0,102.0,1,1,1.0
573,1,1445.0,558.0,44.0,102.0,1,1,1.0
574,1,1446.0,558.0,43.0,103.0,1,1,1.0
575,1,1449.0,560.0,41.0,103.0,1,1,1.0
576,1,1451.0,561.0,42.0,103.0,1,1,1.0
577,1,1452.0,563.0,43.0,103.0,1,1,1.0
578,1,1453.0,564.0,46.0,102.0,1,1,1.0
579,1,1453.0,565.0,47.0,101.0,1,1,1.0
580,1,1456.0,565.0,48.0,101.0,1,1,1.0
581,1,1457.0,566.0,48.0,100.0,1,1,1.0
582,1,1458.0,566.0,49.0,99.0,1,1,1.0
583,1,1458.0,567.0,49.0,99.0,1,1,1.0
584,1,1459.0,567.0,49.0,101.0,1,1,1.0
585,1,1459.0,566.0,49.0,102.0,1,1,1.0
586,1,1460.0,567.0,48.0,103.0,1,1,1.0
587,1,1460.0,566.0,48.0,105.0,1,1,1.0
588,1,1460.0,566.0,48.0,105.0,1,1,1.0
589,1,1460.0,567.0,47.0,105.0,1,1,1.0
590,1,1460.0,567.0,46.0,105.0,1,1,1.0
591,1,1460.0,567.0,46.0,106.0,1,1,1.0
592,1,1459.0,566.0,46.0,106.0,1,1,1.0
593,1,1458.0,566.0,46.0,106.0,1,1,1.0
594,1,1458.0,566.0,46.0,106.0,1,1,1.0
595,1,1457.0,567.0,47.0,106.0,1,1,1.0
596,1,1456.0,568.0,47.0,107.0,1,1,1.0
597,1,1455.0,568.0,48.0,109.0,1,1,1.0
598,1,1456.0,569.0,48.0,109.0,1,1,1.0
599,1,1456.0,569.0,48.0,109.0,1,1,1.0
600,1,1456.0,570.0,49.0,109.0,1,1,1.0
601,1,1455.0,570.0,51.0,109.0,1,1,1.0
602,1,1455.0,570.0,51.0,109.0,1,1,1.0
603,1,1454.0,569.0,49.0,110.0,1,1,1.0
604,1,1453.0,569.0,48.0,110.0,1,1,1.0
605,1,1452.0,570.0,48.0,109.0,1,1,1.0
606,1,1452.0,570.0,45.0,109.0,1,1,1.0
607,1,1451.0,571.0,43.0,109.0,1,1,1.0
608,1,1451.0,573.0,41.0,109.0,1,1,1.0
609,1,1450.0,574.0,41.0,109.0,1,1,1.0
610,1,1448.0,576.0,41.0,108.0,1,1,1.0
611,1,1446.0,576.0,41.0,108.0,1,1,1.0
612,1,1444.0,576.0,43.0,108.0,1,1,1.0
613,1,1443.0,575.0,44.0,109.0,1,1,1.0
614,1,1441.0,573.0,46.0,112.0,1,1,1.0
615,1,1440.0,573.0,47.0,112.0,1,1,1.0
616,1,1439.0,572.0,47.0,113.0,1,1,1.0
617,1,1437.0,572.0,50.0,114.0,1,1,1.0
618,1,1436.0,571.0,52.0,117.0,1,1,1.0
619,1,1435.0,571.0,53.0,119.0,1,1,1.0
620,1,1433.0,571.0,55.0,120.0,1,1,1.0
621,1,1432.0,570.0,55.0,121.0,1,1,1.0
622,1,1431.0,571.0,56.0,122.0,1,1,1.0
623,1,1431.0,572.0,55.0,121.0,1,1,1.0
624,1,1430.0,573.0,53.0,120.0,1,1,1.0
625,1,1430.0,573.0,50.0,120.0,1,1,1.0
626,1,1428.0,572.0,48.0,121.0,1,1,1.0
627,1,1427.0,571.0,45.0,122.0,1,1,1.0
628,1,1424.0,573.0,45.0,120.0,1,1,1.0
629,1,1421.0,575.0,45.0,119.0,1,1,1.0
630,1,1419.0,576.0,45.0,120.0,1,1,1.0
631,1,1417.0,576.0,44.0,121.0,1,1,1.0
632,1,1415.0,577.0,45.0,121.0,1,1,1.0
633,1,1412.0,578.0,45.0,120.0,1,1,1.0
634,1,1407.0,577.0,48.0,122.0,1,1,1.0
635,1,1405.0,577.0,50.0,122.0,1,1,1.0
636,1,1405.0,576.0,49.0,123.0,1,1,1.0
637,1,1403.0,578.0,51.0,121.0,1,1,1.0
638,1,1401.0,577.0,53.0,122.0,1,1,1.0
639,1,1400.0,579.0,54.0,120.0,1,1,1.0
640,1,1398.0,581.0,56.0,121.0,1,1,1.0
641,1,1397.0,582.0,58.0,120.0,1,1,1.0
642,1,1395.0,584.0,58.0,121.0,1,1,1.0
643,1,1393.0,585.0,59.0,120.0,1,1,1.0
644,1,1392.0,587.0,58.0,120.0,1,1,1.0
645,1,1390.0,586.0,57.0,120.0,1,1,1.0
646,1,1388.0,586.0,55.0,121.0,1,1,1.0
647,1,1386.0,585.0,52.0,122.0,1,1,1.0
648,1,1385.0,584.0,49.0,123.0,1,1,1.0
649,1,1383.0,585.0,46.0,122.0,1,1,1.0
650,1,1381.0,585.0,46.0,122.0,1,1,1.0
651,1,1378.0,587.0,46.0,120.0,1,1,1.0
652,1,1373.0,589.0,49.0,121.0,1,1,1.0
653,1,1369.0,589.0,50.0,122.0,1,1,1.0
654,1,1368.0,590.0,48.0,123.0,1,1,1.0
655,1,1367.0,591.0,47.0,123.0,1,1,1.0
656,1,1365.0,590.0,47.0,124.0,1,1,1.0
657,1,1363.0,589.0,47.0,124.0,1,1,1.0
658,1,1361.0,588.0,48.0,125.0,1,1,1.0
659,1,1359.0,588.0,51.0,126.0,1,1,1.0
660,1,1356.0,589.0,53.0,125.0,1,1,1.0
661,1,1353.0,590.0,56.0,124.0,1,1,1.0
662,1,1351.0,591.0,59.0,124.0,1,1,1.0
663,1,1348.0,593.0,61.0,125.0,1,1,1.0
664,1,1346.0,594.0,63.0,124.0,1,1,1.0
665,1,1344.0,596.0,63.0,124.0,1,1,1.0
666,1,1342.0,597.0,63.0,124.0,1,1,1.0
667,1,1340.0,596.0,62.0,125.0,1,1,1.0
668,1,1338.0,595.0,60.0,127.0,1,1,1.0
669,1,1336.0,593.0,57.0,128.0,1,1,1.0
670,1,1334.0,592.0,53.0,130.0,1,1,1.0
671,1,1331.0,591.0,50.0,131.0,1,1,1.0
672,1,1329.0,590.0,48.0,131.0,1,1,1.0
673,1,1325.0,589.0,49.0,133.0,1,1,1.0
674,1,1317.0,591.0,53.0,132.0,1,1,1.0
675,1,1312.0,593.0,56.0,131.0,1,1,1.0
676,1,1309.0,593.0,57.0,132.0,1,1,1.0
677,1,1308.0,591.0,57.0,136.0,1,1,1.0
678,1,1307.0,591.0,57.0,136.0,1,1,1.0
679,1,1305.0,591.0,56.0,136.0,1,1,1.0
680,1,1303.0,590.0,54.0,137.0,1,1,1.0
681,1,1300.0,590.0,52.0,137.0,1,1,1.0
682,1,1297.0,590.0,54.0,138.0,1,1,1.0
683,1,1292.0,589.0,59.0,139.0,1,1,1.0
684,1,1290.0,588.0,61.0,143.0,1,1,1.0
685,1,1288.0,591.0,62.0,142.0,1,1,1.0
686,1,1283.0,594.0,66.0,142.0,1,1,1.0
687,1,1280.0,595.0,67.0,142.0,1,1,1.0
688,1,1277.0,595.0,68.0,143.0,1,1,1.0
689,1,1274.0,595.0,66.0,143.0,1,1,1.0
690,1,1272.0,595.0,62.0,143.0,1,1,1.0
691,1,1269.0,595.0,58.0,143.0,1,1,1.0
692,1,1267.0,596.0,53.0,142.0,1,1,1.0
693,1,1266.0,596.0,49.0,142.0,1,1,1.0
694,1,1261.0,597.0,50.0,141.0,1,1,1.0
695,1,1257.0,598.0,52.0,140.0,1,1,1.0
696,1,1253.0,600.0,53.0,139.0,1,1,1.0
697,1,1249.0,603.0,53.0,137.0,1,1,1.0
698,1,1242.0,604.0,58.0,137.0,1,1,1.0
699,1,1238.0,605.0,60.0,137.0,1,1,1.0
700,1,1236.0,605.0,61.0,138.0,1,1,1.0
701,1,1234.0,604.0,60.0,140.0,1,1,1.0
702,1,1231.0,603.0,58.0,141.0,1,1,1.0
703,1,1229.0,601.0,55.0,143.0,1,1,1.0
704,1,1226.0,601.0,55.0,143.0,1,1,1.0
705,1,1223.0,601.0,59.0,143.0,1,1,1.0
706,1,1219.0,601.0,62.0,145.0,1,1,1.0
707,1,1215.0,605.0,66.0,143.0,1,1,1.0
708,1,1211.0,608.0,69.0,142.0,1,1,1.0
709,1,1207.0,612.0,71.0,141.0,1,1,1.0
710,1,1204.0,614.0,71.0,140.0,1,1,1.0
711,1,1201.0,615.0,68.0,140.0,1,1,1.0
712,1,1198.0,615.0,64.0,140.0,1,1,1.0
713,1,1194.0,615.0,58.0,141.0,1,1,1.0
714,1,1191.0,614.0,54.0,141.0,1,1,1.0
715,1,1187.0,614.0,52.0,141.0,1,1,1.0
716,1,1184.0,614.0,51.0,141.0,1,1,1.0
717,1,1175.0,615.0,55.0,140.0,1,1,1.0
718,1,1165.0,616.0,63.0,141.0,1,1,1.0
719,1,1155.0,619.0,71.0,140.0,1,1,1.0
720,1,1152.0,620.0,74.0,140.0,1,1,1.0
721,1,1150.0,621.0,75.0,140.0,1,1,1.0
722,1,1149.0,621.0,74.0,140.0,1,1,1.0
723,1,1148.0,620.0,70.0,142.0,1,1,1.0
724,1,1145.0,618.0,66.0,143.0,1,1,1.0
725,1,1142.0,617.0,60.0,144.0,1,1,1.0
726,1,1138.0,616.0,60.0,145.0,1,1,1.0
727,1,1133.0,616.0,64.0,147.0,1,1,1.0
728,1,1128.0,615.0,68.0,150.0,1,1,1.0
729,1,1123.0,616.0,72.0,152.0,1,1,1.0
730,1,1117.0,616.0,75.0,154.0,1,1,1.0
731,1,1113.0,616.0,77.0,156.0,1,1,1.0
732,1,1109.0,616.0,75.0,157.0,1,1,1.0
733,1,1104.0,616.0,73.0,157.0,1,1,1.0
734,1,1101.0,615.0,67.0,158.0,1,1,1.0
735,1,1097.0,616.0,62.0,157.0,1,1,1.0
736,1,1094.0,616.0,57.0,157.0,1,1,1.0
737,1,1090.0,617.0,55.0,156.0,1,1,1.0
738,1,1086.0,618.0,55.0,154.0,1,1,1.0
739,1,1076.0,621.0,61.0,153.0,1,1,1.0
740,1,1064.0,622.0,69.0,153.0,1,1,1.0
741,1,1057.0,622.0,75.0,155.0,1,1,1.0
742,1,1054.0,623.0,78.0,156.0,1,1,1.0
743,1,1052.0,622.0,78.0,157.0,1,1,1.0
744,1,1051.0,623.0,77.0,157.0,1,1,1.0
745,1,1048.0,622.0,74.0,157.0,1,1,1.0
746,1,1043.0,622.0,71.0,158.0,1,1,1.0
747,1,1039.0,622.0,66.0,157.0,1,1,1.0
748,1,1035.0,623.0,66.0,156.0,1,1,1.0
749,1,1030.0,622.0,69.0,159.0,1,1,1.0
750,1,1025.0,624.0,73.0,162.0,1,1,1.0
751,1,1019.0,625.0,77.0,164.0,1,1,1.0
752,1,1011.0,626.0,81.0,164.0,1,1,1.0
753,1,1006.0,627.0,82.0,166.0,1,1,1.0
754,1,1003.0,628.0,79.0,165.0,1,1,1.0
755,1,998.0,628.0,75.0,166.0,1,1,1.0
756,1,994.0,628.0,68.0,166.0,1,1,1.0
757,1,990.0,627.0,62.0,166.0,1,1,1.0
758,1,985.0,627.0,57.0,166.0,1,1,1.0
759,1,980.0,627.0,56.0,166.0,1,1,1.0
760,1,974.0,628.0,58.0,166.0,1,1,1.0
761,1,960.0,628.0,69.0,167.0,1,1,1.0
762,1,947.0,629.0,81.0,169.0,1,1,1.0
763,1,939.0,631.0,88.0,169.0,1,1,1.0
764,1,936.0,633.0,92.0,170.0,1,1,1.0
765,1,934.0,635.0,92.0,169.0,1,1,1.0
766,1,933.0,635.0,89.0,169.0,1,1,1.0
767,1,930.0,636.0,83.0,168.0,1,1,1.0
768,1,925.0,636.0,77.0,168.0,1,1,1.0
769,1,921.0,637.0,68.0,168.0,1,1,1.0
770,1,915.0,637.0,68.0,168.0,1,1,1.0
771,1,909.0,639.0,71.0,170.0,1,1,1.0
772,1,903.0,642.0,76.0,171.0,1,1,1.0
773,1,892.0,646.0,84.0,170.0,1,1,1.0
774,1,883.0,649.0,90.0,169.0,1,1,1.0
775,1,878.0,649.0,89.0,172.0,1,1,1.0
776,1,875.0,645.0,86.0,176.0,1,1,1.0
777,1,870.0,642.0,83.0,180.0,1,1,1.0
778,1,864.0,639.0,78.0,183.0,1,1,1.0
779,1,858.0,635.0,71.0,187.0,1,1,1.0
780,1,852.0,632.0,64.0,190.0,1,1,1.0
781,1,846.0,630.0,63.0,191.0,1,1,1.0
782,1,840.0,632.0,65.0,190.0,1,1,1.0
783,1,825.0,636.0,78.0,187.0,1,1,1.0
784,1,813.0,641.0,89.0,186.0,1,1,1.0
785,1,806.0,646.0,96.0,183.0,1,1,1.0
786,1,803.0,650.0,99.0,181.0,1,1,1.0
787,1,802.0,652.0,97.0,180.0,1,1,1.0
788,1,801.0,650.0,92.0,182.0,1,1,1.0
789,1,794.0,645.0,88.0,187.0,1,1,1.0
790,1,790.0,642.0,79.0,190.0,1,1,1.0
791,1,784.0,639.0,71.0,192.0,1,1,1.0
792,1,780.0,638.0,66.0,197.0,1,1,1.0
793,1,769.0,640.0,75.0,199.0,1,1,1.0
794,1,760.0,642.0,84.0,201.0,1,1,1.0
795,1,750.0,646.0,92.0,200.0,1,1,1.0
796,1,742.0,649.0,97.0,198.0,1,1,1.0
797,1,734.0,652.0,100.0,197.0,1,1,1.0
798,1,728.0,655.0,99.0,195.0,1,1,1.0
799,1,722.0,656.0,92.0,194.0,1,1,1.0
800,1,717.0,657.0,85.0,193.0,1,1,1.0
801,1,712.0,657.0,75.0,193.0,1,1,1.0
802,1,705.0,658.0,71.0,191.0,1,1,1.0
803,1,699.0,661.0,71.0,189.0,1,1,1.0
804,1,688.0,663.0,80.0,188.0,1,1,1.0
805,1,672.0,664.0,95.0,189.0,1,1,1.0
806,1,663.0,665.0,104.0,190.0,1,1,1.0
807,1,658.0,666.0,109.0,193.0,1,1,1.0
808,1,655.0,668.0,109.0,192.0,1,1,1.0
809,1,654.0,671.0,104.0,190.0,1,1,1.0
810,1,648.0,675.0,99.0,185.0,1,1,1.0
