1,1,1017.0,239.0,55.0,124.0,1,1,1.0
1,2,952.0,249.0,67.0,118.0,1,1,1.0
2,1,1011.0,242.0,55.0,125.0,1,1,1.0
2,2,946.0,250.0,63.0,118.0,1,1,1.0
3,1,1011.0,245.0,56.0,125.0,1,1,1.0
3,2,949.0,251.0,61.0,118.0,1,1,1.0
3,3,1180.0,257.0,50.0,71.0,1,1,1.0
4,1,1008.0,247.0,55.0,125.0,1,1,1.0
4,2,946.0,249.0,62.0,119.0,1,1,1.0
4,3,1180.0,255.0,50.0,71.0,1,1,1.0
5,1,1007.0,248.0,59.0,125.0,1,1,1.0
5,2,946.0,249.0,63.0,119.0,1,1,1.0
5,3,1183.0,255.0,47.0,72.0,1,1,1.0
6,1,1005.0,247.0,62.0,124.0,1,1,1.0
6,2,946.0,248.0,63.0,119.0,1,1,1.0
6,3,1185.0,253.0,48.0,72.0,1,1,1.0
7,1,1003.0,248.0,61.0,124.0,1,1,1.0
7,2,944.0,249.0,62.0,119.0,1,1,1.0
7,3,1181.0,255.0,49.0,71.0,1,1,1.0
8,1,1003.0,249.0,63.0,125.0,1,1,1.0
8,2,944.0,251.0,58.0,121.0,1,1,1.0
9,1,1003.0,248.0,64.0,126.0,1,1,1.0
9,2,943.0,252.0,57.0,124.0,1,1,1.0
9,3,1181.0,256.0,50.0,71.0,1,1,1.0
10,1,1004.0,245.0,64.0,126.0,1,1,1.0
10,2,946.0,252.0,55.0,124.0,1,1,1.0
10,3,1184.0,253.0,49.0,71.0,1,1,1.0
11,1,1003.0,248.0,63.0,128.0,1,1,1.0
11,2,946.0,255.0,53.0,124.0,1,1,1.0
11,3,1180.0,256.0,49.0,71.0,1,1,1.0
12,1,1003.0,248.0,63.0,130.0,1,1,1.0
12,2,947.0,255.0,52.0,124.0,1,1,1.0
12,3,1179.0,255.0,49.0,71.0,1,1,1.0
13,1,1003.0,250.0,62.0,131.0,1,1,1.0
13,2,949.0,254.0,50.0,124.0,1,1,1.0
13,3,1179.0,255.0,50.0,71.0,1,1,1.0
14,1,1005.0,254.0,63.0,130.0,1,1,1.0
14,2,951.0,256.0,51.0,123.0,1,1,1.0
15,1,1004.0,254.0,64.0,130.0,1,1,1.0
15,2,952.0,256.0,51.0,123.0,1,1,1.0
16,1,1002.0,254.0,67.0,129.0,1,1,1.0
16,2,951.0,255.0,52.0,123.0,1,1,1.0
17,1,1002.0,255.0,67.0,129.0,1,1,1.0
17,2,950.0,256.0,54.0,124.0,1,1,1.0
18,1,1002.0,254.0,68.0,130.0,1,1,1.0
18,2,950.0,257.0,56.0,126.0,1,1,1.0
19,1,1003.0,254.0,67.0,131.0,1,1,1.0
19,2,950.0,258.0,57.0,127.0,1,1,1.0
19,3,1180.0,255.0,49.0,71.0,1,1,1.0
20,1,1004.0,254.0,64.0,131.0,1,1,1.0
20,2,949.0,260.0,58.0,128.0,1,1,1.0
21,1,1005.0,254.0,61.0,133.0,1,1,1.0
21,2,948.0,261.0,60.0,128.0,1,1,1.0
21,3,1181.0,255.0,45.0,70.0,1,1,1.0
22,1,1005.0,254.0,62.0,136.0,1,1,1.0
22,2,947.0,262.0,60.0,128.0,1,1,1.0
22,3,1181.0,255.0,44.0,70.0,1,1,1.0
23,1,1004.0,258.0,63.0,134.0,1,1,1.0
23,2,947.0,262.0,61.0,129.0,1,1,1.0
23,3,1182.0,256.0,45.0,70.0,1,1,1.0
24,1,1002.0,259.0,63.0,135.0,1,1,1.0
24,2,945.0,262.0,60.0,128.0,1,1,1.0
24,3,1182.0,255.0,46.0,70.0,1,1,1.0
25,1,1000.0,260.0,65.0,134.0,1,1,1.0
25,2,944.0,262.0,57.0,127.0,1,1,1.0
26,1,998.0,261.0,66.0,134.0,1,1,1.0
26,2,944.0,262.0,54.0,127.0,1,1,1.0
27,1,998.0,262.0,67.0,134.0,1,1,1.0
27,2,944.0,263.0,53.0,128.0,1,1,1.0
28,1,1002.0,261.0,66.0,134.0,1,1,1.0
28,2,947.0,263.0,56.0,131.0,1,1,1.0
28,3,1184.0,255.0,46.0,71.0,1,1,1.0
29,1,1001.0,260.0,67.0,134.0,1,1,1.0
29,2,946.0,264.0,56.0,133.0,1,1,1.0
29,3,1181.0,254.0,47.0,72.0,1,1,1.0
30,1,1001.0,260.0,68.0,135.0,1,1,1.0
30,2,946.0,264.0,54.0,134.0,1,1,1.0
30,3,1181.0,255.0,47.0,71.0,1,1,1.0
31,1,1001.0,261.0,68.0,138.0,1,1,1.0
31,2,945.0,265.0,54.0,135.0,1,1,1.0
31,3,1181.0,255.0,47.0,71.0,1,1,1.0
32,1,1002.0,262.0,68.0,140.0,1,1,1.0
32,2,944.0,265.0,56.0,135.0,1,1,1.0
32,3,1181.0,255.0,47.0,71.0,1,1,1.0
33,1,1002.0,264.0,68.0,141.0,1,1,1.0
33,2,943.0,265.0,58.0,135.0,1,1,1.0
33,3,1181.0,255.0,47.0,72.0,1,1,1.0
34,1,1000.0,266.0,70.0,141.0,1,1,1.0
34,2,943.0,266.0,57.0,135.0,1,1,1.0
35,1,1000.0,268.0,71.0,140.0,1,1,1.0
35,2,944.0,266.0,60.0,135.0,1,1,1.0
35,3,1181.0,255.0,47.0,72.0,1,1,1.0
36,1,1001.0,269.0,71.0,139.0,1,1,1.0
36,2,944.0,266.0,61.0,136.0,1,1,1.0
37,1,1001.0,268.0,72.0,138.0,1,1,1.0
37,2,943.0,266.0,62.0,138.0,1,1,1.0
37,3,1180.0,254.0,47.0,71.0,1,1,1.0
38,1,1002.0,269.0,70.0,138.0,1,1,1.0
38,2,943.0,266.0,64.0,142.0,1,1,1.0
38,3,1181.0,254.0,47.0,72.0,1,1,1.0
39,1,1003.0,268.0,68.0,138.0,1,1,1.0
39,2,943.0,267.0,65.0,143.0,1,1,1.0
39,3,1180.0,254.0,47.0,71.0,1,1,1.0
40,1,1005.0,266.0,66.0,142.0,1,1,1.0
40,2,943.0,267.0,67.0,145.0,1,1,1.0
40,3,1180.0,255.0,47.0,71.0,1,1,1.0
41,1,1005.0,270.0,65.0,142.0,1,1,1.0
41,2,942.0,271.0,69.0,143.0,1,1,1.0
42,1,1008.0,272.0,62.0,143.0,1,1,1.0
42,2,942.0,273.0,63.0,141.0,1,1,1.0
43,1,1004.0,272.0,65.0,145.0,1,1,1.0
43,2,938.0,272.0,68.0,142.0,1,1,1.0
43,3,1178.0,254.0,51.0,72.0,1,1,1.0
44,1,1001.0,273.0,68.0,147.0,1,1,1.0
44,2,937.0,272.0,69.0,142.0,1,1,1.0
45,1,999.0,276.0,70.0,145.0,1,1,1.0
45,2,937.0,272.0,70.0,142.0,1,1,1.0
45,3,1179.0,256.0,50.0,72.0,1,1,1.0
46,1,996.0,276.0,74.0,145.0,1,1,1.0
46,2,937.0,273.0,71.0,142.0,1,1,1.0
47,1,996.0,277.0,74.0,144.0,1,1,1.0
47,2,938.0,275.0,70.0,144.0,1,1,1.0
48,1,997.0,278.0,74.0,143.0,1,1,1.0
48,2,937.0,277.0,68.0,145.0,1,1,1.0
49,1,998.0,278.0,74.0,143.0,1,1,1.0
49,2,937.0,278.0,69.0,145.0,1,1,1.0
50,1,1000.0,277.0,73.0,145.0,1,1,1.0
50,2,938.0,281.0,71.0,145.0,1,1,1.0
51,1,1001.0,275.0,74.0,151.0,1,1,1.0
51,2,938.0,283.0,65.0,145.0,1,1,1.0
52,1,1001.0,277.0,72.0,152.0,1,1,1.0
52,2,937.0,282.0,66.0,145.0,1,1,1.0
53,1,1002.0,278.0,72.0,154.0,1,1,1.0
53,2,937.0,281.0,67.0,146.0,1,1,1.0
53,3,1178.0,255.0,50.0,72.0,1,1,1.0
54,1,1000.0,280.0,74.0,154.0,1,1,1.0
54,2,936.0,282.0,68.0,146.0,1,1,1.0
55,1,1000.0,282.0,74.0,154.0,1,1,1.0
55,2,936.0,283.0,69.0,145.0,1,1,1.0
56,1,1000.0,284.0,75.0,153.0,1,1,1.0
56,2,935.0,284.0,70.0,147.0,1,1,1.0
57,1,998.0,283.0,77.0,152.0,1,1,1.0
57,2,933.0,284.0,72.0,149.0,1,1,1.0
58,1,998.0,283.0,78.0,153.0,1,1,1.0
58,2,932.0,286.0,71.0,151.0,1,1,1.0
59,1,998.0,283.0,78.0,153.0,1,1,1.0
59,2,932.0,288.0,72.0,151.0,1,1,1.0
60,1,997.0,282.0,77.0,154.0,1,1,1.0
60,2,931.0,289.0,73.0,151.0,1,1,1.0
61,1,995.0,284.0,78.0,156.0,1,1,1.0
61,2,929.0,290.0,71.0,152.0,1,1,1.0
62,1,993.0,287.0,80.0,156.0,1,1,1.0
62,2,927.0,289.0,71.0,152.0,1,1,1.0
63,1,989.0,289.0,82.0,158.0,1,1,1.0
63,2,924.0,289.0,71.0,153.0,1,1,1.0
64,1,987.0,290.0,84.0,160.0,1,1,1.0
64,2,922.0,289.0,70.0,152.0,1,1,1.0
65,1,987.0,291.0,85.0,160.0,1,1,1.0
65,2,921.0,290.0,69.0,154.0,1,1,1.0
66,1,984.0,290.0,85.0,161.0,1,1,1.0
66,2,919.0,291.0,67.0,157.0,1,1,1.0
67,1,985.0,290.0,85.0,161.0,1,1,1.0
67,2,919.0,293.0,70.0,159.0,1,1,1.0
68,1,987.0,289.0,83.0,162.0,1,1,1.0
68,2,919.0,295.0,76.0,160.0,1,1,1.0
69,1,988.0,290.0,83.0,162.0,1,1,1.0
69,2,919.0,298.0,79.0,160.0,1,1,1.0
70,1,989.0,290.0,81.0,164.0,1,1,1.0
70,2,918.0,298.0,81.0,160.0,1,1,1.0
71,1,987.0,290.0,82.0,168.0,1,1,1.0
71,2,916.0,299.0,80.0,160.0,1,1,1.0
71,3,1178.0,256.0,51.0,71.0,1,1,1.0
72,1,985.0,293.0,84.0,169.0,1,1,1.0
72,2,915.0,298.0,78.0,160.0,1,1,1.0
72,3,1179.0,256.0,50.0,71.0,1,1,1.0
73,1,983.0,296.0,86.0,170.0,1,1,1.0
73,2,914.0,299.0,77.0,159.0,1,1,1.0
74,1,982.0,298.0,89.0,170.0,1,1,1.0
74,2,913.0,300.0,76.0,158.0,1,1,1.0
75,1,980.0,299.0,92.0,170.0,1,1,1.0
75,2,912.0,301.0,75.0,161.0,1,1,1.0
75,3,1180.0,256.0,50.0,71.0,1,1,1.0
76,1,979.0,300.0,93.0,170.0,1,1,1.0
76,2,911.0,303.0,76.0,163.0,1,1,1.0
76,3,1180.0,256.0,50.0,71.0,1,1,1.0
77,1,979.0,299.0,93.0,170.0,1,1,1.0
77,2,910.0,304.0,76.0,165.0,1,1,1.0
77,3,1180.0,256.0,50.0,71.0,1,1,1.0
78,1,981.0,299.0,90.0,170.0,1,1,1.0
78,2,909.0,306.0,75.0,168.0,1,1,1.0
78,3,1180.0,256.0,50.0,71.0,1,1,1.0
79,1,981.0,299.0,89.0,170.0,1,1,1.0
79,2,909.0,308.0,76.0,169.0,1,1,1.0
80,1,979.0,299.0,90.0,173.0,1,1,1.0
80,2,905.0,309.0,80.0,168.0,1,1,1.0
80,3,1179.0,256.0,50.0,71.0,1,1,1.0
81,1,979.0,300.0,88.0,176.0,1,1,1.0
81,2,901.0,310.0,80.0,168.0,1,1,1.0
82,1,977.0,303.0,88.0,176.0,1,1,1.0
82,2,899.0,311.0,79.0,168.0,1,1,1.0
83,1,978.0,306.0,86.0,178.0,1,1,1.0
83,2,896.0,311.0,87.0,168.0,1,1,1.0
84,1,974.0,308.0,87.0,180.0,1,1,1.0
84,2,895.0,311.0,83.0,170.0,1,1,1.0
85,1,971.0,310.0,88.0,180.0,1,1,1.0
85,2,894.0,313.0,83.0,173.0,1,1,1.0
86,1,968.0,310.0,89.0,180.0,1,1,1.0
86,2,887.0,315.0,87.0,177.0,1,1,1.0
87,1,968.0,310.0,89.0,180.0,1,1,1.0
87,2,883.0,317.0,93.0,177.0,1,1,1.0
88,1,970.0,310.0,88.0,180.0,1,1,1.0
88,2,880.0,320.0,99.0,178.0,1,1,1.0
89,1,972.0,309.0,86.0,181.0,1,1,1.0
89,2,875.0,321.0,105.0,178.0,1,1,1.0
90,1,973.0,310.0,86.0,182.0,1,1,1.0
90,2,871.0,323.0,109.0,177.0,1,1,1.0
91,1,973.0,311.0,87.0,186.0,1,1,1.0
91,2,869.0,323.0,110.0,177.0,1,1,1.0
92,1,974.0,314.0,86.0,188.0,1,1,1.0
92,2,871.0,323.0,108.0,176.0,1,1,1.0
93,1,973.0,318.0,86.0,189.0,1,1,1.0
93,2,873.0,325.0,104.0,176.0,1,1,1.0
94,1,972.0,320.0,87.0,190.0,1,1,1.0
94,2,881.0,326.0,94.0,180.0,1,1,1.0
95,1,971.0,322.0,88.0,188.0,1,1,1.0
95,2,882.0,328.0,93.0,183.0,1,1,1.0
96,1,971.0,324.0,88.0,188.0,1,1,1.0
96,2,885.0,331.0,91.0,184.0,1,1,1.0
97,1,969.0,324.0,89.0,188.0,1,1,1.0
97,2,885.0,334.0,88.0,185.0,1,1,1.0
98,1,968.0,324.0,89.0,188.0,1,1,1.0
98,2,884.0,336.0,88.0,186.0,1,1,1.0
99,1,967.0,323.0,86.0,189.0,1,1,1.0
99,2,882.0,338.0,90.0,185.0,1,1,1.0
100,1,966.0,323.0,85.0,191.0,1,1,1.0
100,2,879.0,339.0,91.0,185.0,1,1,1.0
101,1,963.0,324.0,85.0,196.0,1,1,1.0
101,2,874.0,339.0,93.0,185.0,1,1,1.0
102,1,961.0,327.0,87.0,199.0,1,1,1.0
102,2,868.0,340.0,97.0,184.0,1,1,1.0
103,1,959.0,330.0,89.0,201.0,1,1,1.0
103,2,865.0,341.0,101.0,186.0,1,1,1.0
104,1,955.0,333.0,91.0,202.0,1,1,1.0
104,2,867.0,342.0,95.0,190.0,1,1,1.0
105,1,954.0,336.0,91.0,201.0,1,1,1.0
105,2,872.0,346.0,89.0,192.0,1,1,1.0
106,1,953.0,337.0,92.0,200.0,1,1,1.0
106,2,871.0,349.0,87.0,194.0,1,1,1.0
107,1,955.0,338.0,88.0,200.0,1,1,1.0
107,2,872.0,352.0,89.0,195.0,1,1,1.0
108,1,957.0,338.0,86.0,200.0,1,1,1.0
108,2,874.0,353.0,91.0,196.0,1,1,1.0
109,1,960.0,338.0,84.0,200.0,1,1,1.0
109,2,876.0,355.0,91.0,195.0,1,1,1.0
110,1,961.0,338.0,85.0,200.0,1,1,1.0
110,2,865.0,356.0,103.0,194.0,1,1,1.0
111,1,961.0,340.0,85.0,205.0,1,1,1.0
111,2,870.0,357.0,100.0,193.0,1,1,1.0
112,1,961.0,343.0,85.0,211.0,1,1,1.0
112,2,872.0,359.0,100.0,193.0,1,1,1.0
113,1,959.0,345.0,86.0,210.0,1,1,1.0
113,2,863.0,360.0,105.0,198.0,1,1,1.0
114,1,958.0,350.0,87.0,212.0,1,1,1.0
114,2,864.0,363.0,102.0,200.0,1,1,1.0
115,1,957.0,353.0,88.0,214.0,1,1,1.0
115,2,866.0,366.0,98.0,204.0,1,1,1.0
116,1,956.0,355.0,89.0,213.0,1,1,1.0
116,2,866.0,370.0,96.0,207.0,1,1,1.0
117,1,954.0,356.0,92.0,213.0,1,1,1.0
117,2,865.0,372.0,96.0,209.0,1,1,1.0
118,1,953.0,356.0,93.0,213.0,1,1,1.0
118,2,861.0,374.0,99.0,209.0,1,1,1.0
119,1,952.0,356.0,93.0,213.0,1,1,1.0
119,2,856.0,375.0,104.0,210.0,1,1,1.0
120,1,952.0,356.0,91.0,213.0,1,1,1.0
120,2,852.0,375.0,107.0,210.0,1,1,1.0
121,1,952.0,358.0,91.0,218.0,1,1,1.0
121,2,850.0,377.0,109.0,210.0,1,1,1.0
122,1,952.0,360.0,92.0,217.0,1,1,1.0
122,2,851.0,378.0,108.0,210.0,1,1,1.0
123,1,950.0,365.0,94.0,220.0,1,1,1.0
123,2,850.0,380.0,107.0,213.0,1,1,1.0
124,1,950.0,369.0,95.0,226.0,1,1,1.0
124,2,850.0,384.0,108.0,216.0,1,1,1.0
125,1,948.0,372.0,99.0,227.0,1,1,1.0
125,2,850.0,388.0,107.0,219.0,1,1,1.0
126,1,948.0,374.0,100.0,227.0,1,1,1.0
126,2,850.0,392.0,107.0,221.0,1,1,1.0
127,1,948.0,375.0,102.0,226.0,1,1,1.0
127,2,846.0,394.0,111.0,220.0,1,1,1.0
128,1,949.0,375.0,103.0,226.0,1,1,1.0
128,2,839.0,396.0,120.0,219.0,1,1,1.0
129,1,949.0,375.0,103.0,226.0,1,1,1.0
129,2,834.0,396.0,124.0,219.0,1,1,1.0
130,1,950.0,377.0,103.0,225.0,1,1,1.0
130,2,832.0,397.0,127.0,218.0,1,1,1.0
131,1,948.0,378.0,104.0,230.0,1,1,1.0
131,2,830.0,398.0,127.0,220.0,1,1,1.0
132,1,948.0,382.0,104.0,235.0,1,1,1.0
132,2,831.0,401.0,124.0,226.0,1,1,1.0
133,1,947.0,387.0,104.0,238.0,1,1,1.0
133,2,834.0,405.0,121.0,229.0,1,1,1.0
134,1,947.0,392.0,103.0,240.0,1,1,1.0
134,2,835.0,408.0,119.0,232.0,1,1,1.0
135,1,947.0,396.0,106.0,242.0,1,1,1.0
135,2,836.0,413.0,118.0,235.0,1,1,1.0
136,1,944.0,399.0,114.0,241.0,1,1,1.0
136,2,834.0,415.0,119.0,238.0,1,1,1.0
137,1,943.0,400.0,114.0,240.0,1,1,1.0
137,2,832.0,416.0,119.0,239.0,1,1,1.0
138,1,942.0,400.0,118.0,240.0,1,1,1.0
138,2,831.0,417.0,119.0,239.0,1,1,1.0
139,1,941.0,400.0,121.0,240.0,1,1,1.0
139,2,831.0,417.0,125.0,238.0,1,1,1.0
140,1,941.0,400.0,119.0,240.0,1,1,1.0
140,2,830.0,419.0,124.0,236.0,1,1,1.0
141,1,942.0,403.0,116.0,247.0,1,1,1.0
141,2,827.0,423.0,125.0,241.0,1,1,1.0
142,1,943.0,406.0,113.0,254.0,1,1,1.0
142,2,826.0,426.0,125.0,246.0,1,1,1.0
143,1,943.0,411.0,111.0,255.0,1,1,1.0
143,2,825.0,431.0,126.0,248.0,1,1,1.0
144,1,942.0,416.0,111.0,260.0,1,1,1.0
144,2,825.0,436.0,124.0,251.0,1,1,1.0
145,1,942.0,420.0,110.0,261.0,1,1,1.0
145,2,825.0,441.0,126.0,253.0,1,1,1.0
146,1,942.0,423.0,109.0,260.0,1,1,1.0
146,2,824.0,444.0,125.0,253.0,1,1,1.0
147,1,938.0,425.0,113.0,258.0,1,1,1.0
147,2,824.0,445.0,123.0,252.0,1,1,1.0
148,1,938.0,426.0,114.0,257.0,1,1,1.0
148,2,823.0,447.0,123.0,251.0,1,1,1.0
149,1,938.0,427.0,113.0,257.0,1,1,1.0
149,2,822.0,448.0,124.0,249.0,1,1,1.0
150,1,939.0,428.0,112.0,257.0,1,1,1.0
150,2,821.0,451.0,125.0,255.0,1,1,1.0
151,1,939.0,431.0,112.0,266.0,1,1,1.0
151,2,820.0,455.0,125.0,262.0,1,1,1.0
152,1,938.0,436.0,112.0,272.0,1,1,1.0
152,2,819.0,460.0,126.0,264.0,1,1,1.0
153,1,938.0,442.0,112.0,276.0,1,1,1.0
153,2,818.0,465.0,127.0,268.0,1,1,1.0
154,1,936.0,448.0,113.0,281.0,1,1,1.0
154,2,815.0,470.0,128.0,272.0,1,1,1.0
155,1,934.0,453.0,117.0,280.0,1,1,1.0
155,2,812.0,474.0,130.0,273.0,1,1,1.0
156,1,931.0,456.0,123.0,278.0,1,1,1.0
156,2,810.0,477.0,128.0,272.0,1,1,1.0
157,1,929.0,458.0,126.0,277.0,1,1,1.0
157,2,809.0,479.0,127.0,270.0,1,1,1.0
158,1,929.0,459.0,128.0,276.0,1,1,1.0
158,2,809.0,481.0,128.0,270.0,1,1,1.0
159,1,930.0,459.0,128.0,275.0,1,1,1.0
159,2,808.0,483.0,129.0,271.0,1,1,1.0
160,1,931.0,461.0,126.0,279.0,1,1,1.0
160,2,807.0,487.0,132.0,280.0,1,1,1.0
161,1,930.0,464.0,125.0,290.0,1,1,1.0
161,2,804.0,492.0,136.0,288.0,1,1,1.0
162,1,931.0,469.0,123.0,302.0,1,1,1.0
162,2,803.0,498.0,138.0,293.0,1,1,1.0
163,1,931.0,476.0,124.0,308.0,1,1,1.0
163,2,802.0,504.0,140.0,296.0,1,1,1.0
164,1,932.0,483.0,122.0,309.0,1,1,1.0
164,2,803.0,510.0,139.0,296.0,1,1,1.0
165,1,930.0,488.0,123.0,307.0,1,1,1.0
165,2,803.0,514.0,137.0,293.0,1,1,1.0
166,1,929.0,492.0,123.0,304.0,1,1,1.0
166,2,801.0,517.0,138.0,291.0,1,1,1.0
167,1,927.0,494.0,124.0,302.0,1,1,1.0
167,2,800.0,519.0,138.0,288.0,1,1,1.0
168,1,927.0,495.0,124.0,301.0,1,1,1.0
168,2,798.0,522.0,139.0,285.0,1,1,1.0
169,1,929.0,496.0,125.0,299.0,1,1,1.0
169,2,798.0,526.0,140.0,295.0,1,1,1.0
170,1,928.0,498.0,127.0,301.0,1,1,1.0
170,2,798.0,531.0,141.0,302.0,1,1,1.0
171,1,928.0,502.0,130.0,314.0,1,1,1.0
171,2,797.0,538.0,144.0,307.0,1,1,1.0
172,1,928.0,508.0,130.0,323.0,1,1,1.0
172,2,794.0,545.0,147.0,315.0,1,1,1.0
173,1,927.0,516.0,132.0,328.0,1,1,1.0
173,2,791.0,551.0,149.0,319.0,1,1,1.0
174,1,926.0,524.0,135.0,333.0,1,1,1.0
174,2,789.0,557.0,149.0,319.0,1,1,1.0
175,1,925.0,531.0,138.0,331.0,1,1,1.0
175,2,787.0,560.0,149.0,317.0,1,1,1.0
176,1,924.0,535.0,142.0,328.0,1,1,1.0
176,2,786.0,563.0,146.0,314.0,1,1,1.0
177,1,924.0,538.0,146.0,326.0,1,1,1.0
177,2,786.0,567.0,147.0,311.0,1,1,1.0
178,1,924.0,539.0,146.0,325.0,1,1,1.0
178,2,785.0,570.0,149.0,309.0,1,1,1.0
179,1,924.0,540.0,146.0,323.0,1,1,1.0
179,2,783.0,575.0,153.0,322.0,1,1,1.0
180,1,924.0,543.0,144.0,325.0,1,1,1.0
180,2,782.0,582.0,155.0,328.0,1,1,1.0
181,1,926.0,547.0,142.0,340.0,1,1,1.0
181,2,781.0,590.0,158.0,336.0,1,1,1.0
182,1,926.0,554.0,141.0,348.0,1,1,1.0
182,2,782.0,598.0,160.0,343.0,1,1,1.0
183,1,926.0,563.0,139.0,356.0,1,1,1.0
183,2,782.0,605.0,160.0,346.0,1,1,1.0
184,1,925.0,572.0,140.0,364.0,1,1,1.0
184,2,782.0,611.0,162.0,344.0,1,1,1.0
185,1,925.0,581.0,140.0,363.0,1,1,1.0
185,2,782.0,617.0,160.0,340.0,1,1,1.0
186,1,926.0,587.0,142.0,359.0,1,1,1.0
186,2,782.0,622.0,158.0,336.0,1,1,1.0
187,1,924.0,591.0,145.0,355.0,1,1,1.0
187,2,779.0,625.0,157.0,331.0,1,1,1.0
188,1,924.0,594.0,148.0,352.0,1,1,1.0
188,2,777.0,631.0,157.0,343.0,1,1,1.0
189,1,923.0,595.0,150.0,350.0,1,1,1.0
189,2,775.0,637.0,159.0,356.0,1,1,1.0
190,1,923.0,599.0,154.0,351.0,1,1,1.0
190,2,774.0,645.0,163.0,362.0,1,1,1.0
191,1,924.0,605.0,157.0,368.0,1,1,1.0
191,2,774.0,654.0,167.0,371.0,1,1,1.0
192,1,920.0,615.0,157.0,379.0,1,1,1.0
192,2,768.0,663.0,177.0,378.0,1,1,1.0
193,1,919.0,627.0,163.0,384.0,1,1,1.0
193,2,764.0,671.0,188.0,376.0,1,1,1.0
194,1,919.0,638.0,167.0,393.0,1,1,1.0
194,2,761.0,677.0,195.0,372.0,1,1,1.0
195,1,921.0,646.0,171.0,393.0,1,1,1.0
195,2,762.0,682.0,197.0,367.0,1,1,1.0
196,1,915.0,656.0,172.0,388.0,1,1,1.0
196,2,756.0,689.0,188.0,361.0,1,1,1.0
197,1,915.0,660.0,175.0,385.0,1,1,1.0
197,2,755.0,694.0,185.0,356.0,1,1,1.0
198,1,916.0,664.0,178.0,381.0,1,1,1.0
198,2,749.0,702.0,185.0,369.0,1,1,1.0
199,1,919.0,669.0,178.0,377.0,1,1,1.0
199,2,746.0,712.0,189.0,367.0,1,1,1.0
200,1,922.0,672.0,176.0,377.0,1,1,1.0
200,2,747.0,720.0,192.0,361.0,1,1,1.0
201,1,918.0,680.0,171.0,391.0,1,1,1.0
201,2,740.0,732.0,194.0,350.0,1,1,1.0
202,1,919.0,690.0,170.0,389.0,1,1,1.0
202,2,739.0,743.0,196.0,339.0,1,1,1.0
203,1,918.0,701.0,170.0,380.0,1,1,1.0
203,2,736.0,750.0,199.0,331.0,1,1,1.0
204,1,917.0,715.0,170.0,367.0,1,1,1.0
204,2,735.0,759.0,199.0,322.0,1,1,1.0
205,1,915.0,727.0,171.0,355.0,1,1,1.0
205,2,729.0,767.0,201.0,314.0,1,1,1.0
206,1,912.0,737.0,174.0,344.0,1,1,1.0
206,2,723.0,774.0,201.0,306.0,1,1,1.0
207,1,910.0,746.0,177.0,336.0,1,1,1.0
207,2,720.0,783.0,201.0,297.0,1,1,1.0
208,1,909.0,752.0,182.0,329.0,1,1,1.0
208,2,717.0,793.0,202.0,287.0,1,1,1.0
209,1,906.0,756.0,188.0,324.0,1,1,1.0
209,2,712.0,804.0,207.0,276.0,1,1,1.0
210,1,906.0,764.0,193.0,316.0,1,1,1.0
210,2,711.0,817.0,210.0,262.0,1,1,1.0
211,1,901.0,775.0,198.0,305.0,1,1,1.0
211,2,705.0,830.0,214.0,249.0,1,1,1.0
212,1,898.0,788.0,206.0,292.0,1,1,1.0
212,2,701.0,842.0,214.0,237.0,1,1,1.0
213,1,896.0,804.0,213.0,275.0,1,1,1.0
213,2,700.0,853.0,213.0,226.0,1,1,1.0
214,1,893.0,819.0,217.0,260.0,1,1,1.0
214,2,696.0,862.0,212.0,217.0,1,1,1.0
215,1,887.0,833.0,222.0,246.0,1,1,1.0
215,2,688.0,870.0,213.0,208.0,1,1,1.0
216,1,885.0,847.0,235.0,233.0,1,1,1.0
216,2,683.0,881.0,213.0,198.0,1,1,1.0
217,1,884.0,857.0,244.0,222.0,1,1,1.0
217,2,678.0,892.0,218.0,187.0,1,1,1.0
218,1,885.0,864.0,236.0,215.0,1,1,1.0
218,2,673.0,905.0,220.0,173.0,1,1,1.0
219,1,884.0,872.0,228.0,207.0,1,1,1.0
219,2,667.0,922.0,220.0,157.0,1,1,1.0
220,1,883.0,881.0,220.0,198.0,1,1,1.0
220,2,661.0,939.0,228.0,140.0,1,1,1.0
221,1,883.0,893.0,213.0,186.0,1,1,1.0
222,1,885.0,910.0,205.0,169.0,1,1,1.0
222,2,661.0,971.0,211.0,109.0,1,1,1.0
223,1,887.0,929.0,196.0,150.0,1,1,1.0
223,2,663.0,985.0,187.0,95.0,1,1,1.0
224,1,883.0,949.0,184.0,130.0,1,1,1.0
224,2,657.0,998.0,156.0,82.0,1,1,1.0
225,1,883.0,968.0,174.0,111.0,1,1,1.0
225,2,657.0,1013.0,115.0,67.0,1,1,1.0
226,1,883.0,984.0,156.0,95.0,1,1,1.0
226,2,655.0,1027.0,90.0,52.0,1,1,1.0
227,1,895.0,998.0,128.0,81.0,1,1,1.0
228,1,910.0,1010.0,92.0,69.0,1,1,1.0
229,1,913.0,1023.0,83.0,55.0,1,1,1.0
231,4,1181.0,256.0,48.0,71.0,1,1,1.0
232,4,1181.0,256.0,48.0,71.0,1,1,1.0
233,4,1181.0,256.0,48.0,71.0,1,1,1.0
234,4,1181.0,256.0,48.0,71.0,1,1,1.0
235,4,1181.0,256.0,48.0,71.0,1,1,1.0
236,4,1181.0,256.0,48.0,71.0,1,1,1.0
237,4,1181.0,256.0,48.0,70.0,1,1,1.0
238,4,1181.0,256.0,48.0,71.0,1,1,1.0
239,4,1181.0,256.0,48.0,71.0,1,1,1.0
240,4,1181.0,256.0,48.0,71.0,1,1,1.0
256,4,1182.0,257.0,45.0,70.0,1,1,1.0
257,4,1181.0,257.0,45.0,70.0,1,1,1.0
258,4,1181.0,257.0,45.0,70.0,1,1,1.0
259,4,1181.0,257.0,47.0,70.0,1,1,1.0
260,4,1181.0,257.0,47.0,70.0,1,1,1.0
265,4,1180.0,256.0,49.0,70.0,1,1,1.0
266,4,1179.0,256.0,49.0,70.0,1,1,1.0
267,4,1180.0,256.0,48.0,70.0,1,1,1.0
271,4,1181.0,257.0,47.0,70.0,1,1,1.0
272,4,1181.0,257.0,47.0,70.0,1,1,1.0
274,4,1181.0,257.0,48.0,70.0,1,1,1.0
275,4,1180.0,256.0,48.0,70.0,1,1,1.0
276,4,1180.0,256.0,48.0,70.0,1,1,1.0
277,4,1181.0,256.0,48.0,71.0,1,1,1.0
278,4,1180.0,255.0,49.0,71.0,1,1,1.0
279,4,1180.0,256.0,48.0,71.0,1,1,1.0
280,4,1180.0,256.0,48.0,71.0,1,1,1.0
283,4,1182.0,256.0,46.0,71.0,1,1,1.0
284,4,1182.0,256.0,46.0,71.0,1,1,1.0
286,4,1182.0,256.0,46.0,71.0,1,1,1.0
287,4,1182.0,256.0,46.0,71.0,1,1,1.0
288,4,1182.0,256.0,46.0,71.0,1,1,1.0
289,4,1182.0,256.0,47.0,70.0,1,1,1.0
290,4,1182.0,256.0,47.0,70.0,1,1,1.0
292,4,1182.0,256.0,47.0,70.0,1,1,1.0
293,4,1182.0,256.0,47.0,70.0,1,1,1.0
294,4,1182.0,256.0,47.0,71.0,1,1,1.0
295,4,1182.0,256.0,46.0,71.0,1,1,1.0
296,4,1182.0,256.0,46.0,71.0,1,1,1.0
297,4,1183.0,256.0,46.0,71.0,1,1,1.0
298,4,1182.0,256.0,46.0,71.0,1,1,1.0
299,4,1182.0,256.0,46.0,71.0,1,1,1.0
300,4,1183.0,256.0,46.0,71.0,1,1,1.0
301,4,1182.0,256.0,44.0,71.0,1,1,1.0
302,4,1182.0,256.0,43.0,70.0,1,1,1.0
303,4,1181.0,256.0,43.0,70.0,1,1,1.0
310,4,1181.0,256.0,44.0,70.0,1,1,1.0
311,4,1181.0,256.0,44.0,70.0,1,1,1.0
312,4,1181.0,256.0,44.0,70.0,1,1,1.0
313,4,1181.0,256.0,44.0,70.0,1,1,1.0
314,4,1181.0,256.0,44.0,71.0,1,1,1.0
315,4,1182.0,256.0,44.0,71.0,1,1,1.0
316,4,1182.0,256.0,44.0,71.0,1,1,1.0
317,4,1182.0,256.0,45.0,71.0,1,1,1.0
318,4,1182.0,256.0,45.0,71.0,1,1,1.0
319,4,1182.0,256.0,46.0,71.0,1,1,1.0
320,4,1182.0,256.0,45.0,71.0,1,1,1.0
321,4,1182.0,256.0,45.0,71.0,1,1,1.0
322,4,1182.0,256.0,45.0,71.0,1,1,1.0
323,4,1182.0,256.0,45.0,71.0,1,1,1.0
324,4,1182.0,256.0,45.0,71.0,1,1,1.0
325,4,1183.0,256.0,45.0,71.0,1,1,1.0
326,4,1183.0,256.0,45.0,71.0,1,1,1.0
327,4,1183.0,256.0,45.0,71.0,1,1,1.0
328,4,1183.0,256.0,45.0,71.0,1,1,1.0
329,4,1183.0,256.0,45.0,71.0,1,1,1.0
330,4,1183.0,257.0,46.0,71.0,1,1,1.0
331,4,1182.0,256.0,47.0,71.0,1,1,1.0
332,4,1181.0,256.0,48.0,71.0,1,1,1.0
333,4,1181.0,256.0,48.0,70.0,1,1,1.0
334,4,1182.0,257.0,47.0,70.0,1,1,1.0
335,4,1182.0,257.0,47.0,70.0,1,1,1.0
336,4,1182.0,257.0,47.0,70.0,1,1,1.0
337,4,1181.0,257.0,47.0,71.0,1,1,1.0
338,4,1181.0,256.0,47.0,70.0,1,1,1.0
339,4,1182.0,257.0,47.0,71.0,1,1,1.0
340,4,1181.0,257.0,47.0,71.0,1,1,1.0
345,4,1180.0,256.0,47.0,70.0,1,1,1.0
346,4,1179.0,256.0,46.0,70.0,1,1,1.0
347,4,1179.0,256.0,45.0,70.0,1,1,1.0
348,4,1181.0,256.0,43.0,70.0,1,1,1.0
349,4,1181.0,256.0,43.0,70.0,1,1,1.0
350,4,1181.0,256.0,42.0,70.0,1,1,1.0
351,4,1182.0,256.0,43.0,70.0,1,1,1.0
352,4,1182.0,256.0,44.0,71.0,1,1,1.0
353,4,1182.0,256.0,45.0,71.0,1,1,1.0
354,4,1182.0,256.0,45.0,71.0,1,1,1.0
355,4,1181.0,256.0,45.0,71.0,1,1,1.0
356,4,1182.0,257.0,45.0,70.0,1,1,1.0
357,4,1182.0,257.0,47.0,70.0,1,1,1.0
358,4,1182.0,257.0,47.0,70.0,1,1,1.0
359,4,1182.0,257.0,47.0,70.0,1,1,1.0
360,4,1181.0,257.0,47.0,70.0,1,1,1.0
361,4,1182.0,257.0,45.0,70.0,1,1,1.0
362,4,1182.0,257.0,46.0,70.0,1,1,1.0
363,4,1180.0,256.0,47.0,70.0,1,1,1.0
364,4,1181.0,257.0,47.0,70.0,1,1,1.0
365,4,1182.0,257.0,47.0,70.0,1,1,1.0
366,4,1182.0,257.0,47.0,70.0,1,1,1.0
367,4,1182.0,257.0,46.0,71.0,1,1,1.0
368,4,1182.0,257.0,46.0,71.0,1,1,1.0
369,4,1182.0,257.0,45.0,71.0,1,1,1.0
370,4,1182.0,257.0,45.0,71.0,1,1,1.0
371,4,1182.0,257.0,46.0,71.0,1,1,1.0
372,4,1182.0,257.0,46.0,71.0,1,1,1.0
373,4,1182.0,257.0,46.0,71.0,1,1,1.0
374,4,1182.0,257.0,46.0,71.0,1,1,1.0
377,4,1181.0,256.0,48.0,71.0,1,1,1.0
378,4,1182.0,256.0,47.0,71.0,1,1,1.0
379,4,1183.0,255.0,47.0,72.0,1,1,1.0
380,4,1180.0,256.0,49.0,71.0,1,1,1.0
383,4,1182.0,256.0,48.0,72.0,1,1,1.0
385,4,1181.0,256.0,44.0,70.0,1,1,1.0
386,4,1181.0,257.0,44.0,70.0,1,1,1.0
387,4,1179.0,256.0,45.0,70.0,1,1,1.0
388,4,1181.0,257.0,45.0,70.0,1,1,1.0
389,4,1181.0,257.0,45.0,70.0,1,1,1.0
390,4,1179.0,256.0,45.0,71.0,1,1,1.0
391,4,1181.0,257.0,45.0,70.0,1,1,1.0
392,4,1181.0,257.0,45.0,71.0,1,1,1.0
393,4,1179.0,253.0,48.0,71.0,1,1,1.0
394,4,1182.0,258.0,45.0,71.0,1,1,1.0
395,4,1181.0,256.0,45.0,70.0,1,1,1.0
396,4,1181.0,256.0,45.0,70.0,1,1,1.0
399,4,1181.0,256.0,45.0,70.0,1,1,1.0
400,4,1181.0,256.0,46.0,70.0,1,1,1.0
402,4,1182.0,257.0,45.0,70.0,1,1,1.0
404,4,1181.0,257.0,46.0,69.0,1,1,1.0
407,4,1181.0,257.0,46.0,69.0,1,1,1.0
408,4,1181.0,257.0,46.0,69.0,1,1,1.0
409,4,1181.0,257.0,47.0,70.0,1,1,1.0
410,4,1181.0,256.0,47.0,70.0,1,1,1.0
421,4,1182.0,257.0,47.0,70.0,1,1,1.0
424,5,0.0,489.0,54.0,206.0,1,1,1.0
425,5,0.0,487.0,56.0,206.0,1,1,1.0
426,5,0.0,486.0,57.0,205.0,1,1,1.0
427,5,0.0,482.0,56.0,205.0,1,1,1.0
428,5,0.0,480.0,56.0,202.0,1,1,1.0
429,5,0.0,478.0,56.0,200.0,1,1,1.0
430,5,1.0,475.0,55.0,201.0,1,1,1.0
431,5,9.0,475.0,55.0,202.0,1,1,1.0
432,5,14.0,473.0,66.0,202.0,1,1,1.0
433,5,16.0,471.0,78.0,204.0,1,1,1.0
434,5,23.0,471.0,83.0,204.0,1,1,1.0
435,5,26.0,469.0,87.0,205.0,1,1,1.0
436,5,26.0,466.0,89.0,207.0,1,1,1.0
437,5,33.0,464.0,84.0,207.0,1,1,1.0
438,5,45.0,460.0,71.0,197.0,1,1,1.0
438,6,0.0,452.0,65.0,211.0,1,1,1.0
439,5,51.0,457.0,65.0,197.0,1,1,1.0
439,6,2.0,448.0,64.0,198.0,1,1,1.0
440,5,60.0,456.0,58.0,197.0,1,1,1.0
440,6,18.0,446.0,55.0,193.0,1,1,1.0
441,5,66.0,454.0,61.0,196.0,1,1,1.0
441,6,27.0,441.0,47.0,197.0,1,1,1.0
442,5,73.0,452.0,70.0,197.0,1,1,1.0
442,6,33.0,438.0,50.0,200.0,1,1,1.0
443,5,79.0,453.0,82.0,197.0,1,1,1.0
443,6,39.0,437.0,46.0,202.0,1,1,1.0
444,5,83.0,451.0,88.0,197.0,1,1,1.0
444,6,38.0,437.0,51.0,203.0,1,1,1.0
445,5,87.0,449.0,89.0,197.0,1,1,1.0
446,5,91.0,448.0,87.0,197.0,1,1,1.0
446,6,48.0,434.0,55.0,202.0,1,1,1.0
447,5,100.0,445.0,79.0,195.0,1,1,1.0
447,6,57.0,432.0,55.0,201.0,1,1,1.0
448,5,107.0,443.0,71.0,194.0,1,1,1.0
448,6,66.0,431.0,52.0,196.0,1,1,1.0
449,5,117.0,442.0,63.0,196.0,1,1,1.0
449,6,81.0,429.0,48.0,189.0,1,1,1.0
450,5,123.0,439.0,58.0,197.0,1,1,1.0
450,6,89.0,427.0,47.0,187.0,1,1,1.0
451,5,127.0,438.0,69.0,198.0,1,1,1.0
451,6,97.0,425.0,50.0,186.0,1,1,1.0
452,5,136.0,438.0,80.0,198.0,1,1,1.0
453,5,131.0,438.0,102.0,198.0,1,1,1.0
454,5,139.0,437.0,104.0,199.0,1,1,1.0
455,5,145.0,436.0,104.0,200.0,1,1,1.0
456,5,153.0,433.0,99.0,201.0,1,1,1.0
457,5,160.0,431.0,94.0,200.0,1,1,1.0
458,5,169.0,428.0,84.0,200.0,1,1,1.0
458,6,148.0,408.0,46.0,183.0,1,1,1.0
459,5,181.0,424.0,71.0,201.0,1,1,1.0
459,6,162.0,405.0,40.0,188.0,1,1,1.0
460,5,190.0,423.0,67.0,199.0,1,1,1.0
460,6,173.0,403.0,41.0,193.0,1,1,1.0
461,5,201.0,421.0,72.0,199.0,1,1,1.0
462,5,211.0,420.0,84.0,198.0,1,1,1.0
463,5,218.0,421.0,93.0,197.0,1,1,1.0
464,5,220.0,420.0,99.0,196.0,1,1,1.0
465,5,225.0,419.0,99.0,196.0,1,1,1.0
466,5,234.0,417.0,92.0,196.0,1,1,1.0
467,5,247.0,415.0,79.0,196.0,1,1,1.0
469,5,256.0,410.0,71.0,199.0,1,1,1.0
470,5,271.0,409.0,65.0,201.0,1,1,1.0
472,5,286.0,408.0,93.0,201.0,1,1,1.0
473,5,289.0,407.0,104.0,202.0,1,1,1.0
478,5,336.0,398.0,71.0,197.0,1,1,1.0
478,6,323.0,377.0,42.0,190.0,1,1,1.0
479,5,348.0,397.0,62.0,194.0,1,1,1.0
480,5,360.0,394.0,71.0,196.0,1,1,1.0
481,5,367.0,392.0,88.0,197.0,1,1,1.0
482,5,372.0,392.0,99.0,196.0,1,1,1.0
483,5,374.0,392.0,105.0,195.0,1,1,1.0
483,6,350.0,373.0,55.0,195.0,1,1,1.0
484,5,378.0,391.0,107.0,195.0,1,1,1.0
486,5,400.0,385.0,87.0,193.0,1,1,1.0
487,5,416.0,383.0,70.0,193.0,1,1,1.0
488,5,427.0,381.0,64.0,194.0,1,1,1.0
488,6,405.0,362.0,40.0,188.0,1,1,1.0
489,5,438.0,378.0,63.0,197.0,1,1,1.0
490,5,447.0,377.0,75.0,198.0,1,1,1.0
490,6,420.0,358.0,65.0,192.0,1,1,1.0
491,5,451.0,376.0,89.0,198.0,1,1,1.0
492,5,453.0,377.0,99.0,197.0,1,1,1.0
493,5,457.0,378.0,103.0,196.0,1,1,1.0
498,6,518.0,370.0,54.0,186.0,1,1,1.0
498,7,481.0,350.0,48.0,189.0,1,1,1.0
499,5,521.0,371.0,78.0,184.0,1,1,1.0
499,7,488.0,349.0,47.0,189.0,1,1,1.0
500,5,527.0,370.0,91.0,184.0,1,1,1.0
501,5,525.0,370.0,104.0,184.0,1,1,1.0
502,5,527.0,370.0,109.0,183.0,1,1,1.0
502,7,498.0,350.0,59.0,190.0,1,1,1.0
503,5,534.0,368.0,105.0,183.0,1,1,1.0
503,7,501.0,350.0,65.0,189.0,1,1,1.0
505,5,557.0,364.0,84.0,180.0,1,1,1.0
505,7,512.0,347.0,71.0,190.0,1,1,1.0
506,5,574.0,361.0,66.0,181.0,1,1,1.0
506,7,524.0,344.0,66.0,190.0,1,1,1.0
507,5,579.0,359.0,64.0,182.0,1,1,1.0
507,7,539.0,341.0,63.0,188.0,1,1,1.0
508,5,595.0,358.0,57.0,184.0,1,1,1.0
508,7,554.0,338.0,52.0,186.0,1,1,1.0
509,5,604.0,357.0,67.0,184.0,1,1,1.0
509,7,562.0,336.0,48.0,187.0,1,1,1.0
510,5,607.0,357.0,82.0,184.0,1,1,1.0
510,7,569.0,334.0,59.0,187.0,1,1,1.0
511,5,610.0,356.0,91.0,184.0,1,1,1.0
511,7,575.0,334.0,73.0,187.0,1,1,1.0
512,5,613.0,356.0,94.0,184.0,1,1,1.0
513,5,627.0,354.0,84.0,177.0,1,1,1.0
513,7,580.0,335.0,68.0,185.0,1,1,1.0
514,5,636.0,352.0,80.0,178.0,1,1,1.0
514,7,580.0,335.0,76.0,185.0,1,1,1.0
515,5,648.0,350.0,71.0,179.0,1,1,1.0
515,7,583.0,334.0,82.0,185.0,1,1,1.0
516,5,656.0,348.0,65.0,178.0,1,1,1.0
516,7,592.0,332.0,81.0,182.0,1,1,1.0
517,5,667.0,346.0,60.0,179.0,1,1,1.0
517,7,605.0,330.0,72.0,179.0,1,1,1.0
518,5,675.0,345.0,70.0,178.0,1,1,1.0
518,7,620.0,327.0,62.0,180.0,1,1,1.0
519,5,679.0,345.0,84.0,177.0,1,1,1.0
519,7,633.0,325.0,53.0,181.0,1,1,1.0
520,5,682.0,345.0,94.0,177.0,1,1,1.0
520,7,640.0,325.0,53.0,181.0,1,1,1.0
521,5,685.0,344.0,98.0,177.0,1,1,1.0
521,7,641.0,325.0,61.0,181.0,1,1,1.0
522,5,689.0,343.0,97.0,176.0,1,1,1.0
522,7,641.0,325.0,71.0,181.0,1,1,1.0
523,5,699.0,342.0,88.0,175.0,1,1,1.0
523,7,642.0,326.0,78.0,180.0,1,1,1.0
524,5,713.0,341.0,80.0,174.0,1,1,1.0
524,7,646.0,326.0,83.0,181.0,1,1,1.0
525,5,726.0,339.0,76.0,175.0,1,1,1.0
525,7,653.0,325.0,82.0,180.0,1,1,1.0
526,5,739.0,336.0,69.0,177.0,1,1,1.0
526,7,665.0,324.0,77.0,179.0,1,1,1.0
527,5,746.0,334.0,66.0,179.0,1,1,1.0
527,7,681.0,322.0,68.0,176.0,1,1,1.0
528,5,751.0,334.0,72.0,179.0,1,1,1.0
528,7,696.0,320.0,60.0,173.0,1,1,1.0
529,5,754.0,334.0,83.0,179.0,1,1,1.0
529,7,705.0,319.0,57.0,173.0,1,1,1.0
530,5,757.0,334.0,88.0,179.0,1,1,1.0
530,7,712.0,318.0,60.0,173.0,1,1,1.0
531,5,761.0,333.0,91.0,177.0,1,1,1.0
531,7,715.0,317.0,66.0,174.0,1,1,1.0
532,5,770.0,333.0,87.0,174.0,1,1,1.0
532,7,718.0,316.0,71.0,174.0,1,1,1.0
533,5,780.0,331.0,80.0,172.0,1,1,1.0
533,7,720.0,315.0,78.0,175.0,1,1,1.0
534,5,787.0,328.0,74.0,174.0,1,1,1.0
534,7,722.0,314.0,82.0,172.0,1,1,1.0
535,5,798.0,325.0,63.0,176.0,1,1,1.0
535,7,729.0,313.0,83.0,171.0,1,1,1.0
536,5,808.0,323.0,60.0,176.0,1,1,1.0
536,7,740.0,311.0,77.0,170.0,1,1,1.0
537,5,809.0,323.0,76.0,175.0,1,1,1.0
537,7,754.0,308.0,66.0,172.0,1,1,1.0
538,5,817.0,323.0,84.0,174.0,1,1,1.0
538,7,769.0,306.0,56.0,173.0,1,1,1.0
539,5,819.0,325.0,92.0,172.0,1,1,1.0
539,7,778.0,305.0,54.0,174.0,1,1,1.0
540,5,822.0,326.0,95.0,170.0,1,1,1.0
540,7,780.0,305.0,61.0,175.0,1,1,1.0
541,5,827.0,324.0,92.0,170.0,1,1,1.0
541,7,781.0,306.0,67.0,174.0,1,1,1.0
542,5,835.0,322.0,84.0,171.0,1,1,1.0
542,7,782.0,307.0,74.0,173.0,1,1,1.0
543,5,847.0,319.0,73.0,171.0,1,1,1.0
543,7,786.0,308.0,78.0,174.0,1,1,1.0
544,5,860.0,319.0,62.0,170.0,1,1,1.0
544,7,792.0,307.0,76.0,173.0,1,1,1.0
545,5,874.0,318.0,65.0,171.0,1,1,1.0
545,7,812.0,304.0,64.0,170.0,1,1,1.0
546,5,883.0,317.0,69.0,170.0,1,1,1.0
546,7,830.0,301.0,53.0,170.0,1,1,1.0
547,5,888.0,317.0,75.0,170.0,1,1,1.0
547,7,840.0,298.0,49.0,171.0,1,1,1.0
548,5,888.0,317.0,84.0,169.0,1,1,1.0
548,7,845.0,297.0,53.0,171.0,1,1,1.0
549,5,893.0,317.0,86.0,169.0,1,1,1.0
549,7,849.0,297.0,57.0,172.0,1,1,1.0
550,5,900.0,316.0,85.0,167.0,1,1,1.0
550,7,852.0,298.0,67.0,170.0,1,1,1.0
551,5,911.0,314.0,75.0,164.0,1,1,1.0
551,7,852.0,299.0,74.0,174.0,1,1,1.0
552,5,923.0,312.0,65.0,164.0,1,1,1.0
552,7,853.0,299.0,79.0,169.0,1,1,1.0
553,5,931.0,310.0,61.0,163.0,1,1,1.0
553,7,857.0,299.0,81.0,166.0,1,1,1.0
554,5,939.0,309.0,58.0,164.0,1,1,1.0
554,7,866.0,298.0,77.0,164.0,1,1,1.0
555,5,945.0,308.0,59.0,163.0,1,1,1.0
555,7,877.0,296.0,69.0,164.0,1,1,1.0
556,5,947.0,308.0,72.0,162.0,1,1,1.0
556,7,890.0,294.0,63.0,166.0,1,1,1.0
557,5,949.0,308.0,81.0,162.0,1,1,1.0
557,7,898.0,292.0,59.0,168.0,1,1,1.0
558,5,951.0,309.0,86.0,161.0,1,1,1.0
558,7,901.0,292.0,59.0,168.0,1,1,1.0
559,5,954.0,309.0,86.0,158.0,1,1,1.0
559,7,901.0,292.0,66.0,169.0,1,1,1.0
560,5,964.0,308.0,76.0,158.0,1,1,1.0
560,7,901.0,293.0,74.0,172.0,1,1,1.0
561,5,973.0,307.0,69.0,159.0,1,1,1.0
561,7,903.0,294.0,80.0,168.0,1,1,1.0
562,5,983.0,306.0,63.0,160.0,1,1,1.0
562,7,907.0,295.0,83.0,165.0,1,1,1.0
563,5,990.0,304.0,66.0,161.0,1,1,1.0
563,7,915.0,295.0,80.0,164.0,1,1,1.0
564,5,994.0,304.0,73.0,162.0,1,1,1.0
564,7,926.0,293.0,71.0,164.0,1,1,1.0
565,5,997.0,303.0,81.0,162.0,1,1,1.0
565,7,939.0,291.0,66.0,162.0,1,1,1.0
566,5,1001.0,304.0,86.0,161.0,1,1,1.0
566,7,951.0,289.0,56.0,163.0,1,1,1.0
567,5,1008.0,304.0,87.0,162.0,1,1,1.0
567,7,961.0,287.0,53.0,164.0,1,1,1.0
568,5,1014.0,304.0,87.0,160.0,1,1,1.0
568,7,967.0,286.0,54.0,164.0,1,1,1.0
569,5,1019.0,304.0,86.0,157.0,1,1,1.0
569,7,971.0,286.0,57.0,164.0,1,1,1.0
570,5,1024.0,303.0,86.0,155.0,1,1,1.0
570,7,973.0,286.0,65.0,163.0,1,1,1.0
571,5,1032.0,301.0,78.0,155.0,1,1,1.0
571,7,973.0,288.0,76.0,161.0,1,1,1.0
572,5,1043.0,299.0,67.0,158.0,1,1,1.0
572,7,974.0,289.0,78.0,159.0,1,1,1.0
573,5,1053.0,298.0,60.0,158.0,1,1,1.0
573,7,976.0,288.0,82.0,160.0,1,1,1.0
574,5,1057.0,298.0,63.0,158.0,1,1,1.0
574,7,981.0,288.0,80.0,159.0,1,1,1.0
575,5,1060.0,299.0,73.0,157.0,1,1,1.0
575,7,990.0,288.0,77.0,156.0,1,1,1.0
576,5,1064.0,300.0,78.0,156.0,1,1,1.0
576,7,1002.0,287.0,69.0,157.0,1,1,1.0
577,5,1068.0,301.0,79.0,155.0,1,1,1.0
577,7,1015.0,286.0,60.0,158.0,1,1,1.0
578,5,1072.0,301.0,76.0,154.0,1,1,1.0
578,7,1020.0,284.0,61.0,159.0,1,1,1.0
579,5,1078.0,301.0,71.0,153.0,1,1,1.0
579,7,1021.0,285.0,67.0,158.0,1,1,1.0
580,5,1085.0,300.0,67.0,151.0,1,1,1.0
580,7,1021.0,285.0,71.0,158.0,1,1,1.0
581,5,1093.0,298.0,65.0,153.0,1,1,1.0
581,7,1023.0,286.0,77.0,157.0,1,1,1.0
582,5,1103.0,297.0,64.0,153.0,1,1,1.0
582,7,1028.0,287.0,79.0,155.0,1,1,1.0
583,5,1109.0,296.0,68.0,154.0,1,1,1.0
583,7,1034.0,287.0,79.0,155.0,1,1,1.0
584,5,1117.0,297.0,68.0,154.0,1,1,1.0
584,7,1043.0,287.0,76.0,153.0,1,1,1.0
585,5,1120.0,297.0,71.0,153.0,1,1,1.0
585,7,1056.0,285.0,65.0,153.0,1,1,1.0
586,5,1125.0,297.0,74.0,153.0,1,1,1.0
586,7,1070.0,283.0,56.0,154.0,1,1,1.0
587,5,1126.0,298.0,80.0,152.0,1,1,1.0
587,7,1078.0,280.0,55.0,156.0,1,1,1.0
588,5,1131.0,297.0,79.0,151.0,1,1,1.0
588,7,1083.0,280.0,57.0,156.0,1,1,1.0
589,5,1139.0,296.0,75.0,149.0,1,1,1.0
589,7,1086.0,280.0,58.0,156.0,1,1,1.0
590,5,1145.0,294.0,69.0,148.0,1,1,1.0
590,7,1088.0,281.0,65.0,154.0,1,1,1.0
591,5,1155.0,294.0,60.0,149.0,1,1,1.0
591,7,1090.0,283.0,71.0,152.0,1,1,1.0
592,5,1160.0,293.0,58.0,150.0,1,1,1.0
592,7,1091.0,284.0,75.0,150.0,1,1,1.0
593,5,1165.0,290.0,57.0,151.0,1,1,1.0
593,7,1096.0,284.0,74.0,148.0,1,1,1.0
594,5,1169.0,289.0,64.0,152.0,1,1,1.0
594,7,1104.0,284.0,69.0,147.0,1,1,1.0
595,5,1171.0,290.0,71.0,152.0,1,1,1.0
595,7,1114.0,282.0,65.0,149.0,1,1,1.0
596,5,1172.0,292.0,73.0,150.0,1,1,1.0
596,7,1126.0,280.0,57.0,150.0,1,1,1.0
597,5,1174.0,294.0,71.0,146.0,1,1,1.0
597,7,1130.0,278.0,55.0,152.0,1,1,1.0
598,5,1180.0,293.0,70.0,147.0,1,1,1.0
598,7,1130.0,277.0,59.0,152.0,1,1,1.0
599,5,1186.0,292.0,68.0,147.0,1,1,1.0
599,7,1130.0,278.0,65.0,152.0,1,1,1.0
600,5,1196.0,292.0,61.0,147.0,1,1,1.0
600,7,1132.0,280.0,70.0,150.0,1,1,1.0
601,5,1208.0,291.0,55.0,146.0,1,1,1.0
601,7,1135.0,281.0,72.0,149.0,1,1,1.0
602,5,1215.0,290.0,56.0,148.0,1,1,1.0
602,7,1138.0,281.0,76.0,148.0,1,1,1.0
603,5,1214.0,290.0,65.0,148.0,1,1,1.0
603,7,1145.0,281.0,73.0,146.0,1,1,1.0
604,5,1221.0,290.0,65.0,148.0,1,1,1.0
604,7,1156.0,280.0,65.0,145.0,1,1,1.0
605,5,1224.0,291.0,71.0,147.0,1,1,1.0
605,7,1168.0,278.0,54.0,146.0,1,1,1.0
606,5,1226.0,291.0,75.0,147.0,1,1,1.0
606,7,1177.0,277.0,51.0,146.0,1,1,1.0
607,5,1229.0,291.0,76.0,147.0,1,1,1.0
607,7,1180.0,275.0,50.0,147.0,1,1,1.0
608,5,1235.0,291.0,70.0,143.0,1,1,1.0
608,7,1183.0,273.0,54.0,150.0,1,1,1.0
609,5,1244.0,290.0,62.0,142.0,1,1,1.0
609,7,1184.0,273.0,61.0,150.0,1,1,1.0
610,5,1247.0,288.0,58.0,142.0,1,1,1.0
610,7,1184.0,276.0,64.0,146.0,1,1,1.0
611,5,1256.0,288.0,52.0,143.0,1,1,1.0
611,7,1186.0,278.0,70.0,143.0,1,1,1.0
612,5,1260.0,287.0,50.0,143.0,1,1,1.0
612,7,1189.0,278.0,70.0,142.0,1,1,1.0
613,5,1263.0,287.0,54.0,143.0,1,1,1.0
613,7,1194.0,276.0,70.0,141.0,1,1,1.0
614,5,1264.0,289.0,62.0,141.0,1,1,1.0
614,7,1203.0,275.0,65.0,142.0,1,1,1.0
615,5,1266.0,289.0,63.0,139.0,1,1,1.0
615,7,1211.0,274.0,59.0,144.0,1,1,1.0
616,5,1268.0,289.0,63.0,138.0,1,1,1.0
616,7,1214.0,272.0,56.0,145.0,1,1,1.0
617,5,1271.0,289.0,64.0,139.0,1,1,1.0
617,7,1216.0,273.0,60.0,144.0,1,1,1.0
618,5,1275.0,288.0,61.0,138.0,1,1,1.0
618,7,1216.0,274.0,63.0,143.0,1,1,1.0
619,5,1282.0,287.0,59.0,138.0,1,1,1.0
619,7,1215.0,274.0,70.0,143.0,1,1,1.0
620,5,1289.0,287.0,58.0,138.0,1,1,1.0
620,7,1218.0,275.0,74.0,142.0,1,1,1.0
621,5,1292.0,285.0,61.0,139.0,1,1,1.0
621,7,1222.0,275.0,69.0,141.0,1,1,1.0
622,5,1297.0,286.0,65.0,139.0,1,1,1.0
622,7,1228.0,275.0,69.0,141.0,1,1,1.0
623,5,1303.0,286.0,65.0,139.0,1,1,1.0
623,7,1239.0,274.0,63.0,139.0,1,1,1.0
624,5,1306.0,287.0,66.0,139.0,1,1,1.0
624,7,1248.0,273.0,55.0,139.0,1,1,1.0
625,5,1310.0,287.0,66.0,138.0,1,1,1.0
625,7,1257.0,272.0,52.0,140.0,1,1,1.0
626,5,1314.0,287.0,65.0,138.0,1,1,1.0
626,7,1262.0,271.0,50.0,140.0,1,1,1.0
627,5,1317.0,286.0,63.0,136.0,1,1,1.0
627,7,1264.0,270.0,52.0,141.0,1,1,1.0
628,5,1319.0,285.0,63.0,133.0,1,1,1.0
628,7,1265.0,269.0,57.0,141.0,1,1,1.0
629,5,1325.0,285.0,59.0,133.0,1,1,1.0
629,7,1266.0,266.0,63.0,144.0,1,1,1.0
630,5,1330.0,284.0,55.0,134.0,1,1,1.0
630,7,1267.0,269.0,66.0,141.0,1,1,1.0
631,5,1333.0,284.0,52.0,134.0,1,1,1.0
631,7,1268.0,272.0,68.0,138.0,1,1,1.0
632,5,1335.0,284.0,53.0,133.0,1,1,1.0
632,7,1274.0,272.0,66.0,136.0,1,1,1.0
633,5,1337.0,284.0,57.0,132.0,1,1,1.0
633,7,1281.0,271.0,63.0,137.0,1,1,1.0
634,5,1339.0,285.0,58.0,131.0,1,1,1.0
634,7,1289.0,271.0,56.0,137.0,1,1,1.0
635,5,1341.0,286.0,58.0,130.0,1,1,1.0
635,7,1297.0,270.0,51.0,138.0,1,1,1.0
636,5,1344.0,288.0,57.0,127.0,1,1,1.0
636,7,1299.0,269.0,51.0,138.0,1,1,1.0
637,5,1348.0,287.0,57.0,127.0,1,1,1.0
637,7,1300.0,270.0,55.0,137.0,1,1,1.0
638,5,1353.0,284.0,56.0,128.0,1,1,1.0
638,7,1301.0,270.0,56.0,136.0,1,1,1.0
639,5,1360.0,283.0,53.0,129.0,1,1,1.0
639,7,1301.0,270.0,63.0,136.0,1,1,1.0
640,5,1365.0,283.0,54.0,129.0,1,1,1.0
640,7,1304.0,270.0,65.0,136.0,1,1,1.0
