1,1,1282.0,370.0,221.0,513.0,1,1,1.0
2,1,1283.0,363.0,213.0,497.0,1,1,1.0
3,1,1287.0,354.0,204.0,478.0,1,1,1.0
4,1,1290.0,344.0,193.0,463.0,1,1,1.0
5,1,1293.0,336.0,185.0,463.0,1,1,1.0
6,1,1294.0,330.0,179.0,468.0,1,1,1.0
7,1,1294.0,328.0,173.0,471.0,1,1,1.0
8,1,1292.0,327.0,167.0,472.0,1,1,1.0
9,1,1291.0,326.0,161.0,473.0,1,1,1.0
10,1,1288.0,324.0,158.0,474.0,1,1,1.0
11,1,1282.0,319.0,159.0,463.0,1,1,1.0
12,1,1275.0,312.0,161.0,457.0,1,1,1.0
13,1,1267.0,305.0,166.0,441.0,1,1,1.0
14,1,1262.0,295.0,170.0,424.0,1,1,1.0
15,1,1255.0,287.0,176.0,421.0,1,1,1.0
16,1,1249.0,281.0,182.0,424.0,1,1,1.0
17,1,1244.0,277.0,187.0,427.0,1,1,1.0
18,1,1240.0,275.0,189.0,429.0,1,1,1.0
19,1,1235.0,275.0,192.0,429.0,1,1,1.0
20,1,1232.0,274.0,192.0,428.0,1,1,1.0
21,1,1231.0,272.0,189.0,419.0,1,1,1.0
22,1,1231.0,267.0,185.0,414.0,1,1,1.0
23,1,1234.0,261.0,177.0,401.0,1,1,1.0
24,1,1240.0,254.0,166.0,388.0,1,1,1.0
25,1,1245.0,248.0,156.0,386.0,1,1,1.0
26,1,1248.0,242.0,148.0,386.0,1,1,1.0
27,1,1251.0,239.0,141.0,388.0,1,1,1.0
28,1,1251.0,238.0,135.0,388.0,1,1,1.0
29,1,1249.0,239.0,133.0,387.0,1,1,1.0
30,1,1246.0,239.0,130.0,386.0,1,1,1.0
31,1,1241.0,238.0,129.0,380.0,1,1,1.0
32,1,1233.0,235.0,132.0,376.0,1,1,1.0
33,1,1225.0,230.0,137.0,368.0,1,1,1.0
34,1,1218.0,224.0,143.0,357.0,1,1,1.0
35,1,1212.0,218.0,148.0,349.0,1,1,1.0
36,1,1209.0,212.0,151.0,350.0,1,1,1.0
37,1,1206.0,208.0,153.0,352.0,1,1,1.0
38,1,1202.0,206.0,155.0,354.0,1,1,1.0
39,1,1199.0,205.0,156.0,355.0,1,1,1.0
40,1,1196.0,205.0,157.0,354.0,1,1,1.0
41,1,1195.0,205.0,155.0,353.0,1,1,1.0
42,1,1196.0,203.0,152.0,348.0,1,1,1.0
43,1,1196.0,199.0,147.0,342.0,1,1,1.0
44,1,1197.0,195.0,141.0,331.0,1,1,1.0
45,1,1199.0,190.0,134.0,322.0,1,1,1.0
46,1,1201.0,185.0,129.0,323.0,1,1,1.0
47,1,1201.0,182.0,124.0,322.0,1,1,1.0
48,1,1201.0,180.0,120.0,323.0,1,1,1.0
49,1,1200.0,180.0,117.0,323.0,1,1,1.0
50,1,1198.0,181.0,113.0,322.0,1,1,1.0
51,1,1196.0,182.0,111.0,321.0,1,1,1.0
52,1,1190.0,181.0,111.0,316.0,1,1,1.0
53,1,1185.0,178.0,112.0,315.0,1,1,1.0
54,1,1178.0,175.0,116.0,307.0,1,1,1.0
55,1,1171.0,170.0,121.0,298.0,1,1,1.0
56,1,1167.0,165.0,125.0,297.0,1,1,1.0
57,1,1164.0,162.0,127.0,298.0,1,1,1.0
58,1,1160.0,159.0,129.0,300.0,1,1,1.0
59,1,1156.0,159.0,130.0,300.0,1,1,1.0
60,1,1154.0,159.0,130.0,300.0,1,1,1.0
61,1,1152.0,160.0,129.0,299.0,1,1,1.0
62,1,1151.0,160.0,127.0,295.0,1,1,1.0
63,1,1150.0,159.0,123.0,293.0,1,1,1.0
64,1,1150.0,155.0,119.0,289.0,1,1,1.0
65,1,1150.0,151.0,115.0,281.0,1,1,1.0
66,1,1150.0,146.0,110.0,277.0,1,1,1.0
67,1,1149.0,143.0,106.0,278.0,1,1,1.0
68,1,1149.0,141.0,102.0,278.0,1,1,1.0
69,1,1148.0,140.0,99.0,278.0,1,1,1.0
70,1,1143.0,141.0,99.0,277.0,1,1,1.0
71,1,1138.0,142.0,99.0,276.0,1,1,1.0
72,1,1138.0,142.0,95.0,276.0,1,1,1.0
73,1,1136.0,141.0,92.0,273.0,1,1,1.0
74,1,1130.0,139.0,94.0,270.0,1,1,1.0
75,1,1124.0,136.0,97.0,258.0,1,1,1.0
76,1,1117.0,133.0,101.0,256.0,1,1,1.0
77,1,1111.0,129.0,107.0,257.0,1,1,1.0
78,1,1106.0,126.0,111.0,260.0,1,1,1.0
79,1,1102.0,124.0,114.0,261.0,1,1,1.0
80,1,1098.0,124.0,116.0,262.0,1,1,1.0
81,1,1095.0,124.0,117.0,262.0,1,1,1.0
82,1,1093.0,125.0,117.0,260.0,1,1,1.0
83,1,1092.0,126.0,116.0,257.0,1,1,1.0
84,1,1091.0,125.0,112.0,255.0,1,1,1.0
85,1,1091.0,122.0,107.0,251.0,1,1,1.0
86,1,1091.0,119.0,102.0,244.0,1,1,1.0
87,1,1091.0,116.0,98.0,242.0,1,1,1.0
88,1,1091.0,113.0,95.0,243.0,1,1,1.0
89,1,1092.0,112.0,92.0,244.0,1,1,1.0
90,1,1092.0,111.0,89.0,244.0,1,1,1.0
91,1,1092.0,112.0,87.0,243.0,1,1,1.0
92,1,1092.0,113.0,85.0,242.0,1,1,1.0
93,1,1090.0,114.0,84.0,241.0,1,1,1.0
94,1,1087.0,113.0,84.0,239.0,1,1,1.0
95,1,1082.0,112.0,85.0,237.0,1,1,1.0
96,1,1077.0,109.0,89.0,232.0,1,1,1.0
97,1,1072.0,106.0,94.0,227.0,1,1,1.0
98,1,1068.0,103.0,99.0,227.0,1,1,1.0
99,1,1067.0,100.0,101.0,228.0,1,1,1.0
100,1,1066.0,99.0,102.0,230.0,1,1,1.0
101,1,1065.0,98.0,102.0,231.0,1,1,1.0
102,1,1065.0,98.0,101.0,231.0,1,1,1.0
103,1,1065.0,99.0,99.0,230.0,1,1,1.0
104,1,1066.0,99.0,97.0,228.0,1,1,1.0
105,1,1066.0,99.0,95.0,226.0,1,1,1.0
106,1,1067.0,96.0,92.0,223.0,1,1,1.0
107,1,1068.0,94.0,89.0,217.0,1,1,1.0
108,1,1068.0,93.0,87.0,214.0,1,1,1.0
109,1,1068.0,91.0,86.0,215.0,1,1,1.0
110,1,1069.0,89.0,84.0,215.0,1,1,1.0
111,1,1069.0,88.0,83.0,216.0,1,1,1.0
112,1,1069.0,89.0,81.0,215.0,1,1,1.0
113,1,1069.0,91.0,79.0,213.0,1,1,1.0
114,1,1068.0,92.0,78.0,212.0,1,1,1.0
115,1,1065.0,91.0,78.0,211.0,1,1,1.0
116,1,1063.0,90.0,78.0,209.0,1,1,1.0
117,1,1060.0,88.0,79.0,205.0,1,1,1.0
118,1,1055.0,85.0,83.0,202.0,1,1,1.0
119,1,1053.0,83.0,85.0,202.0,1,1,1.0
120,1,1051.0,81.0,87.0,203.0,1,1,1.0
121,1,1049.0,80.0,89.0,204.0,1,1,1.0
122,1,1047.0,80.0,90.0,204.0,1,1,1.0
123,1,1046.0,81.0,90.0,203.0,1,1,1.0
124,1,1045.0,82.0,90.0,202.0,1,1,1.0
125,1,1045.0,82.0,89.0,200.0,1,1,1.0
126,1,1045.0,81.0,88.0,200.0,1,1,1.0
127,1,1046.0,79.0,84.0,196.0,1,1,1.0
128,1,1047.0,77.0,82.0,192.0,1,1,1.0
129,1,1047.0,74.0,79.0,192.0,1,1,1.0
130,1,1047.0,73.0,77.0,192.0,1,1,1.0
131,1,1048.0,72.0,75.0,193.0,1,1,1.0
132,1,1048.0,72.0,73.0,193.0,1,1,1.0
133,1,1047.0,72.0,72.0,192.0,1,1,1.0
134,1,1047.0,73.0,71.0,191.0,1,1,1.0
135,1,1045.0,73.0,70.0,191.0,1,1,1.0
136,1,1043.0,73.0,71.0,190.0,1,1,1.0
137,1,1039.0,72.0,73.0,188.0,1,1,1.0
138,1,1035.0,70.0,76.0,183.0,1,1,1.0
139,1,1032.0,68.0,80.0,182.0,1,1,1.0
140,1,1029.0,66.0,82.0,182.0,1,1,1.0
141,1,1028.0,64.0,83.0,184.0,1,1,1.0
142,1,1027.0,63.0,83.0,185.0,1,1,1.0
143,1,1025.0,63.0,83.0,185.0,1,1,1.0
144,1,1023.0,64.0,84.0,184.0,1,1,1.0
145,1,1022.0,65.0,85.0,183.0,1,1,1.0
146,1,1020.0,66.0,85.0,182.0,1,1,1.0
147,1,1019.0,66.0,84.0,181.0,1,1,1.0
148,1,1019.0,65.0,82.0,179.0,1,1,1.0
149,1,1019.0,64.0,80.0,176.0,1,1,1.0
150,1,1019.0,62.0,77.0,175.0,1,1,1.0
151,1,1019.0,61.0,75.0,175.0,1,1,1.0
152,1,1019.0,59.0,73.0,175.0,1,1,1.0
153,1,1019.0,59.0,72.0,175.0,1,1,1.0
154,1,1019.0,59.0,70.0,175.0,1,1,1.0
155,1,1017.0,60.0,70.0,173.0,1,1,1.0
156,1,1015.0,62.0,70.0,172.0,1,1,1.0
157,1,1013.0,63.0,70.0,171.0,1,1,1.0
158,1,1010.0,63.0,71.0,169.0,1,1,1.0
159,1,1008.0,62.0,72.0,168.0,1,1,1.0
160,1,1006.0,60.0,73.0,166.0,1,1,1.0
161,1,1006.0,58.0,73.0,165.0,1,1,1.0
162,1,1006.0,56.0,73.0,166.0,1,1,1.0
163,1,1005.0,55.0,73.0,167.0,1,1,1.0
164,1,1005.0,55.0,73.0,168.0,1,1,1.0
165,1,1003.0,54.0,73.0,168.0,1,1,1.0
166,1,1002.0,55.0,74.0,168.0,1,1,1.0
167,1,1001.0,56.0,75.0,167.0,1,1,1.0
168,1,999.0,56.0,76.0,166.0,1,1,1.0
169,1,999.0,57.0,75.0,166.0,1,1,1.0
170,1,998.0,56.0,73.0,166.0,1,1,1.0
171,1,998.0,55.0,71.0,160.0,1,1,1.0
172,1,998.0,53.0,68.0,159.0,1,1,1.0
173,1,998.0,51.0,66.0,160.0,1,1,1.0
174,1,998.0,51.0,64.0,159.0,1,1,1.0
175,1,998.0,50.0,63.0,159.0,1,1,1.0
176,1,998.0,50.0,62.0,159.0,1,1,1.0
177,1,997.0,50.0,61.0,159.0,1,1,1.0
178,1,996.0,51.0,61.0,158.0,1,1,1.0
179,1,993.0,51.0,62.0,157.0,1,1,1.0
180,1,991.0,51.0,63.0,155.0,1,1,1.0
181,1,989.0,50.0,64.0,153.0,1,1,1.0
182,1,987.0,49.0,66.0,151.0,1,1,1.0
183,1,986.0,48.0,68.0,152.0,1,1,1.0
184,1,986.0,46.0,69.0,152.0,1,1,1.0
185,1,984.0,46.0,70.0,153.0,1,1,1.0
186,1,984.0,45.0,70.0,153.0,1,1,1.0
187,1,983.0,46.0,69.0,152.0,1,1,1.0
188,1,981.0,47.0,69.0,152.0,1,1,1.0
189,1,980.0,48.0,69.0,151.0,1,1,1.0
190,1,978.0,48.0,69.0,149.0,1,1,1.0
191,1,976.0,48.0,68.0,148.0,1,1,1.0
192,1,976.0,47.0,66.0,145.0,1,1,1.0
193,1,976.0,45.0,63.0,145.0,1,1,1.0
194,1,976.0,44.0,61.0,146.0,1,1,1.0
195,1,976.0,43.0,59.0,146.0,1,1,1.0
196,1,976.0,43.0,57.0,147.0,1,1,1.0
197,1,976.0,43.0,57.0,146.0,1,1,1.0
198,1,975.0,44.0,56.0,146.0,1,1,1.0
199,1,975.0,44.0,55.0,146.0,1,1,1.0
200,1,973.0,45.0,56.0,145.0,1,1,1.0
201,1,970.0,45.0,57.0,145.0,1,1,1.0
202,1,968.0,44.0,59.0,143.0,1,1,1.0
203,1,966.0,44.0,62.0,141.0,1,1,1.0
204,1,964.0,42.0,64.0,140.0,1,1,1.0
205,1,963.0,41.0,66.0,141.0,1,1,1.0
206,1,963.0,40.0,66.0,142.0,1,1,1.0
207,1,962.0,40.0,66.0,142.0,1,1,1.0
208,1,962.0,39.0,66.0,143.0,1,1,1.0
209,1,962.0,40.0,65.0,142.0,1,1,1.0
210,1,961.0,41.0,64.0,142.0,1,1,1.0
211,1,960.0,41.0,63.0,141.0,1,1,1.0
212,1,959.0,41.0,63.0,140.0,1,1,1.0
213,1,959.0,41.0,61.0,139.0,1,1,1.0
214,1,959.0,40.0,59.0,137.0,1,1,1.0
215,1,959.0,39.0,57.0,137.0,1,1,1.0
216,1,960.0,38.0,55.0,137.0,1,1,1.0
217,1,960.0,37.0,54.0,137.0,1,1,1.0
218,1,961.0,37.0,53.0,137.0,1,1,1.0
219,1,961.0,37.0,52.0,137.0,1,1,1.0
220,1,960.0,38.0,51.0,137.0,1,1,1.0
221,1,959.0,39.0,51.0,136.0,1,1,1.0
222,1,958.0,40.0,52.0,135.0,1,1,1.0
223,1,955.0,39.0,54.0,134.0,1,1,1.0
224,1,953.0,39.0,56.0,132.0,1,1,1.0
225,1,951.0,38.0,58.0,130.0,1,1,1.0
226,1,950.0,36.0,59.0,131.0,1,1,1.0
227,1,949.0,35.0,60.0,132.0,1,1,1.0
228,1,948.0,34.0,60.0,133.0,1,1,1.0
229,1,947.0,34.0,60.0,133.0,1,1,1.0
230,1,946.0,34.0,59.0,133.0,1,1,1.0
231,1,946.0,35.0,59.0,132.0,1,1,1.0
232,1,945.0,37.0,58.0,130.0,1,1,1.0
233,1,945.0,37.0,57.0,129.0,1,1,1.0
234,1,945.0,37.0,56.0,128.0,1,1,1.0
235,1,944.0,36.0,55.0,126.0,1,1,1.0
236,1,944.0,35.0,55.0,126.0,1,1,1.0
237,1,943.0,33.0,53.0,128.0,1,1,1.0
238,1,943.0,32.0,52.0,128.0,1,1,1.0
239,1,943.0,32.0,51.0,128.0,1,1,1.0
240,1,942.0,32.0,50.0,127.0,1,1,1.0
241,1,942.0,32.0,49.0,127.0,1,1,1.0
242,1,941.0,33.0,48.0,126.0,1,1,1.0
243,1,940.0,34.0,49.0,125.0,1,1,1.0
244,1,938.0,34.0,50.0,124.0,1,1,1.0
245,1,936.0,33.0,51.0,124.0,1,1,1.0
246,1,934.0,32.0,52.0,123.0,1,1,1.0
247,1,932.0,31.0,54.0,122.0,1,1,1.0
248,1,931.0,30.0,54.0,123.0,1,1,1.0
249,1,929.0,30.0,55.0,123.0,1,1,1.0
250,1,928.0,29.0,56.0,123.0,1,1,1.0
251,1,927.0,30.0,56.0,123.0,1,1,1.0
252,1,926.0,31.0,56.0,123.0,1,1,1.0
253,1,926.0,31.0,56.0,122.0,1,1,1.0
254,1,926.0,32.0,55.0,121.0,1,1,1.0
255,1,926.0,32.0,54.0,121.0,1,1,1.0
256,1,926.0,31.0,52.0,120.0,1,1,1.0
257,1,926.0,30.0,50.0,119.0,1,1,1.0
258,1,926.0,29.0,49.0,119.0,1,1,1.0
259,1,926.0,28.0,48.0,119.0,1,1,1.0
260,1,926.0,28.0,47.0,119.0,1,1,1.0
261,1,925.0,28.0,45.0,119.0,1,1,1.0
262,1,925.0,28.0,46.0,119.0,1,1,1.0
263,1,924.0,30.0,45.0,118.0,1,1,1.0
264,1,922.0,30.0,46.0,117.0,1,1,1.0
265,1,920.0,30.0,46.0,116.0,1,1,1.0
266,1,918.0,30.0,48.0,116.0,1,1,1.0
267,1,917.0,29.0,49.0,114.0,1,1,1.0
268,1,916.0,28.0,51.0,114.0,1,1,1.0
269,1,914.0,27.0,51.0,115.0,1,1,1.0
270,1,913.0,26.0,52.0,115.0,1,1,1.0
271,1,912.0,25.0,52.0,115.0,1,1,1.0
272,1,912.0,26.0,52.0,115.0,1,1,1.0
273,1,911.0,26.0,52.0,115.0,1,1,1.0
274,1,911.0,27.0,51.0,114.0,1,1,1.0
275,1,910.0,27.0,50.0,114.0,1,1,1.0
276,1,910.0,27.0,49.0,114.0,1,1,1.0
277,1,910.0,27.0,49.0,112.0,1,1,1.0
278,1,909.0,26.0,48.0,111.0,1,1,1.0
279,1,909.0,25.0,47.0,112.0,1,1,1.0
280,1,908.0,24.0,47.0,112.0,1,1,1.0
281,1,908.0,24.0,46.0,112.0,1,1,1.0
282,1,908.0,24.0,45.0,112.0,1,1,1.0
283,1,908.0,24.0,45.0,112.0,1,1,1.0
284,1,908.0,25.0,45.0,111.0,1,1,1.0
285,1,907.0,25.0,45.0,111.0,1,1,1.0
286,1,906.0,25.0,46.0,110.0,1,1,1.0
287,1,905.0,25.0,47.0,110.0,1,1,1.0
288,1,903.0,24.0,48.0,110.0,1,1,1.0
289,1,902.0,23.0,50.0,109.0,1,1,1.0
290,1,902.0,23.0,50.0,109.0,1,1,1.0
291,1,902.0,22.0,50.0,109.0,1,1,1.0
292,1,902.0,22.0,50.0,109.0,1,1,1.0
293,1,901.0,21.0,50.0,109.0,1,1,1.0
294,1,902.0,22.0,49.0,109.0,1,1,1.0
295,1,902.0,22.0,49.0,108.0,1,1,1.0
296,1,903.0,23.0,48.0,108.0,1,1,1.0
297,1,903.0,23.0,48.0,108.0,1,1,1.0
298,1,904.0,23.0,48.0,107.0,1,1,1.0
299,1,904.0,22.0,48.0,106.0,1,1,1.0
300,1,905.0,21.0,48.0,106.0,1,1,1.0
301,1,905.0,20.0,48.0,106.0,1,1,1.0
302,1,905.0,20.0,47.0,107.0,1,1,1.0
303,1,906.0,20.0,47.0,107.0,1,1,1.0
304,1,906.0,20.0,47.0,107.0,1,1,1.0
305,1,906.0,20.0,48.0,106.0,1,1,1.0
306,1,906.0,20.0,48.0,106.0,1,1,1.0
307,1,906.0,21.0,48.0,105.0,1,1,1.0
308,1,906.0,21.0,48.0,105.0,1,1,1.0
309,1,906.0,21.0,48.0,104.0,1,1,1.0
310,1,906.0,21.0,48.0,103.0,1,1,1.0
311,1,908.0,20.0,46.0,103.0,1,1,1.0
312,1,909.0,20.0,45.0,103.0,1,1,1.0
313,1,910.0,19.0,44.0,104.0,1,1,1.0
314,1,912.0,18.0,43.0,104.0,1,1,1.0
315,1,913.0,18.0,42.0,104.0,1,1,1.0
316,1,914.0,19.0,41.0,103.0,1,1,1.0
317,1,915.0,20.0,41.0,103.0,1,1,1.0
318,1,917.0,20.0,40.0,102.0,1,1,1.0
319,1,918.0,20.0,40.0,101.0,1,1,1.0
320,1,919.0,20.0,40.0,101.0,1,1,1.0
321,1,920.0,19.0,40.0,100.0,1,1,1.0
322,1,920.0,18.0,40.0,100.0,1,1,1.0
323,1,920.0,17.0,41.0,100.0,1,1,1.0
324,1,920.0,17.0,42.0,100.0,1,1,1.0
325,1,920.0,17.0,43.0,101.0,1,1,1.0
326,1,920.0,17.0,44.0,100.0,1,1,1.0
327,1,921.0,18.0,44.0,100.0,1,1,1.0
328,1,921.0,18.0,45.0,99.0,1,1,1.0
329,1,921.0,19.0,45.0,99.0,1,1,1.0
330,1,921.0,18.0,45.0,98.0,1,1,1.0
331,1,921.0,18.0,45.0,97.0,1,1,1.0
332,1,923.0,17.0,43.0,96.0,1,1,1.0
333,1,926.0,16.0,41.0,97.0,1,1,1.0
334,1,927.0,15.0,40.0,98.0,1,1,1.0
335,1,929.0,15.0,38.0,98.0,1,1,1.0
336,1,930.0,15.0,37.0,98.0,1,1,1.0
337,1,932.0,15.0,37.0,97.0,1,1,1.0
338,1,934.0,16.0,36.0,97.0,1,1,1.0
339,1,936.0,17.0,35.0,96.0,1,1,1.0
340,1,937.0,17.0,35.0,96.0,1,1,1.0
341,1,938.0,17.0,36.0,96.0,1,1,1.0
342,1,940.0,16.0,37.0,95.0,1,1,1.0
343,1,941.0,15.0,37.0,95.0,1,1,1.0
344,1,941.0,15.0,38.0,95.0,1,1,1.0
345,1,942.0,15.0,39.0,95.0,1,1,1.0
346,1,942.0,15.0,40.0,95.0,1,1,1.0
347,1,942.0,15.0,41.0,95.0,1,1,1.0
348,1,943.0,15.0,42.0,95.0,1,1,1.0
349,1,944.0,15.0,43.0,95.0,1,1,1.0
350,1,945.0,16.0,43.0,94.0,1,1,1.0
351,1,946.0,16.0,43.0,94.0,1,1,1.0
352,1,947.0,16.0,42.0,93.0,1,1,1.0
353,1,948.0,15.0,40.0,93.0,1,1,1.0
354,1,949.0,15.0,40.0,92.0,1,1,1.0
355,1,951.0,14.0,38.0,92.0,1,1,1.0
356,1,953.0,14.0,37.0,93.0,1,1,1.0
357,1,955.0,13.0,36.0,93.0,1,1,1.0
358,1,957.0,13.0,35.0,93.0,1,1,1.0
359,1,959.0,13.0,35.0,93.0,1,1,1.0
360,1,961.0,14.0,34.0,93.0,1,1,1.0
361,1,962.0,15.0,34.0,92.0,1,1,1.0
362,1,963.0,15.0,34.0,91.0,1,1,1.0
363,1,964.0,15.0,35.0,91.0,1,1,1.0
364,1,964.0,15.0,36.0,91.0,1,1,1.0
365,1,966.0,15.0,36.0,90.0,1,1,1.0
366,1,967.0,15.0,36.0,90.0,1,1,1.0
367,1,969.0,14.0,35.0,91.0,1,1,1.0
368,1,970.0,14.0,35.0,90.0,1,1,1.0
369,1,971.0,13.0,37.0,91.0,1,1,1.0
370,1,972.0,13.0,38.0,90.0,1,1,1.0
371,1,972.0,14.0,39.0,90.0,1,1,1.0
372,1,973.0,14.0,39.0,90.0,1,1,1.0
373,1,974.0,15.0,39.0,89.0,1,1,1.0
374,1,974.0,15.0,39.0,89.0,1,1,1.0
375,1,976.0,15.0,37.0,88.0,1,1,1.0
376,1,978.0,14.0,35.0,88.0,1,1,1.0
377,1,981.0,14.0,32.0,87.0,1,1,1.0
378,1,984.0,13.0,29.0,87.0,1,1,1.0
379,1,986.0,13.0,28.0,88.0,1,1,1.0
380,1,987.0,12.0,27.0,88.0,1,1,1.0
381,1,987.0,12.0,30.0,89.0,1,1,1.0
382,1,988.0,12.0,33.0,89.0,1,1,1.0
383,1,988.0,12.0,37.0,89.0,1,1,1.0
384,1,988.0,13.0,38.0,88.0,1,1,1.0
385,1,989.0,13.0,38.0,88.0,1,1,1.0
386,1,991.0,14.0,37.0,87.0,1,1,1.0
387,1,994.0,14.0,35.0,87.0,1,1,1.0
388,1,999.0,14.0,31.0,86.0,1,1,1.0
391,1,1011.0,13.0,27.0,87.0,1,1,1.0
392,1,1014.0,12.0,28.0,87.0,1,1,1.0
393,1,1015.0,12.0,29.0,87.0,1,1,1.0
394,1,1015.0,12.0,32.0,88.0,1,1,1.0
395,1,1015.0,13.0,37.0,87.0,1,1,1.0
396,1,1015.0,13.0,38.0,87.0,1,1,1.0
397,1,1016.0,14.0,38.0,86.0,1,1,1.0
398,1,1017.0,14.0,39.0,86.0,1,1,1.0
399,1,1020.0,14.0,37.0,85.0,1,1,1.0
400,1,1026.0,13.0,35.0,85.0,1,1,1.0
401,1,1031.0,13.0,35.0,85.0,1,1,1.0
402,1,1036.0,13.0,35.0,86.0,1,1,1.0
403,1,1040.0,13.0,35.0,85.0,1,1,1.0
404,1,1042.0,13.0,37.0,84.0,1,1,1.0
405,1,1044.0,13.0,40.0,85.0,1,1,1.0
406,1,1045.0,14.0,43.0,85.0,1,1,1.0
407,1,1045.0,14.0,46.0,85.0,1,1,1.0
408,1,1048.0,15.0,46.0,85.0,1,1,1.0
409,1,1048.0,15.0,47.0,85.0,1,1,1.0
410,1,1052.0,15.0,44.0,85.0,1,1,1.0
411,1,1061.0,15.0,34.0,86.0,1,1,1.0
412,1,1064.0,15.0,31.0,87.0,1,1,1.0
413,1,1068.0,14.0,28.0,88.0,1,1,1.0
414,1,1070.0,14.0,27.0,88.0,1,1,1.0
415,1,1072.0,14.0,29.0,88.0,1,1,1.0
416,1,1073.0,15.0,34.0,88.0,1,1,1.0
417,1,1073.0,16.0,39.0,88.0,1,1,1.0
418,1,1073.0,16.0,44.0,88.0,1,1,1.0
419,1,1074.0,17.0,46.0,88.0,1,1,1.0
420,1,1077.0,17.0,44.0,88.0,1,1,1.0
421,1,1079.0,17.0,43.0,88.0,1,1,1.0
422,1,1082.0,17.0,40.0,88.0,1,1,1.0
423,1,1091.0,16.0,35.0,88.0,1,1,1.0
424,1,1096.0,16.0,35.0,88.0,1,1,1.0
425,1,1099.0,16.0,37.0,89.0,1,1,1.0
426,1,1101.0,16.0,39.0,90.0,1,1,1.0
427,1,1103.0,16.0,41.0,89.0,1,1,1.0
428,1,1105.0,17.0,43.0,88.0,1,1,1.0
429,1,1107.0,18.0,45.0,89.0,1,1,1.0
430,1,1109.0,19.0,45.0,89.0,1,1,1.0
431,1,1111.0,19.0,45.0,90.0,1,1,1.0
432,1,1118.0,19.0,39.0,90.0,1,1,1.0
433,1,1123.0,19.0,33.0,90.0,1,1,1.0
434,1,1127.0,18.0,29.0,91.0,1,1,1.0
435,1,1130.0,18.0,26.0,91.0,1,1,1.0
436,1,1132.0,18.0,26.0,92.0,1,1,1.0
437,1,1133.0,18.0,29.0,92.0,1,1,1.0
438,1,1134.0,19.0,34.0,92.0,1,1,1.0
439,1,1135.0,20.0,40.0,91.0,1,1,1.0
440,1,1135.0,20.0,42.0,91.0,1,1,1.0
441,1,1135.0,20.0,44.0,91.0,1,1,1.0
442,1,1137.0,20.0,43.0,91.0,1,1,1.0
443,1,1140.0,21.0,41.0,91.0,1,1,1.0
444,1,1144.0,20.0,39.0,91.0,1,1,1.0
445,1,1149.0,20.0,39.0,92.0,1,1,1.0
446,1,1153.0,20.0,42.0,92.0,1,1,1.0
447,1,1155.0,20.0,45.0,93.0,1,1,1.0
448,1,1156.0,20.0,47.0,93.0,1,1,1.0
449,1,1159.0,21.0,49.0,93.0,1,1,1.0
450,1,1160.0,22.0,50.0,92.0,1,1,1.0
451,1,1163.0,23.0,51.0,92.0,1,1,1.0
452,1,1165.0,23.0,51.0,91.0,1,1,1.0
453,1,1168.0,24.0,49.0,92.0,1,1,1.0
454,1,1172.0,24.0,44.0,92.0,1,1,1.0
455,1,1178.0,23.0,37.0,92.0,1,1,1.0
456,1,1183.0,23.0,30.0,93.0,1,1,1.0
457,1,1186.0,23.0,27.0,93.0,1,1,1.0
458,1,1189.0,23.0,26.0,93.0,1,1,1.0
459,1,1190.0,23.0,30.0,94.0,1,1,1.0
460,1,1191.0,23.0,36.0,94.0,1,1,1.0
461,1,1191.0,25.0,41.0,94.0,1,1,1.0
462,1,1192.0,25.0,43.0,94.0,1,1,1.0
463,1,1192.0,26.0,43.0,93.0,1,1,1.0
464,1,1193.0,26.0,42.0,93.0,1,1,1.0
465,1,1196.0,26.0,41.0,94.0,1,1,1.0
466,1,1201.0,26.0,40.0,94.0,1,1,1.0
467,1,1206.0,26.0,39.0,94.0,1,1,1.0
468,1,1210.0,26.0,39.0,95.0,1,1,1.0
469,1,1212.0,25.0,44.0,96.0,1,1,1.0
470,1,1214.0,25.0,46.0,97.0,1,1,1.0
471,1,1215.0,26.0,46.0,96.0,1,1,1.0
472,1,1217.0,27.0,47.0,96.0,1,1,1.0
473,1,1218.0,28.0,48.0,97.0,1,1,1.0
474,1,1221.0,28.0,46.0,97.0,1,1,1.0
475,1,1225.0,28.0,44.0,96.0,1,1,1.0
476,1,1229.0,28.0,40.0,97.0,1,1,1.0
477,1,1232.0,28.0,36.0,97.0,1,1,1.0
478,1,1235.0,28.0,32.0,97.0,1,1,1.0
479,1,1238.0,28.0,29.0,97.0,1,1,1.0
480,1,1240.0,28.0,31.0,97.0,1,1,1.0
481,1,1241.0,28.0,40.0,98.0,1,1,1.0
482,1,1241.0,29.0,45.0,97.0,1,1,1.0
483,1,1242.0,31.0,48.0,96.0,1,1,1.0
484,1,1242.0,32.0,49.0,94.0,1,1,1.0
485,1,1242.0,32.0,49.0,95.0,1,1,1.0
486,1,1244.0,32.0,47.0,96.0,1,1,1.0
487,1,1248.0,32.0,44.0,96.0,1,1,1.0
488,1,1253.0,32.0,41.0,97.0,1,1,1.0
489,1,1260.0,32.0,40.0,97.0,1,1,1.0
490,1,1264.0,31.0,40.0,98.0,1,1,1.0
491,1,1267.0,31.0,40.0,99.0,1,1,1.0
492,1,1269.0,32.0,42.0,99.0,1,1,1.0
493,1,1272.0,34.0,45.0,97.0,1,1,1.0
494,1,1273.0,35.0,47.0,95.0,1,1,1.0
495,1,1275.0,36.0,44.0,94.0,1,1,1.0
496,1,1277.0,36.0,48.0,94.0,1,1,1.0
497,1,1280.0,37.0,48.0,94.0,1,1,1.0
498,1,1284.0,36.0,45.0,95.0,1,1,1.0
499,1,1290.0,35.0,38.0,97.0,1,1,1.0
500,1,1295.0,34.0,33.0,98.0,1,1,1.0
501,1,1298.0,35.0,31.0,98.0,1,1,1.0
503,1,1299.0,36.0,34.0,97.0,1,1,1.0
504,1,1300.0,37.0,37.0,96.0,1,1,1.0
511,1,1327.0,42.0,33.0,85.0,1,1,1.0
512,1,1330.0,42.0,36.0,84.0,1,1,1.0
513,1,1332.0,42.0,38.0,85.0,1,1,1.0
514,1,1334.0,43.0,38.0,85.0,1,1,1.0
515,1,1338.0,45.0,40.0,83.0,1,1,1.0
516,1,1340.0,46.0,42.0,90.0,1,1,1.0
517,1,1343.0,47.0,42.0,93.0,1,1,1.0
518,1,1347.0,47.0,41.0,96.0,1,1,1.0
519,1,1350.0,47.0,39.0,96.0,1,1,1.0
520,1,1352.0,47.0,39.0,97.0,1,1,1.0
521,1,1359.0,46.0,33.0,99.0,1,1,1.0
522,1,1363.0,44.0,30.0,101.0,1,1,1.0
523,1,1365.0,43.0,30.0,102.0,1,1,1.0
524,1,1367.0,45.0,32.0,101.0,1,1,1.0
525,1,1367.0,46.0,38.0,101.0,1,1,1.0
526,1,1368.0,48.0,45.0,100.0,1,1,1.0
527,1,1369.0,49.0,50.0,100.0,1,1,1.0
528,1,1369.0,51.0,51.0,99.0,1,1,1.0
529,1,1371.0,53.0,50.0,97.0,1,1,1.0
530,1,1373.0,52.0,48.0,98.0,1,1,1.0
531,1,1378.0,51.0,44.0,99.0,1,1,1.0
532,1,1383.0,51.0,43.0,100.0,1,1,1.0
533,1,1392.0,50.0,38.0,100.0,1,1,1.0
534,1,1398.0,49.0,39.0,101.0,1,1,1.0
535,1,1401.0,49.0,40.0,103.0,1,1,1.0
536,1,1404.0,49.0,41.0,102.0,1,1,1.0
537,1,1405.0,50.0,44.0,100.0,1,1,1.0
538,1,1405.0,51.0,48.0,102.0,1,1,1.0
539,1,1406.0,52.0,49.0,102.0,1,1,1.0
540,1,1407.0,53.0,49.0,103.0,1,1,1.0
541,1,1411.0,55.0,46.0,102.0,1,1,1.0
542,1,1419.0,56.0,39.0,101.0,1,1,1.0
543,1,1424.0,56.0,35.0,102.0,1,1,1.0
544,1,1429.0,56.0,33.0,102.0,1,1,1.0
545,1,1432.0,55.0,32.0,102.0,1,1,1.0
546,1,1434.0,55.0,31.0,103.0,1,1,1.0
547,1,1435.0,58.0,36.0,101.0,1,1,1.0
548,1,1435.0,58.0,41.0,101.0,1,1,1.0
549,1,1436.0,58.0,47.0,103.0,1,1,1.0
550,1,1436.0,59.0,47.0,104.0,1,1,1.0
551,1,1437.0,59.0,46.0,104.0,1,1,1.0
552,1,1439.0,59.0,46.0,104.0,1,1,1.0
553,1,1442.0,59.0,45.0,105.0,1,1,1.0
554,1,1447.0,59.0,44.0,104.0,1,1,1.0
555,1,1452.0,59.0,45.0,105.0,1,1,1.0
556,1,1454.0,59.0,47.0,104.0,1,1,1.0
557,1,1456.0,59.0,48.0,105.0,1,1,1.0
558,1,1457.0,60.0,50.0,106.0,1,1,1.0
559,1,1458.0,62.0,52.0,106.0,1,1,1.0
560,1,1460.0,63.0,52.0,105.0,1,1,1.0
561,1,1463.0,64.0,51.0,106.0,1,1,1.0
562,1,1465.0,65.0,49.0,106.0,1,1,1.0
563,1,1468.0,65.0,47.0,107.0,1,1,1.0
564,1,1470.0,65.0,45.0,107.0,1,1,1.0
565,1,1471.0,65.0,45.0,107.0,1,1,1.0
566,1,1473.0,65.0,44.0,106.0,1,1,1.0
569,1,1478.0,65.0,44.0,110.0,1,1,1.0
570,1,1479.0,65.0,44.0,110.0,1,1,1.0
571,1,1480.0,68.0,44.0,110.0,1,1,1.0
572,1,1480.0,68.0,45.0,111.0,1,1,1.0
573,1,1481.0,68.0,47.0,112.0,1,1,1.0
574,1,1482.0,68.0,47.0,111.0,1,1,1.0
575,1,1482.0,68.0,49.0,111.0,1,1,1.0
576,1,1482.0,69.0,50.0,111.0,1,1,1.0
577,1,1483.0,68.0,50.0,112.0,1,1,1.0
578,1,1483.0,68.0,50.0,112.0,1,1,1.0
579,1,1484.0,68.0,50.0,112.0,1,1,1.0
580,1,1485.0,68.0,49.0,112.0,1,1,1.0
581,1,1486.0,69.0,48.0,112.0,1,1,1.0
582,1,1487.0,70.0,46.0,112.0,1,1,1.0
583,1,1487.0,71.0,44.0,111.0,1,1,1.0
584,1,1486.0,71.0,43.0,111.0,1,1,1.0
585,1,1485.0,71.0,43.0,111.0,1,1,1.0
586,1,1484.0,70.0,44.0,112.0,1,1,1.0
587,1,1483.0,70.0,45.0,113.0,1,1,1.0
588,1,1481.0,69.0,47.0,114.0,1,1,1.0
589,1,1479.0,68.0,48.0,115.0,1,1,1.0
590,1,1478.0,68.0,49.0,116.0,1,1,1.0
591,1,1477.0,68.0,50.0,117.0,1,1,1.0
592,1,1476.0,69.0,51.0,117.0,1,1,1.0
593,1,1475.0,71.0,52.0,116.0,1,1,1.0
594,1,1474.0,72.0,51.0,115.0,1,1,1.0
595,1,1473.0,72.0,52.0,115.0,1,1,1.0
596,1,1473.0,72.0,52.0,115.0,1,1,1.0
597,1,1472.0,72.0,51.0,115.0,1,1,1.0
598,1,1472.0,70.0,50.0,117.0,1,1,1.0
599,1,1472.0,69.0,48.0,119.0,1,1,1.0
600,1,1471.0,68.0,46.0,120.0,1,1,1.0
601,1,1471.0,67.0,44.0,120.0,1,1,1.0
602,1,1470.0,66.0,43.0,121.0,1,1,1.0
603,1,1466.0,67.0,44.0,119.0,1,1,1.0
604,1,1461.0,68.0,46.0,119.0,1,1,1.0
605,1,1459.0,68.0,47.0,120.0,1,1,1.0
606,1,1457.0,69.0,46.0,119.0,1,1,1.0
607,1,1456.0,68.0,45.0,120.0,1,1,1.0
608,1,1455.0,68.0,44.0,120.0,1,1,1.0
609,1,1452.0,68.0,46.0,120.0,1,1,1.0
610,1,1450.0,68.0,47.0,121.0,1,1,1.0
611,1,1447.0,67.0,49.0,121.0,1,1,1.0
612,1,1444.0,66.0,51.0,122.0,1,1,1.0
613,1,1441.0,66.0,53.0,123.0,1,1,1.0
614,1,1438.0,66.0,55.0,122.0,1,1,1.0
615,1,1435.0,68.0,56.0,121.0,1,1,1.0
616,1,1433.0,69.0,58.0,122.0,1,1,1.0
617,1,1432.0,69.0,57.0,123.0,1,1,1.0
618,1,1431.0,69.0,56.0,123.0,1,1,1.0
619,1,1430.0,69.0,53.0,123.0,1,1,1.0
620,1,1430.0,67.0,50.0,125.0,1,1,1.0
621,1,1429.0,67.0,46.0,126.0,1,1,1.0
622,1,1428.0,66.0,45.0,126.0,1,1,1.0
623,1,1427.0,66.0,44.0,126.0,1,1,1.0
624,1,1425.0,66.0,43.0,126.0,1,1,1.0
625,1,1420.0,67.0,45.0,125.0,1,1,1.0
626,1,1414.0,68.0,49.0,125.0,1,1,1.0
627,1,1409.0,69.0,52.0,124.0,1,1,1.0
628,1,1407.0,69.0,52.0,124.0,1,1,1.0
629,1,1406.0,69.0,51.0,124.0,1,1,1.0
630,1,1405.0,69.0,50.0,124.0,1,1,1.0
631,1,1403.0,68.0,49.0,125.0,1,1,1.0
632,1,1400.0,67.0,51.0,126.0,1,1,1.0
633,1,1397.0,66.0,53.0,126.0,1,1,1.0
634,1,1393.0,65.0,56.0,127.0,1,1,1.0
635,1,1390.0,65.0,59.0,128.0,1,1,1.0
636,1,1387.0,65.0,61.0,128.0,1,1,1.0
637,1,1384.0,66.0,63.0,129.0,1,1,1.0
638,1,1382.0,67.0,65.0,129.0,1,1,1.0
639,1,1380.0,68.0,65.0,130.0,1,1,1.0
640,1,1378.0,68.0,64.0,130.0,1,1,1.0
641,1,1376.0,68.0,61.0,131.0,1,1,1.0
642,1,1376.0,68.0,57.0,131.0,1,1,1.0
643,1,1376.0,67.0,53.0,132.0,1,1,1.0
644,1,1376.0,66.0,49.0,133.0,1,1,1.0
645,1,1377.0,65.0,45.0,134.0,1,1,1.0
646,1,1375.0,65.0,44.0,134.0,1,1,1.0
647,1,1369.0,65.0,47.0,133.0,1,1,1.0
648,1,1362.0,65.0,52.0,134.0,1,1,1.0
649,1,1357.0,67.0,53.0,132.0,1,1,1.0
650,1,1355.0,68.0,53.0,132.0,1,1,1.0
651,1,1353.0,68.0,54.0,132.0,1,1,1.0
652,1,1352.0,68.0,55.0,133.0,1,1,1.0
653,1,1350.0,67.0,53.0,134.0,1,1,1.0
654,1,1346.0,66.0,53.0,135.0,1,1,1.0
655,1,1342.0,64.0,55.0,136.0,1,1,1.0
656,1,1336.0,64.0,60.0,136.0,1,1,1.0
657,1,1332.0,64.0,63.0,137.0,1,1,1.0
658,1,1328.0,64.0,66.0,137.0,1,1,1.0
659,1,1324.0,64.0,68.0,138.0,1,1,1.0
660,1,1320.0,66.0,69.0,139.0,1,1,1.0
661,1,1318.0,66.0,68.0,139.0,1,1,1.0
662,1,1316.0,66.0,66.0,140.0,1,1,1.0
663,1,1315.0,66.0,62.0,140.0,1,1,1.0
664,1,1314.0,66.0,57.0,140.0,1,1,1.0
665,1,1314.0,65.0,52.0,141.0,1,1,1.0
666,1,1313.0,65.0,49.0,141.0,1,1,1.0
667,1,1311.0,64.0,47.0,142.0,1,1,1.0
668,1,1308.0,62.0,47.0,143.0,1,1,1.0
669,1,1303.0,62.0,49.0,143.0,1,1,1.0
670,1,1292.0,62.0,57.0,144.0,1,1,1.0
671,1,1287.0,63.0,59.0,143.0,1,1,1.0
672,1,1286.0,64.0,58.0,142.0,1,1,1.0
673,1,1287.0,65.0,57.0,142.0,1,1,1.0
674,1,1286.0,66.0,56.0,141.0,1,1,1.0
675,1,1282.0,65.0,56.0,142.0,1,1,1.0
676,1,1277.0,63.0,56.0,144.0,1,1,1.0
677,1,1271.0,62.0,58.0,145.0,1,1,1.0
678,1,1265.0,61.0,61.0,146.0,1,1,1.0
680,1,1255.0,61.0,67.0,147.0,1,1,1.0
681,1,1251.0,62.0,70.0,148.0,1,1,1.0
682,1,1247.0,64.0,72.0,148.0,1,1,1.0
683,1,1244.0,64.0,72.0,149.0,1,1,1.0
684,1,1242.0,65.0,70.0,149.0,1,1,1.0
685,1,1241.0,65.0,67.0,149.0,1,1,1.0
686,1,1242.0,64.0,61.0,150.0,1,1,1.0
687,1,1242.0,64.0,55.0,151.0,1,1,1.0
688,1,1242.0,62.0,51.0,152.0,1,1,1.0
689,1,1241.0,61.0,48.0,154.0,1,1,1.0
690,1,1238.0,60.0,48.0,154.0,1,1,1.0
691,1,1229.0,60.0,52.0,153.0,1,1,1.0
692,1,1220.0,61.0,58.0,154.0,1,1,1.0
693,1,1214.0,62.0,61.0,154.0,1,1,1.0
694,1,1212.0,63.0,61.0,154.0,1,1,1.0
695,1,1210.0,64.0,62.0,154.0,1,1,1.0
696,1,1209.0,63.0,62.0,154.0,1,1,1.0
697,1,1207.0,63.0,61.0,155.0,1,1,1.0
698,1,1202.0,62.0,62.0,155.0,1,1,1.0
699,1,1196.0,61.0,64.0,156.0,1,1,1.0
700,1,1191.0,60.0,68.0,157.0,1,1,1.0
701,1,1186.0,60.0,72.0,159.0,1,1,1.0
702,1,1182.0,60.0,75.0,161.0,1,1,1.0
703,1,1177.0,61.0,77.0,161.0,1,1,1.0
704,1,1173.0,63.0,79.0,161.0,1,1,1.0
705,1,1170.0,64.0,79.0,160.0,1,1,1.0
706,1,1167.0,65.0,77.0,159.0,1,1,1.0
707,1,1165.0,65.0,72.0,160.0,1,1,1.0
708,1,1164.0,64.0,66.0,160.0,1,1,1.0
709,1,1163.0,63.0,60.0,162.0,1,1,1.0
710,1,1162.0,62.0,54.0,163.0,1,1,1.0
711,1,1161.0,61.0,50.0,163.0,1,1,1.0
712,1,1158.0,61.0,48.0,164.0,1,1,1.0
713,1,1149.0,61.0,53.0,164.0,1,1,1.0
714,1,1139.0,61.0,60.0,164.0,1,1,1.0
715,1,1129.0,63.0,67.0,163.0,1,1,1.0
716,1,1125.0,64.0,71.0,163.0,1,1,1.0
717,1,1123.0,64.0,73.0,163.0,1,1,1.0
718,1,1122.0,64.0,72.0,164.0,1,1,1.0
719,1,1121.0,63.0,69.0,164.0,1,1,1.0
720,1,1117.0,62.0,67.0,165.0,1,1,1.0
721,1,1110.0,61.0,66.0,166.0,1,1,1.0
722,1,1103.0,60.0,67.0,167.0,1,1,1.0
723,1,1097.0,60.0,72.0,168.0,1,1,1.0
724,1,1090.0,61.0,76.0,170.0,1,1,1.0
725,1,1084.0,62.0,80.0,171.0,1,1,1.0
726,1,1079.0,63.0,83.0,171.0,1,1,1.0
727,1,1074.0,65.0,85.0,170.0,1,1,1.0
728,1,1071.0,66.0,84.0,170.0,1,1,1.0
729,1,1070.0,66.0,79.0,170.0,1,1,1.0
730,1,1070.0,65.0,71.0,171.0,1,1,1.0
731,1,1070.0,64.0,63.0,172.0,1,1,1.0
732,1,1070.0,63.0,57.0,173.0,1,1,1.0
733,1,1068.0,62.0,53.0,174.0,1,1,1.0
734,1,1063.0,61.0,53.0,175.0,1,1,1.0
735,1,1051.0,61.0,61.0,175.0,1,1,1.0
736,1,1039.0,63.0,70.0,176.0,1,1,1.0
737,1,1030.0,63.0,78.0,176.0,1,1,1.0
738,1,1027.0,65.0,79.0,176.0,1,1,1.0
739,1,1026.0,66.0,80.0,177.0,1,1,1.0
740,1,1025.0,66.0,80.0,177.0,1,1,1.0
741,1,1024.0,66.0,76.0,177.0,1,1,1.0
742,1,1019.0,65.0,75.0,178.0,1,1,1.0
743,1,1011.0,65.0,74.0,178.0,1,1,1.0
744,1,1003.0,64.0,75.0,179.0,1,1,1.0
745,1,996.0,64.0,79.0,181.0,1,1,1.0
746,1,989.0,63.0,84.0,183.0,1,1,1.0
747,1,982.0,65.0,90.0,185.0,1,1,1.0
748,1,976.0,67.0,93.0,185.0,1,1,1.0
749,1,971.0,68.0,95.0,186.0,1,1,1.0
750,1,967.0,70.0,95.0,186.0,1,1,1.0
751,1,965.0,70.0,90.0,186.0,1,1,1.0
752,1,966.0,70.0,79.0,186.0,1,1,1.0
753,1,966.0,70.0,69.0,186.0,1,1,1.0
754,1,965.0,70.0,59.0,187.0,1,1,1.0
755,1,963.0,69.0,54.0,187.0,1,1,1.0
756,1,959.0,68.0,53.0,188.0,1,1,1.0
757,1,949.0,69.0,58.0,188.0,1,1,1.0
758,1,936.0,69.0,69.0,189.0,1,1,1.0
759,1,923.0,71.0,81.0,190.0,1,1,1.0
760,1,916.0,74.0,88.0,190.0,1,1,1.0
761,1,913.0,76.0,90.0,190.0,1,1,1.0
762,1,911.0,77.0,91.0,190.0,1,1,1.0
763,1,910.0,79.0,87.0,189.0,1,1,1.0
764,1,908.0,78.0,82.0,190.0,1,1,1.0
765,1,901.0,78.0,79.0,190.0,1,1,1.0
766,1,891.0,76.0,76.0,192.0,1,1,1.0
767,1,883.0,75.0,77.0,193.0,1,1,1.0
768,1,871.0,75.0,86.0,196.0,1,1,1.0
769,1,863.0,76.0,91.0,198.0,1,1,1.0
770,1,855.0,79.0,97.0,198.0,1,1,1.0
771,1,851.0,81.0,97.0,198.0,1,1,1.0
772,1,846.0,83.0,97.0,199.0,1,1,1.0
773,1,843.0,84.0,95.0,198.0,1,1,1.0
774,1,842.0,85.0,89.0,198.0,1,1,1.0
775,1,842.0,85.0,78.0,198.0,1,1,1.0
776,1,842.0,84.0,65.0,199.0,1,1,1.0
777,1,838.0,83.0,57.0,199.0,1,1,1.0
778,1,831.0,83.0,60.0,200.0,1,1,1.0
779,1,824.0,83.0,61.0,200.0,1,1,1.0
780,1,807.0,84.0,76.0,201.0,1,1,1.0
781,1,792.0,86.0,90.0,202.0,1,1,1.0
782,1,784.0,88.0,98.0,203.0,1,1,1.0
783,1,780.0,91.0,101.0,203.0,1,1,1.0
784,1,779.0,92.0,100.0,203.0,1,1,1.0
785,1,778.0,93.0,94.0,203.0,1,1,1.0
786,1,773.0,92.0,89.0,203.0,1,1,1.0
787,1,764.0,91.0,85.0,204.0,1,1,1.0
788,1,753.0,91.0,82.0,205.0,1,1,1.0
789,1,743.0,90.0,83.0,207.0,1,1,1.0
790,1,734.0,91.0,88.0,210.0,1,1,1.0
791,1,725.0,94.0,94.0,211.0,1,1,1.0
792,1,717.0,96.0,98.0,212.0,1,1,1.0
793,1,710.0,99.0,102.0,212.0,1,1,1.0
794,1,705.0,102.0,106.0,211.0,1,1,1.0
795,1,702.0,103.0,103.0,211.0,1,1,1.0
796,1,702.0,104.0,92.0,210.0,1,1,1.0
797,1,701.0,103.0,79.0,210.0,1,1,1.0
798,1,700.0,102.0,66.0,212.0,1,1,1.0
799,1,694.0,101.0,60.0,212.0,1,1,1.0
800,1,688.0,101.0,61.0,212.0,1,1,1.0
801,1,673.0,102.0,75.0,213.0,1,1,1.0
802,1,656.0,104.0,91.0,214.0,1,1,1.0
803,1,645.0,107.0,102.0,214.0,1,1,1.0
804,1,639.0,110.0,107.0,214.0,1,1,1.0
805,1,637.0,112.0,108.0,215.0,1,1,1.0
806,1,636.0,113.0,105.0,215.0,1,1,1.0
807,1,633.0,113.0,98.0,215.0,1,1,1.0
808,1,628.0,112.0,90.0,216.0,1,1,1.0
809,1,619.0,112.0,84.0,216.0,1,1,1.0
810,1,610.0,111.0,78.0,217.0,1,1,1.0
811,1,599.0,112.0,79.0,220.0,1,1,1.0
812,1,589.0,114.0,85.0,223.0,1,1,1.0
813,1,580.0,117.0,92.0,224.0,1,1,1.0
814,1,572.0,119.0,99.0,225.0,1,1,1.0
815,1,567.0,122.0,104.0,226.0,1,1,1.0
816,1,562.0,124.0,106.0,226.0,1,1,1.0
817,1,561.0,126.0,101.0,224.0,1,1,1.0
818,1,560.0,126.0,88.0,224.0,1,1,1.0
819,1,557.0,127.0,76.0,224.0,1,1,1.0
820,1,551.0,127.0,66.0,223.0,1,1,1.0
821,1,544.0,129.0,65.0,221.0,1,1,1.0
822,1,536.0,130.0,70.0,221.0,1,1,1.0
823,1,521.0,131.0,85.0,222.0,1,1,1.0
824,1,505.0,134.0,101.0,223.0,1,1,1.0
825,1,497.0,135.0,108.0,225.0,1,1,1.0
826,1,492.0,137.0,112.0,228.0,1,1,1.0
827,1,490.0,138.0,109.0,229.0,1,1,1.0
828,1,489.0,139.0,102.0,229.0,1,1,1.0
829,1,484.0,139.0,95.0,229.0,1,1,1.0
830,1,475.0,139.0,90.0,229.0,1,1,1.0
831,1,465.0,139.0,85.0,229.0,1,1,1.0
832,1,455.0,139.0,81.0,232.0,1,1,1.0
833,1,444.0,141.0,85.0,235.0,1,1,1.0
834,1,435.0,143.0,93.0,236.0,1,1,1.0
835,1,427.0,147.0,101.0,237.0,1,1,1.0
836,1,421.0,149.0,106.0,239.0,1,1,1.0
837,1,417.0,152.0,108.0,239.0,1,1,1.0
838,1,416.0,154.0,102.0,238.0,1,1,1.0
839,1,415.0,155.0,89.0,237.0,1,1,1.0
840,1,412.0,155.0,78.0,237.0,1,1,1.0
