1,1,1182.0,546.0,128.0,288.0,1,1,1.0
2,1,1180.0,545.0,124.0,289.0,1,1,1.0
3,1,1176.0,543.0,122.0,291.0,1,1,1.0
4,1,1169.0,539.0,123.0,286.0,1,1,1.0
5,1,1161.0,535.0,126.0,282.0,1,1,1.0
6,1,1154.0,531.0,128.0,272.0,1,1,1.0
7,1,1148.0,526.0,131.0,262.0,1,1,1.0
8,1,1144.0,521.0,132.0,261.0,1,1,1.0
9,1,1142.0,516.0,132.0,264.0,1,1,1.0
10,1,1141.0,513.0,130.0,267.0,1,1,1.0
11,1,1143.0,511.0,125.0,269.0,1,1,1.0
12,1,1146.0,510.0,120.0,270.0,1,1,1.0
13,1,1147.0,509.0,117.0,272.0,1,1,1.0
14,1,1144.0,507.0,117.0,272.0,1,1,1.0
15,1,1141.0,505.0,117.0,271.0,1,1,1.0
16,1,1139.0,501.0,117.0,266.0,1,1,1.0
17,1,1135.0,496.0,119.0,259.0,1,1,1.0
18,1,1132.0,492.0,120.0,251.0,1,1,1.0
19,1,1131.0,487.0,119.0,250.0,1,1,1.0
20,1,1131.0,484.0,117.0,249.0,1,1,1.0
21,1,1131.0,481.0,117.0,251.0,1,1,1.0
22,1,1130.0,480.0,118.0,252.0,1,1,1.0
23,1,1130.0,480.0,119.0,253.0,1,1,1.0
24,1,1130.0,479.0,120.0,254.0,1,1,1.0
25,1,1127.0,477.0,122.0,254.0,1,1,1.0
26,1,1123.0,475.0,123.0,252.0,1,1,1.0
27,1,1118.0,472.0,122.0,249.0,1,1,1.0
28,1,1112.0,469.0,122.0,242.0,1,1,1.0
29,1,1107.0,465.0,124.0,234.0,1,1,1.0
30,1,1103.0,461.0,125.0,233.0,1,1,1.0
31,1,1099.0,457.0,126.0,235.0,1,1,1.0
32,1,1099.0,455.0,125.0,237.0,1,1,1.0
33,1,1099.0,454.0,120.0,238.0,1,1,1.0
34,1,1100.0,454.0,115.0,238.0,1,1,1.0
35,1,1100.0,454.0,112.0,238.0,1,1,1.0
36,1,1099.0,453.0,110.0,239.0,1,1,1.0
37,1,1096.0,451.0,110.0,239.0,1,1,1.0
38,1,1093.0,448.0,110.0,237.0,1,1,1.0
39,1,1089.0,444.0,111.0,230.0,1,1,1.0
40,1,1086.0,440.0,111.0,225.0,1,1,1.0
41,1,1085.0,436.0,111.0,225.0,1,1,1.0
42,1,1085.0,434.0,109.0,223.0,1,1,1.0
43,1,1083.0,432.0,109.0,223.0,1,1,1.0
44,1,1082.0,431.0,108.0,224.0,1,1,1.0
45,1,1081.0,431.0,107.0,224.0,1,1,1.0
46,1,1081.0,431.0,105.0,225.0,1,1,1.0
47,1,1080.0,430.0,103.0,226.0,1,1,1.0
48,1,1078.0,428.0,103.0,224.0,1,1,1.0
49,1,1075.0,425.0,103.0,221.0,1,1,1.0
50,1,1072.0,422.0,103.0,215.0,1,1,1.0
51,1,1070.0,418.0,103.0,210.0,1,1,1.0
52,1,1068.0,415.0,104.0,209.0,1,1,1.0
53,1,1066.0,413.0,105.0,209.0,1,1,1.0
54,1,1065.0,410.0,107.0,211.0,1,1,1.0
55,1,1064.0,409.0,108.0,213.0,1,1,1.0
56,1,1061.0,409.0,112.0,214.0,1,1,1.0
57,1,1057.0,409.0,115.0,214.0,1,1,1.0
58,1,1055.0,409.0,117.0,214.0,1,1,1.0
59,1,1057.0,408.0,114.0,211.0,1,1,1.0
60,1,1058.0,407.0,111.0,209.0,1,1,1.0
61,1,1060.0,404.0,109.0,203.0,1,1,1.0
62,1,1062.0,401.0,105.0,200.0,1,1,1.0
63,1,1064.0,398.0,102.0,199.0,1,1,1.0
64,1,1065.0,396.0,100.0,199.0,1,1,1.0
65,1,1066.0,395.0,99.0,199.0,1,1,1.0
66,1,1065.0,394.0,99.0,199.0,1,1,1.0
67,1,1065.0,394.0,99.0,200.0,1,1,1.0
68,1,1064.0,394.0,99.0,200.0,1,1,1.0
69,1,1063.0,394.0,100.0,201.0,1,1,1.0
70,1,1063.0,393.0,100.0,200.0,1,1,1.0
71,1,1063.0,390.0,99.0,199.0,1,1,1.0
72,1,1064.0,388.0,97.0,195.0,1,1,1.0
73,1,1066.0,385.0,96.0,191.0,1,1,1.0
74,1,1067.0,382.0,94.0,189.0,1,1,1.0
75,1,1069.0,380.0,92.0,189.0,1,1,1.0
76,1,1070.0,378.0,90.0,189.0,1,1,1.0
77,1,1071.0,377.0,89.0,191.0,1,1,1.0
78,1,1071.0,377.0,88.0,191.0,1,1,1.0
79,1,1071.0,377.0,88.0,191.0,1,1,1.0
80,1,1071.0,376.0,87.0,192.0,1,1,1.0
81,1,1072.0,376.0,87.0,190.0,1,1,1.0
82,1,1074.0,374.0,87.0,188.0,1,1,1.0
83,1,1076.0,372.0,86.0,184.0,1,1,1.0
84,1,1078.0,370.0,84.0,183.0,1,1,1.0
85,1,1080.0,368.0,83.0,182.0,1,1,1.0
86,1,1082.0,366.0,81.0,181.0,1,1,1.0
87,1,1083.0,364.0,81.0,182.0,1,1,1.0
88,1,1083.0,364.0,82.0,182.0,1,1,1.0
89,1,1082.0,364.0,84.0,181.0,1,1,1.0
90,1,1081.0,364.0,85.0,181.0,1,1,1.0
91,1,1079.0,365.0,87.0,181.0,1,1,1.0
92,1,1077.0,364.0,88.0,181.0,1,1,1.0
93,1,1076.0,363.0,88.0,180.0,1,1,1.0
94,1,1075.0,362.0,88.0,178.0,1,1,1.0
95,1,1074.0,360.0,87.0,172.0,1,1,1.0
96,1,1074.0,357.0,87.0,171.0,1,1,1.0
97,1,1074.0,355.0,86.0,171.0,1,1,1.0
98,1,1075.0,353.0,84.0,173.0,1,1,1.0
99,1,1076.0,352.0,82.0,174.0,1,1,1.0
100,1,1077.0,352.0,81.0,174.0,1,1,1.0
101,1,1077.0,353.0,80.0,173.0,1,1,1.0
102,1,1075.0,353.0,80.0,173.0,1,1,1.0
103,1,1074.0,353.0,80.0,172.0,1,1,1.0
104,1,1073.0,353.0,80.0,171.0,1,1,1.0
105,1,1072.0,351.0,80.0,169.0,1,1,1.0
106,1,1071.0,350.0,80.0,165.0,1,1,1.0
107,1,1071.0,347.0,79.0,165.0,1,1,1.0
108,1,1073.0,345.0,77.0,165.0,1,1,1.0
109,1,1074.0,344.0,75.0,165.0,1,1,1.0
110,1,1075.0,343.0,75.0,165.0,1,1,1.0
111,1,1075.0,343.0,75.0,165.0,1,1,1.0
112,1,1077.0,343.0,73.0,165.0,1,1,1.0
113,1,1078.0,343.0,71.0,165.0,1,1,1.0
114,1,1076.0,343.0,72.0,165.0,1,1,1.0
115,1,1073.0,343.0,73.0,164.0,1,1,1.0
116,1,1069.0,342.0,74.0,162.0,1,1,1.0
117,1,1067.0,340.0,75.0,158.0,1,1,1.0
118,1,1065.0,338.0,76.0,155.0,1,1,1.0
119,1,1064.0,336.0,76.0,155.0,1,1,1.0
120,1,1063.0,334.0,75.0,157.0,1,1,1.0
121,1,1063.0,332.0,75.0,158.0,1,1,1.0
122,1,1063.0,332.0,74.0,158.0,1,1,1.0
123,1,1062.0,333.0,74.0,158.0,1,1,1.0
124,1,1061.0,333.0,75.0,158.0,1,1,1.0
125,1,1059.0,334.0,75.0,157.0,1,1,1.0
126,1,1058.0,333.0,76.0,157.0,1,1,1.0
127,1,1057.0,332.0,75.0,156.0,1,1,1.0
128,1,1055.0,331.0,75.0,153.0,1,1,1.0
129,1,1054.0,329.0,75.0,152.0,1,1,1.0
130,1,1055.0,326.0,73.0,153.0,1,1,1.0
131,1,1055.0,325.0,73.0,152.0,1,1,1.0
132,1,1056.0,323.0,72.0,153.0,1,1,1.0
133,1,1056.0,323.0,72.0,153.0,1,1,1.0
134,1,1055.0,323.0,72.0,153.0,1,1,1.0
135,1,1055.0,324.0,72.0,152.0,1,1,1.0
136,1,1054.0,325.0,71.0,151.0,1,1,1.0
137,1,1053.0,325.0,70.0,151.0,1,1,1.0
138,1,1050.0,324.0,71.0,150.0,1,1,1.0
139,1,1046.0,322.0,72.0,148.0,1,1,1.0
140,1,1043.0,320.0,73.0,144.0,1,1,1.0
141,1,1040.0,318.0,75.0,145.0,1,1,1.0
142,1,1037.0,316.0,77.0,145.0,1,1,1.0
143,1,1036.0,315.0,77.0,146.0,1,1,1.0
144,1,1036.0,315.0,75.0,146.0,1,1,1.0
145,1,1036.0,315.0,74.0,146.0,1,1,1.0
146,1,1036.0,316.0,72.0,146.0,1,1,1.0
147,1,1036.0,316.0,70.0,145.0,1,1,1.0
148,1,1036.0,316.0,70.0,145.0,1,1,1.0
149,1,1035.0,316.0,69.0,144.0,1,1,1.0
150,1,1034.0,315.0,69.0,141.0,1,1,1.0
151,1,1033.0,313.0,68.0,139.0,1,1,1.0
152,1,1033.0,311.0,66.0,139.0,1,1,1.0
153,1,1033.0,310.0,65.0,140.0,1,1,1.0
154,1,1033.0,309.0,64.0,140.0,1,1,1.0
155,1,1034.0,308.0,64.0,140.0,1,1,1.0
156,1,1033.0,308.0,64.0,140.0,1,1,1.0
157,1,1032.0,309.0,65.0,140.0,1,1,1.0
158,1,1030.0,309.0,67.0,140.0,1,1,1.0
159,1,1028.0,309.0,69.0,140.0,1,1,1.0
160,1,1025.0,308.0,70.0,139.0,1,1,1.0
161,1,1023.0,307.0,71.0,138.0,1,1,1.0
162,1,1022.0,306.0,71.0,134.0,1,1,1.0
163,1,1021.0,304.0,70.0,134.0,1,1,1.0
164,1,1022.0,302.0,69.0,134.0,1,1,1.0
165,1,1022.0,302.0,67.0,134.0,1,1,1.0
166,1,1022.0,301.0,66.0,135.0,1,1,1.0
167,1,1023.0,301.0,63.0,135.0,1,1,1.0
168,1,1023.0,302.0,61.0,134.0,1,1,1.0
169,1,1023.0,302.0,60.0,134.0,1,1,1.0
170,1,1023.0,302.0,60.0,134.0,1,1,1.0
171,1,1023.0,302.0,59.0,133.0,1,1,1.0
172,1,1022.0,301.0,59.0,132.0,1,1,1.0
173,1,1022.0,299.0,59.0,130.0,1,1,1.0
174,1,1022.0,297.0,57.0,131.0,1,1,1.0
175,1,1022.0,296.0,56.0,131.0,1,1,1.0
176,1,1022.0,295.0,56.0,130.0,1,1,1.0
177,1,1022.0,295.0,56.0,131.0,1,1,1.0
178,1,1021.0,295.0,57.0,131.0,1,1,1.0
179,1,1019.0,295.0,59.0,131.0,1,1,1.0
180,1,1018.0,296.0,62.0,130.0,1,1,1.0
181,1,1016.0,296.0,64.0,129.0,1,1,1.0
182,1,1014.0,296.0,64.0,129.0,1,1,1.0
183,1,1013.0,295.0,64.0,128.0,1,1,1.0
184,1,1012.0,293.0,64.0,126.0,1,1,1.0
185,1,1012.0,291.0,64.0,125.0,1,1,1.0
186,1,1013.0,290.0,62.0,125.0,1,1,1.0
187,1,1014.0,289.0,61.0,126.0,1,1,1.0
188,1,1016.0,288.0,58.0,126.0,1,1,1.0
189,1,1018.0,288.0,57.0,126.0,1,1,1.0
190,1,1018.0,288.0,56.0,126.0,1,1,1.0
191,1,1018.0,289.0,57.0,125.0,1,1,1.0
192,1,1017.0,289.0,58.0,125.0,1,1,1.0
193,1,1016.0,289.0,59.0,125.0,1,1,1.0
194,1,1016.0,288.0,60.0,124.0,1,1,1.0
195,1,1015.0,287.0,60.0,123.0,1,1,1.0
196,1,1015.0,286.0,60.0,122.0,1,1,1.0
197,1,1015.0,285.0,59.0,121.0,1,1,1.0
198,1,1015.0,285.0,59.0,121.0,1,1,1.0
199,1,1016.0,285.0,58.0,121.0,1,1,1.0
200,1,1017.0,285.0,58.0,121.0,1,1,1.0
201,1,1017.0,284.0,58.0,121.0,1,1,1.0
202,1,1017.0,285.0,59.0,121.0,1,1,1.0
203,1,1017.0,285.0,60.0,121.0,1,1,1.0
204,1,1017.0,285.0,60.0,120.0,1,1,1.0
205,1,1017.0,285.0,60.0,119.0,1,1,1.0
206,1,1018.0,284.0,59.0,116.0,1,1,1.0
207,1,1019.0,283.0,57.0,116.0,1,1,1.0
208,1,1021.0,281.0,54.0,117.0,1,1,1.0
209,1,1023.0,279.0,51.0,118.0,1,1,1.0
210,1,1024.0,278.0,50.0,119.0,1,1,1.0
211,1,1025.0,278.0,50.0,119.0,1,1,1.0
212,1,1025.0,278.0,51.0,118.0,1,1,1.0
213,1,1026.0,279.0,52.0,118.0,1,1,1.0
214,1,1026.0,280.0,52.0,117.0,1,1,1.0
215,1,1026.0,280.0,53.0,117.0,1,1,1.0
216,1,1026.0,279.0,54.0,117.0,1,1,1.0
217,1,1025.0,279.0,54.0,115.0,1,1,1.0
218,1,1025.0,278.0,54.0,114.0,1,1,1.0
219,1,1025.0,276.0,54.0,114.0,1,1,1.0
220,1,1026.0,275.0,53.0,114.0,1,1,1.0
221,1,1028.0,275.0,52.0,114.0,1,1,1.0
222,1,1028.0,274.0,52.0,114.0,1,1,1.0
223,1,1029.0,274.0,52.0,114.0,1,1,1.0
224,1,1029.0,275.0,53.0,114.0,1,1,1.0
225,1,1029.0,276.0,53.0,114.0,1,1,1.0
226,1,1028.0,276.0,54.0,113.0,1,1,1.0
227,1,1028.0,276.0,55.0,113.0,1,1,1.0
228,1,1028.0,276.0,55.0,112.0,1,1,1.0
229,1,1028.0,275.0,55.0,110.0,1,1,1.0
230,1,1029.0,274.0,54.0,109.0,1,1,1.0
231,1,1031.0,272.0,52.0,110.0,1,1,1.0
232,1,1033.0,271.0,50.0,111.0,1,1,1.0
233,1,1034.0,270.0,48.0,111.0,1,1,1.0
234,1,1034.0,270.0,48.0,111.0,1,1,1.0
235,1,1034.0,271.0,48.0,111.0,1,1,1.0
236,1,1034.0,272.0,48.0,110.0,1,1,1.0
237,1,1034.0,272.0,48.0,110.0,1,1,1.0
238,1,1034.0,271.0,49.0,110.0,1,1,1.0
239,1,1034.0,270.0,49.0,110.0,1,1,1.0
240,1,1034.0,269.0,49.0,108.0,1,1,1.0
241,1,1033.0,269.0,49.0,108.0,1,1,1.0
242,1,1033.0,268.0,48.0,108.0,1,1,1.0
243,1,1034.0,267.0,48.0,108.0,1,1,1.0
244,1,1033.0,266.0,49.0,109.0,1,1,1.0
245,1,1033.0,266.0,49.0,109.0,1,1,1.0
246,1,1032.0,267.0,50.0,108.0,1,1,1.0
247,1,1031.0,268.0,51.0,107.0,1,1,1.0
248,1,1030.0,268.0,52.0,107.0,1,1,1.0
249,1,1028.0,267.0,53.0,107.0,1,1,1.0
250,1,1027.0,267.0,53.0,107.0,1,1,1.0
251,1,1026.0,265.0,53.0,105.0,1,1,1.0
252,1,1025.0,265.0,54.0,104.0,1,1,1.0
253,1,1025.0,264.0,53.0,104.0,1,1,1.0
254,1,1025.0,263.0,52.0,104.0,1,1,1.0
255,1,1025.0,262.0,51.0,104.0,1,1,1.0
256,1,1025.0,263.0,51.0,104.0,1,1,1.0
257,1,1025.0,263.0,50.0,104.0,1,1,1.0
258,1,1025.0,263.0,50.0,104.0,1,1,1.0
259,1,1025.0,264.0,49.0,103.0,1,1,1.0
260,1,1025.0,264.0,49.0,103.0,1,1,1.0
261,1,1024.0,263.0,48.0,103.0,1,1,1.0
262,1,1024.0,262.0,47.0,102.0,1,1,1.0
263,1,1023.0,261.0,46.0,101.0,1,1,1.0
264,1,1023.0,259.0,46.0,102.0,1,1,1.0
265,1,1022.0,259.0,47.0,102.0,1,1,1.0
266,1,1022.0,258.0,47.0,102.0,1,1,1.0
267,1,1022.0,258.0,47.0,103.0,1,1,1.0
268,1,1022.0,259.0,47.0,103.0,1,1,1.0
269,1,1022.0,259.0,48.0,103.0,1,1,1.0
270,1,1021.0,259.0,49.0,102.0,1,1,1.0
271,1,1020.0,259.0,49.0,102.0,1,1,1.0
272,1,1019.0,259.0,50.0,101.0,1,1,1.0
273,1,1018.0,258.0,50.0,99.0,1,1,1.0
274,1,1018.0,257.0,51.0,98.0,1,1,1.0
275,1,1017.0,256.0,50.0,98.0,1,1,1.0
276,1,1018.0,255.0,49.0,99.0,1,1,1.0
277,1,1019.0,254.0,47.0,100.0,1,1,1.0
278,1,1019.0,254.0,46.0,100.0,1,1,1.0
279,1,1020.0,254.0,45.0,100.0,1,1,1.0
280,1,1021.0,255.0,43.0,99.0,1,1,1.0
281,1,1021.0,255.0,42.0,99.0,1,1,1.0
282,1,1022.0,255.0,41.0,99.0,1,1,1.0
283,1,1022.0,255.0,41.0,99.0,1,1,1.0
284,1,1022.0,254.0,41.0,99.0,1,1,1.0
285,1,1022.0,253.0,40.0,97.0,1,1,1.0
286,1,1022.0,252.0,40.0,97.0,1,1,1.0
287,1,1022.0,252.0,41.0,97.0,1,1,1.0
288,1,1021.0,251.0,42.0,97.0,1,1,1.0
289,1,1020.0,251.0,43.0,97.0,1,1,1.0
290,1,1019.0,251.0,44.0,96.0,1,1,1.0
291,1,1019.0,252.0,44.0,96.0,1,1,1.0
292,1,1018.0,252.0,45.0,96.0,1,1,1.0
293,1,1018.0,252.0,45.0,95.0,1,1,1.0
294,1,1017.0,252.0,46.0,95.0,1,1,1.0
295,1,1016.0,252.0,47.0,94.0,1,1,1.0
296,1,1015.0,251.0,47.0,92.0,1,1,1.0
297,1,1015.0,250.0,47.0,93.0,1,1,1.0
298,1,1015.0,249.0,45.0,94.0,1,1,1.0
299,1,1015.0,248.0,44.0,94.0,1,1,1.0
300,1,1016.0,247.0,43.0,94.0,1,1,1.0
301,1,1017.0,247.0,42.0,94.0,1,1,1.0
302,1,1018.0,247.0,41.0,94.0,1,1,1.0
303,1,1018.0,248.0,41.0,94.0,1,1,1.0
304,1,1018.0,248.0,40.0,94.0,1,1,1.0
305,1,1019.0,248.0,40.0,94.0,1,1,1.0
306,1,1019.0,247.0,39.0,94.0,1,1,1.0
307,1,1019.0,247.0,38.0,93.0,1,1,1.0
308,1,1019.0,247.0,38.0,92.0,1,1,1.0
309,1,1019.0,246.0,38.0,92.0,1,1,1.0
310,1,1019.0,246.0,39.0,92.0,1,1,1.0
311,1,1018.0,245.0,40.0,92.0,1,1,1.0
312,1,1018.0,245.0,41.0,92.0,1,1,1.0
313,1,1018.0,245.0,42.0,92.0,1,1,1.0
314,1,1017.0,246.0,44.0,92.0,1,1,1.0
315,1,1017.0,246.0,45.0,92.0,1,1,1.0
316,1,1017.0,246.0,46.0,91.0,1,1,1.0
317,1,1017.0,246.0,47.0,91.0,1,1,1.0
318,1,1017.0,245.0,46.0,90.0,1,1,1.0
319,1,1019.0,245.0,45.0,89.0,1,1,1.0
320,1,1021.0,245.0,41.0,90.0,1,1,1.0
321,1,1024.0,244.0,38.0,90.0,1,1,1.0
322,1,1025.0,244.0,36.0,90.0,1,1,1.0
323,1,1026.0,244.0,36.0,89.0,1,1,1.0
324,1,1026.0,245.0,36.0,89.0,1,1,1.0
325,1,1026.0,245.0,37.0,89.0,1,1,1.0
326,1,1026.0,245.0,38.0,89.0,1,1,1.0
327,1,1027.0,246.0,39.0,88.0,1,1,1.0
328,1,1027.0,246.0,39.0,87.0,1,1,1.0
329,1,1029.0,246.0,38.0,86.0,1,1,1.0
330,1,1032.0,246.0,37.0,85.0,1,1,1.0
331,1,1039.0,246.0,31.0,85.0,1,1,1.0
332,1,1043.0,246.0,29.0,86.0,1,1,1.0
333,1,1047.0,245.0,26.0,87.0,1,1,1.0
334,1,1048.0,245.0,28.0,87.0,1,1,1.0
335,1,1049.0,246.0,30.0,87.0,1,1,1.0
336,1,1049.0,246.0,32.0,87.0,1,1,1.0
337,1,1050.0,246.0,35.0,86.0,1,1,1.0
338,1,1049.0,247.0,37.0,86.0,1,1,1.0
339,1,1050.0,247.0,39.0,86.0,1,1,1.0
340,1,1050.0,247.0,41.0,87.0,1,1,1.0
341,1,1053.0,247.0,40.0,87.0,1,1,1.0
342,1,1063.0,247.0,34.0,86.0,1,1,1.0
343,1,1067.0,247.0,32.0,86.0,1,1,1.0
344,1,1070.0,247.0,33.0,87.0,1,1,1.0
345,1,1072.0,247.0,36.0,88.0,1,1,1.0
346,1,1073.0,247.0,38.0,88.0,1,1,1.0
347,1,1076.0,247.0,40.0,87.0,1,1,1.0
348,1,1075.0,247.0,47.0,88.0,1,1,1.0
349,1,1074.0,248.0,50.0,88.0,1,1,1.0
350,1,1075.0,249.0,52.0,87.0,1,1,1.0
351,1,1077.0,250.0,52.0,87.0,1,1,1.0
352,1,1082.0,250.0,48.0,87.0,1,1,1.0
353,1,1086.0,250.0,44.0,88.0,1,1,1.0
354,1,1092.0,250.0,40.0,89.0,1,1,1.0
355,1,1095.0,249.0,37.0,89.0,1,1,1.0
356,1,1098.0,249.0,34.0,89.0,1,1,1.0
357,1,1102.0,249.0,32.0,89.0,1,1,1.0
358,1,1104.0,250.0,32.0,89.0,1,1,1.0
359,1,1105.0,250.0,36.0,89.0,1,1,1.0
360,1,1105.0,251.0,42.0,89.0,1,1,1.0
361,1,1105.0,252.0,46.0,89.0,1,1,1.0
362,1,1105.0,253.0,49.0,89.0,1,1,1.0
363,1,1108.0,253.0,47.0,89.0,1,1,1.0
364,1,1111.0,253.0,46.0,89.0,1,1,1.0
365,1,1115.0,253.0,44.0,89.0,1,1,1.0
366,1,1122.0,253.0,43.0,90.0,1,1,1.0
367,1,1127.0,253.0,44.0,91.0,1,1,1.0
368,1,1133.0,253.0,43.0,91.0,1,1,1.0
369,1,1137.0,253.0,44.0,91.0,1,1,1.0
370,1,1140.0,253.0,45.0,91.0,1,1,1.0
371,1,1141.0,254.0,49.0,91.0,1,1,1.0
372,1,1141.0,255.0,52.0,90.0,1,1,1.0
373,1,1142.0,256.0,55.0,89.0,1,1,1.0
374,1,1143.0,257.0,56.0,90.0,1,1,1.0
375,1,1146.0,258.0,55.0,90.0,1,1,1.0
376,1,1149.0,258.0,52.0,90.0,1,1,1.0
377,1,1155.0,257.0,46.0,91.0,1,1,1.0
378,1,1160.0,257.0,40.0,91.0,1,1,1.0
379,1,1161.0,257.0,39.0,92.0,1,1,1.0
380,1,1163.0,257.0,36.0,93.0,1,1,1.0
381,1,1165.0,257.0,36.0,94.0,1,1,1.0
382,1,1166.0,258.0,39.0,94.0,1,1,1.0
383,1,1168.0,259.0,43.0,93.0,1,1,1.0
384,1,1170.0,260.0,45.0,93.0,1,1,1.0
385,1,1170.0,262.0,45.0,92.0,1,1,1.0
386,1,1172.0,262.0,44.0,93.0,1,1,1.0
387,1,1175.0,263.0,43.0,93.0,1,1,1.0
388,1,1179.0,263.0,42.0,93.0,1,1,1.0
389,1,1184.0,263.0,42.0,93.0,1,1,1.0
390,1,1190.0,262.0,41.0,93.0,1,1,1.0
391,1,1195.0,262.0,42.0,93.0,1,1,1.0
392,1,1198.0,262.0,43.0,93.0,1,1,1.0
393,1,1200.0,263.0,46.0,93.0,1,1,1.0
394,1,1201.0,264.0,50.0,93.0,1,1,1.0
395,1,1202.0,265.0,53.0,92.0,1,1,1.0
396,1,1203.0,266.0,55.0,92.0,1,1,1.0
397,1,1203.0,267.0,58.0,91.0,1,1,1.0
398,1,1205.0,267.0,58.0,92.0,1,1,1.0
399,1,1209.0,268.0,54.0,93.0,1,1,1.0
400,1,1212.0,267.0,50.0,93.0,1,1,1.0
401,1,1216.0,267.0,45.0,94.0,1,1,1.0
402,1,1219.0,267.0,40.0,95.0,1,1,1.0
403,1,1223.0,267.0,35.0,95.0,1,1,1.0
404,1,1224.0,268.0,34.0,95.0,1,1,1.0
405,1,1225.0,269.0,36.0,95.0,1,1,1.0
406,1,1226.0,269.0,42.0,95.0,1,1,1.0
407,1,1228.0,270.0,43.0,95.0,1,1,1.0
408,1,1230.0,271.0,43.0,95.0,1,1,1.0
409,1,1231.0,272.0,42.0,95.0,1,1,1.0
410,1,1234.0,272.0,42.0,95.0,1,1,1.0
411,1,1238.0,272.0,43.0,95.0,1,1,1.0
412,1,1242.0,272.0,44.0,95.0,1,1,1.0
413,1,1248.0,272.0,44.0,95.0,1,1,1.0
414,1,1252.0,272.0,45.0,95.0,1,1,1.0
415,1,1256.0,272.0,46.0,95.0,1,1,1.0
416,1,1258.0,273.0,47.0,96.0,1,1,1.0
417,1,1259.0,274.0,50.0,97.0,1,1,1.0
418,1,1260.0,275.0,53.0,96.0,1,1,1.0
419,1,1260.0,276.0,59.0,95.0,1,1,1.0
420,1,1261.0,278.0,60.0,96.0,1,1,1.0
421,1,1263.0,279.0,60.0,94.0,1,1,1.0
422,1,1267.0,279.0,57.0,95.0,1,1,1.0
423,1,1274.0,279.0,50.0,96.0,1,1,1.0
424,1,1276.0,278.0,47.0,97.0,1,1,1.0
425,1,1280.0,277.0,41.0,98.0,1,1,1.0
426,1,1283.0,277.0,36.0,99.0,1,1,1.0
427,1,1285.0,278.0,35.0,97.0,1,1,1.0
428,1,1285.0,279.0,39.0,98.0,1,1,1.0
429,1,1286.0,280.0,43.0,98.0,1,1,1.0
430,1,1287.0,281.0,45.0,97.0,1,1,1.0
431,1,1288.0,283.0,46.0,97.0,1,1,1.0
432,1,1290.0,283.0,46.0,97.0,1,1,1.0
433,1,1294.0,283.0,43.0,97.0,1,1,1.0
434,1,1298.0,283.0,43.0,98.0,1,1,1.0
435,1,1305.0,284.0,41.0,98.0,1,1,1.0
436,1,1309.0,283.0,42.0,99.0,1,1,1.0
437,1,1314.0,282.0,43.0,100.0,1,1,1.0
438,1,1317.0,282.0,46.0,100.0,1,1,1.0
439,1,1319.0,282.0,49.0,100.0,1,1,1.0
440,1,1320.0,283.0,52.0,99.0,1,1,1.0
441,1,1321.0,286.0,55.0,98.0,1,1,1.0
442,1,1322.0,287.0,56.0,96.0,1,1,1.0
443,1,1323.0,288.0,56.0,95.0,1,1,1.0
444,1,1326.0,289.0,55.0,95.0,1,1,1.0
445,1,1329.0,288.0,51.0,96.0,1,1,1.0
446,1,1331.0,288.0,47.0,96.0,1,1,1.0
447,1,1332.0,288.0,45.0,96.0,1,1,1.0
448,1,1334.0,288.0,44.0,97.0,1,1,1.0
449,1,1335.0,288.0,43.0,97.0,1,1,1.0
450,1,1336.0,289.0,43.0,97.0,1,1,1.0
451,1,1337.0,290.0,46.0,96.0,1,1,1.0
452,1,1338.0,292.0,48.0,94.0,1,1,1.0
453,1,1343.0,293.0,46.0,93.0,1,1,1.0
454,1,1350.0,294.0,42.0,92.0,1,1,1.0
455,1,1347.0,295.0,47.0,93.0,1,1,1.0
456,1,1351.0,295.0,46.0,95.0,1,1,1.0
457,1,1359.0,295.0,43.0,95.0,1,1,1.0
458,1,1364.0,295.0,43.0,96.0,1,1,1.0
459,1,1369.0,295.0,44.0,97.0,1,1,1.0
460,1,1373.0,295.0,46.0,101.0,1,1,1.0
461,1,1376.0,296.0,49.0,102.0,1,1,1.0
462,1,1377.0,297.0,52.0,103.0,1,1,1.0
463,1,1380.0,299.0,53.0,103.0,1,1,1.0
464,1,1382.0,300.0,55.0,102.0,1,1,1.0
465,1,1383.0,300.0,55.0,102.0,1,1,1.0
466,1,1384.0,301.0,57.0,101.0,1,1,1.0
467,1,1388.0,301.0,55.0,101.0,1,1,1.0
468,1,1393.0,301.0,50.0,101.0,1,1,1.0
469,1,1397.0,301.0,46.0,102.0,1,1,1.0
470,1,1401.0,301.0,42.0,101.0,1,1,1.0
473,1,1404.0,302.0,57.0,105.0,1,1,1.0
474,1,1405.0,303.0,58.0,105.0,1,1,1.0
475,1,1406.0,304.0,60.0,106.0,1,1,1.0
476,1,1406.0,306.0,60.0,105.0,1,1,1.0
477,1,1408.0,306.0,56.0,105.0,1,1,1.0
478,1,1408.0,306.0,56.0,105.0,1,1,1.0
479,1,1415.0,308.0,50.0,104.0,1,1,1.0
480,1,1423.0,307.0,45.0,105.0,1,1,1.0
481,1,1429.0,307.0,46.0,106.0,1,1,1.0
482,1,1433.0,307.0,48.0,106.0,1,1,1.0
483,1,1436.0,308.0,49.0,106.0,1,1,1.0
484,1,1439.0,311.0,52.0,105.0,1,1,1.0
485,1,1440.0,312.0,54.0,106.0,1,1,1.0
486,1,1441.0,314.0,56.0,104.0,1,1,1.0
487,1,1444.0,316.0,57.0,104.0,1,1,1.0
488,1,1446.0,316.0,56.0,104.0,1,1,1.0
489,1,1450.0,316.0,53.0,105.0,1,1,1.0
490,1,1454.0,316.0,50.0,105.0,1,1,1.0
491,1,1459.0,315.0,46.0,106.0,1,1,1.0
492,1,1461.0,315.0,44.0,107.0,1,1,1.0
493,1,1463.0,316.0,44.0,106.0,1,1,1.0
494,1,1466.0,316.0,44.0,107.0,1,1,1.0
495,1,1467.0,319.0,44.0,107.0,1,1,1.0
496,1,1468.0,320.0,46.0,106.0,1,1,1.0
497,1,1469.0,322.0,48.0,106.0,1,1,1.0
498,1,1469.0,324.0,51.0,106.0,1,1,1.0
499,1,1472.0,323.0,53.0,108.0,1,1,1.0
500,1,1476.0,323.0,52.0,108.0,1,1,1.0
501,1,1480.0,322.0,53.0,109.0,1,1,1.0
502,1,1483.0,322.0,53.0,108.0,1,1,1.0
503,1,1486.0,322.0,54.0,108.0,1,1,1.0
504,1,1489.0,323.0,55.0,109.0,1,1,1.0
505,1,1491.0,323.0,55.0,110.0,1,1,1.0
506,1,1492.0,324.0,56.0,111.0,1,1,1.0
507,1,1493.0,325.0,57.0,112.0,1,1,1.0
508,1,1494.0,327.0,59.0,111.0,1,1,1.0
509,1,1495.0,327.0,59.0,111.0,1,1,1.0
510,1,1496.0,327.0,59.0,111.0,1,1,1.0
511,1,1497.0,328.0,58.0,111.0,1,1,1.0
512,1,1499.0,328.0,56.0,111.0,1,1,1.0
513,1,1501.0,328.0,55.0,111.0,1,1,1.0
514,1,1502.0,328.0,56.0,110.0,1,1,1.0
515,1,1503.0,328.0,57.0,111.0,1,1,1.0
516,1,1503.0,329.0,57.0,113.0,1,1,1.0
517,1,1504.0,329.0,56.0,115.0,1,1,1.0
518,1,1505.0,330.0,56.0,116.0,1,1,1.0
519,1,1505.0,331.0,57.0,116.0,1,1,1.0
520,1,1507.0,333.0,57.0,115.0,1,1,1.0
521,1,1507.0,333.0,57.0,115.0,1,1,1.0
522,1,1509.0,333.0,56.0,115.0,1,1,1.0
523,1,1510.0,334.0,54.0,114.0,1,1,1.0
524,1,1511.0,334.0,52.0,113.0,1,1,1.0
525,1,1512.0,334.0,51.0,113.0,1,1,1.0
526,1,1512.0,334.0,49.0,113.0,1,1,1.0
527,1,1512.0,335.0,47.0,113.0,1,1,1.0
528,1,1511.0,336.0,45.0,111.0,1,1,1.0
529,1,1511.0,337.0,44.0,111.0,1,1,1.0
530,1,1511.0,338.0,43.0,112.0,1,1,1.0
531,1,1510.0,338.0,42.0,112.0,1,1,1.0
532,1,1510.0,339.0,42.0,113.0,1,1,1.0
533,1,1508.0,340.0,43.0,112.0,1,1,1.0
534,1,1507.0,340.0,43.0,113.0,1,1,1.0
535,1,1506.0,339.0,43.0,113.0,1,1,1.0
536,1,1505.0,338.0,44.0,114.0,1,1,1.0
537,1,1503.0,338.0,46.0,115.0,1,1,1.0
538,1,1502.0,337.0,48.0,115.0,1,1,1.0
539,1,1500.0,338.0,50.0,116.0,1,1,1.0
540,1,1497.0,338.0,53.0,118.0,1,1,1.0
541,1,1495.0,340.0,55.0,117.0,1,1,1.0
542,1,1494.0,341.0,57.0,117.0,1,1,1.0
543,1,1492.0,342.0,58.0,117.0,1,1,1.0
544,1,1490.0,343.0,60.0,116.0,1,1,1.0
545,1,1489.0,344.0,61.0,116.0,1,1,1.0
546,1,1488.0,344.0,59.0,116.0,1,1,1.0
547,1,1487.0,343.0,57.0,117.0,1,1,1.0
548,1,1485.0,342.0,56.0,118.0,1,1,1.0
549,1,1485.0,342.0,54.0,118.0,1,1,1.0
550,1,1484.0,342.0,52.0,117.0,1,1,1.0
551,1,1483.0,342.0,51.0,117.0,1,1,1.0
552,1,1480.0,343.0,51.0,116.0,1,1,1.0
553,1,1476.0,344.0,54.0,115.0,1,1,1.0
554,1,1473.0,345.0,53.0,114.0,1,1,1.0
555,1,1473.0,346.0,50.0,114.0,1,1,1.0
556,1,1472.0,345.0,49.0,116.0,1,1,1.0
557,1,1471.0,343.0,48.0,117.0,1,1,1.0
558,1,1468.0,343.0,50.0,118.0,1,1,1.0
559,1,1464.0,344.0,53.0,117.0,1,1,1.0
560,1,1460.0,342.0,56.0,119.0,1,1,1.0
561,1,1458.0,342.0,57.0,119.0,1,1,1.0
562,1,1455.0,342.0,60.0,121.0,1,1,1.0
563,1,1453.0,342.0,61.0,123.0,1,1,1.0
564,1,1451.0,342.0,63.0,123.0,1,1,1.0
565,1,1450.0,343.0,62.0,123.0,1,1,1.0
566,1,1446.0,344.0,65.0,123.0,1,1,1.0
567,1,1442.0,344.0,67.0,123.0,1,1,1.0
568,1,1442.0,344.0,64.0,123.0,1,1,1.0
569,1,1441.0,344.0,62.0,123.0,1,1,1.0
570,1,1438.0,343.0,60.0,124.0,1,1,1.0
571,1,1435.0,343.0,59.0,124.0,1,1,1.0
572,1,1432.0,342.0,59.0,125.0,1,1,1.0
573,1,1430.0,342.0,59.0,125.0,1,1,1.0
574,1,1426.0,342.0,61.0,125.0,1,1,1.0
575,1,1423.0,342.0,62.0,126.0,1,1,1.0
576,1,1420.0,341.0,63.0,127.0,1,1,1.0
577,1,1419.0,343.0,60.0,126.0,1,1,1.0
578,1,1417.0,344.0,57.0,126.0,1,1,1.0
579,1,1415.0,344.0,55.0,125.0,1,1,1.0
580,1,1413.0,343.0,54.0,126.0,1,1,1.0
581,1,1411.0,342.0,54.0,127.0,1,1,1.0
582,1,1410.0,340.0,54.0,129.0,1,1,1.0
583,1,1407.0,340.0,56.0,130.0,1,1,1.0
584,1,1406.0,340.0,58.0,131.0,1,1,1.0
585,1,1403.0,341.0,59.0,132.0,1,1,1.0
586,1,1400.0,342.0,63.0,132.0,1,1,1.0
587,1,1399.0,343.0,65.0,132.0,1,1,1.0
588,1,1397.0,344.0,66.0,132.0,1,1,1.0
589,1,1396.0,345.0,65.0,132.0,1,1,1.0
590,1,1395.0,345.0,64.0,132.0,1,1,1.0
591,1,1393.0,345.0,64.0,132.0,1,1,1.0
592,1,1388.0,345.0,66.0,132.0,1,1,1.0
593,1,1382.0,345.0,66.0,131.0,1,1,1.0
594,1,1381.0,345.0,61.0,131.0,1,1,1.0
595,1,1378.0,345.0,59.0,131.0,1,1,1.0
596,1,1375.0,344.0,59.0,132.0,1,1,1.0
597,1,1368.0,344.0,63.0,133.0,1,1,1.0
598,1,1365.0,345.0,63.0,133.0,1,1,1.0
599,1,1365.0,346.0,60.0,133.0,1,1,1.0
600,1,1363.0,347.0,59.0,133.0,1,1,1.0
601,1,1360.0,346.0,59.0,134.0,1,1,1.0
602,1,1359.0,345.0,57.0,135.0,1,1,1.0
603,1,1356.0,345.0,58.0,136.0,1,1,1.0
604,1,1354.0,344.0,57.0,137.0,1,1,1.0
605,1,1350.0,343.0,59.0,137.0,1,1,1.0
606,1,1349.0,343.0,61.0,138.0,1,1,1.0
607,1,1346.0,344.0,65.0,140.0,1,1,1.0
608,1,1341.0,344.0,70.0,141.0,1,1,1.0
609,1,1337.0,345.0,73.0,140.0,1,1,1.0
610,1,1335.0,347.0,75.0,139.0,1,1,1.0
611,1,1334.0,348.0,76.0,139.0,1,1,1.0
612,1,1332.0,348.0,75.0,139.0,1,1,1.0
613,1,1328.0,348.0,76.0,140.0,1,1,1.0
614,1,1325.0,347.0,75.0,140.0,1,1,1.0
615,1,1320.0,346.0,75.0,141.0,1,1,1.0
616,1,1316.0,346.0,74.0,141.0,1,1,1.0
617,1,1313.0,345.0,72.0,142.0,1,1,1.0
618,1,1310.0,345.0,73.0,143.0,1,1,1.0
619,1,1307.0,346.0,74.0,142.0,1,1,1.0
620,1,1302.0,347.0,76.0,141.0,1,1,1.0
621,1,1299.0,348.0,74.0,140.0,1,1,1.0
622,1,1297.0,349.0,70.0,139.0,1,1,1.0
623,1,1295.0,349.0,68.0,140.0,1,1,1.0
624,1,1293.0,348.0,65.0,141.0,1,1,1.0
625,1,1290.0,347.0,63.0,142.0,1,1,1.0
626,1,1287.0,346.0,61.0,142.0,1,1,1.0
627,1,1284.0,345.0,62.0,143.0,1,1,1.0
628,1,1281.0,345.0,64.0,146.0,1,1,1.0
629,1,1277.0,345.0,66.0,146.0,1,1,1.0
630,1,1273.0,346.0,69.0,148.0,1,1,1.0
631,1,1270.0,347.0,70.0,147.0,1,1,1.0
632,1,1267.0,348.0,71.0,147.0,1,1,1.0
633,1,1264.0,349.0,71.0,147.0,1,1,1.0
634,1,1263.0,350.0,70.0,147.0,1,1,1.0
635,1,1261.0,350.0,67.0,147.0,1,1,1.0
636,1,1260.0,349.0,64.0,148.0,1,1,1.0
637,1,1257.0,349.0,61.0,148.0,1,1,1.0
638,1,1254.0,348.0,60.0,149.0,1,1,1.0
639,1,1249.0,347.0,61.0,150.0,1,1,1.0
640,1,1239.0,347.0,67.0,149.0,1,1,1.0
641,1,1233.0,348.0,71.0,149.0,1,1,1.0
642,1,1227.0,349.0,75.0,149.0,1,1,1.0
643,1,1225.0,350.0,75.0,148.0,1,1,1.0
644,1,1223.0,351.0,72.0,148.0,1,1,1.0
645,1,1222.0,351.0,67.0,149.0,1,1,1.0
646,1,1219.0,351.0,66.0,149.0,1,1,1.0
647,1,1216.0,350.0,64.0,150.0,1,1,1.0
648,1,1213.0,349.0,65.0,151.0,1,1,1.0
649,1,1209.0,348.0,68.0,152.0,1,1,1.0
650,1,1206.0,348.0,71.0,154.0,1,1,1.0
651,1,1199.0,348.0,76.0,155.0,1,1,1.0
652,1,1196.0,349.0,78.0,156.0,1,1,1.0
653,1,1194.0,350.0,80.0,156.0,1,1,1.0
654,1,1190.0,352.0,82.0,156.0,1,1,1.0
655,1,1187.0,353.0,81.0,155.0,1,1,1.0
656,1,1184.0,354.0,79.0,155.0,1,1,1.0
657,1,1181.0,354.0,79.0,155.0,1,1,1.0
658,1,1176.0,354.0,79.0,156.0,1,1,1.0
659,1,1174.0,353.0,75.0,157.0,1,1,1.0
660,1,1169.0,352.0,73.0,157.0,1,1,1.0
661,1,1167.0,351.0,72.0,158.0,1,1,1.0
662,1,1165.0,351.0,74.0,158.0,1,1,1.0
663,1,1158.0,351.0,80.0,158.0,1,1,1.0
664,1,1150.0,352.0,86.0,157.0,1,1,1.0
665,1,1143.0,354.0,90.0,156.0,1,1,1.0
666,1,1141.0,354.0,89.0,156.0,1,1,1.0
667,1,1139.0,355.0,85.0,156.0,1,1,1.0
668,1,1139.0,354.0,79.0,156.0,1,1,1.0
669,1,1138.0,354.0,72.0,157.0,1,1,1.0
670,1,1136.0,353.0,68.0,158.0,1,1,1.0
671,1,1133.0,351.0,66.0,159.0,1,1,1.0
672,1,1129.0,351.0,66.0,160.0,1,1,1.0
673,1,1124.0,351.0,65.0,163.0,1,1,1.0
674,1,1118.0,351.0,69.0,165.0,1,1,1.0
675,1,1114.0,352.0,74.0,165.0,1,1,1.0
676,1,1108.0,354.0,79.0,165.0,1,1,1.0
677,1,1102.0,355.0,83.0,164.0,1,1,1.0
678,1,1098.0,356.0,85.0,163.0,1,1,1.0
679,1,1095.0,357.0,82.0,163.0,1,1,1.0
680,1,1093.0,356.0,78.0,163.0,1,1,1.0
681,1,1089.0,356.0,74.0,164.0,1,1,1.0
682,1,1084.0,355.0,69.0,165.0,1,1,1.0
683,1,1079.0,354.0,66.0,166.0,1,1,1.0
684,1,1074.0,353.0,66.0,166.0,1,1,1.0
685,1,1069.0,353.0,67.0,167.0,1,1,1.0
686,1,1057.0,354.0,75.0,167.0,1,1,1.0
687,1,1048.0,355.0,80.0,167.0,1,1,1.0
688,1,1042.0,356.0,81.0,167.0,1,1,1.0
689,1,1039.0,358.0,82.0,167.0,1,1,1.0
690,1,1039.0,358.0,81.0,167.0,1,1,1.0
691,1,1038.0,357.0,79.0,168.0,1,1,1.0
692,1,1036.0,356.0,74.0,169.0,1,1,1.0
693,1,1033.0,355.0,69.0,170.0,1,1,1.0
694,1,1030.0,355.0,64.0,171.0,1,1,1.0
695,1,1026.0,354.0,63.0,172.0,1,1,1.0
696,1,1021.0,354.0,65.0,175.0,1,1,1.0
697,1,1016.0,355.0,71.0,177.0,1,1,1.0
698,1,1009.0,356.0,79.0,177.0,1,1,1.0
699,1,1001.0,358.0,86.0,176.0,1,1,1.0
700,1,995.0,360.0,89.0,176.0,1,1,1.0
701,1,993.0,361.0,85.0,176.0,1,1,1.0
702,1,992.0,362.0,80.0,175.0,1,1,1.0
703,1,990.0,362.0,74.0,175.0,1,1,1.0
704,1,986.0,361.0,67.0,175.0,1,1,1.0
705,1,982.0,361.0,62.0,176.0,1,1,1.0
706,1,970.0,360.0,69.0,176.0,1,1,1.0
707,1,968.0,360.0,66.0,176.0,1,1,1.0
708,1,957.0,360.0,74.0,177.0,1,1,1.0
709,1,946.0,362.0,82.0,177.0,1,1,1.0
710,1,939.0,363.0,85.0,177.0,1,1,1.0
711,1,936.0,365.0,85.0,178.0,1,1,1.0
712,1,934.0,366.0,84.0,179.0,1,1,1.0
713,1,933.0,366.0,81.0,179.0,1,1,1.0
714,1,933.0,366.0,75.0,180.0,1,1,1.0
715,1,930.0,366.0,70.0,180.0,1,1,1.0
716,1,926.0,365.0,65.0,181.0,1,1,1.0
717,1,920.0,365.0,67.0,182.0,1,1,1.0
718,1,914.0,365.0,72.0,184.0,1,1,1.0
719,1,909.0,366.0,78.0,185.0,1,1,1.0
720,1,900.0,367.0,86.0,187.0,1,1,1.0
721,1,892.0,369.0,93.0,187.0,1,1,1.0
722,1,887.0,371.0,94.0,186.0,1,1,1.0
723,1,884.0,373.0,90.0,185.0,1,1,1.0
724,1,883.0,374.0,83.0,184.0,1,1,1.0
725,1,879.0,374.0,78.0,184.0,1,1,1.0
726,1,876.0,373.0,69.0,184.0,1,1,1.0
727,1,870.0,373.0,65.0,185.0,1,1,1.0
728,1,864.0,372.0,64.0,185.0,1,1,1.0
729,1,857.0,372.0,66.0,185.0,1,1,1.0
730,1,845.0,373.0,76.0,186.0,1,1,1.0
731,1,833.0,375.0,84.0,186.0,1,1,1.0
732,1,824.0,377.0,87.0,186.0,1,1,1.0
733,1,822.0,378.0,88.0,187.0,1,1,1.0
734,1,819.0,379.0,90.0,187.0,1,1,1.0
735,1,819.0,379.0,87.0,188.0,1,1,1.0
736,1,819.0,379.0,80.0,189.0,1,1,1.0
737,1,817.0,378.0,72.0,189.0,1,1,1.0
738,1,813.0,378.0,65.0,190.0,1,1,1.0
739,1,808.0,378.0,62.0,190.0,1,1,1.0
740,1,801.0,378.0,66.0,193.0,1,1,1.0
741,1,794.0,380.0,72.0,196.0,1,1,1.0
742,1,782.0,382.0,83.0,196.0,1,1,1.0
743,1,772.0,384.0,90.0,196.0,1,1,1.0
744,1,765.0,387.0,95.0,195.0,1,1,1.0
745,1,762.0,388.0,91.0,195.0,1,1,1.0
746,1,762.0,389.0,83.0,194.0,1,1,1.0
747,1,760.0,389.0,72.0,194.0,1,1,1.0
748,1,755.0,389.0,65.0,194.0,1,1,1.0
749,1,747.0,388.0,63.0,195.0,1,1,1.0
750,1,741.0,387.0,64.0,195.0,1,1,1.0
751,1,733.0,387.0,67.0,196.0,1,1,1.0
752,1,717.0,389.0,79.0,195.0,1,1,1.0
753,1,704.0,391.0,90.0,195.0,1,1,1.0
754,1,696.0,393.0,96.0,195.0,1,1,1.0
755,1,692.0,394.0,99.0,196.0,1,1,1.0
756,1,690.0,395.0,99.0,196.0,1,1,1.0
757,1,684.0,395.0,99.0,196.0,1,1,1.0
758,1,682.0,394.0,90.0,197.0,1,1,1.0
759,1,680.0,393.0,80.0,197.0,1,1,1.0
760,1,679.0,392.0,70.0,198.0,1,1,1.0
761,1,674.0,392.0,71.0,202.0,1,1,1.0
762,1,664.0,393.0,79.0,206.0,1,1,1.0
763,1,653.0,395.0,88.0,207.0,1,1,1.0
764,1,642.0,397.0,96.0,207.0,1,1,1.0
765,1,634.0,399.0,99.0,206.0,1,1,1.0
766,1,630.0,401.0,97.0,206.0,1,1,1.0
767,1,628.0,403.0,93.0,205.0,1,1,1.0
768,1,628.0,403.0,85.0,204.0,1,1,1.0
769,1,627.0,403.0,73.0,204.0,1,1,1.0
770,1,622.0,403.0,72.0,204.0,1,1,1.0
771,1,613.0,402.0,75.0,204.0,1,1,1.0
772,1,606.0,402.0,75.0,204.0,1,1,1.0
773,1,598.0,403.0,78.0,204.0,1,1,1.0
774,1,581.0,404.0,87.0,204.0,1,1,1.0
775,1,567.0,407.0,96.0,204.0,1,1,1.0
776,1,561.0,409.0,101.0,205.0,1,1,1.0
777,1,557.0,410.0,103.0,206.0,1,1,1.0
778,1,555.0,411.0,102.0,206.0,1,1,1.0
779,1,551.0,411.0,99.0,206.0,1,1,1.0
780,1,544.0,411.0,96.0,207.0,1,1,1.0
781,1,536.0,411.0,91.0,207.0,1,1,1.0
782,1,528.0,410.0,85.0,207.0,1,1,1.0
783,1,530.0,410.0,72.0,209.0,1,1,1.0
784,1,527.0,411.0,70.0,213.0,1,1,1.0
785,1,515.0,413.0,79.0,215.0,1,1,1.0
786,1,500.0,415.0,91.0,215.0,1,1,1.0
787,1,489.0,418.0,100.0,213.0,1,1,1.0
788,1,483.0,421.0,106.0,212.0,1,1,1.0
789,1,481.0,423.0,106.0,211.0,1,1,1.0
790,1,480.0,425.0,99.0,210.0,1,1,1.0
791,1,476.0,425.0,89.0,210.0,1,1,1.0
792,1,470.0,424.0,83.0,210.0,1,1,1.0
793,1,462.0,423.0,84.0,211.0,1,1,1.0
794,1,452.0,423.0,83.0,211.0,1,1,1.0
795,1,442.0,423.0,85.0,211.0,1,1,1.0
796,1,431.0,424.0,89.0,210.0,1,1,1.0
797,1,414.0,426.0,103.0,211.0,1,1,1.0
798,1,402.0,429.0,113.0,210.0,1,1,1.0
799,1,394.0,432.0,120.0,211.0,1,1,1.0
800,1,390.0,434.0,122.0,210.0,1,1,1.0
801,1,389.0,434.0,119.0,211.0,1,1,1.0
802,1,388.0,434.0,109.0,211.0,1,1,1.0
803,1,385.0,434.0,99.0,212.0,1,1,1.0
804,1,381.0,433.0,86.0,213.0,1,1,1.0
805,1,373.0,432.0,78.0,213.0,1,1,1.0
806,1,364.0,432.0,79.0,214.0,1,1,1.0
807,1,358.0,433.0,75.0,217.0,1,1,1.0
808,1,349.0,435.0,78.0,220.0,1,1,1.0
809,1,335.0,437.0,90.0,221.0,1,1,1.0
810,1,321.0,440.0,103.0,221.0,1,1,1.0
811,1,313.0,443.0,115.0,221.0,1,1,1.0
812,1,308.0,447.0,118.0,223.0,1,1,1.0
813,1,305.0,449.0,117.0,223.0,1,1,1.0
814,1,304.0,451.0,111.0,222.0,1,1,1.0
815,1,301.0,452.0,99.0,220.0,1,1,1.0
819,1,272.0,449.0,99.0,224.0,1,1,1.0
820,1,264.0,449.0,101.0,224.0,1,1,1.0
