1,1,1121.0,832.0,184.0,247.0,1,1,1.0
2,1,1114.0,829.0,190.0,250.0,1,1,1.0
3,1,1109.0,824.0,194.0,254.0,1,1,1.0
4,1,1104.0,821.0,196.0,257.0,1,1,1.0
5,1,1098.0,819.0,197.0,260.0,1,1,1.0
6,1,1096.0,816.0,195.0,262.0,1,1,1.0
7,1,1095.0,815.0,189.0,264.0,1,1,1.0
8,1,1094.0,811.0,183.0,268.0,1,1,1.0
9,1,1095.0,805.0,174.0,273.0,1,1,1.0
10,1,1099.0,799.0,162.0,279.0,1,1,1.0
11,1,1103.0,793.0,150.0,286.0,1,1,1.0
12,1,1105.0,787.0,142.0,292.0,1,1,1.0
13,1,1106.0,782.0,137.0,296.0,1,1,1.0
14,1,1106.0,779.0,134.0,299.0,1,1,1.0
15,1,1105.0,778.0,131.0,300.0,1,1,1.0
16,1,1103.0,777.0,128.0,298.0,1,1,1.0
17,1,1099.0,776.0,127.0,301.0,1,1,1.0
18,1,1093.0,775.0,127.0,303.0,1,1,1.0
19,1,1086.0,772.0,129.0,306.0,1,1,1.0
20,1,1079.0,768.0,133.0,310.0,1,1,1.0
21,1,1072.0,764.0,139.0,309.0,1,1,1.0
22,1,1065.0,759.0,147.0,303.0,1,1,1.0
23,1,1059.0,754.0,153.0,303.0,1,1,1.0
24,1,1052.0,751.0,160.0,305.0,1,1,1.0
25,1,1047.0,748.0,162.0,307.0,1,1,1.0
26,1,1042.0,747.0,164.0,309.0,1,1,1.0
27,1,1038.0,746.0,165.0,309.0,1,1,1.0
28,1,1035.0,746.0,163.0,309.0,1,1,1.0
29,1,1033.0,744.0,160.0,306.0,1,1,1.0
30,1,1031.0,741.0,155.0,303.0,1,1,1.0
31,1,1031.0,738.0,148.0,294.0,1,1,1.0
32,1,1032.0,733.0,141.0,285.0,1,1,1.0
33,1,1035.0,729.0,132.0,285.0,1,1,1.0
34,1,1037.0,726.0,125.0,284.0,1,1,1.0
35,1,1038.0,724.0,121.0,285.0,1,1,1.0
36,1,1038.0,724.0,118.0,286.0,1,1,1.0
37,1,1036.0,724.0,115.0,286.0,1,1,1.0
38,1,1034.0,724.0,113.0,286.0,1,1,1.0
39,1,1030.0,723.0,114.0,286.0,1,1,1.0
40,1,1024.0,720.0,115.0,284.0,1,1,1.0
41,1,1018.0,717.0,119.0,281.0,1,1,1.0
42,1,1013.0,713.0,125.0,273.0,1,1,1.0
43,1,1008.0,708.0,129.0,266.0,1,1,1.0
44,1,1004.0,704.0,133.0,265.0,1,1,1.0
45,1,999.0,700.0,139.0,267.0,1,1,1.0
46,1,995.0,698.0,143.0,269.0,1,1,1.0
47,1,993.0,697.0,145.0,270.0,1,1,1.0
48,1,990.0,697.0,145.0,270.0,1,1,1.0
49,1,989.0,697.0,144.0,270.0,1,1,1.0
50,1,989.0,696.0,141.0,270.0,1,1,1.0
51,1,990.0,694.0,138.0,266.0,1,1,1.0
52,1,992.0,691.0,134.0,261.0,1,1,1.0
53,1,996.0,687.0,127.0,254.0,1,1,1.0
54,1,1000.0,684.0,119.0,249.0,1,1,1.0
55,1,1003.0,680.0,112.0,249.0,1,1,1.0
56,1,1006.0,679.0,107.0,250.0,1,1,1.0
57,1,1007.0,678.0,105.0,250.0,1,1,1.0
58,1,1006.0,678.0,104.0,250.0,1,1,1.0
59,1,1004.0,678.0,104.0,249.0,1,1,1.0
60,1,1001.0,678.0,105.0,249.0,1,1,1.0
61,1,997.0,677.0,106.0,247.0,1,1,1.0
62,1,994.0,675.0,108.0,245.0,1,1,1.0
63,1,991.0,673.0,112.0,240.0,1,1,1.0
64,1,989.0,670.0,115.0,232.0,1,1,1.0
65,1,988.0,666.0,118.0,232.0,1,1,1.0
66,1,986.0,663.0,122.0,233.0,1,1,1.0
67,1,984.0,661.0,125.0,234.0,1,1,1.0
68,1,983.0,661.0,127.0,235.0,1,1,1.0
69,1,981.0,661.0,129.0,236.0,1,1,1.0
70,1,979.0,661.0,129.0,235.0,1,1,1.0
71,1,978.0,661.0,128.0,234.0,1,1,1.0
72,1,979.0,659.0,125.0,232.0,1,1,1.0
73,1,980.0,657.0,121.0,230.0,1,1,1.0
74,1,982.0,654.0,114.0,225.0,1,1,1.0
75,1,984.0,650.0,106.0,221.0,1,1,1.0
76,1,987.0,647.0,100.0,221.0,1,1,1.0
77,1,988.0,645.0,97.0,220.0,1,1,1.0
78,1,988.0,644.0,95.0,220.0,1,1,1.0
79,1,988.0,644.0,94.0,221.0,1,1,1.0
80,1,986.0,645.0,93.0,220.0,1,1,1.0
81,1,985.0,645.0,92.0,220.0,1,1,1.0
82,1,986.0,644.0,89.0,219.0,1,1,1.0
83,1,984.0,643.0,88.0,218.0,1,1,1.0
84,1,981.0,641.0,91.0,214.0,1,1,1.0
85,1,977.0,638.0,96.0,207.0,1,1,1.0
86,1,971.0,635.0,101.0,206.0,1,1,1.0
87,1,966.0,633.0,106.0,207.0,1,1,1.0
88,1,964.0,631.0,107.0,208.0,1,1,1.0
89,1,961.0,630.0,108.0,209.0,1,1,1.0
90,1,960.0,630.0,110.0,210.0,1,1,1.0
91,1,958.0,631.0,110.0,210.0,1,1,1.0
92,1,957.0,631.0,110.0,209.0,1,1,1.0
93,1,956.0,630.0,109.0,208.0,1,1,1.0
94,1,956.0,629.0,106.0,206.0,1,1,1.0
95,1,958.0,627.0,102.0,202.0,1,1,1.0
96,1,959.0,625.0,96.0,198.0,1,1,1.0
97,1,961.0,622.0,90.0,199.0,1,1,1.0
98,1,961.0,620.0,86.0,198.0,1,1,1.0
99,1,961.0,619.0,84.0,198.0,1,1,1.0
100,1,961.0,618.0,83.0,198.0,1,1,1.0
101,1,960.0,619.0,83.0,198.0,1,1,1.0
102,1,959.0,619.0,82.0,197.0,1,1,1.0
103,1,958.0,619.0,81.0,197.0,1,1,1.0
104,1,955.0,618.0,81.0,197.0,1,1,1.0
105,1,952.0,616.0,84.0,195.0,1,1,1.0
106,1,948.0,614.0,90.0,192.0,1,1,1.0
107,1,944.0,612.0,96.0,189.0,1,1,1.0
108,1,940.0,610.0,101.0,188.0,1,1,1.0
109,1,936.0,608.0,104.0,190.0,1,1,1.0
110,1,934.0,607.0,106.0,190.0,1,1,1.0
111,1,932.0,607.0,107.0,190.0,1,1,1.0
112,1,930.0,607.0,107.0,190.0,1,1,1.0
113,1,930.0,608.0,105.0,189.0,1,1,1.0
114,1,930.0,608.0,103.0,188.0,1,1,1.0
115,1,930.0,606.0,100.0,188.0,1,1,1.0
116,1,930.0,605.0,96.0,185.0,1,1,1.0
117,1,931.0,603.0,92.0,183.0,1,1,1.0
118,1,933.0,601.0,87.0,181.0,1,1,1.0
119,1,935.0,599.0,82.0,180.0,1,1,1.0
120,1,936.0,599.0,78.0,180.0,1,1,1.0
121,1,937.0,598.0,76.0,179.0,1,1,1.0
122,1,937.0,598.0,75.0,179.0,1,1,1.0
123,1,936.0,599.0,75.0,179.0,1,1,1.0
124,1,934.0,599.0,76.0,179.0,1,1,1.0
125,1,933.0,599.0,76.0,178.0,1,1,1.0
126,1,931.0,598.0,78.0,176.0,1,1,1.0
127,1,927.0,597.0,83.0,172.0,1,1,1.0
128,1,923.0,595.0,87.0,170.0,1,1,1.0
129,1,920.0,592.0,91.0,171.0,1,1,1.0
130,1,918.0,590.0,93.0,172.0,1,1,1.0
131,1,916.0,589.0,95.0,172.0,1,1,1.0
132,1,915.0,588.0,95.0,173.0,1,1,1.0
133,1,915.0,588.0,95.0,173.0,1,1,1.0
134,1,915.0,589.0,93.0,172.0,1,1,1.0
135,1,916.0,590.0,91.0,171.0,1,1,1.0
136,1,917.0,590.0,89.0,171.0,1,1,1.0
137,1,919.0,588.0,87.0,169.0,1,1,1.0
138,1,921.0,587.0,84.0,167.0,1,1,1.0
139,1,923.0,586.0,80.0,165.0,1,1,1.0
140,1,926.0,584.0,74.0,164.0,1,1,1.0
141,1,927.0,583.0,72.0,164.0,1,1,1.0
142,1,927.0,582.0,72.0,164.0,1,1,1.0
143,1,926.0,582.0,73.0,164.0,1,1,1.0
144,1,925.0,583.0,73.0,164.0,1,1,1.0
145,1,923.0,583.0,74.0,163.0,1,1,1.0
146,1,921.0,583.0,74.0,163.0,1,1,1.0
147,1,920.0,583.0,74.0,162.0,1,1,1.0
148,1,919.0,582.0,75.0,160.0,1,1,1.0
149,1,917.0,580.0,76.0,157.0,1,1,1.0
150,1,916.0,578.0,78.0,157.0,1,1,1.0
151,1,914.0,576.0,79.0,157.0,1,1,1.0
152,1,913.0,575.0,81.0,157.0,1,1,1.0
153,1,911.0,574.0,83.0,158.0,1,1,1.0
154,1,911.0,574.0,85.0,158.0,1,1,1.0
155,1,910.0,575.0,87.0,157.0,1,1,1.0
156,1,910.0,575.0,86.0,157.0,1,1,1.0
157,1,912.0,576.0,84.0,156.0,1,1,1.0
158,1,914.0,575.0,82.0,155.0,1,1,1.0
159,1,917.0,574.0,78.0,153.0,1,1,1.0
160,1,920.0,573.0,75.0,151.0,1,1,1.0
161,1,922.0,572.0,71.0,150.0,1,1,1.0
162,1,924.0,571.0,68.0,150.0,1,1,1.0
163,1,925.0,570.0,65.0,150.0,1,1,1.0
164,1,925.0,570.0,65.0,150.0,1,1,1.0
165,1,924.0,570.0,66.0,151.0,1,1,1.0
166,1,923.0,570.0,68.0,150.0,1,1,1.0
167,1,922.0,570.0,70.0,150.0,1,1,1.0
168,1,921.0,570.0,72.0,149.0,1,1,1.0
169,1,920.0,570.0,73.0,149.0,1,1,1.0
170,1,920.0,569.0,75.0,147.0,1,1,1.0
171,1,920.0,568.0,75.0,144.0,1,1,1.0
172,1,920.0,566.0,75.0,144.0,1,1,1.0
173,1,921.0,564.0,75.0,145.0,1,1,1.0
174,1,921.0,563.0,75.0,145.0,1,1,1.0
175,1,921.0,563.0,76.0,146.0,1,1,1.0
176,1,921.0,563.0,76.0,146.0,1,1,1.0
177,1,922.0,564.0,76.0,145.0,1,1,1.0
178,1,922.0,564.0,75.0,145.0,1,1,1.0
179,1,923.0,565.0,74.0,143.0,1,1,1.0
180,1,925.0,565.0,72.0,142.0,1,1,1.0
181,1,927.0,564.0,71.0,140.0,1,1,1.0
182,1,928.0,563.0,69.0,139.0,1,1,1.0
183,1,930.0,562.0,67.0,139.0,1,1,1.0
184,1,931.0,561.0,64.0,139.0,1,1,1.0
185,1,931.0,560.0,62.0,139.0,1,1,1.0
186,1,931.0,560.0,61.0,139.0,1,1,1.0
187,1,931.0,561.0,60.0,139.0,1,1,1.0
188,1,930.0,562.0,60.0,138.0,1,1,1.0
189,1,930.0,562.0,63.0,138.0,1,1,1.0
190,1,930.0,562.0,65.0,137.0,1,1,1.0
191,1,930.0,561.0,67.0,136.0,1,1,1.0
192,1,929.0,560.0,68.0,132.0,1,1,1.0
193,1,929.0,559.0,68.0,132.0,1,1,1.0
194,1,929.0,556.0,69.0,133.0,1,1,1.0
195,1,928.0,555.0,69.0,135.0,1,1,1.0
196,1,928.0,554.0,71.0,136.0,1,1,1.0
197,1,927.0,554.0,72.0,136.0,1,1,1.0
198,1,926.0,555.0,73.0,135.0,1,1,1.0
199,1,926.0,555.0,73.0,134.0,1,1,1.0
200,1,926.0,556.0,73.0,134.0,1,1,1.0
201,1,926.0,555.0,72.0,133.0,1,1,1.0
202,1,927.0,555.0,71.0,132.0,1,1,1.0
203,1,927.0,554.0,69.0,130.0,1,1,1.0
204,1,929.0,553.0,66.0,130.0,1,1,1.0
205,1,930.0,552.0,63.0,129.0,1,1,1.0
206,1,932.0,551.0,59.0,129.0,1,1,1.0
207,1,932.0,551.0,57.0,129.0,1,1,1.0
208,1,932.0,552.0,56.0,129.0,1,1,1.0
209,1,932.0,552.0,56.0,129.0,1,1,1.0
210,1,931.0,553.0,56.0,128.0,1,1,1.0
211,1,930.0,553.0,56.0,128.0,1,1,1.0
212,1,928.0,553.0,57.0,127.0,1,1,1.0
213,1,927.0,552.0,58.0,126.0,1,1,1.0
214,1,926.0,550.0,59.0,124.0,1,1,1.0
215,1,925.0,549.0,61.0,124.0,1,1,1.0
216,1,924.0,548.0,62.0,125.0,1,1,1.0
217,1,923.0,547.0,63.0,125.0,1,1,1.0
218,1,920.0,547.0,66.0,125.0,1,1,1.0
219,1,919.0,547.0,68.0,125.0,1,1,1.0
220,1,918.0,548.0,68.0,124.0,1,1,1.0
221,1,918.0,549.0,67.0,124.0,1,1,1.0
222,1,919.0,549.0,66.0,123.0,1,1,1.0
223,1,921.0,548.0,64.0,123.0,1,1,1.0
224,1,923.0,548.0,61.0,122.0,1,1,1.0
225,1,924.0,546.0,58.0,121.0,1,1,1.0
226,1,926.0,545.0,55.0,122.0,1,1,1.0
227,1,927.0,544.0,53.0,121.0,1,1,1.0
228,1,927.0,543.0,52.0,121.0,1,1,1.0
229,1,927.0,543.0,52.0,121.0,1,1,1.0
230,1,926.0,544.0,52.0,121.0,1,1,1.0
231,1,925.0,545.0,52.0,121.0,1,1,1.0
232,1,924.0,545.0,52.0,120.0,1,1,1.0
233,1,922.0,545.0,53.0,119.0,1,1,1.0
234,1,920.0,545.0,55.0,118.0,1,1,1.0
235,1,919.0,544.0,55.0,116.0,1,1,1.0
236,1,917.0,542.0,57.0,116.0,1,1,1.0
237,1,916.0,541.0,60.0,116.0,1,1,1.0
238,1,915.0,540.0,61.0,117.0,1,1,1.0
239,1,914.0,540.0,62.0,117.0,1,1,1.0
240,1,913.0,540.0,63.0,117.0,1,1,1.0
241,1,913.0,541.0,63.0,116.0,1,1,1.0
242,1,913.0,541.0,62.0,116.0,1,1,1.0
243,1,913.0,542.0,61.0,115.0,1,1,1.0
244,1,912.0,541.0,60.0,115.0,1,1,1.0
245,1,913.0,540.0,59.0,113.0,1,1,1.0
246,1,915.0,539.0,57.0,114.0,1,1,1.0
247,1,916.0,537.0,56.0,114.0,1,1,1.0
248,1,916.0,536.0,54.0,115.0,1,1,1.0
249,1,916.0,536.0,53.0,115.0,1,1,1.0
250,1,916.0,536.0,52.0,115.0,1,1,1.0
251,1,916.0,537.0,51.0,114.0,1,1,1.0
252,1,915.0,538.0,51.0,113.0,1,1,1.0
253,1,914.0,538.0,51.0,112.0,1,1,1.0
254,1,913.0,538.0,52.0,112.0,1,1,1.0
255,1,911.0,538.0,53.0,111.0,1,1,1.0
256,1,909.0,537.0,55.0,109.0,1,1,1.0
257,1,908.0,536.0,56.0,109.0,1,1,1.0
258,1,908.0,535.0,56.0,110.0,1,1,1.0
259,1,907.0,534.0,58.0,110.0,1,1,1.0
260,1,906.0,534.0,59.0,111.0,1,1,1.0
261,1,905.0,534.0,60.0,111.0,1,1,1.0
262,1,904.0,534.0,60.0,110.0,1,1,1.0
263,1,904.0,535.0,60.0,110.0,1,1,1.0
264,1,904.0,535.0,59.0,109.0,1,1,1.0
265,1,905.0,535.0,58.0,109.0,1,1,1.0
266,1,906.0,534.0,56.0,108.0,1,1,1.0
267,1,908.0,533.0,53.0,107.0,1,1,1.0
268,1,910.0,532.0,50.0,108.0,1,1,1.0
269,1,912.0,531.0,47.0,108.0,1,1,1.0
270,1,913.0,530.0,45.0,108.0,1,1,1.0
271,1,912.0,530.0,45.0,109.0,1,1,1.0
272,1,911.0,530.0,46.0,109.0,1,1,1.0
273,1,910.0,530.0,47.0,108.0,1,1,1.0
274,1,909.0,531.0,48.0,107.0,1,1,1.0
275,1,908.0,532.0,48.0,107.0,1,1,1.0
276,1,906.0,531.0,50.0,106.0,1,1,1.0
277,1,905.0,531.0,51.0,105.0,1,1,1.0
278,1,905.0,530.0,51.0,104.0,1,1,1.0
279,1,905.0,529.0,51.0,104.0,1,1,1.0
280,1,905.0,528.0,51.0,104.0,1,1,1.0
281,1,905.0,528.0,51.0,104.0,1,1,1.0
282,1,905.0,528.0,51.0,104.0,1,1,1.0
283,1,905.0,528.0,51.0,104.0,1,1,1.0
284,1,904.0,529.0,51.0,104.0,1,1,1.0
285,1,903.0,529.0,52.0,104.0,1,1,1.0
286,1,903.0,529.0,53.0,104.0,1,1,1.0
287,1,904.0,528.0,52.0,103.0,1,1,1.0
288,1,905.0,528.0,50.0,104.0,1,1,1.0
289,1,906.0,527.0,49.0,102.0,1,1,1.0
290,1,909.0,526.0,46.0,102.0,1,1,1.0
291,1,911.0,525.0,43.0,102.0,1,1,1.0
292,1,911.0,525.0,42.0,102.0,1,1,1.0
293,1,911.0,525.0,43.0,102.0,1,1,1.0
294,1,910.0,525.0,43.0,102.0,1,1,1.0
295,1,909.0,525.0,44.0,102.0,1,1,1.0
296,1,908.0,526.0,45.0,102.0,1,1,1.0
297,1,907.0,526.0,46.0,101.0,1,1,1.0
298,1,906.0,525.0,47.0,102.0,1,1,1.0
299,1,905.0,525.0,47.0,101.0,1,1,1.0
300,1,905.0,524.0,48.0,99.0,1,1,1.0
301,1,905.0,524.0,48.0,99.0,1,1,1.0
302,1,905.0,523.0,47.0,99.0,1,1,1.0
303,1,906.0,522.0,46.0,99.0,1,1,1.0
304,1,905.0,522.0,47.0,99.0,1,1,1.0
305,1,905.0,522.0,48.0,99.0,1,1,1.0
306,1,904.0,522.0,49.0,99.0,1,1,1.0
307,1,904.0,523.0,49.0,99.0,1,1,1.0
308,1,905.0,523.0,49.0,98.0,1,1,1.0
309,1,906.0,523.0,49.0,98.0,1,1,1.0
310,1,907.0,523.0,48.0,97.0,1,1,1.0
311,1,910.0,523.0,45.0,96.0,1,1,1.0
312,1,913.0,522.0,42.0,96.0,1,1,1.0
313,1,914.0,521.0,41.0,96.0,1,1,1.0
314,1,915.0,521.0,40.0,96.0,1,1,1.0
315,1,915.0,520.0,40.0,96.0,1,1,1.0
316,1,915.0,520.0,40.0,96.0,1,1,1.0
317,1,915.0,520.0,40.0,96.0,1,1,1.0
318,1,915.0,521.0,40.0,97.0,1,1,1.0
319,1,915.0,521.0,40.0,96.0,1,1,1.0
320,1,915.0,521.0,41.0,96.0,1,1,1.0
321,1,915.0,521.0,41.0,96.0,1,1,1.0
322,1,915.0,520.0,42.0,95.0,1,1,1.0
323,1,915.0,520.0,42.0,94.0,1,1,1.0
324,1,915.0,519.0,41.0,94.0,1,1,1.0
325,1,916.0,518.0,41.0,95.0,1,1,1.0
326,1,916.0,518.0,41.0,95.0,1,1,1.0
327,1,916.0,518.0,41.0,95.0,1,1,1.0
328,1,916.0,518.0,41.0,95.0,1,1,1.0
329,1,916.0,518.0,41.0,95.0,1,1,1.0
330,1,916.0,518.0,41.0,95.0,1,1,1.0
331,1,916.0,519.0,41.0,94.0,1,1,1.0
332,1,917.0,519.0,41.0,94.0,1,1,1.0
333,1,917.0,518.0,41.0,93.0,1,1,1.0
334,1,918.0,518.0,41.0,92.0,1,1,1.0
335,1,919.0,517.0,40.0,92.0,1,1,1.0
336,1,920.0,517.0,39.0,92.0,1,1,1.0
337,1,921.0,517.0,38.0,92.0,1,1,1.0
338,1,921.0,516.0,39.0,92.0,1,1,1.0
339,1,921.0,516.0,40.0,92.0,1,1,1.0
340,1,921.0,516.0,41.0,91.0,1,1,1.0
341,1,921.0,517.0,42.0,91.0,1,1,1.0
342,1,922.0,517.0,42.0,91.0,1,1,1.0
343,1,922.0,517.0,43.0,91.0,1,1,1.0
344,1,923.0,517.0,42.0,90.0,1,1,1.0
345,1,925.0,517.0,39.0,89.0,1,1,1.0
346,1,926.0,516.0,37.0,89.0,1,1,1.0
347,1,928.0,515.0,36.0,90.0,1,1,1.0
348,1,928.0,515.0,36.0,90.0,1,1,1.0
349,1,928.0,515.0,37.0,90.0,1,1,1.0
350,1,928.0,515.0,37.0,90.0,1,1,1.0
351,1,929.0,515.0,36.0,90.0,1,1,1.0
353,1,933.0,515.0,34.0,89.0,1,1,1.0
354,1,935.0,516.0,33.0,89.0,1,1,1.0
355,1,936.0,516.0,33.0,89.0,1,1,1.0
356,1,937.0,516.0,34.0,88.0,1,1,1.0
357,1,939.0,516.0,33.0,87.0,1,1,1.0
358,1,942.0,516.0,33.0,87.0,1,1,1.0
359,1,945.0,516.0,31.0,87.0,1,1,1.0
360,1,950.0,515.0,30.0,89.0,1,1,1.0
361,1,952.0,515.0,31.0,89.0,1,1,1.0
362,1,954.0,515.0,31.0,88.0,1,1,1.0
363,1,956.0,515.0,32.0,88.0,1,1,1.0
364,1,956.0,515.0,34.0,88.0,1,1,1.0
365,1,956.0,516.0,34.0,87.0,1,1,1.0
366,1,957.0,516.0,32.0,87.0,1,1,1.0
367,1,958.0,516.0,32.0,87.0,1,1,1.0
368,1,961.0,517.0,32.0,86.0,1,1,1.0
369,1,965.0,516.0,31.0,87.0,1,1,1.0
370,1,969.0,515.0,33.0,88.0,1,1,1.0
371,1,971.0,515.0,36.0,88.0,1,1,1.0
372,1,972.0,514.0,38.0,88.0,1,1,1.0
373,1,973.0,515.0,41.0,88.0,1,1,1.0
374,1,975.0,515.0,42.0,88.0,1,1,1.0
375,1,977.0,516.0,43.0,88.0,1,1,1.0
376,1,978.0,515.0,45.0,88.0,1,1,1.0
377,1,979.0,515.0,46.0,88.0,1,1,1.0
378,1,979.0,516.0,49.0,88.0,1,1,1.0
379,1,982.0,516.0,49.0,87.0,1,1,1.0
380,1,986.0,516.0,47.0,87.0,1,1,1.0
381,1,993.0,516.0,42.0,87.0,1,1,1.0
382,1,997.0,516.0,38.0,87.0,1,1,1.0
383,1,999.0,515.0,38.0,88.0,1,1,1.0
384,1,1000.0,515.0,36.0,88.0,1,1,1.0
385,1,1002.0,515.0,34.0,88.0,1,1,1.0
386,1,1005.0,515.0,32.0,88.0,1,1,1.0
387,1,1007.0,516.0,35.0,88.0,1,1,1.0
388,1,1009.0,516.0,38.0,87.0,1,1,1.0
389,1,1010.0,517.0,39.0,87.0,1,1,1.0
390,1,1011.0,518.0,39.0,87.0,1,1,1.0
391,1,1013.0,518.0,39.0,87.0,1,1,1.0
392,1,1016.0,517.0,36.0,87.0,1,1,1.0
393,1,1020.0,517.0,34.0,88.0,1,1,1.0
394,1,1025.0,516.0,34.0,88.0,1,1,1.0
395,1,1028.0,516.0,36.0,89.0,1,1,1.0
396,1,1029.0,515.0,40.0,90.0,1,1,1.0
397,1,1030.0,516.0,43.0,90.0,1,1,1.0
398,1,1032.0,516.0,46.0,90.0,1,1,1.0
399,1,1034.0,517.0,48.0,89.0,1,1,1.0
400,1,1037.0,518.0,48.0,88.0,1,1,1.0
401,1,1039.0,519.0,48.0,88.0,1,1,1.0
402,1,1042.0,519.0,46.0,89.0,1,1,1.0
403,1,1046.0,519.0,42.0,89.0,1,1,1.0
404,1,1049.0,519.0,37.0,90.0,1,1,1.0
405,1,1052.0,518.0,34.0,91.0,1,1,1.0
406,1,1054.0,518.0,31.0,91.0,1,1,1.0
407,1,1055.0,517.0,30.0,92.0,1,1,1.0
408,1,1055.0,518.0,33.0,91.0,1,1,1.0
409,1,1057.0,518.0,35.0,91.0,1,1,1.0
410,1,1058.0,519.0,40.0,91.0,1,1,1.0
411,1,1061.0,520.0,42.0,91.0,1,1,1.0
412,1,1062.0,521.0,42.0,91.0,1,1,1.0
413,1,1063.0,521.0,41.0,91.0,1,1,1.0
414,1,1066.0,521.0,39.0,91.0,1,1,1.0
415,1,1069.0,521.0,40.0,92.0,1,1,1.0
416,1,1073.0,521.0,39.0,92.0,1,1,1.0
417,1,1076.0,520.0,40.0,93.0,1,1,1.0
418,1,1077.0,519.0,43.0,94.0,1,1,1.0
419,1,1080.0,520.0,45.0,94.0,1,1,1.0
420,1,1082.0,520.0,46.0,94.0,1,1,1.0
421,1,1085.0,521.0,47.0,94.0,1,1,1.0
422,1,1087.0,522.0,48.0,93.0,1,1,1.0
423,1,1089.0,522.0,50.0,93.0,1,1,1.0
424,1,1091.0,523.0,50.0,93.0,1,1,1.0
425,1,1094.0,523.0,48.0,93.0,1,1,1.0
426,1,1099.0,523.0,43.0,94.0,1,1,1.0
427,1,1103.0,522.0,38.0,94.0,1,1,1.0
428,1,1107.0,522.0,34.0,95.0,1,1,1.0
429,1,1109.0,522.0,32.0,95.0,1,1,1.0
430,1,1110.0,522.0,33.0,95.0,1,1,1.0
431,1,1112.0,522.0,40.0,95.0,1,1,1.0
432,1,1115.0,523.0,43.0,94.0,1,1,1.0
433,1,1116.0,524.0,43.0,94.0,1,1,1.0
434,1,1116.0,525.0,46.0,93.0,1,1,1.0
435,1,1118.0,525.0,47.0,94.0,1,1,1.0
436,1,1121.0,525.0,44.0,94.0,1,1,1.0
437,1,1125.0,525.0,41.0,94.0,1,1,1.0
438,1,1130.0,524.0,39.0,94.0,1,1,1.0
439,1,1134.0,523.0,40.0,95.0,1,1,1.0
440,1,1136.0,523.0,42.0,96.0,1,1,1.0
441,1,1138.0,523.0,46.0,95.0,1,1,1.0
442,1,1140.0,524.0,48.0,95.0,1,1,1.0
443,1,1142.0,525.0,51.0,94.0,1,1,1.0
444,1,1144.0,526.0,53.0,93.0,1,1,1.0
445,1,1146.0,526.0,54.0,93.0,1,1,1.0
446,1,1149.0,527.0,52.0,93.0,1,1,1.0
447,1,1153.0,527.0,47.0,95.0,1,1,1.0
448,1,1157.0,526.0,42.0,95.0,1,1,1.0
449,1,1160.0,526.0,37.0,96.0,1,1,1.0
450,1,1163.0,526.0,34.0,97.0,1,1,1.0
451,1,1166.0,526.0,32.0,97.0,1,1,1.0
452,1,1168.0,526.0,32.0,97.0,1,1,1.0
453,1,1170.0,526.0,37.0,97.0,1,1,1.0
454,1,1171.0,527.0,43.0,97.0,1,1,1.0
455,1,1172.0,528.0,45.0,96.0,1,1,1.0
456,1,1172.0,528.0,45.0,97.0,1,1,1.0
457,1,1173.0,528.0,44.0,97.0,1,1,1.0
458,1,1176.0,529.0,42.0,96.0,1,1,1.0
459,1,1179.0,528.0,41.0,97.0,1,1,1.0
460,1,1183.0,528.0,40.0,97.0,1,1,1.0
461,1,1187.0,528.0,39.0,97.0,1,1,1.0
462,1,1190.0,528.0,44.0,98.0,1,1,1.0
463,1,1192.0,527.0,46.0,99.0,1,1,1.0
464,1,1195.0,527.0,48.0,100.0,1,1,1.0
465,1,1197.0,528.0,48.0,100.0,1,1,1.0
466,1,1199.0,528.0,50.0,99.0,1,1,1.0
467,1,1201.0,529.0,51.0,99.0,1,1,1.0
468,1,1204.0,530.0,50.0,99.0,1,1,1.0
469,1,1207.0,531.0,50.0,98.0,1,1,1.0
470,1,1211.0,531.0,46.0,98.0,1,1,1.0
471,1,1214.0,530.0,43.0,99.0,1,1,1.0
472,1,1218.0,529.0,40.0,100.0,1,1,1.0
473,1,1220.0,529.0,38.0,101.0,1,1,1.0
474,1,1218.0,528.0,40.0,102.0,1,1,1.0
475,1,1222.0,529.0,38.0,100.0,1,1,1.0
476,1,1225.0,531.0,40.0,99.0,1,1,1.0
477,1,1227.0,532.0,42.0,97.0,1,1,1.0
478,1,1229.0,533.0,43.0,97.0,1,1,1.0
479,1,1230.0,533.0,44.0,97.0,1,1,1.0
480,1,1233.0,532.0,44.0,98.0,1,1,1.0
481,1,1237.0,532.0,43.0,97.0,1,1,1.0
482,1,1243.0,532.0,41.0,97.0,1,1,1.0
483,1,1249.0,532.0,39.0,94.0,1,1,1.0
485,1,1254.0,532.0,43.0,91.0,1,1,1.0
486,1,1257.0,533.0,45.0,90.0,1,1,1.0
487,1,1259.0,533.0,49.0,91.0,1,1,1.0
488,1,1261.0,534.0,52.0,90.0,1,1,1.0
489,1,1263.0,534.0,53.0,91.0,1,1,1.0
490,1,1267.0,534.0,50.0,90.0,1,1,1.0
491,1,1269.0,534.0,48.0,90.0,1,1,1.0
492,1,1274.0,535.0,43.0,89.0,1,1,1.0
493,1,1277.0,535.0,41.0,89.0,1,1,1.0
494,1,1280.0,535.0,38.0,90.0,1,1,1.0
495,1,1283.0,535.0,35.0,90.0,1,1,1.0
496,1,1285.0,535.0,35.0,94.0,1,1,1.0
497,1,1287.0,535.0,38.0,99.0,1,1,1.0
498,1,1288.0,536.0,42.0,101.0,1,1,1.0
499,1,1290.0,536.0,45.0,102.0,1,1,1.0
500,1,1292.0,537.0,47.0,103.0,1,1,1.0
501,1,1295.0,538.0,45.0,103.0,1,1,1.0
502,1,1300.0,538.0,40.0,104.0,1,1,1.0
503,1,1304.0,538.0,37.0,103.0,1,1,1.0
504,1,1309.0,537.0,37.0,104.0,1,1,1.0
505,1,1311.0,537.0,40.0,104.0,1,1,1.0
506,1,1312.0,536.0,43.0,105.0,1,1,1.0
507,1,1312.0,537.0,47.0,105.0,1,1,1.0
508,1,1314.0,537.0,50.0,104.0,1,1,1.0
509,1,1317.0,538.0,52.0,103.0,1,1,1.0
510,1,1319.0,539.0,54.0,103.0,1,1,1.0
511,1,1322.0,540.0,55.0,102.0,1,1,1.0
512,1,1324.0,540.0,55.0,102.0,1,1,1.0
513,1,1326.0,540.0,55.0,104.0,1,1,1.0
514,1,1330.0,540.0,53.0,105.0,1,1,1.0
515,1,1334.0,540.0,49.0,106.0,1,1,1.0
516,1,1340.0,540.0,44.0,106.0,1,1,1.0
517,1,1345.0,539.0,41.0,107.0,1,1,1.0
518,1,1348.0,539.0,38.0,107.0,1,1,1.0
519,1,1351.0,540.0,36.0,107.0,1,1,1.0
520,1,1352.0,540.0,38.0,106.0,1,1,1.0
521,1,1354.0,541.0,43.0,106.0,1,1,1.0
522,1,1355.0,542.0,45.0,105.0,1,1,1.0
523,1,1355.0,543.0,46.0,104.0,1,1,1.0
524,1,1356.0,543.0,47.0,105.0,1,1,1.0
525,1,1357.0,544.0,46.0,105.0,1,1,1.0
526,1,1361.0,544.0,44.0,105.0,1,1,1.0
527,1,1366.0,543.0,41.0,105.0,1,1,1.0
528,1,1372.0,544.0,40.0,105.0,1,1,1.0
529,1,1374.0,543.0,43.0,106.0,1,1,1.0
530,1,1376.0,543.0,45.0,107.0,1,1,1.0
531,1,1378.0,543.0,49.0,106.0,1,1,1.0
532,1,1380.0,544.0,51.0,107.0,1,1,1.0
533,1,1382.0,544.0,52.0,107.0,1,1,1.0
534,1,1385.0,544.0,52.0,106.0,1,1,1.0
535,1,1388.0,545.0,52.0,108.0,1,1,1.0
536,1,1391.0,545.0,50.0,109.0,1,1,1.0
537,1,1394.0,546.0,48.0,108.0,1,1,1.0
538,1,1395.0,545.0,48.0,109.0,1,1,1.0
539,1,1398.0,544.0,46.0,110.0,1,1,1.0
540,1,1400.0,544.0,45.0,110.0,1,1,1.0
541,1,1402.0,545.0,45.0,109.0,1,1,1.0
542,1,1402.0,545.0,47.0,110.0,1,1,1.0
543,1,1403.0,545.0,49.0,111.0,1,1,1.0
544,1,1405.0,546.0,50.0,111.0,1,1,1.0
545,1,1407.0,546.0,50.0,110.0,1,1,1.0
546,1,1410.0,547.0,50.0,110.0,1,1,1.0
547,1,1412.0,547.0,52.0,110.0,1,1,1.0
548,1,1413.0,548.0,55.0,110.0,1,1,1.0
549,1,1414.0,547.0,58.0,111.0,1,1,1.0
550,1,1415.0,547.0,59.0,111.0,1,1,1.0
551,1,1417.0,547.0,59.0,112.0,1,1,1.0
552,1,1418.0,547.0,59.0,113.0,1,1,1.0
553,1,1421.0,547.0,59.0,114.0,1,1,1.0
554,1,1423.0,547.0,58.0,116.0,1,1,1.0
555,1,1424.0,548.0,57.0,116.0,1,1,1.0
556,1,1425.0,549.0,56.0,116.0,1,1,1.0
557,1,1426.0,549.0,56.0,116.0,1,1,1.0
558,1,1426.0,550.0,55.0,116.0,1,1,1.0
559,1,1427.0,550.0,53.0,115.0,1,1,1.0
560,1,1427.0,550.0,52.0,115.0,1,1,1.0
561,1,1427.0,549.0,53.0,116.0,1,1,1.0
562,1,1428.0,549.0,52.0,116.0,1,1,1.0
563,1,1428.0,549.0,52.0,116.0,1,1,1.0
564,1,1428.0,549.0,53.0,117.0,1,1,1.0
565,1,1427.0,549.0,55.0,118.0,1,1,1.0
566,1,1426.0,549.0,55.0,120.0,1,1,1.0
567,1,1425.0,550.0,56.0,119.0,1,1,1.0
568,1,1424.0,551.0,57.0,119.0,1,1,1.0
569,1,1423.0,552.0,58.0,119.0,1,1,1.0
570,1,1422.0,552.0,57.0,119.0,1,1,1.0
571,1,1421.0,552.0,56.0,119.0,1,1,1.0
572,1,1420.0,552.0,55.0,119.0,1,1,1.0
573,1,1420.0,552.0,51.0,119.0,1,1,1.0
574,1,1419.0,552.0,49.0,119.0,1,1,1.0
575,1,1420.0,552.0,45.0,119.0,1,1,1.0
576,1,1419.0,553.0,43.0,119.0,1,1,1.0
577,1,1417.0,554.0,43.0,119.0,1,1,1.0
578,1,1414.0,554.0,44.0,120.0,1,1,1.0
579,1,1413.0,556.0,44.0,120.0,1,1,1.0
580,1,1410.0,556.0,44.0,120.0,1,1,1.0
581,1,1406.0,556.0,46.0,120.0,1,1,1.0
582,1,1404.0,556.0,46.0,120.0,1,1,1.0
583,1,1401.0,556.0,47.0,120.0,1,1,1.0
584,1,1398.0,556.0,50.0,120.0,1,1,1.0
585,1,1394.0,555.0,53.0,121.0,1,1,1.0
586,1,1390.0,555.0,57.0,121.0,1,1,1.0
587,1,1387.0,556.0,60.0,121.0,1,1,1.0
588,1,1384.0,557.0,63.0,122.0,1,1,1.0
589,1,1382.0,558.0,64.0,122.0,1,1,1.0
590,1,1379.0,559.0,65.0,122.0,1,1,1.0
591,1,1376.0,560.0,66.0,121.0,1,1,1.0
592,1,1375.0,560.0,65.0,121.0,1,1,1.0
593,1,1375.0,559.0,62.0,122.0,1,1,1.0
594,1,1376.0,558.0,56.0,123.0,1,1,1.0
595,1,1376.0,558.0,52.0,123.0,1,1,1.0
596,1,1376.0,558.0,50.0,123.0,1,1,1.0
597,1,1375.0,558.0,49.0,124.0,1,1,1.0
598,1,1371.0,558.0,50.0,124.0,1,1,1.0
599,1,1366.0,558.0,52.0,124.0,1,1,1.0
600,1,1362.0,559.0,54.0,125.0,1,1,1.0
601,1,1357.0,561.0,56.0,125.0,1,1,1.0
602,1,1353.0,561.0,58.0,125.0,1,1,1.0
603,1,1350.0,562.0,57.0,125.0,1,1,1.0
604,1,1350.0,560.0,54.0,127.0,1,1,1.0
605,1,1349.0,559.0,53.0,127.0,1,1,1.0
606,1,1346.0,559.0,56.0,127.0,1,1,1.0
607,1,1342.0,560.0,58.0,127.0,1,1,1.0
608,1,1339.0,561.0,62.0,128.0,1,1,1.0
609,1,1337.0,562.0,64.0,128.0,1,1,1.0
610,1,1335.0,563.0,64.0,129.0,1,1,1.0
611,1,1332.0,564.0,66.0,129.0,1,1,1.0
612,1,1329.0,565.0,67.0,129.0,1,1,1.0
613,1,1328.0,566.0,66.0,129.0,1,1,1.0
614,1,1328.0,566.0,64.0,129.0,1,1,1.0
615,1,1328.0,566.0,62.0,129.0,1,1,1.0
616,1,1327.0,565.0,58.0,130.0,1,1,1.0
617,1,1326.0,564.0,57.0,131.0,1,1,1.0
618,1,1326.0,563.0,58.0,131.0,1,1,1.0
619,1,1325.0,564.0,57.0,131.0,1,1,1.0
620,1,1321.0,565.0,58.0,130.0,1,1,1.0
621,1,1316.0,566.0,59.0,130.0,1,1,1.0
622,1,1313.0,567.0,58.0,130.0,1,1,1.0
623,1,1311.0,568.0,56.0,131.0,1,1,1.0
624,1,1308.0,569.0,56.0,130.0,1,1,1.0
625,1,1304.0,568.0,58.0,131.0,1,1,1.0
626,1,1299.0,567.0,59.0,132.0,1,1,1.0
627,1,1294.0,567.0,61.0,132.0,1,1,1.0
628,1,1290.0,567.0,64.0,132.0,1,1,1.0
629,1,1287.0,566.0,65.0,133.0,1,1,1.0
630,1,1284.0,566.0,66.0,135.0,1,1,1.0
631,1,1279.0,568.0,69.0,135.0,1,1,1.0
632,1,1276.0,569.0,70.0,136.0,1,1,1.0
633,1,1274.0,571.0,71.0,135.0,1,1,1.0
634,1,1271.0,572.0,70.0,135.0,1,1,1.0
635,1,1270.0,573.0,67.0,135.0,1,1,1.0
636,1,1270.0,573.0,64.0,135.0,1,1,1.0
637,1,1270.0,572.0,60.0,136.0,1,1,1.0
638,1,1269.0,570.0,55.0,137.0,1,1,1.0
639,1,1265.0,570.0,56.0,137.0,1,1,1.0
640,1,1260.0,569.0,59.0,137.0,1,1,1.0
641,1,1256.0,569.0,62.0,138.0,1,1,1.0
642,1,1253.0,569.0,61.0,139.0,1,1,1.0
643,1,1250.0,570.0,60.0,140.0,1,1,1.0
644,1,1250.0,573.0,58.0,138.0,1,1,1.0
645,1,1249.0,573.0,56.0,139.0,1,1,1.0
646,1,1247.0,574.0,55.0,139.0,1,1,1.0
647,1,1243.0,574.0,57.0,138.0,1,1,1.0
648,1,1237.0,574.0,59.0,138.0,1,1,1.0
649,1,1231.0,574.0,61.0,139.0,1,1,1.0
650,1,1226.0,572.0,65.0,140.0,1,1,1.0
651,1,1221.0,572.0,68.0,142.0,1,1,1.0
652,1,1217.0,572.0,71.0,142.0,1,1,1.0
653,1,1212.0,573.0,75.0,140.0,1,1,1.0
654,1,1209.0,574.0,77.0,141.0,1,1,1.0
655,1,1206.0,575.0,78.0,143.0,1,1,1.0
656,1,1204.0,576.0,77.0,144.0,1,1,1.0
657,1,1203.0,577.0,74.0,144.0,1,1,1.0
658,1,1203.0,577.0,69.0,144.0,1,1,1.0
659,1,1203.0,577.0,63.0,145.0,1,1,1.0
660,1,1202.0,576.0,58.0,146.0,1,1,1.0
661,1,1200.0,575.0,55.0,147.0,1,1,1.0
662,1,1196.0,574.0,56.0,147.0,1,1,1.0
663,1,1189.0,573.0,60.0,148.0,1,1,1.0
664,1,1184.0,575.0,62.0,148.0,1,1,1.0
665,1,1179.0,577.0,64.0,148.0,1,1,1.0
666,1,1177.0,579.0,64.0,146.0,1,1,1.0
667,1,1171.0,580.0,68.0,146.0,1,1,1.0
668,1,1171.0,580.0,65.0,146.0,1,1,1.0
669,1,1170.0,580.0,64.0,147.0,1,1,1.0
670,1,1168.0,579.0,62.0,148.0,1,1,1.0
671,1,1162.0,578.0,61.0,148.0,1,1,1.0
672,1,1157.0,578.0,61.0,149.0,1,1,1.0
673,1,1151.0,577.0,65.0,150.0,1,1,1.0
674,1,1145.0,578.0,70.0,152.0,1,1,1.0
675,1,1140.0,580.0,74.0,152.0,1,1,1.0
676,1,1134.0,582.0,77.0,152.0,1,1,1.0
677,1,1130.0,583.0,79.0,152.0,1,1,1.0
678,1,1128.0,583.0,79.0,153.0,1,1,1.0
679,1,1127.0,583.0,78.0,154.0,1,1,1.0
680,1,1127.0,583.0,74.0,153.0,1,1,1.0
681,1,1127.0,583.0,69.0,153.0,1,1,1.0
682,1,1125.0,582.0,64.0,154.0,1,1,1.0
683,1,1122.0,582.0,61.0,154.0,1,1,1.0
684,1,1118.0,582.0,61.0,154.0,1,1,1.0
685,1,1113.0,581.0,63.0,154.0,1,1,1.0
686,1,1107.0,582.0,69.0,155.0,1,1,1.0
687,1,1100.0,584.0,74.0,155.0,1,1,1.0
688,1,1097.0,584.0,75.0,155.0,1,1,1.0
689,1,1095.0,585.0,75.0,155.0,1,1,1.0
690,1,1095.0,585.0,74.0,156.0,1,1,1.0
691,1,1093.0,585.0,71.0,156.0,1,1,1.0
692,1,1088.0,585.0,69.0,156.0,1,1,1.0
693,1,1082.0,584.0,68.0,157.0,1,1,1.0
694,1,1076.0,584.0,67.0,157.0,1,1,1.0
695,1,1069.0,583.0,70.0,158.0,1,1,1.0
696,1,1063.0,584.0,74.0,160.0,1,1,1.0
697,1,1058.0,585.0,78.0,161.0,1,1,1.0
698,1,1053.0,587.0,81.0,161.0,1,1,1.0
699,1,1049.0,588.0,82.0,161.0,1,1,1.0
700,1,1045.0,589.0,82.0,161.0,1,1,1.0
701,1,1042.0,590.0,79.0,160.0,1,1,1.0
702,1,1040.0,589.0,73.0,161.0,1,1,1.0
703,1,1039.0,589.0,66.0,160.0,1,1,1.0
704,1,1038.0,589.0,60.0,161.0,1,1,1.0
705,1,1036.0,588.0,59.0,162.0,1,1,1.0
706,1,1031.0,587.0,61.0,162.0,1,1,1.0
707,1,1025.0,586.0,65.0,163.0,1,1,1.0
708,1,1015.0,588.0,72.0,163.0,1,1,1.0
709,1,1006.0,589.0,78.0,163.0,1,1,1.0
710,1,1003.0,591.0,77.0,162.0,1,1,1.0
711,1,1001.0,591.0,76.0,163.0,1,1,1.0
712,1,1000.0,591.0,74.0,164.0,1,1,1.0
713,1,998.0,591.0,72.0,164.0,1,1,1.0
714,1,992.0,590.0,71.0,164.0,1,1,1.0
715,1,985.0,589.0,70.0,166.0,1,1,1.0
716,1,978.0,588.0,69.0,166.0,1,1,1.0
717,1,971.0,588.0,73.0,167.0,1,1,1.0
718,1,965.0,588.0,78.0,170.0,1,1,1.0
719,1,958.0,590.0,82.0,172.0,1,1,1.0
720,1,953.0,592.0,86.0,172.0,1,1,1.0
721,1,948.0,594.0,87.0,172.0,1,1,1.0
722,1,945.0,595.0,86.0,171.0,1,1,1.0
723,1,943.0,596.0,82.0,171.0,1,1,1.0
724,1,941.0,596.0,77.0,171.0,1,1,1.0
725,1,940.0,596.0,72.0,171.0,1,1,1.0
726,1,939.0,595.0,66.0,172.0,1,1,1.0
727,1,937.0,594.0,63.0,173.0,1,1,1.0
728,1,933.0,595.0,63.0,172.0,1,1,1.0
729,1,926.0,595.0,67.0,172.0,1,1,1.0
730,1,914.0,596.0,76.0,173.0,1,1,1.0
731,1,904.0,597.0,83.0,174.0,1,1,1.0
732,1,898.0,598.0,85.0,175.0,1,1,1.0
733,1,896.0,600.0,85.0,176.0,1,1,1.0
734,1,896.0,601.0,83.0,175.0,1,1,1.0
735,1,894.0,598.0,79.0,179.0,1,1,1.0
736,1,888.0,597.0,77.0,180.0,1,1,1.0
737,1,880.0,596.0,75.0,181.0,1,1,1.0
738,1,873.0,597.0,74.0,180.0,1,1,1.0
739,1,865.0,598.0,78.0,180.0,1,1,1.0
740,1,858.0,599.0,84.0,182.0,1,1,1.0
741,1,851.0,601.0,89.0,184.0,1,1,1.0
742,1,845.0,603.0,92.0,184.0,1,1,1.0
743,1,839.0,606.0,93.0,184.0,1,1,1.0
744,1,835.0,608.0,90.0,184.0,1,1,1.0
745,1,834.0,609.0,86.0,183.0,1,1,1.0
746,1,834.0,609.0,78.0,183.0,1,1,1.0
747,1,834.0,609.0,72.0,183.0,1,1,1.0
748,1,833.0,609.0,67.0,183.0,1,1,1.0
749,1,828.0,609.0,66.0,184.0,1,1,1.0
750,1,822.0,609.0,66.0,184.0,1,1,1.0
751,1,813.0,609.0,70.0,183.0,1,1,1.0
752,1,800.0,610.0,79.0,185.0,1,1,1.0
753,1,790.0,613.0,86.0,186.0,1,1,1.0
754,1,786.0,615.0,87.0,187.0,1,1,1.0
755,1,784.0,617.0,88.0,187.0,1,1,1.0
756,1,783.0,618.0,86.0,187.0,1,1,1.0
757,1,782.0,618.0,81.0,187.0,1,1,1.0
758,1,774.0,618.0,80.0,187.0,1,1,1.0
759,1,767.0,617.0,77.0,188.0,1,1,1.0
760,1,758.0,617.0,76.0,188.0,1,1,1.0
761,1,750.0,617.0,80.0,191.0,1,1,1.0
762,1,743.0,618.0,86.0,194.0,1,1,1.0
763,1,736.0,619.0,89.0,197.0,1,1,1.0
764,1,730.0,622.0,94.0,198.0,1,1,1.0
765,1,725.0,624.0,95.0,198.0,1,1,1.0
766,1,721.0,626.0,94.0,198.0,1,1,1.0
767,1,719.0,627.0,89.0,197.0,1,1,1.0
768,1,719.0,627.0,81.0,197.0,1,1,1.0
769,1,718.0,626.0,75.0,198.0,1,1,1.0
770,1,717.0,626.0,72.0,198.0,1,1,1.0
771,1,712.0,626.0,73.0,198.0,1,1,1.0
772,1,706.0,626.0,75.0,197.0,1,1,1.0
773,1,694.0,628.0,83.0,197.0,1,1,1.0
774,1,680.0,630.0,93.0,198.0,1,1,1.0
775,1,671.0,632.0,99.0,198.0,1,1,1.0
776,1,667.0,634.0,102.0,198.0,1,1,1.0
777,1,666.0,635.0,101.0,198.0,1,1,1.0
778,1,665.0,636.0,97.0,198.0,1,1,1.0
779,1,660.0,635.0,93.0,199.0,1,1,1.0
780,1,651.0,635.0,89.0,199.0,1,1,1.0
