1,1,1004.0,220.0,33.0,110.0,1,1,1.0
1,2,961.0,221.0,44.0,110.0,1,1,1.0
2,1,1004.0,220.0,33.0,110.0,1,1,1.0
2,2,961.0,221.0,44.0,109.0,1,1,1.0
3,1,1004.0,221.0,34.0,111.0,1,1,1.0
3,2,962.0,221.0,44.0,109.0,1,1,1.0
4,1,1003.0,221.0,34.0,111.0,1,1,1.0
4,2,964.0,221.0,42.0,109.0,1,1,1.0
5,1,1003.0,221.0,36.0,113.0,1,1,1.0
5,2,965.0,221.0,40.0,110.0,1,1,1.0
6,1,1001.0,221.0,38.0,114.0,1,1,1.0
6,2,963.0,222.0,42.0,110.0,1,1,1.0
7,1,1002.0,221.0,39.0,115.0,1,1,1.0
7,2,961.0,222.0,44.0,111.0,1,1,1.0
8,1,1001.0,223.0,40.0,114.0,1,1,1.0
8,2,959.0,223.0,46.0,110.0,1,1,1.0
9,1,999.0,224.0,41.0,113.0,1,1,1.0
9,2,958.0,224.0,46.0,110.0,1,1,1.0
10,1,997.0,225.0,41.0,113.0,1,1,1.0
10,2,957.0,225.0,46.0,111.0,1,1,1.0
11,1,995.0,226.0,42.0,115.0,1,1,1.0
11,2,957.0,225.0,46.0,113.0,1,1,1.0
12,1,995.0,226.0,42.0,116.0,1,1,1.0
12,2,956.0,225.0,45.0,114.0,1,1,1.0
13,1,995.0,226.0,41.0,117.0,1,1,1.0
13,2,957.0,224.0,45.0,114.0,1,1,1.0
14,1,996.0,225.0,40.0,117.0,1,1,1.0
14,2,957.0,224.0,45.0,115.0,1,1,1.0
15,1,996.0,225.0,40.0,117.0,1,1,1.0
15,2,957.0,224.0,46.0,115.0,1,1,1.0
16,1,996.0,225.0,40.0,117.0,1,1,1.0
16,2,956.0,224.0,46.0,116.0,1,1,1.0
17,1,996.0,225.0,40.0,118.0,1,1,1.0
17,2,956.0,225.0,45.0,116.0,1,1,1.0
18,1,997.0,227.0,39.0,117.0,1,1,1.0
18,2,955.0,225.0,44.0,117.0,1,1,1.0
19,1,998.0,228.0,38.0,116.0,1,1,1.0
19,2,954.0,227.0,45.0,116.0,1,1,1.0
20,1,999.0,229.0,38.0,118.0,1,1,1.0
20,2,956.0,228.0,43.0,117.0,1,1,1.0
21,1,999.0,229.0,38.0,118.0,1,1,1.0
21,2,957.0,229.0,43.0,116.0,1,1,1.0
22,1,999.0,230.0,38.0,118.0,1,1,1.0
22,2,958.0,229.0,41.0,117.0,1,1,1.0
23,1,999.0,230.0,38.0,118.0,1,1,1.0
23,2,959.0,229.0,41.0,117.0,1,1,1.0
24,1,999.0,230.0,39.0,119.0,1,1,1.0
24,2,958.0,229.0,43.0,117.0,1,1,1.0
25,1,999.0,230.0,39.0,119.0,1,1,1.0
25,2,956.0,229.0,47.0,118.0,1,1,1.0
26,1,999.0,230.0,40.0,120.0,1,1,1.0
26,2,952.0,230.0,50.0,117.0,1,1,1.0
27,1,996.0,231.0,44.0,120.0,1,1,1.0
27,2,949.0,231.0,53.0,118.0,1,1,1.0
28,1,996.0,232.0,44.0,119.0,1,1,1.0
28,2,948.0,232.0,53.0,119.0,1,1,1.0
29,1,996.0,234.0,43.0,119.0,1,1,1.0
29,2,947.0,233.0,53.0,119.0,1,1,1.0
30,1,996.0,235.0,42.0,119.0,1,1,1.0
30,2,946.0,233.0,51.0,119.0,1,1,1.0
31,1,997.0,235.0,41.0,119.0,1,1,1.0
31,2,947.0,234.0,50.0,119.0,1,1,1.0
32,1,997.0,235.0,40.0,120.0,1,1,1.0
32,2,947.0,234.0,48.0,120.0,1,1,1.0
33,1,997.0,235.0,40.0,121.0,1,1,1.0
33,2,948.0,233.0,46.0,121.0,1,1,1.0
34,1,997.0,234.0,41.0,121.0,1,1,1.0
34,2,949.0,232.0,46.0,122.0,1,1,1.0
35,1,997.0,234.0,42.0,124.0,1,1,1.0
35,2,951.0,233.0,44.0,124.0,1,1,1.0
36,1,996.0,234.0,42.0,124.0,1,1,1.0
36,2,952.0,234.0,43.0,125.0,1,1,1.0
37,1,996.0,236.0,42.0,123.0,1,1,1.0
37,2,952.0,235.0,43.0,125.0,1,1,1.0
38,1,997.0,238.0,41.0,124.0,1,1,1.0
38,2,952.0,237.0,43.0,125.0,1,1,1.0
39,1,999.0,240.0,40.0,124.0,1,1,1.0
39,2,952.0,238.0,44.0,124.0,1,1,1.0
40,1,1000.0,241.0,40.0,125.0,1,1,1.0
40,2,953.0,238.0,43.0,125.0,1,1,1.0
41,1,1001.0,241.0,40.0,124.0,1,1,1.0
41,2,953.0,238.0,44.0,125.0,1,1,1.0
42,1,1002.0,241.0,41.0,124.0,1,1,1.0
42,2,952.0,238.0,46.0,125.0,1,1,1.0
43,1,1002.0,240.0,42.0,125.0,1,1,1.0
43,2,952.0,238.0,47.0,126.0,1,1,1.0
44,1,1002.0,239.0,43.0,126.0,1,1,1.0
44,2,949.0,238.0,50.0,126.0,1,1,1.0
45,1,1002.0,241.0,45.0,127.0,1,1,1.0
45,2,946.0,240.0,53.0,127.0,1,1,1.0
46,1,1002.0,242.0,45.0,128.0,1,1,1.0
46,2,943.0,242.0,54.0,127.0,1,1,1.0
47,1,1002.0,244.0,46.0,127.0,1,1,1.0
47,2,943.0,243.0,54.0,128.0,1,1,1.0
48,1,1002.0,246.0,45.0,127.0,1,1,1.0
48,2,942.0,243.0,53.0,129.0,1,1,1.0
49,1,1003.0,246.0,44.0,127.0,1,1,1.0
49,2,942.0,243.0,52.0,130.0,1,1,1.0
50,1,1003.0,246.0,45.0,127.0,1,1,1.0
50,2,943.0,244.0,51.0,131.0,1,1,1.0
51,1,1004.0,246.0,45.0,128.0,1,1,1.0
51,2,944.0,243.0,49.0,131.0,1,1,1.0
52,1,1004.0,245.0,45.0,130.0,1,1,1.0
52,2,946.0,243.0,46.0,131.0,1,1,1.0
53,1,1004.0,245.0,45.0,131.0,1,1,1.0
53,2,947.0,243.0,45.0,132.0,1,1,1.0
54,1,1004.0,246.0,45.0,132.0,1,1,1.0
54,2,948.0,244.0,44.0,134.0,1,1,1.0
55,1,1004.0,247.0,45.0,133.0,1,1,1.0
55,2,949.0,245.0,45.0,134.0,1,1,1.0
56,1,1005.0,249.0,44.0,134.0,1,1,1.0
56,2,948.0,246.0,46.0,136.0,1,1,1.0
57,1,1007.0,250.0,43.0,134.0,1,1,1.0
57,2,948.0,247.0,47.0,137.0,1,1,1.0
58,1,1007.0,251.0,43.0,133.0,1,1,1.0
58,2,948.0,248.0,48.0,136.0,1,1,1.0
59,1,1009.0,252.0,43.0,133.0,1,1,1.0
59,2,949.0,249.0,48.0,136.0,1,1,1.0
60,1,1010.0,252.0,44.0,135.0,1,1,1.0
60,2,950.0,249.0,48.0,136.0,1,1,1.0
61,1,1010.0,252.0,45.0,135.0,1,1,1.0
61,2,949.0,249.0,50.0,136.0,1,1,1.0
62,1,1011.0,251.0,47.0,136.0,1,1,1.0
62,2,947.0,249.0,53.0,138.0,1,1,1.0
63,1,1010.0,251.0,48.0,137.0,1,1,1.0
63,2,945.0,251.0,56.0,138.0,1,1,1.0
64,1,1010.0,252.0,48.0,138.0,1,1,1.0
64,2,943.0,252.0,59.0,138.0,1,1,1.0
65,1,1009.0,255.0,49.0,136.0,1,1,1.0
65,2,942.0,254.0,58.0,138.0,1,1,1.0
66,1,1009.0,257.0,49.0,135.0,1,1,1.0
66,2,942.0,256.0,57.0,137.0,1,1,1.0
67,1,1009.0,259.0,48.0,136.0,1,1,1.0
67,2,941.0,257.0,56.0,138.0,1,1,1.0
68,1,1009.0,259.0,47.0,137.0,1,1,1.0
68,2,940.0,257.0,57.0,139.0,1,1,1.0
69,1,1008.0,259.0,47.0,138.0,1,1,1.0
69,2,940.0,257.0,56.0,139.0,1,1,1.0
70,1,1008.0,259.0,47.0,139.0,1,1,1.0
70,2,940.0,257.0,53.0,139.0,1,1,1.0
71,1,1007.0,259.0,48.0,142.0,1,1,1.0
71,2,942.0,257.0,50.0,139.0,1,1,1.0
72,1,1007.0,258.0,48.0,141.0,1,1,1.0
72,2,943.0,257.0,48.0,140.0,1,1,1.0
73,1,1007.0,258.0,48.0,144.0,1,1,1.0
73,2,944.0,257.0,48.0,143.0,1,1,1.0
74,1,1007.0,260.0,49.0,143.0,1,1,1.0
74,2,945.0,258.0,49.0,144.0,1,1,1.0
75,1,1007.0,262.0,49.0,143.0,1,1,1.0
75,2,944.0,259.0,51.0,145.0,1,1,1.0
76,1,1007.0,263.0,48.0,143.0,1,1,1.0
76,2,943.0,260.0,55.0,146.0,1,1,1.0
77,1,1007.0,263.0,48.0,146.0,1,1,1.0
77,2,943.0,261.0,57.0,146.0,1,1,1.0
78,1,1007.0,263.0,48.0,146.0,1,1,1.0
78,2,944.0,262.0,57.0,146.0,1,1,1.0
79,1,1007.0,263.0,49.0,148.0,1,1,1.0
79,2,945.0,262.0,56.0,147.0,1,1,1.0
80,1,1007.0,263.0,50.0,149.0,1,1,1.0
80,2,946.0,262.0,53.0,148.0,1,1,1.0
81,1,1006.0,263.0,51.0,151.0,1,1,1.0
81,2,945.0,262.0,54.0,149.0,1,1,1.0
82,1,1005.0,264.0,51.0,151.0,1,1,1.0
82,2,943.0,262.0,57.0,149.0,1,1,1.0
83,1,1004.0,266.0,51.0,150.0,1,1,1.0
83,2,941.0,263.0,59.0,150.0,1,1,1.0
84,1,1003.0,269.0,52.0,149.0,1,1,1.0
84,2,939.0,266.0,61.0,148.0,1,1,1.0
85,1,1002.0,271.0,51.0,149.0,1,1,1.0
85,2,938.0,269.0,62.0,148.0,1,1,1.0
86,1,1001.0,272.0,50.0,150.0,1,1,1.0
86,2,937.0,269.0,63.0,151.0,1,1,1.0
87,1,999.0,273.0,50.0,150.0,1,1,1.0
87,2,936.0,270.0,64.0,152.0,1,1,1.0
88,1,998.0,274.0,50.0,151.0,1,1,1.0
88,2,936.0,271.0,63.0,152.0,1,1,1.0
89,1,997.0,274.0,51.0,152.0,1,1,1.0
89,2,936.0,271.0,60.0,153.0,1,1,1.0
90,1,995.0,274.0,53.0,152.0,1,1,1.0
90,2,937.0,271.0,57.0,153.0,1,1,1.0
91,1,994.0,274.0,53.0,152.0,1,1,1.0
91,2,939.0,271.0,54.0,153.0,1,1,1.0
92,1,994.0,274.0,54.0,155.0,1,1,1.0
92,2,940.0,271.0,53.0,154.0,1,1,1.0
93,1,994.0,275.0,54.0,156.0,1,1,1.0
93,2,940.0,271.0,53.0,157.0,1,1,1.0
94,1,994.0,278.0,53.0,156.0,1,1,1.0
94,2,939.0,272.0,56.0,159.0,1,1,1.0
95,1,994.0,280.0,53.0,156.0,1,1,1.0
95,2,938.0,274.0,57.0,160.0,1,1,1.0
96,1,994.0,280.0,53.0,157.0,1,1,1.0
96,2,936.0,275.0,59.0,163.0,1,1,1.0
97,1,994.0,280.0,53.0,159.0,1,1,1.0
97,2,936.0,276.0,59.0,163.0,1,1,1.0
98,1,994.0,280.0,53.0,160.0,1,1,1.0
98,2,937.0,276.0,58.0,163.0,1,1,1.0
99,1,994.0,280.0,54.0,160.0,1,1,1.0
99,2,938.0,276.0,57.0,165.0,1,1,1.0
100,1,994.0,280.0,54.0,158.0,1,1,1.0
100,2,936.0,276.0,59.0,164.0,1,1,1.0
101,1,993.0,281.0,55.0,160.0,1,1,1.0
101,2,933.0,278.0,62.0,163.0,1,1,1.0
102,1,993.0,281.0,55.0,163.0,1,1,1.0
102,2,930.0,279.0,66.0,163.0,1,1,1.0
103,1,992.0,284.0,55.0,164.0,1,1,1.0
103,2,927.0,282.0,70.0,165.0,1,1,1.0
104,1,992.0,286.0,55.0,165.0,1,1,1.0
104,2,925.0,286.0,68.0,164.0,1,1,1.0
105,1,991.0,289.0,54.0,164.0,1,1,1.0
105,2,923.0,287.0,72.0,165.0,1,1,1.0
106,1,990.0,291.0,54.0,164.0,1,1,1.0
106,2,922.0,288.0,71.0,168.0,1,1,1.0
107,1,988.0,292.0,55.0,164.0,1,1,1.0
107,2,921.0,288.0,69.0,169.0,1,1,1.0
108,1,986.0,292.0,57.0,166.0,1,1,1.0
108,2,920.0,288.0,67.0,169.0,1,1,1.0
109,1,985.0,292.0,58.0,166.0,1,1,1.0
109,2,920.0,288.0,64.0,169.0,1,1,1.0
110,1,984.0,292.0,59.0,167.0,1,1,1.0
110,2,921.0,289.0,62.0,169.0,1,1,1.0
111,1,984.0,292.0,60.0,170.0,1,1,1.0
111,2,922.0,290.0,61.0,170.0,1,1,1.0
112,1,985.0,294.0,61.0,171.0,1,1,1.0
112,2,924.0,292.0,60.0,172.0,1,1,1.0
113,1,984.0,295.0,61.0,173.0,1,1,1.0
113,2,925.0,294.0,61.0,174.0,1,1,1.0
114,1,986.0,296.0,60.0,174.0,1,1,1.0
114,2,925.0,297.0,62.0,175.0,1,1,1.0
115,1,986.0,298.0,58.0,176.0,1,1,1.0
115,2,927.0,298.0,62.0,176.0,1,1,1.0
116,1,987.0,299.0,58.0,176.0,1,1,1.0
116,2,929.0,299.0,62.0,177.0,1,1,1.0
117,1,988.0,299.0,57.0,177.0,1,1,1.0
117,2,932.0,300.0,61.0,177.0,1,1,1.0
118,1,987.0,299.0,59.0,177.0,1,1,1.0
118,2,932.0,300.0,63.0,178.0,1,1,1.0
119,1,986.0,298.0,62.0,178.0,1,1,1.0
119,2,930.0,300.0,65.0,178.0,1,1,1.0
120,1,984.0,299.0,65.0,180.0,1,1,1.0
120,2,927.0,300.0,68.0,180.0,1,1,1.0
121,1,984.0,300.0,65.0,182.0,1,1,1.0
121,2,925.0,302.0,70.0,182.0,1,1,1.0
122,1,983.0,303.0,65.0,183.0,1,1,1.0
122,2,924.0,305.0,71.0,182.0,1,1,1.0
123,1,983.0,306.0,65.0,183.0,1,1,1.0
123,2,924.0,309.0,71.0,182.0,1,1,1.0
124,1,983.0,308.0,65.0,184.0,1,1,1.0
124,2,925.0,311.0,70.0,185.0,1,1,1.0
125,1,984.0,310.0,64.0,186.0,1,1,1.0
125,2,924.0,312.0,71.0,187.0,1,1,1.0
126,1,986.0,311.0,61.0,187.0,1,1,1.0
126,2,924.0,312.0,71.0,188.0,1,1,1.0
127,1,987.0,311.0,59.0,189.0,1,1,1.0
127,2,926.0,313.0,69.0,189.0,1,1,1.0
128,1,983.0,311.0,64.0,190.0,1,1,1.0
128,2,929.0,312.0,65.0,189.0,1,1,1.0
129,1,983.0,311.0,65.0,189.0,1,1,1.0
129,2,932.0,313.0,62.0,189.0,1,1,1.0
130,1,986.0,312.0,63.0,188.0,1,1,1.0
130,2,934.0,314.0,61.0,191.0,1,1,1.0
131,1,988.0,314.0,62.0,192.0,1,1,1.0
131,2,935.0,317.0,62.0,195.0,1,1,1.0
132,1,990.0,317.0,61.0,193.0,1,1,1.0
132,2,936.0,319.0,65.0,197.0,1,1,1.0
133,1,991.0,319.0,60.0,194.0,1,1,1.0
133,2,937.0,322.0,68.0,199.0,1,1,1.0
134,1,992.0,322.0,59.0,196.0,1,1,1.0
134,2,937.0,324.0,69.0,200.0,1,1,1.0
135,1,995.0,323.0,58.0,197.0,1,1,1.0
135,2,937.0,325.0,70.0,199.0,1,1,1.0
136,1,996.0,324.0,58.0,197.0,1,1,1.0
136,2,937.0,325.0,69.0,200.0,1,1,1.0
137,1,996.0,323.0,60.0,197.0,1,1,1.0
137,2,936.0,324.0,67.0,201.0,1,1,1.0
138,1,995.0,323.0,64.0,197.0,1,1,1.0
138,2,934.0,325.0,69.0,201.0,1,1,1.0
139,1,991.0,324.0,71.0,197.0,1,1,1.0
139,2,929.0,327.0,76.0,202.0,1,1,1.0
140,1,995.0,326.0,69.0,201.0,1,1,1.0
140,2,925.0,330.0,80.0,205.0,1,1,1.0
141,1,990.0,329.0,75.0,204.0,1,1,1.0
141,2,922.0,334.0,82.0,205.0,1,1,1.0
142,1,988.0,332.0,79.0,204.0,1,1,1.0
142,2,921.0,338.0,85.0,206.0,1,1,1.0
143,1,992.0,336.0,76.0,205.0,1,1,1.0
143,2,920.0,341.0,85.0,211.0,1,1,1.0
144,1,993.0,339.0,75.0,207.0,1,1,1.0
144,2,919.0,343.0,86.0,212.0,1,1,1.0
145,1,996.0,340.0,73.0,208.0,1,1,1.0
145,2,917.0,344.0,87.0,211.0,1,1,1.0
146,1,998.0,341.0,71.0,210.0,1,1,1.0
146,2,917.0,344.0,86.0,211.0,1,1,1.0
147,1,999.0,341.0,70.0,212.0,1,1,1.0
147,2,918.0,345.0,80.0,211.0,1,1,1.0
148,1,1001.0,341.0,70.0,211.0,1,1,1.0
148,2,921.0,347.0,76.0,210.0,1,1,1.0
149,1,1002.0,342.0,70.0,210.0,1,1,1.0
149,2,923.0,350.0,74.0,214.0,1,1,1.0
150,1,1003.0,345.0,70.0,215.0,1,1,1.0
150,2,924.0,353.0,75.0,216.0,1,1,1.0
151,1,1005.0,348.0,69.0,216.0,1,1,1.0
151,2,925.0,356.0,77.0,220.0,1,1,1.0
152,1,1007.0,352.0,67.0,218.0,1,1,1.0
152,2,926.0,359.0,78.0,225.0,1,1,1.0
153,1,1009.0,356.0,64.0,218.0,1,1,1.0
153,2,926.0,361.0,78.0,227.0,1,1,1.0
154,1,1012.0,358.0,64.0,221.0,1,1,1.0
154,2,926.0,363.0,77.0,227.0,1,1,1.0
155,1,1013.0,359.0,66.0,221.0,1,1,1.0
155,2,925.0,364.0,78.0,227.0,1,1,1.0
156,1,1016.0,359.0,66.0,222.0,1,1,1.0
156,2,923.0,364.0,80.0,227.0,1,1,1.0
157,1,1018.0,359.0,69.0,221.0,1,1,1.0
157,2,918.0,366.0,85.0,226.0,1,1,1.0
158,1,1018.0,360.0,73.0,222.0,1,1,1.0
158,2,914.0,368.0,89.0,229.0,1,1,1.0
159,1,1019.0,362.0,76.0,227.0,1,1,1.0
159,2,911.0,372.0,92.0,233.0,1,1,1.0
160,1,1019.0,365.0,79.0,229.0,1,1,1.0
160,2,908.0,377.0,94.0,236.0,1,1,1.0
161,1,1018.0,370.0,82.0,230.0,1,1,1.0
161,2,906.0,381.0,97.0,239.0,1,1,1.0
162,1,1017.0,373.0,86.0,235.0,1,1,1.0
162,2,904.0,383.0,98.0,243.0,1,1,1.0
163,1,1017.0,376.0,88.0,238.0,1,1,1.0
163,2,902.0,385.0,99.0,244.0,1,1,1.0
164,1,1017.0,379.0,88.0,239.0,1,1,1.0
164,2,901.0,386.0,98.0,245.0,1,1,1.0
165,1,1017.0,380.0,88.0,239.0,1,1,1.0
165,2,902.0,386.0,97.0,244.0,1,1,1.0
166,1,1017.0,380.0,87.0,242.0,1,1,1.0
166,2,906.0,387.0,91.0,243.0,1,1,1.0
167,1,1019.0,380.0,85.0,242.0,1,1,1.0
167,2,910.0,389.0,86.0,247.0,1,1,1.0
168,1,1021.0,382.0,83.0,240.0,1,1,1.0
168,2,912.0,393.0,85.0,252.0,1,1,1.0
169,1,1024.0,387.0,81.0,242.0,1,1,1.0
169,2,914.0,397.0,85.0,254.0,1,1,1.0
170,1,1026.0,392.0,79.0,246.0,1,1,1.0
170,2,913.0,402.0,88.0,256.0,1,1,1.0
171,1,1029.0,397.0,75.0,249.0,1,1,1.0
171,2,911.0,405.0,91.0,258.0,1,1,1.0
172,1,1032.0,402.0,73.0,249.0,1,1,1.0
172,2,910.0,408.0,94.0,257.0,1,1,1.0
173,1,1034.0,405.0,73.0,252.0,1,1,1.0
173,2,913.0,410.0,94.0,257.0,1,1,1.0
174,1,1035.0,407.0,74.0,254.0,1,1,1.0
174,2,915.0,411.0,95.0,260.0,1,1,1.0
175,1,1037.0,408.0,76.0,255.0,1,1,1.0
175,2,915.0,412.0,98.0,261.0,1,1,1.0
176,1,1037.0,408.0,80.0,254.0,1,1,1.0
176,2,910.0,415.0,104.0,263.0,1,1,1.0
177,1,1036.0,409.0,87.0,254.0,1,1,1.0
177,2,906.0,420.0,110.0,267.0,1,1,1.0
178,1,1034.0,412.0,92.0,257.0,1,1,1.0
178,2,903.0,425.0,114.0,271.0,1,1,1.0
179,1,1032.0,416.0,97.0,267.0,1,1,1.0
179,2,902.0,431.0,115.0,274.0,1,1,1.0
180,1,1031.0,421.0,102.0,269.0,1,1,1.0
180,2,901.0,436.0,113.0,279.0,1,1,1.0
181,1,1030.0,426.0,105.0,270.0,1,1,1.0
181,2,900.0,439.0,111.0,283.0,1,1,1.0
182,1,1031.0,431.0,106.0,275.0,1,1,1.0
182,2,901.0,442.0,110.0,283.0,1,1,1.0
183,1,1031.0,434.0,105.0,277.0,1,1,1.0
183,2,902.0,444.0,107.0,283.0,1,1,1.0
184,1,1031.0,436.0,103.0,277.0,1,1,1.0
184,2,907.0,446.0,103.0,281.0,1,1,1.0
185,1,1032.0,437.0,99.0,276.0,1,1,1.0
185,2,911.0,449.0,102.0,279.0,1,1,1.0
186,1,1033.0,438.0,97.0,275.0,1,1,1.0
186,2,912.0,453.0,104.0,289.0,1,1,1.0
187,1,1035.0,441.0,94.0,274.0,1,1,1.0
187,2,912.0,458.0,106.0,293.0,1,1,1.0
188,1,1035.0,445.0,93.0,282.0,1,1,1.0
188,2,916.0,464.0,105.0,296.0,1,1,1.0
189,1,1036.0,451.0,92.0,287.0,1,1,1.0
189,2,920.0,470.0,103.0,302.0,1,1,1.0
190,1,1038.0,457.0,90.0,291.0,1,1,1.0
190,2,923.0,475.0,103.0,305.0,1,1,1.0
191,1,1042.0,463.0,87.0,294.0,1,1,1.0
191,2,925.0,479.0,104.0,305.0,1,1,1.0
192,1,1044.0,468.0,87.0,298.0,1,1,1.0
192,2,925.0,481.0,106.0,304.0,1,1,1.0
193,1,1046.0,471.0,89.0,300.0,1,1,1.0
193,2,924.0,485.0,109.0,301.0,1,1,1.0
194,1,1048.0,473.0,93.0,298.0,1,1,1.0
194,2,919.0,489.0,114.0,297.0,1,1,1.0
195,1,1047.0,474.0,99.0,296.0,1,1,1.0
195,2,913.0,493.0,119.0,304.0,1,1,1.0
196,1,1045.0,477.0,106.0,294.0,1,1,1.0
196,2,909.0,500.0,123.0,310.0,1,1,1.0
197,1,1043.0,481.0,111.0,299.0,1,1,1.0
197,2,906.0,507.0,124.0,316.0,1,1,1.0
198,1,1040.0,487.0,115.0,310.0,1,1,1.0
198,2,904.0,513.0,124.0,320.0,1,1,1.0
199,1,1038.0,494.0,118.0,313.0,1,1,1.0
199,2,902.0,519.0,124.0,330.0,1,1,1.0
200,1,1040.0,501.0,116.0,317.0,1,1,1.0
200,2,899.0,523.0,124.0,331.0,1,1,1.0
201,1,1041.0,507.0,114.0,324.0,1,1,1.0
201,2,899.0,526.0,125.0,330.0,1,1,1.0
202,1,1041.0,511.0,113.0,325.0,1,1,1.0
202,2,901.0,529.0,123.0,328.0,1,1,1.0
203,1,1040.0,513.0,114.0,325.0,1,1,1.0
203,2,904.0,532.0,122.0,325.0,1,1,1.0
204,1,1040.0,515.0,114.0,324.0,1,1,1.0
204,2,902.0,536.0,125.0,330.0,1,1,1.0
205,1,1041.0,518.0,115.0,320.0,1,1,1.0
205,2,899.0,542.0,129.0,341.0,1,1,1.0
206,1,1045.0,522.0,113.0,320.0,1,1,1.0
206,2,898.0,549.0,132.0,348.0,1,1,1.0
207,1,1048.0,528.0,112.0,335.0,1,1,1.0
207,2,896.0,557.0,134.0,357.0,1,1,1.0
208,1,1051.0,536.0,112.0,342.0,1,1,1.0
208,2,895.0,564.0,137.0,364.0,1,1,1.0
209,1,1053.0,545.0,111.0,345.0,1,1,1.0
209,2,892.0,570.0,141.0,368.0,1,1,1.0
210,1,1058.0,552.0,108.0,351.0,1,1,1.0
210,2,891.0,575.0,143.0,366.0,1,1,1.0
211,1,1063.0,558.0,108.0,354.0,1,1,1.0
211,2,891.0,579.0,143.0,362.0,1,1,1.0
212,1,1065.0,563.0,110.0,352.0,1,1,1.0
212,2,892.0,584.0,142.0,357.0,1,1,1.0
213,1,1068.0,566.0,113.0,350.0,1,1,1.0
213,2,890.0,589.0,141.0,352.0,1,1,1.0
214,1,1068.0,568.0,120.0,347.0,1,1,1.0
214,2,885.0,595.0,143.0,366.0,1,1,1.0
215,1,1067.0,572.0,127.0,345.0,1,1,1.0
215,2,880.0,603.0,146.0,371.0,1,1,1.0
216,1,1065.0,578.0,132.0,357.0,1,1,1.0
216,2,876.0,612.0,149.0,380.0,1,1,1.0
217,1,1063.0,586.0,137.0,369.0,1,1,1.0
217,2,871.0,621.0,153.0,386.0,1,1,1.0
218,1,1063.0,596.0,140.0,377.0,1,1,1.0
218,2,866.0,629.0,157.0,396.0,1,1,1.0
219,1,1064.0,605.0,141.0,386.0,1,1,1.0
219,2,862.0,636.0,159.0,396.0,1,1,1.0
220,1,1065.0,613.0,141.0,392.0,1,1,1.0
220,2,859.0,641.0,160.0,393.0,1,1,1.0
221,1,1065.0,619.0,140.0,393.0,1,1,1.0
221,2,858.0,645.0,157.0,388.0,1,1,1.0
222,1,1064.0,624.0,140.0,392.0,1,1,1.0
222,2,862.0,651.0,151.0,383.0,1,1,1.0
223,1,1064.0,627.0,142.0,389.0,1,1,1.0
223,2,863.0,657.0,149.0,388.0,1,1,1.0
224,1,1065.0,631.0,143.0,384.0,1,1,1.0
224,2,863.0,664.0,154.0,404.0,1,1,1.0
225,1,1069.0,637.0,140.0,385.0,1,1,1.0
225,2,861.0,673.0,160.0,405.0,1,1,1.0
226,1,1071.0,647.0,139.0,402.0,1,1,1.0
226,2,859.0,684.0,166.0,398.0,1,1,1.0
227,1,1074.0,658.0,136.0,413.0,1,1,1.0
227,2,855.0,694.0,172.0,388.0,1,1,1.0
228,1,1078.0,669.0,133.0,410.0,1,1,1.0
228,2,852.0,703.0,175.0,379.0,1,1,1.0
229,1,1082.0,681.0,131.0,401.0,1,1,1.0
229,2,854.0,710.0,171.0,372.0,1,1,1.0
230,1,1085.0,691.0,133.0,392.0,1,1,1.0
230,2,851.0,717.0,171.0,365.0,1,1,1.0
231,1,1087.0,700.0,136.0,383.0,1,1,1.0
231,2,849.0,722.0,166.0,360.0,1,1,1.0
232,1,1089.0,707.0,140.0,376.0,1,1,1.0
232,2,840.0,728.0,169.0,353.0,1,1,1.0
233,1,1089.0,712.0,147.0,370.0,1,1,1.0
233,2,832.0,735.0,178.0,345.0,1,1,1.0
234,1,1088.0,718.0,154.0,364.0,1,1,1.0
234,2,828.0,744.0,185.0,336.0,1,1,1.0
235,1,1085.0,727.0,162.0,354.0,1,1,1.0
235,2,823.0,755.0,190.0,324.0,1,1,1.0
236,1,1081.0,739.0,169.0,342.0,1,1,1.0
236,2,819.0,767.0,191.0,312.0,1,1,1.0
237,1,1078.0,753.0,174.0,327.0,1,1,1.0
237,2,814.0,779.0,190.0,301.0,1,1,1.0
238,1,1076.0,768.0,176.0,312.0,1,1,1.0
238,2,811.0,789.0,186.0,290.0,1,1,1.0
239,1,1075.0,782.0,176.0,298.0,1,1,1.0
239,2,810.0,798.0,184.0,281.0,1,1,1.0
240,1,1073.0,792.0,176.0,287.0,1,1,1.0
240,2,809.0,805.0,182.0,274.0,1,1,1.0
241,1,1069.0,800.0,178.0,279.0,1,1,1.0
241,2,811.0,812.0,178.0,267.0,1,1,1.0
242,1,1066.0,808.0,182.0,272.0,1,1,1.0
242,2,814.0,821.0,175.0,258.0,1,1,1.0
243,1,1063.0,816.0,184.0,263.0,1,1,1.0
243,2,814.0,831.0,177.0,248.0,1,1,1.0
244,1,1064.0,827.0,184.0,252.0,1,1,1.0
244,2,814.0,843.0,182.0,236.0,1,1,1.0
245,1,1066.0,851.0,182.0,229.0,1,1,1.0
245,2,818.0,865.0,185.0,214.0,1,1,1.0
246,1,1069.0,871.0,179.0,208.0,1,1,1.0
246,2,820.0,881.0,186.0,198.0,1,1,1.0
247,1,1075.0,888.0,176.0,191.0,1,1,1.0
247,2,821.0,894.0,185.0,185.0,1,1,1.0
248,1,1079.0,904.0,176.0,175.0,1,1,1.0
248,2,822.0,905.0,183.0,174.0,1,1,1.0
249,1,1085.0,916.0,176.0,163.0,1,1,1.0
249,2,822.0,915.0,181.0,164.0,1,1,1.0
250,1,1090.0,926.0,179.0,152.0,1,1,1.0
250,2,821.0,926.0,183.0,153.0,1,1,1.0
251,1,1095.0,935.0,180.0,143.0,1,1,1.0
251,2,820.0,937.0,187.0,142.0,1,1,1.0
252,1,1101.0,946.0,179.0,133.0,1,1,1.0
252,2,820.0,950.0,188.0,128.0,1,1,1.0
253,1,1109.0,958.0,173.0,121.0,1,1,1.0
253,2,820.0,963.0,182.0,115.0,1,1,1.0
254,1,1118.0,971.0,161.0,108.0,1,1,1.0
254,2,821.0,979.0,173.0,100.0,1,1,1.0
255,1,1127.0,989.0,144.0,90.0,1,1,1.0
255,2,829.0,995.0,153.0,84.0,1,1,1.0
256,1,1153.0,1006.0,98.0,73.0,1,1,1.0
256,2,848.0,1012.0,110.0,66.0,1,1,1.0
257,1,1161.0,1024.0,83.0,55.0,1,1,1.0
259,3,1167.0,250.0,46.0,60.0,1,1,1.0
260,3,1168.0,250.0,45.0,60.0,1,1,1.0
261,3,1168.0,250.0,47.0,60.0,1,1,1.0
262,3,1167.0,250.0,47.0,59.0,1,1,1.0
263,3,1167.0,250.0,47.0,59.0,1,1,1.0
264,3,1166.0,250.0,49.0,67.0,1,1,1.0
265,3,1166.0,250.0,48.0,67.0,1,1,1.0
266,3,1167.0,250.0,48.0,69.0,1,1,1.0
267,3,1168.0,250.0,47.0,71.0,1,1,1.0
268,3,1169.0,250.0,46.0,72.0,1,1,1.0
269,3,1169.0,250.0,45.0,72.0,1,1,1.0
270,3,1169.0,251.0,45.0,72.0,1,1,1.0
271,3,1170.0,251.0,45.0,72.0,1,1,1.0
272,3,1170.0,251.0,45.0,73.0,1,1,1.0
273,3,1169.0,251.0,46.0,72.0,1,1,1.0
274,3,1168.0,250.0,47.0,70.0,1,1,1.0
275,3,1168.0,250.0,47.0,68.0,1,1,1.0
276,3,1167.0,250.0,47.0,64.0,1,1,1.0
277,3,1167.0,250.0,47.0,61.0,1,1,1.0
278,3,1168.0,250.0,47.0,60.0,1,1,1.0
279,3,1168.0,250.0,47.0,60.0,1,1,1.0
280,3,1165.0,249.0,50.0,60.0,1,1,1.0
281,3,1165.0,250.0,50.0,59.0,1,1,1.0
282,3,1164.0,250.0,50.0,58.0,1,1,1.0
283,3,1164.0,250.0,50.0,58.0,1,1,1.0
284,3,1163.0,250.0,51.0,58.0,1,1,1.0
285,3,1162.0,250.0,52.0,57.0,1,1,1.0
286,3,1162.0,251.0,52.0,57.0,1,1,1.0
287,3,1161.0,251.0,53.0,57.0,1,1,1.0
288,3,1161.0,251.0,53.0,57.0,1,1,1.0
289,3,1160.0,251.0,54.0,57.0,1,1,1.0
290,3,1160.0,251.0,54.0,58.0,1,1,1.0
291,3,1160.0,251.0,54.0,58.0,1,1,1.0
292,3,1160.0,250.0,54.0,58.0,1,1,1.0
293,3,1160.0,250.0,54.0,58.0,1,1,1.0
294,3,1160.0,251.0,54.0,58.0,1,1,1.0
295,3,1160.0,251.0,54.0,58.0,1,1,1.0
296,3,1160.0,251.0,54.0,57.0,1,1,1.0
297,3,1161.0,251.0,54.0,58.0,1,1,1.0
298,3,1161.0,251.0,54.0,58.0,1,1,1.0
299,3,1161.0,250.0,53.0,58.0,1,1,1.0
300,3,1161.0,250.0,54.0,58.0,1,1,1.0
301,3,1162.0,250.0,52.0,59.0,1,1,1.0
302,3,1163.0,250.0,52.0,60.0,1,1,1.0
303,3,1163.0,250.0,52.0,60.0,1,1,1.0
304,3,1163.0,250.0,52.0,60.0,1,1,1.0
305,3,1163.0,250.0,51.0,60.0,1,1,1.0
306,3,1164.0,250.0,51.0,60.0,1,1,1.0
307,3,1164.0,250.0,51.0,60.0,1,1,1.0
308,3,1164.0,250.0,51.0,60.0,1,1,1.0
309,3,1163.0,250.0,51.0,60.0,1,1,1.0
310,3,1163.0,250.0,52.0,60.0,1,1,1.0
311,3,1163.0,250.0,52.0,60.0,1,1,1.0
312,3,1164.0,250.0,51.0,60.0,1,1,1.0
313,3,1164.0,250.0,51.0,60.0,1,1,1.0
314,3,1164.0,250.0,51.0,60.0,1,1,1.0
315,3,1165.0,250.0,50.0,60.0,1,1,1.0
316,3,1166.0,250.0,49.0,59.0,1,1,1.0
317,3,1167.0,250.0,47.0,59.0,1,1,1.0
318,4,569.0,975.0,140.0,103.0,1,1,1.0
319,3,1168.0,250.0,46.0,58.0,1,1,1.0
319,4,553.0,962.0,159.0,117.0,1,1,1.0
320,3,1168.0,250.0,46.0,58.0,1,1,1.0
320,4,537.0,945.0,171.0,134.0,1,1,1.0
321,3,1170.0,250.0,45.0,59.0,1,1,1.0
321,4,524.0,928.0,173.0,151.0,1,1,1.0
322,4,516.0,913.0,169.0,165.0,1,1,1.0
323,4,508.0,900.0,164.0,179.0,1,1,1.0
324,4,504.0,888.0,157.0,190.0,1,1,1.0
325,4,499.0,879.0,154.0,199.0,1,1,1.0
326,4,492.0,871.0,158.0,208.0,1,1,1.0
326,5,257.0,975.0,125.0,104.0,1,1,1.0
327,4,484.0,862.0,164.0,216.0,1,1,1.0
327,5,252.0,964.0,138.0,115.0,1,1,1.0
328,4,473.0,852.0,172.0,226.0,1,1,1.0
328,5,249.0,953.0,152.0,126.0,1,1,1.0
329,4,463.0,839.0,178.0,240.0,1,1,1.0
329,5,246.0,943.0,162.0,136.0,1,1,1.0
330,4,453.0,825.0,184.0,254.0,1,1,1.0
330,5,244.0,932.0,169.0,147.0,1,1,1.0
331,4,443.0,812.0,186.0,266.0,1,1,1.0
331,5,240.0,919.0,171.0,159.0,1,1,1.0
332,4,434.0,800.0,190.0,278.0,1,1,1.0
332,5,235.0,905.0,174.0,173.0,1,1,1.0
333,4,426.0,790.0,199.0,288.0,1,1,1.0
333,5,233.0,889.0,175.0,190.0,1,1,1.0
334,4,420.0,782.0,207.0,296.0,1,1,1.0
334,5,230.0,871.0,177.0,207.0,1,1,1.0
335,4,414.0,775.0,213.0,303.0,1,1,1.0
335,5,226.0,856.0,181.0,222.0,1,1,1.0
336,4,410.0,768.0,213.0,310.0,1,1,1.0
336,5,224.0,844.0,184.0,234.0,1,1,1.0
337,4,407.0,760.0,208.0,318.0,1,1,1.0
337,5,222.0,835.0,187.0,243.0,1,1,1.0
338,4,403.0,749.0,202.0,329.0,1,1,1.0
338,5,221.0,828.0,188.0,250.0,1,1,1.0
339,4,399.0,738.0,191.0,340.0,1,1,1.0
339,5,223.0,820.0,182.0,258.0,1,1,1.0
340,4,394.0,726.0,175.0,353.0,1,1,1.0
340,5,225.0,811.0,175.0,267.0,1,1,1.0
341,4,390.0,715.0,163.0,363.0,1,1,1.0
341,5,226.0,799.0,170.0,279.0,1,1,1.0
342,4,386.0,706.0,161.0,372.0,1,1,1.0
342,5,225.0,786.0,168.0,292.0,1,1,1.0
343,4,383.0,700.0,162.0,378.0,1,1,1.0
343,5,224.0,771.0,165.0,307.0,1,1,1.0
344,4,379.0,694.0,164.0,384.0,1,1,1.0
344,5,223.0,758.0,161.0,320.0,1,1,1.0
345,4,372.0,686.0,166.0,392.0,1,1,1.0
345,5,222.0,744.0,154.0,334.0,1,1,1.0
346,4,366.0,680.0,167.0,398.0,1,1,1.0
346,5,222.0,736.0,150.0,342.0,1,1,1.0
347,4,359.0,672.0,167.0,395.0,1,1,1.0
347,5,221.0,731.0,150.0,347.0,1,1,1.0
348,4,354.0,663.0,165.0,381.0,1,1,1.0
348,5,217.0,725.0,154.0,353.0,1,1,1.0
349,4,349.0,654.0,163.0,367.0,1,1,1.0
349,5,214.0,718.0,159.0,361.0,1,1,1.0
350,4,342.0,646.0,156.0,369.0,1,1,1.0
350,5,210.0,708.0,163.0,370.0,1,1,1.0
351,4,337.0,640.0,157.0,369.0,1,1,1.0
351,5,207.0,697.0,159.0,365.0,1,1,1.0
352,4,333.0,636.0,163.0,372.0,1,1,1.0
352,5,203.0,686.0,155.0,361.0,1,1,1.0
353,4,331.0,633.0,165.0,373.0,1,1,1.0
353,5,199.0,677.0,156.0,363.0,1,1,1.0
354,4,329.0,629.0,165.0,371.0,1,1,1.0
354,5,197.0,671.0,147.0,363.0,1,1,1.0
355,4,328.0,625.0,163.0,377.0,1,1,1.0
355,5,197.0,667.0,141.0,369.0,1,1,1.0
356,4,326.0,618.0,158.0,376.0,1,1,1.0
356,5,197.0,664.0,138.0,372.0,1,1,1.0
357,4,323.0,609.0,152.0,366.0,1,1,1.0
357,5,198.0,660.0,134.0,371.0,1,1,1.0
358,4,321.0,601.0,141.0,354.0,1,1,1.0
358,5,200.0,653.0,131.0,369.0,1,1,1.0
359,4,319.0,593.0,135.0,341.0,1,1,1.0
359,5,200.0,644.0,129.0,347.0,1,1,1.0
360,4,317.0,587.0,135.0,336.0,1,1,1.0
360,5,200.0,634.0,128.0,344.0,1,1,1.0
361,3,1168.0,250.0,47.0,60.0,1,1,1.0
361,4,315.0,583.0,134.0,337.0,1,1,1.0
361,5,198.0,625.0,126.0,338.0,1,1,1.0
362,3,1168.0,250.0,47.0,61.0,1,1,1.0
362,4,314.0,580.0,134.0,338.0,1,1,1.0
362,5,197.0,617.0,126.0,334.0,1,1,1.0
363,3,1168.0,250.0,47.0,61.0,1,1,1.0
363,4,311.0,577.0,132.0,339.0,1,1,1.0
363,5,196.0,612.0,126.0,332.0,1,1,1.0
364,3,1168.0,250.0,47.0,61.0,1,1,1.0
364,4,309.0,574.0,127.0,337.0,1,1,1.0
364,5,196.0,609.0,128.0,333.0,1,1,1.0
365,3,1168.0,250.0,47.0,60.0,1,1,1.0
365,4,306.0,570.0,125.0,337.0,1,1,1.0
365,5,196.0,607.0,125.0,335.0,1,1,1.0
366,3,1168.0,250.0,47.0,60.0,1,1,1.0
366,4,302.0,565.0,124.0,332.0,1,1,1.0
366,5,195.0,605.0,126.0,331.0,1,1,1.0
367,3,1168.0,250.0,47.0,60.0,1,1,1.0
367,4,299.0,559.0,126.0,322.0,1,1,1.0
367,5,193.0,602.0,129.0,328.0,1,1,1.0
368,3,1168.0,250.0,47.0,61.0,1,1,1.0
368,4,296.0,552.0,122.0,310.0,1,1,1.0
368,5,191.0,596.0,128.0,325.0,1,1,1.0
369,3,1168.0,250.0,47.0,60.0,1,1,1.0
369,4,293.0,546.0,120.0,308.0,1,1,1.0
369,5,190.0,589.0,123.0,318.0,1,1,1.0
370,3,1168.0,250.0,46.0,60.0,1,1,1.0
370,4,290.0,542.0,124.0,311.0,1,1,1.0
370,5,188.0,580.0,119.0,311.0,1,1,1.0
371,3,1168.0,250.0,46.0,60.0,1,1,1.0
371,4,288.0,539.0,129.0,313.0,1,1,1.0
371,5,186.0,573.0,119.0,305.0,1,1,1.0
372,3,1168.0,250.0,46.0,59.0,1,1,1.0
372,4,287.0,536.0,131.0,313.0,1,1,1.0
372,5,185.0,568.0,118.0,305.0,1,1,1.0
373,3,1168.0,250.0,46.0,59.0,1,1,1.0
373,4,288.0,535.0,131.0,315.0,1,1,1.0
373,5,184.0,566.0,116.0,305.0,1,1,1.0
374,3,1168.0,250.0,46.0,59.0,1,1,1.0
374,4,289.0,533.0,129.0,314.0,1,1,1.0
374,5,185.0,565.0,116.0,304.0,1,1,1.0
375,3,1168.0,250.0,46.0,59.0,1,1,1.0
375,4,290.0,528.0,126.0,315.0,1,1,1.0
375,5,189.0,563.0,111.0,304.0,1,1,1.0
376,3,1168.0,250.0,46.0,59.0,1,1,1.0
376,4,289.0,523.0,122.0,308.0,1,1,1.0
376,5,193.0,559.0,107.0,306.0,1,1,1.0
377,3,1168.0,250.0,46.0,59.0,1,1,1.0
377,4,288.0,517.0,116.0,298.0,1,1,1.0
377,5,194.0,554.0,106.0,292.0,1,1,1.0
378,3,1169.0,250.0,46.0,59.0,1,1,1.0
378,4,288.0,512.0,112.0,288.0,1,1,1.0
378,5,195.0,547.0,105.0,294.0,1,1,1.0
379,3,1169.0,250.0,46.0,59.0,1,1,1.0
379,4,287.0,507.0,111.0,287.0,1,1,1.0
379,5,195.0,539.0,104.0,289.0,1,1,1.0
380,3,1169.0,250.0,46.0,59.0,1,1,1.0
380,4,287.0,503.0,112.0,288.0,1,1,1.0
380,5,195.0,533.0,103.0,284.0,1,1,1.0
381,4,286.0,501.0,111.0,290.0,1,1,1.0
381,5,196.0,529.0,104.0,283.0,1,1,1.0
382,4,285.0,500.0,108.0,288.0,1,1,1.0
382,5,197.0,527.0,103.0,283.0,1,1,1.0
383,4,283.0,499.0,108.0,286.0,1,1,1.0
383,5,198.0,525.0,102.0,281.0,1,1,1.0
384,4,281.0,497.0,109.0,285.0,1,1,1.0
384,5,198.0,524.0,103.0,280.0,1,1,1.0
385,4,279.0,493.0,110.0,283.0,1,1,1.0
385,5,197.0,522.0,105.0,279.0,1,1,1.0
386,4,277.0,488.0,109.0,274.0,1,1,1.0
386,5,195.0,519.0,105.0,277.0,1,1,1.0
387,4,275.0,484.0,106.0,266.0,1,1,1.0
387,5,194.0,515.0,101.0,274.0,1,1,1.0
388,4,273.0,479.0,103.0,266.0,1,1,1.0
388,5,194.0,509.0,98.0,267.0,1,1,1.0
389,4,271.0,477.0,107.0,266.0,1,1,1.0
389,5,192.0,503.0,97.0,262.0,1,1,1.0
390,4,270.0,475.0,109.0,267.0,1,1,1.0
390,5,191.0,499.0,97.0,260.0,1,1,1.0
391,4,270.0,474.0,109.0,267.0,1,1,1.0
391,5,190.0,495.0,98.0,259.0,1,1,1.0
392,4,270.0,473.0,108.0,267.0,1,1,1.0
392,5,189.0,494.0,98.0,262.0,1,1,1.0
393,4,271.0,471.0,107.0,270.0,1,1,1.0
393,5,189.0,494.0,97.0,264.0,1,1,1.0
394,4,272.0,468.0,104.0,269.0,1,1,1.0
394,5,190.0,493.0,94.0,265.0,1,1,1.0
395,4,271.0,464.0,102.0,262.0,1,1,1.0
395,5,193.0,491.0,88.0,263.0,1,1,1.0
396,4,271.0,459.0,97.0,256.0,1,1,1.0
396,5,194.0,487.0,86.0,262.0,1,1,1.0
397,4,270.0,455.0,95.0,252.0,1,1,1.0
397,5,195.0,482.0,86.0,255.0,1,1,1.0
398,4,270.0,452.0,95.0,249.0,1,1,1.0
398,5,195.0,477.0,85.0,249.0,1,1,1.0
399,4,269.0,450.0,95.0,250.0,1,1,1.0
399,5,193.0,471.0,86.0,246.0,1,1,1.0
400,4,268.0,449.0,95.0,250.0,1,1,1.0
400,5,192.0,468.0,86.0,244.0,1,1,1.0
401,3,1175.0,250.0,39.0,60.0,1,1,1.0
401,4,266.0,448.0,95.0,248.0,1,1,1.0
401,5,192.0,467.0,86.0,243.0,1,1,1.0
402,3,1175.0,249.0,39.0,60.0,1,1,1.0
402,4,264.0,448.0,95.0,247.0,1,1,1.0
402,5,190.0,467.0,87.0,244.0,1,1,1.0
403,3,1174.0,249.0,40.0,60.0,1,1,1.0
403,4,262.0,447.0,94.0,245.0,1,1,1.0
403,5,188.0,468.0,89.0,237.0,1,1,1.0
404,3,1174.0,249.0,40.0,60.0,1,1,1.0
404,4,261.0,444.0,93.0,243.0,1,1,1.0
404,5,187.0,468.0,91.0,235.0,1,1,1.0
405,3,1173.0,249.0,41.0,60.0,1,1,1.0
405,4,260.0,440.0,91.0,238.0,1,1,1.0
405,5,186.0,466.0,92.0,235.0,1,1,1.0
406,3,1173.0,249.0,41.0,60.0,1,1,1.0
406,4,259.0,437.0,90.0,233.0,1,1,1.0
406,5,185.0,463.0,89.0,229.0,1,1,1.0
407,3,1174.0,249.0,41.0,60.0,1,1,1.0
407,4,259.0,434.0,89.0,232.0,1,1,1.0
407,5,184.0,458.0,85.0,229.0,1,1,1.0
408,3,1174.0,249.0,41.0,61.0,1,1,1.0
408,4,259.0,431.0,93.0,233.0,1,1,1.0
408,5,182.0,455.0,83.0,229.0,1,1,1.0
409,3,1173.0,249.0,41.0,61.0,1,1,1.0
409,4,259.0,429.0,94.0,234.0,1,1,1.0
409,5,181.0,453.0,84.0,229.0,1,1,1.0
410,3,1173.0,249.0,42.0,61.0,1,1,1.0
410,4,260.0,428.0,95.0,235.0,1,1,1.0
410,5,180.0,452.0,86.0,230.0,1,1,1.0
411,4,261.0,428.0,93.0,235.0,1,1,1.0
411,5,181.0,451.0,88.0,228.0,1,1,1.0
412,4,261.0,427.0,93.0,235.0,1,1,1.0
412,5,184.0,451.0,89.0,226.0,1,1,1.0
413,4,261.0,424.0,93.0,236.0,1,1,1.0
413,5,187.0,450.0,87.0,229.0,1,1,1.0
414,4,260.0,421.0,93.0,231.0,1,1,1.0
414,5,189.0,447.0,88.0,230.0,1,1,1.0
415,4,261.0,417.0,91.0,225.0,1,1,1.0
415,5,190.0,443.0,86.0,226.0,1,1,1.0
416,4,262.0,414.0,88.0,221.0,1,1,1.0
416,5,191.0,438.0,85.0,222.0,1,1,1.0
417,4,262.0,411.0,86.0,220.0,1,1,1.0
417,5,192.0,434.0,82.0,220.0,1,1,1.0
418,4,264.0,409.0,84.0,222.0,1,1,1.0
418,5,193.0,431.0,79.0,220.0,1,1,1.0
419,4,270.0,408.0,82.0,222.0,1,1,1.0
419,5,194.0,430.0,78.0,218.0,1,1,1.0
420,3,1173.0,250.0,41.0,60.0,1,1,1.0
420,4,277.0,407.0,77.0,223.0,1,1,1.0
420,5,195.0,429.0,79.0,218.0,1,1,1.0
421,4,282.0,407.0,74.0,221.0,1,1,1.0
421,5,196.0,428.0,79.0,216.0,1,1,1.0
422,4,286.0,406.0,72.0,220.0,1,1,1.0
422,5,198.0,427.0,80.0,214.0,1,1,1.0
423,4,291.0,404.0,70.0,222.0,1,1,1.0
423,5,200.0,426.0,83.0,214.0,1,1,1.0
424,4,295.0,400.0,69.0,217.0,1,1,1.0
424,5,202.0,423.0,81.0,217.0,1,1,1.0
425,4,300.0,397.0,68.0,208.0,1,1,1.0
425,5,204.0,419.0,79.0,216.0,1,1,1.0
426,4,304.0,394.0,66.0,210.0,1,1,1.0
426,5,209.0,415.0,76.0,214.0,1,1,1.0
427,4,309.0,392.0,64.0,209.0,1,1,1.0
427,5,216.0,411.0,73.0,211.0,1,1,1.0
428,4,315.0,391.0,66.0,210.0,1,1,1.0
428,5,221.0,408.0,72.0,211.0,1,1,1.0
429,4,318.0,390.0,71.0,211.0,1,1,1.0
429,5,227.0,406.0,71.0,210.0,1,1,1.0
430,4,322.0,389.0,79.0,212.0,1,1,1.0
430,5,234.0,406.0,75.0,209.0,1,1,1.0
431,4,325.0,388.0,82.0,209.0,1,1,1.0
431,5,241.0,405.0,79.0,208.0,1,1,1.0
432,4,328.0,385.0,80.0,208.0,1,1,1.0
432,5,245.0,404.0,80.0,206.0,1,1,1.0
433,4,333.0,382.0,77.0,206.0,1,1,1.0
433,5,248.0,403.0,80.0,206.0,1,1,1.0
434,4,339.0,379.0,71.0,203.0,1,1,1.0
434,5,251.0,400.0,78.0,206.0,1,1,1.0
435,4,345.0,377.0,68.0,202.0,1,1,1.0
435,5,258.0,398.0,71.0,202.0,1,1,1.0
436,4,353.0,375.0,68.0,203.0,1,1,1.0
436,5,267.0,393.0,62.0,198.0,1,1,1.0
437,4,362.0,374.0,66.0,203.0,1,1,1.0
437,5,274.0,390.0,55.0,197.0,1,1,1.0
438,4,371.0,374.0,65.0,203.0,1,1,1.0
438,5,280.0,388.0,62.0,196.0,1,1,1.0
439,4,378.0,373.0,71.0,204.0,1,1,1.0
439,5,285.0,387.0,66.0,197.0,1,1,1.0
440,4,381.0,372.0,74.0,204.0,1,1,1.0
440,5,287.0,386.0,74.0,197.0,1,1,1.0
441,3,1159.0,250.0,53.0,59.0,1,1,1.0
441,4,383.0,370.0,76.0,205.0,1,1,1.0
441,5,291.0,385.0,81.0,195.0,1,1,1.0
442,3,1159.0,250.0,53.0,59.0,1,1,1.0
442,4,388.0,368.0,74.0,206.0,1,1,1.0
442,5,292.0,384.0,89.0,194.0,1,1,1.0
443,3,1159.0,251.0,53.0,59.0,1,1,1.0
443,4,396.0,366.0,69.0,202.0,1,1,1.0
443,5,294.0,381.0,93.0,195.0,1,1,1.0
444,3,1159.0,251.0,53.0,59.0,1,1,1.0
444,4,407.0,363.0,62.0,199.0,1,1,1.0
444,5,302.0,379.0,90.0,197.0,1,1,1.0
445,4,416.0,362.0,61.0,198.0,1,1,1.0
445,5,313.0,376.0,81.0,194.0,1,1,1.0
446,4,423.0,361.0,62.0,197.0,1,1,1.0
446,5,329.0,373.0,67.0,189.0,1,1,1.0
447,4,429.0,360.0,72.0,198.0,1,1,1.0
447,5,340.0,369.0,58.0,190.0,1,1,1.0
448,4,433.0,360.0,84.0,197.0,1,1,1.0
448,5,349.0,367.0,57.0,189.0,1,1,1.0
449,4,437.0,359.0,91.0,197.0,1,1,1.0
449,5,354.0,366.0,71.0,188.0,1,1,1.0
450,4,439.0,358.0,94.0,196.0,1,1,1.0
450,5,357.0,366.0,82.0,187.0,1,1,1.0
451,4,443.0,356.0,91.0,195.0,1,1,1.0
451,5,358.0,365.0,92.0,185.0,1,1,1.0
452,4,451.0,354.0,84.0,194.0,1,1,1.0
452,5,360.0,364.0,96.0,186.0,1,1,1.0
453,4,463.0,351.0,72.0,192.0,1,1,1.0
453,5,366.0,362.0,96.0,188.0,1,1,1.0
454,4,474.0,350.0,62.0,193.0,1,1,1.0
454,5,376.0,359.0,86.0,186.0,1,1,1.0
455,3,1159.0,251.0,55.0,59.0,1,1,1.0
455,4,486.0,348.0,59.0,194.0,1,1,1.0
455,5,391.0,355.0,71.0,186.0,1,1,1.0
456,3,1159.0,251.0,55.0,59.0,1,1,1.0
456,4,495.0,347.0,60.0,195.0,1,1,1.0
456,5,408.0,352.0,54.0,183.0,1,1,1.0
457,3,1159.0,250.0,55.0,59.0,1,1,1.0
457,4,502.0,347.0,69.0,195.0,1,1,1.0
457,5,416.0,350.0,53.0,184.0,1,1,1.0
458,3,1159.0,250.0,55.0,59.0,1,1,1.0
458,4,505.0,347.0,81.0,195.0,1,1,1.0
458,5,422.0,349.0,62.0,183.0,1,1,1.0
459,3,1159.0,250.0,55.0,59.0,1,1,1.0
459,4,507.0,346.0,86.0,195.0,1,1,1.0
459,5,422.0,349.0,81.0,184.0,1,1,1.0
460,3,1159.0,250.0,55.0,59.0,1,1,1.0
460,4,510.0,345.0,87.0,196.0,1,1,1.0
460,5,422.0,349.0,96.0,184.0,1,1,1.0
461,3,1158.0,250.0,56.0,59.0,1,1,1.0
461,4,517.0,343.0,84.0,199.0,1,1,1.0
461,5,430.0,349.0,97.0,184.0,1,1,1.0
462,3,1158.0,250.0,56.0,59.0,1,1,1.0
462,4,528.0,341.0,74.0,194.0,1,1,1.0
462,5,436.0,347.0,97.0,185.0,1,1,1.0
463,3,1158.0,250.0,56.0,59.0,1,1,1.0
463,4,543.0,339.0,62.0,191.0,1,1,1.0
463,5,446.0,345.0,93.0,186.0,1,1,1.0
464,3,1158.0,250.0,56.0,59.0,1,1,1.0
464,4,554.0,338.0,59.0,191.0,1,1,1.0
464,5,460.0,342.0,81.0,184.0,1,1,1.0
465,3,1158.0,250.0,56.0,59.0,1,1,1.0
465,4,562.0,337.0,61.0,191.0,1,1,1.0
465,5,476.0,338.0,63.0,182.0,1,1,1.0
466,3,1158.0,250.0,56.0,59.0,1,1,1.0
466,4,568.0,337.0,73.0,191.0,1,1,1.0
466,5,488.0,336.0,55.0,183.0,1,1,1.0
467,3,1158.0,250.0,56.0,59.0,1,1,1.0
467,4,571.0,337.0,88.0,191.0,1,1,1.0
467,5,497.0,335.0,58.0,180.0,1,1,1.0
468,3,1158.0,250.0,56.0,59.0,1,1,1.0
468,4,573.0,337.0,96.0,189.0,1,1,1.0
468,5,503.0,334.0,68.0,180.0,1,1,1.0
469,3,1158.0,250.0,56.0,59.0,1,1,1.0
469,4,574.0,337.0,101.0,187.0,1,1,1.0
469,5,506.0,335.0,83.0,182.0,1,1,1.0
470,3,1158.0,250.0,56.0,59.0,1,1,1.0
470,4,578.0,335.0,100.0,188.0,1,1,1.0
470,5,507.0,335.0,88.0,180.0,1,1,1.0
471,3,1158.0,250.0,56.0,59.0,1,1,1.0
471,4,588.0,333.0,89.0,187.0,1,1,1.0
471,5,509.0,335.0,94.0,177.0,1,1,1.0
472,3,1158.0,250.0,56.0,59.0,1,1,1.0
472,4,603.0,331.0,75.0,188.0,1,1,1.0
472,5,513.0,333.0,98.0,177.0,1,1,1.0
473,3,1158.0,250.0,56.0,59.0,1,1,1.0
473,4,616.0,330.0,64.0,189.0,1,1,1.0
473,5,522.0,331.0,90.0,176.0,1,1,1.0
474,3,1158.0,250.0,56.0,59.0,1,1,1.0
474,4,627.0,329.0,62.0,189.0,1,1,1.0
474,5,536.0,329.0,77.0,175.0,1,1,1.0
475,3,1158.0,250.0,56.0,59.0,1,1,1.0
475,4,638.0,328.0,65.0,189.0,1,1,1.0
475,5,553.0,326.0,58.0,176.0,1,1,1.0
476,3,1158.0,249.0,56.0,59.0,1,1,1.0
476,4,645.0,328.0,73.0,190.0,1,1,1.0
476,5,569.0,324.0,48.0,177.0,1,1,1.0
477,3,1158.0,249.0,56.0,59.0,1,1,1.0
477,4,648.0,328.0,84.0,190.0,1,1,1.0
477,5,577.0,323.0,55.0,176.0,1,1,1.0
478,3,1158.0,249.0,56.0,59.0,1,1,1.0
478,4,650.0,327.0,90.0,190.0,1,1,1.0
478,5,578.0,324.0,72.0,175.0,1,1,1.0
479,3,1158.0,249.0,56.0,59.0,1,1,1.0
479,4,654.0,326.0,92.0,192.0,1,1,1.0
479,5,577.0,324.0,88.0,174.0,1,1,1.0
480,3,1158.0,249.0,56.0,59.0,1,1,1.0
480,4,663.0,324.0,87.0,192.0,1,1,1.0
480,5,579.0,323.0,97.0,174.0,1,1,1.0
481,3,1158.0,249.0,56.0,59.0,1,1,1.0
481,4,677.0,321.0,75.0,188.0,1,1,1.0
481,5,584.0,322.0,101.0,176.0,1,1,1.0
482,3,1159.0,250.0,56.0,59.0,1,1,1.0
482,4,693.0,319.0,59.0,186.0,1,1,1.0
482,5,593.0,321.0,98.0,176.0,1,1,1.0
483,3,1159.0,250.0,56.0,59.0,1,1,1.0
483,4,705.0,317.0,57.0,186.0,1,1,1.0
483,5,608.0,318.0,85.0,174.0,1,1,1.0
484,3,1159.0,250.0,56.0,59.0,1,1,1.0
484,4,712.0,317.0,63.0,186.0,1,1,1.0
484,5,628.0,314.0,62.0,172.0,1,1,1.0
485,3,1159.0,250.0,56.0,59.0,1,1,1.0
485,4,717.0,316.0,78.0,186.0,1,1,1.0
485,5,645.0,312.0,50.0,174.0,1,1,1.0
486,3,1159.0,250.0,56.0,59.0,1,1,1.0
486,4,720.0,317.0,90.0,184.0,1,1,1.0
486,5,652.0,311.0,58.0,173.0,1,1,1.0
487,3,1159.0,250.0,56.0,59.0,1,1,1.0
487,4,720.0,317.0,97.0,182.0,1,1,1.0
487,5,655.0,312.0,69.0,172.0,1,1,1.0
488,3,1159.0,250.0,56.0,59.0,1,1,1.0
488,4,729.0,316.0,92.0,179.0,1,1,1.0
488,5,657.0,313.0,83.0,172.0,1,1,1.0
489,3,1159.0,250.0,56.0,59.0,1,1,1.0
489,4,731.0,314.0,91.0,182.0,1,1,1.0
489,5,659.0,314.0,94.0,171.0,1,1,1.0
490,3,1159.0,250.0,56.0,59.0,1,1,1.0
490,4,733.0,312.0,90.0,181.0,1,1,1.0
490,5,662.0,314.0,100.0,172.0,1,1,1.0
491,3,1159.0,250.0,56.0,59.0,1,1,1.0
491,4,731.0,310.0,95.0,181.0,1,1,1.0
491,5,669.0,313.0,96.0,169.0,1,1,1.0
492,3,1159.0,250.0,56.0,59.0,1,1,1.0
492,4,759.0,308.0,73.0,182.0,1,1,1.0
492,5,683.0,311.0,85.0,170.0,1,1,1.0
493,3,1159.0,250.0,56.0,59.0,1,1,1.0
493,4,778.0,308.0,64.0,182.0,1,1,1.0
493,5,701.0,308.0,67.0,171.0,1,1,1.0
494,3,1159.0,250.0,56.0,59.0,1,1,1.0
494,4,787.0,307.0,60.0,182.0,1,1,1.0
494,5,720.0,306.0,47.0,172.0,1,1,1.0
495,3,1159.0,250.0,56.0,59.0,1,1,1.0
495,4,791.0,307.0,70.0,182.0,1,1,1.0
495,5,730.0,305.0,53.0,173.0,1,1,1.0
496,3,1159.0,250.0,56.0,59.0,1,1,1.0
496,4,795.0,307.0,76.0,181.0,1,1,1.0
496,5,737.0,306.0,63.0,172.0,1,1,1.0
497,3,1159.0,250.0,56.0,59.0,1,1,1.0
497,4,798.0,306.0,82.0,182.0,1,1,1.0
497,5,736.0,306.0,74.0,172.0,1,1,1.0
498,3,1159.0,249.0,56.0,59.0,1,1,1.0
498,4,804.0,305.0,83.0,179.0,1,1,1.0
498,5,736.0,307.0,84.0,173.0,1,1,1.0
499,3,1159.0,249.0,56.0,59.0,1,1,1.0
499,4,816.0,302.0,76.0,178.0,1,1,1.0
499,5,740.0,306.0,90.0,175.0,1,1,1.0
500,3,1159.0,249.0,56.0,59.0,1,1,1.0
500,4,829.0,300.0,63.0,177.0,1,1,1.0
500,5,747.0,304.0,92.0,176.0,1,1,1.0
501,3,1159.0,249.0,56.0,59.0,1,1,1.0
501,4,838.0,298.0,54.0,177.0,1,1,1.0
501,5,760.0,301.0,85.0,174.0,1,1,1.0
502,3,1159.0,249.0,56.0,59.0,1,1,1.0
502,4,846.0,297.0,54.0,177.0,1,1,1.0
502,5,778.0,299.0,70.0,172.0,1,1,1.0
503,3,1159.0,249.0,56.0,59.0,1,1,1.0
503,4,852.0,297.0,64.0,176.0,1,1,1.0
503,5,794.0,296.0,53.0,171.0,1,1,1.0
504,3,1159.0,249.0,56.0,59.0,1,1,1.0
504,4,855.0,297.0,76.0,174.0,1,1,1.0
504,5,806.0,295.0,48.0,170.0,1,1,1.0
505,3,1159.0,249.0,56.0,59.0,1,1,1.0
505,4,858.0,297.0,83.0,171.0,1,1,1.0
505,5,811.0,295.0,61.0,171.0,1,1,1.0
506,3,1159.0,249.0,56.0,59.0,1,1,1.0
506,4,859.0,297.0,88.0,170.0,1,1,1.0
506,5,813.0,296.0,79.0,168.0,1,1,1.0
507,3,1159.0,249.0,56.0,59.0,1,1,1.0
507,4,862.0,296.0,86.0,170.0,1,1,1.0
507,5,814.0,296.0,89.0,167.0,1,1,1.0
508,3,1159.0,249.0,56.0,59.0,1,1,1.0
508,4,870.0,294.0,78.0,170.0,1,1,1.0
508,5,816.0,296.0,93.0,167.0,1,1,1.0
509,3,1159.0,249.0,56.0,60.0,1,1,1.0
509,4,882.0,292.0,68.0,172.0,1,1,1.0
509,5,820.0,295.0,88.0,169.0,1,1,1.0
510,3,1159.0,249.0,56.0,59.0,1,1,1.0
510,4,895.0,291.0,60.0,173.0,1,1,1.0
510,5,830.0,293.0,78.0,165.0,1,1,1.0
511,3,1159.0,249.0,56.0,59.0,1,1,1.0
511,4,905.0,290.0,61.0,172.0,1,1,1.0
511,5,845.0,290.0,64.0,165.0,1,1,1.0
512,3,1159.0,249.0,56.0,59.0,1,1,1.0
512,4,915.0,289.0,61.0,172.0,1,1,1.0
512,5,862.0,288.0,47.0,164.0,1,1,1.0
513,3,1159.0,249.0,56.0,60.0,1,1,1.0
513,4,921.0,290.0,66.0,172.0,1,1,1.0
513,5,873.0,287.0,45.0,164.0,1,1,1.0
514,3,1159.0,249.0,56.0,60.0,1,1,1.0
514,4,923.0,290.0,72.0,171.0,1,1,1.0
514,5,873.0,287.0,55.0,163.0,1,1,1.0
515,3,1159.0,249.0,56.0,60.0,1,1,1.0
515,4,925.0,290.0,79.0,170.0,1,1,1.0
515,5,871.0,287.0,66.0,165.0,1,1,1.0
516,3,1159.0,249.0,56.0,60.0,1,1,1.0
516,4,929.0,289.0,81.0,170.0,1,1,1.0
516,5,869.0,288.0,76.0,165.0,1,1,1.0
517,3,1159.0,249.0,56.0,60.0,1,1,1.0
517,4,938.0,288.0,77.0,166.0,1,1,1.0
517,5,871.0,288.0,82.0,167.0,1,1,1.0
518,3,1159.0,249.0,56.0,60.0,1,1,1.0
518,4,947.0,287.0,71.0,166.0,1,1,1.0
518,5,877.0,287.0,84.0,166.0,1,1,1.0
519,3,1159.0,249.0,56.0,60.0,1,1,1.0
519,4,959.0,286.0,60.0,164.0,1,1,1.0
519,5,886.0,286.0,82.0,164.0,1,1,1.0
520,3,1159.0,249.0,56.0,60.0,1,1,1.0
520,4,969.0,284.0,51.0,165.0,1,1,1.0
520,5,899.0,283.0,73.0,160.0,1,1,1.0
521,3,1158.0,249.0,57.0,59.0,1,1,1.0
521,4,976.0,284.0,51.0,165.0,1,1,1.0
521,5,914.0,282.0,61.0,158.0,1,1,1.0
522,3,1158.0,249.0,57.0,59.0,1,1,1.0
522,4,979.0,284.0,60.0,165.0,1,1,1.0
522,5,928.0,281.0,50.0,158.0,1,1,1.0
523,3,1158.0,249.0,57.0,58.0,1,1,1.0
523,4,982.0,284.0,71.0,163.0,1,1,1.0
523,5,936.0,281.0,48.0,158.0,1,1,1.0
524,3,1158.0,249.0,57.0,58.0,1,1,1.0
524,4,988.0,285.0,74.0,159.0,1,1,1.0
524,5,938.0,282.0,58.0,159.0,1,1,1.0
525,3,1158.0,249.0,57.0,58.0,1,1,1.0
525,4,988.0,285.0,79.0,158.0,1,1,1.0
525,5,940.0,283.0,71.0,158.0,1,1,1.0
526,3,1158.0,249.0,57.0,58.0,1,1,1.0
526,4,989.0,285.0,79.0,159.0,1,1,1.0
526,5,940.0,284.0,78.0,156.0,1,1,1.0
527,3,1158.0,249.0,57.0,58.0,1,1,1.0
527,4,999.0,284.0,70.0,160.0,1,1,1.0
527,5,942.0,284.0,80.0,156.0,1,1,1.0
528,3,1158.0,249.0,57.0,58.0,1,1,1.0
528,4,1008.0,282.0,64.0,161.0,1,1,1.0
528,5,946.0,284.0,74.0,156.0,1,1,1.0
529,3,1158.0,249.0,57.0,58.0,1,1,1.0
529,4,1017.0,281.0,63.0,162.0,1,1,1.0
529,5,955.0,283.0,68.0,152.0,1,1,1.0
530,3,1158.0,249.0,57.0,58.0,1,1,1.0
530,4,1027.0,279.0,64.0,163.0,1,1,1.0
530,5,967.0,281.0,57.0,153.0,1,1,1.0
531,3,1158.0,249.0,57.0,58.0,1,1,1.0
531,4,1038.0,280.0,64.0,163.0,1,1,1.0
531,5,983.0,281.0,46.0,153.0,1,1,1.0
532,3,1158.0,249.0,57.0,58.0,1,1,1.0
532,4,1043.0,280.0,67.0,162.0,1,1,1.0
532,5,990.0,280.0,49.0,152.0,1,1,1.0
533,3,1158.0,249.0,57.0,58.0,1,1,1.0
533,4,1045.0,280.0,72.0,161.0,1,1,1.0
533,5,991.0,280.0,59.0,150.0,1,1,1.0
534,3,1158.0,249.0,57.0,58.0,1,1,1.0
534,4,1047.0,282.0,76.0,159.0,1,1,1.0
534,5,989.0,281.0,70.0,151.0,1,1,1.0
535,3,1158.0,249.0,57.0,59.0,1,1,1.0
535,4,1051.0,283.0,77.0,158.0,1,1,1.0
535,5,988.0,282.0,80.0,152.0,1,1,1.0
536,3,1158.0,249.0,57.0,59.0,1,1,1.0
536,4,1060.0,282.0,73.0,157.0,1,1,1.0
536,5,990.0,282.0,85.0,152.0,1,1,1.0
537,3,1158.0,249.0,57.0,59.0,1,1,1.0
537,4,1070.0,281.0,66.0,155.0,1,1,1.0
537,5,995.0,281.0,88.0,152.0,1,1,1.0
538,3,1158.0,249.0,57.0,59.0,1,1,1.0
538,4,1083.0,279.0,55.0,156.0,1,1,1.0
538,5,1003.0,280.0,84.0,151.0,1,1,1.0
539,3,1158.0,249.0,57.0,59.0,1,1,1.0
539,4,1091.0,278.0,49.0,156.0,1,1,1.0
539,5,1014.0,278.0,76.0,149.0,1,1,1.0
540,3,1158.0,249.0,57.0,59.0,1,1,1.0
540,4,1095.0,277.0,53.0,156.0,1,1,1.0
540,5,1028.0,276.0,60.0,150.0,1,1,1.0
541,3,1160.0,249.0,55.0,59.0,1,1,1.0
541,4,1097.0,278.0,63.0,155.0,1,1,1.0
541,5,1040.0,274.0,48.0,152.0,1,1,1.0
542,3,1161.0,249.0,54.0,59.0,1,1,1.0
542,4,1098.0,279.0,73.0,153.0,1,1,1.0
542,5,1047.0,274.0,46.0,150.0,1,1,1.0
543,3,1161.0,249.0,53.0,60.0,1,1,1.0
543,4,1100.0,281.0,76.0,150.0,1,1,1.0
543,5,1050.0,274.0,52.0,149.0,1,1,1.0
544,3,1162.0,249.0,52.0,60.0,1,1,1.0
544,4,1103.0,281.0,76.0,149.0,1,1,1.0
544,5,1051.0,275.0,59.0,149.0,1,1,1.0
545,3,1163.0,249.0,51.0,59.0,1,1,1.0
545,4,1107.0,279.0,72.0,152.0,1,1,1.0
545,5,1051.0,276.0,66.0,148.0,1,1,1.0
546,4,1116.0,275.0,66.0,154.0,1,1,1.0
546,5,1052.0,278.0,69.0,145.0,1,1,1.0
547,4,1125.0,274.0,62.0,154.0,1,1,1.0
547,5,1057.0,277.0,68.0,143.0,1,1,1.0
548,4,1134.0,278.0,62.0,149.0,1,1,1.0
548,5,1064.0,277.0,64.0,142.0,1,1,1.0
549,4,1144.0,277.0,61.0,150.0,1,1,1.0
549,5,1075.0,274.0,53.0,144.0,1,1,1.0
550,5,1088.0,272.0,46.0,144.0,1,1,1.0
551,5,1096.0,271.0,51.0,145.0,1,1,1.0
552,4,1156.0,262.0,61.0,165.0,1,1,1.0
552,5,1097.0,272.0,58.0,143.0,1,1,1.0
553,4,1159.0,272.0,59.0,155.0,1,1,1.0
553,5,1095.0,272.0,71.0,142.0,1,1,1.0
554,4,1163.0,275.0,69.0,152.0,1,1,1.0
554,5,1094.0,273.0,71.0,142.0,1,1,1.0
555,4,1171.0,273.0,64.0,150.0,1,1,1.0
555,5,1100.0,273.0,66.0,142.0,1,1,1.0
556,4,1168.0,272.0,71.0,149.0,1,1,1.0
556,5,1103.0,272.0,67.0,144.0,1,1,1.0
557,4,1182.0,272.0,57.0,148.0,1,1,1.0
557,5,1111.0,272.0,70.0,142.0,1,1,1.0
558,4,1189.0,272.0,54.0,147.0,1,1,1.0
558,5,1119.0,268.0,67.0,144.0,1,1,1.0
559,4,1197.0,271.0,53.0,146.0,1,1,1.0
559,5,1132.0,266.0,53.0,143.0,1,1,1.0
560,4,1201.0,271.0,57.0,146.0,1,1,1.0
561,4,1203.0,273.0,64.0,144.0,1,1,1.0
561,5,1144.0,264.0,50.0,143.0,1,1,1.0
562,4,1204.0,273.0,66.0,143.0,1,1,1.0
562,5,1147.0,261.0,59.0,146.0,1,1,1.0
563,4,1207.0,273.0,65.0,143.0,1,1,1.0
563,5,1148.0,266.0,64.0,141.0,1,1,1.0
564,4,1211.0,272.0,62.0,143.0,1,1,1.0
564,5,1149.0,266.0,65.0,140.0,1,1,1.0
565,4,1219.0,272.0,58.0,142.0,1,1,1.0
565,5,1151.0,268.0,68.0,138.0,1,1,1.0
566,4,1227.0,271.0,55.0,143.0,1,1,1.0
566,5,1157.0,268.0,66.0,138.0,1,1,1.0
567,4,1235.0,270.0,55.0,144.0,1,1,1.0
567,5,1165.0,266.0,57.0,138.0,1,1,1.0
568,4,1243.0,269.0,55.0,143.0,1,1,1.0
568,5,1178.0,265.0,46.0,138.0,1,1,1.0
569,4,1247.0,270.0,57.0,143.0,1,1,1.0
569,5,1188.0,265.0,43.0,137.0,1,1,1.0
570,4,1249.0,271.0,61.0,141.0,1,1,1.0
570,5,1191.0,265.0,44.0,137.0,1,1,1.0
571,4,1252.0,271.0,63.0,141.0,1,1,1.0
571,5,1192.0,265.0,54.0,135.0,1,1,1.0
572,4,1254.0,271.0,63.0,141.0,1,1,1.0
572,5,1197.0,266.0,49.0,136.0,1,1,1.0
573,4,1260.0,270.0,61.0,142.0,1,1,1.0
573,5,1195.0,266.0,55.0,137.0,1,1,1.0
574,3,1158.0,249.0,56.0,74.0,1,1,1.0
574,4,1267.0,269.0,57.0,140.0,1,1,1.0
574,5,1198.0,268.0,58.0,135.0,1,1,1.0
575,4,1275.0,268.0,49.0,141.0,1,1,1.0
575,5,1204.0,268.0,63.0,135.0,1,1,1.0
576,3,1158.0,249.0,57.0,66.0,1,1,1.0
576,4,1281.0,266.0,44.0,142.0,1,1,1.0
576,5,1208.0,266.0,65.0,134.0,1,1,1.0
577,3,1160.0,249.0,56.0,62.0,1,1,1.0
577,4,1285.0,265.0,43.0,142.0,1,1,1.0
577,5,1215.0,264.0,61.0,133.0,1,1,1.0
578,3,1160.0,250.0,57.0,60.0,1,1,1.0
578,4,1287.0,267.0,49.0,140.0,1,1,1.0
578,5,1224.0,262.0,49.0,134.0,1,1,1.0
579,3,1159.0,250.0,57.0,59.0,1,1,1.0
579,4,1288.0,268.0,56.0,138.0,1,1,1.0
579,5,1231.0,261.0,43.0,133.0,1,1,1.0
580,3,1159.0,250.0,57.0,60.0,1,1,1.0
580,4,1289.0,269.0,59.0,136.0,1,1,1.0
580,5,1235.0,262.0,45.0,132.0,1,1,1.0
581,3,1159.0,249.0,57.0,60.0,1,1,1.0
581,4,1291.0,268.0,59.0,136.0,1,1,1.0
581,5,1236.0,263.0,51.0,131.0,1,1,1.0
582,3,1159.0,249.0,57.0,60.0,1,1,1.0
582,4,1293.0,268.0,59.0,135.0,1,1,1.0
582,5,1237.0,265.0,56.0,129.0,1,1,1.0
583,3,1158.0,249.0,57.0,61.0,1,1,1.0
583,4,1298.0,268.0,55.0,135.0,1,1,1.0
583,5,1238.0,265.0,59.0,128.0,1,1,1.0
584,3,1158.0,249.0,57.0,61.0,1,1,1.0
584,4,1305.0,267.0,53.0,135.0,1,1,1.0
584,5,1240.0,266.0,59.0,127.0,1,1,1.0
585,3,1158.0,249.0,56.0,61.0,1,1,1.0
585,4,1314.0,267.0,48.0,134.0,1,1,1.0
585,5,1245.0,266.0,55.0,127.0,1,1,1.0
586,3,1158.0,249.0,57.0,61.0,1,1,1.0
586,4,1320.0,265.0,48.0,135.0,1,1,1.0
586,5,1252.0,264.0,49.0,128.0,1,1,1.0
587,3,1158.0,249.0,57.0,61.0,1,1,1.0
587,4,1323.0,264.0,51.0,136.0,1,1,1.0
587,5,1262.0,262.0,42.0,128.0,1,1,1.0
588,3,1158.0,249.0,57.0,61.0,1,1,1.0
588,4,1324.0,265.0,55.0,136.0,1,1,1.0
588,5,1270.0,262.0,42.0,128.0,1,1,1.0
589,3,1158.0,249.0,57.0,61.0,1,1,1.0
589,4,1325.0,267.0,58.0,133.0,1,1,1.0
589,5,1271.0,262.0,48.0,128.0,1,1,1.0
590,3,1158.0,249.0,57.0,62.0,1,1,1.0
590,4,1327.0,268.0,59.0,131.0,1,1,1.0
590,5,1269.0,262.0,57.0,126.0,1,1,1.0
591,3,1158.0,249.0,57.0,63.0,1,1,1.0
591,4,1330.0,267.0,60.0,132.0,1,1,1.0
591,5,1267.0,262.0,64.0,127.0,1,1,1.0
592,3,1158.0,249.0,57.0,63.0,1,1,1.0
592,4,1336.0,265.0,56.0,132.0,1,1,1.0
592,5,1266.0,262.0,70.0,128.0,1,1,1.0
593,3,1158.0,249.0,56.0,62.0,1,1,1.0
593,4,1343.0,262.0,51.0,132.0,1,1,1.0
593,5,1268.0,262.0,72.0,128.0,1,1,1.0
594,3,1158.0,249.0,57.0,62.0,1,1,1.0
594,4,1349.0,261.0,45.0,132.0,1,1,1.0
594,5,1271.0,262.0,71.0,128.0,1,1,1.0
595,3,1158.0,249.0,56.0,62.0,1,1,1.0
595,4,1353.0,261.0,42.0,131.0,1,1,1.0
595,5,1277.0,263.0,67.0,125.0,1,1,1.0
596,3,1158.0,249.0,57.0,61.0,1,1,1.0
596,4,1355.0,262.0,44.0,130.0,1,1,1.0
596,5,1283.0,260.0,61.0,126.0,1,1,1.0
597,3,1158.0,249.0,57.0,61.0,1,1,1.0
597,4,1357.0,262.0,49.0,130.0,1,1,1.0
597,5,1292.0,259.0,51.0,125.0,1,1,1.0
598,3,1158.0,249.0,57.0,61.0,1,1,1.0
598,4,1357.0,263.0,56.0,129.0,1,1,1.0
598,5,1299.0,259.0,46.0,124.0,1,1,1.0
599,3,1158.0,249.0,57.0,61.0,1,1,1.0
599,4,1358.0,264.0,58.0,128.0,1,1,1.0
599,5,1303.0,258.0,43.0,124.0,1,1,1.0
600,3,1158.0,249.0,57.0,61.0,1,1,1.0
600,4,1358.0,265.0,59.0,127.0,1,1,1.0
600,5,1303.0,259.0,48.0,123.0,1,1,1.0
