1,1,809.0,7.0,42.0,124.0,1,1,1.0
2,1,811.0,8.0,41.0,124.0,1,1,1.0
3,1,811.0,8.0,40.0,124.0,1,1,1.0
4,1,812.0,8.0,40.0,124.0,1,1,1.0
5,1,811.0,9.0,40.0,124.0,1,1,1.0
6,1,811.0,9.0,41.0,125.0,1,1,1.0
7,1,811.0,8.0,42.0,126.0,1,1,1.0
8,1,811.0,8.0,43.0,127.0,1,1,1.0
9,1,811.0,8.0,43.0,128.0,1,1,1.0
10,1,811.0,9.0,43.0,129.0,1,1,1.0
11,1,811.0,10.0,44.0,130.0,1,1,1.0
12,1,811.0,11.0,42.0,129.0,1,1,1.0
13,1,811.0,12.0,42.0,129.0,1,1,1.0
14,1,809.0,13.0,42.0,130.0,1,1,1.0
15,1,809.0,13.0,42.0,130.0,1,1,1.0
16,1,807.0,12.0,43.0,131.0,1,1,1.0
17,1,806.0,11.0,45.0,132.0,1,1,1.0
18,1,806.0,11.0,46.0,133.0,1,1,1.0
19,1,804.0,11.0,48.0,134.0,1,1,1.0
20,1,803.0,13.0,49.0,132.0,1,1,1.0
21,1,804.0,14.0,48.0,132.0,1,1,1.0
22,1,805.0,16.0,46.0,132.0,1,1,1.0
23,1,806.0,16.0,45.0,133.0,1,1,1.0
24,1,807.0,17.0,45.0,133.0,1,1,1.0
25,1,807.0,16.0,46.0,134.0,1,1,1.0
26,1,807.0,16.0,47.0,135.0,1,1,1.0
27,1,807.0,16.0,49.0,135.0,1,1,1.0
28,1,807.0,16.0,49.0,135.0,1,1,1.0
29,1,807.0,16.0,49.0,137.0,1,1,1.0
30,1,807.0,18.0,49.0,138.0,1,1,1.0
31,1,807.0,19.0,48.0,138.0,1,1,1.0
32,1,807.0,21.0,46.0,138.0,1,1,1.0
33,1,806.0,22.0,46.0,138.0,1,1,1.0
34,1,805.0,22.0,47.0,138.0,1,1,1.0
35,1,804.0,22.0,47.0,138.0,1,1,1.0
36,1,803.0,21.0,49.0,140.0,1,1,1.0
37,1,802.0,21.0,50.0,140.0,1,1,1.0
38,1,802.0,21.0,51.0,141.0,1,1,1.0
39,1,801.0,22.0,53.0,141.0,1,1,1.0
40,1,801.0,23.0,53.0,141.0,1,1,1.0
41,1,802.0,25.0,52.0,140.0,1,1,1.0
42,1,802.0,26.0,50.0,141.0,1,1,1.0
43,1,803.0,26.0,50.0,142.0,1,1,1.0
44,1,803.0,25.0,50.0,144.0,1,1,1.0
45,1,803.0,25.0,50.0,144.0,1,1,1.0
46,1,803.0,25.0,51.0,145.0,1,1,1.0
47,1,803.0,25.0,51.0,147.0,1,1,1.0
48,1,802.0,26.0,51.0,148.0,1,1,1.0
49,1,801.0,28.0,51.0,148.0,1,1,1.0
50,1,801.0,29.0,51.0,148.0,1,1,1.0
51,1,800.0,30.0,51.0,149.0,1,1,1.0
52,1,800.0,31.0,50.0,150.0,1,1,1.0
53,1,798.0,31.0,51.0,151.0,1,1,1.0
54,1,797.0,31.0,51.0,152.0,1,1,1.0
55,1,794.0,31.0,54.0,153.0,1,1,1.0
56,1,792.0,30.0,56.0,154.0,1,1,1.0
57,1,792.0,30.0,56.0,155.0,1,1,1.0
58,1,792.0,32.0,57.0,154.0,1,1,1.0
59,1,793.0,33.0,56.0,155.0,1,1,1.0
60,1,793.0,36.0,55.0,155.0,1,1,1.0
61,1,794.0,37.0,54.0,156.0,1,1,1.0
62,1,795.0,38.0,53.0,156.0,1,1,1.0
63,1,795.0,38.0,54.0,157.0,1,1,1.0
64,1,794.0,37.0,56.0,158.0,1,1,1.0
65,1,793.0,36.0,57.0,160.0,1,1,1.0
66,1,793.0,36.0,58.0,162.0,1,1,1.0
67,1,792.0,37.0,56.0,164.0,1,1,1.0
68,1,792.0,39.0,55.0,165.0,1,1,1.0
69,1,791.0,40.0,55.0,165.0,1,1,1.0
70,1,790.0,42.0,54.0,165.0,1,1,1.0
71,1,789.0,42.0,54.0,167.0,1,1,1.0
72,1,787.0,43.0,55.0,167.0,1,1,1.0
73,1,785.0,43.0,57.0,168.0,1,1,1.0
74,1,782.0,42.0,60.0,168.0,1,1,1.0
75,1,780.0,43.0,64.0,167.0,1,1,1.0
76,1,779.0,42.0,65.0,169.0,1,1,1.0
77,1,780.0,42.0,63.0,171.0,1,1,1.0
78,1,783.0,45.0,59.0,171.0,1,1,1.0
79,1,786.0,47.0,56.0,171.0,1,1,1.0
80,1,787.0,48.0,54.0,172.0,1,1,1.0
81,1,789.0,49.0,52.0,173.0,1,1,1.0
82,1,791.0,49.0,50.0,173.0,1,1,1.0
83,1,792.0,49.0,52.0,173.0,1,1,1.0
84,1,792.0,49.0,56.0,172.0,1,1,1.0
85,1,792.0,49.0,62.0,175.0,1,1,1.0
86,1,790.0,50.0,67.0,178.0,1,1,1.0
87,1,788.0,52.0,71.0,180.0,1,1,1.0
88,1,787.0,53.0,73.0,180.0,1,1,1.0
89,1,787.0,54.0,73.0,182.0,1,1,1.0
90,1,787.0,57.0,74.0,184.0,1,1,1.0
91,1,787.0,58.0,72.0,186.0,1,1,1.0
92,1,788.0,58.0,71.0,186.0,1,1,1.0
93,1,788.0,58.0,70.0,187.0,1,1,1.0
94,1,791.0,57.0,68.0,188.0,1,1,1.0
95,1,794.0,57.0,66.0,188.0,1,1,1.0
96,1,796.0,58.0,65.0,190.0,1,1,1.0
97,1,797.0,61.0,65.0,191.0,1,1,1.0
98,1,799.0,65.0,64.0,190.0,1,1,1.0
99,1,801.0,67.0,63.0,190.0,1,1,1.0
100,1,804.0,68.0,62.0,191.0,1,1,1.0
101,1,806.0,68.0,60.0,192.0,1,1,1.0
102,1,808.0,68.0,61.0,193.0,1,1,1.0
103,1,809.0,68.0,64.0,193.0,1,1,1.0
104,1,809.0,67.0,68.0,196.0,1,1,1.0
105,1,810.0,67.0,70.0,200.0,1,1,1.0
106,1,810.0,69.0,72.0,203.0,1,1,1.0
107,1,809.0,71.0,74.0,203.0,1,1,1.0
108,1,809.0,75.0,76.0,205.0,1,1,1.0
109,1,809.0,77.0,77.0,207.0,1,1,1.0
110,1,809.0,77.0,77.0,209.0,1,1,1.0
111,1,809.0,77.0,76.0,211.0,1,1,1.0
112,1,809.0,77.0,75.0,212.0,1,1,1.0
113,1,810.0,77.0,73.0,213.0,1,1,1.0
114,1,811.0,78.0,73.0,213.0,1,1,1.0
115,1,811.0,79.0,74.0,214.0,1,1,1.0
116,1,813.0,82.0,72.0,217.0,1,1,1.0
117,1,814.0,85.0,70.0,218.0,1,1,1.0
118,1,816.0,88.0,67.0,219.0,1,1,1.0
119,1,818.0,90.0,67.0,223.0,1,1,1.0
120,1,819.0,91.0,68.0,224.0,1,1,1.0
121,1,819.0,91.0,72.0,225.0,1,1,1.0
122,1,819.0,91.0,77.0,225.0,1,1,1.0
123,1,818.0,91.0,80.0,226.0,1,1,1.0
124,1,818.0,92.0,82.0,230.0,1,1,1.0
125,1,818.0,96.0,82.0,233.0,1,1,1.0
126,1,818.0,100.0,82.0,235.0,1,1,1.0
127,1,818.0,103.0,81.0,236.0,1,1,1.0
128,1,818.0,106.0,81.0,240.0,1,1,1.0
129,1,817.0,107.0,80.0,242.0,1,1,1.0
130,1,816.0,108.0,81.0,242.0,1,1,1.0
131,1,816.0,107.0,82.0,242.0,1,1,1.0
132,1,816.0,108.0,82.0,242.0,1,1,1.0
133,1,816.0,109.0,83.0,243.0,1,1,1.0
134,1,816.0,113.0,85.0,245.0,1,1,1.0
135,1,817.0,117.0,83.0,247.0,1,1,1.0
136,1,820.0,121.0,80.0,251.0,1,1,1.0
137,1,823.0,124.0,78.0,255.0,1,1,1.0
138,1,823.0,125.0,80.0,256.0,1,1,1.0
139,1,824.0,126.0,83.0,256.0,1,1,1.0
140,1,825.0,125.0,88.0,254.0,1,1,1.0
141,1,825.0,125.0,93.0,256.0,1,1,1.0
142,1,824.0,127.0,94.0,261.0,1,1,1.0
143,1,825.0,130.0,92.0,266.0,1,1,1.0
144,1,825.0,134.0,91.0,268.0,1,1,1.0
145,1,824.0,139.0,90.0,271.0,1,1,1.0
146,1,824.0,143.0,89.0,273.0,1,1,1.0
147,1,821.0,146.0,88.0,279.0,1,1,1.0
148,1,819.0,147.0,90.0,281.0,1,1,1.0
149,1,817.0,147.0,92.0,281.0,1,1,1.0
150,1,814.0,147.0,95.0,281.0,1,1,1.0
151,1,815.0,149.0,96.0,279.0,1,1,1.0
152,1,815.0,151.0,99.0,285.0,1,1,1.0
153,1,814.0,156.0,103.0,288.0,1,1,1.0
154,1,815.0,162.0,102.0,292.0,1,1,1.0
155,1,817.0,166.0,99.0,296.0,1,1,1.0
156,1,818.0,170.0,98.0,300.0,1,1,1.0
157,1,818.0,173.0,99.0,301.0,1,1,1.0
158,1,818.0,174.0,101.0,301.0,1,1,1.0
159,1,818.0,174.0,104.0,301.0,1,1,1.0
160,1,817.0,174.0,106.0,301.0,1,1,1.0
161,1,816.0,177.0,106.0,309.0,1,1,1.0
162,1,814.0,181.0,106.0,317.0,1,1,1.0
163,1,814.0,187.0,107.0,322.0,1,1,1.0
164,1,814.0,194.0,105.0,324.0,1,1,1.0
165,1,813.0,199.0,104.0,330.0,1,1,1.0
166,1,811.0,202.0,104.0,333.0,1,1,1.0
167,1,809.0,204.0,105.0,332.0,1,1,1.0
168,1,807.0,205.0,107.0,332.0,1,1,1.0
169,1,806.0,205.0,109.0,331.0,1,1,1.0
170,1,805.0,207.0,113.0,329.0,1,1,1.0
171,1,805.0,211.0,117.0,339.0,1,1,1.0
172,1,803.0,217.0,122.0,345.0,1,1,1.0
173,1,807.0,224.0,119.0,348.0,1,1,1.0
174,1,811.0,230.0,114.0,353.0,1,1,1.0
175,1,815.0,235.0,110.0,360.0,1,1,1.0
176,1,816.0,238.0,112.0,362.0,1,1,1.0
177,1,817.0,240.0,115.0,361.0,1,1,1.0
178,1,819.0,240.0,120.0,361.0,1,1,1.0
179,1,820.0,242.0,126.0,359.0,1,1,1.0
180,1,821.0,245.0,127.0,367.0,1,1,1.0
181,1,823.0,251.0,127.0,386.0,1,1,1.0
182,1,824.0,258.0,129.0,389.0,1,1,1.0
183,1,825.0,266.0,129.0,391.0,1,1,1.0
184,1,824.0,274.0,131.0,396.0,1,1,1.0
185,1,822.0,279.0,133.0,401.0,1,1,1.0
186,1,820.0,282.0,137.0,402.0,1,1,1.0
187,1,819.0,284.0,140.0,403.0,1,1,1.0
188,1,820.0,286.0,141.0,401.0,1,1,1.0
189,1,824.0,290.0,141.0,396.0,1,1,1.0
190,1,825.0,295.0,144.0,405.0,1,1,1.0
191,1,826.0,303.0,145.0,417.0,1,1,1.0
192,1,830.0,312.0,144.0,426.0,1,1,1.0
193,1,837.0,321.0,137.0,431.0,1,1,1.0
194,1,844.0,329.0,133.0,439.0,1,1,1.0
195,1,847.0,336.0,135.0,441.0,1,1,1.0
196,1,850.0,340.0,139.0,440.0,1,1,1.0
197,1,852.0,343.0,144.0,438.0,1,1,1.0
198,1,854.0,345.0,154.0,436.0,1,1,1.0
199,1,856.0,349.0,160.0,441.0,1,1,1.0
200,1,854.0,357.0,168.0,458.0,1,1,1.0
201,1,851.0,367.0,175.0,473.0,1,1,1.0
202,1,849.0,379.0,182.0,483.0,1,1,1.0
203,1,848.0,391.0,186.0,490.0,1,1,1.0
204,1,849.0,402.0,188.0,498.0,1,1,1.0
205,1,851.0,409.0,186.0,501.0,1,1,1.0
206,1,852.0,415.0,183.0,498.0,1,1,1.0
207,1,856.0,420.0,180.0,494.0,1,1,1.0
208,1,861.0,424.0,177.0,489.0,1,1,1.0
209,1,861.0,431.0,180.0,484.0,1,1,1.0
210,1,862.0,440.0,181.0,510.0,1,1,1.0
211,1,864.0,453.0,183.0,526.0,1,1,1.0
212,1,869.0,469.0,182.0,537.0,1,1,1.0
213,1,878.0,482.0,175.0,548.0,1,1,1.0
214,1,887.0,493.0,172.0,551.0,1,1,1.0
215,1,892.0,503.0,175.0,547.0,1,1,1.0
216,1,898.0,509.0,179.0,542.0,1,1,1.0
217,1,901.0,516.0,189.0,536.0,1,1,1.0
218,1,903.0,522.0,203.0,529.0,1,1,1.0
219,1,906.0,532.0,213.0,540.0,1,1,1.0
220,1,906.0,547.0,225.0,534.0,1,1,1.0
221,1,903.0,563.0,237.0,520.0,1,1,1.0
222,1,903.0,583.0,248.0,501.0,1,1,1.0
223,1,903.0,600.0,256.0,483.0,1,1,1.0
224,1,903.0,616.0,257.0,466.0,1,1,1.0
225,1,903.0,628.0,254.0,454.0,1,1,1.0
226,1,902.0,638.0,249.0,443.0,1,1,1.0
227,1,901.0,648.0,246.0,433.0,1,1,1.0
228,1,903.0,659.0,244.0,421.0,1,1,1.0
229,1,902.0,675.0,243.0,405.0,1,1,1.0
230,1,901.0,694.0,243.0,387.0,1,1,1.0
231,1,901.0,715.0,242.0,365.0,1,1,1.0
232,1,907.0,737.0,238.0,343.0,1,1,1.0
233,1,910.0,762.0,242.0,318.0,1,1,1.0
234,1,911.0,786.0,248.0,294.0,1,1,1.0
235,1,912.0,808.0,256.0,271.0,1,1,1.0
236,1,915.0,825.0,262.0,254.0,1,1,1.0
237,1,916.0,838.0,270.0,241.0,1,1,1.0
238,1,916.0,852.0,271.0,227.0,1,1,1.0
239,1,915.0,866.0,260.0,213.0,1,1,1.0
240,1,915.0,880.0,236.0,199.0,1,1,1.0
241,1,913.0,894.0,211.0,185.0,1,1,1.0
242,1,911.0,910.0,189.0,169.0,1,1,1.0
243,1,903.0,925.0,167.0,154.0,1,1,1.0
244,1,894.0,940.0,147.0,139.0,1,1,1.0
245,1,880.0,949.0,139.0,130.0,1,1,1.0
246,1,865.0,954.0,136.0,125.0,1,1,1.0
247,1,847.0,957.0,134.0,122.0,1,1,1.0
248,1,829.0,961.0,134.0,118.0,1,1,1.0
249,1,810.0,965.0,135.0,113.0,1,1,1.0
250,1,787.0,969.0,137.0,110.0,1,1,1.0
251,1,766.0,971.0,135.0,107.0,1,1,1.0
252,1,742.0,973.0,144.0,105.0,1,1,1.0
253,1,717.0,974.0,134.0,105.0,1,1,1.0
254,1,692.0,974.0,148.0,104.0,1,1,1.0
256,1,639.0,968.0,160.0,111.0,1,1,1.0
257,1,611.0,959.0,174.0,120.0,1,1,1.0
258,1,585.0,947.0,187.0,133.0,1,1,1.0
259,1,562.0,932.0,205.0,147.0,1,1,1.0
260,1,541.0,920.0,223.0,160.0,1,1,1.0
261,1,505.0,909.0,253.0,171.0,1,1,1.0
262,1,485.0,902.0,249.0,177.0,1,1,1.0
263,1,466.0,893.0,254.0,187.0,1,1,1.0
264,1,440.0,881.0,271.0,199.0,1,1,1.0
265,1,413.0,864.0,285.0,215.0,1,1,1.0
266,1,408.0,845.0,274.0,235.0,1,1,1.0
267,1,400.0,823.0,276.0,256.0,1,1,1.0
268,1,392.0,801.0,280.0,278.0,1,1,1.0
269,1,383.0,781.0,280.0,298.0,1,1,1.0
270,1,380.0,763.0,256.0,316.0,1,1,1.0
271,1,374.0,749.0,236.0,330.0,1,1,1.0
272,1,368.0,737.0,230.0,341.0,1,1,1.0
273,1,360.0,728.0,224.0,351.0,1,1,1.0
274,1,350.0,719.0,222.0,359.0,1,1,1.0
275,1,338.0,707.0,222.0,371.0,1,1,1.0
276,1,326.0,693.0,232.0,386.0,1,1,1.0
277,1,315.0,675.0,236.0,404.0,1,1,1.0
278,1,303.0,656.0,233.0,422.0,1,1,1.0
279,1,292.0,639.0,230.0,439.0,1,1,1.0
280,1,282.0,625.0,238.0,453.0,1,1,1.0
281,1,273.0,616.0,247.0,463.0,1,1,1.0
282,1,267.0,609.0,252.0,469.0,1,1,1.0
283,1,267.0,602.0,244.0,476.0,1,1,1.0
284,1,269.0,593.0,232.0,485.0,1,1,1.0
285,1,267.0,583.0,225.0,496.0,1,1,1.0
286,1,263.0,569.0,221.0,507.0,1,1,1.0
287,1,258.0,554.0,221.0,508.0,1,1,1.0
288,1,253.0,540.0,214.0,490.0,1,1,1.0
289,1,251.0,529.0,206.0,482.0,1,1,1.0
290,1,249.0,522.0,203.0,480.0,1,1,1.0
291,1,248.0,517.0,203.0,479.0,1,1,1.0
292,1,245.0,514.0,205.0,478.0,1,1,1.0
293,1,241.0,508.0,208.0,485.0,1,1,1.0
294,1,235.0,500.0,213.0,472.0,1,1,1.0
295,1,231.0,489.0,208.0,462.0,1,1,1.0
296,1,225.0,476.0,200.0,449.0,1,1,1.0
297,1,218.0,465.0,191.0,438.0,1,1,1.0
298,1,213.0,455.0,185.0,439.0,1,1,1.0
299,1,209.0,448.0,180.0,443.0,1,1,1.0
300,1,206.0,445.0,181.0,444.0,1,1,1.0
301,1,204.0,442.0,180.0,443.0,1,1,1.0
302,1,207.0,438.0,175.0,443.0,1,1,1.0
303,1,208.0,432.0,169.0,443.0,1,1,1.0
304,1,206.0,424.0,170.0,424.0,1,1,1.0
305,1,205.0,415.0,168.0,415.0,1,1,1.0
306,1,204.0,405.0,165.0,404.0,1,1,1.0
307,1,202.0,397.0,161.0,393.0,1,1,1.0
308,1,200.0,393.0,160.0,391.0,1,1,1.0
309,1,199.0,391.0,160.0,392.0,1,1,1.0
310,1,198.0,390.0,162.0,390.0,1,1,1.0
311,1,194.0,389.0,165.0,396.0,1,1,1.0
312,1,190.0,386.0,169.0,388.0,1,1,1.0
313,1,185.0,382.0,172.0,378.0,1,1,1.0
314,1,180.0,374.0,167.0,367.0,1,1,1.0
315,1,175.0,366.0,160.0,360.0,1,1,1.0
316,1,169.0,360.0,153.0,360.0,1,1,1.0
317,1,164.0,356.0,145.0,359.0,1,1,1.0
318,1,160.0,354.0,141.0,361.0,1,1,1.0
319,1,157.0,353.0,142.0,364.0,1,1,1.0
320,1,157.0,352.0,137.0,359.0,1,1,1.0
321,1,157.0,350.0,133.0,357.0,1,1,1.0
322,1,156.0,346.0,130.0,349.0,1,1,1.0
323,1,153.0,341.0,132.0,350.0,1,1,1.0
324,1,152.0,334.0,131.0,343.0,1,1,1.0
325,1,150.0,328.0,127.0,339.0,1,1,1.0
326,1,149.0,325.0,122.0,331.0,1,1,1.0
327,1,148.0,322.0,119.0,328.0,1,1,1.0
328,1,148.0,321.0,118.0,327.0,1,1,1.0
329,1,147.0,321.0,119.0,326.0,1,1,1.0
330,1,144.0,321.0,121.0,325.0,1,1,1.0
331,1,142.0,320.0,124.0,323.0,1,1,1.0
332,1,138.0,318.0,127.0,319.0,1,1,1.0
333,1,135.0,315.0,125.0,309.0,1,1,1.0
334,1,131.0,310.0,120.0,303.0,1,1,1.0
335,1,127.0,305.0,115.0,303.0,1,1,1.0
336,1,124.0,303.0,111.0,304.0,1,1,1.0
337,1,120.0,301.0,110.0,305.0,1,1,1.0
338,1,118.0,300.0,111.0,306.0,1,1,1.0
339,1,117.0,301.0,113.0,307.0,1,1,1.0
340,1,119.0,299.0,108.0,302.0,1,1,1.0
341,1,121.0,297.0,104.0,304.0,1,1,1.0
342,1,121.0,293.0,102.0,304.0,1,1,1.0
343,1,120.0,288.0,103.0,295.0,1,1,1.0
344,1,120.0,282.0,104.0,288.0,1,1,1.0
345,1,120.0,279.0,100.0,281.0,1,1,1.0
346,1,120.0,277.0,98.0,278.0,1,1,1.0
347,1,121.0,276.0,96.0,277.0,1,1,1.0
348,1,121.0,277.0,95.0,274.0,1,1,1.0
349,1,120.0,277.0,95.0,271.0,1,1,1.0
350,1,119.0,276.0,97.0,272.0,1,1,1.0
351,1,117.0,274.0,97.0,263.0,1,1,1.0
352,1,115.0,272.0,98.0,262.0,1,1,1.0
353,1,114.0,270.0,96.0,257.0,1,1,1.0
354,1,111.0,265.0,95.0,258.0,1,1,1.0
355,1,109.0,263.0,93.0,258.0,1,1,1.0
356,1,108.0,262.0,92.0,257.0,1,1,1.0
357,1,107.0,261.0,93.0,257.0,1,1,1.0
358,1,108.0,261.0,92.0,257.0,1,1,1.0
359,1,109.0,261.0,89.0,255.0,1,1,1.0
360,1,111.0,259.0,86.0,254.0,1,1,1.0
361,1,112.0,257.0,84.0,258.0,1,1,1.0
362,1,113.0,252.0,83.0,254.0,1,1,1.0
363,1,113.0,248.0,83.0,250.0,1,1,1.0
364,1,113.0,243.0,83.0,247.0,1,1,1.0
365,1,114.0,241.0,82.0,244.0,1,1,1.0
366,1,114.0,240.0,80.0,242.0,1,1,1.0
367,1,115.0,240.0,79.0,241.0,1,1,1.0
368,1,115.0,239.0,78.0,241.0,1,1,1.0
369,1,115.0,239.0,78.0,239.0,1,1,1.0
370,1,114.0,240.0,79.0,236.0,1,1,1.0
371,1,114.0,239.0,80.0,234.0,1,1,1.0
372,1,113.0,236.0,80.0,234.0,1,1,1.0
373,1,112.0,232.0,77.0,229.0,1,1,1.0
374,1,111.0,229.0,76.0,230.0,1,1,1.0
375,1,110.0,227.0,76.0,229.0,1,1,1.0
376,1,110.0,226.0,77.0,229.0,1,1,1.0
377,1,111.0,225.0,77.0,229.0,1,1,1.0
378,1,112.0,225.0,76.0,229.0,1,1,1.0
379,1,116.0,224.0,72.0,228.0,1,1,1.0
380,1,119.0,221.0,69.0,230.0,1,1,1.0
381,1,120.0,218.0,68.0,229.0,1,1,1.0
382,1,121.0,216.0,69.0,225.0,1,1,1.0
383,1,124.0,213.0,68.0,220.0,1,1,1.0
384,1,127.0,209.0,67.0,218.0,1,1,1.0
385,1,129.0,207.0,67.0,216.0,1,1,1.0
386,1,131.0,205.0,67.0,215.0,1,1,1.0
387,1,132.0,204.0,68.0,215.0,1,1,1.0
388,1,134.0,203.0,69.0,216.0,1,1,1.0
389,1,137.0,203.0,69.0,214.0,1,1,1.0
390,1,139.0,202.0,70.0,213.0,1,1,1.0
391,1,143.0,200.0,75.0,211.0,1,1,1.0
392,1,147.0,197.0,77.0,208.0,1,1,1.0
393,1,153.0,193.0,77.0,208.0,1,1,1.0
394,1,160.0,189.0,73.0,208.0,1,1,1.0
395,1,167.0,187.0,66.0,207.0,1,1,1.0
396,1,174.0,185.0,62.0,204.0,1,1,1.0
397,1,181.0,185.0,67.0,204.0,1,1,1.0
398,1,187.0,182.0,74.0,205.0,1,1,1.0
399,1,190.0,180.0,81.0,205.0,1,1,1.0
400,1,192.0,178.0,84.0,206.0,1,1,1.0
401,1,195.0,175.0,83.0,206.0,1,1,1.0
402,1,202.0,172.0,77.0,203.0,1,1,1.0
403,1,212.0,168.0,67.0,198.0,1,1,1.0
404,1,221.0,164.0,58.0,196.0,1,1,1.0
405,1,229.0,161.0,56.0,196.0,1,1,1.0
406,1,235.0,159.0,59.0,197.0,1,1,1.0
407,1,236.0,158.0,71.0,198.0,1,1,1.0
408,1,245.0,157.0,75.0,197.0,1,1,1.0
409,1,245.0,156.0,83.0,196.0,1,1,1.0
410,1,251.0,154.0,84.0,197.0,1,1,1.0
411,1,259.0,150.0,83.0,198.0,1,1,1.0
412,1,269.0,146.0,75.0,195.0,1,1,1.0
413,1,274.0,142.0,69.0,190.0,1,1,1.0
414,1,287.0,138.0,61.0,187.0,1,1,1.0
415,1,297.0,136.0,65.0,187.0,1,1,1.0
416,1,305.0,136.0,77.0,187.0,1,1,1.0
417,1,308.0,135.0,89.0,189.0,1,1,1.0
418,1,310.0,134.0,97.0,187.0,1,1,1.0
419,1,312.0,132.0,101.0,188.0,1,1,1.0
420,1,317.0,130.0,98.0,193.0,1,1,1.0
421,1,327.0,127.0,88.0,188.0,1,1,1.0
422,1,342.0,124.0,73.0,185.0,1,1,1.0
423,1,356.0,120.0,58.0,184.0,1,1,1.0
424,1,364.0,118.0,59.0,187.0,1,1,1.0
425,1,369.0,116.0,67.0,186.0,1,1,1.0
426,1,369.0,116.0,81.0,185.0,1,1,1.0
427,1,369.0,116.0,94.0,183.0,1,1,1.0
428,1,372.0,114.0,101.0,184.0,1,1,1.0
429,1,378.0,113.0,102.0,186.0,1,1,1.0
430,1,388.0,110.0,98.0,191.0,1,1,1.0
431,1,403.0,107.0,87.0,186.0,1,1,1.0
432,1,419.0,103.0,71.0,182.0,1,1,1.0
433,1,429.0,100.0,59.0,182.0,1,1,1.0
434,1,438.0,98.0,59.0,183.0,1,1,1.0
435,1,446.0,98.0,70.0,181.0,1,1,1.0
436,1,451.0,97.0,83.0,180.0,1,1,1.0
437,1,453.0,97.0,92.0,179.0,1,1,1.0
438,1,454.0,96.0,96.0,178.0,1,1,1.0
439,1,458.0,94.0,95.0,181.0,1,1,1.0
440,1,466.0,92.0,88.0,180.0,1,1,1.0
441,1,478.0,89.0,76.0,177.0,1,1,1.0
442,1,493.0,85.0,60.0,177.0,1,1,1.0
443,1,502.0,83.0,51.0,176.0,1,1,1.0
444,1,508.0,82.0,59.0,176.0,1,1,1.0
445,1,508.0,81.0,72.0,176.0,1,1,1.0
446,1,505.0,81.0,90.0,175.0,1,1,1.0
447,1,505.0,81.0,100.0,175.0,1,1,1.0
448,1,509.0,80.0,101.0,175.0,1,1,1.0
449,1,516.0,78.0,92.0,178.0,1,1,1.0
450,1,526.0,76.0,92.0,177.0,1,1,1.0
451,1,540.0,73.0,82.0,175.0,1,1,1.0
452,1,555.0,70.0,65.0,173.0,1,1,1.0
453,1,566.0,68.0,56.0,173.0,1,1,1.0
454,1,574.0,67.0,58.0,171.0,1,1,1.0
455,1,579.0,67.0,71.0,171.0,1,1,1.0
456,1,582.0,68.0,83.0,169.0,1,1,1.0
457,1,583.0,68.0,90.0,168.0,1,1,1.0
458,1,585.0,67.0,93.0,170.0,1,1,1.0
459,1,589.0,64.0,90.0,174.0,1,1,1.0
460,1,599.0,62.0,81.0,172.0,1,1,1.0
461,1,613.0,60.0,66.0,169.0,1,1,1.0
462,1,628.0,57.0,51.0,167.0,1,1,1.0
463,1,635.0,57.0,56.0,167.0,1,1,1.0
464,1,639.0,56.0,65.0,168.0,1,1,1.0
465,1,637.0,55.0,80.0,169.0,1,1,1.0
466,1,638.0,55.0,89.0,169.0,1,1,1.0
467,1,642.0,54.0,93.0,170.0,1,1,1.0
468,1,646.0,54.0,97.0,171.0,1,1,1.0
469,1,653.0,53.0,94.0,169.0,1,1,1.0
470,1,663.0,50.0,85.0,166.0,1,1,1.0
471,1,675.0,49.0,71.0,160.0,1,1,1.0
472,1,688.0,47.0,56.0,162.0,1,1,1.0
473,1,697.0,46.0,55.0,161.0,1,1,1.0
474,1,704.0,45.0,64.0,161.0,1,1,1.0
475,1,707.0,45.0,74.0,162.0,1,1,1.0
476,1,709.0,46.0,82.0,160.0,1,1,1.0
477,1,710.0,47.0,85.0,159.0,1,1,1.0
478,1,713.0,46.0,85.0,161.0,1,1,1.0
479,1,720.0,45.0,78.0,160.0,1,1,1.0
480,1,730.0,42.0,68.0,158.0,1,1,1.0
481,1,743.0,37.0,54.0,161.0,1,1,1.0
482,1,752.0,36.0,52.0,159.0,1,1,1.0
483,1,757.0,36.0,58.0,160.0,1,1,1.0
484,1,758.0,37.0,69.0,157.0,1,1,1.0
485,1,756.0,38.0,81.0,156.0,1,1,1.0
486,1,756.0,39.0,89.0,156.0,1,1,1.0
487,1,759.0,39.0,92.0,157.0,1,1,1.0
488,1,764.0,39.0,92.0,157.0,1,1,1.0
489,1,772.0,37.0,87.0,156.0,1,1,1.0
490,1,782.0,35.0,77.0,153.0,1,1,1.0
491,1,797.0,33.0,60.0,153.0,1,1,1.0
492,1,806.0,32.0,52.0,152.0,1,1,1.0
493,1,814.0,31.0,52.0,153.0,1,1,1.0
494,1,819.0,31.0,61.0,152.0,1,1,1.0
495,1,821.0,32.0,70.0,151.0,1,1,1.0
496,1,822.0,33.0,75.0,151.0,1,1,1.0
497,1,824.0,33.0,77.0,151.0,1,1,1.0
498,1,828.0,32.0,75.0,152.0,1,1,1.0
499,1,836.0,31.0,67.0,150.0,1,1,1.0
500,1,847.0,30.0,55.0,151.0,1,1,1.0
501,1,858.0,28.0,48.0,149.0,1,1,1.0
502,1,863.0,28.0,53.0,149.0,1,1,1.0
503,1,865.0,28.0,62.0,148.0,1,1,1.0
504,1,863.0,28.0,72.0,148.0,1,1,1.0
505,1,862.0,29.0,72.0,148.0,1,1,1.0
506,1,863.0,29.0,83.0,147.0,1,1,1.0
507,1,868.0,29.0,74.0,148.0,1,1,1.0
508,1,874.0,27.0,78.0,149.0,1,1,1.0
509,1,883.0,26.0,74.0,146.0,1,1,1.0
510,1,894.0,25.0,63.0,144.0,1,1,1.0
511,1,903.0,23.0,52.0,148.0,1,1,1.0
512,1,909.0,23.0,50.0,146.0,1,1,1.0
513,1,915.0,23.0,54.0,143.0,1,1,1.0
514,1,918.0,23.0,63.0,144.0,1,1,1.0
515,1,920.0,24.0,68.0,144.0,1,1,1.0
516,1,920.0,25.0,71.0,143.0,1,1,1.0
517,1,921.0,24.0,71.0,142.0,1,1,1.0
518,1,934.0,23.0,58.0,140.0,1,1,1.0
519,1,939.0,22.0,53.0,140.0,1,1,1.0
520,1,949.0,21.0,44.0,140.0,1,1,1.0
521,1,954.0,20.0,49.0,139.0,1,1,1.0
522,1,957.0,20.0,50.0,143.0,1,1,1.0
523,1,958.0,21.0,50.0,143.0,1,1,1.0
524,1,955.0,21.0,68.0,140.0,1,1,1.0
525,1,955.0,21.0,67.0,138.0,1,1,1.0
526,1,956.0,21.0,65.0,139.0,1,1,1.0
527,1,962.0,21.0,61.0,140.0,1,1,1.0
528,1,966.0,21.0,59.0,135.0,1,1,1.0
529,1,973.0,18.0,55.0,135.0,1,1,1.0
530,1,982.0,17.0,49.0,134.0,1,1,1.0
531,1,987.0,18.0,47.0,135.0,1,1,1.0
532,1,992.0,17.0,48.0,134.0,1,1,1.0
533,1,996.0,17.0,52.0,135.0,1,1,1.0
534,1,999.0,17.0,55.0,135.0,1,1,1.0
535,1,1001.0,18.0,56.0,134.0,1,1,1.0
536,1,1002.0,18.0,56.0,132.0,1,1,1.0
537,1,1005.0,17.0,54.0,132.0,1,1,1.0
538,1,1009.0,16.0,49.0,132.0,1,1,1.0
539,1,1015.0,15.0,45.0,132.0,1,1,1.0
540,1,1021.0,13.0,42.0,133.0,1,1,1.0
541,1,1023.0,12.0,45.0,132.0,1,1,1.0
542,1,1025.0,12.0,50.0,132.0,1,1,1.0
543,1,1026.0,12.0,53.0,132.0,1,1,1.0
544,1,1031.0,13.0,50.0,132.0,1,1,1.0
545,1,1031.0,14.0,50.0,130.0,1,1,1.0
546,1,1032.0,14.0,50.0,129.0,1,1,1.0
547,1,1036.0,14.0,52.0,129.0,1,1,1.0
548,1,1040.0,12.0,49.0,124.0,1,1,1.0
550,1,1048.0,9.0,45.0,128.0,1,1,1.0
551,1,1052.0,8.0,44.0,131.0,1,1,1.0
552,1,1055.0,9.0,43.0,130.0,1,1,1.0
553,1,1059.0,10.0,47.0,128.0,1,1,1.0
554,1,1062.0,10.0,51.0,128.0,1,1,1.0
555,1,1063.0,12.0,52.0,127.0,1,1,1.0
556,1,1064.0,12.0,52.0,127.0,1,1,1.0
558,1,1070.0,8.0,48.0,129.0,1,1,1.0
559,1,1077.0,7.0,42.0,128.0,1,1,1.0
560,1,1082.0,7.0,41.0,127.0,1,1,1.0
