1,1,1553.0,496.0,55.0,140.0,1,1,1.0
2,1,1550.0,497.0,54.0,143.0,1,1,1.0
3,1,1548.0,496.0,52.0,142.0,1,1,1.0
4,1,1542.0,496.0,54.0,143.0,1,1,1.0
5,1,1539.0,495.0,53.0,145.0,1,1,1.0
6,1,1538.0,494.0,50.0,144.0,1,1,1.0
7,1,1533.0,494.0,51.0,145.0,1,1,1.0
8,1,1523.0,495.0,56.0,143.0,1,1,1.0
9,1,1511.0,495.0,63.0,143.0,1,1,1.0
10,1,1503.0,497.0,66.0,142.0,1,1,1.0
11,1,1500.0,497.0,66.0,143.0,1,1,1.0
12,1,1497.0,501.0,66.0,140.0,1,1,1.0
13,1,1496.0,500.0,64.0,140.0,1,1,1.0
14,1,1495.0,500.0,59.0,140.0,1,1,1.0
15,1,1493.0,500.0,52.0,142.0,1,1,1.0
16,1,1487.0,500.0,54.0,143.0,1,1,1.0
17,1,1477.0,500.0,65.0,146.0,1,1,1.0
18,1,1467.0,500.0,75.0,143.0,1,1,1.0
19,1,1458.0,501.0,83.0,141.0,1,1,1.0
20,1,1451.0,501.0,87.0,142.0,1,1,1.0
21,1,1445.0,501.0,86.0,145.0,1,1,1.0
22,1,1441.0,500.0,77.0,147.0,1,1,1.0
23,1,1440.0,498.0,67.0,148.0,1,1,1.0
24,1,1441.0,497.0,55.0,149.0,1,1,1.0
25,1,1439.0,495.0,48.0,150.0,1,1,1.0
26,1,1431.0,495.0,50.0,150.0,1,1,1.0
27,1,1416.0,496.0,59.0,149.0,1,1,1.0
28,1,1401.0,498.0,70.0,148.0,1,1,1.0
29,1,1391.0,499.0,78.0,147.0,1,1,1.0
30,1,1387.0,500.0,80.0,146.0,1,1,1.0
31,1,1384.0,499.0,78.0,147.0,1,1,1.0
32,1,1382.0,498.0,74.0,147.0,1,1,1.0
33,1,1383.0,496.0,64.0,149.0,1,1,1.0
34,1,1382.0,495.0,54.0,151.0,1,1,1.0
35,1,1374.0,494.0,52.0,154.0,1,1,1.0
36,1,1367.0,495.0,54.0,153.0,1,1,1.0
37,1,1355.0,497.0,67.0,150.0,1,1,1.0
38,1,1344.0,498.0,79.0,149.0,1,1,1.0
39,1,1335.0,500.0,86.0,151.0,1,1,1.0
40,1,1331.0,500.0,84.0,152.0,1,1,1.0
41,1,1328.0,500.0,77.0,153.0,1,1,1.0
42,1,1327.0,498.0,67.0,153.0,1,1,1.0
43,1,1326.0,496.0,53.0,154.0,1,1,1.0
44,1,1319.0,496.0,51.0,155.0,1,1,1.0
45,1,1307.0,496.0,54.0,155.0,1,1,1.0
46,1,1290.0,497.0,67.0,155.0,1,1,1.0
47,1,1276.0,498.0,77.0,153.0,1,1,1.0
48,1,1268.0,499.0,83.0,152.0,1,1,1.0
49,1,1265.0,499.0,83.0,152.0,1,1,1.0
50,1,1261.0,499.0,80.0,152.0,1,1,1.0
51,1,1260.0,498.0,70.0,152.0,1,1,1.0
52,1,1259.0,496.0,61.0,154.0,1,1,1.0
53,1,1256.0,495.0,54.0,155.0,1,1,1.0
54,1,1246.0,496.0,56.0,155.0,1,1,1.0
55,1,1235.0,498.0,63.0,153.0,1,1,1.0
56,1,1221.0,500.0,79.0,154.0,1,1,1.0
57,1,1213.0,502.0,86.0,152.0,1,1,1.0
58,1,1204.0,504.0,87.0,151.0,1,1,1.0
59,1,1200.0,505.0,86.0,151.0,1,1,1.0
60,1,1193.0,504.0,84.0,151.0,1,1,1.0
61,1,1191.0,503.0,73.0,153.0,1,1,1.0
62,1,1193.0,503.0,57.0,154.0,1,1,1.0
63,1,1186.0,502.0,54.0,153.0,1,1,1.0
64,1,1172.0,503.0,60.0,153.0,1,1,1.0
65,1,1155.0,504.0,73.0,152.0,1,1,1.0
66,1,1143.0,506.0,82.0,151.0,1,1,1.0
67,1,1136.0,506.0,86.0,151.0,1,1,1.0
68,1,1133.0,506.0,86.0,150.0,1,1,1.0
69,1,1131.0,505.0,81.0,152.0,1,1,1.0
70,1,1130.0,504.0,73.0,153.0,1,1,1.0
71,1,1129.0,503.0,59.0,155.0,1,1,1.0
72,1,1127.0,502.0,49.0,157.0,1,1,1.0
73,1,1114.0,502.0,55.0,159.0,1,1,1.0
74,1,1101.0,502.0,66.0,158.0,1,1,1.0
75,1,1088.0,504.0,77.0,156.0,1,1,1.0
76,1,1076.0,504.0,88.0,156.0,1,1,1.0
77,1,1068.0,505.0,92.0,157.0,1,1,1.0
78,1,1062.0,505.0,91.0,159.0,1,1,1.0
79,1,1058.0,503.0,82.0,161.0,1,1,1.0
80,1,1059.0,502.0,65.0,162.0,1,1,1.0
81,1,1059.0,502.0,54.0,163.0,1,1,1.0
82,1,1050.0,501.0,56.0,164.0,1,1,1.0
83,1,1032.0,502.0,66.0,163.0,1,1,1.0
84,1,1018.0,504.0,78.0,161.0,1,1,1.0
85,1,1007.0,505.0,86.0,161.0,1,1,1.0
86,1,1002.0,506.0,89.0,160.0,1,1,1.0
87,1,999.0,506.0,86.0,160.0,1,1,1.0
88,1,997.0,506.0,78.0,161.0,1,1,1.0
89,1,997.0,504.0,64.0,164.0,1,1,1.0
90,1,995.0,503.0,51.0,167.0,1,1,1.0
91,1,983.0,504.0,53.0,169.0,1,1,1.0
92,1,969.0,504.0,62.0,170.0,1,1,1.0
93,1,954.0,506.0,77.0,167.0,1,1,1.0
94,1,941.0,508.0,88.0,167.0,1,1,1.0
95,1,931.0,510.0,95.0,167.0,1,1,1.0
96,1,924.0,510.0,94.0,167.0,1,1,1.0
97,1,919.0,509.0,88.0,169.0,1,1,1.0
98,1,920.0,508.0,74.0,169.0,1,1,1.0
99,1,923.0,507.0,53.0,170.0,1,1,1.0
100,1,914.0,507.0,50.0,170.0,1,1,1.0
101,1,899.0,508.0,61.0,170.0,1,1,1.0
102,1,882.0,511.0,75.0,167.0,1,1,1.0
103,1,868.0,512.0,87.0,167.0,1,1,1.0
104,1,861.0,513.0,92.0,167.0,1,1,1.0
105,1,855.0,513.0,92.0,167.0,1,1,1.0
106,1,853.0,512.0,83.0,168.0,1,1,1.0
107,1,853.0,512.0,67.0,170.0,1,1,1.0
108,1,852.0,512.0,50.0,171.0,1,1,1.0
109,1,838.0,514.0,54.0,172.0,1,1,1.0
110,1,821.0,516.0,66.0,170.0,1,1,1.0
111,1,804.0,517.0,83.0,168.0,1,1,1.0
112,1,790.0,518.0,93.0,169.0,1,1,1.0
113,1,781.0,519.0,99.0,170.0,1,1,1.0
114,1,773.0,519.0,100.0,171.0,1,1,1.0
115,1,768.0,518.0,93.0,173.0,1,1,1.0
116,1,767.0,518.0,77.0,172.0,1,1,1.0
117,1,769.0,517.0,53.0,173.0,1,1,1.0
118,1,761.0,517.0,51.0,173.0,1,1,1.0
119,1,743.0,518.0,65.0,173.0,1,1,1.0
120,1,719.0,520.0,87.0,171.0,1,1,1.0
121,1,706.0,522.0,98.0,170.0,1,1,1.0
122,1,696.0,523.0,104.0,168.0,1,1,1.0
123,1,688.0,524.0,103.0,168.0,1,1,1.0
124,1,683.0,524.0,95.0,168.0,1,1,1.0
125,1,683.0,523.0,77.0,170.0,1,1,1.0
126,1,683.0,522.0,55.0,173.0,1,1,1.0
127,1,669.0,522.0,59.0,175.0,1,1,1.0
128,1,651.0,523.0,72.0,173.0,1,1,1.0
129,1,633.0,525.0,88.0,171.0,1,1,1.0
130,1,620.0,527.0,100.0,170.0,1,1,1.0
131,1,610.0,528.0,104.0,172.0,1,1,1.0
132,1,600.0,529.0,105.0,173.0,1,1,1.0
133,1,596.0,528.0,95.0,173.0,1,1,1.0
134,1,599.0,527.0,73.0,174.0,1,1,1.0
135,1,600.0,526.0,52.0,174.0,1,1,1.0
136,1,583.0,526.0,63.0,175.0,1,1,1.0
137,1,565.0,527.0,77.0,173.0,1,1,1.0
138,1,549.0,529.0,92.0,172.0,1,1,1.0
139,1,536.0,532.0,103.0,170.0,1,1,1.0
140,1,525.0,533.0,108.0,168.0,1,1,1.0
141,1,518.0,532.0,105.0,169.0,1,1,1.0
142,1,515.0,531.0,92.0,171.0,1,1,1.0
143,1,519.0,529.0,69.0,174.0,1,1,1.0
144,1,512.0,529.0,58.0,178.0,1,1,1.0
145,1,495.0,530.0,69.0,177.0,1,1,1.0
146,1,477.0,532.0,83.0,175.0,1,1,1.0
147,1,465.0,535.0,94.0,175.0,1,1,1.0
148,1,458.0,537.0,98.0,174.0,1,1,1.0
149,1,441.0,538.0,110.0,174.0,1,1,1.0
150,1,433.0,538.0,108.0,176.0,1,1,1.0
151,1,434.0,537.0,92.0,176.0,1,1,1.0
152,1,437.0,535.0,67.0,178.0,1,1,1.0
153,1,435.0,534.0,54.0,178.0,1,1,1.0
154,1,419.0,535.0,66.0,177.0,1,1,1.0
155,1,401.0,538.0,81.0,175.0,1,1,1.0
156,1,387.0,540.0,93.0,173.0,1,1,1.0
157,1,380.0,541.0,98.0,172.0,1,1,1.0
158,1,367.0,542.0,104.0,171.0,1,1,1.0
159,1,358.0,541.0,102.0,172.0,1,1,1.0
160,1,355.0,540.0,91.0,175.0,1,1,1.0
161,1,358.0,538.0,69.0,178.0,1,1,1.0
162,1,354.0,538.0,57.0,179.0,1,1,1.0
163,1,340.0,540.0,66.0,179.0,1,1,1.0
164,1,325.0,542.0,79.0,176.0,1,1,1.0
165,1,311.0,544.0,91.0,174.0,1,1,1.0
166,1,300.0,546.0,100.0,173.0,1,1,1.0
167,1,291.0,548.0,103.0,173.0,1,1,1.0
168,1,285.0,547.0,99.0,174.0,1,1,1.0
169,1,284.0,546.0,87.0,175.0,1,1,1.0
170,1,283.0,544.0,69.0,175.0,1,1,1.0
171,1,282.0,544.0,53.0,176.0,1,1,1.0
172,1,270.0,545.0,61.0,175.0,1,1,1.0
173,1,254.0,547.0,75.0,174.0,1,1,1.0
174,1,240.0,549.0,87.0,172.0,1,1,1.0
175,1,227.0,551.0,97.0,171.0,1,1,1.0
176,1,217.0,551.0,101.0,171.0,1,1,1.0
177,1,211.0,551.0,98.0,170.0,1,1,1.0
178,1,209.0,550.0,87.0,172.0,1,1,1.0
179,1,213.0,549.0,66.0,174.0,1,1,1.0
180,1,213.0,549.0,51.0,176.0,1,1,1.0
181,1,203.0,549.0,58.0,177.0,1,1,1.0
182,1,188.0,550.0,71.0,174.0,1,1,1.0
183,1,175.0,552.0,81.0,171.0,1,1,1.0
184,1,164.0,554.0,91.0,170.0,1,1,1.0
185,1,156.0,555.0,96.0,171.0,1,1,1.0
186,1,151.0,555.0,94.0,171.0,1,1,1.0
187,1,149.0,554.0,84.0,172.0,1,1,1.0
188,1,151.0,553.0,69.0,173.0,1,1,1.0
189,1,148.0,553.0,54.0,173.0,1,1,1.0
190,1,136.0,552.0,58.0,173.0,1,1,1.0
191,1,122.0,554.0,69.0,172.0,1,1,1.0
192,1,110.0,556.0,79.0,171.0,1,1,1.0
193,1,99.0,558.0,88.0,169.0,1,1,1.0
194,1,92.0,559.0,93.0,168.0,1,1,1.0
195,1,86.0,559.0,93.0,168.0,1,1,1.0
196,1,83.0,558.0,87.0,169.0,1,1,1.0
197,1,85.0,557.0,74.0,171.0,1,1,1.0
198,1,90.0,556.0,56.0,171.0,1,1,1.0
199,1,87.0,556.0,48.0,173.0,1,1,1.0
200,1,78.0,556.0,54.0,172.0,1,1,1.0
201,1,67.0,557.0,64.0,169.0,1,1,1.0
202,1,58.0,559.0,72.0,167.0,1,1,1.0
203,1,50.0,560.0,79.0,167.0,1,1,1.0
204,1,45.0,561.0,82.0,167.0,1,1,1.0
205,1,40.0,561.0,81.0,167.0,1,1,1.0
206,1,39.0,560.0,74.0,168.0,1,1,1.0
207,1,37.0,559.0,64.0,168.0,1,1,1.0
208,1,33.0,558.0,54.0,169.0,1,1,1.0
209,1,25.0,559.0,53.0,168.0,1,1,1.0
210,1,15.0,560.0,59.0,167.0,1,1,1.0
211,1,7.0,560.0,68.0,167.0,1,1,1.0
212,1,3.0,561.0,73.0,166.0,1,1,1.0
213,1,0.0,561.0,75.0,167.0,1,1,1.0
214,1,0.0,562.0,72.0,165.0,1,1,1.0
215,1,0.0,562.0,67.0,166.0,1,1,1.0
216,1,0.0,561.0,59.0,168.0,1,1,1.0
217,1,0.0,560.0,49.0,167.0,1,1,1.0
218,1,0.0,559.0,39.0,168.0,1,1,1.0
219,1,0.0,559.0,35.0,167.0,1,1,1.0
220,1,0.0,559.0,33.0,165.0,1,1,1.0
221,1,0.0,560.0,33.0,163.0,1,1,1.0
222,1,0.0,560.0,33.0,162.0,1,1,1.0
223,1,0.0,564.0,33.0,158.0,1,1,1.0
224,1,0.0,563.0,33.0,160.0,1,1,1.0
225,1,0.0,563.0,32.0,159.0,1,1,1.0
226,1,0.0,565.0,29.0,157.0,1,1,1.0
227,1,0.0,579.0,27.0,143.0,1,1,1.0
228,1,0.0,584.0,22.0,136.0,1,1,1.0
229,1,0.0,587.0,19.0,133.0,1,1,1.0
230,1,0.0,587.0,18.0,130.0,1,1,1.0
231,1,0.0,588.0,18.0,129.0,1,1,1.0
232,1,0.0,587.0,19.0,127.0,1,1,1.0
233,1,0.0,588.0,19.0,125.0,1,1,1.0
234,1,0.0,587.0,18.0,125.0,1,1,1.0
235,1,0.0,585.0,17.0,128.0,1,1,1.0
236,1,0.0,570.0,18.0,142.0,1,1,1.0
237,1,0.0,560.0,18.0,150.0,1,1,1.0
238,1,0.0,554.0,18.0,155.0,1,1,1.0
239,1,0.0,552.0,18.0,158.0,1,1,1.0
240,1,0.0,550.0,20.0,159.0,1,1,1.0
241,1,0.0,550.0,24.0,159.0,1,1,1.0
242,1,0.0,550.0,29.0,159.0,1,1,1.0
243,1,0.0,550.0,38.0,159.0,1,1,1.0
244,1,0.0,550.0,46.0,158.0,1,1,1.0
245,1,0.0,548.0,49.0,160.0,1,1,1.0
246,1,2.0,546.0,50.0,159.0,1,1,1.0
247,1,8.0,544.0,45.0,154.0,1,1,1.0
248,1,13.0,542.0,40.0,156.0,1,1,1.0
249,1,17.0,541.0,38.0,156.0,1,1,1.0
250,1,21.0,540.0,41.0,154.0,1,1,1.0
251,1,25.0,540.0,47.0,154.0,1,1,1.0
252,1,27.0,540.0,58.0,153.0,1,1,1.0
253,1,29.0,541.0,67.0,151.0,1,1,1.0
254,1,31.0,541.0,71.0,150.0,1,1,1.0
255,1,34.0,540.0,71.0,150.0,1,1,1.0
256,1,41.0,538.0,65.0,149.0,1,1,1.0
257,1,50.0,535.0,57.0,151.0,1,1,1.0
258,1,60.0,533.0,46.0,152.0,1,1,1.0
259,1,69.0,532.0,39.0,153.0,1,1,1.0
260,1,72.0,531.0,47.0,153.0,1,1,1.0
261,1,78.0,532.0,54.0,151.0,1,1,1.0
262,1,80.0,532.0,63.0,150.0,1,1,1.0
263,1,81.0,533.0,70.0,150.0,1,1,1.0
264,1,85.0,533.0,71.0,150.0,1,1,1.0
265,1,92.0,531.0,67.0,152.0,1,1,1.0
266,1,101.0,529.0,59.0,152.0,1,1,1.0
267,1,111.0,528.0,49.0,152.0,1,1,1.0
268,1,120.0,526.0,42.0,151.0,1,1,1.0
269,1,126.0,524.0,44.0,151.0,1,1,1.0
270,1,133.0,524.0,51.0,150.0,1,1,1.0
271,1,137.0,523.0,62.0,151.0,1,1,1.0
272,1,139.0,524.0,71.0,150.0,1,1,1.0
273,1,141.0,524.0,76.0,149.0,1,1,1.0
274,1,144.0,523.0,76.0,149.0,1,1,1.0
275,1,151.0,522.0,69.0,148.0,1,1,1.0
276,1,161.0,517.0,59.0,150.0,1,1,1.0
277,1,173.0,517.0,47.0,149.0,1,1,1.0
278,1,181.0,518.0,41.0,149.0,1,1,1.0
279,1,185.0,517.0,48.0,150.0,1,1,1.0
280,1,190.0,517.0,55.0,149.0,1,1,1.0
281,1,190.0,516.0,66.0,151.0,1,1,1.0
282,1,191.0,515.0,73.0,151.0,1,1,1.0
283,1,195.0,515.0,72.0,150.0,1,1,1.0
284,1,201.0,514.0,68.0,150.0,1,1,1.0
285,1,212.0,512.0,59.0,148.0,1,1,1.0
286,1,222.0,508.0,48.0,149.0,1,1,1.0
287,1,228.0,506.0,47.0,149.0,1,1,1.0
288,1,236.0,508.0,49.0,146.0,1,1,1.0
289,1,239.0,507.0,59.0,145.0,1,1,1.0
290,1,240.0,508.0,71.0,144.0,1,1,1.0
291,1,242.0,507.0,78.0,144.0,1,1,1.0
292,1,246.0,507.0,77.0,144.0,1,1,1.0
293,1,251.0,505.0,74.0,145.0,1,1,1.0
294,1,259.0,504.0,66.0,144.0,1,1,1.0
295,1,269.0,502.0,55.0,143.0,1,1,1.0
296,1,280.0,500.0,44.0,143.0,1,1,1.0
297,1,289.0,497.0,39.0,146.0,1,1,1.0
298,1,296.0,497.0,40.0,147.0,1,1,1.0
299,1,301.0,497.0,47.0,146.0,1,1,1.0
300,1,299.0,499.0,59.0,144.0,1,1,1.0
301,1,300.0,500.0,66.0,143.0,1,1,1.0
302,1,300.0,498.0,68.0,144.0,1,1,1.0
303,1,305.0,494.0,64.0,147.0,1,1,1.0
304,1,315.0,493.0,56.0,146.0,1,1,1.0
305,1,327.0,493.0,45.0,144.0,1,1,1.0
306,1,336.0,492.0,39.0,142.0,1,1,1.0
307,1,341.0,491.0,42.0,142.0,1,1,1.0
308,1,344.0,492.0,50.0,139.0,1,1,1.0
309,1,347.0,492.0,61.0,137.0,1,1,1.0
310,1,349.0,493.0,70.0,136.0,1,1,1.0
311,1,351.0,493.0,72.0,135.0,1,1,1.0
312,1,354.0,493.0,72.0,135.0,1,1,1.0
313,1,360.0,490.0,67.0,136.0,1,1,1.0
314,1,370.0,489.0,58.0,137.0,1,1,1.0
315,1,382.0,487.0,44.0,138.0,1,1,1.0
316,1,391.0,486.0,39.0,138.0,1,1,1.0
317,1,398.0,486.0,43.0,141.0,1,1,1.0
318,1,402.0,486.0,52.0,141.0,1,1,1.0
319,1,404.0,488.0,64.0,140.0,1,1,1.0
320,1,405.0,489.0,72.0,138.0,1,1,1.0
321,1,409.0,489.0,74.0,137.0,1,1,1.0
322,1,414.0,489.0,71.0,139.0,1,1,1.0
323,1,423.0,487.0,63.0,140.0,1,1,1.0
324,1,436.0,486.0,51.0,138.0,1,1,1.0
325,1,446.0,484.0,45.0,137.0,1,1,1.0
326,1,453.0,484.0,43.0,137.0,1,1,1.0
327,1,457.0,484.0,50.0,135.0,1,1,1.0
328,1,461.0,483.0,60.0,135.0,1,1,1.0
329,1,464.0,484.0,67.0,135.0,1,1,1.0
330,1,466.0,483.0,72.0,136.0,1,1,1.0
331,1,471.0,482.0,74.0,138.0,1,1,1.0
332,1,477.0,482.0,71.0,138.0,1,1,1.0
333,1,487.0,482.0,61.0,138.0,1,1,1.0
334,1,500.0,480.0,47.0,139.0,1,1,1.0
335,1,509.0,480.0,42.0,140.0,1,1,1.0
336,1,515.0,480.0,44.0,140.0,1,1,1.0
337,1,519.0,481.0,55.0,139.0,1,1,1.0
338,1,522.0,481.0,66.0,137.0,1,1,1.0
339,1,523.0,482.0,74.0,136.0,1,1,1.0
340,1,525.0,483.0,76.0,136.0,1,1,1.0
341,1,530.0,482.0,74.0,138.0,1,1,1.0
342,1,537.0,481.0,67.0,139.0,1,1,1.0
343,1,550.0,480.0,55.0,138.0,1,1,1.0
344,1,563.0,479.0,46.0,139.0,1,1,1.0
345,1,570.0,479.0,45.0,141.0,1,1,1.0
346,1,573.0,479.0,49.0,142.0,1,1,1.0
347,1,575.0,481.0,61.0,141.0,1,1,1.0
348,1,578.0,481.0,69.0,140.0,1,1,1.0
349,1,582.0,482.0,71.0,141.0,1,1,1.0
350,1,588.0,482.0,68.0,141.0,1,1,1.0
351,1,597.0,483.0,59.0,140.0,1,1,1.0
352,1,609.0,481.0,50.0,141.0,1,1,1.0
353,1,619.0,480.0,45.0,143.0,1,1,1.0
354,1,626.0,479.0,44.0,143.0,1,1,1.0
355,1,631.0,480.0,49.0,142.0,1,1,1.0
356,1,634.0,481.0,61.0,141.0,1,1,1.0
357,1,636.0,482.0,70.0,141.0,1,1,1.0
358,1,638.0,483.0,75.0,141.0,1,1,1.0
359,1,641.0,484.0,76.0,141.0,1,1,1.0
360,1,647.0,484.0,72.0,141.0,1,1,1.0
361,1,657.0,483.0,62.0,142.0,1,1,1.0
362,1,670.0,481.0,51.0,145.0,1,1,1.0
363,1,678.0,481.0,48.0,147.0,1,1,1.0
364,1,685.0,482.0,48.0,148.0,1,1,1.0
365,1,684.0,483.0,58.0,149.0,1,1,1.0
366,1,683.0,484.0,72.0,148.0,1,1,1.0
367,1,684.0,486.0,79.0,146.0,1,1,1.0
368,1,688.0,487.0,80.0,145.0,1,1,1.0
369,1,695.0,488.0,76.0,145.0,1,1,1.0
370,1,705.0,487.0,68.0,146.0,1,1,1.0
371,1,719.0,485.0,57.0,148.0,1,1,1.0
372,1,731.0,485.0,48.0,149.0,1,1,1.0
373,1,739.0,484.0,48.0,150.0,1,1,1.0
374,1,745.0,485.0,55.0,149.0,1,1,1.0
375,1,748.0,487.0,65.0,147.0,1,1,1.0
376,1,750.0,488.0,73.0,147.0,1,1,1.0
377,1,752.0,489.0,77.0,146.0,1,1,1.0
378,1,755.0,489.0,78.0,146.0,1,1,1.0
379,1,762.0,489.0,72.0,147.0,1,1,1.0
380,1,772.0,489.0,63.0,147.0,1,1,1.0
381,1,785.0,487.0,52.0,150.0,1,1,1.0
382,1,794.0,487.0,49.0,151.0,1,1,1.0
383,1,802.0,488.0,46.0,153.0,1,1,1.0
384,1,807.0,489.0,52.0,152.0,1,1,1.0
385,1,810.0,491.0,63.0,151.0,1,1,1.0
386,1,811.0,492.0,70.0,151.0,1,1,1.0
387,1,813.0,493.0,74.0,151.0,1,1,1.0
388,1,820.0,493.0,68.0,151.0,1,1,1.0
389,1,829.0,492.0,62.0,152.0,1,1,1.0
390,1,842.0,491.0,54.0,153.0,1,1,1.0
391,1,851.0,490.0,51.0,155.0,1,1,1.0
392,1,858.0,490.0,51.0,155.0,1,1,1.0
393,1,864.0,490.0,56.0,155.0,1,1,1.0
394,1,866.0,492.0,70.0,153.0,1,1,1.0
395,1,868.0,494.0,79.0,151.0,1,1,1.0
396,1,869.0,495.0,83.0,150.0,1,1,1.0
397,1,872.0,495.0,84.0,150.0,1,1,1.0
398,1,880.0,494.0,77.0,151.0,1,1,1.0
399,1,892.0,493.0,70.0,152.0,1,1,1.0
400,1,906.0,492.0,59.0,153.0,1,1,1.0
401,1,917.0,492.0,53.0,155.0,1,1,1.0
402,1,926.0,492.0,51.0,158.0,1,1,1.0
403,1,931.0,494.0,58.0,158.0,1,1,1.0
404,1,932.0,496.0,70.0,157.0,1,1,1.0
405,1,933.0,498.0,77.0,156.0,1,1,1.0
406,1,936.0,499.0,79.0,156.0,1,1,1.0
407,1,942.0,498.0,74.0,157.0,1,1,1.0
408,1,952.0,498.0,66.0,158.0,1,1,1.0
409,1,965.0,497.0,55.0,158.0,1,1,1.0
410,1,978.0,497.0,47.0,158.0,1,1,1.0
411,1,986.0,499.0,48.0,156.0,1,1,1.0
412,1,991.0,501.0,57.0,153.0,1,1,1.0
413,1,993.0,503.0,72.0,151.0,1,1,1.0
414,1,993.0,505.0,82.0,150.0,1,1,1.0
415,1,995.0,506.0,87.0,149.0,1,1,1.0
416,1,999.0,506.0,87.0,150.0,1,1,1.0
417,1,1008.0,506.0,79.0,150.0,1,1,1.0
418,1,1021.0,505.0,69.0,151.0,1,1,1.0
419,1,1038.0,504.0,55.0,151.0,1,1,1.0
420,1,1049.0,504.0,52.0,155.0,1,1,1.0
421,1,1055.0,505.0,51.0,155.0,1,1,1.0
422,1,1058.0,506.0,63.0,156.0,1,1,1.0
423,1,1059.0,508.0,74.0,157.0,1,1,1.0
424,1,1061.0,510.0,80.0,156.0,1,1,1.0
425,1,1065.0,511.0,81.0,157.0,1,1,1.0
426,1,1072.0,511.0,76.0,157.0,1,1,1.0
427,1,1083.0,511.0,72.0,158.0,1,1,1.0
428,1,1097.0,509.0,62.0,160.0,1,1,1.0
429,1,1111.0,508.0,50.0,161.0,1,1,1.0
430,1,1120.0,508.0,51.0,161.0,1,1,1.0
431,1,1123.0,509.0,60.0,160.0,1,1,1.0
432,1,1124.0,509.0,74.0,162.0,1,1,1.0
433,1,1124.0,511.0,87.0,162.0,1,1,1.0
434,1,1125.0,513.0,91.0,162.0,1,1,1.0
435,1,1130.0,514.0,91.0,162.0,1,1,1.0
436,1,1139.0,513.0,84.0,163.0,1,1,1.0
437,1,1153.0,513.0,74.0,163.0,1,1,1.0
438,1,1171.0,513.0,59.0,164.0,1,1,1.0
439,1,1186.0,512.0,49.0,169.0,1,1,1.0
440,1,1192.0,513.0,57.0,171.0,1,1,1.0
441,1,1196.0,514.0,68.0,170.0,1,1,1.0
442,1,1197.0,517.0,80.0,169.0,1,1,1.0
443,1,1198.0,520.0,92.0,167.0,1,1,1.0
444,1,1201.0,521.0,99.0,168.0,1,1,1.0
445,1,1209.0,521.0,99.0,168.0,1,1,1.0
446,1,1221.0,521.0,91.0,169.0,1,1,1.0
447,1,1237.0,520.0,75.0,170.0,1,1,1.0
448,1,1255.0,519.0,55.0,171.0,1,1,1.0
449,1,1264.0,519.0,57.0,170.0,1,1,1.0
450,1,1267.0,521.0,66.0,169.0,1,1,1.0
451,1,1268.0,523.0,83.0,168.0,1,1,1.0
452,1,1269.0,526.0,94.0,166.0,1,1,1.0
453,1,1271.0,527.0,102.0,165.0,1,1,1.0
454,1,1277.0,528.0,105.0,164.0,1,1,1.0
455,1,1287.0,527.0,100.0,164.0,1,1,1.0
456,1,1302.0,526.0,84.0,165.0,1,1,1.0
457,1,1320.0,525.0,62.0,166.0,1,1,1.0
458,1,1338.0,525.0,49.0,171.0,1,1,1.0
459,1,1343.0,525.0,59.0,173.0,1,1,1.0
460,1,1345.0,527.0,73.0,172.0,1,1,1.0
461,1,1347.0,530.0,85.0,171.0,1,1,1.0
462,1,1348.0,532.0,96.0,169.0,1,1,1.0
463,1,1351.0,534.0,102.0,168.0,1,1,1.0
464,1,1359.0,534.0,101.0,170.0,1,1,1.0
465,1,1371.0,533.0,94.0,171.0,1,1,1.0
466,1,1386.0,532.0,78.0,171.0,1,1,1.0
467,1,1406.0,532.0,55.0,171.0,1,1,1.0
468,1,1414.0,532.0,57.0,171.0,1,1,1.0
469,1,1417.0,534.0,66.0,170.0,1,1,1.0
470,1,1419.0,535.0,78.0,168.0,1,1,1.0
471,1,1419.0,537.0,90.0,166.0,1,1,1.0
472,1,1421.0,539.0,98.0,165.0,1,1,1.0
473,1,1426.0,540.0,101.0,165.0,1,1,1.0
474,1,1435.0,539.0,95.0,166.0,1,1,1.0
475,1,1448.0,538.0,83.0,167.0,1,1,1.0
476,1,1464.0,537.0,64.0,167.0,1,1,1.0
477,1,1482.0,537.0,50.0,170.0,1,1,1.0
478,1,1488.0,538.0,50.0,174.0,1,1,1.0
479,1,1490.0,540.0,62.0,174.0,1,1,1.0
480,1,1490.0,542.0,75.0,171.0,1,1,1.0
481,1,1491.0,545.0,86.0,170.0,1,1,1.0
482,1,1494.0,547.0,94.0,171.0,1,1,1.0
483,1,1499.0,548.0,97.0,172.0,1,1,1.0
484,1,1507.0,548.0,94.0,172.0,1,1,1.0
485,1,1519.0,548.0,84.0,173.0,1,1,1.0
486,1,1536.0,547.0,65.0,174.0,1,1,1.0
487,1,1551.0,548.0,53.0,174.0,1,1,1.0
488,1,1555.0,549.0,57.0,172.0,1,1,1.0
489,1,1557.0,551.0,68.0,170.0,1,1,1.0
490,1,1558.0,552.0,80.0,168.0,1,1,1.0
491,1,1559.0,555.0,89.0,166.0,1,1,1.0
492,1,1562.0,557.0,95.0,165.0,1,1,1.0
493,1,1568.0,557.0,95.0,166.0,1,1,1.0
494,1,1578.0,557.0,88.0,166.0,1,1,1.0
495,1,1594.0,556.0,72.0,166.0,1,1,1.0
496,1,1612.0,555.0,59.0,168.0,1,1,1.0
497,1,1625.0,555.0,52.0,172.0,1,1,1.0
498,1,1629.0,557.0,56.0,174.0,1,1,1.0
499,1,1631.0,559.0,67.0,176.0,1,1,1.0
500,1,1630.0,561.0,83.0,174.0,1,1,1.0
501,1,1632.0,565.0,90.0,170.0,1,1,1.0
502,1,1636.0,567.0,93.0,170.0,1,1,1.0
503,1,1642.0,568.0,93.0,170.0,1,1,1.0
504,1,1653.0,567.0,85.0,172.0,1,1,1.0
505,1,1667.0,566.0,72.0,174.0,1,1,1.0
506,1,1687.0,565.0,55.0,172.0,1,1,1.0
507,1,1700.0,565.0,52.0,175.0,1,1,1.0
508,1,1703.0,566.0,53.0,174.0,1,1,1.0
509,1,1704.0,568.0,64.0,174.0,1,1,1.0
510,1,1704.0,570.0,72.0,173.0,1,1,1.0
511,1,1704.0,572.0,83.0,169.0,1,1,1.0
512,1,1706.0,574.0,88.0,167.0,1,1,1.0
513,1,1710.0,575.0,87.0,166.0,1,1,1.0
514,1,1715.0,575.0,82.0,163.0,1,1,1.0
515,1,1732.0,574.0,65.0,163.0,1,1,1.0
516,1,1748.0,572.0,52.0,164.0,1,1,1.0
517,1,1758.0,570.0,48.0,164.0,1,1,1.0
518,1,1763.0,569.0,53.0,165.0,1,1,1.0
519,1,1767.0,569.0,59.0,166.0,1,1,1.0
520,1,1770.0,568.0,64.0,166.0,1,1,1.0
