1,1,1729.0,330.0,38.0,136.0,1,1,1.0
2,1,1725.0,330.0,39.0,138.0,1,1,1.0
3,1,1716.0,330.0,46.0,137.0,1,1,1.0
4,1,1708.0,331.0,54.0,136.0,1,1,1.0
5,1,1700.0,332.0,63.0,135.0,1,1,1.0
6,1,1694.0,333.0,70.0,134.0,1,1,1.0
7,1,1688.0,333.0,73.0,135.0,1,1,1.0
8,1,1685.0,333.0,71.0,136.0,1,1,1.0
9,1,1683.0,332.0,67.0,136.0,1,1,1.0
10,1,1682.0,330.0,59.0,139.0,1,1,1.0
11,1,1683.0,329.0,48.0,142.0,1,1,1.0
12,1,1678.0,328.0,46.0,144.0,1,1,1.0
13,1,1667.0,328.0,51.0,143.0,1,1,1.0
14,1,1655.0,330.0,60.0,142.0,1,1,1.0
15,1,1647.0,331.0,65.0,141.0,1,1,1.0
16,1,1642.0,331.0,68.0,140.0,1,1,1.0
17,1,1640.0,331.0,67.0,140.0,1,1,1.0
18,1,1639.0,329.0,63.0,141.0,1,1,1.0
19,1,1639.0,328.0,54.0,141.0,1,1,1.0
20,1,1638.0,327.0,44.0,143.0,1,1,1.0
21,1,1634.0,326.0,42.0,145.0,1,1,1.0
22,1,1625.0,327.0,46.0,144.0,1,1,1.0
23,1,1615.0,328.0,54.0,142.0,1,1,1.0
24,1,1605.0,329.0,63.0,142.0,1,1,1.0
25,1,1597.0,331.0,71.0,141.0,1,1,1.0
26,1,1590.0,331.0,75.0,141.0,1,1,1.0
27,1,1586.0,331.0,74.0,142.0,1,1,1.0
28,1,1583.0,330.0,69.0,143.0,1,1,1.0
29,1,1583.0,328.0,59.0,145.0,1,1,1.0
30,1,1583.0,326.0,47.0,146.0,1,1,1.0
31,1,1575.0,326.0,47.0,148.0,1,1,1.0
32,1,1561.0,326.0,55.0,148.0,1,1,1.0
33,1,1547.0,327.0,66.0,148.0,1,1,1.0
34,1,1537.0,328.0,73.0,147.0,1,1,1.0
35,1,1532.0,329.0,76.0,146.0,1,1,1.0
36,1,1530.0,328.0,74.0,146.0,1,1,1.0
37,1,1529.0,327.0,68.0,146.0,1,1,1.0
38,1,1529.0,325.0,56.0,148.0,1,1,1.0
39,1,1529.0,324.0,44.0,149.0,1,1,1.0
40,1,1520.0,323.0,47.0,151.0,1,1,1.0
41,1,1509.0,323.0,55.0,150.0,1,1,1.0
42,1,1497.0,324.0,67.0,149.0,1,1,1.0
43,1,1486.0,325.0,78.0,149.0,1,1,1.0
44,1,1478.0,327.0,84.0,149.0,1,1,1.0
45,1,1471.0,326.0,86.0,151.0,1,1,1.0
46,1,1466.0,326.0,81.0,151.0,1,1,1.0
47,1,1464.0,325.0,70.0,152.0,1,1,1.0
48,1,1466.0,323.0,52.0,155.0,1,1,1.0
49,1,1463.0,322.0,45.0,155.0,1,1,1.0
50,1,1447.0,322.0,54.0,156.0,1,1,1.0
51,1,1429.0,324.0,69.0,155.0,1,1,1.0
52,1,1417.0,325.0,79.0,154.0,1,1,1.0
53,1,1410.0,326.0,85.0,153.0,1,1,1.0
54,1,1406.0,326.0,84.0,152.0,1,1,1.0
55,1,1405.0,325.0,77.0,153.0,1,1,1.0
56,1,1405.0,324.0,65.0,153.0,1,1,1.0
57,1,1406.0,322.0,50.0,154.0,1,1,1.0
58,1,1399.0,322.0,49.0,156.0,1,1,1.0
59,1,1387.0,322.0,55.0,155.0,1,1,1.0
60,1,1373.0,323.0,69.0,155.0,1,1,1.0
61,1,1362.0,325.0,79.0,153.0,1,1,1.0
62,1,1352.0,325.0,86.0,154.0,1,1,1.0
63,1,1344.0,326.0,88.0,155.0,1,1,1.0
64,1,1339.0,326.0,85.0,156.0,1,1,1.0
65,1,1336.0,324.0,81.0,158.0,1,1,1.0
66,1,1335.0,323.0,67.0,159.0,1,1,1.0
67,1,1336.0,322.0,52.0,161.0,1,1,1.0
68,1,1329.0,322.0,50.0,161.0,1,1,1.0
69,1,1311.0,322.0,64.0,161.0,1,1,1.0
70,1,1295.0,325.0,77.0,159.0,1,1,1.0
71,1,1284.0,326.0,86.0,158.0,1,1,1.0
72,1,1278.0,326.0,90.0,158.0,1,1,1.0
73,1,1276.0,326.0,88.0,157.0,1,1,1.0
74,1,1275.0,326.0,79.0,157.0,1,1,1.0
75,1,1275.0,324.0,66.0,159.0,1,1,1.0
76,1,1276.0,323.0,49.0,160.0,1,1,1.0
77,1,1267.0,322.0,47.0,162.0,1,1,1.0
78,1,1254.0,322.0,58.0,162.0,1,1,1.0
79,1,1240.0,324.0,70.0,161.0,1,1,1.0
80,1,1228.0,325.0,85.0,159.0,1,1,1.0
81,1,1218.0,327.0,95.0,158.0,1,1,1.0
82,1,1210.0,327.0,97.0,160.0,1,1,1.0
83,1,1205.0,327.0,95.0,162.0,1,1,1.0
84,1,1203.0,327.0,85.0,163.0,1,1,1.0
85,1,1205.0,325.0,64.0,165.0,1,1,1.0
86,1,1206.0,324.0,50.0,165.0,1,1,1.0
87,1,1198.0,324.0,50.0,165.0,1,1,1.0
88,1,1181.0,325.0,63.0,165.0,1,1,1.0
89,1,1165.0,327.0,78.0,164.0,1,1,1.0
90,1,1153.0,328.0,88.0,163.0,1,1,1.0
91,1,1147.0,328.0,93.0,164.0,1,1,1.0
92,1,1145.0,328.0,90.0,164.0,1,1,1.0
93,1,1142.0,327.0,85.0,165.0,1,1,1.0
94,1,1142.0,326.0,73.0,166.0,1,1,1.0
95,1,1143.0,325.0,55.0,167.0,1,1,1.0
96,1,1134.0,325.0,49.0,167.0,1,1,1.0
97,1,1119.0,326.0,58.0,166.0,1,1,1.0
98,1,1105.0,327.0,73.0,167.0,1,1,1.0
99,1,1092.0,329.0,87.0,166.0,1,1,1.0
100,1,1081.0,330.0,97.0,165.0,1,1,1.0
101,1,1072.0,332.0,101.0,166.0,1,1,1.0
102,1,1066.0,332.0,99.0,168.0,1,1,1.0
103,1,1063.0,331.0,90.0,168.0,1,1,1.0
104,1,1065.0,330.0,72.0,170.0,1,1,1.0
105,1,1067.0,329.0,52.0,171.0,1,1,1.0
106,1,1062.0,328.0,47.0,172.0,1,1,1.0
107,1,1044.0,328.0,61.0,172.0,1,1,1.0
108,1,1025.0,330.0,78.0,170.0,1,1,1.0
109,1,1011.0,332.0,91.0,168.0,1,1,1.0
110,1,1003.0,334.0,98.0,166.0,1,1,1.0
111,1,998.0,334.0,97.0,166.0,1,1,1.0
112,1,994.0,333.0,93.0,167.0,1,1,1.0
113,1,992.0,333.0,82.0,167.0,1,1,1.0
114,1,994.0,332.0,63.0,169.0,1,1,1.0
115,1,989.0,331.0,50.0,171.0,1,1,1.0
116,1,974.0,331.0,55.0,171.0,1,1,1.0
117,1,959.0,332.0,67.0,170.0,1,1,1.0
118,1,943.0,334.0,81.0,170.0,1,1,1.0
119,1,932.0,336.0,91.0,168.0,1,1,1.0
120,1,923.0,337.0,98.0,168.0,1,1,1.0
121,1,916.0,336.0,99.0,169.0,1,1,1.0
122,1,912.0,337.0,94.0,168.0,1,1,1.0
123,1,911.0,337.0,79.0,169.0,1,1,1.0
124,1,914.0,336.0,58.0,169.0,1,1,1.0
125,1,910.0,336.0,47.0,169.0,1,1,1.0
126,1,895.0,337.0,58.0,169.0,1,1,1.0
127,1,876.0,338.0,76.0,169.0,1,1,1.0
128,1,860.0,340.0,90.0,170.0,1,1,1.0
129,1,850.0,340.0,97.0,169.0,1,1,1.0
130,1,844.0,342.0,99.0,168.0,1,1,1.0
131,1,838.0,342.0,98.0,168.0,1,1,1.0
132,1,835.0,341.0,86.0,170.0,1,1,1.0
133,1,836.0,340.0,68.0,171.0,1,1,1.0
134,1,834.0,339.0,49.0,174.0,1,1,1.0
135,1,818.0,339.0,56.0,175.0,1,1,1.0
136,1,802.0,341.0,70.0,175.0,1,1,1.0
137,1,786.0,343.0,84.0,172.0,1,1,1.0
138,1,772.0,345.0,96.0,170.0,1,1,1.0
139,1,761.0,346.0,104.0,171.0,1,1,1.0
140,1,754.0,346.0,105.0,172.0,1,1,1.0
141,1,750.0,346.0,97.0,173.0,1,1,1.0
142,1,752.0,345.0,80.0,173.0,1,1,1.0
143,1,756.0,343.0,54.0,175.0,1,1,1.0
144,1,750.0,342.0,49.0,175.0,1,1,1.0
145,1,733.0,344.0,63.0,175.0,1,1,1.0
146,1,714.0,346.0,79.0,173.0,1,1,1.0
147,1,700.0,349.0,92.0,172.0,1,1,1.0
148,1,690.0,350.0,101.0,169.0,1,1,1.0
149,1,681.0,351.0,104.0,169.0,1,1,1.0
150,1,675.0,351.0,100.0,169.0,1,1,1.0
151,1,673.0,350.0,88.0,170.0,1,1,1.0
152,1,675.0,349.0,67.0,172.0,1,1,1.0
153,1,673.0,348.0,51.0,174.0,1,1,1.0
154,1,658.0,349.0,60.0,174.0,1,1,1.0
155,1,642.0,350.0,73.0,172.0,1,1,1.0
156,1,627.0,352.0,87.0,170.0,1,1,1.0
157,1,614.0,354.0,98.0,169.0,1,1,1.0
158,1,605.0,355.0,104.0,170.0,1,1,1.0
159,1,598.0,355.0,105.0,172.0,1,1,1.0
160,1,596.0,355.0,98.0,171.0,1,1,1.0
161,1,599.0,354.0,79.0,172.0,1,1,1.0
162,1,602.0,354.0,56.0,172.0,1,1,1.0
163,1,595.0,354.0,48.0,172.0,1,1,1.0
164,1,580.0,355.0,61.0,172.0,1,1,1.0
165,1,562.0,356.0,76.0,171.0,1,1,1.0
166,1,547.0,358.0,90.0,170.0,1,1,1.0
167,1,539.0,360.0,95.0,168.0,1,1,1.0
168,1,532.0,361.0,97.0,167.0,1,1,1.0
169,1,530.0,360.0,89.0,169.0,1,1,1.0
170,1,522.0,359.0,84.0,170.0,1,1,1.0
171,1,524.0,357.0,65.0,171.0,1,1,1.0
172,1,521.0,356.0,50.0,175.0,1,1,1.0
173,1,513.0,357.0,53.0,175.0,1,1,1.0
174,1,495.0,359.0,69.0,172.0,1,1,1.0
175,1,479.0,362.0,84.0,171.0,1,1,1.0
176,1,468.0,364.0,92.0,168.0,1,1,1.0
177,1,458.0,365.0,100.0,169.0,1,1,1.0
178,1,451.0,365.0,101.0,171.0,1,1,1.0
179,1,449.0,364.0,93.0,171.0,1,1,1.0
180,1,451.0,364.0,76.0,171.0,1,1,1.0
181,1,452.0,364.0,57.0,171.0,1,1,1.0
182,1,431.0,365.0,64.0,173.0,1,1,1.0
183,1,415.0,367.0,76.0,172.0,1,1,1.0
184,1,401.0,368.0,88.0,170.0,1,1,1.0
185,1,389.0,371.0,97.0,167.0,1,1,1.0
186,1,379.0,372.0,100.0,166.0,1,1,1.0
187,1,374.0,372.0,98.0,167.0,1,1,1.0
188,1,372.0,371.0,86.0,169.0,1,1,1.0
189,1,375.0,371.0,67.0,170.0,1,1,1.0
190,1,374.0,371.0,52.0,171.0,1,1,1.0
191,1,366.0,371.0,54.0,173.0,1,1,1.0
192,1,351.0,374.0,67.0,171.0,1,1,1.0
193,1,335.0,376.0,81.0,168.0,1,1,1.0
194,1,325.0,377.0,90.0,168.0,1,1,1.0
195,1,317.0,377.0,95.0,170.0,1,1,1.0
196,1,311.0,379.0,95.0,170.0,1,1,1.0
197,1,307.0,379.0,87.0,171.0,1,1,1.0
198,1,308.0,379.0,72.0,170.0,1,1,1.0
199,1,305.0,378.0,57.0,171.0,1,1,1.0
200,1,296.0,379.0,53.0,170.0,1,1,1.0
201,1,282.0,380.0,64.0,170.0,1,1,1.0
202,1,267.0,382.0,76.0,168.0,1,1,1.0
203,1,254.0,385.0,88.0,165.0,1,1,1.0
204,1,243.0,387.0,96.0,164.0,1,1,1.0
205,1,235.0,388.0,98.0,164.0,1,1,1.0
206,1,231.0,389.0,93.0,163.0,1,1,1.0
207,1,230.0,387.0,80.0,165.0,1,1,1.0
208,1,233.0,387.0,60.0,165.0,1,1,1.0
209,1,231.0,388.0,52.0,166.0,1,1,1.0
210,1,224.0,388.0,56.0,166.0,1,1,1.0
211,1,210.0,389.0,68.0,165.0,1,1,1.0
212,1,198.0,390.0,78.0,165.0,1,1,1.0
213,1,189.0,393.0,84.0,165.0,1,1,1.0
214,1,183.0,391.0,88.0,167.0,1,1,1.0
215,1,180.0,392.0,84.0,166.0,1,1,1.0
216,1,179.0,393.0,73.0,165.0,1,1,1.0
217,1,174.0,392.0,61.0,166.0,1,1,1.0
218,1,169.0,391.0,51.0,166.0,1,1,1.0
219,1,158.0,392.0,56.0,166.0,1,1,1.0
220,1,146.0,395.0,66.0,163.0,1,1,1.0
221,1,134.0,396.0,76.0,161.0,1,1,1.0
222,1,123.0,397.0,85.0,161.0,1,1,1.0
223,1,115.0,398.0,90.0,161.0,1,1,1.0
224,1,109.0,399.0,89.0,161.0,1,1,1.0
225,1,107.0,399.0,80.0,161.0,1,1,1.0
226,1,109.0,398.0,65.0,161.0,1,1,1.0
227,1,113.0,398.0,49.0,163.0,1,1,1.0
228,1,110.0,398.0,49.0,164.0,1,1,1.0
229,1,101.0,399.0,56.0,163.0,1,1,1.0
230,1,89.0,401.0,67.0,161.0,1,1,1.0
231,1,81.0,403.0,74.0,159.0,1,1,1.0
232,1,77.0,405.0,76.0,158.0,1,1,1.0
233,1,75.0,407.0,73.0,158.0,1,1,1.0
234,1,73.0,407.0,69.0,158.0,1,1,1.0
235,1,71.0,406.0,61.0,159.0,1,1,1.0
236,1,68.0,404.0,51.0,161.0,1,1,1.0
237,1,57.0,404.0,48.0,161.0,1,1,1.0
238,1,45.0,404.0,53.0,161.0,1,1,1.0
239,1,35.0,406.0,65.0,160.0,1,1,1.0
240,1,28.0,407.0,72.0,160.0,1,1,1.0
242,1,34.0,410.0,63.0,158.0,1,1,1.0
243,1,33.0,410.0,60.0,157.0,1,1,1.0
244,1,33.0,409.0,54.0,157.0,1,1,1.0
245,1,28.0,407.0,52.0,157.0,1,1,1.0
246,1,26.0,407.0,45.0,156.0,1,1,1.0
247,1,26.0,406.0,42.0,157.0,1,1,1.0
248,1,26.0,407.0,39.0,158.0,1,1,1.0
249,1,25.0,407.0,37.0,157.0,1,1,1.0
250,1,24.0,408.0,37.0,157.0,1,1,1.0
251,1,21.0,409.0,38.0,155.0,1,1,1.0
252,1,19.0,410.0,39.0,155.0,1,1,1.0
253,1,17.0,409.0,40.0,155.0,1,1,1.0
254,1,16.0,408.0,41.0,154.0,1,1,1.0
255,1,15.0,407.0,45.0,155.0,1,1,1.0
256,1,15.0,406.0,46.0,155.0,1,1,1.0
257,1,19.0,405.0,44.0,154.0,1,1,1.0
258,1,22.0,405.0,44.0,152.0,1,1,1.0
259,1,25.0,405.0,46.0,151.0,1,1,1.0
260,1,26.0,404.0,47.0,154.0,1,1,1.0
261,1,26.0,403.0,48.0,155.0,1,1,1.0
262,1,28.0,403.0,47.0,152.0,1,1,1.0
263,1,31.0,401.0,44.0,150.0,1,1,1.0
264,1,37.0,400.0,39.0,148.0,1,1,1.0
265,1,44.0,398.0,32.0,147.0,1,1,1.0
266,1,49.0,398.0,30.0,147.0,1,1,1.0
267,1,52.0,397.0,39.0,147.0,1,1,1.0
268,1,52.0,397.0,50.0,147.0,1,1,1.0
269,1,54.0,397.0,57.0,147.0,1,1,1.0
270,1,56.0,396.0,62.0,148.0,1,1,1.0
271,1,59.0,395.0,62.0,149.0,1,1,1.0
272,1,64.0,393.0,58.0,148.0,1,1,1.0
273,1,72.0,391.0,51.0,149.0,1,1,1.0
274,1,82.0,388.0,41.0,147.0,1,1,1.0
275,1,89.0,386.0,37.0,147.0,1,1,1.0
276,1,94.0,385.0,39.0,147.0,1,1,1.0
277,1,99.0,385.0,48.0,146.0,1,1,1.0
278,1,102.0,385.0,59.0,145.0,1,1,1.0
279,1,104.0,385.0,67.0,145.0,1,1,1.0
280,1,105.0,385.0,72.0,145.0,1,1,1.0
281,1,108.0,384.0,71.0,145.0,1,1,1.0
282,1,113.0,382.0,66.0,146.0,1,1,1.0
283,1,122.0,380.0,58.0,146.0,1,1,1.0
284,1,134.0,377.0,46.0,146.0,1,1,1.0
285,1,143.0,376.0,37.0,146.0,1,1,1.0
286,1,149.0,375.0,40.0,146.0,1,1,1.0
287,1,154.0,375.0,50.0,145.0,1,1,1.0
288,1,154.0,375.0,64.0,144.0,1,1,1.0
289,1,155.0,375.0,73.0,144.0,1,1,1.0
290,1,159.0,375.0,73.0,142.0,1,1,1.0
291,1,163.0,374.0,73.0,144.0,1,1,1.0
292,1,172.0,372.0,66.0,144.0,1,1,1.0
293,1,184.0,369.0,55.0,145.0,1,1,1.0
294,1,194.0,369.0,44.0,142.0,1,1,1.0
295,1,202.0,369.0,41.0,143.0,1,1,1.0
296,1,208.0,370.0,50.0,141.0,1,1,1.0
297,1,213.0,368.0,60.0,142.0,1,1,1.0
298,1,215.0,371.0,70.0,138.0,1,1,1.0
299,1,217.0,371.0,75.0,138.0,1,1,1.0
300,1,221.0,371.0,75.0,137.0,1,1,1.0
301,1,227.0,369.0,70.0,137.0,1,1,1.0
302,1,236.0,365.0,61.0,139.0,1,1,1.0
303,1,249.0,362.0,48.0,140.0,1,1,1.0
304,1,258.0,361.0,41.0,141.0,1,1,1.0
305,1,264.0,360.0,44.0,141.0,1,1,1.0
306,1,266.0,360.0,55.0,140.0,1,1,1.0
307,1,265.0,361.0,69.0,141.0,1,1,1.0
308,1,265.0,360.0,78.0,142.0,1,1,1.0
309,1,269.0,360.0,79.0,141.0,1,1,1.0
310,1,275.0,358.0,75.0,142.0,1,1,1.0
311,1,284.0,355.0,71.0,142.0,1,1,1.0
312,1,298.0,352.0,58.0,143.0,1,1,1.0
313,1,309.0,349.0,45.0,142.0,1,1,1.0
314,1,318.0,348.0,42.0,144.0,1,1,1.0
315,1,324.0,347.0,51.0,144.0,1,1,1.0
316,1,327.0,348.0,63.0,142.0,1,1,1.0
317,1,330.0,349.0,70.0,140.0,1,1,1.0
318,1,332.0,348.0,75.0,140.0,1,1,1.0
319,1,335.0,348.0,76.0,139.0,1,1,1.0
320,1,341.0,345.0,72.0,140.0,1,1,1.0
321,1,350.0,344.0,63.0,139.0,1,1,1.0
322,1,362.0,342.0,50.0,139.0,1,1,1.0
323,1,371.0,340.0,43.0,140.0,1,1,1.0
324,1,377.0,340.0,46.0,140.0,1,1,1.0
325,1,378.0,341.0,56.0,139.0,1,1,1.0
326,1,377.0,341.0,69.0,139.0,1,1,1.0
327,1,377.0,339.0,77.0,139.0,1,1,1.0
328,1,382.0,339.0,79.0,139.0,1,1,1.0
329,1,387.0,339.0,76.0,138.0,1,1,1.0
330,1,397.0,338.0,70.0,137.0,1,1,1.0
331,1,412.0,335.0,55.0,136.0,1,1,1.0
332,1,423.0,332.0,43.0,136.0,1,1,1.0
333,1,431.0,329.0,41.0,139.0,1,1,1.0
334,1,436.0,329.0,48.0,138.0,1,1,1.0
335,1,439.0,330.0,60.0,137.0,1,1,1.0
336,1,441.0,330.0,65.0,136.0,1,1,1.0
337,1,442.0,330.0,69.0,135.0,1,1,1.0
338,1,445.0,330.0,70.0,136.0,1,1,1.0
339,1,451.0,329.0,65.0,136.0,1,1,1.0
340,1,460.0,328.0,57.0,134.0,1,1,1.0
341,1,472.0,326.0,46.0,134.0,1,1,1.0
342,1,482.0,323.0,39.0,136.0,1,1,1.0
343,1,489.0,323.0,44.0,135.0,1,1,1.0
344,1,490.0,323.0,52.0,136.0,1,1,1.0
345,1,489.0,323.0,64.0,135.0,1,1,1.0
346,1,489.0,324.0,74.0,135.0,1,1,1.0
347,1,492.0,323.0,78.0,134.0,1,1,1.0
348,1,497.0,322.0,77.0,134.0,1,1,1.0
349,1,505.0,321.0,74.0,131.0,1,1,1.0
350,1,516.0,319.0,63.0,131.0,1,1,1.0
351,1,530.0,318.0,47.0,130.0,1,1,1.0
352,1,539.0,317.0,41.0,132.0,1,1,1.0
353,1,545.0,316.0,43.0,132.0,1,1,1.0
354,1,548.0,316.0,56.0,132.0,1,1,1.0
355,1,549.0,317.0,66.0,131.0,1,1,1.0
356,1,550.0,317.0,72.0,130.0,1,1,1.0
357,1,552.0,317.0,73.0,130.0,1,1,1.0
358,1,558.0,315.0,69.0,132.0,1,1,1.0
359,1,566.0,314.0,61.0,131.0,1,1,1.0
360,1,577.0,312.0,50.0,131.0,1,1,1.0
361,1,589.0,310.0,39.0,131.0,1,1,1.0
362,1,594.0,310.0,43.0,131.0,1,1,1.0
363,1,594.0,310.0,54.0,131.0,1,1,1.0
364,1,593.0,310.0,64.0,130.0,1,1,1.0
365,1,593.0,310.0,72.0,129.0,1,1,1.0
366,1,592.0,311.0,80.0,129.0,1,1,1.0
367,1,597.0,311.0,79.0,129.0,1,1,1.0
368,1,605.0,312.0,76.0,127.0,1,1,1.0
369,1,616.0,310.0,67.0,126.0,1,1,1.0
370,1,630.0,307.0,52.0,126.0,1,1,1.0
371,1,639.0,305.0,42.0,128.0,1,1,1.0
372,1,646.0,304.0,40.0,129.0,1,1,1.0
373,1,650.0,304.0,49.0,128.0,1,1,1.0
374,1,651.0,305.0,59.0,127.0,1,1,1.0
375,1,652.0,306.0,66.0,126.0,1,1,1.0
376,1,653.0,307.0,68.0,125.0,1,1,1.0
377,1,656.0,306.0,67.0,126.0,1,1,1.0
378,1,663.0,304.0,61.0,125.0,1,1,1.0
379,1,672.0,302.0,52.0,126.0,1,1,1.0
380,1,683.0,301.0,41.0,124.0,1,1,1.0
381,1,694.0,301.0,33.0,124.0,1,1,1.0
382,1,701.0,301.0,36.0,125.0,1,1,1.0
383,1,703.0,301.0,49.0,124.0,1,1,1.0
384,1,703.0,302.0,60.0,123.0,1,1,1.0
385,1,705.0,302.0,67.0,123.0,1,1,1.0
386,1,707.0,302.0,69.0,123.0,1,1,1.0
387,1,711.0,301.0,68.0,124.0,1,1,1.0
388,1,717.0,301.0,63.0,124.0,1,1,1.0
389,1,727.0,299.0,53.0,125.0,1,1,1.0
390,1,741.0,298.0,40.0,125.0,1,1,1.0
391,1,749.0,297.0,38.0,127.0,1,1,1.0
392,1,755.0,297.0,42.0,125.0,1,1,1.0
393,1,758.0,298.0,51.0,125.0,1,1,1.0
394,1,758.0,299.0,61.0,124.0,1,1,1.0
395,1,758.0,300.0,70.0,123.0,1,1,1.0
396,1,761.0,299.0,70.0,124.0,1,1,1.0
397,1,765.0,298.0,74.0,127.0,1,1,1.0
398,1,772.0,297.0,62.0,127.0,1,1,1.0
399,1,783.0,296.0,56.0,127.0,1,1,1.0
400,1,795.0,296.0,44.0,127.0,1,1,1.0
401,1,803.0,296.0,39.0,128.0,1,1,1.0
402,1,807.0,296.0,46.0,128.0,1,1,1.0
403,1,808.0,297.0,59.0,128.0,1,1,1.0
404,1,810.0,299.0,67.0,125.0,1,1,1.0
405,1,812.0,300.0,72.0,124.0,1,1,1.0
406,1,815.0,299.0,72.0,125.0,1,1,1.0
407,1,821.0,298.0,67.0,126.0,1,1,1.0
408,1,831.0,298.0,57.0,126.0,1,1,1.0
409,1,844.0,297.0,44.0,127.0,1,1,1.0
410,1,854.0,296.0,39.0,129.0,1,1,1.0
411,1,860.0,296.0,46.0,129.0,1,1,1.0
412,1,861.0,297.0,52.0,129.0,1,1,1.0
413,1,861.0,298.0,66.0,128.0,1,1,1.0
414,1,862.0,299.0,74.0,127.0,1,1,1.0
415,1,865.0,299.0,76.0,128.0,1,1,1.0
416,1,872.0,298.0,73.0,129.0,1,1,1.0
417,1,882.0,297.0,67.0,130.0,1,1,1.0
418,1,893.0,297.0,53.0,131.0,1,1,1.0
419,1,902.0,295.0,44.0,132.0,1,1,1.0
420,1,909.0,294.0,41.0,133.0,1,1,1.0
421,1,913.0,296.0,50.0,132.0,1,1,1.0
422,1,914.0,296.0,60.0,133.0,1,1,1.0
423,1,914.0,297.0,70.0,132.0,1,1,1.0
424,1,917.0,298.0,72.0,132.0,1,1,1.0
425,1,920.0,298.0,70.0,132.0,1,1,1.0
426,1,927.0,298.0,64.0,132.0,1,1,1.0
427,1,937.0,297.0,55.0,132.0,1,1,1.0
428,1,949.0,296.0,42.0,134.0,1,1,1.0
429,1,957.0,296.0,38.0,135.0,1,1,1.0
430,1,963.0,296.0,42.0,137.0,1,1,1.0
431,1,965.0,298.0,49.0,137.0,1,1,1.0
432,1,969.0,298.0,56.0,138.0,1,1,1.0
433,1,969.0,300.0,66.0,135.0,1,1,1.0
434,1,972.0,301.0,73.0,136.0,1,1,1.0
435,1,978.0,300.0,72.0,137.0,1,1,1.0
436,1,987.0,300.0,64.0,137.0,1,1,1.0
437,1,998.0,299.0,54.0,138.0,1,1,1.0
438,1,1007.0,298.0,44.0,138.0,1,1,1.0
439,1,1014.0,298.0,42.0,138.0,1,1,1.0
440,1,1016.0,299.0,53.0,138.0,1,1,1.0
441,1,1017.0,301.0,66.0,137.0,1,1,1.0
442,1,1019.0,301.0,74.0,136.0,1,1,1.0
443,1,1020.0,302.0,77.0,136.0,1,1,1.0
444,1,1025.0,302.0,74.0,137.0,1,1,1.0
445,1,1032.0,302.0,67.0,137.0,1,1,1.0
446,1,1043.0,301.0,57.0,138.0,1,1,1.0
447,1,1056.0,300.0,43.0,139.0,1,1,1.0
448,1,1067.0,299.0,36.0,141.0,1,1,1.0
449,1,1072.0,299.0,42.0,143.0,1,1,1.0
450,1,1073.0,301.0,53.0,141.0,1,1,1.0
451,1,1074.0,303.0,63.0,142.0,1,1,1.0
452,1,1076.0,305.0,72.0,142.0,1,1,1.0
453,1,1079.0,305.0,76.0,143.0,1,1,1.0
454,1,1085.0,305.0,76.0,143.0,1,1,1.0
455,1,1094.0,305.0,72.0,143.0,1,1,1.0
456,1,1106.0,304.0,61.0,144.0,1,1,1.0
457,1,1116.0,303.0,49.0,145.0,1,1,1.0
458,1,1122.0,304.0,45.0,145.0,1,1,1.0
459,1,1125.0,305.0,54.0,145.0,1,1,1.0
460,1,1126.0,306.0,66.0,144.0,1,1,1.0
461,1,1128.0,308.0,74.0,143.0,1,1,1.0
462,1,1130.0,309.0,77.0,143.0,1,1,1.0
463,1,1134.0,309.0,75.0,143.0,1,1,1.0
464,1,1142.0,309.0,67.0,144.0,1,1,1.0
465,1,1153.0,308.0,57.0,145.0,1,1,1.0
466,1,1168.0,307.0,44.0,146.0,1,1,1.0
467,1,1178.0,307.0,42.0,147.0,1,1,1.0
468,1,1181.0,308.0,52.0,148.0,1,1,1.0
469,1,1182.0,309.0,63.0,150.0,1,1,1.0
470,1,1183.0,311.0,73.0,149.0,1,1,1.0
471,1,1185.0,312.0,80.0,148.0,1,1,1.0
472,1,1190.0,313.0,82.0,148.0,1,1,1.0
473,1,1198.0,314.0,79.0,148.0,1,1,1.0
474,1,1209.0,313.0,63.0,149.0,1,1,1.0
475,1,1223.0,312.0,50.0,150.0,1,1,1.0
476,1,1234.0,313.0,43.0,149.0,1,1,1.0
477,1,1236.0,313.0,50.0,151.0,1,1,1.0
478,1,1237.0,314.0,65.0,151.0,1,1,1.0
479,1,1238.0,315.0,77.0,152.0,1,1,1.0
480,1,1240.0,315.0,83.0,152.0,1,1,1.0
481,1,1242.0,316.0,85.0,154.0,1,1,1.0
482,1,1247.0,317.0,83.0,154.0,1,1,1.0
483,1,1258.0,317.0,73.0,154.0,1,1,1.0
484,1,1272.0,316.0,60.0,154.0,1,1,1.0
485,1,1289.0,316.0,47.0,155.0,1,1,1.0
486,1,1300.0,316.0,41.0,159.0,1,1,1.0
487,1,1301.0,317.0,62.0,161.0,1,1,1.0
488,1,1302.0,320.0,75.0,159.0,1,1,1.0
489,1,1304.0,322.0,86.0,160.0,1,1,1.0
490,1,1307.0,324.0,92.0,159.0,1,1,1.0
491,1,1314.0,325.0,93.0,159.0,1,1,1.0
492,1,1323.0,325.0,88.0,159.0,1,1,1.0
493,1,1336.0,325.0,74.0,160.0,1,1,1.0
494,1,1353.0,324.0,53.0,160.0,1,1,1.0
495,1,1362.0,324.0,47.0,161.0,1,1,1.0
496,1,1362.0,325.0,56.0,163.0,1,1,1.0
497,1,1364.0,327.0,71.0,162.0,1,1,1.0
498,1,1365.0,330.0,83.0,160.0,1,1,1.0
499,1,1366.0,332.0,88.0,161.0,1,1,1.0
500,1,1370.0,333.0,89.0,162.0,1,1,1.0
501,1,1378.0,334.0,84.0,162.0,1,1,1.0
502,1,1389.0,333.0,73.0,162.0,1,1,1.0
503,1,1404.0,333.0,59.0,163.0,1,1,1.0
504,1,1421.0,332.0,45.0,164.0,1,1,1.0
505,1,1427.0,333.0,57.0,169.0,1,1,1.0
506,1,1432.0,335.0,67.0,170.0,1,1,1.0
507,1,1432.0,337.0,80.0,170.0,1,1,1.0
508,1,1433.0,340.0,91.0,168.0,1,1,1.0
509,1,1435.0,342.0,94.0,168.0,1,1,1.0
510,1,1442.0,343.0,96.0,169.0,1,1,1.0
511,1,1452.0,344.0,92.0,169.0,1,1,1.0
512,1,1465.0,343.0,80.0,170.0,1,1,1.0
513,1,1480.0,343.0,60.0,170.0,1,1,1.0
514,1,1491.0,343.0,49.0,168.0,1,1,1.0
515,1,1494.0,344.0,54.0,170.0,1,1,1.0
516,1,1495.0,347.0,69.0,169.0,1,1,1.0
517,1,1496.0,349.0,79.0,169.0,1,1,1.0
518,1,1497.0,351.0,88.0,168.0,1,1,1.0
519,1,1500.0,352.0,92.0,169.0,1,1,1.0
520,1,1507.0,352.0,89.0,171.0,1,1,1.0
521,1,1518.0,352.0,79.0,171.0,1,1,1.0
522,1,1533.0,352.0,63.0,171.0,1,1,1.0
523,1,1550.0,351.0,48.0,172.0,1,1,1.0
524,1,1558.0,353.0,52.0,175.0,1,1,1.0
525,1,1562.0,354.0,63.0,176.0,1,1,1.0
526,1,1563.0,357.0,75.0,174.0,1,1,1.0
527,1,1563.0,360.0,88.0,176.0,1,1,1.0
528,1,1567.0,362.0,95.0,175.0,1,1,1.0
