1,1,1196.0,1035.0,77.0,44.0,1,1,1.0
2,1,1198.0,1023.0,77.0,56.0,1,1,1.0
3,1,1201.0,1013.0,75.0,66.0,1,1,1.0
4,1,1192.0,1003.0,83.0,75.0,1,1,1.0
5,1,1184.0,996.0,90.0,83.0,1,1,1.0
6,1,1176.0,991.0,104.0,88.0,1,1,1.0
7,2,1441.0,1034.0,68.0,45.0,1,1,1.0
7,1,1167.0,986.0,116.0,93.0,1,1,1.0
8,2,1440.0,1022.0,68.0,57.0,1,1,1.0
8,1,1159.0,980.0,124.0,99.0,1,1,1.0
9,1,1152.0,972.0,131.0,107.0,1,1,1.0
10,2,1428.0,992.0,85.0,86.0,1,1,1.0
10,1,1146.0,963.0,135.0,116.0,1,1,1.0
11,2,1408.0,980.0,107.0,97.0,1,1,1.0
11,1,1141.0,953.0,140.0,126.0,1,1,1.0
12,2,1393.0,971.0,120.0,107.0,1,1,1.0
12,1,1136.0,942.0,143.0,137.0,1,1,1.0
13,2,1383.0,964.0,125.0,114.0,1,1,1.0
13,1,1131.0,932.0,147.0,147.0,1,1,1.0
14,2,1375.0,958.0,125.0,120.0,1,1,1.0
14,1,1125.0,923.0,152.0,155.0,1,1,1.0
15,2,1365.0,952.0,125.0,126.0,1,1,1.0
15,1,1117.0,918.0,159.0,161.0,1,1,1.0
16,2,1356.0,944.0,126.0,134.0,1,1,1.0
16,1,1112.0,914.0,164.0,165.0,1,1,1.0
17,2,1346.0,934.0,131.0,144.0,1,1,1.0
17,1,1109.0,911.0,166.0,168.0,1,1,1.0
18,2,1335.0,922.0,138.0,156.0,1,1,1.0
18,1,1109.0,907.0,167.0,172.0,1,1,1.0
19,2,1325.0,911.0,145.0,168.0,1,1,1.0
19,1,1109.0,901.0,168.0,177.0,1,1,1.0
20,2,1313.0,901.0,153.0,177.0,1,1,1.0
20,1,1109.0,893.0,167.0,186.0,1,1,1.0
21,2,1302.0,894.0,158.0,184.0,1,1,1.0
21,1,1109.0,884.0,164.0,195.0,1,1,1.0
22,2,1295.0,889.0,160.0,189.0,1,1,1.0
22,1,1109.0,874.0,158.0,204.0,1,1,1.0
23,2,1291.0,886.0,163.0,192.0,1,1,1.0
23,1,1108.0,866.0,151.0,212.0,1,1,1.0
24,2,1289.0,881.0,163.0,197.0,1,1,1.0
24,1,1107.0,860.0,145.0,218.0,1,1,1.0
25,2,1287.0,874.0,165.0,204.0,1,1,1.0
25,1,1106.0,856.0,139.0,222.0,1,1,1.0
26,2,1284.0,866.0,165.0,212.0,1,1,1.0
26,1,1105.0,854.0,132.0,224.0,1,1,1.0
27,2,1279.0,857.0,160.0,221.0,1,1,1.0
27,1,1104.0,852.0,125.0,227.0,1,1,1.0
28,2,1274.0,848.0,152.0,231.0,1,1,1.0
28,1,1102.0,849.0,120.0,230.0,1,1,1.0
29,2,1267.0,839.0,143.0,239.0,1,1,1.0
29,1,1099.0,843.0,117.0,235.0,1,1,1.0
30,2,1260.0,833.0,135.0,245.0,1,1,1.0
30,1,1093.0,836.0,117.0,243.0,1,1,1.0
31,2,1252.0,829.0,131.0,250.0,1,1,1.0
31,1,1087.0,828.0,119.0,251.0,1,1,1.0
32,2,1246.0,825.0,128.0,253.0,1,1,1.0
32,1,1081.0,820.0,122.0,259.0,1,1,1.0
33,2,1241.0,823.0,124.0,256.0,1,1,1.0
33,1,1075.0,813.0,126.0,265.0,1,1,1.0
34,2,1235.0,819.0,123.0,259.0,1,1,1.0
34,1,1070.0,808.0,131.0,270.0,1,1,1.0
35,2,1229.0,814.0,121.0,264.0,1,1,1.0
35,1,1065.0,806.0,136.0,273.0,1,1,1.0
36,2,1222.0,807.0,123.0,271.0,1,1,1.0
36,1,1060.0,804.0,140.0,274.0,1,1,1.0
37,2,1215.0,800.0,126.0,278.0,1,1,1.0
37,1,1057.0,803.0,143.0,275.0,1,1,1.0
38,2,1208.0,793.0,128.0,285.0,1,1,1.0
38,1,1055.0,799.0,144.0,279.0,1,1,1.0
39,2,1204.0,788.0,130.0,290.0,1,1,1.0
39,1,1053.0,794.0,142.0,284.0,1,1,1.0
40,2,1201.0,785.0,132.0,293.0,1,1,1.0
40,1,1052.0,788.0,139.0,290.0,1,1,1.0
41,2,1199.0,783.0,137.0,295.0,1,1,1.0
41,1,1050.0,782.0,133.0,297.0,1,1,1.0
42,2,1197.0,781.0,140.0,297.0,1,1,1.0
42,1,1049.0,776.0,126.0,303.0,1,1,1.0
43,2,1195.0,778.0,140.0,300.0,1,1,1.0
43,1,1048.0,771.0,119.0,307.0,1,1,1.0
44,2,1194.0,773.0,136.0,305.0,1,1,1.0
44,1,1048.0,768.0,112.0,310.0,1,1,1.0
45,2,1192.0,768.0,131.0,310.0,1,1,1.0
45,1,1048.0,767.0,106.0,311.0,1,1,1.0
46,2,1190.0,762.0,123.0,316.0,1,1,1.0
46,1,1047.0,766.0,100.0,311.0,1,1,1.0
47,2,1186.0,755.0,114.0,321.0,1,1,1.0
47,1,1046.0,765.0,96.0,312.0,1,1,1.0
48,2,1181.0,751.0,109.0,322.0,1,1,1.0
48,1,1043.0,763.0,94.0,315.0,1,1,1.0
49,2,1176.0,747.0,107.0,324.0,1,1,1.0
49,1,1038.0,759.0,94.0,314.0,1,1,1.0
50,2,1170.0,746.0,106.0,325.0,1,1,1.0
50,1,1033.0,753.0,97.0,309.0,1,1,1.0
51,2,1166.0,745.0,105.0,324.0,1,1,1.0
51,1,1026.0,748.0,101.0,302.0,1,1,1.0
52,2,1163.0,743.0,101.0,324.0,1,1,1.0
52,1,1020.0,742.0,105.0,296.0,1,1,1.0
53,2,1159.0,740.0,99.0,321.0,1,1,1.0
53,1,1015.0,738.0,111.0,296.0,1,1,1.0
54,2,1155.0,736.0,103.0,317.0,1,1,1.0
54,1,1011.0,736.0,116.0,297.0,1,1,1.0
55,2,1151.0,731.0,107.0,310.0,1,1,1.0
55,1,1007.0,735.0,120.0,297.0,1,1,1.0
56,2,1147.0,725.0,109.0,302.0,1,1,1.0
56,1,1005.0,735.0,121.0,297.0,1,1,1.0
57,2,1143.0,721.0,106.0,299.0,1,1,1.0
57,1,1004.0,734.0,122.0,294.0,1,1,1.0
58,2,1140.0,719.0,105.0,299.0,1,1,1.0
58,1,1003.0,732.0,121.0,293.0,1,1,1.0
59,2,1138.0,718.0,109.0,299.0,1,1,1.0
59,1,1001.0,728.0,118.0,293.0,1,1,1.0
60,2,1136.0,717.0,114.0,299.0,1,1,1.0
60,1,1000.0,723.0,115.0,290.0,1,1,1.0
61,2,1135.0,716.0,117.0,298.0,1,1,1.0
61,1,999.0,718.0,110.0,283.0,1,1,1.0
62,2,1134.0,713.0,116.0,298.0,1,1,1.0
62,1,998.0,713.0,104.0,277.0,1,1,1.0
63,2,1134.0,710.0,112.0,295.0,1,1,1.0
63,1,998.0,711.0,98.0,274.0,1,1,1.0
64,2,1132.0,705.0,107.0,289.0,1,1,1.0
64,1,999.0,710.0,94.0,274.0,1,1,1.0
65,2,1130.0,700.0,101.0,280.0,1,1,1.0
65,1,999.0,709.0,88.0,274.0,1,1,1.0
66,2,1127.0,696.0,94.0,276.0,1,1,1.0
66,1,999.0,709.0,84.0,272.0,1,1,1.0
67,2,1123.0,693.0,91.0,276.0,1,1,1.0
67,1,997.0,707.0,82.0,272.0,1,1,1.0
68,2,1118.0,691.0,90.0,276.0,1,1,1.0
68,1,994.0,705.0,81.0,270.0,1,1,1.0
69,2,1114.0,691.0,89.0,277.0,1,1,1.0
69,1,989.0,701.0,82.0,269.0,1,1,1.0
70,2,1111.0,690.0,86.0,276.0,1,1,1.0
70,1,985.0,696.0,85.0,263.0,1,1,1.0
71,2,1108.0,689.0,84.0,274.0,1,1,1.0
71,1,980.0,692.0,88.0,258.0,1,1,1.0
72,2,1104.0,685.0,84.0,270.0,1,1,1.0
72,1,977.0,688.0,92.0,255.0,1,1,1.0
73,2,1100.0,681.0,84.0,261.0,1,1,1.0
73,1,973.0,686.0,96.0,254.0,1,1,1.0
74,2,1096.0,677.0,86.0,258.0,1,1,1.0
74,1,972.0,686.0,99.0,255.0,1,1,1.0
75,2,1092.0,673.0,87.0,257.0,1,1,1.0
75,1,971.0,686.0,100.0,255.0,1,1,1.0
76,2,1088.0,671.0,88.0,258.0,1,1,1.0
76,1,971.0,685.0,100.0,254.0,1,1,1.0
77,2,1085.0,670.0,92.0,259.0,1,1,1.0
77,1,972.0,684.0,98.0,253.0,1,1,1.0
78,2,1084.0,670.0,96.0,259.0,1,1,1.0
78,1,973.0,681.0,96.0,253.0,1,1,1.0
79,2,1083.0,669.0,98.0,259.0,1,1,1.0
79,1,973.0,678.0,94.0,250.0,1,1,1.0
80,2,1083.0,668.0,99.0,257.0,1,1,1.0
80,1,973.0,673.0,92.0,247.0,1,1,1.0
81,2,1083.0,667.0,97.0,256.0,1,1,1.0
81,1,972.0,669.0,88.0,241.0,1,1,1.0
82,2,1082.0,664.0,93.0,253.0,1,1,1.0
82,1,972.0,667.0,85.0,239.0,1,1,1.0
83,2,1081.0,660.0,89.0,248.0,1,1,1.0
83,1,971.0,665.0,83.0,238.0,1,1,1.0
84,2,1079.0,656.0,84.0,243.0,1,1,1.0
84,1,971.0,665.0,79.0,237.0,1,1,1.0
85,2,1076.0,654.0,79.0,241.0,1,1,1.0
85,1,970.0,665.0,76.0,237.0,1,1,1.0
86,2,1073.0,652.0,78.0,240.0,1,1,1.0
86,1,969.0,665.0,73.0,236.0,1,1,1.0
87,2,1069.0,652.0,78.0,240.0,1,1,1.0
87,1,967.0,663.0,74.0,234.0,1,1,1.0
88,2,1053.0,651.0,90.0,240.0,1,1,1.0
88,1,963.0,660.0,75.0,233.0,1,1,1.0
89,2,1059.0,651.0,80.0,239.0,1,1,1.0
89,1,961.0,655.0,77.0,230.0,1,1,1.0
90,2,1060.0,649.0,76.0,239.0,1,1,1.0
90,1,959.0,652.0,79.0,227.0,1,1,1.0
91,2,1059.0,647.0,74.0,237.0,1,1,1.0
91,1,957.0,649.0,81.0,225.0,1,1,1.0
92,2,1057.0,644.0,74.0,233.0,1,1,1.0
92,1,956.0,647.0,84.0,224.0,1,1,1.0
93,2,1055.0,641.0,75.0,228.0,1,1,1.0
93,1,955.0,647.0,87.0,224.0,1,1,1.0
94,2,1053.0,638.0,74.0,225.0,1,1,1.0
94,1,955.0,648.0,88.0,223.0,1,1,1.0
95,2,1053.0,636.0,75.0,225.0,1,1,1.0
95,1,955.0,648.0,87.0,222.0,1,1,1.0
96,2,1052.0,635.0,80.0,226.0,1,1,1.0
96,1,957.0,646.0,86.0,221.0,1,1,1.0
97,2,1051.0,635.0,83.0,225.0,1,1,1.0
97,1,959.0,644.0,85.0,220.0,1,1,1.0
98,2,1051.0,635.0,84.0,225.0,1,1,1.0
98,1,960.0,641.0,83.0,217.0,1,1,1.0
99,2,1050.0,634.0,83.0,225.0,1,1,1.0
99,1,960.0,638.0,82.0,213.0,1,1,1.0
100,2,1050.0,633.0,81.0,224.0,1,1,1.0
100,1,960.0,635.0,79.0,210.0,1,1,1.0
101,2,1050.0,631.0,79.0,220.0,1,1,1.0
101,1,960.0,633.0,76.0,208.0,1,1,1.0
102,2,1049.0,628.0,75.0,212.0,1,1,1.0
102,1,959.0,632.0,73.0,208.0,1,1,1.0
103,2,1047.0,625.0,71.0,212.0,1,1,1.0
103,1,959.0,632.0,71.0,207.0,1,1,1.0
104,2,1045.0,623.0,68.0,212.0,1,1,1.0
104,1,959.0,633.0,69.0,206.0,1,1,1.0
105,2,1043.0,621.0,68.0,212.0,1,1,1.0
105,1,957.0,632.0,68.0,206.0,1,1,1.0
106,2,1040.0,621.0,69.0,213.0,1,1,1.0
106,1,955.0,630.0,68.0,206.0,1,1,1.0
107,2,1038.0,620.0,69.0,213.0,1,1,1.0
107,1,953.0,627.0,68.0,205.0,1,1,1.0
108,2,1036.0,620.0,69.0,213.0,1,1,1.0
108,1,951.0,625.0,70.0,199.0,1,1,1.0
109,2,1034.0,619.0,68.0,211.0,1,1,1.0
109,1,949.0,622.0,71.0,198.0,1,1,1.0
110,2,1032.0,617.0,68.0,207.0,1,1,1.0
110,1,949.0,619.0,73.0,197.0,1,1,1.0
111,2,1032.0,615.0,67.0,205.0,1,1,1.0
111,1,949.0,618.0,74.0,198.0,1,1,1.0
112,2,1032.0,612.0,67.0,203.0,1,1,1.0
112,1,949.0,618.0,75.0,199.0,1,1,1.0
113,2,1032.0,611.0,67.0,202.0,1,1,1.0
113,1,949.0,618.0,75.0,198.0,1,1,1.0
114,2,1033.0,610.0,68.0,203.0,1,1,1.0
114,1,950.0,618.0,74.0,197.0,1,1,1.0
115,2,1032.0,610.0,72.0,203.0,1,1,1.0
115,1,951.0,617.0,72.0,196.0,1,1,1.0
116,2,1031.0,610.0,74.0,203.0,1,1,1.0
116,1,952.0,615.0,71.0,195.0,1,1,1.0
117,2,1031.0,609.0,73.0,202.0,1,1,1.0
117,1,953.0,613.0,70.0,194.0,1,1,1.0
118,2,1031.0,608.0,72.0,201.0,1,1,1.0
118,1,952.0,610.0,70.0,192.0,1,1,1.0
119,2,1030.0,606.0,71.0,199.0,1,1,1.0
119,1,952.0,607.0,70.0,188.0,1,1,1.0
120,2,1030.0,604.0,69.0,197.0,1,1,1.0
120,1,951.0,605.0,68.0,186.0,1,1,1.0
121,2,1029.0,602.0,66.0,194.0,1,1,1.0
121,1,950.0,604.0,67.0,187.0,1,1,1.0
122,2,1027.0,600.0,63.0,194.0,1,1,1.0
122,1,949.0,604.0,66.0,187.0,1,1,1.0
123,2,1025.0,599.0,62.0,194.0,1,1,1.0
123,1,949.0,605.0,64.0,186.0,1,1,1.0
124,2,1023.0,599.0,63.0,193.0,1,1,1.0
124,1,949.0,605.0,62.0,185.0,1,1,1.0
125,2,1021.0,600.0,62.0,192.0,1,1,1.0
125,1,948.0,605.0,61.0,184.0,1,1,1.0
126,2,1020.0,600.0,60.0,191.0,1,1,1.0
126,1,947.0,603.0,60.0,183.0,1,1,1.0
127,2,1020.0,599.0,59.0,191.0,1,1,1.0
127,1,946.0,600.0,61.0,182.0,1,1,1.0
128,2,1017.0,598.0,60.0,190.0,1,1,1.0
128,1,944.0,598.0,62.0,179.0,1,1,1.0
129,2,1018.0,596.0,59.0,187.0,1,1,1.0
129,1,943.0,596.0,64.0,178.0,1,1,1.0
130,2,1016.0,594.0,60.0,185.0,1,1,1.0
130,1,943.0,595.0,66.0,176.0,1,1,1.0
131,2,1017.0,592.0,58.0,183.0,1,1,1.0
131,1,942.0,594.0,67.0,175.0,1,1,1.0
132,2,1016.0,590.0,59.0,183.0,1,1,1.0
132,1,942.0,595.0,68.0,175.0,1,1,1.0
133,2,1016.0,590.0,61.0,182.0,1,1,1.0
133,1,943.0,596.0,67.0,175.0,1,1,1.0
134,2,1016.0,590.0,63.0,182.0,1,1,1.0
134,1,944.0,596.0,65.0,174.0,1,1,1.0
135,2,1016.0,591.0,64.0,182.0,1,1,1.0
135,1,946.0,595.0,64.0,173.0,1,1,1.0
136,2,1016.0,591.0,64.0,181.0,1,1,1.0
136,1,947.0,593.0,63.0,170.0,1,1,1.0
137,2,1017.0,591.0,64.0,180.0,1,1,1.0
137,1,947.0,590.0,63.0,169.0,1,1,1.0
138,2,1017.0,590.0,63.0,177.0,1,1,1.0
138,1,947.0,589.0,62.0,167.0,1,1,1.0
139,2,1016.0,588.0,62.0,171.0,1,1,1.0
139,1,946.0,587.0,61.0,167.0,1,1,1.0
140,2,1016.0,584.0,58.0,173.0,1,1,1.0
140,1,946.0,586.0,60.0,167.0,1,1,1.0
141,2,1014.0,583.0,56.0,173.0,1,1,1.0
141,1,945.0,587.0,59.0,166.0,1,1,1.0
142,2,1013.0,582.0,55.0,174.0,1,1,1.0
142,1,945.0,586.0,57.0,166.0,1,1,1.0
143,2,1012.0,582.0,54.0,174.0,1,1,1.0
143,1,945.0,586.0,55.0,165.0,1,1,1.0
144,2,1010.0,582.0,54.0,173.0,1,1,1.0
144,1,943.0,586.0,55.0,164.0,1,1,1.0
145,2,1007.0,583.0,55.0,173.0,1,1,1.0
145,1,941.0,585.0,55.0,163.0,1,1,1.0
146,2,1006.0,583.0,55.0,172.0,1,1,1.0
146,1,940.0,583.0,56.0,162.0,1,1,1.0
147,2,1007.0,582.0,53.0,171.0,1,1,1.0
147,1,938.0,580.0,57.0,161.0,1,1,1.0
148,2,1006.0,580.0,53.0,168.0,1,1,1.0
148,1,936.0,578.0,59.0,160.0,1,1,1.0
149,2,1005.0,578.0,54.0,167.0,1,1,1.0
149,1,936.0,577.0,59.0,160.0,1,1,1.0
150,2,1004.0,576.0,54.0,166.0,1,1,1.0
150,1,936.0,577.0,60.0,159.0,1,1,1.0
151,2,1005.0,575.0,54.0,166.0,1,1,1.0
151,1,935.0,577.0,60.0,159.0,1,1,1.0
152,2,1005.0,575.0,55.0,166.0,1,1,1.0
152,1,935.0,578.0,61.0,158.0,1,1,1.0
153,2,1005.0,575.0,57.0,166.0,1,1,1.0
153,1,936.0,579.0,60.0,157.0,1,1,1.0
154,2,1005.0,576.0,57.0,165.0,1,1,1.0
154,1,936.0,578.0,60.0,156.0,1,1,1.0
155,2,1006.0,576.0,58.0,164.0,1,1,1.0
155,1,936.0,577.0,60.0,154.0,1,1,1.0
156,2,1006.0,576.0,58.0,163.0,1,1,1.0
156,1,936.0,575.0,58.0,153.0,1,1,1.0
157,2,1006.0,574.0,57.0,158.0,1,1,1.0
157,1,936.0,573.0,57.0,152.0,1,1,1.0
158,2,1006.0,573.0,54.0,158.0,1,1,1.0
158,1,935.0,571.0,55.0,151.0,1,1,1.0
159,2,1006.0,571.0,52.0,157.0,1,1,1.0
159,1,934.0,571.0,54.0,150.0,1,1,1.0
160,2,1005.0,570.0,50.0,157.0,1,1,1.0
160,1,933.0,571.0,53.0,150.0,1,1,1.0
161,2,1005.0,570.0,49.0,158.0,1,1,1.0
161,1,932.0,572.0,51.0,149.0,1,1,1.0
162,2,1004.0,570.0,49.0,157.0,1,1,1.0
162,1,932.0,573.0,49.0,148.0,1,1,1.0
163,2,1004.0,570.0,47.0,156.0,1,1,1.0
163,1,931.0,573.0,48.0,147.0,1,1,1.0
164,2,1003.0,571.0,47.0,156.0,1,1,1.0
164,1,929.0,572.0,48.0,147.0,1,1,1.0
165,2,1002.0,570.0,47.0,155.0,1,1,1.0
165,1,928.0,571.0,48.0,146.0,1,1,1.0
166,2,1001.0,569.0,47.0,153.0,1,1,1.0
166,1,926.0,569.0,49.0,145.0,1,1,1.0
167,2,1000.0,567.0,48.0,152.0,1,1,1.0
167,1,924.0,566.0,50.0,145.0,1,1,1.0
168,2,999.0,566.0,48.0,151.0,1,1,1.0
168,1,923.0,566.0,51.0,145.0,1,1,1.0
169,2,999.0,564.0,48.0,150.0,1,1,1.0
169,1,922.0,565.0,53.0,144.0,1,1,1.0
170,2,999.0,564.0,49.0,151.0,1,1,1.0
170,1,921.0,566.0,55.0,144.0,1,1,1.0
171,2,999.0,564.0,50.0,151.0,1,1,1.0
171,1,920.0,567.0,55.0,143.0,1,1,1.0
172,2,999.0,564.0,50.0,150.0,1,1,1.0
172,1,920.0,567.0,55.0,142.0,1,1,1.0
173,2,1000.0,565.0,50.0,149.0,1,1,1.0
173,1,920.0,567.0,55.0,142.0,1,1,1.0
174,2,1000.0,565.0,50.0,149.0,1,1,1.0
174,1,921.0,566.0,55.0,141.0,1,1,1.0
175,2,1000.0,564.0,50.0,147.0,1,1,1.0
175,1,920.0,564.0,55.0,140.0,1,1,1.0
176,2,999.0,563.0,50.0,146.0,1,1,1.0
176,1,920.0,562.0,54.0,139.0,1,1,1.0
177,2,999.0,561.0,49.0,145.0,1,1,1.0
177,1,920.0,561.0,52.0,138.0,1,1,1.0
178,2,998.0,560.0,48.0,145.0,1,1,1.0
178,1,919.0,561.0,51.0,138.0,1,1,1.0
179,2,996.0,559.0,48.0,145.0,1,1,1.0
179,1,920.0,561.0,49.0,137.0,1,1,1.0
180,2,995.0,559.0,48.0,144.0,1,1,1.0
180,1,920.0,562.0,47.0,137.0,1,1,1.0
181,2,994.0,559.0,46.0,143.0,1,1,1.0
181,1,920.0,562.0,45.0,136.0,1,1,1.0
182,2,994.0,560.0,44.0,142.0,1,1,1.0
182,1,919.0,562.0,44.0,136.0,1,1,1.0
183,2,994.0,560.0,42.0,142.0,1,1,1.0
183,1,918.0,561.0,44.0,136.0,1,1,1.0
184,2,993.0,560.0,42.0,141.0,1,1,1.0
184,1,916.0,560.0,45.0,135.0,1,1,1.0
185,2,991.0,559.0,43.0,140.0,1,1,1.0
185,1,916.0,558.0,46.0,134.0,1,1,1.0
186,2,988.0,557.0,45.0,139.0,1,1,1.0
186,1,915.0,556.0,47.0,133.0,1,1,1.0
187,2,987.0,555.0,45.0,138.0,1,1,1.0
187,1,915.0,555.0,48.0,133.0,1,1,1.0
188,2,987.0,553.0,45.0,143.0,1,1,1.0
188,1,915.0,555.0,49.0,133.0,1,1,1.0
189,2,986.0,553.0,45.0,145.0,1,1,1.0
189,1,916.0,556.0,49.0,132.0,1,1,1.0
190,2,986.0,553.0,46.0,147.0,1,1,1.0
190,1,916.0,556.0,49.0,131.0,1,1,1.0
191,2,985.0,553.0,48.0,146.0,1,1,1.0
191,1,917.0,557.0,49.0,130.0,1,1,1.0
192,2,985.0,554.0,50.0,145.0,1,1,1.0
192,1,918.0,556.0,48.0,130.0,1,1,1.0
193,2,984.0,554.0,51.0,139.0,1,1,1.0
193,1,918.0,555.0,48.0,129.0,1,1,1.0
194,2,982.0,553.0,52.0,136.0,1,1,1.0
194,1,918.0,553.0,47.0,128.0,1,1,1.0
195,2,981.0,553.0,51.0,134.0,1,1,1.0
195,1,918.0,552.0,47.0,128.0,1,1,1.0
196,2,980.0,551.0,49.0,133.0,1,1,1.0
196,1,918.0,551.0,46.0,127.0,1,1,1.0
197,2,979.0,550.0,47.0,132.0,1,1,1.0
197,1,918.0,551.0,45.0,126.0,1,1,1.0
198,2,977.0,549.0,45.0,132.0,1,1,1.0
198,1,918.0,551.0,44.0,126.0,1,1,1.0
199,2,975.0,548.0,45.0,133.0,1,1,1.0
199,1,918.0,551.0,43.0,125.0,1,1,1.0
200,2,975.0,548.0,43.0,133.0,1,1,1.0
200,1,918.0,552.0,42.0,125.0,1,1,1.0
201,2,974.0,548.0,42.0,132.0,1,1,1.0
201,1,917.0,551.0,41.0,125.0,1,1,1.0
202,2,973.0,548.0,42.0,132.0,1,1,1.0
202,1,917.0,551.0,41.0,125.0,1,1,1.0
203,2,973.0,548.0,41.0,131.0,1,1,1.0
203,1,916.0,550.0,42.0,125.0,1,1,1.0
204,2,972.0,547.0,41.0,130.0,1,1,1.0
204,1,915.0,549.0,42.0,124.0,1,1,1.0
205,2,970.0,546.0,43.0,129.0,1,1,1.0
205,1,915.0,547.0,43.0,123.0,1,1,1.0
206,2,969.0,545.0,43.0,128.0,1,1,1.0
206,1,914.0,546.0,44.0,123.0,1,1,1.0
207,2,969.0,544.0,43.0,127.0,1,1,1.0
207,1,914.0,546.0,45.0,122.0,1,1,1.0
208,2,969.0,544.0,43.0,128.0,1,1,1.0
208,1,914.0,547.0,45.0,121.0,1,1,1.0
209,2,969.0,544.0,43.0,128.0,1,1,1.0
209,1,914.0,547.0,45.0,121.0,1,1,1.0
210,2,967.0,544.0,48.0,127.0,1,1,1.0
210,1,915.0,548.0,45.0,121.0,1,1,1.0
211,2,967.0,545.0,50.0,126.0,1,1,1.0
211,1,915.0,548.0,46.0,120.0,1,1,1.0
212,2,967.0,545.0,51.0,126.0,1,1,1.0
212,1,916.0,547.0,46.0,120.0,1,1,1.0
213,2,966.0,544.0,52.0,125.0,1,1,1.0
213,1,916.0,546.0,45.0,119.0,1,1,1.0
214,2,967.0,543.0,46.0,124.0,1,1,1.0
214,1,916.0,544.0,44.0,119.0,1,1,1.0
215,2,967.0,542.0,43.0,123.0,1,1,1.0
215,1,916.0,542.0,44.0,119.0,1,1,1.0
216,2,967.0,541.0,41.0,123.0,1,1,1.0
216,1,915.0,542.0,43.0,119.0,1,1,1.0
217,2,968.0,540.0,39.0,123.0,1,1,1.0
217,1,915.0,542.0,42.0,118.0,1,1,1.0
218,2,967.0,540.0,39.0,122.0,1,1,1.0
218,1,915.0,542.0,41.0,118.0,1,1,1.0
219,2,966.0,540.0,39.0,122.0,1,1,1.0
219,1,914.0,543.0,40.0,117.0,1,1,1.0
220,2,965.0,541.0,39.0,122.0,1,1,1.0
220,1,914.0,543.0,39.0,116.0,1,1,1.0
221,2,961.0,541.0,41.0,121.0,1,1,1.0
221,1,912.0,542.0,39.0,116.0,1,1,1.0
222,2,960.0,540.0,41.0,121.0,1,1,1.0
222,1,909.0,542.0,42.0,116.0,1,1,1.0
223,2,959.0,539.0,41.0,120.0,1,1,1.0
223,1,909.0,540.0,42.0,116.0,1,1,1.0
224,2,959.0,538.0,41.0,120.0,1,1,1.0
224,1,908.0,539.0,43.0,115.0,1,1,1.0
225,2,958.0,537.0,40.0,119.0,1,1,1.0
225,1,907.0,538.0,44.0,114.0,1,1,1.0
226,2,958.0,536.0,40.0,119.0,1,1,1.0
226,1,906.0,538.0,45.0,114.0,1,1,1.0
227,2,958.0,536.0,40.0,120.0,1,1,1.0
227,1,906.0,538.0,45.0,113.0,1,1,1.0
228,2,958.0,536.0,40.0,120.0,1,1,1.0
228,1,905.0,539.0,46.0,113.0,1,1,1.0
229,2,958.0,536.0,39.0,119.0,1,1,1.0
229,1,904.0,539.0,46.0,113.0,1,1,1.0
230,2,958.0,537.0,40.0,119.0,1,1,1.0
230,1,904.0,539.0,46.0,113.0,1,1,1.0
231,2,958.0,537.0,40.0,118.0,1,1,1.0
231,1,905.0,539.0,45.0,112.0,1,1,1.0
232,2,958.0,537.0,40.0,116.0,1,1,1.0
232,1,907.0,538.0,43.0,111.0,1,1,1.0
233,2,958.0,536.0,39.0,115.0,1,1,1.0
233,1,908.0,537.0,42.0,111.0,1,1,1.0
234,2,958.0,534.0,39.0,115.0,1,1,1.0
234,1,908.0,536.0,41.0,111.0,1,1,1.0
235,2,958.0,534.0,38.0,115.0,1,1,1.0
235,1,908.0,535.0,42.0,110.0,1,1,1.0
236,2,958.0,533.0,36.0,115.0,1,1,1.0
236,1,908.0,535.0,41.0,109.0,1,1,1.0
237,2,958.0,533.0,36.0,115.0,1,1,1.0
237,1,907.0,536.0,40.0,109.0,1,1,1.0
238,2,958.0,534.0,36.0,114.0,1,1,1.0
238,1,907.0,536.0,39.0,108.0,1,1,1.0
239,2,956.0,534.0,36.0,114.0,1,1,1.0
239,1,906.0,536.0,38.0,109.0,1,1,1.0
240,2,956.0,534.0,36.0,114.0,1,1,1.0
240,1,905.0,536.0,38.0,109.0,1,1,1.0
241,2,955.0,534.0,36.0,113.0,1,1,1.0
241,1,903.0,535.0,39.0,108.0,1,1,1.0
242,2,955.0,533.0,35.0,113.0,1,1,1.0
242,1,903.0,534.0,39.0,107.0,1,1,1.0
243,2,955.0,531.0,35.0,113.0,1,1,1.0
243,1,902.0,532.0,39.0,108.0,1,1,1.0
244,2,954.0,530.0,36.0,112.0,1,1,1.0
244,1,902.0,531.0,39.0,108.0,1,1,1.0
245,2,954.0,530.0,35.0,111.0,1,1,1.0
245,1,902.0,530.0,39.0,108.0,1,1,1.0
246,2,953.0,530.0,36.0,112.0,1,1,1.0
246,1,902.0,530.0,40.0,107.0,1,1,1.0
247,2,953.0,530.0,38.0,112.0,1,1,1.0
247,1,902.0,531.0,40.0,106.0,1,1,1.0
248,2,953.0,530.0,39.0,111.0,1,1,1.0
248,1,902.0,532.0,39.0,106.0,1,1,1.0
249,2,953.0,530.0,39.0,111.0,1,1,1.0
249,1,902.0,532.0,39.0,106.0,1,1,1.0
250,2,953.0,530.0,39.0,110.0,1,1,1.0
250,1,903.0,532.0,38.0,106.0,1,1,1.0
251,2,954.0,530.0,38.0,109.0,1,1,1.0
251,1,903.0,531.0,38.0,105.0,1,1,1.0
252,2,953.0,530.0,38.0,107.0,1,1,1.0
252,1,902.0,530.0,38.0,105.0,1,1,1.0
253,2,953.0,529.0,35.0,107.0,1,1,1.0
253,1,902.0,528.0,38.0,105.0,1,1,1.0
254,2,953.0,528.0,34.0,107.0,1,1,1.0
254,1,901.0,528.0,38.0,104.0,1,1,1.0
255,2,952.0,527.0,33.0,107.0,1,1,1.0
255,1,900.0,528.0,37.0,103.0,1,1,1.0
256,2,951.0,527.0,33.0,107.0,1,1,1.0
256,1,898.0,529.0,37.0,101.0,1,1,1.0
257,2,949.0,527.0,35.0,107.0,1,1,1.0
257,1,898.0,529.0,37.0,101.0,1,1,1.0
258,2,948.0,528.0,35.0,106.0,1,1,1.0
258,1,897.0,530.0,36.0,101.0,1,1,1.0
259,2,948.0,528.0,34.0,106.0,1,1,1.0
259,1,896.0,529.0,36.0,102.0,1,1,1.0
260,2,949.0,527.0,31.0,106.0,1,1,1.0
260,1,895.0,529.0,35.0,102.0,1,1,1.0
261,2,949.0,526.0,31.0,106.0,1,1,1.0
261,1,894.0,528.0,35.0,101.0,1,1,1.0
262,2,947.0,526.0,32.0,105.0,1,1,1.0
262,1,893.0,526.0,36.0,101.0,1,1,1.0
263,2,946.0,525.0,32.0,105.0,1,1,1.0
263,1,892.0,525.0,37.0,101.0,1,1,1.0
264,2,945.0,524.0,33.0,104.0,1,1,1.0
264,1,891.0,525.0,38.0,100.0,1,1,1.0
265,2,945.0,524.0,34.0,104.0,1,1,1.0
265,1,891.0,525.0,39.0,100.0,1,1,1.0
266,2,944.0,524.0,35.0,104.0,1,1,1.0
266,1,890.0,526.0,40.0,99.0,1,1,1.0
267,2,944.0,524.0,36.0,104.0,1,1,1.0
267,1,890.0,526.0,40.0,99.0,1,1,1.0
268,2,944.0,525.0,36.0,103.0,1,1,1.0
268,1,890.0,527.0,40.0,99.0,1,1,1.0
269,2,944.0,525.0,35.0,103.0,1,1,1.0
269,1,890.0,526.0,40.0,99.0,1,1,1.0
270,2,944.0,525.0,36.0,102.0,1,1,1.0
270,1,891.0,525.0,39.0,99.0,1,1,1.0
271,2,944.0,524.0,36.0,101.0,1,1,1.0
271,1,891.0,524.0,38.0,99.0,1,1,1.0
272,2,944.0,523.0,34.0,101.0,1,1,1.0
272,1,891.0,523.0,37.0,98.0,1,1,1.0
273,2,944.0,522.0,33.0,101.0,1,1,1.0
273,1,891.0,523.0,36.0,98.0,1,1,1.0
274,2,944.0,522.0,33.0,101.0,1,1,1.0
274,1,890.0,523.0,35.0,97.0,1,1,1.0
275,2,943.0,521.0,32.0,101.0,1,1,1.0
275,1,890.0,523.0,34.0,96.0,1,1,1.0
276,2,942.0,522.0,31.0,101.0,1,1,1.0
276,1,889.0,523.0,34.0,96.0,1,1,1.0
277,2,942.0,522.0,30.0,100.0,1,1,1.0
277,1,889.0,524.0,33.0,95.0,1,1,1.0
278,2,941.0,523.0,30.0,100.0,1,1,1.0
278,1,888.0,524.0,33.0,95.0,1,1,1.0
279,2,940.0,523.0,30.0,99.0,1,1,1.0
279,1,887.0,524.0,33.0,95.0,1,1,1.0
280,2,939.0,523.0,30.0,98.0,1,1,1.0
280,1,886.0,524.0,34.0,95.0,1,1,1.0
281,2,938.0,522.0,30.0,98.0,1,1,1.0
281,1,885.0,522.0,34.0,95.0,1,1,1.0
282,2,936.0,520.0,30.0,98.0,1,1,1.0
282,1,884.0,521.0,35.0,95.0,1,1,1.0
283,2,935.0,519.0,31.0,98.0,1,1,1.0
283,1,884.0,521.0,36.0,95.0,1,1,1.0
284,2,933.0,519.0,32.0,98.0,1,1,1.0
284,1,884.0,520.0,36.0,94.0,1,1,1.0
285,2,932.0,519.0,33.0,98.0,1,1,1.0
285,1,884.0,521.0,36.0,93.0,1,1,1.0
286,2,931.0,519.0,33.0,98.0,1,1,1.0
286,1,885.0,521.0,35.0,92.0,1,1,1.0
287,2,930.0,519.0,34.0,98.0,1,1,1.0
287,1,887.0,522.0,34.0,91.0,1,1,1.0
288,2,929.0,520.0,34.0,97.0,1,1,1.0
288,1,888.0,522.0,33.0,92.0,1,1,1.0
289,2,928.0,520.0,34.0,97.0,1,1,1.0
289,1,889.0,522.0,32.0,92.0,1,1,1.0
290,2,928.0,520.0,33.0,96.0,1,1,1.0
290,1,890.0,522.0,32.0,93.0,1,1,1.0
291,2,927.0,520.0,31.0,96.0,1,1,1.0
291,1,891.0,521.0,32.0,93.0,1,1,1.0
292,2,927.0,520.0,30.0,95.0,1,1,1.0
292,1,891.0,520.0,32.0,93.0,1,1,1.0
293,2,926.0,520.0,30.0,95.0,1,1,1.0
293,1,892.0,519.0,31.0,94.0,1,1,1.0
294,2,925.0,519.0,30.0,94.0,1,1,1.0
294,1,893.0,519.0,30.0,94.0,1,1,1.0
295,2,924.0,519.0,30.0,94.0,1,1,1.0
295,1,894.0,518.0,29.0,94.0,1,1,1.0
296,2,923.0,518.0,30.0,94.0,1,1,1.0
296,1,894.0,518.0,29.0,93.0,1,1,1.0
297,2,921.0,518.0,30.0,94.0,1,1,1.0
297,1,894.0,519.0,30.0,93.0,1,1,1.0
298,2,920.0,517.0,31.0,95.0,1,1,1.0
298,1,894.0,519.0,30.0,92.0,1,1,1.0
299,2,919.0,517.0,31.0,95.0,1,1,1.0
299,1,895.0,519.0,29.0,91.0,1,1,1.0
300,2,918.0,517.0,31.0,95.0,1,1,1.0
300,1,896.0,520.0,28.0,91.0,1,1,1.0
301,2,917.0,518.0,31.0,94.0,1,1,1.0
301,1,897.0,519.0,27.0,92.0,1,1,1.0
302,2,917.0,518.0,30.0,94.0,1,1,1.0
302,1,898.0,519.0,26.0,92.0,1,1,1.0
303,2,916.0,518.0,29.0,94.0,1,1,1.0
303,1,899.0,519.0,24.0,91.0,1,1,1.0
304,2,916.0,517.0,28.0,94.0,1,1,1.0
304,1,900.0,518.0,24.0,89.0,1,1,1.0
305,2,915.0,517.0,28.0,93.0,1,1,1.0
305,1,901.0,519.0,23.0,88.0,1,1,1.0
306,2,914.0,517.0,27.0,93.0,1,1,1.0
306,1,901.0,518.0,24.0,88.0,1,1,1.0
307,2,914.0,517.0,27.0,94.0,1,1,1.0
307,1,902.0,519.0,24.0,88.0,1,1,1.0
308,2,913.0,517.0,27.0,93.0,1,1,1.0
308,1,902.0,519.0,24.0,88.0,1,1,1.0
309,2,913.0,517.0,27.0,93.0,1,1,1.0
310,2,907.0,517.0,34.0,93.0,1,1,1.0
312,2,912.0,517.0,31.0,94.0,1,1,1.0
313,2,916.0,517.0,29.0,95.0,1,1,1.0
314,2,917.0,517.0,30.0,95.0,1,1,1.0
315,2,918.0,517.0,32.0,95.0,1,1,1.0
316,2,918.0,517.0,34.0,96.0,1,1,1.0
317,2,919.0,518.0,31.0,95.0,1,1,1.0
318,2,920.0,517.0,27.0,95.0,1,1,1.0
318,3,934.0,520.0,34.0,87.0,1,1,1.0
319,2,920.0,517.0,25.0,95.0,1,1,1.0
319,3,933.0,520.0,40.0,90.0,1,1,1.0
320,2,921.0,518.0,25.0,94.0,1,1,1.0
320,3,936.0,520.0,39.0,90.0,1,1,1.0
321,2,921.0,519.0,27.0,94.0,1,1,1.0
321,3,940.0,520.0,36.0,91.0,1,1,1.0
322,2,921.0,519.0,31.0,94.0,1,1,1.0
322,3,947.0,519.0,31.0,90.0,1,1,1.0
323,2,923.0,519.0,32.0,94.0,1,1,1.0
323,3,951.0,519.0,28.0,90.0,1,1,1.0
324,2,924.0,520.0,31.0,94.0,1,1,1.0
324,3,954.0,518.0,27.0,90.0,1,1,1.0
325,2,925.0,520.0,31.0,95.0,1,1,1.0
325,3,956.0,518.0,33.0,90.0,1,1,1.0
326,2,926.0,519.0,31.0,96.0,1,1,1.0
326,3,957.0,519.0,38.0,91.0,1,1,1.0
327,2,928.0,519.0,31.0,96.0,1,1,1.0
327,3,959.0,520.0,42.0,90.0,1,1,1.0
328,2,931.0,519.0,30.0,96.0,1,1,1.0
328,3,961.0,521.0,43.0,90.0,1,1,1.0
329,2,934.0,519.0,30.0,96.0,1,1,1.0
329,3,965.0,522.0,43.0,90.0,1,1,1.0
330,2,936.0,519.0,30.0,97.0,1,1,1.0
330,3,967.0,522.0,42.0,91.0,1,1,1.0
331,2,936.0,519.0,33.0,98.0,1,1,1.0
331,3,970.0,522.0,42.0,92.0,1,1,1.0
332,2,933.0,519.0,40.0,98.0,1,1,1.0
332,3,972.0,522.0,41.0,93.0,1,1,1.0
333,2,933.0,521.0,42.0,98.0,1,1,1.0
333,3,973.0,520.0,41.0,94.0,1,1,1.0
334,2,934.0,522.0,43.0,98.0,1,1,1.0
334,3,977.0,519.0,36.0,94.0,1,1,1.0
335,2,937.0,522.0,42.0,98.0,1,1,1.0
335,3,981.0,519.0,33.0,95.0,1,1,1.0
336,2,942.0,522.0,39.0,99.0,1,1,1.0
336,3,984.0,520.0,31.0,94.0,1,1,1.0
337,2,948.0,521.0,34.0,99.0,1,1,1.0
337,3,985.0,522.0,35.0,94.0,1,1,1.0
338,2,954.0,521.0,29.0,99.0,1,1,1.0
338,3,987.0,523.0,38.0,94.0,1,1,1.0
339,2,957.0,521.0,29.0,99.0,1,1,1.0
339,3,989.0,524.0,38.0,94.0,1,1,1.0
340,2,960.0,521.0,29.0,99.0,1,1,1.0
340,3,992.0,524.0,37.0,93.0,1,1,1.0
341,2,960.0,522.0,34.0,98.0,1,1,1.0
341,3,995.0,524.0,34.0,94.0,1,1,1.0
342,2,960.0,522.0,39.0,99.0,1,1,1.0
342,3,998.0,523.0,32.0,95.0,1,1,1.0
343,2,963.0,523.0,41.0,99.0,1,1,1.0
343,3,1002.0,523.0,29.0,95.0,1,1,1.0
344,2,965.0,524.0,41.0,99.0,1,1,1.0
344,3,1005.0,523.0,30.0,95.0,1,1,1.0
345,2,967.0,525.0,41.0,100.0,1,1,1.0
345,3,1006.0,523.0,34.0,96.0,1,1,1.0
346,2,969.0,524.0,39.0,101.0,1,1,1.0
346,3,1007.0,524.0,38.0,96.0,1,1,1.0
347,2,972.0,524.0,36.0,101.0,1,1,1.0
347,3,1009.0,525.0,41.0,96.0,1,1,1.0
348,2,978.0,524.0,32.0,102.0,1,1,1.0
348,3,1011.0,526.0,42.0,96.0,1,1,1.0
349,2,982.0,524.0,30.0,102.0,1,1,1.0
349,3,1014.0,527.0,41.0,97.0,1,1,1.0
350,2,984.0,524.0,31.0,103.0,1,1,1.0
350,3,1017.0,527.0,39.0,97.0,1,1,1.0
351,2,988.0,525.0,31.0,103.0,1,1,1.0
351,3,1020.0,527.0,37.0,98.0,1,1,1.0
352,2,991.0,526.0,32.0,103.0,1,1,1.0
352,3,1023.0,527.0,35.0,98.0,1,1,1.0
353,2,993.0,527.0,32.0,103.0,1,1,1.0
353,3,1026.0,526.0,34.0,98.0,1,1,1.0
354,2,994.0,527.0,33.0,103.0,1,1,1.0
354,3,1029.0,526.0,31.0,98.0,1,1,1.0
355,2,995.0,527.0,33.0,103.0,1,1,1.0
355,3,1032.0,526.0,31.0,98.0,1,1,1.0
356,2,1000.0,527.0,30.0,104.0,1,1,1.0
356,3,1033.0,527.0,36.0,99.0,1,1,1.0
357,2,1005.0,527.0,28.0,104.0,1,1,1.0
357,3,1034.0,529.0,40.0,99.0,1,1,1.0
358,2,1007.0,526.0,29.0,104.0,1,1,1.0
358,3,1037.0,529.0,40.0,99.0,1,1,1.0
359,2,1011.0,526.0,29.0,104.0,1,1,1.0
359,3,1040.0,529.0,39.0,99.0,1,1,1.0
360,2,1011.0,527.0,36.0,105.0,1,1,1.0
360,3,1043.0,529.0,36.0,99.0,1,1,1.0
361,2,1011.0,528.0,44.0,104.0,1,1,1.0
361,3,1049.0,529.0,33.0,100.0,1,1,1.0
362,2,1014.0,528.0,46.0,104.0,1,1,1.0
362,3,1055.0,528.0,29.0,101.0,1,1,1.0
363,2,1016.0,529.0,47.0,105.0,1,1,1.0
363,3,1058.0,528.0,28.0,101.0,1,1,1.0
364,2,1018.0,529.0,46.0,105.0,1,1,1.0
364,3,1060.0,528.0,30.0,101.0,1,1,1.0
365,2,1022.0,529.0,42.0,106.0,1,1,1.0
365,3,1062.0,529.0,34.0,101.0,1,1,1.0
366,2,1025.0,529.0,40.0,106.0,1,1,1.0
366,3,1064.0,530.0,39.0,102.0,1,1,1.0
367,2,1034.0,528.0,32.0,106.0,1,1,1.0
367,3,1066.0,531.0,43.0,102.0,1,1,1.0
368,2,1040.0,528.0,30.0,107.0,1,1,1.0
368,3,1068.0,532.0,44.0,101.0,1,1,1.0
369,2,1041.0,529.0,34.0,108.0,1,1,1.0
369,3,1072.0,533.0,41.0,101.0,1,1,1.0
370,2,1042.0,530.0,39.0,108.0,1,1,1.0
370,3,1076.0,532.0,38.0,102.0,1,1,1.0
371,2,1042.0,531.0,46.0,108.0,1,1,1.0
371,3,1081.0,531.0,34.0,103.0,1,1,1.0
372,2,1044.0,532.0,49.0,108.0,1,1,1.0
372,3,1085.0,531.0,31.0,102.0,1,1,1.0
373,2,1049.0,533.0,45.0,108.0,1,1,1.0
373,3,1088.0,531.0,31.0,103.0,1,1,1.0
374,2,1053.0,533.0,41.0,108.0,1,1,1.0
374,3,1091.0,532.0,34.0,103.0,1,1,1.0
375,2,1059.0,533.0,35.0,108.0,1,1,1.0
375,3,1092.0,533.0,40.0,103.0,1,1,1.0
376,2,1067.0,532.0,31.0,109.0,1,1,1.0
376,3,1093.0,534.0,45.0,103.0,1,1,1.0
377,2,1071.0,532.0,30.0,110.0,1,1,1.0
377,3,1095.0,535.0,47.0,102.0,1,1,1.0
378,2,1075.0,532.0,31.0,110.0,1,1,1.0
378,3,1099.0,535.0,43.0,103.0,1,1,1.0
379,2,1078.0,532.0,34.0,109.0,1,1,1.0
379,3,1105.0,535.0,39.0,103.0,1,1,1.0
380,2,1079.0,533.0,40.0,109.0,1,1,1.0
380,3,1106.0,534.0,41.0,105.0,1,1,1.0
381,2,1079.0,535.0,46.0,108.0,1,1,1.0
381,3,1114.0,533.0,37.0,105.0,1,1,1.0
382,2,1080.0,535.0,47.0,109.0,1,1,1.0
382,3,1120.0,533.0,32.0,105.0,1,1,1.0
383,2,1081.0,535.0,47.0,110.0,1,1,1.0
383,3,1122.0,534.0,34.0,105.0,1,1,1.0
384,2,1084.0,535.0,45.0,110.0,1,1,1.0
384,3,1125.0,535.0,35.0,105.0,1,1,1.0
385,2,1087.0,535.0,43.0,111.0,1,1,1.0
385,3,1127.0,537.0,38.0,105.0,1,1,1.0
386,2,1098.0,534.0,34.0,111.0,1,1,1.0
386,3,1129.0,538.0,45.0,105.0,1,1,1.0
387,2,1104.0,534.0,31.0,112.0,1,1,1.0
387,3,1131.0,538.0,49.0,106.0,1,1,1.0
388,2,1107.0,534.0,32.0,113.0,1,1,1.0
388,3,1135.0,538.0,44.0,106.0,1,1,1.0
389,2,1109.0,535.0,35.0,113.0,1,1,1.0
389,3,1140.0,537.0,39.0,106.0,1,1,1.0
390,2,1111.0,537.0,39.0,113.0,1,1,1.0
390,3,1143.0,536.0,37.0,118.0,1,1,1.0
391,2,1112.0,538.0,43.0,113.0,1,1,1.0
391,3,1146.0,536.0,35.0,112.0,1,1,1.0
392,2,1112.0,538.0,45.0,113.0,1,1,1.0
392,3,1149.0,536.0,33.0,109.0,1,1,1.0
393,2,1113.0,538.0,45.0,113.0,1,1,1.0
393,3,1152.0,537.0,36.0,108.0,1,1,1.0
394,2,1121.0,538.0,38.0,113.0,1,1,1.0
394,3,1154.0,538.0,41.0,107.0,1,1,1.0
395,2,1129.0,538.0,33.0,114.0,1,1,1.0
395,3,1155.0,539.0,47.0,108.0,1,1,1.0
396,2,1135.0,537.0,33.0,114.0,1,1,1.0
396,3,1158.0,540.0,47.0,109.0,1,1,1.0
397,2,1139.0,537.0,30.0,114.0,1,1,1.0
397,3,1157.0,540.0,48.0,110.0,1,1,1.0
398,2,1142.0,538.0,34.0,115.0,1,1,1.0
398,3,1163.0,541.0,44.0,111.0,1,1,1.0
399,2,1143.0,539.0,42.0,116.0,1,1,1.0
399,3,1173.0,540.0,36.0,111.0,1,1,1.0
400,2,1143.0,540.0,47.0,116.0,1,1,1.0
400,3,1178.0,540.0,34.0,111.0,1,1,1.0
401,2,1142.0,541.0,51.0,116.0,1,1,1.0
402,2,1144.0,542.0,52.0,116.0,1,1,1.0
402,3,1186.0,540.0,37.0,112.0,1,1,1.0
403,3,1189.0,541.0,41.0,111.0,1,1,1.0
404,2,1151.0,541.0,48.0,116.0,1,1,1.0
404,3,1192.0,543.0,46.0,111.0,1,1,1.0
405,2,1164.0,541.0,36.0,117.0,1,1,1.0
405,3,1194.0,544.0,48.0,111.0,1,1,1.0
406,2,1171.0,541.0,32.0,117.0,1,1,1.0
406,3,1195.0,544.0,50.0,111.0,1,1,1.0
407,2,1174.0,541.0,34.0,117.0,1,1,1.0
407,3,1199.0,545.0,42.0,111.0,1,1,1.0
408,2,1177.0,542.0,37.0,118.0,1,1,1.0
408,3,1205.0,544.0,40.0,112.0,1,1,1.0
409,2,1179.0,543.0,42.0,117.0,1,1,1.0
409,3,1209.0,544.0,38.0,112.0,1,1,1.0
410,2,1179.0,544.0,44.0,116.0,1,1,1.0
410,3,1213.0,543.0,35.0,113.0,1,1,1.0
411,2,1180.0,545.0,46.0,117.0,1,1,1.0
411,3,1217.0,543.0,32.0,113.0,1,1,1.0
412,2,1180.0,546.0,49.0,118.0,1,1,1.0
412,3,1220.0,544.0,34.0,113.0,1,1,1.0
413,2,1187.0,545.0,45.0,118.0,1,1,1.0
413,3,1224.0,545.0,36.0,112.0,1,1,1.0
414,2,1197.0,544.0,37.0,119.0,1,1,1.0
414,3,1224.0,546.0,43.0,111.0,1,1,1.0
415,2,1204.0,543.0,33.0,121.0,1,1,1.0
415,3,1225.0,547.0,48.0,112.0,1,1,1.0
416,2,1208.0,543.0,31.0,120.0,1,1,1.0
416,3,1223.0,548.0,52.0,113.0,1,1,1.0
417,2,1211.0,544.0,33.0,121.0,1,1,1.0
418,2,1213.0,545.0,40.0,120.0,1,1,1.0
418,3,1237.0,547.0,43.0,115.0,1,1,1.0
419,2,1214.0,546.0,42.0,119.0,1,1,1.0
419,3,1248.0,546.0,33.0,117.0,1,1,1.0
420,2,1215.0,547.0,47.0,119.0,1,1,1.0
420,3,1254.0,546.0,30.0,117.0,1,1,1.0
421,2,1213.0,548.0,52.0,119.0,1,1,1.0
421,3,1257.0,547.0,33.0,118.0,1,1,1.0
422,2,1214.0,548.0,54.0,120.0,1,1,1.0
422,3,1261.0,547.0,36.0,118.0,1,1,1.0
423,2,1216.0,548.0,55.0,120.0,1,1,1.0
423,3,1263.0,548.0,42.0,118.0,1,1,1.0
424,2,1227.0,547.0,45.0,121.0,1,1,1.0
424,3,1266.0,550.0,46.0,117.0,1,1,1.0
425,2,1237.0,546.0,37.0,122.0,1,1,1.0
425,3,1267.0,551.0,48.0,117.0,1,1,1.0
426,2,1244.0,547.0,34.0,123.0,1,1,1.0
426,3,1270.0,551.0,50.0,117.0,1,1,1.0
427,2,1248.0,547.0,34.0,124.0,1,1,1.0
427,3,1275.0,551.0,49.0,118.0,1,1,1.0
428,2,1251.0,548.0,36.0,125.0,1,1,1.0
428,3,1282.0,550.0,44.0,119.0,1,1,1.0
429,2,1253.0,549.0,40.0,125.0,1,1,1.0
429,3,1288.0,549.0,37.0,120.0,1,1,1.0
430,2,1255.0,549.0,41.0,125.0,1,1,1.0
430,3,1293.0,550.0,34.0,119.0,1,1,1.0
431,2,1257.0,550.0,42.0,125.0,1,1,1.0
431,3,1297.0,550.0,36.0,119.0,1,1,1.0
432,2,1260.0,551.0,40.0,125.0,1,1,1.0
432,3,1298.0,552.0,44.0,117.0,1,1,1.0
433,2,1265.0,551.0,37.0,125.0,1,1,1.0
433,3,1299.0,552.0,52.0,118.0,1,1,1.0
434,2,1271.0,551.0,34.0,125.0,1,1,1.0
434,3,1299.0,554.0,57.0,118.0,1,1,1.0
435,2,1274.0,551.0,36.0,125.0,1,1,1.0
435,3,1303.0,555.0,56.0,117.0,1,1,1.0
436,2,1278.0,551.0,38.0,125.0,1,1,1.0
436,3,1311.0,555.0,51.0,118.0,1,1,1.0
437,2,1277.0,551.0,46.0,124.0,1,1,1.0
437,3,1319.0,555.0,44.0,118.0,1,1,1.0
438,2,1283.0,552.0,50.0,124.0,1,1,1.0
438,3,1327.0,554.0,38.0,119.0,1,1,1.0
439,2,1285.0,553.0,56.0,125.0,1,1,1.0
439,3,1334.0,554.0,35.0,119.0,1,1,1.0
440,2,1286.0,553.0,57.0,125.0,1,1,1.0
440,3,1337.0,554.0,40.0,121.0,1,1,1.0
441,2,1286.0,554.0,58.0,125.0,1,1,1.0
441,3,1338.0,555.0,48.0,122.0,1,1,1.0
442,2,1289.0,554.0,57.0,126.0,1,1,1.0
442,3,1339.0,557.0,53.0,122.0,1,1,1.0
443,2,1294.0,554.0,51.0,126.0,1,1,1.0
443,3,1343.0,558.0,51.0,122.0,1,1,1.0
444,2,1302.0,554.0,45.0,127.0,1,1,1.0
445,2,1310.0,553.0,40.0,128.0,1,1,1.0
445,3,1351.0,559.0,59.0,122.0,1,1,1.0
446,2,1314.0,553.0,41.0,128.0,1,1,1.0
446,3,1355.0,559.0,57.0,123.0,1,1,1.0
447,2,1317.0,554.0,41.0,129.0,1,1,1.0
447,3,1360.0,558.0,54.0,124.0,1,1,1.0
448,2,1320.0,555.0,40.0,129.0,1,1,1.0
448,3,1366.0,558.0,47.0,124.0,1,1,1.0
449,2,1322.0,557.0,43.0,129.0,1,1,1.0
449,3,1371.0,558.0,41.0,123.0,1,1,1.0
450,2,1325.0,558.0,44.0,129.0,1,1,1.0
450,3,1376.0,560.0,40.0,122.0,1,1,1.0
451,2,1326.0,559.0,45.0,130.0,1,1,1.0
451,3,1379.0,563.0,44.0,120.0,1,1,1.0
452,2,1330.0,559.0,42.0,130.0,1,1,1.0
452,3,1381.0,563.0,48.0,122.0,1,1,1.0
453,2,1333.0,559.0,40.0,130.0,1,1,1.0
453,3,1384.0,563.0,50.0,125.0,1,1,1.0
454,2,1336.0,559.0,39.0,130.0,1,1,1.0
454,3,1386.0,563.0,49.0,126.0,1,1,1.0
455,2,1338.0,559.0,39.0,130.0,1,1,1.0
455,3,1387.0,566.0,48.0,125.0,1,1,1.0
456,2,1340.0,559.0,41.0,130.0,1,1,1.0
456,3,1391.0,566.0,44.0,125.0,1,1,1.0
457,2,1341.0,559.0,44.0,130.0,1,1,1.0
457,3,1396.0,566.0,41.0,125.0,1,1,1.0
458,2,1342.0,560.0,45.0,132.0,1,1,1.0
458,3,1400.0,565.0,43.0,126.0,1,1,1.0
459,2,1343.0,560.0,44.0,134.0,1,1,1.0
459,3,1401.0,566.0,48.0,127.0,1,1,1.0
460,2,1344.0,561.0,42.0,135.0,1,1,1.0
460,3,1401.0,567.0,55.0,127.0,1,1,1.0
461,2,1345.0,562.0,43.0,135.0,1,1,1.0
461,3,1402.0,570.0,59.0,127.0,1,1,1.0
462,2,1346.0,562.0,44.0,135.0,1,1,1.0
462,3,1402.0,572.0,62.0,126.0,1,1,1.0
463,2,1347.0,562.0,42.0,135.0,1,1,1.0
463,3,1403.0,574.0,64.0,126.0,1,1,1.0
464,2,1347.0,562.0,42.0,136.0,1,1,1.0
464,3,1405.0,575.0,62.0,126.0,1,1,1.0
465,2,1346.0,562.0,42.0,136.0,1,1,1.0
465,3,1408.0,574.0,59.0,127.0,1,1,1.0
466,2,1346.0,562.0,42.0,135.0,1,1,1.0
466,3,1411.0,573.0,55.0,128.0,1,1,1.0
467,2,1340.0,563.0,49.0,136.0,1,1,1.0
467,3,1414.0,574.0,51.0,127.0,1,1,1.0
468,2,1335.0,564.0,52.0,136.0,1,1,1.0
468,3,1417.0,574.0,48.0,127.0,1,1,1.0
469,2,1333.0,565.0,52.0,136.0,1,1,1.0
469,3,1420.0,575.0,44.0,127.0,1,1,1.0
470,2,1333.0,565.0,50.0,137.0,1,1,1.0
470,3,1421.0,576.0,43.0,128.0,1,1,1.0
471,2,1332.0,565.0,49.0,137.0,1,1,1.0
471,3,1423.0,578.0,44.0,130.0,1,1,1.0
472,2,1332.0,565.0,48.0,138.0,1,1,1.0
472,3,1426.0,580.0,43.0,130.0,1,1,1.0
473,2,1332.0,565.0,45.0,138.0,1,1,1.0
473,3,1428.0,581.0,43.0,129.0,1,1,1.0
474,2,1333.0,565.0,42.0,139.0,1,1,1.0
474,3,1429.0,581.0,43.0,130.0,1,1,1.0
475,2,1332.0,565.0,40.0,138.0,1,1,1.0
475,3,1430.0,581.0,44.0,130.0,1,1,1.0
476,2,1330.0,565.0,40.0,141.0,1,1,1.0
476,3,1431.0,580.0,46.0,132.0,1,1,1.0
477,2,1328.0,565.0,41.0,143.0,1,1,1.0
477,3,1431.0,579.0,50.0,133.0,1,1,1.0
478,2,1325.0,566.0,43.0,143.0,1,1,1.0
478,3,1431.0,579.0,52.0,134.0,1,1,1.0
479,2,1322.0,568.0,46.0,143.0,1,1,1.0
479,3,1431.0,581.0,54.0,135.0,1,1,1.0
480,2,1319.0,569.0,48.0,142.0,1,1,1.0
480,3,1431.0,583.0,54.0,135.0,1,1,1.0
481,2,1317.0,569.0,48.0,142.0,1,1,1.0
481,3,1430.0,583.0,54.0,137.0,1,1,1.0
482,2,1315.0,569.0,43.0,143.0,1,1,1.0
482,3,1430.0,583.0,52.0,139.0,1,1,1.0
483,2,1312.0,568.0,42.0,144.0,1,1,1.0
483,3,1429.0,584.0,51.0,139.0,1,1,1.0
484,2,1306.0,568.0,43.0,144.0,1,1,1.0
484,3,1428.0,583.0,50.0,140.0,1,1,1.0
485,2,1303.0,568.0,43.0,144.0,1,1,1.0
485,3,1427.0,584.0,51.0,140.0,1,1,1.0
486,2,1297.0,568.0,46.0,144.0,1,1,1.0
486,3,1425.0,583.0,52.0,140.0,1,1,1.0
487,2,1286.0,569.0,53.0,144.0,1,1,1.0
487,3,1423.0,584.0,54.0,141.0,1,1,1.0
488,2,1279.0,570.0,56.0,144.0,1,1,1.0
488,3,1420.0,586.0,57.0,142.0,1,1,1.0
489,2,1275.0,571.0,59.0,144.0,1,1,1.0
489,3,1416.0,587.0,60.0,141.0,1,1,1.0
490,2,1273.0,572.0,59.0,144.0,1,1,1.0
490,3,1414.0,587.0,61.0,144.0,1,1,1.0
491,2,1273.0,572.0,58.0,145.0,1,1,1.0
491,3,1411.0,588.0,62.0,145.0,1,1,1.0
492,2,1272.0,571.0,55.0,145.0,1,1,1.0
492,3,1407.0,588.0,63.0,146.0,1,1,1.0
493,2,1272.0,571.0,47.0,146.0,1,1,1.0
493,3,1404.0,587.0,62.0,147.0,1,1,1.0
494,2,1270.0,570.0,44.0,147.0,1,1,1.0
494,3,1403.0,586.0,60.0,149.0,1,1,1.0
495,2,1267.0,570.0,45.0,148.0,1,1,1.0
495,3,1402.0,585.0,56.0,150.0,1,1,1.0
496,2,1257.0,571.0,52.0,151.0,1,1,1.0
496,3,1402.0,584.0,51.0,151.0,1,1,1.0
497,2,1251.0,572.0,55.0,151.0,1,1,1.0
497,3,1400.0,584.0,48.0,151.0,1,1,1.0
498,2,1249.0,574.0,58.0,151.0,1,1,1.0
498,3,1391.0,586.0,54.0,150.0,1,1,1.0
499,2,1248.0,574.0,60.0,151.0,1,1,1.0
499,3,1379.0,588.0,62.0,151.0,1,1,1.0
500,2,1248.0,575.0,58.0,151.0,1,1,1.0
500,3,1374.0,589.0,66.0,151.0,1,1,1.0
501,2,1247.0,574.0,53.0,151.0,1,1,1.0
501,3,1372.0,590.0,66.0,151.0,1,1,1.0
502,2,1246.0,574.0,46.0,152.0,1,1,1.0
502,3,1370.0,589.0,63.0,152.0,1,1,1.0
503,2,1242.0,574.0,46.0,153.0,1,1,1.0
503,3,1370.0,589.0,57.0,151.0,1,1,1.0
504,2,1237.0,574.0,47.0,152.0,1,1,1.0
504,3,1368.0,588.0,49.0,153.0,1,1,1.0
505,2,1233.0,574.0,48.0,153.0,1,1,1.0
505,3,1363.0,587.0,47.0,156.0,1,1,1.0
506,2,1223.0,576.0,54.0,153.0,1,1,1.0
506,3,1354.0,587.0,52.0,158.0,1,1,1.0
507,2,1216.0,577.0,57.0,154.0,1,1,1.0
507,3,1345.0,588.0,59.0,159.0,1,1,1.0
508,2,1213.0,579.0,56.0,153.0,1,1,1.0
508,3,1337.0,590.0,67.0,160.0,1,1,1.0
509,2,1213.0,579.0,54.0,154.0,1,1,1.0
509,3,1329.0,591.0,73.0,160.0,1,1,1.0
510,2,1213.0,579.0,51.0,155.0,1,1,1.0
510,3,1323.0,593.0,75.0,159.0,1,1,1.0
511,2,1213.0,578.0,47.0,156.0,1,1,1.0
511,3,1318.0,592.0,74.0,160.0,1,1,1.0
512,2,1208.0,578.0,46.0,156.0,1,1,1.0
512,3,1315.0,592.0,70.0,161.0,1,1,1.0
513,2,1206.0,578.0,45.0,156.0,1,1,1.0
513,3,1313.0,590.0,62.0,163.0,1,1,1.0
514,2,1204.0,578.0,46.0,158.0,1,1,1.0
514,3,1313.0,589.0,52.0,164.0,1,1,1.0
515,2,1201.0,579.0,46.0,158.0,1,1,1.0
515,3,1309.0,589.0,50.0,164.0,1,1,1.0
516,2,1196.0,581.0,47.0,160.0,1,1,1.0
516,3,1297.0,591.0,56.0,163.0,1,1,1.0
517,2,1191.0,582.0,52.0,157.0,1,1,1.0
517,3,1280.0,593.0,70.0,161.0,1,1,1.0
518,2,1188.0,582.0,56.0,154.0,1,1,1.0
518,3,1270.0,595.0,77.0,161.0,1,1,1.0
519,2,1185.0,582.0,58.0,155.0,1,1,1.0
519,3,1268.0,595.0,77.0,161.0,1,1,1.0
520,2,1182.0,583.0,56.0,155.0,1,1,1.0
520,3,1269.0,595.0,71.0,159.0,1,1,1.0
521,2,1172.0,582.0,58.0,155.0,1,1,1.0
521,3,1269.0,594.0,65.0,161.0,1,1,1.0
522,2,1169.0,582.0,55.0,161.0,1,1,1.0
522,3,1268.0,594.0,55.0,162.0,1,1,1.0
523,2,1168.0,582.0,51.0,164.0,1,1,1.0
523,3,1265.0,593.0,51.0,164.0,1,1,1.0
524,2,1164.0,582.0,52.0,164.0,1,1,1.0
524,3,1255.0,594.0,57.0,167.0,1,1,1.0
525,2,1152.0,583.0,59.0,165.0,1,1,1.0
525,3,1246.0,595.0,66.0,167.0,1,1,1.0
526,2,1142.0,585.0,65.0,165.0,1,1,1.0
526,3,1237.0,597.0,76.0,169.0,1,1,1.0
527,2,1139.0,586.0,67.0,165.0,1,1,1.0
527,3,1230.0,598.0,83.0,166.0,1,1,1.0
528,2,1136.0,587.0,69.0,165.0,1,1,1.0
528,3,1223.0,600.0,87.0,166.0,1,1,1.0
529,2,1135.0,587.0,67.0,166.0,1,1,1.0
529,3,1219.0,600.0,88.0,166.0,1,1,1.0
530,2,1135.0,587.0,63.0,166.0,1,1,1.0
530,3,1215.0,600.0,85.0,166.0,1,1,1.0
531,2,1134.0,586.0,54.0,167.0,1,1,1.0
531,3,1213.0,599.0,77.0,167.0,1,1,1.0
532,2,1129.0,586.0,50.0,168.0,1,1,1.0
532,3,1213.0,598.0,65.0,169.0,1,1,1.0
533,2,1126.0,586.0,49.0,170.0,1,1,1.0
533,3,1213.0,598.0,57.0,168.0,1,1,1.0
534,2,1122.0,586.0,51.0,172.0,1,1,1.0
534,3,1206.0,599.0,56.0,167.0,1,1,1.0
535,2,1112.0,587.0,55.0,174.0,1,1,1.0
535,3,1189.0,601.0,68.0,171.0,1,1,1.0
536,2,1105.0,589.0,64.0,174.0,1,1,1.0
536,3,1179.0,604.0,75.0,173.0,1,1,1.0
537,2,1096.0,590.0,72.0,174.0,1,1,1.0
537,3,1173.0,605.0,80.0,174.0,1,1,1.0
538,2,1091.0,590.0,74.0,174.0,1,1,1.0
538,3,1171.0,606.0,80.0,174.0,1,1,1.0
539,2,1089.0,589.0,69.0,175.0,1,1,1.0
539,3,1173.0,605.0,75.0,173.0,1,1,1.0
540,2,1087.0,588.0,58.0,176.0,1,1,1.0
540,3,1171.0,604.0,65.0,173.0,1,1,1.0
541,2,1085.0,588.0,52.0,177.0,1,1,1.0
541,3,1167.0,603.0,58.0,177.0,1,1,1.0
542,2,1081.0,588.0,49.0,176.0,1,1,1.0
542,3,1163.0,602.0,56.0,178.0,1,1,1.0
543,2,1073.0,587.0,52.0,177.0,1,1,1.0
543,3,1153.0,603.0,63.0,181.0,1,1,1.0
544,2,1059.0,589.0,62.0,177.0,1,1,1.0
544,3,1142.0,605.0,75.0,184.0,1,1,1.0
545,2,1047.0,591.0,71.0,177.0,1,1,1.0
545,3,1132.0,607.0,86.0,185.0,1,1,1.0
546,2,1042.0,593.0,75.0,176.0,1,1,1.0
546,3,1123.0,609.0,94.0,186.0,1,1,1.0
547,2,1040.0,594.0,76.0,176.0,1,1,1.0
547,3,1115.0,610.0,101.0,187.0,1,1,1.0
548,2,1035.0,593.0,77.0,177.0,1,1,1.0
548,3,1111.0,611.0,100.0,188.0,1,1,1.0
549,2,1037.0,593.0,68.0,178.0,1,1,1.0
549,3,1109.0,610.0,95.0,188.0,1,1,1.0
550,2,1038.0,592.0,55.0,179.0,1,1,1.0
550,3,1108.0,609.0,84.0,190.0,1,1,1.0
551,2,1032.0,592.0,50.0,180.0,1,1,1.0
551,3,1110.0,608.0,69.0,190.0,1,1,1.0
552,2,1027.0,593.0,49.0,184.0,1,1,1.0
552,3,1109.0,608.0,60.0,190.0,1,1,1.0
553,2,1018.0,594.0,54.0,186.0,1,1,1.0
553,3,1096.0,610.0,65.0,190.0,1,1,1.0
554,2,1006.0,595.0,66.0,187.0,1,1,1.0
554,3,1081.0,612.0,77.0,190.0,1,1,1.0
555,2,999.0,597.0,72.0,188.0,1,1,1.0
555,3,1068.0,615.0,87.0,190.0,1,1,1.0
556,2,994.0,598.0,75.0,189.0,1,1,1.0
556,3,1061.0,617.0,92.0,190.0,1,1,1.0
557,2,989.0,599.0,75.0,188.0,1,1,1.0
557,3,1058.0,618.0,93.0,192.0,1,1,1.0
558,2,986.0,599.0,69.0,188.0,1,1,1.0
558,3,1057.0,618.0,88.0,192.0,1,1,1.0
559,2,983.0,598.0,60.0,188.0,1,1,1.0
559,3,1057.0,617.0,79.0,193.0,1,1,1.0
560,2,978.0,598.0,55.0,189.0,1,1,1.0
560,3,1054.0,616.0,70.0,194.0,1,1,1.0
561,2,973.0,598.0,52.0,189.0,1,1,1.0
561,3,1046.0,616.0,65.0,196.0,1,1,1.0
562,2,960.0,599.0,60.0,189.0,1,1,1.0
562,3,1035.0,616.0,71.0,199.0,1,1,1.0
563,2,943.0,601.0,75.0,190.0,1,1,1.0
563,3,1024.0,619.0,81.0,200.0,1,1,1.0
564,2,930.0,604.0,86.0,190.0,1,1,1.0
564,3,1013.0,621.0,92.0,203.0,1,1,1.0
565,2,924.0,606.0,91.0,191.0,1,1,1.0
565,3,1003.0,624.0,101.0,204.0,1,1,1.0
566,2,921.0,608.0,92.0,191.0,1,1,1.0
566,3,994.0,626.0,107.0,205.0,1,1,1.0
567,2,920.0,609.0,88.0,191.0,1,1,1.0
567,3,987.0,628.0,108.0,205.0,1,1,1.0
568,2,919.0,609.0,78.0,191.0,1,1,1.0
568,3,983.0,628.0,105.0,205.0,1,1,1.0
569,2,919.0,608.0,64.0,192.0,1,1,1.0
569,3,981.0,628.0,96.0,206.0,1,1,1.0
570,2,912.0,608.0,55.0,193.0,1,1,1.0
570,3,982.0,627.0,80.0,207.0,1,1,1.0
571,2,897.0,609.0,62.0,198.0,1,1,1.0
571,3,982.0,627.0,67.0,207.0,1,1,1.0
572,2,890.0,610.0,65.0,202.0,1,1,1.0
572,3,973.0,628.0,66.0,207.0,1,1,1.0
573,2,881.0,612.0,73.0,204.0,1,1,1.0
573,3,957.0,630.0,76.0,207.0,1,1,1.0
574,2,873.0,614.0,81.0,204.0,1,1,1.0
574,3,941.0,633.0,89.0,208.0,1,1,1.0
575,2,868.0,616.0,82.0,204.0,1,1,1.0
575,3,931.0,636.0,98.0,209.0,1,1,1.0
576,2,865.0,617.0,79.0,204.0,1,1,1.0
576,3,927.0,638.0,99.0,211.0,1,1,1.0
577,2,858.0,617.0,77.0,203.0,1,1,1.0
577,3,926.0,639.0,96.0,211.0,1,1,1.0
578,2,854.0,617.0,67.0,203.0,1,1,1.0
578,3,925.0,639.0,87.0,212.0,1,1,1.0
579,2,849.0,617.0,58.0,203.0,1,1,1.0
579,3,920.0,638.0,80.0,213.0,1,1,1.0
580,2,843.0,617.0,54.0,203.0,1,1,1.0
580,3,911.0,638.0,73.0,213.0,1,1,1.0
581,2,827.0,619.0,66.0,204.0,1,1,1.0
581,3,901.0,639.0,75.0,216.0,1,1,1.0
582,2,808.0,621.0,82.0,206.0,1,1,1.0
582,3,888.0,641.0,85.0,221.0,1,1,1.0
583,2,795.0,624.0,94.0,205.0,1,1,1.0
583,3,874.0,643.0,99.0,223.0,1,1,1.0
584,2,787.0,626.0,100.0,206.0,1,1,1.0
584,3,861.0,647.0,112.0,224.0,1,1,1.0
585,2,784.0,628.0,101.0,208.0,1,1,1.0
585,3,851.0,650.0,121.0,224.0,1,1,1.0
586,2,784.0,628.0,97.0,208.0,1,1,1.0
586,3,841.0,652.0,126.0,225.0,1,1,1.0
587,2,783.0,628.0,86.0,208.0,1,1,1.0
587,3,839.0,654.0,119.0,225.0,1,1,1.0
588,2,781.0,628.0,72.0,208.0,1,1,1.0
588,3,836.0,653.0,108.0,225.0,1,1,1.0
589,2,773.0,627.0,61.0,209.0,1,1,1.0
589,3,836.0,653.0,89.0,227.0,1,1,1.0
590,2,764.0,628.0,59.0,215.0,1,1,1.0
590,3,836.0,652.0,72.0,227.0,1,1,1.0
591,2,755.0,630.0,62.0,217.0,1,1,1.0
591,3,830.0,653.0,68.0,225.0,1,1,1.0
592,2,740.0,632.0,75.0,219.0,1,1,1.0
592,3,811.0,655.0,83.0,226.0,1,1,1.0
593,2,729.0,635.0,84.0,219.0,1,1,1.0
593,3,790.0,659.0,103.0,226.0,1,1,1.0
594,2,720.0,638.0,91.0,219.0,1,1,1.0
594,3,775.0,662.0,117.0,225.0,1,1,1.0
595,2,718.0,639.0,86.0,219.0,1,1,1.0
595,3,767.0,665.0,123.0,226.0,1,1,1.0
596,2,711.0,639.0,84.0,219.0,1,1,1.0
596,3,763.0,666.0,121.0,228.0,1,1,1.0
597,2,705.0,639.0,77.0,215.0,1,1,1.0
597,3,762.0,666.0,112.0,228.0,1,1,1.0
598,2,702.0,639.0,62.0,218.0,1,1,1.0
598,3,761.0,665.0,96.0,229.0,1,1,1.0
599,2,695.0,640.0,58.0,218.0,1,1,1.0
599,3,754.0,664.0,82.0,230.0,1,1,1.0
600,2,679.0,641.0,70.0,219.0,1,1,1.0
600,3,743.0,665.0,75.0,234.0,1,1,1.0
