1,1,1717.0,327.0,38.0,134.0,1,1,1.0
2,1,1710.0,327.0,43.0,134.0,1,1,1.0
3,1,1702.0,328.0,49.0,134.0,1,1,1.0
4,1,1694.0,329.0,58.0,132.0,1,1,1.0
5,1,1687.0,329.0,65.0,131.0,1,1,1.0
6,1,1682.0,330.0,69.0,131.0,1,1,1.0
7,1,1678.0,330.0,69.0,132.0,1,1,1.0
8,1,1677.0,329.0,67.0,134.0,1,1,1.0
9,1,1676.0,327.0,61.0,136.0,1,1,1.0
10,1,1677.0,327.0,51.0,138.0,1,1,1.0
11,1,1678.0,325.0,43.0,139.0,1,1,1.0
12,1,1671.0,325.0,43.0,140.0,1,1,1.0
13,1,1661.0,326.0,49.0,140.0,1,1,1.0
14,1,1651.0,326.0,56.0,140.0,1,1,1.0
15,1,1645.0,328.0,59.0,138.0,1,1,1.0
16,1,1642.0,328.0,61.0,138.0,1,1,1.0
17,1,1640.0,327.0,60.0,138.0,1,1,1.0
18,1,1639.0,326.0,56.0,139.0,1,1,1.0
19,1,1639.0,326.0,50.0,140.0,1,1,1.0
20,1,1638.0,325.0,42.0,141.0,1,1,1.0
21,1,1633.0,325.0,42.0,143.0,1,1,1.0
22,1,1625.0,325.0,48.0,142.0,1,1,1.0
23,1,1616.0,326.0,57.0,141.0,1,1,1.0
24,1,1606.0,327.0,67.0,139.0,1,1,1.0
25,1,1600.0,328.0,72.0,138.0,1,1,1.0
26,1,1595.0,337.0,74.0,130.0,1,1,1.0
27,1,1590.0,331.0,74.0,136.0,1,1,1.0
28,1,1587.0,328.0,70.0,140.0,1,1,1.0
29,1,1587.0,326.0,61.0,142.0,1,1,1.0
33,1,1556.0,325.0,64.0,145.0,1,1,1.0
34,1,1546.0,326.0,70.0,144.0,1,1,1.0
35,1,1542.0,326.0,71.0,144.0,1,1,1.0
36,1,1540.0,326.0,70.0,143.0,1,1,1.0
37,1,1539.0,325.0,68.0,144.0,1,1,1.0
38,1,1539.0,323.0,59.0,145.0,1,1,1.0
39,1,1538.0,322.0,48.0,146.0,1,1,1.0
40,1,1536.0,321.0,41.0,147.0,1,1,1.0
41,1,1527.0,321.0,47.0,148.0,1,1,1.0
42,1,1517.0,323.0,57.0,147.0,1,1,1.0
43,1,1507.0,324.0,67.0,146.0,1,1,1.0
44,1,1498.0,325.0,75.0,146.0,1,1,1.0
45,1,1491.0,326.0,80.0,147.0,1,1,1.0
46,1,1486.0,326.0,80.0,148.0,1,1,1.0
47,1,1484.0,325.0,74.0,150.0,1,1,1.0
48,1,1484.0,323.0,62.0,153.0,1,1,1.0
49,1,1486.0,322.0,49.0,153.0,1,1,1.0
50,1,1478.0,322.0,48.0,153.0,1,1,1.0
51,1,1465.0,322.0,56.0,153.0,1,1,1.0
52,1,1452.0,323.0,66.0,153.0,1,1,1.0
53,1,1442.0,325.0,73.0,152.0,1,1,1.0
54,1,1437.0,325.0,77.0,151.0,1,1,1.0
55,1,1434.0,326.0,76.0,151.0,1,1,1.0
56,1,1432.0,324.0,71.0,152.0,1,1,1.0
57,1,1433.0,323.0,60.0,153.0,1,1,1.0
58,1,1433.0,322.0,48.0,154.0,1,1,1.0
59,1,1426.0,322.0,48.0,156.0,1,1,1.0
60,1,1413.0,322.0,58.0,156.0,1,1,1.0
61,1,1401.0,323.0,69.0,155.0,1,1,1.0
62,1,1390.0,324.0,80.0,153.0,1,1,1.0
63,1,1381.0,325.0,88.0,153.0,1,1,1.0
64,1,1374.0,326.0,90.0,155.0,1,1,1.0
65,1,1369.0,326.0,88.0,156.0,1,1,1.0
66,1,1365.0,326.0,80.0,157.0,1,1,1.0
67,1,1365.0,324.0,66.0,157.0,1,1,1.0
68,1,1368.0,323.0,50.0,158.0,1,1,1.0
69,1,1363.0,323.0,46.0,158.0,1,1,1.0
70,1,1348.0,323.0,56.0,159.0,1,1,1.0
71,1,1332.0,324.0,70.0,158.0,1,1,1.0
72,1,1318.0,326.0,82.0,157.0,1,1,1.0
73,1,1310.0,327.0,89.0,155.0,1,1,1.0
74,1,1304.0,327.0,91.0,155.0,1,1,1.0
75,1,1302.0,327.0,86.0,154.0,1,1,1.0
76,1,1302.0,326.0,75.0,155.0,1,1,1.0
77,1,1302.0,324.0,60.0,157.0,1,1,1.0
78,1,1300.0,323.0,47.0,158.0,1,1,1.0
79,1,1289.0,324.0,51.0,159.0,1,1,1.0
80,1,1276.0,324.0,63.0,158.0,1,1,1.0
81,1,1263.0,325.0,77.0,157.0,1,1,1.0
82,1,1252.0,326.0,88.0,156.0,1,1,1.0
83,1,1243.0,327.0,94.0,156.0,1,1,1.0
84,1,1235.0,327.0,94.0,157.0,1,1,1.0
85,1,1231.0,327.0,89.0,160.0,1,1,1.0
86,1,1230.0,325.0,77.0,160.0,1,1,1.0
87,1,1233.0,324.0,57.0,163.0,1,1,1.0
88,1,1232.0,323.0,47.0,162.0,1,1,1.0
89,1,1223.0,323.0,50.0,163.0,1,1,1.0
90,1,1204.0,324.0,66.0,163.0,1,1,1.0
91,1,1188.0,326.0,80.0,161.0,1,1,1.0
92,1,1177.0,328.0,89.0,160.0,1,1,1.0
93,1,1171.0,328.0,94.0,159.0,1,1,1.0
94,1,1168.0,328.0,92.0,159.0,1,1,1.0
95,1,1168.0,327.0,84.0,159.0,1,1,1.0
96,1,1168.0,325.0,71.0,160.0,1,1,1.0
97,1,1168.0,324.0,54.0,162.0,1,1,1.0
98,1,1161.0,323.0,48.0,164.0,1,1,1.0
99,1,1148.0,323.0,53.0,165.0,1,1,1.0
100,1,1135.0,324.0,65.0,163.0,1,1,1.0
101,1,1122.0,325.0,79.0,163.0,1,1,1.0
102,1,1111.0,327.0,89.0,164.0,1,1,1.0
103,1,1103.0,327.0,95.0,166.0,1,1,1.0
104,1,1097.0,328.0,94.0,167.0,1,1,1.0
105,1,1093.0,328.0,88.0,166.0,1,1,1.0
106,1,1094.0,328.0,75.0,166.0,1,1,1.0
107,1,1096.0,327.0,57.0,166.0,1,1,1.0
108,1,1092.0,327.0,54.0,167.0,1,1,1.0
109,1,1083.0,327.0,53.0,167.0,1,1,1.0
110,1,1064.0,328.0,68.0,167.0,1,1,1.0
111,1,1049.0,330.0,81.0,166.0,1,1,1.0
112,1,1040.0,331.0,89.0,164.0,1,1,1.0
113,1,1034.0,332.0,93.0,163.0,1,1,1.0
114,1,1032.0,332.0,89.0,164.0,1,1,1.0
115,1,1031.0,331.0,81.0,165.0,1,1,1.0
116,1,1031.0,329.0,67.0,167.0,1,1,1.0
117,1,1030.0,329.0,49.0,168.0,1,1,1.0
118,1,1019.0,329.0,49.0,169.0,1,1,1.0
119,1,1004.0,330.0,59.0,170.0,1,1,1.0
120,1,990.0,332.0,72.0,167.0,1,1,1.0
121,1,977.0,333.0,85.0,166.0,1,1,1.0
122,1,968.0,334.0,93.0,166.0,1,1,1.0
123,1,960.0,335.0,97.0,169.0,1,1,1.0
124,1,956.0,335.0,94.0,171.0,1,1,1.0
125,1,954.0,334.0,84.0,172.0,1,1,1.0
126,1,956.0,333.0,67.0,172.0,1,1,1.0
127,1,957.0,332.0,50.0,172.0,1,1,1.0
128,1,951.0,332.0,47.0,172.0,1,1,1.0
129,1,934.0,333.0,61.0,172.0,1,1,1.0
130,1,917.0,334.0,77.0,171.0,1,1,1.0
131,1,903.0,337.0,89.0,168.0,1,1,1.0
132,1,896.0,339.0,95.0,166.0,1,1,1.0
133,1,891.0,339.0,97.0,166.0,1,1,1.0
134,1,888.0,339.0,92.0,167.0,1,1,1.0
135,1,887.0,338.0,82.0,168.0,1,1,1.0
136,1,888.0,336.0,66.0,169.0,1,1,1.0
137,1,887.0,336.0,49.0,171.0,1,1,1.0
138,1,875.0,336.0,48.0,172.0,1,1,1.0
139,1,860.0,337.0,59.0,171.0,1,1,1.0
140,1,844.0,339.0,74.0,170.0,1,1,1.0
141,1,830.0,340.0,87.0,170.0,1,1,1.0
142,1,818.0,341.0,97.0,169.0,1,1,1.0
143,1,813.0,342.0,99.0,170.0,1,1,1.0
144,1,810.0,341.0,96.0,174.0,1,1,1.0
145,1,809.0,341.0,86.0,173.0,1,1,1.0
146,1,812.0,341.0,68.0,173.0,1,1,1.0
147,1,811.0,340.0,50.0,173.0,1,1,1.0
148,1,803.0,340.0,47.0,172.0,1,1,1.0
149,1,787.0,341.0,61.0,173.0,1,1,1.0
150,1,769.0,343.0,78.0,172.0,1,1,1.0
151,1,755.0,344.0,90.0,172.0,1,1,1.0
152,1,746.0,346.0,96.0,169.0,1,1,1.0
153,1,740.0,347.0,98.0,169.0,1,1,1.0
154,1,737.0,346.0,93.0,169.0,1,1,1.0
155,1,736.0,344.0,81.0,171.0,1,1,1.0
156,1,739.0,343.0,62.0,172.0,1,1,1.0
157,1,734.0,343.0,48.0,174.0,1,1,1.0
158,1,720.0,343.0,53.0,175.0,1,1,1.0
159,1,705.0,344.0,65.0,173.0,1,1,1.0
160,1,692.0,347.0,78.0,170.0,1,1,1.0
161,1,680.0,349.0,88.0,170.0,1,1,1.0
162,1,671.0,350.0,96.0,170.0,1,1,1.0
163,1,665.0,351.0,98.0,170.0,1,1,1.0
164,1,661.0,351.0,93.0,170.0,1,1,1.0
165,1,662.0,351.0,81.0,170.0,1,1,1.0
166,1,664.0,350.0,64.0,172.0,1,1,1.0
167,1,661.0,349.0,47.0,173.0,1,1,1.0
168,1,651.0,349.0,50.0,173.0,1,1,1.0
169,1,635.0,351.0,64.0,173.0,1,1,1.0
170,1,618.0,352.0,81.0,172.0,1,1,1.0
171,1,605.0,355.0,92.0,171.0,1,1,1.0
172,1,594.0,356.0,100.0,169.0,1,1,1.0
173,1,586.0,356.0,102.0,168.0,1,1,1.0
174,1,582.0,356.0,96.0,169.0,1,1,1.0
175,1,580.0,356.0,83.0,170.0,1,1,1.0
176,1,581.0,355.0,64.0,172.0,1,1,1.0
177,1,579.0,354.0,51.0,175.0,1,1,1.0
178,1,566.0,355.0,59.0,176.0,1,1,1.0
179,1,549.0,357.0,75.0,173.0,1,1,1.0
180,1,534.0,360.0,87.0,172.0,1,1,1.0
181,1,525.0,362.0,95.0,172.0,1,1,1.0
182,1,518.0,363.0,99.0,173.0,1,1,1.0
183,1,511.0,363.0,99.0,174.0,1,1,1.0
184,1,512.0,362.0,86.0,173.0,1,1,1.0
185,1,513.0,361.0,69.0,174.0,1,1,1.0
186,1,510.0,360.0,52.0,176.0,1,1,1.0
187,1,503.0,360.0,49.0,175.0,1,1,1.0
188,1,488.0,362.0,60.0,176.0,1,1,1.0
189,1,471.0,364.0,76.0,175.0,1,1,1.0
190,1,457.0,366.0,89.0,174.0,1,1,1.0
191,1,446.0,368.0,97.0,171.0,1,1,1.0
192,1,437.0,368.0,101.0,171.0,1,1,1.0
193,1,432.0,368.0,97.0,171.0,1,1,1.0
194,1,431.0,367.0,86.0,172.0,1,1,1.0
195,1,433.0,367.0,67.0,173.0,1,1,1.0
196,1,432.0,366.0,51.0,176.0,1,1,1.0
197,1,424.0,366.0,52.0,177.0,1,1,1.0
198,1,410.0,367.0,63.0,177.0,1,1,1.0
199,1,395.0,370.0,78.0,174.0,1,1,1.0
200,1,382.0,372.0,88.0,172.0,1,1,1.0
201,1,376.0,374.0,93.0,172.0,1,1,1.0
202,1,371.0,375.0,95.0,172.0,1,1,1.0
203,1,368.0,376.0,90.0,171.0,1,1,1.0
204,1,367.0,376.0,77.0,171.0,1,1,1.0
205,1,365.0,377.0,65.0,171.0,1,1,1.0
206,1,359.0,376.0,52.0,172.0,1,1,1.0
207,1,344.0,375.0,60.0,174.0,1,1,1.0
208,1,330.0,376.0,71.0,174.0,1,1,1.0
209,1,316.0,375.0,83.0,175.0,1,1,1.0
210,1,304.0,378.0,95.0,171.0,1,1,1.0
211,1,294.0,382.0,102.0,168.0,1,1,1.0
212,1,286.0,382.0,103.0,168.0,1,1,1.0
213,1,284.0,383.0,96.0,168.0,1,1,1.0
214,1,285.0,382.0,82.0,169.0,1,1,1.0
215,1,289.0,381.0,62.0,171.0,1,1,1.0
216,1,288.0,378.0,50.0,174.0,1,1,1.0
217,1,280.0,379.0,54.0,174.0,1,1,1.0
218,1,265.0,382.0,68.0,171.0,1,1,1.0
219,1,251.0,384.0,81.0,169.0,1,1,1.0
220,1,243.0,387.0,88.0,167.0,1,1,1.0
221,1,237.0,389.0,91.0,167.0,1,1,1.0
222,1,234.0,390.0,88.0,167.0,1,1,1.0
223,1,233.0,389.0,81.0,168.0,1,1,1.0
224,1,232.0,391.0,69.0,166.0,1,1,1.0
225,1,226.0,389.0,58.0,168.0,1,1,1.0
226,1,216.0,390.0,54.0,168.0,1,1,1.0
227,1,202.0,389.0,63.0,169.0,1,1,1.0
228,1,189.0,392.0,75.0,167.0,1,1,1.0
229,1,178.0,394.0,85.0,165.0,1,1,1.0
230,1,168.0,395.0,93.0,164.0,1,1,1.0
231,1,160.0,397.0,96.0,162.0,1,1,1.0
232,1,156.0,396.0,94.0,163.0,1,1,1.0
233,1,154.0,395.0,89.0,163.0,1,1,1.0
234,1,156.0,394.0,73.0,164.0,1,1,1.0
235,1,161.0,393.0,54.0,167.0,1,1,1.0
236,1,159.0,393.0,49.0,168.0,1,1,1.0
237,1,152.0,394.0,54.0,166.0,1,1,1.0
238,1,140.0,396.0,65.0,164.0,1,1,1.0
239,1,129.0,397.0,75.0,163.0,1,1,1.0
240,1,124.0,400.0,80.0,162.0,1,1,1.0
241,1,121.0,401.0,80.0,162.0,1,1,1.0
242,1,119.0,401.0,77.0,162.0,1,1,1.0
243,1,117.0,401.0,69.0,163.0,1,1,1.0
244,1,113.0,400.0,62.0,164.0,1,1,1.0
245,1,109.0,400.0,52.0,165.0,1,1,1.0
246,1,100.0,400.0,50.0,165.0,1,1,1.0
247,1,89.0,401.0,57.0,163.0,1,1,1.0
248,1,79.0,403.0,66.0,163.0,1,1,1.0
249,1,70.0,405.0,74.0,161.0,1,1,1.0
250,1,62.0,407.0,80.0,159.0,1,1,1.0
251,1,57.0,408.0,82.0,158.0,1,1,1.0
252,1,54.0,408.0,79.0,158.0,1,1,1.0
253,1,54.0,407.0,71.0,159.0,1,1,1.0
254,1,56.0,406.0,58.0,160.0,1,1,1.0
255,1,59.0,406.0,43.0,161.0,1,1,1.0
256,1,55.0,407.0,42.0,163.0,1,1,1.0
257,1,51.0,407.0,44.0,163.0,1,1,1.0
258,1,41.0,409.0,54.0,160.0,1,1,1.0
259,1,33.0,410.0,62.0,160.0,1,1,1.0
260,1,28.0,412.0,66.0,158.0,1,1,1.0
261,1,22.0,414.0,71.0,160.0,1,1,1.0
262,1,20.0,415.0,71.0,160.0,1,1,1.0
263,1,20.0,414.0,67.0,160.0,1,1,1.0
264,1,18.0,414.0,63.0,160.0,1,1,1.0
265,1,11.0,412.0,62.0,162.0,1,1,1.0
266,1,3.0,411.0,60.0,162.0,1,1,1.0
267,1,4.0,411.0,54.0,163.0,1,1,1.0
268,1,0.0,412.0,58.0,163.0,1,1,1.0
269,1,0.0,413.0,59.0,162.0,1,1,1.0
270,1,0.0,414.0,59.0,160.0,1,1,1.0
271,1,0.0,415.0,58.0,158.0,1,1,1.0
272,1,0.0,416.0,57.0,157.0,1,1,1.0
273,1,0.0,417.0,54.0,157.0,1,1,1.0
274,1,0.0,416.0,49.0,156.0,1,1,1.0
275,1,0.0,415.0,50.0,156.0,1,1,1.0
276,1,0.0,414.0,50.0,156.0,1,1,1.0
279,1,0.0,413.0,39.0,157.0,1,1,1.0
280,1,0.0,413.0,39.0,156.0,1,1,1.0
281,1,0.0,413.0,39.0,156.0,1,1,1.0
282,1,0.0,412.0,41.0,156.0,1,1,1.0
283,1,0.0,412.0,43.0,156.0,1,1,1.0
284,1,0.0,412.0,45.0,156.0,1,1,1.0
285,1,0.0,412.0,46.0,155.0,1,1,1.0
286,1,0.0,410.0,46.0,153.0,1,1,1.0
287,1,0.0,410.0,48.0,152.0,1,1,1.0
288,1,5.0,409.0,43.0,154.0,1,1,1.0
289,1,11.0,408.0,38.0,152.0,1,1,1.0
290,1,14.0,408.0,40.0,151.0,1,1,1.0
291,1,15.0,408.0,48.0,151.0,1,1,1.0
292,1,16.0,408.0,56.0,151.0,1,1,1.0
293,1,17.0,409.0,61.0,149.0,1,1,1.0
294,1,18.0,409.0,65.0,148.0,1,1,1.0
295,1,20.0,408.0,65.0,146.0,1,1,1.0
296,1,23.0,406.0,63.0,147.0,1,1,1.0
297,1,27.0,404.0,59.0,149.0,1,1,1.0
298,1,36.0,402.0,50.0,150.0,1,1,1.0
299,1,44.0,400.0,41.0,151.0,1,1,1.0
300,1,50.0,399.0,36.0,152.0,1,1,1.0
301,1,55.0,398.0,40.0,153.0,1,1,1.0
302,1,59.0,397.0,48.0,153.0,1,1,1.0
303,1,62.0,398.0,56.0,152.0,1,1,1.0
304,1,64.0,398.0,63.0,151.0,1,1,1.0
305,1,65.0,397.0,68.0,152.0,1,1,1.0
306,1,68.0,395.0,68.0,152.0,1,1,1.0
307,1,72.0,394.0,64.0,153.0,1,1,1.0
308,1,79.0,392.0,58.0,154.0,1,1,1.0
309,1,88.0,391.0,48.0,153.0,1,1,1.0
310,1,98.0,390.0,39.0,152.0,1,1,1.0
311,1,104.0,388.0,38.0,154.0,1,1,1.0
312,1,109.0,387.0,45.0,153.0,1,1,1.0
313,1,111.0,387.0,59.0,153.0,1,1,1.0
314,1,112.0,387.0,69.0,151.0,1,1,1.0
315,1,114.0,387.0,74.0,149.0,1,1,1.0
316,1,118.0,387.0,75.0,150.0,1,1,1.0
317,1,123.0,386.0,72.0,150.0,1,1,1.0
318,1,131.0,384.0,65.0,150.0,1,1,1.0
319,1,141.0,381.0,54.0,150.0,1,1,1.0
320,1,151.0,379.0,45.0,150.0,1,1,1.0
321,1,158.0,379.0,42.0,151.0,1,1,1.0
322,1,163.0,378.0,50.0,151.0,1,1,1.0
323,1,168.0,378.0,59.0,151.0,1,1,1.0
324,1,169.0,379.0,69.0,150.0,1,1,1.0
325,1,170.0,379.0,75.0,150.0,1,1,1.0
326,1,170.0,379.0,79.0,150.0,1,1,1.0
327,1,178.0,377.0,72.0,150.0,1,1,1.0
328,1,189.0,374.0,62.0,152.0,1,1,1.0
329,1,201.0,374.0,50.0,149.0,1,1,1.0
330,1,204.0,369.0,50.0,152.0,1,1,1.0
331,1,215.0,371.0,46.0,148.0,1,1,1.0
332,1,224.0,373.0,53.0,146.0,1,1,1.0
333,1,227.0,373.0,66.0,145.0,1,1,1.0
334,1,229.0,373.0,73.0,144.0,1,1,1.0
335,1,231.0,372.0,77.0,144.0,1,1,1.0
336,1,234.0,372.0,76.0,144.0,1,1,1.0
337,1,241.0,370.0,71.0,144.0,1,1,1.0
338,1,251.0,366.0,60.0,145.0,1,1,1.0
339,1,264.0,362.0,48.0,147.0,1,1,1.0
340,1,272.0,363.0,42.0,145.0,1,1,1.0
341,1,275.0,361.0,50.0,146.0,1,1,1.0
342,1,278.0,359.0,58.0,147.0,1,1,1.0
343,1,279.0,359.0,69.0,147.0,1,1,1.0
344,1,279.0,360.0,77.0,146.0,1,1,1.0
345,1,282.0,359.0,79.0,146.0,1,1,1.0
346,1,287.0,360.0,75.0,146.0,1,1,1.0
347,1,295.0,357.0,70.0,148.0,1,1,1.0
348,1,307.0,354.0,60.0,147.0,1,1,1.0
349,1,318.0,352.0,48.0,145.0,1,1,1.0
350,1,326.0,351.0,45.0,146.0,1,1,1.0
351,1,326.0,350.0,57.0,145.0,1,1,1.0
352,1,336.0,350.0,62.0,146.0,1,1,1.0
353,1,341.0,350.0,70.0,145.0,1,1,1.0
354,1,343.0,350.0,75.0,145.0,1,1,1.0
355,1,344.0,348.0,77.0,145.0,1,1,1.0
356,1,347.0,347.0,76.0,145.0,1,1,1.0
357,1,353.0,346.0,70.0,144.0,1,1,1.0
358,1,365.0,344.0,59.0,143.0,1,1,1.0
359,1,375.0,343.0,48.0,143.0,1,1,1.0
360,1,383.0,342.0,46.0,142.0,1,1,1.0
361,1,388.0,342.0,51.0,142.0,1,1,1.0
362,1,389.0,341.0,60.0,143.0,1,1,1.0
363,1,388.0,342.0,69.0,142.0,1,1,1.0
364,1,389.0,342.0,75.0,142.0,1,1,1.0
365,1,392.0,342.0,77.0,141.0,1,1,1.0
366,1,398.0,340.0,74.0,142.0,1,1,1.0
367,1,407.0,339.0,68.0,141.0,1,1,1.0
368,1,419.0,337.0,56.0,138.0,1,1,1.0
369,1,429.0,334.0,45.0,138.0,1,1,1.0
370,1,435.0,332.0,43.0,140.0,1,1,1.0
371,1,440.0,332.0,47.0,140.0,1,1,1.0
372,1,445.0,331.0,56.0,140.0,1,1,1.0
373,1,447.0,332.0,65.0,139.0,1,1,1.0
374,1,449.0,333.0,71.0,138.0,1,1,1.0
375,1,450.0,333.0,74.0,137.0,1,1,1.0
376,1,454.0,332.0,71.0,138.0,1,1,1.0
377,1,461.0,330.0,65.0,137.0,1,1,1.0
378,1,471.0,328.0,54.0,136.0,1,1,1.0
379,1,483.0,327.0,42.0,136.0,1,1,1.0
380,1,489.0,326.0,44.0,136.0,1,1,1.0
381,1,492.0,326.0,51.0,136.0,1,1,1.0
382,1,492.0,326.0,61.0,137.0,1,1,1.0
383,1,492.0,326.0,70.0,138.0,1,1,1.0
384,1,493.0,326.0,74.0,137.0,1,1,1.0
385,1,496.0,326.0,76.0,139.0,1,1,1.0
386,1,503.0,324.0,73.0,137.0,1,1,1.0
387,1,511.0,322.0,67.0,137.0,1,1,1.0
388,1,522.0,320.0,55.0,145.0,1,1,1.0
389,1,533.0,319.0,44.0,138.0,1,1,1.0
390,1,539.0,318.0,42.0,136.0,1,1,1.0
391,1,545.0,317.0,45.0,136.0,1,1,1.0
392,1,548.0,316.0,55.0,135.0,1,1,1.0
393,1,550.0,318.0,64.0,133.0,1,1,1.0
394,1,551.0,319.0,70.0,132.0,1,1,1.0
395,1,551.0,318.0,72.0,133.0,1,1,1.0
396,1,555.0,317.0,68.0,133.0,1,1,1.0
397,1,563.0,314.0,62.0,135.0,1,1,1.0
398,1,573.0,313.0,52.0,134.0,1,1,1.0
399,1,584.0,313.0,41.0,134.0,1,1,1.0
400,1,591.0,314.0,40.0,132.0,1,1,1.0
401,1,593.0,314.0,47.0,132.0,1,1,1.0
402,1,593.0,313.0,57.0,131.0,1,1,1.0
403,1,593.0,314.0,66.0,132.0,1,1,1.0
404,1,593.0,314.0,73.0,131.0,1,1,1.0
405,1,597.0,314.0,74.0,130.0,1,1,1.0
406,1,604.0,313.0,70.0,130.0,1,1,1.0
407,1,612.0,312.0,63.0,127.0,1,1,1.0
408,1,624.0,310.0,49.0,127.0,1,1,1.0
409,1,634.0,307.0,40.0,130.0,1,1,1.0
410,1,639.0,306.0,39.0,130.0,1,1,1.0
411,1,643.0,305.0,47.0,130.0,1,1,1.0
412,1,645.0,305.0,56.0,131.0,1,1,1.0
413,1,646.0,305.0,63.0,129.0,1,1,1.0
414,1,646.0,306.0,67.0,128.0,1,1,1.0
415,1,648.0,307.0,67.0,127.0,1,1,1.0
416,1,653.0,306.0,62.0,128.0,1,1,1.0
417,1,661.0,305.0,54.0,126.0,1,1,1.0
418,1,672.0,304.0,43.0,126.0,1,1,1.0
419,1,682.0,302.0,37.0,127.0,1,1,1.0
420,1,683.0,302.0,42.0,127.0,1,1,1.0
421,1,688.0,302.0,45.0,126.0,1,1,1.0
422,1,691.0,302.0,55.0,126.0,1,1,1.0
423,1,693.0,303.0,62.0,124.0,1,1,1.0
424,1,695.0,303.0,65.0,123.0,1,1,1.0
425,1,698.0,303.0,68.0,124.0,1,1,1.0
426,1,703.0,302.0,64.0,124.0,1,1,1.0
427,1,711.0,301.0,57.0,125.0,1,1,1.0
428,1,721.0,299.0,48.0,124.0,1,1,1.0
429,1,733.0,298.0,39.0,125.0,1,1,1.0
430,1,741.0,297.0,36.0,126.0,1,1,1.0
431,1,745.0,297.0,42.0,125.0,1,1,1.0
432,1,746.0,297.0,54.0,123.0,1,1,1.0
433,1,747.0,298.0,63.0,122.0,1,1,1.0
434,1,748.0,298.0,68.0,123.0,1,1,1.0
435,1,750.0,299.0,69.0,122.0,1,1,1.0
436,1,754.0,298.0,66.0,125.0,1,1,1.0
437,1,762.0,297.0,59.0,124.0,1,1,1.0
438,1,772.0,295.0,50.0,124.0,1,1,1.0
439,1,785.0,294.0,40.0,125.0,1,1,1.0
440,1,795.0,293.0,36.0,125.0,1,1,1.0
441,1,799.0,293.0,41.0,124.0,1,1,1.0
442,1,800.0,294.0,54.0,123.0,1,1,1.0
443,1,801.0,296.0,63.0,122.0,1,1,1.0
444,1,802.0,297.0,68.0,122.0,1,1,1.0
445,1,804.0,297.0,69.0,122.0,1,1,1.0
446,1,809.0,296.0,65.0,122.0,1,1,1.0
447,1,818.0,295.0,57.0,122.0,1,1,1.0
448,1,828.0,294.0,47.0,123.0,1,1,1.0
449,1,841.0,294.0,36.0,122.0,1,1,1.0
450,1,847.0,293.0,41.0,123.0,1,1,1.0
451,1,849.0,294.0,51.0,123.0,1,1,1.0
452,1,849.0,295.0,60.0,121.0,1,1,1.0
453,1,850.0,295.0,69.0,120.0,1,1,1.0
454,1,851.0,296.0,73.0,121.0,1,1,1.0
455,1,855.0,295.0,73.0,123.0,1,1,1.0
456,1,860.0,295.0,72.0,125.0,1,1,1.0
457,1,868.0,295.0,62.0,124.0,1,1,1.0
458,1,879.0,295.0,48.0,125.0,1,1,1.0
459,1,889.0,294.0,38.0,126.0,1,1,1.0
460,1,895.0,293.0,39.0,127.0,1,1,1.0
461,1,898.0,292.0,45.0,129.0,1,1,1.0
462,1,900.0,292.0,53.0,128.0,1,1,1.0
463,1,901.0,293.0,59.0,127.0,1,1,1.0
464,1,903.0,295.0,62.0,125.0,1,1,1.0
465,1,905.0,296.0,61.0,125.0,1,1,1.0
466,1,910.0,295.0,56.0,126.0,1,1,1.0
467,1,917.0,295.0,49.0,126.0,1,1,1.0
468,1,927.0,293.0,39.0,128.0,1,1,1.0
469,1,932.0,293.0,40.0,128.0,1,1,1.0
470,1,931.0,293.0,50.0,130.0,1,1,1.0
471,1,930.0,294.0,61.0,131.0,1,1,1.0
472,1,931.0,295.0,69.0,131.0,1,1,1.0
473,1,933.0,295.0,72.0,132.0,1,1,1.0
474,1,937.0,296.0,74.0,132.0,1,1,1.0
475,1,943.0,296.0,71.0,132.0,1,1,1.0
476,1,955.0,296.0,60.0,133.0,1,1,1.0
477,1,964.0,295.0,50.0,133.0,1,1,1.0
478,1,971.0,294.0,42.0,133.0,1,1,1.0
479,1,976.0,295.0,40.0,134.0,1,1,1.0
480,1,979.0,296.0,45.0,133.0,1,1,1.0
481,1,980.0,296.0,55.0,133.0,1,1,1.0
482,1,981.0,296.0,62.0,134.0,1,1,1.0
483,1,982.0,298.0,65.0,133.0,1,1,1.0
484,1,985.0,299.0,64.0,134.0,1,1,1.0
485,1,990.0,298.0,60.0,135.0,1,1,1.0
486,1,997.0,297.0,53.0,135.0,1,1,1.0
487,1,1008.0,297.0,43.0,135.0,1,1,1.0
488,1,1017.0,296.0,39.0,136.0,1,1,1.0
489,1,1018.0,296.0,47.0,138.0,1,1,1.0
490,1,1018.0,298.0,57.0,138.0,1,1,1.0
491,1,1018.0,299.0,67.0,138.0,1,1,1.0
492,1,1020.0,300.0,72.0,138.0,1,1,1.0
493,1,1023.0,301.0,75.0,138.0,1,1,1.0
494,1,1027.0,301.0,75.0,139.0,1,1,1.0
495,1,1033.0,301.0,72.0,140.0,1,1,1.0
496,1,1044.0,301.0,60.0,140.0,1,1,1.0
497,1,1054.0,300.0,47.0,141.0,1,1,1.0
498,1,1061.0,300.0,41.0,141.0,1,1,1.0
499,1,1062.0,300.0,49.0,142.0,1,1,1.0
500,1,1065.0,301.0,59.0,141.0,1,1,1.0
501,1,1066.0,302.0,68.0,141.0,1,1,1.0
502,1,1068.0,303.0,72.0,140.0,1,1,1.0
503,1,1071.0,304.0,72.0,141.0,1,1,1.0
504,1,1075.0,304.0,69.0,141.0,1,1,1.0
505,1,1082.0,304.0,63.0,142.0,1,1,1.0
506,1,1093.0,303.0,54.0,142.0,1,1,1.0
507,1,1105.0,302.0,46.0,143.0,1,1,1.0
508,1,1113.0,303.0,47.0,146.0,1,1,1.0
509,1,1112.0,303.0,58.0,146.0,1,1,1.0
510,1,1113.0,304.0,67.0,146.0,1,1,1.0
511,1,1115.0,306.0,79.0,146.0,1,1,1.0
512,1,1119.0,307.0,80.0,146.0,1,1,1.0
513,1,1123.0,307.0,82.0,147.0,1,1,1.0
514,1,1127.0,306.0,83.0,148.0,1,1,1.0
515,1,1139.0,306.0,70.0,149.0,1,1,1.0
516,1,1153.0,305.0,54.0,149.0,1,1,1.0
517,1,1162.0,305.0,46.0,150.0,1,1,1.0
518,1,1166.0,305.0,47.0,150.0,1,1,1.0
519,1,1168.0,306.0,59.0,150.0,1,1,1.0
520,1,1170.0,308.0,69.0,148.0,1,1,1.0
521,1,1170.0,310.0,77.0,147.0,1,1,1.0
522,1,1172.0,311.0,79.0,147.0,1,1,1.0
523,1,1176.0,311.0,76.0,147.0,1,1,1.0
524,1,1183.0,310.0,70.0,148.0,1,1,1.0
525,1,1193.0,309.0,62.0,149.0,1,1,1.0
526,1,1206.0,309.0,51.0,149.0,1,1,1.0
527,1,1220.0,310.0,44.0,149.0,1,1,1.0
528,1,1224.0,310.0,52.0,152.0,1,1,1.0
