1,1,1207.0,349.0,166.0,502.0,1,1,1.0
1,2,1349.0,328.0,180.0,505.0,1,1,1.0
2,1,1209.0,343.0,157.0,500.0,1,1,1.0
2,2,1352.0,319.0,165.0,487.0,1,1,1.0
3,1,1210.0,334.0,150.0,495.0,1,1,1.0
3,2,1354.0,310.0,154.0,468.0,1,1,1.0
4,1,1205.0,327.0,151.0,488.0,1,1,1.0
4,2,1344.0,303.0,161.0,463.0,1,1,1.0
5,1,1199.0,317.0,152.0,475.0,1,1,1.0
5,2,1345.0,299.0,154.0,467.0,1,1,1.0
6,1,1190.0,309.0,159.0,459.0,1,1,1.0
6,2,1342.0,296.0,153.0,470.0,1,1,1.0
7,1,1183.0,302.0,165.0,447.0,1,1,1.0
7,2,1340.0,295.0,149.0,469.0,1,1,1.0
8,1,1177.0,297.0,169.0,447.0,1,1,1.0
8,2,1338.0,293.0,144.0,470.0,1,1,1.0
9,1,1171.0,294.0,174.0,449.0,1,1,1.0
9,2,1337.0,288.0,141.0,467.0,1,1,1.0
10,1,1167.0,293.0,178.0,450.0,1,1,1.0
10,2,1333.0,280.0,140.0,460.0,1,1,1.0
11,1,1165.0,294.0,177.0,447.0,1,1,1.0
11,2,1327.0,272.0,143.0,447.0,1,1,1.0
12,1,1165.0,289.0,170.0,447.0,1,1,1.0
12,2,1323.0,263.0,143.0,432.0,1,1,1.0
13,1,1165.0,283.0,162.0,443.0,1,1,1.0
13,2,1316.0,256.0,146.0,424.0,1,1,1.0
14,1,1163.0,275.0,156.0,438.0,1,1,1.0
14,2,1311.0,251.0,151.0,424.0,1,1,1.0
15,1,1161.0,268.0,153.0,425.0,1,1,1.0
15,2,1308.0,248.0,159.0,425.0,1,1,1.0
16,1,1159.0,260.0,146.0,414.0,1,1,1.0
16,2,1305.0,247.0,168.0,425.0,1,1,1.0
17,1,1155.0,256.0,144.0,404.0,1,1,1.0
17,2,1302.0,248.0,174.0,425.0,1,1,1.0
18,1,1152.0,254.0,140.0,401.0,1,1,1.0
18,2,1301.0,247.0,176.0,423.0,1,1,1.0
19,1,1147.0,252.0,135.0,402.0,1,1,1.0
19,2,1301.0,242.0,170.0,420.0,1,1,1.0
20,1,1138.0,251.0,135.0,401.0,1,1,1.0
20,2,1302.0,236.0,161.0,412.0,1,1,1.0
21,1,1132.0,249.0,131.0,395.0,1,1,1.0
21,2,1300.0,229.0,148.0,398.0,1,1,1.0
22,1,1131.0,244.0,122.0,395.0,1,1,1.0
22,2,1299.0,221.0,135.0,390.0,1,1,1.0
23,1,1132.0,241.0,118.0,390.0,1,1,1.0
23,2,1299.0,218.0,130.0,385.0,1,1,1.0
24,1,1126.0,234.0,119.0,383.0,1,1,1.0
24,2,1296.0,215.0,126.0,386.0,1,1,1.0
25,1,1117.0,224.0,120.0,374.0,1,1,1.0
25,2,1287.0,212.0,125.0,385.0,1,1,1.0
26,1,1109.0,220.0,127.0,368.0,1,1,1.0
26,2,1280.0,214.0,128.0,382.0,1,1,1.0
27,1,1102.0,217.0,136.0,368.0,1,1,1.0
27,2,1277.0,212.0,123.0,379.0,1,1,1.0
28,1,1095.0,215.0,143.0,369.0,1,1,1.0
28,2,1274.0,209.0,119.0,378.0,1,1,1.0
29,1,1091.0,215.0,147.0,367.0,1,1,1.0
29,2,1268.0,205.0,119.0,373.0,1,1,1.0
30,1,1087.0,214.0,149.0,366.0,1,1,1.0
30,2,1260.0,199.0,122.0,366.0,1,1,1.0
31,1,1086.0,212.0,148.0,363.0,1,1,1.0
31,2,1253.0,193.0,125.0,355.0,1,1,1.0
32,1,1086.0,208.0,145.0,362.0,1,1,1.0
32,2,1246.0,189.0,129.0,349.0,1,1,1.0
33,1,1086.0,203.0,139.0,358.0,1,1,1.0
33,2,1240.0,186.0,133.0,349.0,1,1,1.0
34,1,1086.0,195.0,132.0,351.0,1,1,1.0
34,2,1235.0,183.0,137.0,349.0,1,1,1.0
35,1,1084.0,191.0,128.0,341.0,1,1,1.0
35,2,1232.0,183.0,143.0,349.0,1,1,1.0
36,1,1081.0,187.0,124.0,335.0,1,1,1.0
36,2,1229.0,183.0,147.0,348.0,1,1,1.0
37,1,1080.0,185.0,121.0,334.0,1,1,1.0
37,2,1228.0,182.0,147.0,346.0,1,1,1.0
38,1,1080.0,184.0,115.0,334.0,1,1,1.0
38,2,1227.0,179.0,145.0,344.0,1,1,1.0
39,1,1080.0,184.0,109.0,333.0,1,1,1.0
39,2,1228.0,175.0,138.0,340.0,1,1,1.0
40,1,1080.0,184.0,102.0,331.0,1,1,1.0
40,2,1228.0,170.0,127.0,333.0,1,1,1.0
41,1,1079.0,182.0,98.0,330.0,1,1,1.0
41,2,1227.0,165.0,114.0,326.0,1,1,1.0
42,1,1074.0,178.0,100.0,326.0,1,1,1.0
42,2,1225.0,160.0,108.0,320.0,1,1,1.0
43,1,1069.0,174.0,102.0,322.0,1,1,1.0
43,2,1221.0,159.0,105.0,318.0,1,1,1.0
44,1,1064.0,167.0,105.0,314.0,1,1,1.0
44,2,1214.0,157.0,106.0,318.0,1,1,1.0
45,1,1059.0,164.0,109.0,309.0,1,1,1.0
45,2,1208.0,157.0,108.0,318.0,1,1,1.0
46,1,1056.0,161.0,113.0,308.0,1,1,1.0
47,1,1054.0,160.0,116.0,308.0,1,1,1.0
47,2,1205.0,155.0,98.0,315.0,1,1,1.0
48,1,1053.0,161.0,118.0,307.0,1,1,1.0
48,2,1200.0,152.0,96.0,313.0,1,1,1.0
49,1,1053.0,162.0,117.0,305.0,1,1,1.0
49,2,1194.0,149.0,100.0,301.0,1,1,1.0
50,1,1054.0,161.0,115.0,303.0,1,1,1.0
50,2,1187.0,145.0,105.0,299.0,1,1,1.0
51,1,1056.0,159.0,112.0,301.0,1,1,1.0
51,2,1179.0,141.0,109.0,294.0,1,1,1.0
52,1,1056.0,155.0,110.0,299.0,1,1,1.0
52,2,1174.0,139.0,111.0,293.0,1,1,1.0
53,1,1056.0,151.0,108.0,294.0,1,1,1.0
53,2,1172.0,137.0,117.0,293.0,1,1,1.0
54,1,1055.0,146.0,106.0,289.0,1,1,1.0
54,2,1170.0,137.0,121.0,293.0,1,1,1.0
55,1,1054.0,143.0,103.0,284.0,1,1,1.0
55,2,1169.0,137.0,125.0,293.0,1,1,1.0
56,1,1052.0,142.0,101.0,282.0,1,1,1.0
56,2,1168.0,137.0,124.0,292.0,1,1,1.0
57,1,1051.0,142.0,99.0,281.0,1,1,1.0
57,2,1167.0,136.0,120.0,291.0,1,1,1.0
58,1,1050.0,142.0,95.0,280.0,1,1,1.0
58,2,1167.0,133.0,115.0,289.0,1,1,1.0
59,1,1050.0,143.0,90.0,278.0,1,1,1.0
59,2,1166.0,129.0,106.0,283.0,1,1,1.0
60,1,1049.0,141.0,86.0,277.0,1,1,1.0
60,2,1164.0,124.0,95.0,279.0,1,1,1.0
61,1,1046.0,139.0,86.0,275.0,1,1,1.0
61,2,1161.0,121.0,89.0,273.0,1,1,1.0
62,1,1041.0,135.0,88.0,271.0,1,1,1.0
62,2,1157.0,119.0,87.0,273.0,1,1,1.0
63,1,1038.0,130.0,89.0,264.0,1,1,1.0
63,2,1152.0,119.0,88.0,272.0,1,1,1.0
64,1,1034.0,127.0,89.0,262.0,1,1,1.0
64,2,1145.0,119.0,89.0,271.0,1,1,1.0
65,1,1032.0,124.0,93.0,262.0,1,1,1.0
65,2,1143.0,119.0,86.0,270.0,1,1,1.0
66,1,1030.0,124.0,96.0,263.0,1,1,1.0
66,2,1141.0,119.0,83.0,269.0,1,1,1.0
67,1,1029.0,124.0,98.0,262.0,1,1,1.0
67,2,1138.0,117.0,83.0,267.0,1,1,1.0
68,1,1028.0,125.0,100.0,260.0,1,1,1.0
68,2,1133.0,115.0,84.0,256.0,1,1,1.0
69,1,1028.0,125.0,99.0,258.0,1,1,1.0
69,2,1129.0,112.0,87.0,257.0,1,1,1.0
70,1,1029.0,124.0,97.0,256.0,1,1,1.0
70,2,1126.0,109.0,87.0,253.0,1,1,1.0
71,1,1030.0,122.0,94.0,255.0,1,1,1.0
71,2,1122.0,107.0,89.0,253.0,1,1,1.0
72,1,1030.0,119.0,93.0,251.0,1,1,1.0
72,2,1119.0,106.0,95.0,252.0,1,1,1.0
73,1,1029.0,115.0,91.0,246.0,1,1,1.0
73,2,1118.0,106.0,99.0,252.0,1,1,1.0
74,1,1028.0,112.0,89.0,244.0,1,1,1.0
74,2,1117.0,107.0,103.0,251.0,1,1,1.0
75,1,1027.0,111.0,87.0,243.0,1,1,1.0
75,2,1117.0,108.0,104.0,250.0,1,1,1.0
76,1,1025.0,110.0,86.0,243.0,1,1,1.0
76,2,1117.0,107.0,102.0,249.0,1,1,1.0
77,1,1026.0,111.0,82.0,241.0,1,1,1.0
77,2,1118.0,105.0,98.0,248.0,1,1,1.0
78,1,1025.0,111.0,78.0,240.0,1,1,1.0
78,2,1118.0,102.0,92.0,238.0,1,1,1.0
79,1,1025.0,111.0,75.0,239.0,1,1,1.0
79,2,1117.0,98.0,84.0,237.0,1,1,1.0
80,1,1025.0,109.0,73.0,239.0,1,1,1.0
80,2,1116.0,96.0,77.0,236.0,1,1,1.0
81,1,1023.0,107.0,73.0,227.0,1,1,1.0
81,2,1113.0,93.0,74.0,236.0,1,1,1.0
82,1,1020.0,104.0,74.0,226.0,1,1,1.0
82,2,1111.0,92.0,73.0,236.0,1,1,1.0
83,1,1017.0,100.0,76.0,227.0,1,1,1.0
83,2,1108.0,92.0,73.0,236.0,1,1,1.0
84,1,1014.0,98.0,79.0,227.0,1,1,1.0
84,2,1105.0,92.0,72.0,236.0,1,1,1.0
85,1,1011.0,97.0,82.0,226.0,1,1,1.0
85,2,1103.0,92.0,71.0,235.0,1,1,1.0
86,1,1010.0,97.0,85.0,227.0,1,1,1.0
86,2,1101.0,91.0,70.0,234.0,1,1,1.0
87,1,1009.0,98.0,87.0,226.0,1,1,1.0
87,2,1097.0,89.0,72.0,230.0,1,1,1.0
88,1,1008.0,98.0,87.0,225.0,1,1,1.0
88,2,1095.0,87.0,73.0,226.0,1,1,1.0
89,1,1008.0,98.0,86.0,224.0,1,1,1.0
89,2,1092.0,84.0,74.0,223.0,1,1,1.0
90,1,1010.0,97.0,84.0,222.0,1,1,1.0
90,2,1092.0,82.0,73.0,222.0,1,1,1.0
91,1,1011.0,95.0,82.0,219.0,1,1,1.0
91,2,1091.0,81.0,75.0,223.0,1,1,1.0
92,1,1011.0,92.0,79.0,215.0,1,1,1.0
92,2,1090.0,81.0,79.0,222.0,1,1,1.0
93,1,1011.0,89.0,77.0,215.0,1,1,1.0
93,2,1090.0,82.0,82.0,222.0,1,1,1.0
94,1,1011.0,87.0,75.0,214.0,1,1,1.0
94,2,1090.0,82.0,84.0,221.0,1,1,1.0
95,1,1010.0,86.0,74.0,214.0,1,1,1.0
95,2,1090.0,82.0,84.0,220.0,1,1,1.0
96,1,1010.0,86.0,72.0,213.0,1,1,1.0
96,2,1090.0,81.0,82.0,218.0,1,1,1.0
97,1,1009.0,87.0,71.0,212.0,1,1,1.0
97,2,1090.0,79.0,79.0,216.0,1,1,1.0
98,1,1009.0,88.0,69.0,210.0,1,1,1.0
98,2,1090.0,77.0,74.0,210.0,1,1,1.0
99,1,1009.0,87.0,67.0,209.0,1,1,1.0
99,2,1089.0,74.0,70.0,209.0,1,1,1.0
100,1,1008.0,85.0,65.0,209.0,1,1,1.0
100,2,1088.0,73.0,68.0,208.0,1,1,1.0
101,1,1006.0,83.0,67.0,206.0,1,1,1.0
101,2,1086.0,73.0,67.0,208.0,1,1,1.0
102,1,1004.0,81.0,68.0,203.0,1,1,1.0
102,2,1085.0,73.0,66.0,207.0,1,1,1.0
103,1,1002.0,78.0,70.0,202.0,1,1,1.0
103,2,1083.0,73.0,66.0,207.0,1,1,1.0
104,1,1001.0,76.0,73.0,202.0,1,1,1.0
104,2,1081.0,73.0,65.0,207.0,1,1,1.0
105,1,1000.0,75.0,75.0,202.0,1,1,1.0
105,2,1080.0,72.0,65.0,206.0,1,1,1.0
106,1,999.0,76.0,76.0,200.0,1,1,1.0
106,2,1079.0,71.0,65.0,204.0,1,1,1.0
107,1,999.0,78.0,76.0,198.0,1,1,1.0
107,2,1078.0,69.0,65.0,201.0,1,1,1.0
108,1,1000.0,79.0,74.0,197.0,1,1,1.0
108,2,1076.0,67.0,66.0,199.0,1,1,1.0
109,1,1002.0,77.0,72.0,197.0,1,1,1.0
109,2,1075.0,65.0,66.0,197.0,1,1,1.0
110,1,1003.0,75.0,71.0,196.0,1,1,1.0
110,2,1075.0,64.0,69.0,197.0,1,1,1.0
111,1,1004.0,73.0,69.0,193.0,1,1,1.0
111,2,1075.0,64.0,71.0,197.0,1,1,1.0
112,1,1005.0,70.0,69.0,192.0,1,1,1.0
112,2,1076.0,65.0,72.0,196.0,1,1,1.0
113,1,1005.0,68.0,68.0,190.0,1,1,1.0
113,2,1076.0,66.0,73.0,195.0,1,1,1.0
114,1,1004.0,67.0,68.0,190.0,1,1,1.0
114,2,1076.0,66.0,73.0,194.0,1,1,1.0
115,1,1004.0,67.0,68.0,189.0,1,1,1.0
115,2,1076.0,65.0,72.0,193.0,1,1,1.0
116,1,1003.0,68.0,66.0,188.0,1,1,1.0
116,2,1076.0,64.0,69.0,191.0,1,1,1.0
117,1,1003.0,68.0,64.0,187.0,1,1,1.0
117,2,1076.0,62.0,66.0,186.0,1,1,1.0
118,1,1002.0,68.0,63.0,186.0,1,1,1.0
118,2,1075.0,59.0,62.0,187.0,1,1,1.0
119,1,1000.0,68.0,62.0,185.0,1,1,1.0
119,2,1073.0,58.0,59.0,187.0,1,1,1.0
120,1,998.0,65.0,63.0,181.0,1,1,1.0
120,2,1071.0,57.0,59.0,187.0,1,1,1.0
121,1,996.0,62.0,64.0,180.0,1,1,1.0
121,2,1070.0,57.0,58.0,187.0,1,1,1.0
122,1,994.0,61.0,66.0,179.0,1,1,1.0
122,2,1068.0,58.0,57.0,186.0,1,1,1.0
123,1,994.0,60.0,66.0,178.0,1,1,1.0
123,2,1067.0,58.0,58.0,184.0,1,1,1.0
124,1,994.0,60.0,66.0,178.0,1,1,1.0
124,2,1065.0,58.0,58.0,184.0,1,1,1.0
125,1,994.0,60.0,66.0,179.0,1,1,1.0
125,2,1063.0,57.0,58.0,182.0,1,1,1.0
126,1,995.0,60.0,64.0,178.0,1,1,1.0
126,2,1062.0,56.0,58.0,181.0,1,1,1.0
127,1,996.0,61.0,62.0,177.0,1,1,1.0
127,2,1059.0,55.0,61.0,179.0,1,1,1.0
128,1,997.0,61.0,61.0,176.0,1,1,1.0
128,2,1058.0,53.0,61.0,177.0,1,1,1.0
129,1,998.0,60.0,61.0,174.0,1,1,1.0
129,2,1058.0,53.0,61.0,177.0,1,1,1.0
130,1,997.0,58.0,61.0,172.0,1,1,1.0
130,2,1058.0,52.0,62.0,177.0,1,1,1.0
131,1,997.0,56.0,60.0,171.0,1,1,1.0
131,2,1058.0,53.0,66.0,177.0,1,1,1.0
132,1,996.0,54.0,60.0,171.0,1,1,1.0
132,2,1058.0,54.0,67.0,176.0,1,1,1.0
133,1,995.0,54.0,59.0,170.0,1,1,1.0
133,2,1058.0,54.0,68.0,175.0,1,1,1.0
134,1,993.0,54.0,59.0,170.0,1,1,1.0
134,2,1058.0,54.0,67.0,174.0,1,1,1.0
135,1,992.0,55.0,58.0,169.0,1,1,1.0
135,2,1059.0,53.0,65.0,168.0,1,1,1.0
136,1,992.0,55.0,56.0,168.0,1,1,1.0
136,2,1058.0,51.0,62.0,169.0,1,1,1.0
137,1,992.0,56.0,54.0,166.0,1,1,1.0
137,2,1058.0,50.0,57.0,169.0,1,1,1.0
138,1,992.0,55.0,53.0,165.0,1,1,1.0
138,2,1057.0,49.0,55.0,168.0,1,1,1.0
139,1,991.0,53.0,53.0,163.0,1,1,1.0
139,2,1056.0,48.0,55.0,168.0,1,1,1.0
140,1,989.0,52.0,54.0,161.0,1,1,1.0
140,2,1054.0,48.0,55.0,168.0,1,1,1.0
141,1,987.0,50.0,56.0,161.0,1,1,1.0
141,2,1053.0,49.0,53.0,167.0,1,1,1.0
142,1,985.0,48.0,57.0,162.0,1,1,1.0
142,2,1051.0,49.0,52.0,166.0,1,1,1.0
143,1,984.0,48.0,58.0,161.0,1,1,1.0
143,2,1049.0,49.0,52.0,166.0,1,1,1.0
144,1,983.0,49.0,59.0,161.0,1,1,1.0
144,2,1048.0,49.0,52.0,165.0,1,1,1.0
145,1,982.0,50.0,60.0,159.0,1,1,1.0
145,2,1047.0,48.0,52.0,164.0,1,1,1.0
146,1,982.0,50.0,59.0,159.0,1,1,1.0
146,2,1046.0,46.0,52.0,163.0,1,1,1.0
147,1,982.0,50.0,59.0,158.0,1,1,1.0
147,2,1046.0,44.0,52.0,162.0,1,1,1.0
148,1,982.0,49.0,58.0,157.0,1,1,1.0
148,2,1045.0,44.0,52.0,162.0,1,1,1.0
149,1,982.0,48.0,56.0,156.0,1,1,1.0
149,2,1044.0,43.0,54.0,162.0,1,1,1.0
150,1,982.0,46.0,55.0,155.0,1,1,1.0
150,2,1043.0,44.0,56.0,161.0,1,1,1.0
151,1,982.0,45.0,54.0,155.0,1,1,1.0
151,2,1042.0,45.0,58.0,161.0,1,1,1.0
152,1,981.0,44.0,54.0,154.0,1,1,1.0
152,2,1042.0,45.0,59.0,159.0,1,1,1.0
153,1,981.0,43.0,53.0,153.0,1,1,1.0
153,2,1042.0,45.0,60.0,158.0,1,1,1.0
154,1,980.0,44.0,52.0,152.0,1,1,1.0
154,2,1042.0,45.0,59.0,157.0,1,1,1.0
155,1,980.0,45.0,50.0,152.0,1,1,1.0
155,2,1042.0,44.0,55.0,153.0,1,1,1.0
156,1,980.0,45.0,48.0,151.0,1,1,1.0
156,2,1041.0,42.0,53.0,153.0,1,1,1.0
157,1,979.0,46.0,46.0,150.0,1,1,1.0
157,2,1040.0,41.0,51.0,153.0,1,1,1.0
158,1,977.0,45.0,47.0,150.0,1,1,1.0
158,2,1039.0,40.0,50.0,154.0,1,1,1.0
159,1,975.0,44.0,48.0,149.0,1,1,1.0
159,2,1038.0,40.0,49.0,153.0,1,1,1.0
160,1,973.0,42.0,50.0,147.0,1,1,1.0
160,2,1031.0,40.0,55.0,153.0,1,1,1.0
161,1,970.0,41.0,52.0,147.0,1,1,1.0
161,2,1034.0,41.0,50.0,151.0,1,1,1.0
162,1,968.0,40.0,54.0,147.0,1,1,1.0
162,2,1034.0,42.0,47.0,150.0,1,1,1.0
163,1,966.0,41.0,57.0,146.0,1,1,1.0
163,2,1033.0,42.0,47.0,150.0,1,1,1.0
164,1,965.0,42.0,58.0,145.0,1,1,1.0
164,2,1032.0,41.0,47.0,149.0,1,1,1.0
165,1,964.0,43.0,58.0,144.0,1,1,1.0
165,2,1030.0,40.0,48.0,147.0,1,1,1.0
166,1,965.0,43.0,57.0,143.0,1,1,1.0
166,2,1029.0,39.0,48.0,146.0,1,1,1.0
167,1,966.0,43.0,55.0,142.0,1,1,1.0
167,2,1028.0,38.0,49.0,146.0,1,1,1.0
168,1,967.0,43.0,53.0,142.0,1,1,1.0
168,2,1027.0,37.0,50.0,147.0,1,1,1.0
169,1,967.0,42.0,53.0,140.0,1,1,1.0
169,2,1026.0,37.0,53.0,147.0,1,1,1.0
170,1,967.0,40.0,52.0,139.0,1,1,1.0
170,2,1026.0,38.0,55.0,146.0,1,1,1.0
171,1,967.0,39.0,50.0,138.0,1,1,1.0
171,2,1025.0,38.0,56.0,145.0,1,1,1.0
172,1,966.0,39.0,50.0,138.0,1,1,1.0
172,2,1025.0,39.0,56.0,144.0,1,1,1.0
173,1,965.0,39.0,50.0,138.0,1,1,1.0
173,2,1026.0,38.0,54.0,144.0,1,1,1.0
174,1,965.0,40.0,48.0,139.0,1,1,1.0
174,2,1025.0,37.0,50.0,143.0,1,1,1.0
175,1,965.0,40.0,46.0,138.0,1,1,1.0
175,2,1024.0,36.0,49.0,143.0,1,1,1.0
176,1,964.0,40.0,44.0,137.0,1,1,1.0
176,2,1023.0,34.0,47.0,141.0,1,1,1.0
177,1,964.0,40.0,44.0,137.0,1,1,1.0
177,2,1022.0,34.0,46.0,141.0,1,1,1.0
178,1,963.0,39.0,44.0,136.0,1,1,1.0
178,2,1021.0,33.0,45.0,141.0,1,1,1.0
179,1,961.0,38.0,46.0,135.0,1,1,1.0
179,2,1020.0,33.0,44.0,141.0,1,1,1.0
180,1,960.0,36.0,47.0,135.0,1,1,1.0
180,2,1019.0,34.0,44.0,140.0,1,1,1.0
181,1,958.0,35.0,49.0,135.0,1,1,1.0
181,2,1019.0,35.0,42.0,139.0,1,1,1.0
182,1,957.0,34.0,50.0,134.0,1,1,1.0
182,2,1018.0,35.0,41.0,138.0,1,1,1.0
183,1,956.0,35.0,51.0,132.0,1,1,1.0
183,2,1017.0,34.0,42.0,137.0,1,1,1.0
184,1,956.0,36.0,51.0,130.0,1,1,1.0
184,2,1016.0,33.0,43.0,136.0,1,1,1.0
185,1,956.0,37.0,51.0,130.0,1,1,1.0
185,2,1015.0,32.0,43.0,136.0,1,1,1.0
186,1,957.0,37.0,50.0,130.0,1,1,1.0
186,2,1015.0,31.0,43.0,135.0,1,1,1.0
187,1,959.0,37.0,48.0,130.0,1,1,1.0
187,2,1014.0,31.0,44.0,135.0,1,1,1.0
188,1,960.0,36.0,47.0,129.0,1,1,1.0
188,2,1014.0,31.0,44.0,135.0,1,1,1.0
189,1,961.0,34.0,46.0,128.0,1,1,1.0
189,2,1014.0,31.0,48.0,135.0,1,1,1.0
190,1,961.0,33.0,45.0,128.0,1,1,1.0
190,2,1014.0,32.0,51.0,134.0,1,1,1.0
191,1,961.0,32.0,44.0,128.0,1,1,1.0
191,2,1014.0,32.0,51.0,134.0,1,1,1.0
192,1,961.0,32.0,44.0,127.0,1,1,1.0
192,2,1014.0,32.0,51.0,134.0,1,1,1.0
193,1,961.0,33.0,44.0,126.0,1,1,1.0
193,2,1014.0,31.0,49.0,133.0,1,1,1.0
194,1,961.0,33.0,42.0,126.0,1,1,1.0
194,2,1014.0,30.0,46.0,130.0,1,1,1.0
195,1,960.0,34.0,42.0,125.0,1,1,1.0
195,2,1013.0,29.0,45.0,130.0,1,1,1.0
196,1,959.0,33.0,42.0,125.0,1,1,1.0
196,2,1013.0,28.0,43.0,130.0,1,1,1.0
197,1,956.0,33.0,44.0,125.0,1,1,1.0
197,2,1013.0,27.0,41.0,130.0,1,1,1.0
198,1,955.0,32.0,44.0,125.0,1,1,1.0
198,2,1012.0,27.0,40.0,130.0,1,1,1.0
199,1,953.0,31.0,45.0,124.0,1,1,1.0
199,2,1012.0,28.0,39.0,129.0,1,1,1.0
200,1,952.0,30.0,47.0,124.0,1,1,1.0
200,2,1012.0,28.0,39.0,129.0,1,1,1.0
201,1,952.0,29.0,47.0,124.0,1,1,1.0
201,2,1011.0,28.0,39.0,129.0,1,1,1.0
202,1,951.0,30.0,48.0,122.0,1,1,1.0
202,2,1008.0,28.0,42.0,128.0,1,1,1.0
203,1,951.0,31.0,48.0,122.0,1,1,1.0
203,2,1006.0,28.0,44.0,127.0,1,1,1.0
204,1,952.0,31.0,47.0,122.0,1,1,1.0
204,2,1004.0,27.0,46.0,126.0,1,1,1.0
205,1,952.0,31.0,47.0,121.0,1,1,1.0
205,2,1003.0,26.0,46.0,125.0,1,1,1.0
206,1,953.0,31.0,46.0,121.0,1,1,1.0
206,2,1003.0,25.0,46.0,125.0,1,1,1.0
207,1,953.0,31.0,45.0,121.0,1,1,1.0
207,2,1003.0,25.0,46.0,125.0,1,1,1.0
208,1,953.0,29.0,45.0,120.0,1,1,1.0
208,2,1005.0,26.0,45.0,125.0,1,1,1.0
209,1,953.0,28.0,45.0,119.0,1,1,1.0
209,2,1006.0,27.0,47.0,124.0,1,1,1.0
210,1,953.0,27.0,44.0,119.0,1,1,1.0
210,2,1008.0,27.0,46.0,123.0,1,1,1.0
211,1,953.0,27.0,44.0,118.0,1,1,1.0
211,2,1010.0,27.0,45.0,122.0,1,1,1.0
212,1,952.0,27.0,44.0,117.0,1,1,1.0
212,2,1011.0,26.0,45.0,122.0,1,1,1.0
213,1,951.0,28.0,43.0,117.0,1,1,1.0
213,2,1012.0,25.0,44.0,121.0,1,1,1.0
214,1,951.0,28.0,42.0,117.0,1,1,1.0
214,2,1012.0,24.0,43.0,121.0,1,1,1.0
215,1,951.0,28.0,41.0,117.0,1,1,1.0
215,2,1012.0,23.0,41.0,121.0,1,1,1.0
216,1,950.0,28.0,40.0,117.0,1,1,1.0
216,2,1013.0,23.0,38.0,121.0,1,1,1.0
217,1,950.0,27.0,40.0,116.0,1,1,1.0
217,2,1013.0,23.0,37.0,122.0,1,1,1.0
218,1,949.0,25.0,41.0,116.0,1,1,1.0
218,2,1012.0,23.0,36.0,121.0,1,1,1.0
219,1,946.0,24.0,43.0,116.0,1,1,1.0
219,2,1011.0,24.0,37.0,121.0,1,1,1.0
220,1,945.0,23.0,44.0,116.0,1,1,1.0
220,2,1010.0,24.0,37.0,120.0,1,1,1.0
221,1,945.0,23.0,44.0,116.0,1,1,1.0
221,2,1009.0,24.0,38.0,120.0,1,1,1.0
222,1,945.0,24.0,44.0,113.0,1,1,1.0
222,2,1009.0,23.0,37.0,119.0,1,1,1.0
223,1,945.0,25.0,44.0,112.0,1,1,1.0
223,2,1008.0,23.0,39.0,118.0,1,1,1.0
224,1,945.0,26.0,44.0,112.0,1,1,1.0
224,2,1009.0,22.0,38.0,117.0,1,1,1.0
225,1,946.0,26.0,43.0,113.0,1,1,1.0
225,2,1008.0,22.0,40.0,117.0,1,1,1.0
226,1,946.0,25.0,42.0,113.0,1,1,1.0
226,2,1008.0,21.0,40.0,117.0,1,1,1.0
227,1,946.0,24.0,42.0,112.0,1,1,1.0
227,2,1008.0,22.0,40.0,117.0,1,1,1.0
228,1,946.0,23.0,41.0,112.0,1,1,1.0
228,2,1008.0,22.0,40.0,117.0,1,1,1.0
229,1,946.0,22.0,41.0,112.0,1,1,1.0
229,2,1008.0,23.0,41.0,116.0,1,1,1.0
230,1,945.0,21.0,40.0,112.0,1,1,1.0
230,2,1008.0,23.0,41.0,115.0,1,1,1.0
231,1,945.0,22.0,40.0,111.0,1,1,1.0
231,2,1009.0,22.0,40.0,114.0,1,1,1.0
232,1,944.0,23.0,40.0,111.0,1,1,1.0
232,2,1009.0,22.0,40.0,113.0,1,1,1.0
233,1,944.0,24.0,39.0,111.0,1,1,1.0
233,2,1009.0,21.0,40.0,113.0,1,1,1.0
234,1,944.0,24.0,38.0,111.0,1,1,1.0
234,2,1008.0,20.0,40.0,113.0,1,1,1.0
235,1,943.0,24.0,37.0,110.0,1,1,1.0
235,2,1008.0,20.0,39.0,113.0,1,1,1.0
236,1,943.0,23.0,37.0,110.0,1,1,1.0
236,2,1008.0,20.0,38.0,113.0,1,1,1.0
237,1,942.0,22.0,38.0,109.0,1,1,1.0
237,2,1007.0,20.0,38.0,113.0,1,1,1.0
238,1,941.0,21.0,39.0,108.0,1,1,1.0
238,2,1007.0,20.0,37.0,113.0,1,1,1.0
239,1,941.0,20.0,39.0,108.0,1,1,1.0
239,2,1006.0,20.0,36.0,112.0,1,1,1.0
240,1,941.0,20.0,41.0,108.0,1,1,1.0
240,2,1006.0,20.0,35.0,112.0,1,1,1.0
241,1,941.0,20.0,42.0,106.0,1,1,1.0
241,2,1005.0,19.0,35.0,111.0,1,1,1.0
242,1,942.0,21.0,43.0,105.0,1,1,1.0
242,2,1005.0,19.0,36.0,110.0,1,1,1.0
243,1,943.0,21.0,42.0,105.0,1,1,1.0
243,2,1005.0,18.0,36.0,110.0,1,1,1.0
244,1,943.0,22.0,41.0,105.0,1,1,1.0
244,2,1004.0,17.0,35.0,110.0,1,1,1.0
245,1,944.0,21.0,40.0,105.0,1,1,1.0
245,2,1004.0,17.0,35.0,110.0,1,1,1.0
246,1,945.0,21.0,39.0,104.0,1,1,1.0
246,2,1004.0,17.0,35.0,110.0,1,1,1.0
247,1,946.0,20.0,39.0,105.0,1,1,1.0
247,2,1004.0,18.0,35.0,110.0,1,1,1.0
248,1,947.0,19.0,38.0,105.0,1,1,1.0
248,2,1004.0,18.0,36.0,109.0,1,1,1.0
249,1,948.0,18.0,37.0,104.0,1,1,1.0
249,2,1004.0,18.0,36.0,109.0,1,1,1.0
250,1,948.0,18.0,37.0,104.0,1,1,1.0
250,2,1004.0,18.0,36.0,108.0,1,1,1.0
251,1,948.0,19.0,37.0,104.0,1,1,1.0
251,2,1004.0,18.0,36.0,107.0,1,1,1.0
252,1,948.0,19.0,36.0,104.0,1,1,1.0
252,2,1003.0,17.0,35.0,107.0,1,1,1.0
253,1,948.0,19.0,35.0,104.0,1,1,1.0
253,2,1003.0,17.0,34.0,106.0,1,1,1.0
254,1,949.0,19.0,33.0,104.0,1,1,1.0
254,2,1003.0,16.0,33.0,106.0,1,1,1.0
255,1,948.0,19.0,34.0,104.0,1,1,1.0
255,2,1003.0,16.0,33.0,106.0,1,1,1.0
256,1,947.0,18.0,36.0,103.0,1,1,1.0
256,2,1001.0,16.0,33.0,106.0,1,1,1.0
257,1,945.0,17.0,37.0,103.0,1,1,1.0
257,2,1001.0,17.0,32.0,106.0,1,1,1.0
258,1,945.0,17.0,38.0,102.0,1,1,1.0
258,2,1000.0,17.0,32.0,105.0,1,1,1.0
259,1,945.0,16.0,38.0,101.0,1,1,1.0
259,2,999.0,17.0,32.0,105.0,1,1,1.0
260,1,945.0,16.0,38.0,100.0,1,1,1.0
260,2,997.0,16.0,33.0,104.0,1,1,1.0
261,1,946.0,17.0,37.0,98.0,1,1,1.0
261,2,996.0,15.0,33.0,104.0,1,1,1.0
262,1,947.0,18.0,37.0,98.0,1,1,1.0
262,2,995.0,15.0,33.0,103.0,1,1,1.0
263,1,948.0,18.0,36.0,98.0,1,1,1.0
263,2,995.0,15.0,33.0,103.0,1,1,1.0
264,1,949.0,18.0,35.0,99.0,1,1,1.0
264,2,995.0,15.0,34.0,103.0,1,1,1.0
265,1,949.0,17.0,35.0,100.0,1,1,1.0
265,2,995.0,15.0,35.0,103.0,1,1,1.0
266,1,950.0,16.0,34.0,99.0,1,1,1.0
266,2,995.0,15.0,35.0,103.0,1,1,1.0
267,1,950.0,16.0,34.0,99.0,1,1,1.0
267,2,995.0,15.0,35.0,103.0,1,1,1.0
268,1,950.0,15.0,34.0,98.0,1,1,1.0
268,2,995.0,15.0,35.0,102.0,1,1,1.0
269,1,949.0,15.0,35.0,98.0,1,1,1.0
269,2,995.0,15.0,35.0,102.0,1,1,1.0
270,1,948.0,15.0,35.0,98.0,1,1,1.0
270,2,995.0,15.0,35.0,101.0,1,1,1.0
271,1,947.0,16.0,36.0,97.0,1,1,1.0
271,2,995.0,15.0,35.0,100.0,1,1,1.0
272,1,946.0,16.0,36.0,95.0,1,1,1.0
272,2,995.0,14.0,35.0,100.0,1,1,1.0
273,1,945.0,17.0,36.0,95.0,1,1,1.0
273,2,994.0,14.0,35.0,99.0,1,1,1.0
274,1,945.0,17.0,35.0,96.0,1,1,1.0
274,2,993.0,13.0,35.0,99.0,1,1,1.0
275,1,944.0,16.0,34.0,97.0,1,1,1.0
275,2,993.0,13.0,34.0,99.0,1,1,1.0
276,1,943.0,15.0,34.0,96.0,1,1,1.0
276,2,993.0,14.0,32.0,99.0,1,1,1.0
277,1,942.0,15.0,34.0,96.0,1,1,1.0
277,2,992.0,14.0,32.0,99.0,1,1,1.0
278,1,941.0,14.0,34.0,96.0,1,1,1.0
278,2,991.0,14.0,32.0,98.0,1,1,1.0
279,1,940.0,13.0,34.0,96.0,1,1,1.0
279,2,990.0,15.0,31.0,98.0,1,1,1.0
280,1,939.0,13.0,35.0,96.0,1,1,1.0
280,2,990.0,14.0,31.0,98.0,1,1,1.0
281,1,938.0,14.0,36.0,94.0,1,1,1.0
281,2,989.0,14.0,30.0,97.0,1,1,1.0
282,1,938.0,14.0,36.0,93.0,1,1,1.0
282,2,988.0,13.0,30.0,97.0,1,1,1.0
283,1,938.0,15.0,37.0,93.0,1,1,1.0
283,2,987.0,12.0,30.0,97.0,1,1,1.0
284,1,938.0,16.0,37.0,93.0,1,1,1.0
284,2,987.0,12.0,31.0,97.0,1,1,1.0
285,1,938.0,16.0,38.0,93.0,1,1,1.0
285,2,986.0,11.0,32.0,97.0,1,1,1.0
286,1,939.0,16.0,36.0,93.0,1,1,1.0
286,2,986.0,11.0,34.0,97.0,1,1,1.0
287,1,940.0,15.0,35.0,93.0,1,1,1.0
287,2,986.0,12.0,35.0,97.0,1,1,1.0
288,1,941.0,15.0,34.0,93.0,1,1,1.0
288,2,986.0,12.0,35.0,96.0,1,1,1.0
289,1,941.0,14.0,34.0,93.0,1,1,1.0
289,2,986.0,13.0,35.0,96.0,1,1,1.0
290,1,942.0,13.0,33.0,94.0,1,1,1.0
290,2,986.0,13.0,35.0,95.0,1,1,1.0
291,1,942.0,13.0,32.0,93.0,1,1,1.0
291,2,985.0,13.0,33.0,95.0,1,1,1.0
292,1,942.0,13.0,31.0,92.0,1,1,1.0
292,2,985.0,12.0,32.0,95.0,1,1,1.0
293,1,942.0,13.0,30.0,93.0,1,1,1.0
293,2,984.0,11.0,32.0,95.0,1,1,1.0
294,1,942.0,13.0,30.0,92.0,1,1,1.0
294,2,983.0,11.0,32.0,95.0,1,1,1.0
295,1,943.0,14.0,30.0,92.0,1,1,1.0
295,2,982.0,11.0,32.0,95.0,1,1,1.0
296,1,943.0,14.0,30.0,92.0,1,1,1.0
296,2,980.0,11.0,33.0,95.0,1,1,1.0
297,1,943.0,13.0,29.0,93.0,1,1,1.0
297,2,978.0,10.0,35.0,95.0,1,1,1.0
298,1,944.0,13.0,27.0,93.0,1,1,1.0
298,2,976.0,10.0,36.0,95.0,1,1,1.0
299,1,945.0,12.0,25.0,94.0,1,1,1.0
299,2,975.0,10.0,36.0,95.0,1,1,1.0
300,1,945.0,12.0,24.0,93.0,1,1,1.0
300,2,975.0,10.0,33.0,95.0,1,1,1.0
301,1,946.0,12.0,23.0,93.0,1,1,1.0
301,2,975.0,10.0,32.0,96.0,1,1,1.0
302,1,946.0,11.0,23.0,93.0,1,1,1.0
302,2,975.0,10.0,31.0,96.0,1,1,1.0
303,1,946.0,11.0,23.0,93.0,1,1,1.0
303,2,975.0,10.0,30.0,95.0,1,1,1.0
304,1,946.0,11.0,23.0,93.0,1,1,1.0
304,2,975.0,10.0,29.0,95.0,1,1,1.0
305,1,946.0,11.0,22.0,93.0,1,1,1.0
305,2,975.0,10.0,28.0,95.0,1,1,1.0
306,1,946.0,11.0,24.0,93.0,1,1,1.0
306,2,975.0,10.0,26.0,96.0,1,1,1.0
307,1,945.0,11.0,26.0,93.0,1,1,1.0
307,2,975.0,9.0,25.0,96.0,1,1,1.0
308,1,945.0,12.0,26.0,93.0,1,1,1.0
308,2,976.0,10.0,25.0,96.0,1,1,1.0
309,1,945.0,12.0,28.0,93.0,1,1,1.0
309,2,976.0,10.0,25.0,97.0,1,1,1.0
310,1,947.0,12.0,28.0,91.0,1,1,1.0
310,2,976.0,10.0,25.0,97.0,1,1,1.0
311,1,947.0,13.0,29.0,90.0,1,1,1.0
311,2,975.0,10.0,25.0,97.0,1,1,1.0
312,1,949.0,13.0,28.0,90.0,1,1,1.0
312,2,974.0,11.0,26.0,97.0,1,1,1.0
313,1,951.0,13.0,30.0,90.0,1,1,1.0
313,2,974.0,11.0,26.0,97.0,1,1,1.0
314,1,953.0,13.0,31.0,90.0,1,1,1.0
314,2,975.0,11.0,26.0,97.0,1,1,1.0
315,1,956.0,13.0,29.0,90.0,1,1,1.0
315,2,974.0,11.0,28.0,97.0,1,1,1.0
316,1,960.0,13.0,28.0,91.0,1,1,1.0
316,2,977.0,11.0,27.0,97.0,1,1,1.0
317,1,965.0,13.0,25.0,92.0,1,1,1.0
317,2,975.0,12.0,29.0,96.0,1,1,1.0
319,1,966.0,15.0,27.0,90.0,1,1,1.0
319,2,978.0,13.0,29.0,96.0,1,1,1.0
320,1,966.0,15.0,29.0,91.0,1,1,1.0
320,2,980.0,13.0,29.0,97.0,1,1,1.0
321,1,968.0,15.0,29.0,91.0,1,1,1.0
321,2,980.0,14.0,31.0,97.0,1,1,1.0
322,2,974.0,13.0,38.0,97.0,1,1,1.0
323,2,974.0,13.0,40.0,98.0,1,1,1.0
324,2,975.0,13.0,41.0,98.0,1,1,1.0
325,2,981.0,12.0,38.0,97.0,1,1,1.0
326,2,982.0,12.0,38.0,98.0,1,1,1.0
327,2,982.0,12.0,40.0,98.0,1,1,1.0
328,2,982.0,13.0,40.0,99.0,1,1,1.0
329,2,984.0,13.0,40.0,98.0,1,1,1.0
335,2,999.0,14.0,31.0,99.0,1,1,1.0
336,2,1001.0,15.0,29.0,99.0,1,1,1.0
337,2,1001.0,15.0,31.0,99.0,1,1,1.0
338,3,1027.0,16.0,27.0,92.0,1,1,1.0
338,2,1002.0,16.0,36.0,99.0,1,1,1.0
339,3,1026.0,16.0,36.0,95.0,1,1,1.0
339,2,1003.0,16.0,40.0,100.0,1,1,1.0
340,3,1027.0,17.0,39.0,96.0,1,1,1.0
340,2,1004.0,16.0,41.0,101.0,1,1,1.0
341,3,1032.0,17.0,36.0,96.0,1,1,1.0
341,2,1005.0,16.0,41.0,101.0,1,1,1.0
342,3,1038.0,18.0,31.0,96.0,1,1,1.0
342,2,1007.0,16.0,40.0,101.0,1,1,1.0
343,3,1043.0,18.0,26.0,95.0,1,1,1.0
343,2,1010.0,16.0,38.0,102.0,1,1,1.0
344,3,1045.0,17.0,25.0,96.0,1,1,1.0
344,2,1013.0,16.0,38.0,102.0,1,1,1.0
345,3,1045.0,16.0,27.0,96.0,1,1,1.0
345,2,1020.0,15.0,34.0,103.0,1,1,1.0
346,3,1049.0,16.0,26.0,97.0,1,1,1.0
346,2,1024.0,15.0,34.0,104.0,1,1,1.0
347,3,1053.0,17.0,26.0,97.0,1,1,1.0
347,2,1026.0,16.0,40.0,104.0,1,1,1.0
348,3,1055.0,18.0,29.0,97.0,1,1,1.0
348,2,1028.0,16.0,42.0,104.0,1,1,1.0
349,3,1056.0,18.0,28.0,98.0,1,1,1.0
349,2,1030.0,17.0,39.0,104.0,1,1,1.0
350,3,1060.0,19.0,26.0,99.0,1,1,1.0
350,2,1032.0,18.0,40.0,103.0,1,1,1.0
351,3,1063.0,20.0,25.0,99.0,1,1,1.0
351,2,1033.0,19.0,40.0,103.0,1,1,1.0
352,3,1066.0,20.0,23.0,99.0,1,1,1.0
352,2,1036.0,18.0,40.0,104.0,1,1,1.0
353,3,1068.0,20.0,22.0,99.0,1,1,1.0
353,2,1040.0,18.0,37.0,104.0,1,1,1.0
354,3,1072.0,19.0,22.0,99.0,1,1,1.0
354,2,1049.0,18.0,31.0,104.0,1,1,1.0
355,3,1076.0,19.0,23.0,98.0,1,1,1.0
355,2,1054.0,18.0,29.0,104.0,1,1,1.0
356,3,1081.0,20.0,22.0,98.0,1,1,1.0
356,2,1057.0,18.0,31.0,105.0,1,1,1.0
357,3,1083.0,20.0,24.0,100.0,1,1,1.0
357,2,1058.0,18.0,36.0,105.0,1,1,1.0
358,3,1080.0,20.0,34.0,101.0,1,1,1.0
358,2,1057.0,19.0,45.0,105.0,1,1,1.0
359,3,1080.0,21.0,40.0,101.0,1,1,1.0
359,2,1059.0,20.0,47.0,104.0,1,1,1.0
360,3,1080.0,22.0,44.0,100.0,1,1,1.0
360,2,1062.0,20.0,47.0,105.0,1,1,1.0
361,3,1082.0,22.0,43.0,100.0,1,1,1.0
361,2,1064.0,20.0,46.0,107.0,1,1,1.0
362,2,1068.0,20.0,41.0,105.0,1,1,1.0
363,2,1073.0,20.0,39.0,106.0,1,1,1.0
364,2,1082.0,20.0,33.0,107.0,1,1,1.0
365,2,1088.0,20.0,29.0,107.0,1,1,1.0
366,2,1091.0,20.0,32.0,107.0,1,1,1.0
368,3,1116.0,24.0,29.0,103.0,1,1,1.0
368,2,1094.0,22.0,43.0,106.0,1,1,1.0
369,3,1120.0,25.0,30.0,103.0,1,1,1.0
369,2,1094.0,23.0,45.0,106.0,1,1,1.0
370,2,1096.0,23.0,46.0,108.0,1,1,1.0
371,3,1129.0,26.0,24.0,102.0,1,1,1.0
371,2,1099.0,23.0,48.0,108.0,1,1,1.0
372,3,1133.0,25.0,21.0,102.0,1,1,1.0
372,2,1106.0,23.0,39.0,108.0,1,1,1.0
373,3,1135.0,24.0,20.0,103.0,1,1,1.0
374,2,1116.0,23.0,34.0,109.0,1,1,1.0
375,2,1120.0,23.0,32.0,109.0,1,1,1.0
376,3,1142.0,25.0,28.0,103.0,1,1,1.0
376,2,1123.0,23.0,36.0,109.0,1,1,1.0
377,3,1137.0,26.0,41.0,102.0,1,1,1.0
377,2,1125.0,24.0,43.0,108.0,1,1,1.0
378,3,1136.0,27.0,51.0,102.0,1,1,1.0
378,2,1125.0,25.0,48.0,108.0,1,1,1.0
379,3,1138.0,28.0,53.0,103.0,1,1,1.0
379,2,1125.0,26.0,48.0,109.0,1,1,1.0
380,2,1126.0,26.0,48.0,110.0,1,1,1.0
381,3,1159.0,29.0,36.0,105.0,1,1,1.0
381,2,1130.0,26.0,45.0,110.0,1,1,1.0
382,3,1168.0,28.0,27.0,105.0,1,1,1.0
382,2,1136.0,25.0,41.0,110.0,1,1,1.0
383,3,1173.0,27.0,24.0,105.0,1,1,1.0
383,2,1145.0,25.0,37.0,111.0,1,1,1.0
384,3,1174.0,27.0,23.0,105.0,1,1,1.0
384,2,1150.0,25.0,39.0,111.0,1,1,1.0
385,3,1178.0,27.0,22.0,105.0,1,1,1.0
385,2,1151.0,26.0,40.0,111.0,1,1,1.0
386,3,1181.0,28.0,22.0,105.0,1,1,1.0
386,2,1152.0,26.0,43.0,112.0,1,1,1.0
387,3,1182.0,29.0,28.0,106.0,1,1,1.0
388,3,1184.0,30.0,32.0,107.0,1,1,1.0
388,2,1153.0,29.0,53.0,112.0,1,1,1.0
389,3,1185.0,31.0,35.0,108.0,1,1,1.0
390,3,1185.0,31.0,38.0,108.0,1,1,1.0
390,2,1162.0,29.0,50.0,113.0,1,1,1.0
391,2,1167.0,29.0,41.0,113.0,1,1,1.0
392,3,1198.0,31.0,30.0,107.0,1,1,1.0
392,2,1174.0,28.0,37.0,114.0,1,1,1.0
393,3,1204.0,30.0,28.0,108.0,1,1,1.0
393,2,1179.0,28.0,32.0,114.0,1,1,1.0
394,3,1208.0,31.0,28.0,110.0,1,1,1.0
394,2,1183.0,28.0,32.0,115.0,1,1,1.0
395,3,1213.0,31.0,27.0,109.0,1,1,1.0
395,2,1184.0,29.0,36.0,114.0,1,1,1.0
396,3,1216.0,31.0,32.0,110.0,1,1,1.0
396,2,1185.0,30.0,40.0,114.0,1,1,1.0
397,2,1184.0,31.0,46.0,114.0,1,1,1.0
398,3,1211.0,34.0,50.0,110.0,1,1,1.0
398,2,1183.0,31.0,52.0,116.0,1,1,1.0
399,3,1213.0,35.0,52.0,109.0,1,1,1.0
399,2,1184.0,32.0,54.0,116.0,1,1,1.0
400,2,1186.0,32.0,53.0,118.0,1,1,1.0
401,3,1223.0,35.0,44.0,110.0,1,1,1.0
401,2,1191.0,31.0,49.0,119.0,1,1,1.0
402,3,1232.0,35.0,35.0,110.0,1,1,1.0
402,2,1204.0,31.0,39.0,119.0,1,1,1.0
403,3,1239.0,34.0,32.0,110.0,1,1,1.0
403,2,1213.0,32.0,32.0,119.0,1,1,1.0
404,3,1245.0,35.0,31.0,110.0,1,1,1.0
404,2,1217.0,33.0,32.0,118.0,1,1,1.0
405,3,1249.0,36.0,35.0,109.0,1,1,1.0
405,2,1218.0,34.0,35.0,118.0,1,1,1.0
406,3,1252.0,37.0,40.0,111.0,1,1,1.0
406,2,1220.0,35.0,41.0,118.0,1,1,1.0
407,3,1253.0,38.0,45.0,112.0,1,1,1.0
407,2,1221.0,36.0,46.0,118.0,1,1,1.0
408,3,1257.0,39.0,38.0,112.0,1,1,1.0
408,2,1218.0,37.0,55.0,118.0,1,1,1.0
409,3,1260.0,40.0,38.0,111.0,1,1,1.0
409,2,1218.0,37.0,57.0,119.0,1,1,1.0
410,3,1262.0,40.0,37.0,112.0,1,1,1.0
410,2,1228.0,37.0,48.0,119.0,1,1,1.0
411,3,1268.0,39.0,33.0,113.0,1,1,1.0
411,2,1239.0,37.0,39.0,119.0,1,1,1.0
412,3,1271.0,39.0,32.0,112.0,1,1,1.0
412,2,1246.0,36.0,38.0,120.0,1,1,1.0
413,2,1250.0,37.0,35.0,119.0,1,1,1.0
414,3,1281.0,39.0,30.0,111.0,1,1,1.0
414,2,1252.0,37.0,39.0,119.0,1,1,1.0
415,3,1284.0,39.0,33.0,112.0,1,1,1.0
415,2,1252.0,37.0,45.0,120.0,1,1,1.0
416,2,1251.0,38.0,51.0,120.0,1,1,1.0
417,3,1284.0,43.0,45.0,113.0,1,1,1.0
417,2,1248.0,39.0,58.0,120.0,1,1,1.0
418,2,1250.0,39.0,57.0,120.0,1,1,1.0
419,2,1253.0,39.0,56.0,120.0,1,1,1.0
420,3,1301.0,44.0,36.0,115.0,1,1,1.0
420,2,1264.0,40.0,46.0,120.0,1,1,1.0
421,3,1308.0,43.0,32.0,116.0,1,1,1.0
421,2,1274.0,40.0,41.0,121.0,1,1,1.0
422,3,1313.0,42.0,28.0,116.0,1,1,1.0
422,2,1282.0,40.0,40.0,121.0,1,1,1.0
423,3,1316.0,44.0,30.0,116.0,1,1,1.0
423,2,1286.0,42.0,40.0,122.0,1,1,1.0
424,3,1318.0,44.0,33.0,117.0,1,1,1.0
424,2,1289.0,43.0,38.0,121.0,1,1,1.0
425,3,1320.0,44.0,33.0,119.0,1,1,1.0
425,2,1290.0,43.0,48.0,123.0,1,1,1.0
426,2,1291.0,44.0,52.0,124.0,1,1,1.0
427,3,1326.0,49.0,34.0,118.0,1,1,1.0
427,2,1293.0,45.0,51.0,124.0,1,1,1.0
428,3,1330.0,50.0,32.0,117.0,1,1,1.0
428,2,1296.0,45.0,48.0,124.0,1,1,1.0
429,3,1336.0,51.0,30.0,116.0,1,1,1.0
429,2,1302.0,45.0,44.0,124.0,1,1,1.0
430,3,1339.0,50.0,29.0,117.0,1,1,1.0
430,2,1311.0,44.0,37.0,125.0,1,1,1.0
431,2,1317.0,44.0,34.0,125.0,1,1,1.0
432,3,1347.0,50.0,30.0,118.0,1,1,1.0
432,2,1320.0,45.0,35.0,124.0,1,1,1.0
433,3,1351.0,51.0,29.0,114.0,1,1,1.0
433,2,1322.0,46.0,42.0,124.0,1,1,1.0
434,3,1349.0,52.0,36.0,116.0,1,1,1.0
434,2,1322.0,47.0,47.0,125.0,1,1,1.0
435,3,1348.0,53.0,44.0,116.0,1,1,1.0
435,2,1322.0,48.0,52.0,125.0,1,1,1.0
436,3,1351.0,54.0,49.0,119.0,1,1,1.0
436,2,1323.0,49.0,54.0,125.0,1,1,1.0
437,2,1326.0,50.0,52.0,125.0,1,1,1.0
438,2,1334.0,50.0,47.0,126.0,1,1,1.0
439,2,1342.0,49.0,44.0,127.0,1,1,1.0
440,3,1370.0,58.0,41.0,118.0,1,1,1.0
440,2,1347.0,50.0,44.0,126.0,1,1,1.0
441,3,1376.0,57.0,38.0,119.0,1,1,1.0
441,2,1350.0,51.0,45.0,126.0,1,1,1.0
442,3,1382.0,57.0,33.0,120.0,1,1,1.0
442,2,1351.0,52.0,47.0,129.0,1,1,1.0
443,3,1387.0,57.0,32.0,120.0,1,1,1.0
443,2,1352.0,53.0,48.0,129.0,1,1,1.0
444,3,1392.0,58.0,35.0,121.0,1,1,1.0
444,2,1353.0,53.0,47.0,130.0,1,1,1.0
445,3,1394.0,58.0,33.0,123.0,1,1,1.0
445,2,1355.0,54.0,47.0,129.0,1,1,1.0
446,3,1395.0,61.0,38.0,122.0,1,1,1.0
446,2,1360.0,54.0,43.0,129.0,1,1,1.0
447,3,1397.0,62.0,44.0,123.0,1,1,1.0
447,2,1362.0,55.0,43.0,129.0,1,1,1.0
448,3,1399.0,62.0,47.0,124.0,1,1,1.0
448,2,1364.0,55.0,44.0,128.0,1,1,1.0
449,3,1403.0,63.0,46.0,124.0,1,1,1.0
449,2,1368.0,55.0,43.0,128.0,1,1,1.0
450,3,1408.0,63.0,40.0,124.0,1,1,1.0
450,2,1370.0,55.0,43.0,129.0,1,1,1.0
451,3,1412.0,64.0,41.0,124.0,1,1,1.0
451,2,1373.0,55.0,44.0,131.0,1,1,1.0
452,3,1415.0,63.0,41.0,124.0,1,1,1.0
452,2,1376.0,56.0,45.0,133.0,1,1,1.0
453,3,1418.0,64.0,40.0,124.0,1,1,1.0
453,2,1378.0,57.0,44.0,134.0,1,1,1.0
454,3,1421.0,64.0,41.0,123.0,1,1,1.0
454,2,1379.0,58.0,44.0,133.0,1,1,1.0
455,3,1423.0,66.0,44.0,124.0,1,1,1.0
455,2,1380.0,58.0,44.0,133.0,1,1,1.0
456,3,1425.0,67.0,46.0,125.0,1,1,1.0
456,2,1383.0,59.0,44.0,133.0,1,1,1.0
457,3,1427.0,68.0,45.0,127.0,1,1,1.0
457,2,1385.0,58.0,43.0,133.0,1,1,1.0
458,3,1429.0,69.0,43.0,127.0,1,1,1.0
458,2,1386.0,57.0,45.0,134.0,1,1,1.0
459,3,1431.0,68.0,42.0,129.0,1,1,1.0
459,2,1386.0,57.0,46.0,134.0,1,1,1.0
460,3,1432.0,68.0,43.0,130.0,1,1,1.0
460,2,1386.0,59.0,49.0,134.0,1,1,1.0
461,3,1433.0,68.0,44.0,130.0,1,1,1.0
461,2,1383.0,60.0,51.0,134.0,1,1,1.0
462,3,1434.0,68.0,48.0,130.0,1,1,1.0
462,2,1383.0,62.0,51.0,134.0,1,1,1.0
463,3,1435.0,68.0,52.0,130.0,1,1,1.0
463,2,1381.0,63.0,52.0,134.0,1,1,1.0
464,3,1435.0,69.0,55.0,130.0,1,1,1.0
464,2,1380.0,63.0,52.0,135.0,1,1,1.0
465,3,1435.0,70.0,57.0,131.0,1,1,1.0
465,2,1381.0,64.0,51.0,134.0,1,1,1.0
466,3,1435.0,71.0,58.0,130.0,1,1,1.0
466,2,1383.0,63.0,49.0,135.0,1,1,1.0
467,3,1436.0,72.0,56.0,131.0,1,1,1.0
467,2,1386.0,63.0,45.0,136.0,1,1,1.0
468,3,1437.0,72.0,52.0,130.0,1,1,1.0
468,2,1387.0,62.0,44.0,137.0,1,1,1.0
469,3,1438.0,72.0,49.0,131.0,1,1,1.0
469,2,1387.0,62.0,43.0,139.0,1,1,1.0
470,3,1439.0,72.0,47.0,131.0,1,1,1.0
470,2,1386.0,62.0,45.0,140.0,1,1,1.0
471,3,1440.0,71.0,46.0,133.0,1,1,1.0
471,2,1384.0,62.0,45.0,142.0,1,1,1.0
472,3,1440.0,71.0,46.0,134.0,1,1,1.0
472,2,1383.0,62.0,48.0,143.0,1,1,1.0
473,3,1439.0,71.0,47.0,136.0,1,1,1.0
473,2,1382.0,62.0,47.0,143.0,1,1,1.0
474,3,1438.0,72.0,49.0,138.0,1,1,1.0
474,2,1381.0,62.0,47.0,144.0,1,1,1.0
475,3,1437.0,73.0,50.0,139.0,1,1,1.0
475,2,1379.0,62.0,46.0,144.0,1,1,1.0
476,3,1436.0,75.0,51.0,139.0,1,1,1.0
476,2,1378.0,62.0,45.0,144.0,1,1,1.0
477,3,1435.0,76.0,53.0,139.0,1,1,1.0
477,2,1376.0,62.0,44.0,143.0,1,1,1.0
478,3,1434.0,76.0,54.0,139.0,1,1,1.0
478,2,1372.0,62.0,45.0,143.0,1,1,1.0
479,3,1434.0,76.0,56.0,139.0,1,1,1.0
479,2,1367.0,62.0,47.0,144.0,1,1,1.0
480,3,1433.0,75.0,57.0,140.0,1,1,1.0
480,2,1360.0,62.0,51.0,143.0,1,1,1.0
481,3,1434.0,75.0,55.0,140.0,1,1,1.0
481,2,1355.0,63.0,53.0,143.0,1,1,1.0
482,3,1434.0,74.0,54.0,140.0,1,1,1.0
482,2,1353.0,63.0,54.0,143.0,1,1,1.0
483,3,1434.0,74.0,51.0,141.0,1,1,1.0
483,2,1352.0,63.0,53.0,143.0,1,1,1.0
484,3,1433.0,76.0,48.0,139.0,1,1,1.0
484,2,1352.0,63.0,51.0,143.0,1,1,1.0
485,3,1432.0,77.0,46.0,140.0,1,1,1.0
485,2,1351.0,62.0,48.0,144.0,1,1,1.0
486,3,1431.0,78.0,43.0,139.0,1,1,1.0
486,2,1349.0,61.0,46.0,145.0,1,1,1.0
487,3,1431.0,78.0,42.0,140.0,1,1,1.0
487,2,1348.0,60.0,45.0,146.0,1,1,1.0
488,3,1429.0,78.0,41.0,140.0,1,1,1.0
488,2,1345.0,60.0,45.0,147.0,1,1,1.0
489,3,1426.0,77.0,41.0,143.0,1,1,1.0
489,2,1341.0,62.0,47.0,147.0,1,1,1.0
490,3,1423.0,75.0,43.0,146.0,1,1,1.0
490,2,1334.0,63.0,53.0,148.0,1,1,1.0
491,3,1418.0,74.0,47.0,148.0,1,1,1.0
491,2,1328.0,62.0,60.0,148.0,1,1,1.0
492,3,1413.0,73.0,53.0,151.0,1,1,1.0
492,2,1325.0,64.0,63.0,147.0,1,1,1.0
493,3,1408.0,73.0,60.0,152.0,1,1,1.0
493,2,1324.0,62.0,60.0,149.0,1,1,1.0
494,3,1404.0,75.0,64.0,151.0,1,1,1.0
494,2,1322.0,61.0,57.0,149.0,1,1,1.0
495,3,1400.0,78.0,67.0,149.0,1,1,1.0
495,2,1318.0,60.0,53.0,151.0,1,1,1.0
496,3,1397.0,79.0,69.0,149.0,1,1,1.0
496,2,1315.0,59.0,49.0,152.0,1,1,1.0
497,3,1394.0,80.0,69.0,149.0,1,1,1.0
497,2,1311.0,59.0,49.0,152.0,1,1,1.0
498,3,1393.0,79.0,69.0,150.0,1,1,1.0
498,2,1304.0,60.0,51.0,152.0,1,1,1.0
499,3,1392.0,79.0,66.0,150.0,1,1,1.0
499,2,1299.0,61.0,52.0,151.0,1,1,1.0
500,3,1391.0,76.0,60.0,153.0,1,1,1.0
500,2,1298.0,62.0,49.0,150.0,1,1,1.0
501,3,1390.0,75.0,55.0,154.0,1,1,1.0
501,2,1296.0,62.0,50.0,150.0,1,1,1.0
502,3,1385.0,76.0,55.0,154.0,1,1,1.0
502,2,1291.0,62.0,52.0,151.0,1,1,1.0
503,3,1376.0,77.0,57.0,153.0,1,1,1.0
503,2,1287.0,61.0,53.0,151.0,1,1,1.0
504,3,1368.0,78.0,61.0,153.0,1,1,1.0
504,2,1282.0,59.0,52.0,153.0,1,1,1.0
505,3,1364.0,78.0,63.0,152.0,1,1,1.0
505,2,1277.0,58.0,50.0,156.0,1,1,1.0
506,3,1364.0,79.0,61.0,152.0,1,1,1.0
506,2,1276.0,58.0,47.0,157.0,1,1,1.0
507,3,1363.0,78.0,59.0,153.0,1,1,1.0
507,2,1273.0,58.0,47.0,158.0,1,1,1.0
508,3,1362.0,76.0,55.0,156.0,1,1,1.0
508,2,1262.0,59.0,58.0,155.0,1,1,1.0
509,3,1360.0,74.0,49.0,158.0,1,1,1.0
509,2,1257.0,60.0,62.0,153.0,1,1,1.0
510,3,1356.0,73.0,49.0,160.0,1,1,1.0
510,2,1251.0,61.0,63.0,158.0,1,1,1.0
511,3,1348.0,73.0,56.0,162.0,1,1,1.0
511,2,1248.0,60.0,66.0,159.0,1,1,1.0
512,3,1338.0,73.0,67.0,161.0,1,1,1.0
512,2,1246.0,59.0,64.0,161.0,1,1,1.0
513,3,1330.0,74.0,75.0,162.0,1,1,1.0
513,2,1244.0,59.0,55.0,162.0,1,1,1.0
514,3,1325.0,76.0,80.0,162.0,1,1,1.0
514,2,1238.0,58.0,53.0,163.0,1,1,1.0
515,3,1321.0,77.0,82.0,162.0,1,1,1.0
515,2,1235.0,57.0,50.0,163.0,1,1,1.0
516,3,1317.0,77.0,81.0,162.0,1,1,1.0
516,2,1228.0,57.0,51.0,164.0,1,1,1.0
517,3,1315.0,75.0,78.0,164.0,1,1,1.0
517,2,1213.0,58.0,61.0,164.0,1,1,1.0
518,3,1314.0,74.0,72.0,166.0,1,1,1.0
518,2,1201.0,59.0,69.0,164.0,1,1,1.0
519,3,1314.0,73.0,63.0,166.0,1,1,1.0
519,2,1196.0,60.0,72.0,164.0,1,1,1.0
520,3,1314.0,72.0,55.0,167.0,1,1,1.0
520,2,1193.0,60.0,73.0,164.0,1,1,1.0
521,3,1307.0,72.0,56.0,167.0,1,1,1.0
521,2,1192.0,60.0,71.0,165.0,1,1,1.0
522,3,1297.0,73.0,58.0,167.0,1,1,1.0
522,2,1191.0,59.0,66.0,167.0,1,1,1.0
523,3,1292.0,75.0,61.0,166.0,1,1,1.0
523,2,1191.0,58.0,56.0,168.0,1,1,1.0
524,3,1289.0,76.0,61.0,165.0,1,1,1.0
524,2,1189.0,57.0,50.0,169.0,1,1,1.0
525,3,1288.0,75.0,59.0,164.0,1,1,1.0
525,2,1185.0,57.0,47.0,170.0,1,1,1.0
526,3,1285.0,75.0,59.0,163.0,1,1,1.0
526,2,1177.0,57.0,52.0,173.0,1,1,1.0
527,3,1279.0,74.0,59.0,165.0,1,1,1.0
527,2,1168.0,58.0,60.0,173.0,1,1,1.0
528,3,1276.0,73.0,54.0,167.0,1,1,1.0
528,2,1160.0,59.0,68.0,173.0,1,1,1.0
529,3,1272.0,72.0,53.0,170.0,1,1,1.0
529,2,1155.0,60.0,71.0,173.0,1,1,1.0
530,2,1153.0,60.0,69.0,173.0,1,1,1.0
531,2,1151.0,59.0,64.0,174.0,1,1,1.0
532,2,1148.0,58.0,55.0,175.0,1,1,1.0
533,2,1145.0,57.0,50.0,177.0,1,1,1.0
534,2,1140.0,56.0,50.0,177.0,1,1,1.0
535,3,1221.0,76.0,97.0,169.0,1,1,1.0
535,2,1130.0,56.0,54.0,177.0,1,1,1.0
536,3,1218.0,76.0,95.0,169.0,1,1,1.0
536,2,1114.0,57.0,65.0,177.0,1,1,1.0
537,3,1216.0,75.0,90.0,170.0,1,1,1.0
537,2,1101.0,59.0,75.0,177.0,1,1,1.0
538,3,1217.0,74.0,80.0,171.0,1,1,1.0
538,2,1096.0,61.0,78.0,176.0,1,1,1.0
539,3,1219.0,73.0,68.0,171.0,1,1,1.0
539,2,1093.0,61.0,79.0,177.0,1,1,1.0
540,3,1217.0,72.0,62.0,175.0,1,1,1.0
540,2,1091.0,61.0,78.0,178.0,1,1,1.0
541,3,1208.0,72.0,64.0,178.0,1,1,1.0
541,2,1091.0,59.0,71.0,179.0,1,1,1.0
542,3,1193.0,73.0,76.0,180.0,1,1,1.0
542,2,1091.0,58.0,60.0,181.0,1,1,1.0
543,3,1182.0,75.0,83.0,180.0,1,1,1.0
543,2,1085.0,57.0,55.0,182.0,1,1,1.0
544,3,1174.0,77.0,87.0,181.0,1,1,1.0
544,2,1075.0,57.0,59.0,185.0,1,1,1.0
545,3,1171.0,77.0,88.0,181.0,1,1,1.0
545,2,1071.0,57.0,58.0,186.0,1,1,1.0
546,3,1169.0,76.0,86.0,182.0,1,1,1.0
546,2,1061.0,59.0,64.0,188.0,1,1,1.0
547,3,1170.0,75.0,78.0,184.0,1,1,1.0
547,2,1053.0,61.0,71.0,188.0,1,1,1.0
548,3,1169.0,73.0,67.0,186.0,1,1,1.0
548,2,1048.0,62.0,74.0,188.0,1,1,1.0
549,3,1167.0,72.0,61.0,187.0,1,1,1.0
549,2,1045.0,62.0,73.0,189.0,1,1,1.0
550,3,1159.0,71.0,65.0,190.0,1,1,1.0
550,2,1041.0,62.0,71.0,189.0,1,1,1.0
551,3,1147.0,72.0,73.0,192.0,1,1,1.0
551,2,1038.0,61.0,63.0,190.0,1,1,1.0
552,3,1138.0,72.0,84.0,194.0,1,1,1.0
552,2,1034.0,60.0,54.0,191.0,1,1,1.0
553,3,1130.0,75.0,92.0,193.0,1,1,1.0
553,2,1028.0,60.0,52.0,191.0,1,1,1.0
554,3,1122.0,77.0,99.0,193.0,1,1,1.0
554,2,1020.0,60.0,53.0,191.0,1,1,1.0
555,3,1117.0,78.0,102.0,194.0,1,1,1.0
555,2,1002.0,62.0,67.0,191.0,1,1,1.0
556,3,1111.0,77.0,102.0,195.0,1,1,1.0
556,2,986.0,63.0,81.0,192.0,1,1,1.0
557,3,1109.0,77.0,96.0,195.0,1,1,1.0
557,2,976.0,65.0,89.0,192.0,1,1,1.0
558,3,1108.0,76.0,86.0,196.0,1,1,1.0
558,2,971.0,67.0,93.0,192.0,1,1,1.0
559,3,1109.0,76.0,72.0,197.0,1,1,1.0
559,2,969.0,67.0,92.0,193.0,1,1,1.0
560,3,1107.0,75.0,63.0,197.0,1,1,1.0
560,2,968.0,67.0,85.0,193.0,1,1,1.0
561,3,1096.0,75.0,66.0,198.0,1,1,1.0
561,2,968.0,66.0,71.0,194.0,1,1,1.0
562,3,1082.0,77.0,73.0,199.0,1,1,1.0
562,2,963.0,66.0,60.0,195.0,1,1,1.0
563,3,1069.0,79.0,84.0,199.0,1,1,1.0
563,2,954.0,66.0,57.0,199.0,1,1,1.0
564,3,1060.0,80.0,91.0,202.0,1,1,1.0
564,2,941.0,67.0,63.0,202.0,1,1,1.0
565,3,1057.0,81.0,93.0,203.0,1,1,1.0
565,2,934.0,68.0,66.0,204.0,1,1,1.0
566,3,1055.0,81.0,89.0,204.0,1,1,1.0
566,2,924.0,70.0,75.0,204.0,1,1,1.0
567,3,1055.0,81.0,81.0,205.0,1,1,1.0
567,2,919.0,73.0,79.0,204.0,1,1,1.0
568,3,1053.0,81.0,71.0,205.0,1,1,1.0
568,2,913.0,74.0,81.0,204.0,1,1,1.0
569,3,1045.0,80.0,64.0,206.0,1,1,1.0
569,2,902.0,75.0,84.0,204.0,1,1,1.0
570,3,1031.0,81.0,73.0,209.0,1,1,1.0
570,2,900.0,74.0,75.0,204.0,1,1,1.0
571,3,1018.0,82.0,87.0,212.0,1,1,1.0
571,2,899.0,74.0,61.0,204.0,1,1,1.0
572,3,1004.0,83.0,101.0,213.0,1,1,1.0
572,2,893.0,73.0,56.0,204.0,1,1,1.0
573,3,993.0,87.0,110.0,213.0,1,1,1.0
573,2,882.0,74.0,60.0,204.0,1,1,1.0
574,3,982.0,89.0,117.0,214.0,1,1,1.0
574,2,862.0,76.0,78.0,205.0,1,1,1.0
575,3,974.0,90.0,117.0,214.0,1,1,1.0
575,2,845.0,78.0,93.0,206.0,1,1,1.0
576,3,969.0,90.0,110.0,214.0,1,1,1.0
576,2,837.0,80.0,101.0,207.0,1,1,1.0
577,3,968.0,89.0,94.0,216.0,1,1,1.0
577,2,832.0,81.0,103.0,208.0,1,1,1.0
578,3,969.0,87.0,72.0,218.0,1,1,1.0
578,2,831.0,82.0,99.0,207.0,1,1,1.0
579,3,964.0,87.0,63.0,219.0,1,1,1.0
579,2,830.0,82.0,89.0,208.0,1,1,1.0
580,3,948.0,88.0,73.0,218.0,1,1,1.0
580,2,829.0,82.0,73.0,207.0,1,1,1.0
581,3,926.0,91.0,94.0,216.0,1,1,1.0
581,2,823.0,82.0,60.0,208.0,1,1,1.0
582,3,909.0,94.0,110.0,215.0,1,1,1.0
582,2,812.0,82.0,58.0,213.0,1,1,1.0
583,3,898.0,96.0,120.0,215.0,1,1,1.0
583,2,801.0,83.0,64.0,217.0,1,1,1.0
584,3,893.0,98.0,122.0,215.0,1,1,1.0
584,2,787.0,85.0,76.0,219.0,1,1,1.0
585,3,892.0,99.0,115.0,216.0,1,1,1.0
585,2,776.0,88.0,86.0,218.0,1,1,1.0
586,3,890.0,98.0,104.0,217.0,1,1,1.0
586,2,765.0,90.0,96.0,219.0,1,1,1.0
587,3,887.0,97.0,88.0,219.0,1,1,1.0
587,2,753.0,92.0,103.0,219.0,1,1,1.0
588,3,881.0,96.0,72.0,221.0,1,1,1.0
588,2,748.0,92.0,100.0,219.0,1,1,1.0
589,3,866.0,96.0,71.0,224.0,1,1,1.0
589,2,751.0,91.0,82.0,218.0,1,1,1.0
590,3,847.0,98.0,88.0,227.0,1,1,1.0
590,2,749.0,91.0,66.0,219.0,1,1,1.0
591,3,832.0,101.0,104.0,228.0,1,1,1.0
591,2,743.0,92.0,58.0,219.0,1,1,1.0
592,3,819.0,105.0,118.0,227.0,1,1,1.0
592,2,730.0,93.0,67.0,219.0,1,1,1.0
593,3,807.0,107.0,127.0,227.0,1,1,1.0
593,2,710.0,95.0,85.0,221.0,1,1,1.0
594,3,797.0,107.0,130.0,227.0,1,1,1.0
594,2,694.0,97.0,99.0,221.0,1,1,1.0
595,3,791.0,106.0,124.0,228.0,1,1,1.0
595,2,685.0,100.0,107.0,221.0,1,1,1.0
596,3,791.0,105.0,106.0,230.0,1,1,1.0
596,2,682.0,102.0,107.0,222.0,1,1,1.0
597,3,795.0,104.0,79.0,232.0,1,1,1.0
597,2,681.0,103.0,102.0,222.0,1,1,1.0
598,3,793.0,104.0,67.0,231.0,1,1,1.0
598,2,681.0,103.0,89.0,223.0,1,1,1.0
599,3,779.0,105.0,76.0,230.0,1,1,1.0
599,2,677.0,102.0,75.0,223.0,1,1,1.0
600,3,756.0,108.0,98.0,231.0,1,1,1.0
600,2,667.0,102.0,63.0,224.0,1,1,1.0
601,3,737.0,111.0,116.0,231.0,1,1,1.0
601,2,648.0,103.0,72.0,229.0,1,1,1.0
602,3,726.0,114.0,126.0,231.0,1,1,1.0
602,2,637.0,105.0,80.0,233.0,1,1,1.0
603,3,720.0,116.0,128.0,232.0,1,1,1.0
603,2,623.0,107.0,93.0,235.0,1,1,1.0
604,3,718.0,117.0,121.0,232.0,1,1,1.0
604,2,613.0,110.0,102.0,234.0,1,1,1.0
605,3,716.0,117.0,108.0,233.0,1,1,1.0
605,2,604.0,113.0,109.0,235.0,1,1,1.0
606,3,712.0,116.0,93.0,234.0,1,1,1.0
606,2,589.0,115.0,119.0,235.0,1,1,1.0
607,3,706.0,115.0,76.0,236.0,1,1,1.0
607,2,596.0,116.0,102.0,235.0,1,1,1.0
608,3,689.0,117.0,74.0,240.0,1,1,1.0
608,2,583.0,116.0,98.0,234.0,1,1,1.0
609,3,670.0,119.0,88.0,244.0,1,1,1.0
609,2,582.0,116.0,79.0,232.0,1,1,1.0
610,3,650.0,122.0,108.0,245.0,1,1,1.0
610,2,578.0,117.0,66.0,232.0,1,1,1.0
611,3,635.0,126.0,122.0,245.0,1,1,1.0
611,2,567.0,119.0,72.0,232.0,1,1,1.0
612,3,620.0,129.0,135.0,247.0,1,1,1.0
612,2,544.0,120.0,92.0,234.0,1,1,1.0
613,3,608.0,131.0,140.0,248.0,1,1,1.0
613,2,527.0,123.0,108.0,235.0,1,1,1.0
614,3,603.0,132.0,133.0,248.0,1,1,1.0
614,2,519.0,126.0,115.0,236.0,1,1,1.0
615,3,604.0,132.0,116.0,249.0,1,1,1.0
615,2,514.0,129.0,117.0,236.0,1,1,1.0
616,3,608.0,131.0,92.0,249.0,1,1,1.0
616,2,510.0,130.0,115.0,236.0,1,1,1.0
617,3,608.0,131.0,74.0,248.0,1,1,1.0
617,2,509.0,131.0,102.0,235.0,1,1,1.0
618,3,599.0,133.0,77.0,248.0,1,1,1.0
618,2,506.0,131.0,88.0,235.0,1,1,1.0
619,3,578.0,136.0,96.0,249.0,1,1,1.0
619,2,499.0,131.0,75.0,235.0,1,1,1.0
620,3,555.0,141.0,119.0,248.0,1,1,1.0
620,2,487.0,132.0,70.0,240.0,1,1,1.0
