1,1,1548.0,495.0,60.0,140.0,1,1,1.0
1,2,1507.0,482.0,60.0,137.0,1,1,1.0
2,1,1540.0,496.0,64.0,139.0,1,1,1.0
2,2,1499.0,483.0,65.0,135.0,1,1,1.0
3,1,1536.0,497.0,65.0,138.0,1,1,1.0
3,2,1495.0,484.0,64.0,135.0,1,1,1.0
4,1,1536.0,498.0,63.0,137.0,1,1,1.0
4,2,1492.0,484.0,63.0,135.0,1,1,1.0
5,1,1536.0,498.0,61.0,137.0,1,1,1.0
5,2,1491.0,483.0,59.0,136.0,1,1,1.0
6,1,1535.0,497.0,57.0,138.0,1,1,1.0
6,2,1491.0,482.0,57.0,137.0,1,1,1.0
7,1,1535.0,496.0,48.0,140.0,1,1,1.0
7,2,1491.0,481.0,50.0,137.0,1,1,1.0
8,1,1533.0,495.0,43.0,143.0,1,1,1.0
8,2,1488.0,481.0,45.0,138.0,1,1,1.0
9,1,1527.0,494.0,44.0,145.0,1,1,1.0
9,2,1480.0,481.0,46.0,140.0,1,1,1.0
10,1,1519.0,495.0,50.0,146.0,1,1,1.0
11,1,1513.0,496.0,57.0,144.0,1,1,1.0
11,2,1464.0,482.0,54.0,140.0,1,1,1.0
12,1,1505.0,497.0,65.0,142.0,1,1,1.0
12,2,1456.0,484.0,58.0,140.0,1,1,1.0
13,1,1498.0,500.0,72.0,141.0,1,1,1.0
13,2,1452.0,484.0,59.0,141.0,1,1,1.0
14,1,1491.0,502.0,75.0,142.0,1,1,1.0
14,2,1447.0,485.0,61.0,142.0,1,1,1.0
15,1,1488.0,501.0,74.0,144.0,1,1,1.0
15,2,1442.0,484.0,59.0,143.0,1,1,1.0
16,1,1486.0,502.0,68.0,144.0,1,1,1.0
16,2,1441.0,484.0,54.0,144.0,1,1,1.0
17,1,1487.0,501.0,57.0,145.0,1,1,1.0
17,2,1441.0,483.0,46.0,145.0,1,1,1.0
18,1,1487.0,500.0,47.0,146.0,1,1,1.0
18,2,1436.0,483.0,45.0,144.0,1,1,1.0
19,1,1482.0,499.0,47.0,147.0,1,1,1.0
19,2,1425.0,483.0,50.0,144.0,1,1,1.0
20,1,1471.0,497.0,51.0,149.0,1,1,1.0
20,2,1411.0,484.0,59.0,143.0,1,1,1.0
21,1,1457.0,499.0,60.0,148.0,1,1,1.0
21,2,1400.0,485.0,68.0,142.0,1,1,1.0
22,1,1447.0,500.0,67.0,146.0,1,1,1.0
22,2,1394.0,486.0,71.0,141.0,1,1,1.0
23,1,1445.0,502.0,67.0,144.0,1,1,1.0
23,2,1392.0,486.0,69.0,141.0,1,1,1.0
24,1,1443.0,502.0,67.0,144.0,1,1,1.0
24,2,1390.0,485.0,66.0,142.0,1,1,1.0
25,1,1441.0,502.0,64.0,145.0,1,1,1.0
25,2,1390.0,484.0,60.0,143.0,1,1,1.0
26,1,1440.0,500.0,58.0,148.0,1,1,1.0
26,2,1389.0,483.0,52.0,144.0,1,1,1.0
27,1,1439.0,499.0,48.0,150.0,1,1,1.0
27,2,1383.0,483.0,48.0,147.0,1,1,1.0
28,1,1433.0,498.0,45.0,152.0,1,1,1.0
28,2,1374.0,483.0,51.0,149.0,1,1,1.0
29,1,1424.0,499.0,51.0,152.0,1,1,1.0
29,2,1365.0,484.0,55.0,150.0,1,1,1.0
30,1,1415.0,500.0,60.0,151.0,1,1,1.0
30,2,1356.0,485.0,60.0,150.0,1,1,1.0
31,1,1403.0,501.0,70.0,151.0,1,1,1.0
31,2,1349.0,486.0,63.0,149.0,1,1,1.0
32,1,1397.0,503.0,74.0,150.0,1,1,1.0
32,2,1343.0,487.0,66.0,150.0,1,1,1.0
33,1,1387.0,504.0,79.0,151.0,1,1,1.0
33,2,1339.0,487.0,66.0,150.0,1,1,1.0
34,1,1380.0,504.0,79.0,152.0,1,1,1.0
34,2,1336.0,486.0,60.0,151.0,1,1,1.0
35,1,1376.0,503.0,71.0,153.0,1,1,1.0
35,2,1337.0,486.0,52.0,151.0,1,1,1.0
36,1,1376.0,502.0,56.0,154.0,1,1,1.0
36,2,1335.0,485.0,46.0,151.0,1,1,1.0
37,1,1375.0,501.0,46.0,155.0,1,1,1.0
37,2,1329.0,486.0,47.0,151.0,1,1,1.0
38,1,1363.0,501.0,51.0,155.0,1,1,1.0
38,2,1313.0,487.0,58.0,151.0,1,1,1.0
39,1,1347.0,502.0,63.0,154.0,1,1,1.0
39,2,1300.0,488.0,66.0,150.0,1,1,1.0
40,1,1334.0,504.0,73.0,154.0,1,1,1.0
40,2,1292.0,489.0,72.0,150.0,1,1,1.0
41,1,1323.0,504.0,83.0,152.0,1,1,1.0
41,2,1286.0,490.0,77.0,151.0,1,1,1.0
42,1,1318.0,504.0,85.0,152.0,1,1,1.0
42,2,1284.0,490.0,75.0,151.0,1,1,1.0
43,1,1316.0,503.0,80.0,153.0,1,1,1.0
43,2,1284.0,489.0,68.0,152.0,1,1,1.0
44,1,1314.0,502.0,71.0,153.0,1,1,1.0
44,2,1283.0,487.0,58.0,153.0,1,1,1.0
45,1,1315.0,499.0,57.0,154.0,1,1,1.0
45,2,1279.0,487.0,50.0,154.0,1,1,1.0
46,1,1314.0,498.0,45.0,156.0,1,1,1.0
46,2,1270.0,488.0,51.0,154.0,1,1,1.0
47,1,1302.0,498.0,49.0,157.0,1,1,1.0
47,2,1262.0,488.0,53.0,155.0,1,1,1.0
48,1,1290.0,499.0,63.0,155.0,1,1,1.0
48,2,1254.0,490.0,56.0,155.0,1,1,1.0
49,1,1276.0,501.0,78.0,153.0,1,1,1.0
49,2,1242.0,491.0,68.0,156.0,1,1,1.0
50,1,1265.0,502.0,87.0,152.0,1,1,1.0
50,2,1237.0,491.0,70.0,156.0,1,1,1.0
51,1,1256.0,503.0,94.0,153.0,1,1,1.0
51,2,1234.0,491.0,68.0,156.0,1,1,1.0
52,1,1252.0,503.0,92.0,155.0,1,1,1.0
52,2,1233.0,491.0,56.0,158.0,1,1,1.0
53,1,1250.0,502.0,83.0,155.0,1,1,1.0
53,2,1229.0,490.0,50.0,157.0,1,1,1.0
54,1,1249.0,501.0,68.0,156.0,1,1,1.0
54,2,1226.0,490.0,45.0,157.0,1,1,1.0
55,1,1240.0,500.0,60.0,157.0,1,1,1.0
55,2,1217.0,490.0,47.0,155.0,1,1,1.0
56,1,1240.0,500.0,50.0,158.0,1,1,1.0
56,2,1203.0,491.0,56.0,153.0,1,1,1.0
57,1,1226.0,500.0,58.0,158.0,1,1,1.0
57,2,1187.0,493.0,67.0,155.0,1,1,1.0
58,1,1212.0,502.0,67.0,157.0,1,1,1.0
58,2,1175.0,494.0,76.0,153.0,1,1,1.0
59,1,1203.0,504.0,76.0,156.0,1,1,1.0
59,2,1168.0,495.0,84.0,152.0,1,1,1.0
60,1,1194.0,505.0,83.0,155.0,1,1,1.0
60,2,1165.0,495.0,86.0,153.0,1,1,1.0
61,1,1188.0,505.0,85.0,155.0,1,1,1.0
61,2,1165.0,493.0,79.0,154.0,1,1,1.0
62,1,1185.0,505.0,81.0,155.0,1,1,1.0
62,2,1165.0,491.0,61.0,155.0,1,1,1.0
63,1,1185.0,504.0,69.0,156.0,1,1,1.0
63,2,1164.0,490.0,49.0,158.0,1,1,1.0
64,1,1186.0,504.0,54.0,158.0,1,1,1.0
64,2,1156.0,490.0,46.0,159.0,1,1,1.0
65,1,1176.0,504.0,54.0,159.0,1,1,1.0
65,2,1144.0,490.0,51.0,160.0,1,1,1.0
66,1,1167.0,506.0,57.0,158.0,1,1,1.0
66,2,1131.0,491.0,57.0,160.0,1,1,1.0
67,1,1156.0,508.0,68.0,156.0,1,1,1.0
67,2,1119.0,492.0,69.0,157.0,1,1,1.0
68,1,1142.0,510.0,83.0,154.0,1,1,1.0
68,2,1111.0,493.0,76.0,157.0,1,1,1.0
69,1,1134.0,512.0,91.0,154.0,1,1,1.0
69,2,1105.0,493.0,79.0,158.0,1,1,1.0
70,1,1129.0,512.0,92.0,156.0,1,1,1.0
70,2,1099.0,493.0,76.0,159.0,1,1,1.0
71,1,1121.0,512.0,91.0,156.0,1,1,1.0
71,2,1097.0,492.0,62.0,160.0,1,1,1.0
72,1,1117.0,512.0,87.0,158.0,1,1,1.0
72,2,1098.0,491.0,49.0,161.0,1,1,1.0
73,1,1118.0,510.0,68.0,158.0,1,1,1.0
73,2,1092.0,491.0,45.0,160.0,1,1,1.0
74,1,1108.0,509.0,60.0,159.0,1,1,1.0
74,2,1081.0,492.0,50.0,158.0,1,1,1.0
75,1,1107.0,508.0,50.0,160.0,1,1,1.0
75,2,1063.0,493.0,64.0,158.0,1,1,1.0
76,1,1091.0,510.0,60.0,159.0,1,1,1.0
76,2,1048.0,495.0,80.0,157.0,1,1,1.0
77,1,1081.0,510.0,68.0,159.0,1,1,1.0
77,2,1038.0,496.0,88.0,156.0,1,1,1.0
78,1,1067.0,512.0,80.0,158.0,1,1,1.0
78,2,1033.0,496.0,92.0,156.0,1,1,1.0
79,1,1059.0,512.0,87.0,157.0,1,1,1.0
79,2,1031.0,495.0,88.0,157.0,1,1,1.0
80,1,1053.0,512.0,89.0,157.0,1,1,1.0
80,2,1031.0,495.0,76.0,157.0,1,1,1.0
81,1,1049.0,511.0,86.0,158.0,1,1,1.0
81,2,1029.0,493.0,55.0,158.0,1,1,1.0
82,1,1049.0,509.0,74.0,160.0,1,1,1.0
82,2,1023.0,493.0,48.0,159.0,1,1,1.0
83,1,1048.0,508.0,58.0,162.0,1,1,1.0
83,2,1010.0,492.0,53.0,162.0,1,1,1.0
84,1,1040.0,507.0,51.0,164.0,1,1,1.0
84,2,997.0,493.0,62.0,163.0,1,1,1.0
85,1,1030.0,508.0,53.0,163.0,1,1,1.0
85,2,985.0,494.0,68.0,161.0,1,1,1.0
86,1,1016.0,510.0,65.0,161.0,1,1,1.0
86,2,976.0,495.0,78.0,161.0,1,1,1.0
87,1,1000.0,512.0,82.0,160.0,1,1,1.0
87,2,969.0,496.0,84.0,162.0,1,1,1.0
88,1,990.0,513.0,91.0,161.0,1,1,1.0
88,2,966.0,496.0,81.0,163.0,1,1,1.0
89,1,984.0,514.0,91.0,165.0,1,1,1.0
90,1,976.0,514.0,91.0,167.0,1,1,1.0
90,2,962.0,496.0,55.0,165.0,1,1,1.0
91,1,975.0,513.0,79.0,169.0,1,1,1.0
91,2,960.0,495.0,44.0,166.0,1,1,1.0
92,1,975.0,512.0,60.0,171.0,1,1,1.0
92,2,950.0,495.0,45.0,165.0,1,1,1.0
93,1,971.0,510.0,49.0,171.0,1,1,1.0
93,2,936.0,496.0,56.0,163.0,1,1,1.0
94,1,963.0,511.0,52.0,171.0,1,1,1.0
94,2,918.0,498.0,71.0,166.0,1,1,1.0
95,1,945.0,511.0,68.0,170.0,1,1,1.0
95,2,906.0,500.0,83.0,163.0,1,1,1.0
96,1,929.0,513.0,81.0,168.0,1,1,1.0
96,2,898.0,501.0,90.0,162.0,1,1,1.0
97,1,916.0,516.0,92.0,165.0,1,1,1.0
97,2,896.0,501.0,90.0,162.0,1,1,1.0
98,1,908.0,517.0,96.0,164.0,1,1,1.0
98,2,894.0,502.0,83.0,162.0,1,1,1.0
99,1,904.0,517.0,95.0,164.0,1,1,1.0
99,2,894.0,501.0,69.0,163.0,1,1,1.0
100,1,902.0,515.0,84.0,166.0,1,1,1.0
100,2,891.0,500.0,49.0,164.0,1,1,1.0
101,1,901.0,514.0,70.0,167.0,1,1,1.0
101,2,883.0,500.0,43.0,166.0,1,1,1.0
102,1,899.0,513.0,52.0,170.0,1,1,1.0
102,2,868.0,501.0,49.0,167.0,1,1,1.0
103,1,888.0,513.0,50.0,173.0,1,1,1.0
103,2,855.0,501.0,56.0,168.0,1,1,1.0
104,1,872.0,514.0,65.0,171.0,1,1,1.0
104,2,840.0,503.0,76.0,168.0,1,1,1.0
105,1,857.0,516.0,80.0,169.0,1,1,1.0
105,2,831.0,504.0,85.0,167.0,1,1,1.0
106,1,845.0,519.0,93.0,169.0,1,1,1.0
106,2,824.0,505.0,87.0,167.0,1,1,1.0
107,1,838.0,520.0,97.0,169.0,1,1,1.0
108,1,828.0,520.0,98.0,170.0,1,1,1.0
109,1,825.0,520.0,89.0,170.0,1,1,1.0
109,2,818.0,504.0,51.0,168.0,1,1,1.0
110,1,823.0,519.0,77.0,172.0,1,1,1.0
110,2,814.0,504.0,43.0,167.0,1,1,1.0
111,1,825.0,518.0,54.0,173.0,1,1,1.0
112,1,820.0,518.0,47.0,173.0,1,1,1.0
112,2,782.0,505.0,59.0,166.0,1,1,1.0
113,1,804.0,518.0,60.0,173.0,1,1,1.0
114,1,787.0,519.0,75.0,172.0,1,1,1.0
114,2,760.0,508.0,64.0,164.0,1,1,1.0
115,1,773.0,522.0,87.0,171.0,1,1,1.0
116,1,761.0,524.0,99.0,170.0,1,1,1.0
117,1,755.0,525.0,101.0,170.0,1,1,1.0
118,1,752.0,525.0,96.0,171.0,1,1,1.0
119,1,752.0,524.0,83.0,172.0,1,1,1.0
120,1,752.0,523.0,68.0,174.0,1,1,1.0
120,2,727.0,507.0,46.0,173.0,1,1,1.0
121,1,745.0,522.0,54.0,178.0,1,1,1.0
121,2,714.0,508.0,50.0,173.0,1,1,1.0
122,1,729.0,523.0,58.0,180.0,1,1,1.0
122,2,699.0,509.0,56.0,171.0,1,1,1.0
123,1,716.0,524.0,68.0,180.0,1,1,1.0
124,1,700.0,527.0,84.0,178.0,1,1,1.0
124,2,681.0,513.0,84.0,169.0,1,1,1.0
125,1,688.0,528.0,95.0,177.0,1,1,1.0
126,1,677.0,530.0,103.0,178.0,1,1,1.0
126,2,671.0,512.0,81.0,169.0,1,1,1.0
127,1,669.0,530.0,104.0,179.0,1,1,1.0
127,2,668.0,512.0,69.0,170.0,1,1,1.0
128,1,665.0,530.0,96.0,182.0,1,1,1.0
129,1,664.0,529.0,81.0,183.0,1,1,1.0
129,2,658.0,511.0,44.0,168.0,1,1,1.0
131,1,662.0,529.0,55.0,181.0,1,1,1.0
132,1,645.0,530.0,68.0,181.0,1,1,1.0
132,2,615.0,515.0,57.0,166.0,1,1,1.0
133,1,628.0,532.0,83.0,179.0,1,1,1.0
133,2,607.0,517.0,76.0,166.0,1,1,1.0
134,1,614.0,534.0,96.0,177.0,1,1,1.0
135,1,604.0,536.0,102.0,176.0,1,1,1.0
135,2,597.0,517.0,56.0,167.0,1,1,1.0
136,1,597.0,536.0,102.0,175.0,1,1,1.0
136,2,595.0,516.0,66.0,168.0,1,1,1.0
137,1,588.0,536.0,100.0,174.0,1,1,1.0
137,2,592.0,515.0,58.0,170.0,1,1,1.0
138,1,589.0,535.0,84.0,176.0,1,1,1.0
138,2,588.0,515.0,43.0,170.0,1,1,1.0
139,1,590.0,533.0,63.0,178.0,1,1,1.0
139,2,577.0,515.0,39.0,172.0,1,1,1.0
140,1,585.0,533.0,50.0,181.0,1,1,1.0
140,2,560.0,516.0,46.0,174.0,1,1,1.0
141,1,575.0,533.0,55.0,181.0,1,1,1.0
142,1,554.0,535.0,74.0,179.0,1,1,1.0
143,1,538.0,537.0,88.0,177.0,1,1,1.0
144,1,527.0,539.0,97.0,177.0,1,1,1.0
145,1,519.0,539.0,101.0,180.0,1,1,1.0
146,1,512.0,540.0,99.0,178.0,1,1,1.0
147,1,511.0,539.0,87.0,178.0,1,1,1.0
148,1,507.0,537.0,72.0,180.0,1,1,1.0
149,1,504.0,536.0,58.0,182.0,1,1,1.0
151,1,468.0,528.0,87.0,171.0,1,1,1.0
152,1,459.0,537.0,92.0,175.0,1,1,1.0
153,1,451.0,542.0,97.0,175.0,1,1,1.0
154,1,446.0,544.0,98.0,174.0,1,1,1.0
155,1,444.0,545.0,92.0,174.0,1,1,1.0
156,1,439.0,543.0,84.0,176.0,1,1,1.0
157,1,433.0,542.0,73.0,178.0,1,1,1.0
158,1,425.0,543.0,63.0,178.0,1,1,1.0
160,1,404.0,545.0,71.0,176.0,1,1,1.0
161,1,387.0,548.0,84.0,173.0,1,1,1.0
162,1,375.0,548.0,95.0,174.0,1,1,1.0
163,1,367.0,550.0,100.0,173.0,1,1,1.0
164,1,360.0,550.0,101.0,174.0,1,1,1.0
166,1,358.0,551.0,79.0,174.0,1,1,1.0
167,1,354.0,549.0,57.0,176.0,1,1,1.0
168,1,342.0,547.0,58.0,177.0,1,1,1.0
169,1,331.0,548.0,65.0,176.0,1,1,1.0
170,1,321.0,551.0,74.0,173.0,1,1,1.0
171,1,313.0,552.0,81.0,173.0,1,1,1.0
172,1,305.0,552.0,90.0,173.0,1,1,1.0
173,1,300.0,554.0,89.0,171.0,1,1,1.0
174,1,296.0,554.0,83.0,170.0,1,1,1.0
175,1,291.0,553.0,76.0,172.0,1,1,1.0
177,1,278.0,551.0,57.0,176.0,1,1,1.0
178,1,271.0,538.0,69.0,171.0,1,1,1.0
179,1,262.0,535.0,78.0,167.0,1,1,1.0
180,1,247.0,548.0,81.0,168.0,1,1,1.0
181,1,235.0,553.0,88.0,169.0,1,1,1.0
182,1,225.0,556.0,95.0,170.0,1,1,1.0
183,1,218.0,557.0,78.0,170.0,1,1,1.0
184,1,216.0,556.0,82.0,172.0,1,1,1.0
185,1,214.0,554.0,75.0,174.0,1,1,1.0
186,1,216.0,543.0,64.0,179.0,1,1,1.0
187,3,217.0,541.0,59.0,170.0,1,1,1.0
187,1,206.0,549.0,56.0,178.0,1,1,1.0
188,3,210.0,540.0,67.0,169.0,1,1,1.0
188,1,197.0,551.0,59.0,177.0,1,1,1.0
189,3,200.0,540.0,76.0,167.0,1,1,1.0
189,1,191.0,554.0,63.0,175.0,1,1,1.0
190,3,199.0,541.0,75.0,165.0,1,1,1.0
190,1,182.0,557.0,70.0,173.0,1,1,1.0
191,3,191.0,541.0,75.0,163.0,1,1,1.0
191,1,175.0,559.0,76.0,171.0,1,1,1.0
192,1,168.0,559.0,80.0,171.0,1,1,1.0
193,1,161.0,559.0,77.0,168.0,1,1,1.0
194,1,156.0,559.0,70.0,169.0,1,1,1.0
195,3,171.0,540.0,53.0,163.0,1,1,1.0
195,1,150.0,557.0,63.0,172.0,1,1,1.0
196,3,165.0,540.0,54.0,163.0,1,1,1.0
196,1,144.0,556.0,54.0,173.0,1,1,1.0
197,3,159.0,540.0,59.0,162.0,1,1,1.0
197,1,138.0,557.0,55.0,172.0,1,1,1.0
198,3,151.0,541.0,65.0,162.0,1,1,1.0
198,1,132.0,558.0,59.0,172.0,1,1,1.0
199,3,142.0,542.0,72.0,163.0,1,1,1.0
199,1,121.0,560.0,69.0,169.0,1,1,1.0
200,3,135.0,543.0,76.0,163.0,1,1,1.0
200,1,111.0,562.0,77.0,168.0,1,1,1.0
201,3,132.0,542.0,72.0,164.0,1,1,1.0
201,1,102.0,563.0,84.0,168.0,1,1,1.0
202,3,126.0,542.0,66.0,166.0,1,1,1.0
202,1,97.0,563.0,85.0,169.0,1,1,1.0
203,3,121.0,541.0,58.0,176.0,1,1,1.0
203,1,94.0,563.0,78.0,170.0,1,1,1.0
204,3,115.0,542.0,50.0,181.0,1,1,1.0
204,1,90.0,562.0,53.0,170.0,1,1,1.0
205,3,109.0,542.0,49.0,173.0,1,1,1.0
205,1,85.0,561.0,49.0,171.0,1,1,1.0
206,3,104.0,545.0,52.0,166.0,1,1,1.0
206,1,79.0,560.0,50.0,172.0,1,1,1.0
207,3,98.0,546.0,57.0,163.0,1,1,1.0
207,1,72.0,562.0,54.0,171.0,1,1,1.0
208,3,92.0,548.0,63.0,161.0,1,1,1.0
208,1,66.0,563.0,59.0,170.0,1,1,1.0
209,3,88.0,548.0,65.0,160.0,1,1,1.0
209,1,60.0,564.0,64.0,169.0,1,1,1.0
210,3,85.0,550.0,65.0,158.0,1,1,1.0
210,1,55.0,565.0,68.0,167.0,1,1,1.0
211,1,50.0,566.0,68.0,165.0,1,1,1.0
212,3,75.0,546.0,55.0,161.0,1,1,1.0
212,1,45.0,565.0,65.0,166.0,1,1,1.0
213,3,70.0,546.0,48.0,161.0,1,1,1.0
213,1,39.0,563.0,61.0,166.0,1,1,1.0
214,3,66.0,545.0,46.0,160.0,1,1,1.0
214,1,34.0,562.0,55.0,167.0,1,1,1.0
215,3,62.0,546.0,47.0,159.0,1,1,1.0
215,1,29.0,561.0,49.0,170.0,1,1,1.0
216,3,57.0,546.0,50.0,159.0,1,1,1.0
216,1,24.0,562.0,50.0,169.0,1,1,1.0
217,3,47.0,546.0,61.0,157.0,1,1,1.0
217,1,19.0,563.0,55.0,168.0,1,1,1.0
218,3,45.0,548.0,61.0,156.0,1,1,1.0
218,1,10.0,564.0,64.0,165.0,1,1,1.0
219,3,41.0,548.0,63.0,155.0,1,1,1.0
219,1,2.0,566.0,71.0,164.0,1,1,1.0
220,3,39.0,549.0,63.0,154.0,1,1,1.0
220,1,0.0,568.0,71.0,162.0,1,1,1.0
221,3,35.0,549.0,61.0,154.0,1,1,1.0
221,1,0.0,568.0,70.0,162.0,1,1,1.0
222,3,30.0,548.0,56.0,154.0,1,1,1.0
222,1,0.0,566.0,61.0,164.0,1,1,1.0
223,3,27.0,547.0,50.0,156.0,1,1,1.0
223,1,0.0,564.0,51.0,166.0,1,1,1.0
224,3,22.0,547.0,46.0,157.0,1,1,1.0
224,1,0.0,562.0,39.0,169.0,1,1,1.0
225,3,19.0,547.0,45.0,157.0,1,1,1.0
225,1,0.0,562.0,30.0,169.0,1,1,1.0
226,3,16.0,546.0,47.0,158.0,1,1,1.0
226,1,0.0,564.0,30.0,168.0,1,1,1.0
227,3,12.0,546.0,51.0,159.0,1,1,1.0
227,1,0.0,582.0,31.0,149.0,1,1,1.0
228,3,8.0,546.0,54.0,159.0,1,1,1.0
228,1,0.0,590.0,30.0,142.0,1,1,1.0
229,3,6.0,547.0,56.0,157.0,1,1,1.0
230,3,3.0,549.0,54.0,156.0,1,1,1.0
231,3,0.0,548.0,52.0,156.0,1,1,1.0
232,3,0.0,548.0,46.0,156.0,1,1,1.0
233,3,0.0,548.0,39.0,156.0,1,1,1.0
234,3,0.0,548.0,33.0,158.0,1,1,1.0
235,3,0.0,548.0,32.0,160.0,1,1,1.0
236,3,0.0,547.0,31.0,161.0,1,1,1.0
237,3,0.0,547.0,31.0,160.0,1,1,1.0
241,3,0.0,552.0,30.0,157.0,1,1,1.0
242,3,0.0,553.0,31.0,156.0,1,1,1.0
243,3,0.0,553.0,32.0,155.0,1,1,1.0
244,3,0.0,551.0,33.0,157.0,1,1,1.0
245,3,0.0,549.0,35.0,159.0,1,1,1.0
246,3,0.0,548.0,36.0,161.0,1,1,1.0
247,3,0.0,548.0,38.0,162.0,1,1,1.0
248,3,0.0,547.0,39.0,162.0,1,1,1.0
249,3,0.0,547.0,39.0,161.0,1,1,1.0
250,3,0.0,546.0,40.0,162.0,1,1,1.0
251,3,0.0,545.0,40.0,162.0,1,1,1.0
252,3,0.0,544.0,40.0,161.0,1,1,1.0
253,3,0.0,544.0,41.0,161.0,1,1,1.0
254,3,2.0,544.0,43.0,161.0,1,1,1.0
255,3,5.0,544.0,46.0,161.0,1,1,1.0
256,3,10.0,545.0,52.0,161.0,1,1,1.0
257,3,14.0,545.0,55.0,160.0,1,1,1.0
258,3,17.0,545.0,55.0,159.0,1,1,1.0
259,3,21.0,544.0,54.0,159.0,1,1,1.0
259,4,0.0,550.0,29.0,141.0,1,1,1.0
260,3,25.0,542.0,51.0,161.0,1,1,1.0
260,4,0.0,546.0,32.0,142.0,1,1,1.0
261,3,32.0,541.0,45.0,158.0,1,1,1.0
261,4,0.0,542.0,37.0,144.0,1,1,1.0
262,3,38.0,540.0,42.0,158.0,1,1,1.0
262,4,0.0,540.0,38.0,150.0,1,1,1.0
263,3,41.0,540.0,42.0,158.0,1,1,1.0
263,4,4.0,538.0,36.0,151.0,1,1,1.0
264,3,44.0,539.0,49.0,158.0,1,1,1.0
264,4,8.0,536.0,35.0,150.0,1,1,1.0
265,3,48.0,539.0,58.0,157.0,1,1,1.0
265,4,13.0,536.0,35.0,148.0,1,1,1.0
266,3,51.0,540.0,65.0,156.0,1,1,1.0
266,4,17.0,535.0,39.0,147.0,1,1,1.0
267,3,54.0,539.0,69.0,154.0,1,1,1.0
267,4,19.0,535.0,51.0,147.0,1,1,1.0
268,3,58.0,538.0,70.0,153.0,1,1,1.0
269,3,63.0,537.0,66.0,154.0,1,1,1.0
269,4,22.0,535.0,62.0,146.0,1,1,1.0
270,3,70.0,536.0,59.0,155.0,1,1,1.0
270,4,26.0,535.0,57.0,146.0,1,1,1.0
271,3,79.0,535.0,50.0,157.0,1,1,1.0
271,4,31.0,534.0,53.0,145.0,1,1,1.0
272,3,87.0,533.0,42.0,157.0,1,1,1.0
272,4,40.0,531.0,47.0,145.0,1,1,1.0
273,3,94.0,533.0,41.0,157.0,1,1,1.0
273,4,51.0,529.0,39.0,146.0,1,1,1.0
274,3,99.0,531.0,45.0,157.0,1,1,1.0
274,4,59.0,527.0,34.0,147.0,1,1,1.0
275,3,104.0,531.0,53.0,159.0,1,1,1.0
275,4,65.0,526.0,37.0,147.0,1,1,1.0
276,3,107.0,531.0,59.0,158.0,1,1,1.0
276,4,70.0,526.0,40.0,148.0,1,1,1.0
277,3,109.0,530.0,63.0,157.0,1,1,1.0
277,4,72.0,527.0,45.0,147.0,1,1,1.0
278,3,112.0,529.0,63.0,157.0,1,1,1.0
278,4,73.0,527.0,50.0,147.0,1,1,1.0
279,3,119.0,527.0,56.0,160.0,1,1,1.0
279,4,76.0,527.0,55.0,149.0,1,1,1.0
280,3,128.0,526.0,47.0,156.0,1,1,1.0
280,4,81.0,526.0,56.0,149.0,1,1,1.0
281,3,136.0,524.0,41.0,155.0,1,1,1.0
281,4,90.0,524.0,52.0,147.0,1,1,1.0
282,3,142.0,524.0,41.0,154.0,1,1,1.0
282,4,98.0,519.0,45.0,148.0,1,1,1.0
283,3,147.0,523.0,47.0,155.0,1,1,1.0
283,4,107.0,519.0,38.0,146.0,1,1,1.0
284,3,152.0,522.0,58.0,155.0,1,1,1.0
284,4,113.0,518.0,40.0,145.0,1,1,1.0
285,3,154.0,521.0,67.0,154.0,1,1,1.0
285,4,120.0,520.0,47.0,143.0,1,1,1.0
286,3,159.0,521.0,69.0,148.0,1,1,1.0
286,4,122.0,519.0,56.0,142.0,1,1,1.0
287,3,161.0,522.0,71.0,147.0,1,1,1.0
287,4,124.0,520.0,54.0,143.0,1,1,1.0
288,3,167.0,521.0,66.0,147.0,1,1,1.0
288,4,126.0,519.0,65.0,142.0,1,1,1.0
289,3,173.0,519.0,60.0,148.0,1,1,1.0
289,4,130.0,518.0,62.0,142.0,1,1,1.0
290,3,182.0,518.0,51.0,149.0,1,1,1.0
290,4,137.0,518.0,56.0,140.0,1,1,1.0
291,3,190.0,516.0,44.0,150.0,1,1,1.0
291,4,147.0,515.0,49.0,141.0,1,1,1.0
292,3,199.0,512.0,43.0,154.0,1,1,1.0
292,4,158.0,513.0,41.0,143.0,1,1,1.0
293,3,205.0,513.0,47.0,154.0,1,1,1.0
293,4,167.0,512.0,39.0,143.0,1,1,1.0
294,3,209.0,513.0,56.0,153.0,1,1,1.0
294,4,169.0,511.0,42.0,143.0,1,1,1.0
295,3,211.0,513.0,63.0,153.0,1,1,1.0
295,4,168.0,509.0,51.0,145.0,1,1,1.0
296,3,213.0,512.0,67.0,152.0,1,1,1.0
296,4,168.0,508.0,63.0,146.0,1,1,1.0
297,3,217.0,510.0,65.0,152.0,1,1,1.0
297,4,170.0,510.0,74.0,145.0,1,1,1.0
298,3,225.0,509.0,59.0,151.0,1,1,1.0
298,4,173.0,509.0,71.0,146.0,1,1,1.0
299,3,236.0,509.0,48.0,148.0,1,1,1.0
299,4,179.0,509.0,68.0,144.0,1,1,1.0
300,3,245.0,507.0,42.0,148.0,1,1,1.0
300,4,190.0,507.0,61.0,142.0,1,1,1.0
301,3,251.0,506.0,42.0,148.0,1,1,1.0
301,4,204.0,505.0,49.0,141.0,1,1,1.0
302,3,257.0,505.0,48.0,149.0,1,1,1.0
302,4,214.0,503.0,42.0,142.0,1,1,1.0
303,3,261.0,504.0,60.0,149.0,1,1,1.0
303,4,224.0,502.0,38.0,142.0,1,1,1.0
304,3,262.0,504.0,69.0,149.0,1,1,1.0
304,4,229.0,502.0,51.0,142.0,1,1,1.0
305,3,264.0,503.0,74.0,148.0,1,1,1.0
305,4,232.0,502.0,59.0,143.0,1,1,1.0
306,3,267.0,503.0,74.0,147.0,1,1,1.0
306,4,233.0,503.0,69.0,141.0,1,1,1.0
307,3,271.0,502.0,71.0,145.0,1,1,1.0
307,4,235.0,505.0,74.0,139.0,1,1,1.0
308,3,280.0,500.0,62.0,144.0,1,1,1.0
308,4,238.0,505.0,72.0,138.0,1,1,1.0
309,3,291.0,499.0,52.0,144.0,1,1,1.0
309,4,245.0,503.0,62.0,136.0,1,1,1.0
310,3,302.0,497.0,45.0,146.0,1,1,1.0
310,4,255.0,499.0,53.0,137.0,1,1,1.0
311,3,310.0,496.0,45.0,147.0,1,1,1.0
311,4,266.0,496.0,42.0,139.0,1,1,1.0
312,3,316.0,494.0,49.0,149.0,1,1,1.0
312,4,273.0,495.0,41.0,140.0,1,1,1.0
313,3,320.0,495.0,57.0,148.0,1,1,1.0
313,4,279.0,494.0,44.0,139.0,1,1,1.0
314,3,322.0,495.0,61.0,147.0,1,1,1.0
314,4,280.0,494.0,49.0,139.0,1,1,1.0
315,3,323.0,495.0,66.0,146.0,1,1,1.0
315,4,277.0,494.0,58.0,137.0,1,1,1.0
316,3,328.0,494.0,65.0,143.0,1,1,1.0
316,4,277.0,494.0,66.0,140.0,1,1,1.0
317,3,336.0,492.0,60.0,143.0,1,1,1.0
317,4,281.0,494.0,68.0,141.0,1,1,1.0
318,3,345.0,491.0,51.0,142.0,1,1,1.0
318,4,288.0,493.0,67.0,139.0,1,1,1.0
319,3,355.0,490.0,43.0,143.0,1,1,1.0
319,4,297.0,493.0,59.0,135.0,1,1,1.0
320,3,362.0,489.0,40.0,144.0,1,1,1.0
320,4,311.0,492.0,47.0,133.0,1,1,1.0
321,3,367.0,487.0,47.0,145.0,1,1,1.0
321,4,320.0,490.0,40.0,134.0,1,1,1.0
322,3,371.0,488.0,58.0,143.0,1,1,1.0
322,4,327.0,487.0,39.0,136.0,1,1,1.0
323,3,372.0,487.0,68.0,144.0,1,1,1.0
323,4,332.0,487.0,42.0,135.0,1,1,1.0
324,3,373.0,486.0,71.0,144.0,1,1,1.0
324,4,335.0,487.0,54.0,137.0,1,1,1.0
325,3,375.0,486.0,72.0,143.0,1,1,1.0
325,4,336.0,488.0,59.0,135.0,1,1,1.0
326,3,381.0,486.0,68.0,142.0,1,1,1.0
326,4,337.0,488.0,59.0,135.0,1,1,1.0
327,3,388.0,484.0,61.0,143.0,1,1,1.0
327,4,339.0,487.0,65.0,135.0,1,1,1.0
328,3,396.0,483.0,55.0,145.0,1,1,1.0
328,4,343.0,486.0,62.0,133.0,1,1,1.0
329,3,405.0,481.0,52.0,146.0,1,1,1.0
329,4,352.0,484.0,58.0,133.0,1,1,1.0
330,3,414.0,481.0,50.0,147.0,1,1,1.0
330,4,363.0,483.0,47.0,133.0,1,1,1.0
331,3,421.0,481.0,51.0,147.0,1,1,1.0
331,4,374.0,482.0,37.0,132.0,1,1,1.0
332,3,425.0,480.0,52.0,149.0,1,1,1.0
332,4,382.0,483.0,36.0,131.0,1,1,1.0
333,3,428.0,479.0,55.0,149.0,1,1,1.0
333,4,384.0,482.0,45.0,132.0,1,1,1.0
334,3,429.0,480.0,57.0,146.0,1,1,1.0
334,4,384.0,482.0,54.0,135.0,1,1,1.0
335,3,433.0,478.0,54.0,145.0,1,1,1.0
335,4,384.0,483.0,61.0,137.0,1,1,1.0
336,3,443.0,477.0,49.0,141.0,1,1,1.0
337,3,450.0,477.0,43.0,139.0,1,1,1.0
337,4,391.0,482.0,65.0,133.0,1,1,1.0
338,3,455.0,475.0,40.0,140.0,1,1,1.0
338,4,400.0,480.0,59.0,128.0,1,1,1.0
339,3,461.0,475.0,40.0,139.0,1,1,1.0
339,4,412.0,479.0,50.0,125.0,1,1,1.0
340,3,466.0,475.0,44.0,138.0,1,1,1.0
340,4,423.0,476.0,39.0,127.0,1,1,1.0
341,3,468.0,475.0,54.0,137.0,1,1,1.0
341,4,431.0,473.0,36.0,133.0,1,1,1.0
342,3,469.0,476.0,62.0,137.0,1,1,1.0
342,4,436.0,472.0,37.0,132.0,1,1,1.0
343,3,470.0,476.0,65.0,135.0,1,1,1.0
343,4,437.0,472.0,49.0,133.0,1,1,1.0
344,3,476.0,476.0,61.0,132.0,1,1,1.0
344,4,437.0,473.0,60.0,131.0,1,1,1.0
345,3,479.0,475.0,60.0,133.0,1,1,1.0
345,4,442.0,473.0,61.0,130.0,1,1,1.0
346,3,484.0,472.0,54.0,135.0,1,1,1.0
346,4,448.0,473.0,59.0,131.0,1,1,1.0
347,3,492.0,470.0,48.0,136.0,1,1,1.0
347,4,452.0,471.0,55.0,129.0,1,1,1.0
348,3,500.0,469.0,44.0,136.0,1,1,1.0
348,4,455.0,471.0,53.0,129.0,1,1,1.0
349,3,508.0,469.0,42.0,136.0,1,1,1.0
349,4,463.0,470.0,50.0,129.0,1,1,1.0
350,3,512.0,469.0,45.0,136.0,1,1,1.0
350,4,474.0,471.0,41.0,126.0,1,1,1.0
351,3,517.0,469.0,47.0,136.0,1,1,1.0
351,4,481.0,468.0,42.0,128.0,1,1,1.0
352,3,518.0,469.0,51.0,136.0,1,1,1.0
352,4,486.0,467.0,42.0,129.0,1,1,1.0
353,3,522.0,469.0,51.0,132.0,1,1,1.0
353,4,488.0,467.0,44.0,130.0,1,1,1.0
354,3,523.0,469.0,51.0,133.0,1,1,1.0
354,4,488.0,467.0,48.0,129.0,1,1,1.0
355,3,530.0,468.0,48.0,130.0,1,1,1.0
355,4,489.0,467.0,54.0,129.0,1,1,1.0
356,3,536.0,466.0,41.0,132.0,1,1,1.0
356,4,491.0,467.0,57.0,130.0,1,1,1.0
357,3,545.0,464.0,37.0,133.0,1,1,1.0
357,4,495.0,467.0,57.0,128.0,1,1,1.0
358,3,551.0,463.0,38.0,134.0,1,1,1.0
358,4,502.0,466.0,53.0,127.0,1,1,1.0
359,3,553.0,464.0,44.0,132.0,1,1,1.0
359,4,512.0,465.0,49.0,126.0,1,1,1.0
360,3,555.0,464.0,52.0,131.0,1,1,1.0
360,4,524.0,463.0,41.0,127.0,1,1,1.0
361,3,557.0,465.0,55.0,130.0,1,1,1.0
361,4,531.0,462.0,39.0,127.0,1,1,1.0
362,3,561.0,465.0,53.0,129.0,1,1,1.0
362,4,534.0,462.0,42.0,126.0,1,1,1.0
363,3,569.0,464.0,46.0,129.0,1,1,1.0
363,4,535.0,463.0,47.0,126.0,1,1,1.0
364,3,578.0,465.0,40.0,127.0,1,1,1.0
364,4,536.0,464.0,53.0,124.0,1,1,1.0
365,3,585.0,464.0,39.0,128.0,1,1,1.0
365,4,537.0,465.0,57.0,123.0,1,1,1.0
366,3,591.0,462.0,39.0,128.0,1,1,1.0
366,4,538.0,465.0,62.0,124.0,1,1,1.0
367,3,592.0,461.0,47.0,129.0,1,1,1.0
367,4,544.0,462.0,59.0,126.0,1,1,1.0
368,3,592.0,462.0,58.0,129.0,1,1,1.0
368,4,552.0,460.0,55.0,127.0,1,1,1.0
369,3,592.0,462.0,67.0,129.0,1,1,1.0
369,4,564.0,460.0,45.0,126.0,1,1,1.0
370,3,592.0,462.0,71.0,129.0,1,1,1.0
370,4,578.0,459.0,36.0,121.0,1,1,1.0
371,3,598.0,463.0,67.0,129.0,1,1,1.0
371,4,583.0,460.0,36.0,122.0,1,1,1.0
372,3,604.0,462.0,61.0,128.0,1,1,1.0
372,4,583.0,460.0,42.0,122.0,1,1,1.0
373,3,613.0,461.0,52.0,128.0,1,1,1.0
373,4,584.0,460.0,47.0,123.0,1,1,1.0
374,3,625.0,460.0,41.0,128.0,1,1,1.0
374,4,586.0,461.0,50.0,121.0,1,1,1.0
375,3,634.0,460.0,37.0,130.0,1,1,1.0
375,4,591.0,461.0,52.0,122.0,1,1,1.0
376,3,639.0,460.0,39.0,131.0,1,1,1.0
376,4,596.0,460.0,54.0,123.0,1,1,1.0
377,3,642.0,461.0,45.0,130.0,1,1,1.0
377,4,605.0,459.0,53.0,124.0,1,1,1.0
378,3,644.0,462.0,51.0,130.0,1,1,1.0
378,4,616.0,458.0,43.0,125.0,1,1,1.0
379,3,646.0,463.0,56.0,129.0,1,1,1.0
379,4,630.0,457.0,31.0,122.0,1,1,1.0
380,3,649.0,463.0,57.0,130.0,1,1,1.0
380,4,637.0,457.0,29.0,121.0,1,1,1.0
381,3,654.0,463.0,54.0,130.0,1,1,1.0
381,4,639.0,457.0,34.0,120.0,1,1,1.0
382,3,661.0,462.0,48.0,131.0,1,1,1.0
382,4,641.0,458.0,36.0,118.0,1,1,1.0
383,3,669.0,462.0,42.0,131.0,1,1,1.0
383,4,642.0,459.0,39.0,118.0,1,1,1.0
384,3,674.0,461.0,43.0,132.0,1,1,1.0
384,4,645.0,459.0,42.0,119.0,1,1,1.0
385,3,679.0,461.0,43.0,133.0,1,1,1.0
386,3,684.0,462.0,50.0,132.0,1,1,1.0
386,4,659.0,458.0,49.0,121.0,1,1,1.0
387,3,687.0,463.0,58.0,132.0,1,1,1.0
387,4,669.0,457.0,42.0,123.0,1,1,1.0
388,3,689.0,463.0,61.0,133.0,1,1,1.0
388,4,682.0,456.0,31.0,125.0,1,1,1.0
389,3,691.0,464.0,61.0,132.0,1,1,1.0
390,3,693.0,463.0,59.0,133.0,1,1,1.0
391,3,696.0,462.0,57.0,134.0,1,1,1.0
392,3,698.0,461.0,57.0,136.0,1,1,1.0
393,3,700.0,460.0,60.0,136.0,1,1,1.0
394,3,702.0,460.0,66.0,139.0,1,1,1.0
395,3,713.0,459.0,61.0,142.0,1,1,1.0
396,3,717.0,459.0,63.0,145.0,1,1,1.0
397,3,718.0,466.0,66.0,140.0,1,1,1.0
398,3,719.0,470.0,67.0,137.0,1,1,1.0
399,3,722.0,471.0,66.0,135.0,1,1,1.0
400,3,728.0,471.0,61.0,136.0,1,1,1.0
402,3,743.0,469.0,48.0,137.0,1,1,1.0
403,3,748.0,470.0,46.0,138.0,1,1,1.0
404,3,752.0,470.0,48.0,138.0,1,1,1.0
405,3,754.0,471.0,56.0,138.0,1,1,1.0
406,3,755.0,472.0,62.0,139.0,1,1,1.0
406,4,789.0,459.0,40.0,132.0,1,1,1.0
407,3,755.0,472.0,65.0,140.0,1,1,1.0
407,4,794.0,459.0,38.0,131.0,1,1,1.0
408,3,757.0,473.0,64.0,140.0,1,1,1.0
408,4,799.0,459.0,38.0,130.0,1,1,1.0
409,3,761.0,473.0,60.0,141.0,1,1,1.0
409,4,804.0,461.0,44.0,129.0,1,1,1.0
410,3,766.0,472.0,57.0,142.0,1,1,1.0
410,4,809.0,463.0,50.0,129.0,1,1,1.0
411,3,774.0,472.0,54.0,142.0,1,1,1.0
411,4,815.0,464.0,52.0,130.0,1,1,1.0
412,3,779.0,472.0,56.0,144.0,1,1,1.0
412,4,819.0,464.0,50.0,130.0,1,1,1.0
413,3,785.0,473.0,56.0,147.0,1,1,1.0
413,4,824.0,464.0,47.0,131.0,1,1,1.0
414,3,786.0,474.0,63.0,147.0,1,1,1.0
415,3,787.0,476.0,66.0,147.0,1,1,1.0
415,4,832.0,463.0,40.0,132.0,1,1,1.0
416,3,789.0,478.0,68.0,147.0,1,1,1.0
416,4,836.0,462.0,43.0,133.0,1,1,1.0
417,3,794.0,479.0,67.0,147.0,1,1,1.0
417,4,840.0,463.0,48.0,136.0,1,1,1.0
418,3,800.0,479.0,64.0,147.0,1,1,1.0
418,4,845.0,464.0,56.0,137.0,1,1,1.0
419,3,809.0,479.0,57.0,147.0,1,1,1.0
419,4,849.0,466.0,59.0,138.0,1,1,1.0
420,3,818.0,478.0,50.0,148.0,1,1,1.0
420,4,852.0,468.0,61.0,137.0,1,1,1.0
421,3,824.0,478.0,46.0,148.0,1,1,1.0
421,4,856.0,469.0,62.0,137.0,1,1,1.0
422,3,829.0,479.0,46.0,148.0,1,1,1.0
422,4,861.0,470.0,64.0,137.0,1,1,1.0
423,3,832.0,480.0,53.0,149.0,1,1,1.0
423,4,866.0,469.0,62.0,138.0,1,1,1.0
424,3,834.0,481.0,62.0,148.0,1,1,1.0
424,4,872.0,469.0,56.0,139.0,1,1,1.0
425,3,836.0,482.0,67.0,148.0,1,1,1.0
425,4,876.0,468.0,50.0,140.0,1,1,1.0
426,3,838.0,483.0,67.0,149.0,1,1,1.0
426,4,883.0,468.0,44.0,139.0,1,1,1.0
427,3,840.0,483.0,66.0,150.0,1,1,1.0
427,4,889.0,470.0,46.0,138.0,1,1,1.0
428,3,846.0,482.0,59.0,150.0,1,1,1.0
428,4,893.0,471.0,53.0,138.0,1,1,1.0
429,3,854.0,482.0,55.0,151.0,1,1,1.0
429,4,896.0,473.0,60.0,138.0,1,1,1.0
430,3,863.0,482.0,54.0,152.0,1,1,1.0
430,4,904.0,474.0,57.0,138.0,1,1,1.0
431,3,869.0,483.0,57.0,154.0,1,1,1.0
431,4,906.0,474.0,56.0,138.0,1,1,1.0
432,3,871.0,484.0,64.0,155.0,1,1,1.0
432,4,914.0,474.0,49.0,139.0,1,1,1.0
433,3,873.0,485.0,70.0,155.0,1,1,1.0
433,4,919.0,473.0,44.0,140.0,1,1,1.0
434,3,875.0,487.0,72.0,156.0,1,1,1.0
434,4,924.0,473.0,41.0,141.0,1,1,1.0
435,3,878.0,488.0,74.0,156.0,1,1,1.0
435,4,929.0,473.0,47.0,141.0,1,1,1.0
436,3,883.0,488.0,72.0,156.0,1,1,1.0
436,4,935.0,474.0,50.0,144.0,1,1,1.0
437,3,891.0,488.0,67.0,156.0,1,1,1.0
437,4,938.0,477.0,57.0,143.0,1,1,1.0
438,3,901.0,487.0,58.0,157.0,1,1,1.0
438,4,941.0,478.0,66.0,146.0,1,1,1.0
439,3,909.0,487.0,52.0,156.0,1,1,1.0
439,4,946.0,480.0,65.0,146.0,1,1,1.0
440,3,916.0,488.0,51.0,157.0,1,1,1.0
440,4,949.0,481.0,65.0,145.0,1,1,1.0
441,3,920.0,488.0,54.0,156.0,1,1,1.0
441,4,956.0,482.0,62.0,145.0,1,1,1.0
442,3,923.0,489.0,60.0,157.0,1,1,1.0
442,4,963.0,482.0,58.0,145.0,1,1,1.0
443,3,924.0,490.0,66.0,158.0,1,1,1.0
443,4,965.0,482.0,54.0,145.0,1,1,1.0
444,3,926.0,491.0,67.0,159.0,1,1,1.0
444,4,971.0,481.0,48.0,144.0,1,1,1.0
445,3,929.0,492.0,66.0,159.0,1,1,1.0
445,4,977.0,482.0,46.0,145.0,1,1,1.0
446,3,933.0,492.0,62.0,160.0,1,1,1.0
446,4,982.0,484.0,54.0,145.0,1,1,1.0
447,3,940.0,491.0,59.0,160.0,1,1,1.0
447,4,984.0,486.0,64.0,144.0,1,1,1.0
448,3,947.0,491.0,58.0,161.0,1,1,1.0
448,4,988.0,487.0,67.0,144.0,1,1,1.0
449,3,954.0,492.0,58.0,163.0,1,1,1.0
449,4,991.0,488.0,67.0,144.0,1,1,1.0
450,3,960.0,494.0,60.0,164.0,1,1,1.0
450,4,1001.0,488.0,59.0,145.0,1,1,1.0
451,3,962.0,495.0,68.0,165.0,1,1,1.0
451,4,1008.0,488.0,53.0,145.0,1,1,1.0
452,3,963.0,497.0,76.0,165.0,1,1,1.0
452,4,1012.0,487.0,48.0,146.0,1,1,1.0
453,3,966.0,498.0,79.0,165.0,1,1,1.0
453,4,1020.0,487.0,44.0,147.0,1,1,1.0
454,3,969.0,499.0,76.0,166.0,1,1,1.0
454,4,1026.0,487.0,47.0,150.0,1,1,1.0
455,3,977.0,499.0,73.0,166.0,1,1,1.0
455,4,1032.0,488.0,53.0,151.0,1,1,1.0
456,3,987.0,499.0,64.0,167.0,1,1,1.0
456,4,1036.0,490.0,59.0,153.0,1,1,1.0
457,3,999.0,498.0,56.0,167.0,1,1,1.0
457,4,1037.0,492.0,66.0,153.0,1,1,1.0
458,3,1006.0,498.0,51.0,167.0,1,1,1.0
458,4,1045.0,494.0,68.0,151.0,1,1,1.0
459,3,1012.0,499.0,55.0,167.0,1,1,1.0
459,4,1051.0,495.0,68.0,152.0,1,1,1.0
460,3,1015.0,501.0,66.0,166.0,1,1,1.0
460,4,1057.0,495.0,67.0,154.0,1,1,1.0
461,3,1017.0,503.0,78.0,166.0,1,1,1.0
461,4,1064.0,495.0,61.0,155.0,1,1,1.0
462,3,1018.0,505.0,84.0,167.0,1,1,1.0
462,4,1071.0,494.0,53.0,156.0,1,1,1.0
463,3,1021.0,506.0,86.0,167.0,1,1,1.0
464,3,1024.0,506.0,84.0,167.0,1,1,1.0
464,4,1085.0,494.0,43.0,153.0,1,1,1.0
465,3,1034.0,507.0,74.0,167.0,1,1,1.0
465,4,1090.0,496.0,47.0,153.0,1,1,1.0
466,3,1047.0,506.0,64.0,168.0,1,1,1.0
466,4,1098.0,497.0,54.0,153.0,1,1,1.0
467,3,1058.0,506.0,62.0,170.0,1,1,1.0
467,4,1105.0,499.0,56.0,154.0,1,1,1.0
468,3,1069.0,507.0,65.0,173.0,1,1,1.0
468,4,1112.0,500.0,54.0,155.0,1,1,1.0
469,3,1074.0,508.0,73.0,175.0,1,1,1.0
469,4,1118.0,501.0,50.0,155.0,1,1,1.0
470,3,1076.0,511.0,81.0,176.0,1,1,1.0
470,4,1124.0,500.0,44.0,156.0,1,1,1.0
471,3,1078.0,514.0,86.0,176.0,1,1,1.0
471,4,1131.0,499.0,37.0,157.0,1,1,1.0
472,3,1082.0,516.0,86.0,175.0,1,1,1.0
472,4,1137.0,499.0,35.0,158.0,1,1,1.0
473,3,1088.0,518.0,81.0,175.0,1,1,1.0
473,4,1143.0,499.0,41.0,159.0,1,1,1.0
474,3,1099.0,518.0,71.0,176.0,1,1,1.0
474,4,1149.0,500.0,43.0,164.0,1,1,1.0
475,3,1112.0,518.0,61.0,176.0,1,1,1.0
475,4,1157.0,502.0,48.0,165.0,1,1,1.0
476,3,1128.0,517.0,52.0,177.0,1,1,1.0
477,3,1136.0,518.0,51.0,176.0,1,1,1.0
477,4,1161.0,506.0,62.0,169.0,1,1,1.0
478,3,1139.0,519.0,60.0,178.0,1,1,1.0
478,4,1174.0,508.0,60.0,168.0,1,1,1.0
479,3,1141.0,521.0,76.0,177.0,1,1,1.0
479,4,1183.0,510.0,56.0,166.0,1,1,1.0
480,3,1141.0,523.0,87.0,178.0,1,1,1.0
481,3,1143.0,526.0,92.0,178.0,1,1,1.0
482,3,1147.0,527.0,93.0,178.0,1,1,1.0
483,3,1154.0,528.0,87.0,178.0,1,1,1.0
484,3,1168.0,528.0,75.0,178.0,1,1,1.0
484,4,1220.0,512.0,42.0,165.0,1,1,1.0
485,3,1186.0,529.0,64.0,178.0,1,1,1.0
485,4,1227.0,515.0,49.0,165.0,1,1,1.0
486,3,1198.0,529.0,58.0,180.0,1,1,1.0
487,3,1206.0,531.0,56.0,184.0,1,1,1.0
488,3,1209.0,533.0,66.0,186.0,1,1,1.0
489,3,1212.0,536.0,78.0,185.0,1,1,1.0
490,3,1214.0,539.0,86.0,184.0,1,1,1.0
491,3,1218.0,540.0,95.0,186.0,1,1,1.0
492,3,1226.0,541.0,94.0,186.0,1,1,1.0
492,4,1278.0,518.0,38.0,135.0,1,1,1.0
493,3,1240.0,541.0,83.0,186.0,1,1,1.0
493,4,1283.0,519.0,37.0,165.0,1,1,1.0
494,3,1254.0,541.0,70.0,186.0,1,1,1.0
495,3,1260.0,542.0,67.0,186.0,1,1,1.0
495,4,1285.0,525.0,57.0,181.0,1,1,1.0
496,3,1264.0,544.0,70.0,186.0,1,1,1.0
497,3,1273.0,546.0,79.0,185.0,1,1,1.0
498,3,1277.0,549.0,92.0,185.0,1,1,1.0
499,3,1280.0,552.0,98.0,184.0,1,1,1.0
500,3,1284.0,553.0,100.0,184.0,1,1,1.0
501,3,1291.0,553.0,98.0,185.0,1,1,1.0
501,4,1330.0,531.0,43.0,176.0,1,1,1.0
502,3,1304.0,553.0,85.0,185.0,1,1,1.0
503,3,1321.0,553.0,73.0,186.0,1,1,1.0
503,4,1343.0,533.0,48.0,172.0,1,1,1.0
504,3,1333.0,553.0,72.0,187.0,1,1,1.0
505,3,1336.0,542.0,83.0,178.0,1,1,1.0
505,4,1353.0,550.0,65.0,189.0,1,1,1.0
506,3,1338.0,540.0,90.0,174.0,1,1,1.0
506,4,1355.0,555.0,77.0,194.0,1,1,1.0
507,3,1341.0,539.0,89.0,171.0,1,1,1.0
507,4,1355.0,559.0,90.0,197.0,1,1,1.0
508,3,1349.0,539.0,81.0,168.0,1,1,1.0
508,4,1356.0,562.0,100.0,196.0,1,1,1.0
509,4,1359.0,565.0,106.0,196.0,1,1,1.0
510,4,1367.0,567.0,106.0,195.0,1,1,1.0
511,4,1380.0,567.0,96.0,195.0,1,1,1.0
512,3,1396.0,540.0,55.0,173.0,1,1,1.0
512,4,1395.0,567.0,82.0,196.0,1,1,1.0
513,3,1399.0,542.0,57.0,170.0,1,1,1.0
513,4,1415.0,567.0,62.0,195.0,1,1,1.0
514,4,1424.0,567.0,61.0,195.0,1,1,1.0
515,3,1403.0,548.0,67.0,172.0,1,1,1.0
515,4,1426.0,569.0,72.0,194.0,1,1,1.0
516,3,1408.0,550.0,77.0,178.0,1,1,1.0
516,4,1427.0,571.0,88.0,194.0,1,1,1.0
517,3,1415.0,551.0,77.0,180.0,1,1,1.0
517,4,1429.0,573.0,98.0,194.0,1,1,1.0
518,3,1427.0,552.0,70.0,181.0,1,1,1.0
518,4,1432.0,575.0,104.0,194.0,1,1,1.0
519,3,1443.0,551.0,60.0,182.0,1,1,1.0
519,4,1437.0,577.0,105.0,193.0,1,1,1.0
520,4,1448.0,577.0,95.0,193.0,1,1,1.0
521,3,1463.0,552.0,56.0,184.0,1,1,1.0
521,4,1462.0,577.0,85.0,193.0,1,1,1.0
522,3,1467.0,554.0,59.0,181.0,1,1,1.0
522,4,1480.0,578.0,74.0,193.0,1,1,1.0
523,3,1468.0,557.0,66.0,180.0,1,1,1.0
523,4,1494.0,579.0,71.0,196.0,1,1,1.0
524,3,1469.0,560.0,73.0,177.0,1,1,1.0
524,4,1503.0,581.0,71.0,199.0,1,1,1.0
525,3,1471.0,561.0,77.0,174.0,1,1,1.0
525,4,1506.0,583.0,84.0,200.0,1,1,1.0
526,3,1476.0,563.0,81.0,173.0,1,1,1.0
526,4,1508.0,585.0,95.0,200.0,1,1,1.0
527,3,1486.0,563.0,80.0,173.0,1,1,1.0
527,4,1510.0,588.0,105.0,199.0,1,1,1.0
528,3,1500.0,562.0,74.0,173.0,1,1,1.0
528,4,1515.0,589.0,106.0,199.0,1,1,1.0
529,3,1516.0,562.0,66.0,177.0,1,1,1.0
529,4,1523.0,590.0,102.0,198.0,1,1,1.0
530,3,1535.0,562.0,55.0,180.0,1,1,1.0
530,4,1541.0,590.0,86.0,198.0,1,1,1.0
531,3,1543.0,562.0,54.0,179.0,1,1,1.0
531,4,1561.0,590.0,70.0,198.0,1,1,1.0
532,3,1545.0,564.0,59.0,177.0,1,1,1.0
532,4,1574.0,590.0,64.0,198.0,1,1,1.0
533,3,1546.0,567.0,66.0,174.0,1,1,1.0
533,4,1578.0,592.0,69.0,197.0,1,1,1.0
534,3,1547.0,570.0,74.0,177.0,1,1,1.0
534,4,1579.0,594.0,79.0,196.0,1,1,1.0
535,3,1551.0,572.0,77.0,173.0,1,1,1.0
535,4,1580.0,596.0,91.0,196.0,1,1,1.0
536,3,1557.0,573.0,78.0,173.0,1,1,1.0
536,4,1581.0,599.0,100.0,195.0,1,1,1.0
537,3,1567.0,573.0,76.0,172.0,1,1,1.0
537,4,1585.0,600.0,105.0,195.0,1,1,1.0
538,3,1581.0,572.0,69.0,171.0,1,1,1.0
538,4,1592.0,601.0,106.0,195.0,1,1,1.0
539,3,1598.0,572.0,58.0,175.0,1,1,1.0
539,4,1605.0,601.0,93.0,195.0,1,1,1.0
540,3,1610.0,572.0,54.0,180.0,1,1,1.0
540,4,1622.0,602.0,80.0,196.0,1,1,1.0
