1,1,919.0,220.0,40.0,109.0,1,1,1.0
1,2,957.0,225.0,34.0,105.0,1,1,1.0
2,1,918.0,220.0,40.0,110.0,1,1,1.0
2,2,956.0,225.0,34.0,105.0,1,1,1.0
3,1,917.0,220.0,40.0,112.0,1,1,1.0
3,2,956.0,223.0,34.0,107.0,1,1,1.0
4,1,916.0,221.0,39.0,113.0,1,1,1.0
4,2,955.0,222.0,35.0,109.0,1,1,1.0
5,1,915.0,223.0,41.0,112.0,1,1,1.0
5,2,955.0,222.0,35.0,111.0,1,1,1.0
6,1,914.0,224.0,41.0,112.0,1,1,1.0
6,2,954.0,222.0,36.0,112.0,1,1,1.0
7,1,915.0,224.0,40.0,113.0,1,1,1.0
7,2,954.0,223.0,37.0,113.0,1,1,1.0
8,1,915.0,224.0,39.0,114.0,1,1,1.0
8,2,953.0,225.0,38.0,114.0,1,1,1.0
9,1,916.0,224.0,38.0,114.0,1,1,1.0
9,2,953.0,226.0,38.0,114.0,1,1,1.0
10,1,916.0,224.0,39.0,114.0,1,1,1.0
10,2,954.0,226.0,38.0,114.0,1,1,1.0
11,1,915.0,224.0,40.0,114.0,1,1,1.0
11,2,954.0,226.0,38.0,114.0,1,1,1.0
12,1,915.0,225.0,41.0,114.0,1,1,1.0
12,2,954.0,227.0,38.0,114.0,1,1,1.0
13,1,914.0,226.0,41.0,114.0,1,1,1.0
13,2,953.0,226.0,39.0,115.0,1,1,1.0
14,1,913.0,227.0,42.0,113.0,1,1,1.0
14,2,952.0,226.0,40.0,115.0,1,1,1.0
15,1,911.0,227.0,43.0,115.0,1,1,1.0
15,2,951.0,226.0,40.0,115.0,1,1,1.0
16,1,910.0,228.0,44.0,115.0,1,1,1.0
16,2,952.0,227.0,40.0,115.0,1,1,1.0
17,1,909.0,229.0,45.0,115.0,1,1,1.0
17,2,953.0,229.0,38.0,115.0,1,1,1.0
18,1,908.0,229.0,45.0,116.0,1,1,1.0
18,2,953.0,230.0,37.0,117.0,1,1,1.0
19,1,907.0,229.0,45.0,117.0,1,1,1.0
19,2,953.0,231.0,36.0,117.0,1,1,1.0
20,1,906.0,229.0,45.0,117.0,1,1,1.0
20,2,952.0,231.0,37.0,117.0,1,1,1.0
21,1,906.0,229.0,45.0,118.0,1,1,1.0
21,2,951.0,231.0,38.0,118.0,1,1,1.0
22,1,906.0,229.0,45.0,118.0,1,1,1.0
22,2,951.0,231.0,38.0,118.0,1,1,1.0
23,1,906.0,230.0,44.0,118.0,1,1,1.0
23,2,950.0,230.0,39.0,118.0,1,1,1.0
24,1,907.0,231.0,43.0,119.0,1,1,1.0
24,2,949.0,230.0,40.0,119.0,1,1,1.0
25,1,907.0,233.0,42.0,119.0,1,1,1.0
25,2,949.0,233.0,42.0,119.0,1,1,1.0
26,1,908.0,233.0,43.0,120.0,1,1,1.0
26,2,951.0,234.0,40.0,119.0,1,1,1.0
27,1,911.0,234.0,41.0,121.0,1,1,1.0
27,2,952.0,236.0,40.0,119.0,1,1,1.0
28,1,911.0,234.0,42.0,121.0,1,1,1.0
28,2,953.0,237.0,40.0,119.0,1,1,1.0
29,1,911.0,234.0,42.0,121.0,1,1,1.0
29,2,953.0,237.0,40.0,119.0,1,1,1.0
30,1,910.0,234.0,44.0,121.0,1,1,1.0
30,2,953.0,237.0,40.0,119.0,1,1,1.0
31,1,908.0,235.0,46.0,121.0,1,1,1.0
31,2,953.0,237.0,40.0,120.0,1,1,1.0
32,1,908.0,236.0,46.0,121.0,1,1,1.0
32,2,953.0,237.0,41.0,121.0,1,1,1.0
33,1,907.0,238.0,48.0,121.0,1,1,1.0
33,2,953.0,236.0,41.0,123.0,1,1,1.0
34,1,906.0,239.0,49.0,121.0,1,1,1.0
34,2,953.0,237.0,41.0,124.0,1,1,1.0
35,1,905.0,239.0,50.0,122.0,1,1,1.0
35,2,953.0,239.0,42.0,125.0,1,1,1.0
36,1,905.0,240.0,52.0,123.0,1,1,1.0
36,2,952.0,240.0,43.0,124.0,1,1,1.0
37,1,904.0,240.0,52.0,123.0,1,1,1.0
37,2,952.0,241.0,43.0,123.0,1,1,1.0
38,1,904.0,240.0,52.0,123.0,1,1,1.0
38,2,951.0,242.0,43.0,124.0,1,1,1.0
39,1,906.0,240.0,51.0,123.0,1,1,1.0
39,2,951.0,242.0,43.0,123.0,1,1,1.0
40,1,907.0,240.0,48.0,125.0,1,1,1.0
40,2,951.0,242.0,43.0,124.0,1,1,1.0
41,1,908.0,241.0,45.0,126.0,1,1,1.0
41,2,952.0,242.0,43.0,124.0,1,1,1.0
42,1,908.0,242.0,44.0,126.0,1,1,1.0
42,2,953.0,241.0,44.0,125.0,1,1,1.0
43,1,909.0,243.0,45.0,126.0,1,1,1.0
43,2,953.0,242.0,45.0,127.0,1,1,1.0
44,1,909.0,245.0,46.0,126.0,1,1,1.0
44,2,954.0,244.0,45.0,127.0,1,1,1.0
45,1,911.0,245.0,46.0,127.0,1,1,1.0
45,2,955.0,246.0,45.0,127.0,1,1,1.0
46,1,913.0,245.0,44.0,128.0,1,1,1.0
46,2,955.0,247.0,45.0,128.0,1,1,1.0
47,1,914.0,245.0,44.0,128.0,1,1,1.0
47,2,955.0,248.0,45.0,128.0,1,1,1.0
48,1,913.0,245.0,45.0,129.0,1,1,1.0
48,2,957.0,248.0,45.0,128.0,1,1,1.0
49,1,911.0,245.0,48.0,129.0,1,1,1.0
49,2,957.0,247.0,45.0,128.0,1,1,1.0
50,1,909.0,245.0,50.0,130.0,1,1,1.0
50,2,956.0,247.0,46.0,129.0,1,1,1.0
51,1,907.0,246.0,52.0,130.0,1,1,1.0
51,2,956.0,247.0,47.0,130.0,1,1,1.0
52,1,906.0,248.0,54.0,130.0,1,1,1.0
52,2,956.0,248.0,48.0,130.0,1,1,1.0
53,1,906.0,250.0,54.0,131.0,1,1,1.0
53,2,956.0,249.0,48.0,129.0,1,1,1.0
54,1,905.0,251.0,55.0,132.0,1,1,1.0
54,2,956.0,251.0,48.0,130.0,1,1,1.0
55,1,905.0,251.0,55.0,132.0,1,1,1.0
55,2,955.0,252.0,48.0,129.0,1,1,1.0
56,1,905.0,251.0,55.0,133.0,1,1,1.0
56,2,955.0,253.0,48.0,131.0,1,1,1.0
57,1,905.0,251.0,54.0,133.0,1,1,1.0
57,2,955.0,253.0,47.0,132.0,1,1,1.0
58,1,906.0,251.0,52.0,134.0,1,1,1.0
58,2,955.0,253.0,47.0,132.0,1,1,1.0
59,1,906.0,251.0,51.0,137.0,1,1,1.0
59,2,955.0,253.0,47.0,133.0,1,1,1.0
60,1,906.0,252.0,51.0,137.0,1,1,1.0
60,2,956.0,253.0,47.0,135.0,1,1,1.0
61,1,905.0,253.0,53.0,137.0,1,1,1.0
61,2,956.0,253.0,48.0,136.0,1,1,1.0
62,1,904.0,254.0,55.0,139.0,1,1,1.0
62,2,956.0,255.0,49.0,137.0,1,1,1.0
63,1,905.0,257.0,55.0,139.0,1,1,1.0
63,2,956.0,257.0,49.0,137.0,1,1,1.0
64,1,905.0,258.0,55.0,138.0,1,1,1.0
64,2,958.0,259.0,47.0,138.0,1,1,1.0
65,1,912.0,259.0,49.0,138.0,1,1,1.0
65,2,958.0,259.0,48.0,138.0,1,1,1.0
66,1,913.0,258.0,48.0,139.0,1,1,1.0
66,2,958.0,260.0,48.0,139.0,1,1,1.0
67,1,914.0,258.0,48.0,139.0,1,1,1.0
67,2,958.0,260.0,49.0,140.0,1,1,1.0
68,1,913.0,258.0,49.0,140.0,1,1,1.0
68,2,958.0,259.0,49.0,141.0,1,1,1.0
69,1,912.0,259.0,50.0,140.0,1,1,1.0
69,2,959.0,259.0,48.0,142.0,1,1,1.0
70,1,911.0,261.0,51.0,140.0,1,1,1.0
70,2,958.0,262.0,48.0,142.0,1,1,1.0
71,1,910.0,263.0,51.0,141.0,1,1,1.0
71,2,957.0,263.0,48.0,142.0,1,1,1.0
72,1,909.0,264.0,52.0,144.0,1,1,1.0
72,2,955.0,264.0,49.0,144.0,1,1,1.0
73,1,907.0,265.0,53.0,145.0,1,1,1.0
73,2,955.0,265.0,48.0,145.0,1,1,1.0
74,1,907.0,265.0,54.0,145.0,1,1,1.0
74,2,956.0,266.0,47.0,145.0,1,1,1.0
75,1,907.0,265.0,53.0,145.0,1,1,1.0
75,2,956.0,267.0,48.0,147.0,1,1,1.0
76,1,907.0,265.0,54.0,146.0,1,1,1.0
76,2,955.0,267.0,50.0,145.0,1,1,1.0
77,1,906.0,265.0,54.0,146.0,1,1,1.0
77,2,954.0,268.0,52.0,146.0,1,1,1.0
78,1,906.0,265.0,55.0,148.0,1,1,1.0
78,2,953.0,268.0,56.0,148.0,1,1,1.0
79,1,906.0,267.0,54.0,148.0,1,1,1.0
79,2,949.0,269.0,61.0,149.0,1,1,1.0
80,1,907.0,268.0,53.0,150.0,1,1,1.0
80,2,948.0,271.0,62.0,151.0,1,1,1.0
81,1,908.0,269.0,51.0,150.0,1,1,1.0
81,2,948.0,273.0,62.0,152.0,1,1,1.0
82,1,908.0,270.0,51.0,151.0,1,1,1.0
82,2,948.0,273.0,62.0,153.0,1,1,1.0
83,1,909.0,270.0,50.0,152.0,1,1,1.0
83,2,949.0,275.0,61.0,152.0,1,1,1.0
84,1,909.0,270.0,51.0,154.0,1,1,1.0
84,2,950.0,275.0,61.0,152.0,1,1,1.0
85,1,908.0,270.0,53.0,154.0,1,1,1.0
85,2,954.0,275.0,59.0,154.0,1,1,1.0
86,1,905.0,271.0,57.0,154.0,1,1,1.0
86,2,956.0,275.0,57.0,155.0,1,1,1.0
87,1,903.0,272.0,60.0,155.0,1,1,1.0
87,2,957.0,274.0,56.0,158.0,1,1,1.0
88,1,902.0,274.0,61.0,156.0,1,1,1.0
88,2,957.0,275.0,55.0,159.0,1,1,1.0
89,1,902.0,277.0,60.0,155.0,1,1,1.0
89,2,956.0,277.0,54.0,159.0,1,1,1.0
90,1,901.0,279.0,60.0,157.0,1,1,1.0
90,2,955.0,282.0,53.0,156.0,1,1,1.0
91,1,900.0,280.0,61.0,158.0,1,1,1.0
91,2,954.0,284.0,54.0,155.0,1,1,1.0
92,1,898.0,280.0,61.0,158.0,1,1,1.0
92,2,952.0,285.0,55.0,156.0,1,1,1.0
93,1,897.0,280.0,61.0,158.0,1,1,1.0
93,2,951.0,285.0,56.0,157.0,1,1,1.0
94,1,896.0,280.0,61.0,159.0,1,1,1.0
94,2,949.0,284.0,59.0,158.0,1,1,1.0
95,1,895.0,280.0,61.0,160.0,1,1,1.0
95,2,949.0,284.0,60.0,159.0,1,1,1.0
96,1,893.0,280.0,62.0,162.0,1,1,1.0
96,2,948.0,285.0,62.0,162.0,1,1,1.0
97,1,892.0,281.0,63.0,166.0,1,1,1.0
97,2,948.0,287.0,63.0,164.0,1,1,1.0
98,1,890.0,282.0,62.0,167.0,1,1,1.0
98,2,948.0,289.0,62.0,165.0,1,1,1.0
99,1,890.0,284.0,63.0,168.0,1,1,1.0
99,2,949.0,291.0,62.0,164.0,1,1,1.0
100,1,889.0,286.0,63.0,168.0,1,1,1.0
100,2,949.0,292.0,63.0,167.0,1,1,1.0
101,1,890.0,286.0,62.0,169.0,1,1,1.0
101,2,950.0,293.0,62.0,168.0,1,1,1.0
102,1,891.0,286.0,61.0,169.0,1,1,1.0
102,2,950.0,293.0,62.0,169.0,1,1,1.0
103,1,891.0,287.0,60.0,169.0,1,1,1.0
103,2,950.0,293.0,63.0,171.0,1,1,1.0
104,1,891.0,287.0,59.0,169.0,1,1,1.0
104,2,949.0,293.0,62.0,171.0,1,1,1.0
105,1,890.0,288.0,60.0,170.0,1,1,1.0
105,2,948.0,293.0,60.0,171.0,1,1,1.0
106,1,888.0,290.0,61.0,170.0,1,1,1.0
106,2,947.0,294.0,59.0,173.0,1,1,1.0
107,1,888.0,293.0,63.0,171.0,1,1,1.0
107,2,945.0,296.0,59.0,175.0,1,1,1.0
108,1,887.0,295.0,62.0,173.0,1,1,1.0
108,2,944.0,298.0,58.0,176.0,1,1,1.0
109,1,885.0,297.0,62.0,177.0,1,1,1.0
109,2,942.0,301.0,59.0,176.0,1,1,1.0
110,1,882.0,298.0,64.0,178.0,1,1,1.0
110,2,937.0,303.0,62.0,176.0,1,1,1.0
111,1,880.0,298.0,64.0,178.0,1,1,1.0
111,2,935.0,303.0,63.0,176.0,1,1,1.0
112,1,878.0,298.0,65.0,178.0,1,1,1.0
112,2,933.0,302.0,64.0,178.0,1,1,1.0
113,1,876.0,298.0,67.0,178.0,1,1,1.0
113,2,932.0,302.0,66.0,178.0,1,1,1.0
114,1,871.0,299.0,71.0,180.0,1,1,1.0
114,2,931.0,303.0,68.0,180.0,1,1,1.0
115,1,868.0,300.0,72.0,183.0,1,1,1.0
115,2,933.0,305.0,69.0,181.0,1,1,1.0
116,1,865.0,302.0,74.0,184.0,1,1,1.0
116,2,934.0,308.0,70.0,184.0,1,1,1.0
117,1,864.0,304.0,76.0,185.0,1,1,1.0
117,2,935.0,310.0,70.0,185.0,1,1,1.0
118,1,863.0,306.0,76.0,187.0,1,1,1.0
118,2,935.0,312.0,70.0,183.0,1,1,1.0
119,1,864.0,307.0,76.0,189.0,1,1,1.0
119,2,936.0,314.0,69.0,186.0,1,1,1.0
120,1,866.0,309.0,73.0,189.0,1,1,1.0
120,2,938.0,315.0,67.0,187.0,1,1,1.0
121,1,872.0,310.0,67.0,188.0,1,1,1.0
121,2,939.0,315.0,67.0,187.0,1,1,1.0
122,1,875.0,311.0,64.0,188.0,1,1,1.0
122,2,939.0,315.0,66.0,187.0,1,1,1.0
123,1,875.0,311.0,65.0,187.0,1,1,1.0
123,2,939.0,315.0,67.0,188.0,1,1,1.0
124,1,873.0,313.0,67.0,188.0,1,1,1.0
124,2,938.0,316.0,66.0,190.0,1,1,1.0
125,1,870.0,315.0,71.0,189.0,1,1,1.0
125,2,938.0,319.0,66.0,193.0,1,1,1.0
126,1,868.0,318.0,73.0,191.0,1,1,1.0
126,2,938.0,322.0,66.0,194.0,1,1,1.0
127,1,866.0,320.0,76.0,194.0,1,1,1.0
127,2,937.0,325.0,66.0,195.0,1,1,1.0
128,1,864.0,323.0,76.0,197.0,1,1,1.0
128,2,936.0,327.0,68.0,197.0,1,1,1.0
129,1,863.0,325.0,76.0,198.0,1,1,1.0
129,2,935.0,329.0,67.0,198.0,1,1,1.0
130,1,861.0,326.0,73.0,198.0,1,1,1.0
130,2,934.0,329.0,67.0,200.0,1,1,1.0
131,1,859.0,326.0,73.0,198.0,1,1,1.0
131,2,934.0,329.0,67.0,200.0,1,1,1.0
132,1,857.0,327.0,77.0,198.0,1,1,1.0
132,2,934.0,329.0,68.0,200.0,1,1,1.0
133,1,857.0,328.0,77.0,197.0,1,1,1.0
133,2,934.0,330.0,70.0,200.0,1,1,1.0
134,1,857.0,330.0,76.0,201.0,1,1,1.0
134,2,934.0,333.0,73.0,203.0,1,1,1.0
135,1,856.0,332.0,75.0,203.0,1,1,1.0
135,2,934.0,336.0,75.0,206.0,1,1,1.0
136,1,854.0,335.0,76.0,205.0,1,1,1.0
136,2,935.0,340.0,75.0,205.0,1,1,1.0
137,1,853.0,338.0,78.0,206.0,1,1,1.0
137,2,936.0,342.0,76.0,205.0,1,1,1.0
138,1,852.0,341.0,79.0,209.0,1,1,1.0
138,2,938.0,344.0,75.0,208.0,1,1,1.0
139,1,853.0,342.0,80.0,210.0,1,1,1.0
139,2,939.0,345.0,74.0,208.0,1,1,1.0
140,1,853.0,343.0,81.0,209.0,1,1,1.0
140,2,940.0,346.0,75.0,210.0,1,1,1.0
141,1,853.0,343.0,83.0,210.0,1,1,1.0
141,2,940.0,346.0,76.0,210.0,1,1,1.0
142,1,852.0,344.0,88.0,209.0,1,1,1.0
142,2,941.0,346.0,77.0,210.0,1,1,1.0
143,1,851.0,346.0,91.0,210.0,1,1,1.0
143,2,941.0,348.0,79.0,213.0,1,1,1.0
144,1,849.0,349.0,93.0,213.0,1,1,1.0
144,2,942.0,351.0,80.0,216.0,1,1,1.0
145,1,848.0,353.0,93.0,215.0,1,1,1.0
145,2,942.0,355.0,80.0,219.0,1,1,1.0
146,1,847.0,357.0,88.0,218.0,1,1,1.0
146,2,943.0,359.0,80.0,220.0,1,1,1.0
147,1,846.0,360.0,84.0,221.0,1,1,1.0
147,2,943.0,362.0,80.0,220.0,1,1,1.0
148,1,845.0,362.0,82.0,223.0,1,1,1.0
148,2,942.0,364.0,80.0,223.0,1,1,1.0
149,1,844.0,363.0,84.0,223.0,1,1,1.0
149,2,941.0,365.0,81.0,225.0,1,1,1.0
150,1,843.0,363.0,88.0,223.0,1,1,1.0
150,2,940.0,365.0,82.0,226.0,1,1,1.0
151,1,844.0,364.0,88.0,222.0,1,1,1.0
151,2,940.0,366.0,83.0,225.0,1,1,1.0
152,1,847.0,365.0,85.0,223.0,1,1,1.0
152,2,940.0,368.0,84.0,224.0,1,1,1.0
153,1,849.0,367.0,81.0,224.0,1,1,1.0
153,2,942.0,371.0,86.0,227.0,1,1,1.0
154,1,851.0,370.0,80.0,230.0,1,1,1.0
154,2,943.0,375.0,89.0,231.0,1,1,1.0
155,1,852.0,374.0,79.0,234.0,1,1,1.0
155,2,945.0,379.0,89.0,231.0,1,1,1.0
156,1,854.0,377.0,78.0,239.0,1,1,1.0
156,2,948.0,383.0,86.0,235.0,1,1,1.0
157,1,853.0,379.0,79.0,241.0,1,1,1.0
157,2,950.0,386.0,82.0,237.0,1,1,1.0
158,1,853.0,381.0,81.0,242.0,1,1,1.0
158,2,952.0,387.0,79.0,236.0,1,1,1.0
159,1,855.0,381.0,82.0,241.0,1,1,1.0
159,2,953.0,387.0,79.0,237.0,1,1,1.0
160,1,855.0,382.0,84.0,240.0,1,1,1.0
160,2,953.0,387.0,81.0,238.0,1,1,1.0
161,1,853.0,384.0,90.0,237.0,1,1,1.0
161,2,952.0,389.0,83.0,238.0,1,1,1.0
162,1,850.0,387.0,96.0,241.0,1,1,1.0
162,2,951.0,391.0,86.0,244.0,1,1,1.0
163,1,847.0,391.0,97.0,246.0,1,1,1.0
163,2,949.0,395.0,89.0,248.0,1,1,1.0
164,1,845.0,395.0,100.0,249.0,1,1,1.0
164,2,949.0,400.0,90.0,251.0,1,1,1.0
165,1,844.0,399.0,104.0,255.0,1,1,1.0
165,2,948.0,405.0,92.0,251.0,1,1,1.0
166,1,843.0,404.0,107.0,258.0,1,1,1.0
166,2,946.0,408.0,93.0,257.0,1,1,1.0
167,1,841.0,407.0,101.0,258.0,1,1,1.0
167,2,945.0,411.0,94.0,258.0,1,1,1.0
168,1,841.0,409.0,101.0,257.0,1,1,1.0
168,2,944.0,412.0,93.0,258.0,1,1,1.0
169,1,841.0,410.0,103.0,256.0,1,1,1.0
169,2,944.0,412.0,93.0,258.0,1,1,1.0
170,1,842.0,411.0,101.0,255.0,1,1,1.0
170,2,946.0,413.0,93.0,257.0,1,1,1.0
171,1,845.0,412.0,97.0,256.0,1,1,1.0
171,2,947.0,416.0,93.0,256.0,1,1,1.0
172,1,845.0,415.0,95.0,258.0,1,1,1.0
172,2,949.0,420.0,93.0,263.0,1,1,1.0
173,1,843.0,420.0,97.0,266.0,1,1,1.0
173,2,951.0,424.0,94.0,267.0,1,1,1.0
174,1,840.0,424.0,101.0,270.0,1,1,1.0
174,2,953.0,429.0,96.0,273.0,1,1,1.0
175,1,838.0,428.0,105.0,276.0,1,1,1.0
175,2,957.0,434.0,95.0,279.0,1,1,1.0
176,1,836.0,432.0,108.0,278.0,1,1,1.0
176,2,959.0,438.0,94.0,279.0,1,1,1.0
177,1,836.0,434.0,111.0,278.0,1,1,1.0
177,2,961.0,441.0,93.0,277.0,1,1,1.0
178,1,843.0,436.0,106.0,278.0,1,1,1.0
178,2,962.0,442.0,94.0,276.0,1,1,1.0
179,1,847.0,438.0,104.0,276.0,1,1,1.0
179,2,961.0,444.0,97.0,275.0,1,1,1.0
180,1,847.0,440.0,106.0,273.0,1,1,1.0
180,2,960.0,446.0,100.0,273.0,1,1,1.0
181,1,844.0,443.0,111.0,280.0,1,1,1.0
181,2,960.0,450.0,103.0,280.0,1,1,1.0
182,1,842.0,448.0,112.0,285.0,1,1,1.0
182,2,959.0,456.0,106.0,285.0,1,1,1.0
183,1,840.0,454.0,112.0,289.0,1,1,1.0
183,2,960.0,462.0,107.0,290.0,1,1,1.0
184,1,839.0,459.0,110.0,293.0,1,1,1.0
184,2,960.0,468.0,108.0,290.0,1,1,1.0
185,1,838.0,464.0,111.0,300.0,1,1,1.0
185,2,959.0,473.0,109.0,297.0,1,1,1.0
186,1,837.0,468.0,115.0,301.0,1,1,1.0
186,2,959.0,476.0,109.0,299.0,1,1,1.0
187,1,836.0,470.0,110.0,300.0,1,1,1.0
187,2,960.0,478.0,109.0,298.0,1,1,1.0
188,1,836.0,472.0,113.0,298.0,1,1,1.0
188,2,961.0,480.0,109.0,297.0,1,1,1.0
189,1,838.0,474.0,110.0,297.0,1,1,1.0
189,2,963.0,482.0,108.0,295.0,1,1,1.0
190,1,839.0,477.0,113.0,294.0,1,1,1.0
190,2,966.0,486.0,108.0,295.0,1,1,1.0
191,1,837.0,481.0,116.0,308.0,1,1,1.0
191,2,968.0,490.0,108.0,305.0,1,1,1.0
192,1,837.0,486.0,115.0,312.0,1,1,1.0
192,2,970.0,496.0,109.0,311.0,1,1,1.0
193,1,837.0,492.0,116.0,318.0,1,1,1.0
193,2,973.0,502.0,114.0,317.0,1,1,1.0
194,1,837.0,498.0,118.0,326.0,1,1,1.0
194,2,977.0,508.0,116.0,326.0,1,1,1.0
195,1,839.0,503.0,118.0,325.0,1,1,1.0
195,2,980.0,513.0,113.0,324.0,1,1,1.0
196,1,848.0,506.0,112.0,324.0,1,1,1.0
196,2,982.0,515.0,112.0,323.0,1,1,1.0
197,1,851.0,509.0,111.0,323.0,1,1,1.0
197,2,983.0,517.0,113.0,322.0,1,1,1.0
198,1,851.0,511.0,113.0,320.0,1,1,1.0
198,2,983.0,519.0,115.0,320.0,1,1,1.0
199,1,849.0,514.0,117.0,316.0,1,1,1.0
199,2,982.0,522.0,119.0,321.0,1,1,1.0
200,1,846.0,519.0,121.0,325.0,1,1,1.0
200,2,980.0,527.0,124.0,331.0,1,1,1.0
201,1,843.0,526.0,125.0,335.0,1,1,1.0
201,2,979.0,534.0,128.0,341.0,1,1,1.0
202,1,842.0,534.0,127.0,339.0,1,1,1.0
202,2,979.0,541.0,131.0,348.0,1,1,1.0
203,1,841.0,542.0,130.0,344.0,1,1,1.0
203,2,979.0,549.0,132.0,351.0,1,1,1.0
204,1,839.0,549.0,131.0,352.0,1,1,1.0
204,2,978.0,556.0,133.0,357.0,1,1,1.0
205,1,837.0,554.0,135.0,353.0,1,1,1.0
205,2,977.0,561.0,133.0,357.0,1,1,1.0
206,1,835.0,559.0,132.0,351.0,1,1,1.0
206,2,977.0,565.0,133.0,356.0,1,1,1.0
207,1,835.0,562.0,130.0,349.0,1,1,1.0
207,2,977.0,568.0,133.0,354.0,1,1,1.0
208,1,835.0,565.0,132.0,345.0,1,1,1.0
208,2,978.0,572.0,134.0,350.0,1,1,1.0
209,1,836.0,569.0,129.0,343.0,1,1,1.0
209,2,980.0,577.0,134.0,350.0,1,1,1.0
210,1,836.0,575.0,131.0,351.0,1,1,1.0
210,2,982.0,584.0,140.0,364.0,1,1,1.0
211,1,837.0,581.0,133.0,365.0,1,1,1.0
211,2,985.0,594.0,144.0,372.0,1,1,1.0
212,1,838.0,587.0,135.0,372.0,1,1,1.0
212,2,989.0,603.0,145.0,380.0,1,1,1.0
213,1,839.0,598.0,137.0,373.0,1,1,1.0
213,2,993.0,612.0,141.0,386.0,1,1,1.0
214,1,839.0,607.0,140.0,380.0,1,1,1.0
214,2,996.0,619.0,138.0,385.0,1,1,1.0
215,1,838.0,614.0,143.0,379.0,1,1,1.0
215,2,999.0,624.0,136.0,384.0,1,1,1.0
216,1,837.0,619.0,145.0,377.0,1,1,1.0
216,2,1000.0,628.0,136.0,381.0,1,1,1.0
217,1,836.0,624.0,146.0,372.0,1,1,1.0
217,2,1000.0,633.0,139.0,377.0,1,1,1.0
218,1,833.0,630.0,154.0,367.0,1,1,1.0
218,2,999.0,638.0,144.0,378.0,1,1,1.0
219,1,829.0,638.0,163.0,380.0,1,1,1.0
219,2,997.0,646.0,150.0,389.0,1,1,1.0
220,1,827.0,647.0,166.0,388.0,1,1,1.0
220,2,996.0,657.0,155.0,401.0,1,1,1.0
221,1,826.0,658.0,158.0,397.0,1,1,1.0
221,2,995.0,669.0,158.0,406.0,1,1,1.0
222,1,824.0,669.0,158.0,403.0,1,1,1.0
222,2,993.0,680.0,162.0,401.0,1,1,1.0
223,1,821.0,679.0,161.0,401.0,1,1,1.0
223,2,992.0,691.0,162.0,392.0,1,1,1.0
224,1,817.0,687.0,158.0,396.0,1,1,1.0
224,2,991.0,699.0,162.0,384.0,1,1,1.0
225,1,813.0,693.0,158.0,389.0,1,1,1.0
225,2,991.0,706.0,161.0,377.0,1,1,1.0
226,1,810.0,699.0,161.0,384.0,1,1,1.0
226,2,991.0,711.0,161.0,371.0,1,1,1.0
227,1,811.0,706.0,165.0,377.0,1,1,1.0
227,2,994.0,717.0,161.0,365.0,1,1,1.0
228,1,812.0,714.0,162.0,368.0,1,1,1.0
228,2,996.0,726.0,162.0,355.0,1,1,1.0
229,1,812.0,723.0,160.0,358.0,1,1,1.0
229,2,998.0,737.0,163.0,344.0,1,1,1.0
230,1,812.0,735.0,162.0,347.0,1,1,1.0
230,2,1001.0,750.0,162.0,330.0,1,1,1.0
231,1,813.0,748.0,164.0,333.0,1,1,1.0
231,2,1007.0,765.0,158.0,315.0,1,1,1.0
232,1,812.0,760.0,167.0,320.0,1,1,1.0
232,2,1012.0,779.0,155.0,301.0,1,1,1.0
233,1,810.0,771.0,172.0,308.0,1,1,1.0
233,2,1018.0,790.0,155.0,290.0,1,1,1.0
234,1,809.0,781.0,176.0,299.0,1,1,1.0
234,2,1023.0,798.0,160.0,282.0,1,1,1.0
235,1,808.0,790.0,178.0,290.0,1,1,1.0
235,2,1026.0,805.0,166.0,275.0,1,1,1.0
236,1,806.0,798.0,181.0,281.0,1,1,1.0
236,2,1026.0,810.0,176.0,269.0,1,1,1.0
237,1,802.0,809.0,185.0,270.0,1,1,1.0
237,2,1025.0,819.0,186.0,260.0,1,1,1.0
238,1,797.0,820.0,188.0,259.0,1,1,1.0
238,2,1024.0,830.0,194.0,249.0,1,1,1.0
239,1,794.0,834.0,188.0,245.0,1,1,1.0
239,2,1022.0,844.0,201.0,235.0,1,1,1.0
240,1,789.0,849.0,188.0,229.0,1,1,1.0
240,2,1021.0,859.0,206.0,220.0,1,1,1.0
241,1,784.0,865.0,187.0,214.0,1,1,1.0
241,2,1020.0,875.0,205.0,204.0,1,1,1.0
242,1,777.0,880.0,187.0,199.0,1,1,1.0
242,2,1017.0,888.0,202.0,191.0,1,1,1.0
243,1,769.0,892.0,187.0,186.0,1,1,1.0
243,2,1016.0,898.0,198.0,181.0,1,1,1.0
244,1,763.0,905.0,183.0,174.0,1,1,1.0
244,2,1022.0,906.0,189.0,173.0,1,1,1.0
245,1,757.0,917.0,182.0,162.0,1,1,1.0
245,2,1026.0,915.0,184.0,164.0,1,1,1.0
246,1,748.0,931.0,187.0,147.0,1,1,1.0
246,2,1027.0,927.0,180.0,151.0,1,1,1.0
247,1,737.0,947.0,188.0,131.0,1,1,1.0
247,2,1028.0,940.0,175.0,139.0,1,1,1.0
248,1,733.0,967.0,183.0,112.0,1,1,1.0
248,2,1030.0,955.0,168.0,124.0,1,1,1.0
249,1,730.0,988.0,170.0,91.0,1,1,1.0
249,2,1036.0,970.0,160.0,109.0,1,1,1.0
250,1,733.0,1010.0,135.0,68.0,1,1,1.0
250,2,1047.0,990.0,128.0,89.0,1,1,1.0
251,2,1063.0,1009.0,94.0,70.0,1,1,1.0
252,2,1067.0,1029.0,85.0,50.0,1,1,1.0
306,3,524.0,969.0,134.0,110.0,1,1,1.0
307,3,512.0,955.0,150.0,124.0,1,1,1.0
308,3,502.0,939.0,162.0,139.0,1,1,1.0
309,3,495.0,926.0,169.0,152.0,1,1,1.0
310,3,490.0,916.0,169.0,162.0,1,1,1.0
311,3,485.0,909.0,163.0,170.0,1,1,1.0
312,3,478.0,902.0,156.0,177.0,1,1,1.0
312,4,183.0,969.0,125.0,110.0,1,1,1.0
313,3,471.0,893.0,151.0,186.0,1,1,1.0
313,4,186.0,956.0,134.0,123.0,1,1,1.0
314,3,462.0,883.0,149.0,196.0,1,1,1.0
314,4,189.0,939.0,143.0,139.0,1,1,1.0
315,3,454.0,871.0,150.0,207.0,1,1,1.0
315,4,189.0,921.0,153.0,158.0,1,1,1.0
316,3,445.0,859.0,153.0,219.0,1,1,1.0
316,4,189.0,903.0,162.0,176.0,1,1,1.0
317,3,436.0,845.0,160.0,233.0,1,1,1.0
317,4,189.0,887.0,174.0,191.0,1,1,1.0
318,3,427.0,833.0,169.0,246.0,1,1,1.0
318,4,190.0,874.0,179.0,204.0,1,1,1.0
319,3,418.0,822.0,180.0,256.0,1,1,1.0
319,4,192.0,864.0,173.0,214.0,1,1,1.0
320,3,409.0,813.0,191.0,265.0,1,1,1.0
320,4,193.0,855.0,167.0,224.0,1,1,1.0
321,3,403.0,806.0,196.0,272.0,1,1,1.0
321,4,192.0,846.0,168.0,232.0,1,1,1.0
322,3,399.0,800.0,199.0,278.0,1,1,1.0
322,4,190.0,837.0,170.0,241.0,1,1,1.0
323,3,397.0,792.0,195.0,286.0,1,1,1.0
323,4,189.0,826.0,174.0,252.0,1,1,1.0
324,3,397.0,782.0,188.0,296.0,1,1,1.0
324,4,186.0,813.0,176.0,265.0,1,1,1.0
325,3,397.0,771.0,181.0,307.0,1,1,1.0
325,4,184.0,800.0,177.0,279.0,1,1,1.0
326,3,396.0,759.0,173.0,319.0,1,1,1.0
326,4,180.0,787.0,182.0,291.0,1,1,1.0
327,3,394.0,747.0,166.0,331.0,1,1,1.0
327,4,177.0,777.0,185.0,301.0,1,1,1.0
328,3,391.0,736.0,156.0,342.0,1,1,1.0
328,4,176.0,769.0,181.0,309.0,1,1,1.0
329,3,390.0,729.0,153.0,349.0,1,1,1.0
329,4,177.0,762.0,178.0,316.0,1,1,1.0
330,3,389.0,724.0,152.0,354.0,1,1,1.0
330,4,178.0,755.0,173.0,323.0,1,1,1.0
331,3,387.0,720.0,149.0,358.0,1,1,1.0
331,4,179.0,748.0,168.0,330.0,1,1,1.0
332,3,383.0,716.0,148.0,363.0,1,1,1.0
332,4,180.0,741.0,166.0,337.0,1,1,1.0
333,3,378.0,710.0,151.0,368.0,1,1,1.0
333,4,180.0,731.0,165.0,347.0,1,1,1.0
334,3,373.0,704.0,154.0,374.0,1,1,1.0
334,4,178.0,720.0,163.0,358.0,1,1,1.0
335,3,367.0,696.0,158.0,378.0,1,1,1.0
335,4,176.0,710.0,161.0,368.0,1,1,1.0
336,3,361.0,686.0,155.0,371.0,1,1,1.0
336,4,175.0,701.0,160.0,376.0,1,1,1.0
337,3,355.0,678.0,149.0,363.0,1,1,1.0
337,4,175.0,694.0,160.0,376.0,1,1,1.0
338,3,349.0,671.0,147.0,365.0,1,1,1.0
338,4,175.0,688.0,161.0,378.0,1,1,1.0
339,3,343.0,665.0,149.0,368.0,1,1,1.0
339,4,174.0,684.0,163.0,379.0,1,1,1.0
340,3,337.0,661.0,153.0,372.0,1,1,1.0
340,4,172.0,680.0,164.0,379.0,1,1,1.0
341,3,334.0,658.0,157.0,375.0,1,1,1.0
341,4,170.0,675.0,165.0,381.0,1,1,1.0
342,3,333.0,655.0,154.0,371.0,1,1,1.0
342,4,167.0,668.0,161.0,376.0,1,1,1.0
343,3,332.0,650.0,150.0,371.0,1,1,1.0
343,4,164.0,660.0,155.0,367.0,1,1,1.0
344,3,332.0,643.0,147.0,372.0,1,1,1.0
344,4,160.0,651.0,149.0,354.0,1,1,1.0
345,3,330.0,635.0,143.0,365.0,1,1,1.0
345,4,157.0,642.0,142.0,345.0,1,1,1.0
346,3,328.0,627.0,140.0,354.0,1,1,1.0
346,4,155.0,636.0,139.0,343.0,1,1,1.0
347,3,324.0,619.0,135.0,343.0,1,1,1.0
347,4,154.0,632.0,135.0,342.0,1,1,1.0
348,3,319.0,614.0,131.0,338.0,1,1,1.0
348,4,154.0,628.0,135.0,351.0,1,1,1.0
349,3,313.0,610.0,134.0,339.0,1,1,1.0
349,4,156.0,625.0,135.0,350.0,1,1,1.0
350,3,309.0,608.0,135.0,340.0,1,1,1.0
350,4,158.0,621.0,133.0,354.0,1,1,1.0
351,3,307.0,606.0,136.0,341.0,1,1,1.0
351,4,160.0,616.0,131.0,355.0,1,1,1.0
352,3,305.0,604.0,138.0,344.0,1,1,1.0
352,4,160.0,609.0,130.0,351.0,1,1,1.0
353,3,302.0,601.0,140.0,334.0,1,1,1.0
353,4,160.0,601.0,128.0,339.0,1,1,1.0
354,3,300.0,595.0,140.0,330.0,1,1,1.0
354,4,159.0,594.0,125.0,325.0,1,1,1.0
355,3,296.0,589.0,135.0,322.0,1,1,1.0
355,4,159.0,589.0,125.0,322.0,1,1,1.0
356,3,292.0,582.0,126.0,315.0,1,1,1.0
356,4,160.0,584.0,126.0,323.0,1,1,1.0
357,3,288.0,577.0,118.0,315.0,1,1,1.0
357,4,160.0,581.0,126.0,324.0,1,1,1.0
358,3,284.0,573.0,118.0,318.0,1,1,1.0
358,4,160.0,578.0,126.0,325.0,1,1,1.0
359,3,280.0,570.0,120.0,320.0,1,1,1.0
359,4,160.0,575.0,126.0,325.0,1,1,1.0
360,3,279.0,569.0,121.0,321.0,1,1,1.0
360,4,158.0,572.0,123.0,321.0,1,1,1.0
361,3,279.0,567.0,122.0,316.0,1,1,1.0
361,4,157.0,568.0,119.0,319.0,1,1,1.0
362,3,280.0,564.0,120.0,319.0,1,1,1.0
362,4,156.0,563.0,115.0,310.0,1,1,1.0
363,3,281.0,559.0,118.0,319.0,1,1,1.0
363,4,155.0,557.0,110.0,297.0,1,1,1.0
364,3,282.0,554.0,116.0,318.0,1,1,1.0
364,4,154.0,552.0,109.0,295.0,1,1,1.0
365,3,282.0,548.0,116.0,306.0,1,1,1.0
365,4,153.0,548.0,109.0,297.0,1,1,1.0
366,3,282.0,542.0,113.0,298.0,1,1,1.0
366,4,153.0,545.0,110.0,297.0,1,1,1.0
367,3,282.0,538.0,111.0,295.0,1,1,1.0
367,4,154.0,543.0,109.0,293.0,1,1,1.0
368,3,281.0,534.0,109.0,296.0,1,1,1.0
368,4,157.0,540.0,107.0,297.0,1,1,1.0
369,3,281.0,532.0,107.0,296.0,1,1,1.0
369,4,160.0,538.0,105.0,301.0,1,1,1.0
370,3,281.0,530.0,105.0,297.0,1,1,1.0
370,4,162.0,534.0,103.0,305.0,1,1,1.0
371,3,281.0,528.0,104.0,297.0,1,1,1.0
371,4,163.0,528.0,103.0,301.0,1,1,1.0
372,3,281.0,526.0,104.0,295.0,1,1,1.0
372,4,163.0,523.0,101.0,289.0,1,1,1.0
373,3,281.0,523.0,106.0,294.0,1,1,1.0
373,4,164.0,517.0,99.0,281.0,1,1,1.0
374,3,282.0,519.0,108.0,292.0,1,1,1.0
374,4,164.0,513.0,97.0,277.0,1,1,1.0
375,3,284.0,513.0,110.0,285.0,1,1,1.0
375,4,165.0,510.0,96.0,277.0,1,1,1.0
376,3,287.0,507.0,109.0,278.0,1,1,1.0
376,4,166.0,508.0,95.0,279.0,1,1,1.0
377,3,292.0,503.0,107.0,275.0,1,1,1.0
377,4,166.0,506.0,94.0,280.0,1,1,1.0
378,3,296.0,499.0,105.0,276.0,1,1,1.0
378,4,166.0,505.0,94.0,281.0,1,1,1.0
379,3,301.0,495.0,103.0,279.0,1,1,1.0
379,4,165.0,502.0,94.0,277.0,1,1,1.0
380,3,307.0,493.0,102.0,282.0,1,1,1.0
380,4,164.0,499.0,94.0,274.0,1,1,1.0
382,5,398.0,431.0,97.0,245.0,1,1,1.0
382,6,199.0,431.0,72.0,226.0,1,1,1.0
383,5,402.0,427.0,93.0,242.0,1,1,1.0
383,6,199.0,430.0,77.0,227.0,1,1,1.0
384,5,413.0,422.0,83.0,236.0,1,1,1.0
384,6,200.0,428.0,88.0,228.0,1,1,1.0
385,5,425.0,415.0,76.0,231.0,1,1,1.0
385,6,205.0,426.0,93.0,227.0,1,1,1.0
386,5,429.0,411.0,82.0,232.0,1,1,1.0
386,6,213.0,423.0,91.0,228.0,1,1,1.0
387,5,430.0,410.0,90.0,232.0,1,1,1.0
387,6,219.0,419.0,86.0,226.0,1,1,1.0
388,5,428.0,410.0,100.0,232.0,1,1,1.0
388,6,225.0,415.0,81.0,220.0,1,1,1.0
389,5,428.0,409.0,108.0,231.0,1,1,1.0
389,6,232.0,411.0,77.0,213.0,1,1,1.0
390,5,431.0,407.0,111.0,231.0,1,1,1.0
390,6,241.0,407.0,72.0,209.0,1,1,1.0
391,5,436.0,404.0,110.0,232.0,1,1,1.0
391,6,252.0,405.0,66.0,211.0,1,1,1.0
392,5,444.0,400.0,104.0,228.0,1,1,1.0
392,6,260.0,402.0,64.0,213.0,1,1,1.0
393,5,453.0,396.0,94.0,223.0,1,1,1.0
393,6,263.0,401.0,74.0,214.0,1,1,1.0
394,5,466.0,392.0,81.0,222.0,1,1,1.0
394,6,266.0,399.0,82.0,214.0,1,1,1.0
395,5,474.0,390.0,77.0,219.0,1,1,1.0
395,6,267.0,398.0,88.0,214.0,1,1,1.0
396,5,480.0,388.0,77.0,219.0,1,1,1.0
396,6,276.0,396.0,83.0,215.0,1,1,1.0
397,5,483.0,387.0,85.0,219.0,1,1,1.0
397,6,287.0,392.0,74.0,210.0,1,1,1.0
398,5,486.0,387.0,92.0,218.0,1,1,1.0
398,6,300.0,388.0,67.0,204.0,1,1,1.0
399,5,490.0,386.0,93.0,216.0,1,1,1.0
399,6,305.0,385.0,70.0,201.0,1,1,1.0
400,5,493.0,385.0,91.0,216.0,1,1,1.0
400,6,313.0,382.0,73.0,201.0,1,1,1.0
401,5,497.0,383.0,88.0,216.0,1,1,1.0
401,6,319.0,380.0,83.0,201.0,1,1,1.0
402,5,503.0,379.0,81.0,213.0,1,1,1.0
402,6,326.0,379.0,97.0,202.0,1,1,1.0
403,5,515.0,376.0,70.0,209.0,1,1,1.0
403,6,332.0,379.0,106.0,200.0,1,1,1.0
404,5,523.0,373.0,66.0,206.0,1,1,1.0
404,6,338.0,377.0,109.0,201.0,1,1,1.0
405,5,528.0,371.0,71.0,205.0,1,1,1.0
405,6,343.0,375.0,108.0,204.0,1,1,1.0
406,5,529.0,369.0,79.0,206.0,1,1,1.0
406,6,355.0,372.0,97.0,199.0,1,1,1.0
407,5,526.0,369.0,90.0,206.0,1,1,1.0
407,6,371.0,368.0,81.0,195.0,1,1,1.0
408,5,524.0,368.0,99.0,206.0,1,1,1.0
408,6,384.0,364.0,68.0,195.0,1,1,1.0
409,5,523.0,368.0,106.0,207.0,1,1,1.0
409,6,398.0,362.0,59.0,196.0,1,1,1.0
410,5,524.0,366.0,109.0,209.0,1,1,1.0
410,6,410.0,360.0,58.0,197.0,1,1,1.0
411,5,529.0,364.0,107.0,209.0,1,1,1.0
411,6,416.0,359.0,73.0,198.0,1,1,1.0
412,5,534.0,362.0,103.0,208.0,1,1,1.0
412,6,419.0,358.0,85.0,198.0,1,1,1.0
413,5,543.0,359.0,94.0,200.0,1,1,1.0
413,6,423.0,357.0,90.0,199.0,1,1,1.0
414,5,556.0,355.0,81.0,201.0,1,1,1.0
414,6,428.0,355.0,88.0,199.0,1,1,1.0
415,5,567.0,353.0,69.0,200.0,1,1,1.0
415,6,438.0,352.0,82.0,196.0,1,1,1.0
416,5,574.0,352.0,66.0,200.0,1,1,1.0
416,6,452.0,349.0,70.0,193.0,1,1,1.0
417,5,581.0,351.0,68.0,198.0,1,1,1.0
417,6,468.0,345.0,60.0,189.0,1,1,1.0
418,5,583.0,352.0,77.0,197.0,1,1,1.0
418,6,474.0,344.0,63.0,190.0,1,1,1.0
419,5,586.0,352.0,84.0,194.0,1,1,1.0
419,6,480.0,342.0,73.0,189.0,1,1,1.0
420,5,587.0,351.0,86.0,196.0,1,1,1.0
420,6,486.0,342.0,87.0,188.0,1,1,1.0
421,5,591.0,350.0,84.0,197.0,1,1,1.0
421,6,491.0,342.0,97.0,186.0,1,1,1.0
422,5,595.0,348.0,80.0,197.0,1,1,1.0
422,6,494.0,342.0,105.0,185.0,1,1,1.0
423,5,598.0,345.0,77.0,194.0,1,1,1.0
423,6,498.0,340.0,105.0,186.0,1,1,1.0
424,5,606.0,342.0,69.0,190.0,1,1,1.0
424,6,508.0,338.0,97.0,184.0,1,1,1.0
425,5,619.0,339.0,61.0,189.0,1,1,1.0
425,6,523.0,335.0,82.0,184.0,1,1,1.0
426,5,625.0,337.0,64.0,189.0,1,1,1.0
426,6,536.0,332.0,68.0,184.0,1,1,1.0
427,5,626.0,337.0,73.0,188.0,1,1,1.0
427,6,547.0,330.0,62.0,187.0,1,1,1.0
428,5,625.0,336.0,84.0,189.0,1,1,1.0
428,6,563.0,329.0,61.0,188.0,1,1,1.0
429,5,624.0,337.0,94.0,188.0,1,1,1.0
429,6,570.0,328.0,69.0,188.0,1,1,1.0
430,5,625.0,337.0,99.0,188.0,1,1,1.0
430,6,573.0,328.0,81.0,187.0,1,1,1.0
431,5,629.0,335.0,102.0,190.0,1,1,1.0
431,6,575.0,327.0,88.0,187.0,1,1,1.0
432,5,635.0,332.0,98.0,189.0,1,1,1.0
432,6,580.0,326.0,87.0,188.0,1,1,1.0
433,5,645.0,329.0,89.0,185.0,1,1,1.0
433,6,589.0,324.0,78.0,188.0,1,1,1.0
434,5,657.0,326.0,74.0,184.0,1,1,1.0
434,6,604.0,322.0,64.0,184.0,1,1,1.0
435,5,668.0,323.0,62.0,186.0,1,1,1.0
435,6,619.0,319.0,54.0,181.0,1,1,1.0
436,5,675.0,322.0,58.0,185.0,1,1,1.0
436,6,629.0,318.0,51.0,182.0,1,1,1.0
437,5,680.0,322.0,65.0,179.0,1,1,1.0
437,6,634.0,316.0,53.0,182.0,1,1,1.0
438,5,680.0,322.0,77.0,178.0,1,1,1.0
438,6,636.0,316.0,72.0,182.0,1,1,1.0
439,5,682.0,322.0,85.0,175.0,1,1,1.0
439,6,639.0,316.0,69.0,181.0,1,1,1.0
440,5,686.0,322.0,85.0,178.0,1,1,1.0
442,5,696.0,318.0,78.0,175.0,1,1,1.0
442,6,655.0,313.0,82.0,179.0,1,1,1.0
443,5,705.0,315.0,69.0,174.0,1,1,1.0
443,6,663.0,311.0,77.0,177.0,1,1,1.0
444,5,716.0,313.0,61.0,175.0,1,1,1.0
444,6,673.0,308.0,65.0,177.0,1,1,1.0
445,5,729.0,311.0,53.0,176.0,1,1,1.0
445,6,685.0,306.0,58.0,178.0,1,1,1.0
446,5,737.0,310.0,55.0,177.0,1,1,1.0
446,6,698.0,305.0,49.0,179.0,1,1,1.0
447,5,744.0,310.0,59.0,177.0,1,1,1.0
447,6,704.0,305.0,49.0,178.0,1,1,1.0
448,5,747.0,310.0,64.0,177.0,1,1,1.0
448,6,705.0,305.0,61.0,179.0,1,1,1.0
449,5,750.0,310.0,70.0,175.0,1,1,1.0
449,6,706.0,305.0,65.0,179.0,1,1,1.0
450,5,753.0,310.0,75.0,174.0,1,1,1.0
450,6,709.0,304.0,67.0,178.0,1,1,1.0
451,5,757.0,308.0,75.0,171.0,1,1,1.0
451,6,716.0,303.0,62.0,178.0,1,1,1.0
452,5,767.0,306.0,69.0,171.0,1,1,1.0
452,6,728.0,300.0,54.0,177.0,1,1,1.0
453,5,778.0,303.0,57.0,169.0,1,1,1.0
453,6,741.0,299.0,47.0,173.0,1,1,1.0
454,5,786.0,301.0,49.0,170.0,1,1,1.0
454,6,751.0,297.0,42.0,171.0,1,1,1.0
455,5,789.0,300.0,52.0,170.0,1,1,1.0
455,6,757.0,296.0,43.0,172.0,1,1,1.0
456,5,793.0,299.0,59.0,166.0,1,1,1.0
456,6,762.0,295.0,54.0,171.0,1,1,1.0
457,5,797.0,300.0,71.0,163.0,1,1,1.0
458,5,801.0,301.0,80.0,161.0,1,1,1.0
458,6,767.0,295.0,74.0,169.0,1,1,1.0
459,5,802.0,301.0,84.0,160.0,1,1,1.0
459,6,769.0,295.0,77.0,169.0,1,1,1.0
460,5,811.0,300.0,80.0,158.0,1,1,1.0
460,6,772.0,294.0,77.0,169.0,1,1,1.0
461,5,818.0,298.0,75.0,158.0,1,1,1.0
461,6,778.0,292.0,71.0,168.0,1,1,1.0
462,5,824.0,296.0,69.0,159.0,1,1,1.0
462,6,788.0,289.0,61.0,166.0,1,1,1.0
463,5,833.0,293.0,60.0,162.0,1,1,1.0
463,6,800.0,287.0,52.0,166.0,1,1,1.0
464,5,846.0,291.0,51.0,163.0,1,1,1.0
464,6,808.0,286.0,47.0,167.0,1,1,1.0
465,5,854.0,290.0,56.0,164.0,1,1,1.0
465,6,812.0,285.0,48.0,166.0,1,1,1.0
466,5,858.0,290.0,66.0,164.0,1,1,1.0
466,6,812.0,285.0,57.0,166.0,1,1,1.0
467,5,864.0,290.0,71.0,164.0,1,1,1.0
467,6,813.0,285.0,65.0,167.0,1,1,1.0
468,5,867.0,290.0,77.0,163.0,1,1,1.0
468,6,816.0,285.0,67.0,166.0,1,1,1.0
469,5,873.0,290.0,79.0,160.0,1,1,1.0
469,6,823.0,284.0,67.0,169.0,1,1,1.0
470,5,877.0,288.0,81.0,160.0,1,1,1.0
470,6,833.0,282.0,59.0,169.0,1,1,1.0
471,5,884.0,287.0,77.0,160.0,1,1,1.0
471,6,846.0,280.0,51.0,164.0,1,1,1.0
472,5,893.0,285.0,70.0,160.0,1,1,1.0
472,6,858.0,278.0,46.0,161.0,1,1,1.0
473,5,900.0,282.0,61.0,159.0,1,1,1.0
473,6,866.0,277.0,42.0,160.0,1,1,1.0
474,5,904.0,281.0,54.0,161.0,1,1,1.0
474,6,869.0,277.0,47.0,160.0,1,1,1.0
475,5,910.0,281.0,52.0,160.0,1,1,1.0
475,6,870.0,278.0,52.0,159.0,1,1,1.0
476,5,912.0,282.0,61.0,158.0,1,1,1.0
477,5,916.0,283.0,68.0,155.0,1,1,1.0
477,6,873.0,278.0,76.0,158.0,1,1,1.0
478,5,919.0,284.0,74.0,153.0,1,1,1.0
478,6,875.0,278.0,80.0,159.0,1,1,1.0
479,5,921.0,285.0,76.0,152.0,1,1,1.0
479,6,880.0,277.0,76.0,159.0,1,1,1.0
480,5,924.0,284.0,75.0,151.0,1,1,1.0
480,6,890.0,276.0,65.0,155.0,1,1,1.0
481,5,929.0,283.0,71.0,153.0,1,1,1.0
481,6,902.0,274.0,56.0,155.0,1,1,1.0
482,5,931.0,282.0,69.0,154.0,1,1,1.0
482,6,912.0,273.0,50.0,153.0,1,1,1.0
483,5,946.0,279.0,56.0,155.0,1,1,1.0
483,6,920.0,272.0,46.0,155.0,1,1,1.0
484,5,958.0,277.0,57.0,155.0,1,1,1.0
484,6,920.0,272.0,53.0,155.0,1,1,1.0
485,5,966.0,278.0,60.0,154.0,1,1,1.0
485,6,921.0,272.0,58.0,155.0,1,1,1.0
486,5,971.0,279.0,66.0,151.0,1,1,1.0
486,6,922.0,272.0,65.0,156.0,1,1,1.0
487,5,976.0,280.0,70.0,150.0,1,1,1.0
487,6,927.0,272.0,66.0,157.0,1,1,1.0
488,5,979.0,282.0,74.0,148.0,1,1,1.0
488,6,935.0,272.0,59.0,155.0,1,1,1.0
489,5,984.0,283.0,74.0,146.0,1,1,1.0
489,6,946.0,271.0,52.0,155.0,1,1,1.0
490,5,989.0,283.0,73.0,146.0,1,1,1.0
490,6,959.0,270.0,44.0,153.0,1,1,1.0
491,5,995.0,280.0,70.0,147.0,1,1,1.0
491,6,969.0,269.0,41.0,150.0,1,1,1.0
492,5,1001.0,278.0,64.0,148.0,1,1,1.0
492,6,975.0,269.0,41.0,150.0,1,1,1.0
493,5,1009.0,276.0,53.0,150.0,1,1,1.0
493,6,977.0,268.0,44.0,150.0,1,1,1.0
494,5,1016.0,275.0,48.0,151.0,1,1,1.0
494,6,980.0,268.0,44.0,150.0,1,1,1.0
495,5,1020.0,275.0,52.0,149.0,1,1,1.0
495,6,981.0,269.0,51.0,150.0,1,1,1.0
496,5,1022.0,276.0,61.0,147.0,1,1,1.0
496,6,983.0,269.0,60.0,149.0,1,1,1.0
497,5,1025.0,277.0,68.0,145.0,1,1,1.0
497,6,985.0,269.0,61.0,150.0,1,1,1.0
498,5,1026.0,278.0,71.0,144.0,1,1,1.0
498,6,990.0,267.0,60.0,150.0,1,1,1.0
499,5,1030.0,278.0,69.0,143.0,1,1,1.0
499,6,999.0,266.0,54.0,146.0,1,1,1.0
500,5,1033.0,277.0,67.0,143.0,1,1,1.0
500,6,1010.0,264.0,48.0,148.0,1,1,1.0
501,5,1039.0,276.0,61.0,144.0,1,1,1.0
501,6,1020.0,263.0,43.0,148.0,1,1,1.0
502,5,1050.0,275.0,51.0,144.0,1,1,1.0
502,6,1024.0,262.0,46.0,148.0,1,1,1.0
503,5,1060.0,274.0,51.0,143.0,1,1,1.0
503,6,1025.0,263.0,52.0,148.0,1,1,1.0
504,5,1065.0,274.0,57.0,143.0,1,1,1.0
504,6,1026.0,263.0,55.0,147.0,1,1,1.0
505,5,1068.0,275.0,64.0,142.0,1,1,1.0
505,6,1029.0,264.0,57.0,146.0,1,1,1.0
506,5,1070.0,276.0,70.0,138.0,1,1,1.0
506,6,1032.0,264.0,59.0,146.0,1,1,1.0
507,5,1073.0,276.0,73.0,138.0,1,1,1.0
507,6,1040.0,263.0,55.0,147.0,1,1,1.0
508,5,1073.0,277.0,78.0,137.0,1,1,1.0
508,6,1051.0,262.0,49.0,145.0,1,1,1.0
509,5,1073.0,276.0,82.0,136.0,1,1,1.0
509,6,1063.0,261.0,40.0,134.0,1,1,1.0
510,5,1081.0,274.0,76.0,137.0,1,1,1.0
510,6,1070.0,260.0,39.0,139.0,1,1,1.0
511,5,1091.0,272.0,66.0,137.0,1,1,1.0
511,6,1074.0,260.0,40.0,142.0,1,1,1.0
512,5,1099.0,272.0,55.0,138.0,1,1,1.0
512,6,1077.0,260.0,41.0,143.0,1,1,1.0
513,5,1106.0,271.0,47.0,140.0,1,1,1.0
513,6,1079.0,261.0,44.0,142.0,1,1,1.0
514,5,1111.0,271.0,45.0,139.0,1,1,1.0
514,6,1080.0,262.0,47.0,140.0,1,1,1.0
515,5,1113.0,270.0,51.0,138.0,1,1,1.0
515,6,1082.0,263.0,51.0,138.0,1,1,1.0
516,5,1115.0,269.0,57.0,137.0,1,1,1.0
516,6,1087.0,263.0,53.0,138.0,1,1,1.0
517,5,1117.0,269.0,59.0,136.0,1,1,1.0
517,6,1094.0,261.0,52.0,139.0,1,1,1.0
519,5,1123.0,271.0,55.0,132.0,1,1,1.0
519,6,1111.0,258.0,43.0,139.0,1,1,1.0
521,5,1129.0,267.0,52.0,134.0,1,1,1.0
522,5,1139.0,263.0,48.0,138.0,1,1,1.0
523,5,1147.0,264.0,51.0,136.0,1,1,1.0
524,5,1152.0,265.0,53.0,135.0,1,1,1.0
524,6,1129.0,257.0,48.0,138.0,1,1,1.0
526,5,1157.0,269.0,57.0,130.0,1,1,1.0
527,5,1159.0,270.0,58.0,128.0,1,1,1.0
528,5,1165.0,269.0,60.0,126.0,1,1,1.0
530,5,1174.0,264.0,55.0,129.0,1,1,1.0
532,5,1183.0,259.0,49.0,133.0,1,1,1.0
535,5,1186.0,256.0,62.0,136.0,1,1,1.0
536,5,1188.0,256.0,64.0,136.0,1,1,1.0
537,5,1190.0,255.0,64.0,138.0,1,1,1.0
538,5,1193.0,255.0,63.0,139.0,1,1,1.0
539,5,1197.0,255.0,61.0,138.0,1,1,1.0
540,5,1204.0,255.0,60.0,139.0,1,1,1.0
541,5,1210.0,255.0,55.0,138.0,1,1,1.0
542,5,1215.0,256.0,54.0,135.0,1,1,1.0
543,5,1220.0,256.0,60.0,133.0,1,1,1.0
544,5,1226.0,256.0,61.0,133.0,1,1,1.0
545,5,1234.0,256.0,60.0,133.0,1,1,1.0
547,5,1239.0,260.0,62.0,129.0,1,1,1.0
551,5,1253.0,258.0,51.0,125.0,1,1,1.0
552,5,1260.0,258.0,49.0,125.0,1,1,1.0
553,5,1264.0,258.0,46.0,124.0,1,1,1.0
554,5,1268.0,257.0,44.0,127.0,1,1,1.0
555,5,1270.0,259.0,44.0,124.0,1,1,1.0
556,5,1270.0,260.0,54.0,124.0,1,1,1.0
557,5,1270.0,261.0,57.0,125.0,1,1,1.0
558,5,1270.0,261.0,59.0,126.0,1,1,1.0
559,5,1272.0,260.0,60.0,127.0,1,1,1.0
560,5,1276.0,259.0,57.0,128.0,1,1,1.0
