1,1,787.0,0.0,38.0,100.0,1,1,1.0
1,2,827.0,0.0,36.0,98.0,1,1,1.0
2,1,787.0,0.0,39.0,101.0,1,1,1.0
2,2,826.0,0.0,38.0,98.0,1,1,1.0
3,1,787.0,0.0,39.0,102.0,1,1,1.0
3,2,824.0,0.0,40.0,99.0,1,1,1.0
4,1,787.0,0.0,39.0,102.0,1,1,1.0
4,2,822.0,0.0,42.0,100.0,1,1,1.0
5,1,788.0,0.0,39.0,102.0,1,1,1.0
5,2,821.0,0.0,43.0,101.0,1,1,1.0
6,1,788.0,0.0,37.0,103.0,1,1,1.0
6,2,821.0,0.0,43.0,101.0,1,1,1.0
7,1,787.0,0.0,36.0,103.0,1,1,1.0
7,2,820.0,0.0,44.0,102.0,1,1,1.0
8,1,786.0,0.0,37.0,104.0,1,1,1.0
8,2,820.0,0.0,43.0,102.0,1,1,1.0
9,1,784.0,0.0,38.0,106.0,1,1,1.0
9,2,818.0,0.0,43.0,103.0,1,1,1.0
10,1,781.0,0.0,40.0,106.0,1,1,1.0
10,2,817.0,0.0,42.0,103.0,1,1,1.0
11,1,779.0,0.0,41.0,106.0,1,1,1.0
11,2,815.0,0.0,41.0,103.0,1,1,1.0
12,1,777.0,0.0,40.0,108.0,1,1,1.0
12,2,815.0,0.0,40.0,104.0,1,1,1.0
13,1,777.0,0.0,40.0,108.0,1,1,1.0
13,2,815.0,0.0,38.0,105.0,1,1,1.0
14,1,777.0,0.0,38.0,108.0,1,1,1.0
14,2,814.0,0.0,37.0,105.0,1,1,1.0
15,1,776.0,0.0,38.0,108.0,1,1,1.0
15,2,814.0,0.0,36.0,106.0,1,1,1.0
16,1,775.0,0.0,38.0,108.0,1,1,1.0
16,2,813.0,0.0,35.0,108.0,1,1,1.0
17,1,774.0,0.0,39.0,109.0,1,1,1.0
17,2,811.0,0.0,36.0,109.0,1,1,1.0
18,1,773.0,0.0,40.0,109.0,1,1,1.0
18,2,811.0,0.0,36.0,109.0,1,1,1.0
19,1,772.0,0.0,39.0,110.0,1,1,1.0
19,2,811.0,0.0,35.0,109.0,1,1,1.0
20,1,772.0,0.0,38.0,111.0,1,1,1.0
20,2,810.0,0.0,36.0,109.0,1,1,1.0
21,1,772.0,0.0,38.0,111.0,1,1,1.0
21,2,810.0,0.0,37.0,109.0,1,1,1.0
22,1,772.0,0.0,37.0,112.0,1,1,1.0
22,2,810.0,0.0,38.0,109.0,1,1,1.0
23,1,772.0,0.0,38.0,113.0,1,1,1.0
23,2,810.0,0.0,39.0,111.0,1,1,1.0
24,1,772.0,0.0,38.0,115.0,1,1,1.0
24,2,809.0,0.0,40.0,111.0,1,1,1.0
25,1,772.0,0.0,39.0,116.0,1,1,1.0
25,2,809.0,0.0,41.0,112.0,1,1,1.0
26,1,772.0,0.0,39.0,116.0,1,1,1.0
26,2,809.0,0.0,40.0,113.0,1,1,1.0
27,1,771.0,0.0,40.0,115.0,1,1,1.0
27,2,810.0,0.0,40.0,114.0,1,1,1.0
28,1,770.0,0.0,40.0,117.0,1,1,1.0
28,2,809.0,0.0,41.0,114.0,1,1,1.0
29,1,770.0,1.0,41.0,116.0,1,1,1.0
29,2,809.0,0.0,42.0,115.0,1,1,1.0
30,1,770.0,2.0,41.0,115.0,1,1,1.0
30,2,807.0,0.0,43.0,115.0,1,1,1.0
31,1,768.0,3.0,42.0,114.0,1,1,1.0
31,2,807.0,0.0,43.0,116.0,1,1,1.0
32,1,765.0,3.0,43.0,115.0,1,1,1.0
32,2,807.0,1.0,42.0,117.0,1,1,1.0
33,1,764.0,3.0,45.0,117.0,1,1,1.0
33,2,807.0,2.0,40.0,117.0,1,1,1.0
34,1,763.0,3.0,45.0,117.0,1,1,1.0
34,2,808.0,3.0,38.0,117.0,1,1,1.0
35,1,763.0,3.0,46.0,118.0,1,1,1.0
35,2,809.0,5.0,37.0,116.0,1,1,1.0
36,1,762.0,3.0,46.0,119.0,1,1,1.0
36,2,808.0,4.0,37.0,117.0,1,1,1.0
37,1,762.0,3.0,46.0,120.0,1,1,1.0
37,2,808.0,4.0,37.0,117.0,1,1,1.0
38,1,761.0,3.0,45.0,120.0,1,1,1.0
38,2,808.0,3.0,37.0,118.0,1,1,1.0
39,1,761.0,4.0,44.0,120.0,1,1,1.0
39,2,807.0,3.0,38.0,118.0,1,1,1.0
40,1,762.0,5.0,43.0,119.0,1,1,1.0
40,2,806.0,3.0,40.0,118.0,1,1,1.0
41,1,761.0,6.0,43.0,119.0,1,1,1.0
41,2,805.0,3.0,41.0,119.0,1,1,1.0
42,1,761.0,7.0,44.0,119.0,1,1,1.0
42,2,805.0,4.0,42.0,119.0,1,1,1.0
43,1,761.0,7.0,45.0,120.0,1,1,1.0
43,2,807.0,6.0,41.0,119.0,1,1,1.0
44,1,763.0,7.0,44.0,120.0,1,1,1.0
44,2,808.0,7.0,40.0,119.0,1,1,1.0
45,1,764.0,7.0,44.0,120.0,1,1,1.0
45,2,809.0,7.0,40.0,119.0,1,1,1.0
46,1,764.0,7.0,44.0,120.0,1,1,1.0
46,2,809.0,8.0,41.0,120.0,1,1,1.0
47,1,764.0,7.0,45.0,123.0,1,1,1.0
47,2,809.0,8.0,41.0,120.0,1,1,1.0
48,1,765.0,7.0,45.0,124.0,1,1,1.0
48,2,809.0,7.0,42.0,121.0,1,1,1.0
49,1,763.0,8.0,46.0,124.0,1,1,1.0
49,2,809.0,7.0,42.0,123.0,1,1,1.0
50,1,763.0,9.0,47.0,124.0,1,1,1.0
50,2,809.0,7.0,42.0,123.0,1,1,1.0
51,1,762.0,10.0,48.0,124.0,1,1,1.0
51,2,809.0,7.0,42.0,125.0,1,1,1.0
52,1,762.0,10.0,49.0,124.0,1,1,1.0
52,2,808.0,8.0,44.0,125.0,1,1,1.0
53,1,761.0,10.0,50.0,124.0,1,1,1.0
53,2,809.0,10.0,44.0,124.0,1,1,1.0
54,1,761.0,10.0,51.0,125.0,1,1,1.0
54,2,808.0,11.0,44.0,124.0,1,1,1.0
55,1,761.0,10.0,50.0,126.0,1,1,1.0
55,2,808.0,11.0,44.0,123.0,1,1,1.0
56,1,761.0,10.0,48.0,126.0,1,1,1.0
56,2,808.0,11.0,44.0,123.0,1,1,1.0
57,1,762.0,10.0,48.0,128.0,1,1,1.0
57,2,808.0,11.0,43.0,124.0,1,1,1.0
58,1,764.0,10.0,46.0,128.0,1,1,1.0
58,2,809.0,11.0,43.0,124.0,1,1,1.0
59,1,765.0,11.0,45.0,128.0,1,1,1.0
59,2,809.0,10.0,44.0,126.0,1,1,1.0
60,1,765.0,13.0,46.0,127.0,1,1,1.0
60,2,809.0,10.0,46.0,128.0,1,1,1.0
61,1,765.0,14.0,48.0,128.0,1,1,1.0
61,2,808.0,12.0,48.0,128.0,1,1,1.0
62,1,765.0,15.0,48.0,128.0,1,1,1.0
62,2,809.0,13.0,49.0,128.0,1,1,1.0
63,1,766.0,15.0,48.0,129.0,1,1,1.0
63,2,810.0,14.0,47.0,128.0,1,1,1.0
64,1,766.0,15.0,48.0,130.0,1,1,1.0
64,2,810.0,15.0,47.0,128.0,1,1,1.0
65,1,766.0,14.0,48.0,131.0,1,1,1.0
65,2,811.0,15.0,47.0,129.0,1,1,1.0
66,1,766.0,14.0,49.0,131.0,1,1,1.0
66,2,811.0,15.0,49.0,129.0,1,1,1.0
67,1,765.0,14.0,50.0,132.0,1,1,1.0
67,2,811.0,15.0,51.0,130.0,1,1,1.0
68,1,764.0,15.0,52.0,133.0,1,1,1.0
68,2,811.0,15.0,51.0,129.0,1,1,1.0
69,1,763.0,16.0,55.0,132.0,1,1,1.0
69,2,812.0,15.0,51.0,130.0,1,1,1.0
70,1,762.0,17.0,57.0,133.0,1,1,1.0
70,2,813.0,16.0,50.0,130.0,1,1,1.0
71,1,762.0,18.0,56.0,134.0,1,1,1.0
71,2,812.0,18.0,51.0,131.0,1,1,1.0
72,1,761.0,18.0,56.0,136.0,1,1,1.0
72,2,812.0,19.0,51.0,131.0,1,1,1.0
73,1,761.0,18.0,56.0,136.0,1,1,1.0
73,2,812.0,19.0,50.0,134.0,1,1,1.0
74,1,761.0,18.0,56.0,137.0,1,1,1.0
74,2,811.0,20.0,50.0,135.0,1,1,1.0
75,1,762.0,18.0,54.0,137.0,1,1,1.0
75,2,811.0,19.0,50.0,135.0,1,1,1.0
76,1,763.0,18.0,51.0,138.0,1,1,1.0
76,2,812.0,19.0,50.0,135.0,1,1,1.0
77,1,764.0,18.0,50.0,138.0,1,1,1.0
77,2,812.0,19.0,50.0,134.0,1,1,1.0
78,1,766.0,20.0,50.0,138.0,1,1,1.0
78,2,812.0,19.0,50.0,136.0,1,1,1.0
79,1,765.0,21.0,51.0,138.0,1,1,1.0
79,2,813.0,20.0,51.0,139.0,1,1,1.0
80,1,762.0,22.0,55.0,139.0,1,1,1.0
80,2,812.0,21.0,51.0,139.0,1,1,1.0
81,1,762.0,22.0,57.0,140.0,1,1,1.0
81,2,813.0,23.0,51.0,139.0,1,1,1.0
82,1,765.0,23.0,55.0,140.0,1,1,1.0
82,2,814.0,24.0,49.0,139.0,1,1,1.0
83,1,767.0,22.0,53.0,141.0,1,1,1.0
83,2,815.0,24.0,49.0,139.0,1,1,1.0
84,1,769.0,22.0,51.0,142.0,1,1,1.0
84,2,815.0,23.0,49.0,140.0,1,1,1.0
85,1,769.0,22.0,50.0,141.0,1,1,1.0
85,2,815.0,23.0,50.0,142.0,1,1,1.0
86,1,769.0,22.0,51.0,142.0,1,1,1.0
86,2,816.0,22.0,50.0,142.0,1,1,1.0
87,1,767.0,24.0,52.0,141.0,1,1,1.0
87,2,816.0,22.0,50.0,144.0,1,1,1.0
88,1,766.0,26.0,53.0,142.0,1,1,1.0
88,2,816.0,22.0,49.0,145.0,1,1,1.0
89,1,765.0,27.0,54.0,142.0,1,1,1.0
89,2,813.0,25.0,51.0,144.0,1,1,1.0
90,1,765.0,28.0,54.0,144.0,1,1,1.0
90,2,811.0,27.0,53.0,147.0,1,1,1.0
91,1,764.0,29.0,55.0,145.0,1,1,1.0
91,2,811.0,28.0,52.0,151.0,1,1,1.0
92,1,763.0,29.0,56.0,147.0,1,1,1.0
92,2,811.0,28.0,51.0,152.0,1,1,1.0
93,1,763.0,29.0,55.0,147.0,1,1,1.0
93,2,811.0,29.0,51.0,151.0,1,1,1.0
94,1,763.0,29.0,56.0,148.0,1,1,1.0
94,2,812.0,29.0,52.0,149.0,1,1,1.0
95,1,763.0,28.0,57.0,148.0,1,1,1.0
95,2,811.0,29.0,54.0,148.0,1,1,1.0
96,1,764.0,28.0,57.0,150.0,1,1,1.0
96,2,809.0,29.0,58.0,150.0,1,1,1.0
97,1,764.0,29.0,57.0,151.0,1,1,1.0
97,2,807.0,29.0,62.0,152.0,1,1,1.0
98,1,764.0,30.0,56.0,152.0,1,1,1.0
98,2,805.0,30.0,65.0,154.0,1,1,1.0
99,1,765.0,31.0,54.0,153.0,1,1,1.0
99,2,804.0,32.0,66.0,154.0,1,1,1.0
100,1,766.0,32.0,53.0,153.0,1,1,1.0
100,2,803.0,33.0,66.0,153.0,1,1,1.0
101,1,766.0,32.0,53.0,154.0,1,1,1.0
101,2,803.0,34.0,66.0,153.0,1,1,1.0
102,1,766.0,32.0,54.0,154.0,1,1,1.0
102,2,806.0,34.0,65.0,153.0,1,1,1.0
103,1,766.0,32.0,56.0,155.0,1,1,1.0
103,2,810.0,34.0,62.0,154.0,1,1,1.0
104,1,765.0,32.0,58.0,155.0,1,1,1.0
104,2,812.0,34.0,62.0,155.0,1,1,1.0
105,1,762.0,33.0,61.0,155.0,1,1,1.0
105,2,813.0,34.0,61.0,156.0,1,1,1.0
106,1,760.0,33.0,63.0,156.0,1,1,1.0
106,2,814.0,34.0,59.0,158.0,1,1,1.0
107,1,759.0,36.0,64.0,156.0,1,1,1.0
107,2,814.0,36.0,57.0,159.0,1,1,1.0
108,1,758.0,38.0,65.0,158.0,1,1,1.0
108,2,813.0,39.0,57.0,158.0,1,1,1.0
109,1,757.0,40.0,62.0,161.0,1,1,1.0
109,2,812.0,40.0,57.0,158.0,1,1,1.0
110,1,756.0,40.0,59.0,160.0,1,1,1.0
110,2,811.0,41.0,57.0,159.0,1,1,1.0
111,1,755.0,40.0,59.0,159.0,1,1,1.0
111,2,810.0,41.0,57.0,159.0,1,1,1.0
112,1,754.0,40.0,59.0,160.0,1,1,1.0
112,2,810.0,41.0,57.0,160.0,1,1,1.0
113,1,753.0,40.0,63.0,160.0,1,1,1.0
113,2,809.0,41.0,59.0,161.0,1,1,1.0
114,1,753.0,40.0,63.0,161.0,1,1,1.0
114,2,807.0,40.0,63.0,162.0,1,1,1.0
115,1,751.0,40.0,65.0,164.0,1,1,1.0
115,2,806.0,40.0,65.0,165.0,1,1,1.0
116,1,749.0,42.0,65.0,165.0,1,1,1.0
116,2,806.0,42.0,66.0,167.0,1,1,1.0
117,1,748.0,43.0,65.0,166.0,1,1,1.0
117,2,806.0,43.0,66.0,169.0,1,1,1.0
118,1,749.0,44.0,64.0,168.0,1,1,1.0
118,2,807.0,45.0,65.0,170.0,1,1,1.0
119,1,748.0,45.0,63.0,168.0,1,1,1.0
119,2,808.0,46.0,65.0,169.0,1,1,1.0
120,1,748.0,45.0,65.0,170.0,1,1,1.0
120,2,808.0,46.0,65.0,169.0,1,1,1.0
121,1,749.0,45.0,64.0,171.0,1,1,1.0
121,2,809.0,47.0,65.0,169.0,1,1,1.0
122,1,749.0,45.0,62.0,171.0,1,1,1.0
122,2,808.0,47.0,65.0,172.0,1,1,1.0
123,1,748.0,45.0,62.0,171.0,1,1,1.0
123,2,808.0,46.0,64.0,174.0,1,1,1.0
124,1,747.0,46.0,63.0,172.0,1,1,1.0
124,2,807.0,46.0,62.0,175.0,1,1,1.0
125,1,745.0,47.0,65.0,174.0,1,1,1.0
125,2,806.0,49.0,61.0,174.0,1,1,1.0
126,1,744.0,48.0,67.0,175.0,1,1,1.0
126,2,804.0,51.0,61.0,175.0,1,1,1.0
127,1,743.0,50.0,67.0,177.0,1,1,1.0
127,2,802.0,55.0,62.0,174.0,1,1,1.0
128,1,742.0,51.0,66.0,180.0,1,1,1.0
128,2,800.0,57.0,63.0,175.0,1,1,1.0
129,1,739.0,53.0,68.0,180.0,1,1,1.0
129,2,798.0,57.0,63.0,176.0,1,1,1.0
130,1,737.0,53.0,68.0,181.0,1,1,1.0
130,2,795.0,57.0,64.0,177.0,1,1,1.0
131,1,735.0,53.0,69.0,181.0,1,1,1.0
131,2,793.0,56.0,65.0,179.0,1,1,1.0
132,1,734.0,54.0,69.0,181.0,1,1,1.0
132,2,793.0,55.0,66.0,181.0,1,1,1.0
133,1,731.0,54.0,71.0,182.0,1,1,1.0
133,2,792.0,55.0,67.0,182.0,1,1,1.0
134,1,728.0,54.0,73.0,186.0,1,1,1.0
134,2,791.0,56.0,71.0,183.0,1,1,1.0
135,1,725.0,56.0,75.0,188.0,1,1,1.0
135,2,792.0,57.0,72.0,187.0,1,1,1.0
136,1,723.0,59.0,77.0,187.0,1,1,1.0
136,2,794.0,61.0,72.0,186.0,1,1,1.0
137,1,723.0,61.0,78.0,189.0,1,1,1.0
137,2,795.0,63.0,71.0,188.0,1,1,1.0
138,1,723.0,62.0,78.0,192.0,1,1,1.0
138,2,795.0,65.0,71.0,187.0,1,1,1.0
139,1,725.0,62.0,75.0,192.0,1,1,1.0
139,2,797.0,65.0,69.0,188.0,1,1,1.0
140,1,730.0,63.0,70.0,192.0,1,1,1.0
140,2,798.0,66.0,69.0,188.0,1,1,1.0
141,1,732.0,63.0,68.0,192.0,1,1,1.0
141,2,798.0,66.0,69.0,188.0,1,1,1.0
142,1,733.0,63.0,69.0,191.0,1,1,1.0
142,2,798.0,66.0,70.0,190.0,1,1,1.0
143,1,732.0,64.0,72.0,192.0,1,1,1.0
143,2,797.0,66.0,70.0,192.0,1,1,1.0
144,1,729.0,66.0,75.0,194.0,1,1,1.0
144,2,797.0,68.0,69.0,195.0,1,1,1.0
145,1,724.0,68.0,81.0,196.0,1,1,1.0
145,2,798.0,70.0,69.0,196.0,1,1,1.0
146,1,723.0,71.0,83.0,197.0,1,1,1.0
146,2,797.0,71.0,70.0,198.0,1,1,1.0
147,1,724.0,73.0,80.0,200.0,1,1,1.0
147,2,796.0,73.0,73.0,200.0,1,1,1.0
148,1,722.0,75.0,80.0,202.0,1,1,1.0
148,2,795.0,74.0,70.0,204.0,1,1,1.0
149,1,718.0,76.0,77.0,203.0,1,1,1.0
149,2,794.0,74.0,69.0,204.0,1,1,1.0
150,1,716.0,76.0,76.0,203.0,1,1,1.0
150,2,794.0,73.0,69.0,205.0,1,1,1.0
151,1,715.0,76.0,80.0,204.0,1,1,1.0
151,2,794.0,73.0,71.0,206.0,1,1,1.0
152,1,715.0,77.0,81.0,203.0,1,1,1.0
152,2,794.0,73.0,73.0,206.0,1,1,1.0
153,1,715.0,78.0,81.0,204.0,1,1,1.0
153,2,794.0,75.0,75.0,207.0,1,1,1.0
154,1,715.0,80.0,78.0,208.0,1,1,1.0
154,2,794.0,79.0,78.0,209.0,1,1,1.0
155,1,714.0,83.0,77.0,211.0,1,1,1.0
155,2,795.0,81.0,79.0,210.0,1,1,1.0
156,1,713.0,85.0,78.0,212.0,1,1,1.0
156,2,796.0,84.0,81.0,212.0,1,1,1.0
157,1,713.0,87.0,79.0,212.0,1,1,1.0
157,2,798.0,86.0,81.0,213.0,1,1,1.0
158,1,714.0,89.0,81.0,214.0,1,1,1.0
158,2,799.0,86.0,81.0,215.0,1,1,1.0
159,1,713.0,89.0,84.0,215.0,1,1,1.0
159,2,800.0,86.0,81.0,215.0,1,1,1.0
160,1,712.0,89.0,87.0,215.0,1,1,1.0
160,2,801.0,86.0,81.0,216.0,1,1,1.0
161,1,712.0,90.0,92.0,215.0,1,1,1.0
161,2,801.0,86.0,82.0,217.0,1,1,1.0
162,1,710.0,91.0,95.0,216.0,1,1,1.0
162,2,802.0,87.0,82.0,219.0,1,1,1.0
163,1,708.0,93.0,98.0,219.0,1,1,1.0
163,2,803.0,89.0,83.0,223.0,1,1,1.0
164,1,707.0,96.0,98.0,221.0,1,1,1.0
164,2,804.0,92.0,83.0,224.0,1,1,1.0
165,1,706.0,100.0,97.0,223.0,1,1,1.0
165,2,804.0,96.0,83.0,227.0,1,1,1.0
166,1,706.0,102.0,96.0,226.0,1,1,1.0
166,2,804.0,99.0,83.0,227.0,1,1,1.0
167,1,704.0,104.0,96.0,228.0,1,1,1.0
167,2,804.0,101.0,83.0,229.0,1,1,1.0
168,1,703.0,104.0,94.0,229.0,1,1,1.0
168,2,803.0,102.0,83.0,230.0,1,1,1.0
169,1,702.0,104.0,94.0,230.0,1,1,1.0
169,2,802.0,102.0,84.0,231.0,1,1,1.0
170,1,703.0,104.0,93.0,230.0,1,1,1.0
170,2,802.0,102.0,86.0,231.0,1,1,1.0
171,1,706.0,104.0,89.0,230.0,1,1,1.0
171,2,802.0,102.0,88.0,231.0,1,1,1.0
172,1,707.0,106.0,87.0,229.0,1,1,1.0
172,2,803.0,104.0,91.0,232.0,1,1,1.0
173,1,709.0,109.0,85.0,235.0,1,1,1.0
173,2,804.0,108.0,95.0,236.0,1,1,1.0
174,1,710.0,112.0,84.0,240.0,1,1,1.0
174,2,807.0,112.0,97.0,238.0,1,1,1.0
175,1,711.0,115.0,84.0,244.0,1,1,1.0
175,2,809.0,115.0,94.0,239.0,1,1,1.0
176,1,713.0,117.0,83.0,245.0,1,1,1.0
176,2,812.0,117.0,90.0,242.0,1,1,1.0
177,1,713.0,118.0,84.0,245.0,1,1,1.0
177,2,814.0,118.0,85.0,242.0,1,1,1.0
178,1,714.0,118.0,87.0,246.0,1,1,1.0
178,2,815.0,118.0,83.0,244.0,1,1,1.0
179,1,714.0,118.0,91.0,246.0,1,1,1.0
179,2,816.0,118.0,85.0,245.0,1,1,1.0
180,1,713.0,119.0,95.0,245.0,1,1,1.0
180,2,816.0,118.0,87.0,246.0,1,1,1.0
181,1,711.0,121.0,101.0,249.0,1,1,1.0
181,2,815.0,119.0,89.0,251.0,1,1,1.0
182,1,708.0,123.0,106.0,254.0,1,1,1.0
182,2,814.0,122.0,91.0,257.0,1,1,1.0
183,1,706.0,128.0,110.0,257.0,1,1,1.0
183,2,813.0,126.0,94.0,259.0,1,1,1.0
184,1,705.0,132.0,113.0,260.0,1,1,1.0
184,2,812.0,130.0,96.0,260.0,1,1,1.0
185,1,704.0,135.0,114.0,262.0,1,1,1.0
185,2,810.0,134.0,97.0,252.0,1,1,1.0
186,1,703.0,138.0,108.0,265.0,1,1,1.0
186,2,808.0,136.0,98.0,261.0,1,1,1.0
187,1,702.0,139.0,102.0,265.0,1,1,1.0
187,2,808.0,136.0,97.0,264.0,1,1,1.0
188,1,702.0,140.0,100.0,265.0,1,1,1.0
188,2,809.0,136.0,96.0,266.0,1,1,1.0
189,1,704.0,140.0,104.0,265.0,1,1,1.0
189,2,811.0,137.0,96.0,266.0,1,1,1.0
190,1,706.0,141.0,103.0,265.0,1,1,1.0
190,2,812.0,138.0,96.0,265.0,1,1,1.0
191,1,707.0,143.0,101.0,268.0,1,1,1.0
191,2,813.0,141.0,98.0,269.0,1,1,1.0
192,1,707.0,146.0,100.0,274.0,1,1,1.0
192,2,815.0,145.0,102.0,275.0,1,1,1.0
193,1,706.0,150.0,101.0,277.0,1,1,1.0
193,2,818.0,149.0,104.0,278.0,1,1,1.0
194,1,704.0,154.0,105.0,278.0,1,1,1.0
194,2,821.0,153.0,105.0,280.0,1,1,1.0
195,1,702.0,157.0,109.0,284.0,1,1,1.0
195,2,824.0,156.0,103.0,283.0,1,1,1.0
196,1,701.0,159.0,113.0,287.0,1,1,1.0
196,2,826.0,158.0,103.0,284.0,1,1,1.0
197,1,703.0,159.0,114.0,287.0,1,1,1.0
197,2,827.0,159.0,103.0,285.0,1,1,1.0
198,1,706.0,159.0,115.0,287.0,1,1,1.0
198,2,828.0,159.0,103.0,285.0,1,1,1.0
199,1,710.0,161.0,113.0,285.0,1,1,1.0
199,2,827.0,160.0,106.0,285.0,1,1,1.0
200,1,707.0,163.0,118.0,289.0,1,1,1.0
200,2,827.0,163.0,107.0,292.0,1,1,1.0
201,1,705.0,166.0,121.0,296.0,1,1,1.0
201,2,827.0,167.0,109.0,297.0,1,1,1.0
202,1,704.0,172.0,122.0,299.0,1,1,1.0
202,2,827.0,173.0,111.0,299.0,1,1,1.0
203,1,703.0,177.0,123.0,306.0,1,1,1.0
203,2,827.0,179.0,112.0,302.0,1,1,1.0
204,1,702.0,181.0,119.0,311.0,1,1,1.0
204,2,827.0,183.0,113.0,307.0,1,1,1.0
205,1,701.0,184.0,120.0,314.0,1,1,1.0
205,2,827.0,186.0,113.0,307.0,1,1,1.0
206,1,701.0,186.0,116.0,314.0,1,1,1.0
206,2,828.0,187.0,112.0,308.0,1,1,1.0
207,1,701.0,187.0,112.0,312.0,1,1,1.0
207,2,830.0,187.0,112.0,309.0,1,1,1.0
208,1,703.0,188.0,112.0,311.0,1,1,1.0
208,2,832.0,188.0,112.0,309.0,1,1,1.0
209,1,705.0,190.0,111.0,309.0,1,1,1.0
209,2,834.0,189.0,112.0,310.0,1,1,1.0
210,1,706.0,193.0,119.0,318.0,1,1,1.0
210,2,836.0,193.0,113.0,317.0,1,1,1.0
211,1,706.0,197.0,119.0,322.0,1,1,1.0
211,2,838.0,198.0,117.0,325.0,1,1,1.0
212,1,707.0,202.0,118.0,327.0,1,1,1.0
212,2,841.0,204.0,123.0,328.0,1,1,1.0
213,1,707.0,207.0,119.0,333.0,1,1,1.0
213,2,845.0,210.0,126.0,332.0,1,1,1.0
214,1,705.0,211.0,123.0,335.0,1,1,1.0
214,2,849.0,213.0,125.0,336.0,1,1,1.0
215,1,705.0,214.0,126.0,336.0,1,1,1.0
215,2,852.0,215.0,123.0,336.0,1,1,1.0
216,1,710.0,215.0,125.0,336.0,1,1,1.0
216,2,854.0,215.0,124.0,336.0,1,1,1.0
217,1,713.0,216.0,125.0,335.0,1,1,1.0
217,2,854.0,216.0,124.0,335.0,1,1,1.0
218,1,715.0,218.0,126.0,334.0,1,1,1.0
218,2,854.0,217.0,126.0,338.0,1,1,1.0
219,1,714.0,222.0,129.0,341.0,1,1,1.0
219,2,853.0,221.0,128.0,347.0,1,1,1.0
220,1,712.0,227.0,132.0,344.0,1,1,1.0
220,2,852.0,227.0,132.0,354.0,1,1,1.0
221,1,711.0,234.0,134.0,354.0,1,1,1.0
221,2,852.0,233.0,135.0,360.0,1,1,1.0
222,1,709.0,241.0,137.0,360.0,1,1,1.0
222,2,852.0,241.0,137.0,365.0,1,1,1.0
223,1,708.0,247.0,137.0,371.0,1,1,1.0
223,2,851.0,246.0,139.0,373.0,1,1,1.0
224,1,706.0,252.0,139.0,372.0,1,1,1.0
224,2,850.0,251.0,139.0,376.0,1,1,1.0
225,1,705.0,256.0,137.0,371.0,1,1,1.0
225,2,851.0,253.0,138.0,375.0,1,1,1.0
226,1,704.0,257.0,137.0,370.0,1,1,1.0
226,2,852.0,255.0,138.0,374.0,1,1,1.0
227,1,705.0,259.0,139.0,368.0,1,1,1.0
227,2,854.0,257.0,138.0,372.0,1,1,1.0
228,1,704.0,262.0,138.0,365.0,1,1,1.0
228,2,856.0,260.0,141.0,370.0,1,1,1.0
229,1,704.0,266.0,140.0,376.0,1,1,1.0
229,2,857.0,266.0,148.0,382.0,1,1,1.0
230,1,704.0,272.0,143.0,385.0,1,1,1.0
230,2,860.0,274.0,155.0,391.0,1,1,1.0
231,1,705.0,279.0,145.0,393.0,1,1,1.0
231,2,864.0,282.0,159.0,403.0,1,1,1.0
232,1,707.0,287.0,147.0,396.0,1,1,1.0
232,2,868.0,290.0,156.0,408.0,1,1,1.0
233,1,709.0,293.0,149.0,395.0,1,1,1.0
233,2,873.0,295.0,153.0,410.0,1,1,1.0
234,1,709.0,299.0,153.0,397.0,1,1,1.0
234,2,876.0,300.0,151.0,408.0,1,1,1.0
235,1,709.0,303.0,154.0,399.0,1,1,1.0
235,2,878.0,302.0,151.0,406.0,1,1,1.0
236,1,709.0,306.0,159.0,399.0,1,1,1.0
236,2,879.0,304.0,151.0,405.0,1,1,1.0
237,1,707.0,311.0,166.0,396.0,1,1,1.0
237,2,879.0,307.0,153.0,404.0,1,1,1.0
238,1,703.0,316.0,175.0,407.0,1,1,1.0
238,2,878.0,313.0,156.0,415.0,1,1,1.0
239,1,701.0,324.0,181.0,419.0,1,1,1.0
239,2,878.0,321.0,161.0,430.0,1,1,1.0
240,1,700.0,331.0,176.0,432.0,1,1,1.0
240,2,877.0,331.0,165.0,441.0,1,1,1.0
241,1,699.0,342.0,177.0,440.0,1,1,1.0
241,2,876.0,342.0,169.0,450.0,1,1,1.0
242,1,696.0,351.0,169.0,450.0,1,1,1.0
242,2,875.0,351.0,171.0,461.0,1,1,1.0
243,1,692.0,359.0,166.0,453.0,1,1,1.0
243,2,874.0,358.0,172.0,464.0,1,1,1.0
244,1,690.0,364.0,164.0,449.0,1,1,1.0
244,2,874.0,364.0,171.0,461.0,1,1,1.0
245,1,688.0,368.0,163.0,445.0,1,1,1.0
245,2,876.0,367.0,169.0,457.0,1,1,1.0
246,1,687.0,373.0,171.0,439.0,1,1,1.0
246,2,879.0,371.0,168.0,451.0,1,1,1.0
247,1,686.0,379.0,177.0,433.0,1,1,1.0
247,2,882.0,378.0,169.0,449.0,1,1,1.0
248,1,685.0,387.0,176.0,454.0,1,1,1.0
248,2,885.0,387.0,177.0,463.0,1,1,1.0
249,1,685.0,395.0,177.0,479.0,1,1,1.0
249,2,888.0,398.0,184.0,482.0,1,1,1.0
250,1,686.0,406.0,179.0,485.0,1,1,1.0
250,2,894.0,410.0,188.0,499.0,1,1,1.0
251,1,687.0,417.0,181.0,482.0,1,1,1.0
251,2,900.0,421.0,193.0,507.0,1,1,1.0
252,1,687.0,427.0,185.0,494.0,1,1,1.0
252,2,906.0,431.0,193.0,507.0,1,1,1.0
253,1,686.0,435.0,190.0,491.0,1,1,1.0
253,2,912.0,438.0,195.0,504.0,1,1,1.0
254,1,685.0,442.0,193.0,484.0,1,1,1.0
254,2,917.0,442.0,199.0,501.0,1,1,1.0
255,1,684.0,449.0,200.0,478.0,1,1,1.0
255,2,920.0,445.0,199.0,499.0,1,1,1.0
256,1,682.0,456.0,209.0,471.0,1,1,1.0
256,2,921.0,450.0,202.0,493.0,1,1,1.0
257,1,679.0,466.0,220.0,487.0,1,1,1.0
257,2,920.0,459.0,209.0,510.0,1,1,1.0
258,1,676.0,477.0,227.0,510.0,1,1,1.0
258,2,919.0,470.0,216.0,531.0,1,1,1.0
259,1,672.0,491.0,227.0,524.0,1,1,1.0
259,2,917.0,482.0,225.0,548.0,1,1,1.0
260,1,667.0,506.0,217.0,530.0,1,1,1.0
260,2,916.0,496.0,230.0,558.0,1,1,1.0
261,1,661.0,519.0,216.0,537.0,1,1,1.0
261,2,914.0,509.0,233.0,566.0,1,1,1.0
262,1,653.0,531.0,210.0,535.0,1,1,1.0
262,2,913.0,519.0,230.0,563.0,1,1,1.0
263,1,646.0,542.0,208.0,528.0,1,1,1.0
263,2,912.0,527.0,223.0,558.0,1,1,1.0
264,1,637.0,553.0,208.0,517.0,1,1,1.0
264,2,912.0,535.0,217.0,551.0,1,1,1.0
265,1,626.0,565.0,216.0,505.0,1,1,1.0
265,2,914.0,544.0,213.0,541.0,1,1,1.0
266,1,616.0,578.0,231.0,501.0,1,1,1.0
266,2,914.0,554.0,212.0,530.0,1,1,1.0
267,1,607.0,595.0,233.0,487.0,1,1,1.0
267,2,914.0,566.0,213.0,518.0,1,1,1.0
268,1,597.0,614.0,237.0,469.0,1,1,1.0
268,2,913.0,580.0,217.0,503.0,1,1,1.0
269,1,590.0,636.0,242.0,447.0,1,1,1.0
269,2,911.0,596.0,222.0,486.0,1,1,1.0
270,1,584.0,657.0,246.0,425.0,1,1,1.0
270,2,910.0,614.0,229.0,467.0,1,1,1.0
271,1,577.0,676.0,251.0,406.0,1,1,1.0
271,2,909.0,633.0,235.0,448.0,1,1,1.0
272,1,567.0,693.0,258.0,388.0,1,1,1.0
272,2,908.0,650.0,243.0,431.0,1,1,1.0
273,1,556.0,708.0,261.0,373.0,1,1,1.0
273,2,908.0,661.0,249.0,420.0,1,1,1.0
274,1,545.0,725.0,262.0,355.0,1,1,1.0
274,2,905.0,671.0,255.0,409.0,1,1,1.0
275,1,536.0,743.0,256.0,336.0,1,1,1.0
275,2,902.0,681.0,259.0,399.0,1,1,1.0
276,1,527.0,765.0,251.0,315.0,1,1,1.0
276,2,899.0,693.0,258.0,386.0,1,1,1.0
277,1,513.0,790.0,251.0,289.0,1,1,1.0
277,2,897.0,707.0,253.0,372.0,1,1,1.0
278,1,497.0,818.0,253.0,262.0,1,1,1.0
278,2,894.0,724.0,246.0,355.0,1,1,1.0
279,1,477.0,846.0,256.0,233.0,1,1,1.0
279,2,890.0,743.0,231.0,337.0,1,1,1.0
280,1,457.0,872.0,256.0,207.0,1,1,1.0
280,2,886.0,760.0,211.0,319.0,1,1,1.0
281,1,434.0,896.0,259.0,183.0,1,1,1.0
281,2,876.0,773.0,202.0,306.0,1,1,1.0
282,1,418.0,916.0,260.0,162.0,1,1,1.0
282,2,864.0,783.0,200.0,296.0,1,1,1.0
283,1,407.0,935.0,254.0,144.0,1,1,1.0
283,2,850.0,792.0,202.0,286.0,1,1,1.0
284,1,403.0,953.0,240.0,125.0,1,1,1.0
284,2,837.0,799.0,206.0,280.0,1,1,1.0
285,1,413.0,972.0,210.0,107.0,1,1,1.0
285,2,824.0,808.0,211.0,271.0,1,1,1.0
286,1,436.0,991.0,164.0,87.0,1,1,1.0
286,2,812.0,819.0,216.0,260.0,1,1,1.0
287,2,802.0,829.0,220.0,250.0,1,1,1.0
288,2,793.0,842.0,220.0,237.0,1,1,1.0
289,2,787.0,856.0,218.0,223.0,1,1,1.0
290,2,783.0,874.0,213.0,205.0,1,1,1.0
291,2,778.0,891.0,199.0,187.0,1,1,1.0
292,2,771.0,902.0,183.0,177.0,1,1,1.0
293,2,761.0,911.0,176.0,168.0,1,1,1.0
294,2,751.0,916.0,173.0,163.0,1,1,1.0
295,2,741.0,922.0,174.0,157.0,1,1,1.0
296,2,733.0,926.0,175.0,152.0,1,1,1.0
297,2,722.0,928.0,181.0,150.0,1,1,1.0
298,2,710.0,928.0,185.0,151.0,1,1,1.0
299,2,699.0,924.0,193.0,154.0,1,1,1.0
300,2,689.0,917.0,199.0,161.0,1,1,1.0
301,2,679.0,909.0,204.0,169.0,1,1,1.0
302,2,670.0,901.0,205.0,178.0,1,1,1.0
303,2,662.0,889.0,203.0,189.0,1,1,1.0
304,2,650.0,877.0,206.0,202.0,1,1,1.0
305,2,632.0,862.0,210.0,216.0,1,1,1.0
306,2,616.0,848.0,213.0,230.0,1,1,1.0
307,2,600.0,836.0,210.0,242.0,1,1,1.0
308,2,586.0,825.0,208.0,254.0,1,1,1.0
309,2,570.0,817.0,207.0,261.0,1,1,1.0
310,2,554.0,810.0,206.0,268.0,1,1,1.0
311,2,538.0,806.0,206.0,273.0,1,1,1.0
312,2,520.0,799.0,211.0,279.0,1,1,1.0
313,2,502.0,788.0,224.0,290.0,1,1,1.0
314,2,483.0,774.0,224.0,304.0,1,1,1.0
315,2,465.0,758.0,234.0,320.0,1,1,1.0
316,3,59.0,919.0,185.0,159.0,1,1,1.0
316,2,449.0,741.0,247.0,337.0,1,1,1.0
317,3,52.0,898.0,211.0,180.0,1,1,1.0
317,2,432.0,726.0,262.0,353.0,1,1,1.0
318,3,46.0,877.0,220.0,201.0,1,1,1.0
318,2,415.0,711.0,276.0,367.0,1,1,1.0
319,3,42.0,860.0,232.0,218.0,1,1,1.0
319,2,399.0,700.0,290.0,378.0,1,1,1.0
320,3,39.0,845.0,230.0,233.0,1,1,1.0
320,2,386.0,692.0,300.0,386.0,1,1,1.0
321,3,37.0,832.0,220.0,246.0,1,1,1.0
321,2,375.0,684.0,304.0,394.0,1,1,1.0
322,3,36.0,819.0,225.0,259.0,1,1,1.0
322,2,369.0,675.0,301.0,403.0,1,1,1.0
323,3,34.0,804.0,232.0,274.0,1,1,1.0
323,2,367.0,663.0,290.0,415.0,1,1,1.0
324,3,32.0,786.0,242.0,293.0,1,1,1.0
324,2,366.0,649.0,275.0,429.0,1,1,1.0
325,3,29.0,766.0,252.0,312.0,1,1,1.0
325,2,364.0,633.0,261.0,445.0,1,1,1.0
326,3,27.0,746.0,255.0,332.0,1,1,1.0
326,2,360.0,618.0,242.0,460.0,1,1,1.0
327,3,28.0,728.0,252.0,350.0,1,1,1.0
327,2,355.0,604.0,232.0,474.0,1,1,1.0
328,3,30.0,714.0,247.0,364.0,1,1,1.0
328,2,352.0,592.0,229.0,486.0,1,1,1.0
329,3,33.0,701.0,249.0,377.0,1,1,1.0
329,2,350.0,585.0,228.0,494.0,1,1,1.0
330,3,37.0,690.0,251.0,388.0,1,1,1.0
330,2,346.0,579.0,229.0,499.0,1,1,1.0
331,3,41.0,679.0,246.0,400.0,1,1,1.0
331,2,340.0,575.0,233.0,503.0,1,1,1.0
332,3,46.0,666.0,243.0,412.0,1,1,1.0
332,2,333.0,569.0,236.0,509.0,1,1,1.0
333,3,49.0,651.0,245.0,427.0,1,1,1.0
333,2,324.0,563.0,239.0,515.0,1,1,1.0
334,3,51.0,635.0,244.0,443.0,1,1,1.0
334,2,315.0,554.0,242.0,522.0,1,1,1.0
335,3,51.0,618.0,242.0,460.0,1,1,1.0
335,2,307.0,544.0,235.0,500.0,1,1,1.0
336,3,51.0,603.0,244.0,475.0,1,1,1.0
336,2,298.0,532.0,224.0,479.0,1,1,1.0
337,3,52.0,591.0,242.0,484.0,1,1,1.0
337,2,290.0,521.0,214.0,475.0,1,1,1.0
338,3,54.0,582.0,238.0,490.0,1,1,1.0
338,2,281.0,511.0,203.0,479.0,1,1,1.0
339,3,56.0,576.0,233.0,494.0,1,1,1.0
339,2,274.0,505.0,202.0,483.0,1,1,1.0
340,3,56.0,569.0,232.0,492.0,1,1,1.0
340,2,267.0,500.0,206.0,490.0,1,1,1.0
341,3,54.0,563.0,234.0,491.0,1,1,1.0
341,2,263.0,497.0,207.0,493.0,1,1,1.0
342,3,53.0,554.0,231.0,507.0,1,1,1.0
342,2,261.0,492.0,202.0,482.0,1,1,1.0
343,3,51.0,543.0,224.0,484.0,1,1,1.0
343,2,261.0,483.0,196.0,483.0,1,1,1.0
344,3,49.0,530.0,214.0,460.0,1,1,1.0
344,2,261.0,474.0,189.0,475.0,1,1,1.0
345,3,46.0,519.0,205.0,443.0,1,1,1.0
345,2,259.0,461.0,184.0,460.0,1,1,1.0
346,3,44.0,510.0,199.0,441.0,1,1,1.0
346,2,256.0,451.0,176.0,444.0,1,1,1.0
347,3,43.0,503.0,190.0,444.0,1,1,1.0
347,2,253.0,443.0,168.0,430.0,1,1,1.0
348,3,43.0,498.0,183.0,450.0,1,1,1.0
348,2,252.0,437.0,167.0,427.0,1,1,1.0
349,3,44.0,493.0,181.0,462.0,1,1,1.0
349,2,250.0,434.0,167.0,427.0,1,1,1.0
350,3,45.0,489.0,175.0,454.0,1,1,1.0
350,2,247.0,432.0,169.0,428.0,1,1,1.0
351,3,46.0,482.0,171.0,463.0,1,1,1.0
351,2,244.0,430.0,171.0,431.0,1,1,1.0
352,3,47.0,474.0,167.0,468.0,1,1,1.0
352,2,238.0,428.0,176.0,436.0,1,1,1.0
353,3,46.0,465.0,164.0,446.0,1,1,1.0
353,2,233.0,423.0,182.0,426.0,1,1,1.0
354,3,44.0,456.0,163.0,418.0,1,1,1.0
354,2,227.0,417.0,181.0,413.0,1,1,1.0
355,3,43.0,449.0,163.0,402.0,1,1,1.0
355,2,222.0,409.0,176.0,400.0,1,1,1.0
356,3,42.0,443.0,165.0,397.0,1,1,1.0
356,2,216.0,401.0,170.0,391.0,1,1,1.0
357,3,43.0,439.0,166.0,395.0,1,1,1.0
357,2,210.0,395.0,164.0,390.0,1,1,1.0
358,3,43.0,436.0,167.0,391.0,1,1,1.0
358,2,204.0,392.0,158.0,391.0,1,1,1.0
359,3,41.0,434.0,168.0,391.0,1,1,1.0
359,2,199.0,389.0,158.0,394.0,1,1,1.0
360,3,39.0,430.0,168.0,388.0,1,1,1.0
360,2,196.0,388.0,159.0,396.0,1,1,1.0
361,3,38.0,425.0,164.0,383.0,1,1,1.0
361,2,195.0,387.0,157.0,398.0,1,1,1.0
362,3,35.0,419.0,159.0,378.0,1,1,1.0
362,2,194.0,384.0,153.0,393.0,1,1,1.0
363,3,32.0,412.0,152.0,366.0,1,1,1.0
363,2,194.0,379.0,150.0,393.0,1,1,1.0
364,3,30.0,405.0,146.0,361.0,1,1,1.0
364,2,192.0,372.0,147.0,385.0,1,1,1.0
365,3,27.0,399.0,143.0,362.0,1,1,1.0
365,2,189.0,365.0,143.0,367.0,1,1,1.0
366,3,26.0,396.0,139.0,359.0,1,1,1.0
366,2,187.0,359.0,137.0,362.0,1,1,1.0
367,3,26.0,394.0,135.0,364.0,1,1,1.0
367,2,183.0,355.0,137.0,356.0,1,1,1.0
368,3,28.0,392.0,132.0,366.0,1,1,1.0
368,2,179.0,352.0,139.0,357.0,1,1,1.0
369,3,30.0,389.0,129.0,364.0,1,1,1.0
369,2,175.0,351.0,143.0,356.0,1,1,1.0
370,2,172.0,352.0,145.0,356.0,1,1,1.0
371,3,32.0,378.0,126.0,364.0,1,1,1.0
371,2,170.0,351.0,147.0,357.0,1,1,1.0
372,3,32.0,371.0,125.0,354.0,1,1,1.0
372,2,167.0,350.0,148.0,349.0,1,1,1.0
373,3,31.0,365.0,124.0,342.0,1,1,1.0
373,2,164.0,346.0,149.0,342.0,1,1,1.0
374,3,31.0,360.0,125.0,334.0,1,1,1.0
374,2,159.0,341.0,147.0,341.0,1,1,1.0
375,3,31.0,357.0,126.0,332.0,1,1,1.0
375,2,155.0,336.0,137.0,333.0,1,1,1.0
376,3,32.0,355.0,126.0,333.0,1,1,1.0
376,2,151.0,331.0,126.0,331.0,1,1,1.0
377,3,33.0,353.0,125.0,333.0,1,1,1.0
377,2,147.0,328.0,120.0,333.0,1,1,1.0
378,3,32.0,352.0,125.0,333.0,1,1,1.0
378,2,145.0,327.0,119.0,333.0,1,1,1.0
379,3,31.0,350.0,126.0,328.0,1,1,1.0
379,2,143.0,326.0,120.0,334.0,1,1,1.0
380,3,30.0,348.0,122.0,323.0,1,1,1.0
380,2,143.0,326.0,120.0,330.0,1,1,1.0
381,3,29.0,344.0,118.0,314.0,1,1,1.0
381,2,144.0,324.0,118.0,328.0,1,1,1.0
382,3,28.0,339.0,113.0,305.0,1,1,1.0
382,2,145.0,320.0,117.0,329.0,1,1,1.0
383,3,27.0,334.0,110.0,303.0,1,1,1.0
383,2,146.0,315.0,115.0,321.0,1,1,1.0
384,3,26.0,330.0,109.0,304.0,1,1,1.0
384,2,146.0,309.0,114.0,314.0,1,1,1.0
385,3,27.0,328.0,110.0,305.0,1,1,1.0
385,2,146.0,305.0,113.0,311.0,1,1,1.0
386,3,28.0,327.0,109.0,307.0,1,1,1.0
386,2,146.0,300.0,110.0,309.0,1,1,1.0
387,3,30.0,326.0,106.0,308.0,1,1,1.0
387,2,146.0,298.0,107.0,309.0,1,1,1.0
388,3,33.0,324.0,103.0,306.0,1,1,1.0
388,2,146.0,296.0,104.0,309.0,1,1,1.0
389,3,36.0,320.0,100.0,314.0,1,1,1.0
389,2,147.0,295.0,101.0,308.0,1,1,1.0
390,3,37.0,316.0,100.0,311.0,1,1,1.0
390,2,147.0,294.0,100.0,307.0,1,1,1.0
391,3,37.0,311.0,98.0,295.0,1,1,1.0
391,2,146.0,293.0,100.0,303.0,1,1,1.0
392,3,37.0,305.0,97.0,287.0,1,1,1.0
392,2,146.0,290.0,102.0,301.0,1,1,1.0
393,3,38.0,300.0,97.0,284.0,1,1,1.0
393,2,147.0,286.0,104.0,301.0,1,1,1.0
394,3,38.0,298.0,96.0,283.0,1,1,1.0
394,2,149.0,281.0,106.0,293.0,1,1,1.0
395,3,39.0,297.0,95.0,283.0,1,1,1.0
395,2,152.0,276.0,106.0,288.0,1,1,1.0
396,3,39.0,297.0,95.0,283.0,1,1,1.0
396,2,156.0,272.0,105.0,285.0,1,1,1.0
397,3,39.0,297.0,95.0,279.0,1,1,1.0
397,2,160.0,269.0,103.0,284.0,1,1,1.0
398,3,39.0,296.0,95.0,277.0,1,1,1.0
398,2,164.0,268.0,105.0,286.0,1,1,1.0
399,3,38.0,293.0,94.0,274.0,1,1,1.0
399,2,169.0,266.0,104.0,287.0,1,1,1.0
400,3,38.0,290.0,92.0,267.0,1,1,1.0
400,2,175.0,265.0,102.0,285.0,1,1,1.0
401,3,38.0,285.0,90.0,262.0,1,1,1.0
401,2,181.0,262.0,98.0,283.0,1,1,1.0
402,3,37.0,281.0,90.0,261.0,1,1,1.0
402,2,186.0,259.0,93.0,283.0,1,1,1.0
403,3,37.0,279.0,90.0,261.0,1,1,1.0
403,2,190.0,253.0,89.0,284.0,1,1,1.0
404,3,37.0,277.0,89.0,263.0,1,1,1.0
404,2,193.0,248.0,86.0,279.0,1,1,1.0
405,3,38.0,277.0,89.0,264.0,1,1,1.0
405,2,195.0,242.0,85.0,273.0,1,1,1.0
406,3,41.0,276.0,86.0,265.0,1,1,1.0
406,2,197.0,237.0,88.0,272.0,1,1,1.0
407,3,42.0,274.0,86.0,266.0,1,1,1.0
407,2,200.0,235.0,93.0,273.0,1,1,1.0
408,3,44.0,270.0,85.0,268.0,1,1,1.0
408,2,201.0,235.0,97.0,271.0,1,1,1.0
409,3,47.0,266.0,84.0,262.0,1,1,1.0
409,2,200.0,234.0,103.0,270.0,1,1,1.0
410,3,49.0,262.0,83.0,254.0,1,1,1.0
410,2,200.0,233.0,108.0,267.0,1,1,1.0
411,3,50.0,258.0,82.0,247.0,1,1,1.0
411,2,201.0,231.0,111.0,269.0,1,1,1.0
412,3,52.0,255.0,79.0,245.0,1,1,1.0
412,2,205.0,228.0,111.0,263.0,1,1,1.0
413,3,53.0,253.0,77.0,246.0,1,1,1.0
413,2,210.0,223.0,107.0,269.0,1,1,1.0
414,3,55.0,251.0,77.0,245.0,1,1,1.0
414,2,218.0,219.0,99.0,261.0,1,1,1.0
415,3,56.0,251.0,76.0,244.0,1,1,1.0
415,2,226.0,214.0,90.0,254.0,1,1,1.0
416,3,57.0,250.0,76.0,241.0,1,1,1.0
416,2,233.0,211.0,89.0,253.0,1,1,1.0
417,3,58.0,249.0,77.0,241.0,1,1,1.0
417,2,239.0,209.0,92.0,253.0,1,1,1.0
418,3,60.0,246.0,76.0,241.0,1,1,1.0
418,2,247.0,208.0,96.0,255.0,1,1,1.0
419,3,63.0,242.0,73.0,235.0,1,1,1.0
419,2,254.0,206.0,99.0,253.0,1,1,1.0
420,3,66.0,238.0,70.0,231.0,1,1,1.0
420,2,259.0,205.0,99.0,250.0,1,1,1.0
421,3,70.0,234.0,71.0,230.0,1,1,1.0
421,2,262.0,202.0,98.0,251.0,1,1,1.0
422,3,72.0,232.0,73.0,230.0,1,1,1.0
422,2,266.0,198.0,95.0,249.0,1,1,1.0
423,3,73.0,230.0,79.0,232.0,1,1,1.0
423,2,272.0,193.0,88.0,246.0,1,1,1.0
424,3,75.0,229.0,87.0,233.0,1,1,1.0
424,2,280.0,189.0,81.0,241.0,1,1,1.0
425,3,78.0,227.0,89.0,234.0,1,1,1.0
425,2,285.0,185.0,76.0,240.0,1,1,1.0
426,3,84.0,224.0,87.0,233.0,1,1,1.0
426,2,287.0,183.0,81.0,239.0,1,1,1.0
427,3,89.0,221.0,83.0,232.0,1,1,1.0
427,2,287.0,181.0,89.0,238.0,1,1,1.0
428,3,95.0,217.0,81.0,226.0,1,1,1.0
428,2,286.0,181.0,99.0,238.0,1,1,1.0
429,3,101.0,212.0,75.0,219.0,1,1,1.0
429,2,287.0,180.0,105.0,237.0,1,1,1.0
430,3,110.0,208.0,69.0,213.0,1,1,1.0
430,2,288.0,179.0,111.0,236.0,1,1,1.0
431,3,120.0,205.0,63.0,215.0,1,1,1.0
431,2,292.0,176.0,110.0,236.0,1,1,1.0
432,3,126.0,202.0,61.0,218.0,1,1,1.0
432,2,300.0,172.0,104.0,233.0,1,1,1.0
433,3,130.0,200.0,71.0,220.0,1,1,1.0
433,2,309.0,168.0,95.0,229.0,1,1,1.0
434,3,132.0,198.0,80.0,218.0,1,1,1.0
434,2,321.0,164.0,83.0,228.0,1,1,1.0
435,3,135.0,196.0,85.0,218.0,1,1,1.0
435,2,328.0,161.0,80.0,227.0,1,1,1.0
436,3,142.0,192.0,82.0,221.0,1,1,1.0
436,2,334.0,159.0,81.0,226.0,1,1,1.0
437,3,151.0,190.0,75.0,214.0,1,1,1.0
437,2,340.0,158.0,87.0,226.0,1,1,1.0
438,3,163.0,185.0,65.0,210.0,1,1,1.0
438,2,344.0,158.0,93.0,225.0,1,1,1.0
439,3,170.0,181.0,65.0,207.0,1,1,1.0
439,2,348.0,157.0,94.0,224.0,1,1,1.0
440,3,177.0,177.0,69.0,208.0,1,1,1.0
440,2,351.0,155.0,93.0,224.0,1,1,1.0
441,3,183.0,175.0,78.0,208.0,1,1,1.0
441,2,355.0,153.0,90.0,224.0,1,1,1.0
442,3,188.0,173.0,93.0,209.0,1,1,1.0
442,2,360.0,150.0,85.0,220.0,1,1,1.0
443,3,195.0,171.0,102.0,208.0,1,1,1.0
443,2,370.0,146.0,75.0,216.0,1,1,1.0
444,3,201.0,169.0,106.0,208.0,1,1,1.0
444,2,377.0,143.0,70.0,216.0,1,1,1.0
445,3,206.0,167.0,105.0,208.0,1,1,1.0
445,2,381.0,141.0,73.0,212.0,1,1,1.0
446,3,216.0,163.0,97.0,206.0,1,1,1.0
446,2,383.0,139.0,80.0,213.0,1,1,1.0
447,3,230.0,158.0,83.0,202.0,1,1,1.0
447,2,382.0,138.0,88.0,213.0,1,1,1.0
448,3,242.0,154.0,71.0,199.0,1,1,1.0
448,2,380.0,138.0,98.0,214.0,1,1,1.0
449,3,256.0,150.0,60.0,201.0,1,1,1.0
449,2,380.0,138.0,103.0,213.0,1,1,1.0
450,3,268.0,147.0,58.0,202.0,1,1,1.0
450,2,381.0,136.0,107.0,213.0,1,1,1.0
451,3,274.0,146.0,71.0,203.0,1,1,1.0
451,2,384.0,134.0,107.0,214.0,1,1,1.0
452,3,276.0,144.0,84.0,203.0,1,1,1.0
452,2,390.0,131.0,105.0,213.0,1,1,1.0
453,3,278.0,143.0,92.0,202.0,1,1,1.0
453,2,398.0,128.0,97.0,209.0,1,1,1.0
454,3,286.0,140.0,89.0,204.0,1,1,1.0
454,2,409.0,126.0,84.0,207.0,1,1,1.0
455,3,296.0,137.0,81.0,202.0,1,1,1.0
455,2,420.0,124.0,73.0,206.0,1,1,1.0
456,3,310.0,133.0,69.0,199.0,1,1,1.0
456,2,427.0,120.0,70.0,208.0,1,1,1.0
457,3,324.0,129.0,58.0,194.0,1,1,1.0
457,2,433.0,119.0,73.0,208.0,1,1,1.0
458,3,331.0,126.0,62.0,194.0,1,1,1.0
458,2,439.0,120.0,80.0,206.0,1,1,1.0
459,3,336.0,124.0,72.0,194.0,1,1,1.0
459,2,441.0,120.0,86.0,205.0,1,1,1.0
460,3,343.0,123.0,87.0,194.0,1,1,1.0
460,2,444.0,120.0,88.0,203.0,1,1,1.0
461,3,347.0,122.0,98.0,193.0,1,1,1.0
461,2,446.0,118.0,87.0,204.0,1,1,1.0
462,3,351.0,122.0,105.0,192.0,1,1,1.0
462,2,451.0,116.0,83.0,203.0,1,1,1.0
463,3,356.0,120.0,105.0,193.0,1,1,1.0
463,2,454.0,113.0,81.0,200.0,1,1,1.0
464,3,364.0,117.0,99.0,192.0,1,1,1.0
464,2,461.0,110.0,74.0,197.0,1,1,1.0
465,3,378.0,113.0,86.0,189.0,1,1,1.0
465,2,472.0,107.0,63.0,195.0,1,1,1.0
466,3,391.0,109.0,72.0,189.0,1,1,1.0
466,2,478.0,105.0,66.0,193.0,1,1,1.0
467,3,402.0,106.0,62.0,191.0,1,1,1.0
467,2,480.0,104.0,73.0,194.0,1,1,1.0
468,3,416.0,104.0,59.0,192.0,1,1,1.0
468,2,480.0,104.0,83.0,194.0,1,1,1.0
469,3,424.0,103.0,68.0,192.0,1,1,1.0
469,2,479.0,104.0,93.0,195.0,1,1,1.0
470,3,427.0,103.0,80.0,192.0,1,1,1.0
470,2,480.0,104.0,100.0,193.0,1,1,1.0
471,3,430.0,102.0,89.0,191.0,1,1,1.0
471,2,482.0,102.0,104.0,193.0,1,1,1.0
472,3,434.0,101.0,92.0,192.0,1,1,1.0
472,2,489.0,100.0,100.0,190.0,1,1,1.0
473,3,443.0,98.0,82.0,193.0,1,1,1.0
473,2,498.0,97.0,92.0,186.0,1,1,1.0
474,3,456.0,95.0,69.0,189.0,1,1,1.0
474,2,510.0,93.0,78.0,185.0,1,1,1.0
475,3,471.0,92.0,58.0,185.0,1,1,1.0
475,2,520.0,90.0,66.0,188.0,1,1,1.0
476,3,481.0,89.0,53.0,186.0,1,1,1.0
476,2,528.0,89.0,62.0,189.0,1,1,1.0
477,3,488.0,88.0,55.0,186.0,1,1,1.0
477,2,533.0,88.0,69.0,185.0,1,1,1.0
478,2,536.0,87.0,79.0,185.0,1,1,1.0
479,3,493.0,86.0,62.0,185.0,1,1,1.0
479,2,538.0,88.0,88.0,181.0,1,1,1.0
480,2,542.0,87.0,89.0,182.0,1,1,1.0
483,3,518.0,79.0,64.0,179.0,1,1,1.0
483,2,561.0,80.0,73.0,176.0,1,1,1.0
484,3,530.0,77.0,62.0,178.0,1,1,1.0
484,2,571.0,77.0,63.0,178.0,1,1,1.0
485,3,543.0,74.0,53.0,179.0,1,1,1.0
485,2,581.0,75.0,56.0,178.0,1,1,1.0
486,3,552.0,73.0,48.0,181.0,1,1,1.0
486,2,590.0,74.0,58.0,179.0,1,1,1.0
487,3,558.0,72.0,51.0,182.0,1,1,1.0
487,2,594.0,73.0,64.0,181.0,1,1,1.0
489,3,560.0,71.0,63.0,180.0,1,1,1.0
489,2,608.0,73.0,68.0,175.0,1,1,1.0
490,3,562.0,70.0,70.0,179.0,1,1,1.0
490,2,612.0,73.0,73.0,170.0,1,1,1.0
491,3,571.0,69.0,67.0,180.0,1,1,1.0
491,2,613.0,71.0,78.0,175.0,1,1,1.0
492,3,582.0,67.0,58.0,180.0,1,1,1.0
492,2,624.0,69.0,70.0,172.0,1,1,1.0
493,3,595.0,65.0,51.0,177.0,1,1,1.0
493,2,632.0,67.0,62.0,173.0,1,1,1.0
494,3,604.0,62.0,45.0,175.0,1,1,1.0
494,2,640.0,64.0,53.0,171.0,1,1,1.0
495,3,611.0,61.0,46.0,176.0,1,1,1.0
495,2,643.0,62.0,54.0,172.0,1,1,1.0
496,2,649.0,61.0,60.0,171.0,1,1,1.0
497,2,657.0,62.0,69.0,167.0,1,1,1.0
498,3,623.0,60.0,77.0,173.0,1,1,1.0
498,2,658.0,62.0,83.0,165.0,1,1,1.0
499,3,625.0,59.0,81.0,173.0,1,1,1.0
499,2,660.0,62.0,87.0,163.0,1,1,1.0
501,3,635.0,55.0,73.0,172.0,1,1,1.0
501,2,674.0,59.0,79.0,163.0,1,1,1.0
502,3,644.0,54.0,63.0,169.0,1,1,1.0
502,2,681.0,57.0,72.0,163.0,1,1,1.0
503,3,656.0,52.0,52.0,168.0,1,1,1.0
503,2,691.0,55.0,62.0,166.0,1,1,1.0
504,3,664.0,49.0,47.0,170.0,1,1,1.0
504,2,703.0,54.0,51.0,165.0,1,1,1.0
505,3,668.0,48.0,48.0,170.0,1,1,1.0
505,2,708.0,53.0,58.0,166.0,1,1,1.0
506,3,668.0,48.0,59.0,170.0,1,1,1.0
506,2,714.0,52.0,65.0,165.0,1,1,1.0
507,2,720.0,51.0,71.0,166.0,1,1,1.0
508,3,672.0,48.0,69.0,169.0,1,1,1.0
508,2,725.0,51.0,76.0,166.0,1,1,1.0
509,3,678.0,48.0,67.0,169.0,1,1,1.0
509,2,730.0,52.0,79.0,163.0,1,1,1.0
510,3,687.0,47.0,61.0,168.0,1,1,1.0
510,2,737.0,51.0,76.0,163.0,1,1,1.0
511,3,702.0,46.0,52.0,163.0,1,1,1.0
511,2,742.0,49.0,76.0,163.0,1,1,1.0
512,3,713.0,44.0,48.0,161.0,1,1,1.0
512,2,748.0,45.0,73.0,164.0,1,1,1.0
513,3,721.0,42.0,46.0,161.0,1,1,1.0
513,2,755.0,43.0,65.0,161.0,1,1,1.0
514,3,726.0,40.0,50.0,162.0,1,1,1.0
514,2,761.0,42.0,57.0,163.0,1,1,1.0
515,3,728.0,41.0,50.0,162.0,1,1,1.0
515,2,766.0,41.0,55.0,164.0,1,1,1.0
516,2,771.0,41.0,61.0,162.0,1,1,1.0
517,3,732.0,40.0,76.0,162.0,1,1,1.0
517,2,772.0,42.0,73.0,159.0,1,1,1.0
518,3,734.0,38.0,80.0,164.0,1,1,1.0
518,2,777.0,42.0,78.0,157.0,1,1,1.0
519,3,738.0,38.0,73.0,163.0,1,1,1.0
519,2,781.0,42.0,77.0,155.0,1,1,1.0
520,3,747.0,36.0,69.0,159.0,1,1,1.0
520,2,783.0,42.0,79.0,153.0,1,1,1.0
522,3,771.0,32.0,49.0,158.0,1,1,1.0
522,2,795.0,39.0,68.0,155.0,1,1,1.0
523,3,778.0,31.0,46.0,159.0,1,1,1.0
523,2,807.0,36.0,55.0,157.0,1,1,1.0
524,3,778.0,31.0,56.0,159.0,1,1,1.0
524,2,816.0,35.0,57.0,156.0,1,1,1.0
525,3,778.0,32.0,62.0,159.0,1,1,1.0
525,2,823.0,34.0,62.0,157.0,1,1,1.0
526,3,779.0,32.0,74.0,158.0,1,1,1.0
526,2,828.0,34.0,67.0,156.0,1,1,1.0
527,3,784.0,32.0,74.0,159.0,1,1,1.0
527,2,835.0,36.0,69.0,154.0,1,1,1.0
528,3,791.0,31.0,65.0,158.0,1,1,1.0
528,2,839.0,37.0,73.0,151.0,1,1,1.0
529,3,803.0,30.0,54.0,156.0,1,1,1.0
529,2,844.0,38.0,72.0,149.0,1,1,1.0
530,3,816.0,29.0,47.0,156.0,1,1,1.0
530,2,848.0,38.0,72.0,150.0,1,1,1.0
531,3,826.0,27.0,45.0,155.0,1,1,1.0
531,2,854.0,35.0,71.0,152.0,1,1,1.0
532,3,832.0,26.0,44.0,155.0,1,1,1.0
532,2,857.0,33.0,69.0,153.0,1,1,1.0
533,3,836.0,26.0,46.0,154.0,1,1,1.0
533,2,862.0,31.0,61.0,154.0,1,1,1.0
534,3,838.0,26.0,48.0,155.0,1,1,1.0
534,2,871.0,31.0,54.0,154.0,1,1,1.0
535,3,841.0,27.0,50.0,154.0,1,1,1.0
535,2,878.0,30.0,55.0,151.0,1,1,1.0
536,3,843.0,28.0,60.0,153.0,1,1,1.0
536,2,882.0,31.0,64.0,150.0,1,1,1.0
537,3,846.0,27.0,65.0,152.0,1,1,1.0
537,2,886.0,31.0,70.0,148.0,1,1,1.0
538,3,851.0,25.0,64.0,152.0,1,1,1.0
538,2,888.0,32.0,73.0,147.0,1,1,1.0
539,3,859.0,24.0,57.0,149.0,1,1,1.0
539,2,891.0,32.0,72.0,146.0,1,1,1.0
540,3,868.0,22.0,50.0,148.0,1,1,1.0
540,2,895.0,32.0,69.0,147.0,1,1,1.0
541,3,878.0,21.0,43.0,148.0,1,1,1.0
541,2,896.0,30.0,67.0,148.0,1,1,1.0
542,3,884.0,21.0,41.0,149.0,1,1,1.0
542,2,909.0,29.0,54.0,149.0,1,1,1.0
543,3,885.0,21.0,48.0,150.0,1,1,1.0
543,2,919.0,28.0,52.0,147.0,1,1,1.0
544,3,885.0,21.0,56.0,149.0,1,1,1.0
544,2,924.0,28.0,55.0,147.0,1,1,1.0
545,3,886.0,21.0,62.0,149.0,1,1,1.0
545,2,928.0,29.0,62.0,145.0,1,1,1.0
546,3,891.0,22.0,61.0,149.0,1,1,1.0
546,2,929.0,30.0,70.0,142.0,1,1,1.0
547,3,898.0,21.0,57.0,148.0,1,1,1.0
547,2,932.0,31.0,73.0,140.0,1,1,1.0
548,3,909.0,20.0,50.0,147.0,1,1,1.0
548,2,935.0,32.0,73.0,138.0,1,1,1.0
549,3,922.0,19.0,41.0,149.0,1,1,1.0
549,2,942.0,31.0,66.0,138.0,1,1,1.0
550,3,930.0,18.0,37.0,147.0,1,1,1.0
550,2,946.0,30.0,68.0,138.0,1,1,1.0
551,3,935.0,17.0,36.0,146.0,1,1,1.0
551,2,952.0,29.0,64.0,139.0,1,1,1.0
552,3,939.0,17.0,37.0,146.0,1,1,1.0
552,2,959.0,28.0,57.0,139.0,1,1,1.0
553,3,941.0,18.0,40.0,145.0,1,1,1.0
553,2,965.0,25.0,50.0,144.0,1,1,1.0
554,3,942.0,19.0,43.0,143.0,1,1,1.0
554,2,971.0,25.0,47.0,143.0,1,1,1.0
555,3,944.0,20.0,47.0,142.0,1,1,1.0
555,2,974.0,24.0,52.0,142.0,1,1,1.0
556,2,976.0,25.0,60.0,140.0,1,1,1.0
557,3,956.0,18.0,52.0,140.0,1,1,1.0
557,2,979.0,25.0,63.0,138.0,1,1,1.0
558,2,983.0,26.0,61.0,136.0,1,1,1.0
559,2,986.0,26.0,58.0,134.0,1,1,1.0
