1,1,991.0,224.0,41.0,105.0,1,1,1.0
2,1,991.0,224.0,41.0,106.0,1,1,1.0
3,1,991.0,224.0,42.0,107.0,1,1,1.0
4,1,991.0,224.0,43.0,108.0,1,1,1.0
5,1,991.0,225.0,43.0,108.0,1,1,1.0
6,1,991.0,226.0,43.0,108.0,1,1,1.0
7,1,991.0,228.0,43.0,106.0,1,1,1.0
8,1,991.0,229.0,42.0,105.0,1,1,1.0
9,1,990.0,230.0,42.0,105.0,1,1,1.0
10,1,989.0,230.0,41.0,106.0,1,1,1.0
11,1,989.0,231.0,42.0,107.0,1,1,1.0
12,1,988.0,230.0,41.0,108.0,1,1,1.0
13,1,987.0,230.0,41.0,110.0,1,1,1.0
14,1,986.0,230.0,43.0,112.0,1,1,1.0
15,1,986.0,230.0,45.0,111.0,1,1,1.0
16,1,985.0,231.0,47.0,111.0,1,1,1.0
17,1,984.0,232.0,48.0,110.0,1,1,1.0
18,1,985.0,234.0,48.0,109.0,1,1,1.0
19,1,985.0,234.0,47.0,109.0,1,1,1.0
20,1,985.0,234.0,46.0,110.0,1,1,1.0
21,1,985.0,234.0,44.0,110.0,1,1,1.0
22,1,985.0,234.0,44.0,111.0,1,1,1.0
23,1,985.0,234.0,45.0,112.0,1,1,1.0
24,1,985.0,234.0,46.0,112.0,1,1,1.0
25,1,985.0,235.0,48.0,112.0,1,1,1.0
26,1,985.0,236.0,49.0,112.0,1,1,1.0
27,1,985.0,238.0,50.0,111.0,1,1,1.0
28,1,985.0,242.0,48.0,108.0,1,1,1.0
29,1,985.0,244.0,47.0,106.0,1,1,1.0
30,1,984.0,246.0,48.0,105.0,1,1,1.0
31,1,983.0,246.0,48.0,106.0,1,1,1.0
32,1,982.0,246.0,47.0,107.0,1,1,1.0
33,1,981.0,245.0,49.0,108.0,1,1,1.0
34,1,981.0,244.0,50.0,110.0,1,1,1.0
35,1,981.0,244.0,51.0,112.0,1,1,1.0
36,1,981.0,244.0,52.0,113.0,1,1,1.0
37,1,981.0,245.0,52.0,113.0,1,1,1.0
38,1,980.0,245.0,53.0,115.0,1,1,1.0
39,1,979.0,246.0,52.0,116.0,1,1,1.0
40,1,979.0,246.0,51.0,117.0,1,1,1.0
41,1,979.0,245.0,51.0,118.0,1,1,1.0
42,1,980.0,245.0,51.0,120.0,1,1,1.0
43,1,980.0,245.0,52.0,121.0,1,1,1.0
44,1,979.0,245.0,55.0,122.0,1,1,1.0
45,1,979.0,246.0,57.0,121.0,1,1,1.0
46,1,980.0,247.0,56.0,121.0,1,1,1.0
47,1,981.0,249.0,55.0,121.0,1,1,1.0
48,1,982.0,252.0,53.0,118.0,1,1,1.0
49,1,982.0,253.0,50.0,117.0,1,1,1.0
50,1,983.0,253.0,49.0,118.0,1,1,1.0
51,1,982.0,253.0,49.0,118.0,1,1,1.0
52,1,982.0,253.0,49.0,119.0,1,1,1.0
53,1,982.0,253.0,50.0,119.0,1,1,1.0
54,1,981.0,253.0,53.0,121.0,1,1,1.0
55,1,980.0,252.0,55.0,124.0,1,1,1.0
56,1,980.0,253.0,56.0,125.0,1,1,1.0
57,1,980.0,254.0,55.0,126.0,1,1,1.0
58,1,980.0,254.0,54.0,127.0,1,1,1.0
59,1,981.0,254.0,52.0,128.0,1,1,1.0
60,1,982.0,254.0,51.0,129.0,1,1,1.0
61,1,984.0,256.0,50.0,129.0,1,1,1.0
62,1,985.0,256.0,51.0,129.0,1,1,1.0
63,1,985.0,258.0,53.0,129.0,1,1,1.0
64,1,985.0,260.0,54.0,127.0,1,1,1.0
65,1,986.0,262.0,54.0,125.0,1,1,1.0
66,1,987.0,264.0,54.0,123.0,1,1,1.0
67,1,987.0,266.0,55.0,122.0,1,1,1.0
68,1,987.0,270.0,54.0,120.0,1,1,1.0
69,1,986.0,272.0,54.0,121.0,1,1,1.0
70,1,987.0,273.0,52.0,120.0,1,1,1.0
71,1,987.0,275.0,52.0,119.0,1,1,1.0
72,1,985.0,276.0,54.0,119.0,1,1,1.0
73,1,985.0,278.0,56.0,117.0,1,1,1.0
74,1,985.0,280.0,58.0,117.0,1,1,1.0
75,1,985.0,282.0,60.0,117.0,1,1,1.0
76,1,985.0,285.0,60.0,115.0,1,1,1.0
77,1,986.0,288.0,58.0,115.0,1,1,1.0
78,1,988.0,288.0,55.0,117.0,1,1,1.0
79,1,989.0,288.0,53.0,118.0,1,1,1.0
80,1,990.0,287.0,52.0,120.0,1,1,1.0
81,1,991.0,286.0,52.0,121.0,1,1,1.0
82,1,992.0,285.0,53.0,122.0,1,1,1.0
83,1,993.0,286.0,55.0,122.0,1,1,1.0
84,1,993.0,287.0,57.0,121.0,1,1,1.0
85,1,993.0,289.0,58.0,122.0,1,1,1.0
86,1,993.0,291.0,59.0,122.0,1,1,1.0
87,1,993.0,293.0,59.0,124.0,1,1,1.0
88,1,993.0,294.0,60.0,125.0,1,1,1.0
89,1,992.0,294.0,59.0,126.0,1,1,1.0
90,1,992.0,293.0,59.0,128.0,1,1,1.0
91,1,992.0,292.0,60.0,130.0,1,1,1.0
92,1,992.0,291.0,61.0,130.0,1,1,1.0
93,1,992.0,291.0,63.0,132.0,1,1,1.0
94,1,992.0,291.0,64.0,136.0,1,1,1.0
95,1,993.0,291.0,64.0,139.0,1,1,1.0
96,1,993.0,291.0,63.0,141.0,1,1,1.0
97,1,993.0,292.0,61.0,142.0,1,1,1.0
98,1,993.0,292.0,60.0,144.0,1,1,1.0
99,1,993.0,291.0,59.0,146.0,1,1,1.0
100,1,994.0,291.0,59.0,149.0,1,1,1.0
101,1,994.0,291.0,61.0,148.0,1,1,1.0
102,1,994.0,291.0,65.0,147.0,1,1,1.0
103,1,994.0,293.0,67.0,147.0,1,1,1.0
104,1,994.0,297.0,66.0,147.0,1,1,1.0
105,1,993.0,299.0,65.0,147.0,1,1,1.0
106,1,992.0,299.0,64.0,148.0,1,1,1.0
107,1,991.0,300.0,62.0,150.0,1,1,1.0
108,1,990.0,300.0,61.0,152.0,1,1,1.0
109,1,989.0,300.0,60.0,154.0,1,1,1.0
110,1,988.0,299.0,61.0,154.0,1,1,1.0
111,1,988.0,299.0,62.0,155.0,1,1,1.0
112,1,987.0,299.0,65.0,156.0,1,1,1.0
113,1,987.0,301.0,67.0,158.0,1,1,1.0
114,1,987.0,303.0,67.0,160.0,1,1,1.0
115,1,988.0,306.0,66.0,161.0,1,1,1.0
116,1,989.0,308.0,63.0,160.0,1,1,1.0
117,1,989.0,308.0,60.0,163.0,1,1,1.0
118,1,990.0,308.0,60.0,165.0,1,1,1.0
119,1,992.0,307.0,60.0,166.0,1,1,1.0
121,1,993.0,303.0,65.0,171.0,1,1,1.0
122,1,994.0,303.0,65.0,171.0,1,1,1.0
123,1,994.0,303.0,66.0,173.0,1,1,1.0
124,1,994.0,306.0,67.0,174.0,1,1,1.0
125,1,994.0,306.0,66.0,177.0,1,1,1.0
126,1,993.0,310.0,65.0,175.0,1,1,1.0
127,1,993.0,313.0,65.0,177.0,1,1,1.0
128,1,992.0,312.0,65.0,179.0,1,1,1.0
129,1,992.0,313.0,66.0,178.0,1,1,1.0
130,1,992.0,316.0,66.0,177.0,1,1,1.0
131,1,992.0,317.0,69.0,176.0,1,1,1.0
132,1,993.0,319.0,73.0,177.0,1,1,1.0
133,1,993.0,321.0,74.0,179.0,1,1,1.0
134,1,994.0,324.0,74.0,182.0,1,1,1.0
135,1,995.0,328.0,73.0,183.0,1,1,1.0
136,1,996.0,330.0,68.0,184.0,1,1,1.0
137,1,998.0,331.0,66.0,184.0,1,1,1.0
138,1,999.0,331.0,66.0,184.0,1,1,1.0
139,1,1000.0,330.0,67.0,184.0,1,1,1.0
140,1,1001.0,331.0,72.0,185.0,1,1,1.0
141,1,1001.0,332.0,77.0,185.0,1,1,1.0
142,1,1001.0,333.0,80.0,187.0,1,1,1.0
143,1,1001.0,334.0,80.0,190.0,1,1,1.0
144,1,1001.0,337.0,80.0,191.0,1,1,1.0
145,1,1001.0,342.0,78.0,190.0,1,1,1.0
146,1,1000.0,345.0,76.0,193.0,1,1,1.0
147,1,999.0,345.0,75.0,195.0,1,1,1.0
148,1,999.0,347.0,75.0,195.0,1,1,1.0
149,1,999.0,347.0,76.0,194.0,1,1,1.0
150,1,999.0,348.0,79.0,196.0,1,1,1.0
151,1,998.0,349.0,82.0,198.0,1,1,1.0
152,1,998.0,352.0,85.0,200.0,1,1,1.0
153,1,998.0,356.0,86.0,200.0,1,1,1.0
154,1,999.0,359.0,84.0,198.0,1,1,1.0
155,1,1000.0,363.0,79.0,197.0,1,1,1.0
156,1,1001.0,367.0,76.0,201.0,1,1,1.0
157,1,1001.0,369.0,75.0,203.0,1,1,1.0
158,1,1001.0,369.0,77.0,204.0,1,1,1.0
159,1,1001.0,369.0,81.0,206.0,1,1,1.0
160,1,1000.0,369.0,86.0,207.0,1,1,1.0
161,1,999.0,369.0,88.0,209.0,1,1,1.0
162,1,998.0,372.0,88.0,214.0,1,1,1.0
163,1,997.0,376.0,88.0,215.0,1,1,1.0
164,1,996.0,379.0,88.0,219.0,1,1,1.0
165,1,994.0,380.0,86.0,224.0,1,1,1.0
166,1,992.0,383.0,85.0,226.0,1,1,1.0
167,1,991.0,386.0,85.0,225.0,1,1,1.0
168,1,990.0,387.0,88.0,224.0,1,1,1.0
169,1,989.0,387.0,91.0,225.0,1,1,1.0
170,1,988.0,389.0,95.0,224.0,1,1,1.0
171,1,987.0,392.0,98.0,229.0,1,1,1.0
172,1,986.0,396.0,99.0,230.0,1,1,1.0
173,1,987.0,401.0,97.0,233.0,1,1,1.0
174,1,987.0,405.0,92.0,232.0,1,1,1.0
175,1,987.0,409.0,89.0,234.0,1,1,1.0
176,1,987.0,410.0,88.0,235.0,1,1,1.0
177,1,986.0,412.0,89.0,236.0,1,1,1.0
178,1,984.0,414.0,92.0,237.0,1,1,1.0
179,1,983.0,415.0,97.0,238.0,1,1,1.0
180,1,982.0,418.0,99.0,239.0,1,1,1.0
181,1,981.0,423.0,99.0,242.0,1,1,1.0
182,1,980.0,429.0,99.0,244.0,1,1,1.0
183,1,978.0,434.0,95.0,247.0,1,1,1.0
184,1,976.0,439.0,96.0,250.0,1,1,1.0
185,1,973.0,443.0,96.0,249.0,1,1,1.0
186,1,971.0,446.0,97.0,249.0,1,1,1.0
187,1,970.0,447.0,99.0,249.0,1,1,1.0
188,1,968.0,448.0,102.0,250.0,1,1,1.0
189,1,966.0,451.0,108.0,252.0,1,1,1.0
190,1,965.0,455.0,112.0,257.0,1,1,1.0
191,1,965.0,460.0,111.0,262.0,1,1,1.0
192,1,966.0,468.0,109.0,263.0,1,1,1.0
193,1,967.0,472.0,105.0,266.0,1,1,1.0
194,1,968.0,476.0,100.0,273.0,1,1,1.0
195,1,970.0,480.0,98.0,272.0,1,1,1.0
196,1,971.0,482.0,99.0,272.0,1,1,1.0
197,1,971.0,482.0,104.0,272.0,1,1,1.0
198,1,971.0,484.0,112.0,271.0,1,1,1.0
199,1,970.0,488.0,115.0,274.0,1,1,1.0
200,1,970.0,492.0,116.0,279.0,1,1,1.0
201,1,970.0,497.0,118.0,287.0,1,1,1.0
202,1,970.0,502.0,115.0,291.0,1,1,1.0
203,1,969.0,508.0,117.0,296.0,1,1,1.0
204,1,968.0,512.0,117.0,299.0,1,1,1.0
205,1,968.0,513.0,118.0,302.0,1,1,1.0
206,1,968.0,513.0,118.0,303.0,1,1,1.0
207,1,968.0,514.0,119.0,304.0,1,1,1.0
208,1,968.0,516.0,122.0,301.0,1,1,1.0
209,1,970.0,521.0,125.0,308.0,1,1,1.0
210,1,971.0,529.0,127.0,314.0,1,1,1.0
211,1,974.0,538.0,126.0,318.0,1,1,1.0
212,1,977.0,548.0,119.0,319.0,1,1,1.0
213,1,982.0,553.0,114.0,325.0,1,1,1.0
214,1,986.0,560.0,113.0,323.0,1,1,1.0
215,1,989.0,565.0,117.0,320.0,1,1,1.0
216,1,990.0,568.0,122.0,317.0,1,1,1.0
217,1,992.0,572.0,130.0,313.0,1,1,1.0
218,1,993.0,577.0,139.0,315.0,1,1,1.0
219,1,994.0,580.0,145.0,329.0,1,1,1.0
220,1,995.0,587.0,148.0,334.0,1,1,1.0
221,1,997.0,595.0,150.0,342.0,1,1,1.0
222,1,998.0,606.0,144.0,345.0,1,1,1.0
223,1,999.0,614.0,144.0,348.0,1,1,1.0
224,1,1000.0,619.0,144.0,346.0,1,1,1.0
225,1,1001.0,622.0,145.0,346.0,1,1,1.0
226,1,1002.0,624.0,147.0,343.0,1,1,1.0
227,1,1004.0,628.0,149.0,342.0,1,1,1.0
228,1,1007.0,636.0,150.0,342.0,1,1,1.0
229,1,1010.0,645.0,148.0,353.0,1,1,1.0
230,1,1014.0,655.0,146.0,362.0,1,1,1.0
231,1,1020.0,666.0,142.0,366.0,1,1,1.0
232,1,1026.0,677.0,140.0,374.0,1,1,1.0
233,1,1031.0,686.0,140.0,374.0,1,1,1.0
234,1,1037.0,691.0,142.0,372.0,1,1,1.0
235,1,1040.0,697.0,149.0,367.0,1,1,1.0
236,1,1043.0,703.0,153.0,361.0,1,1,1.0
237,1,1045.0,709.0,162.0,356.0,1,1,1.0
238,1,1046.0,716.0,173.0,360.0,1,1,1.0
239,1,1047.0,726.0,186.0,355.0,1,1,1.0
240,1,1047.0,737.0,197.0,345.0,1,1,1.0
241,1,1047.0,748.0,203.0,333.0,1,1,1.0
242,1,1046.0,760.0,205.0,322.0,1,1,1.0
243,1,1044.0,769.0,201.0,312.0,1,1,1.0
244,1,1043.0,776.0,195.0,305.0,1,1,1.0
245,1,1042.0,777.0,193.0,303.0,1,1,1.0
246,1,1042.0,782.0,193.0,297.0,1,1,1.0
247,1,1041.0,792.0,192.0,287.0,1,1,1.0
248,1,1042.0,803.0,189.0,276.0,1,1,1.0
249,1,1043.0,817.0,184.0,262.0,1,1,1.0
250,1,1044.0,835.0,178.0,244.0,1,1,1.0
251,1,1046.0,849.0,173.0,230.0,1,1,1.0
252,1,1048.0,865.0,172.0,214.0,1,1,1.0
253,1,1050.0,880.0,173.0,199.0,1,1,1.0
254,1,1052.0,892.0,176.0,186.0,1,1,1.0
255,1,1052.0,902.0,183.0,177.0,1,1,1.0
256,1,1051.0,908.0,193.0,170.0,1,1,1.0
257,1,1050.0,916.0,200.0,163.0,1,1,1.0
258,1,1049.0,922.0,209.0,157.0,1,1,1.0
259,1,1048.0,933.0,212.0,146.0,1,1,1.0
260,1,1046.0,948.0,211.0,131.0,1,1,1.0
261,1,1042.0,964.0,205.0,114.0,1,1,1.0
262,1,1042.0,986.0,196.0,93.0,1,1,1.0
263,1,1045.0,1004.0,185.0,75.0,1,1,1.0
264,1,1049.0,1015.0,175.0,64.0,1,1,1.0
266,1,1061.0,1026.0,143.0,54.0,1,1,1.0
332,2,379.0,833.0,166.0,245.0,1,1,1.0
333,2,375.0,824.0,166.0,254.0,1,1,1.0
334,2,370.0,815.0,171.0,260.0,1,1,1.0
335,2,366.0,803.0,162.0,252.0,1,1,1.0
336,2,360.0,790.0,154.0,244.0,1,1,1.0
337,2,354.0,776.0,150.0,246.0,1,1,1.0
338,2,351.0,764.0,149.0,258.0,1,1,1.0
339,2,351.0,756.0,147.0,267.0,1,1,1.0
340,2,353.0,752.0,144.0,268.0,1,1,1.0
341,2,354.0,753.0,142.0,265.0,1,1,1.0
342,2,359.0,755.0,137.0,255.0,1,1,1.0
343,2,366.0,753.0,131.0,250.0,1,1,1.0
344,2,369.0,745.0,128.0,242.0,1,1,1.0
345,2,372.0,726.0,126.0,226.0,1,1,1.0
346,2,372.0,709.0,128.0,229.0,1,1,1.0
347,2,369.0,695.0,129.0,239.0,1,1,1.0
348,2,366.0,684.0,127.0,246.0,1,1,1.0
349,2,365.0,675.0,124.0,253.0,1,1,1.0
350,2,369.0,667.0,118.0,251.0,1,1,1.0
351,2,374.0,657.0,113.0,258.0,1,1,1.0
352,2,376.0,648.0,111.0,262.0,1,1,1.0
355,2,380.0,620.0,122.0,241.0,1,1,1.0
356,2,387.0,614.0,120.0,240.0,1,1,1.0
357,2,395.0,610.0,118.0,242.0,1,1,1.0
358,2,405.0,609.0,119.0,241.0,1,1,1.0
359,2,409.0,611.0,121.0,233.0,1,1,1.0
360,2,412.0,612.0,121.0,230.0,1,1,1.0
361,2,415.0,608.0,120.0,219.0,1,1,1.0
362,2,419.0,600.0,116.0,223.0,1,1,1.0
363,2,431.0,591.0,106.0,219.0,1,1,1.0
364,2,441.0,582.0,101.0,212.0,1,1,1.0
365,2,443.0,573.0,102.0,215.0,1,1,1.0
366,2,442.0,568.0,109.0,220.0,1,1,1.0
367,2,440.0,565.0,118.0,222.0,1,1,1.0
368,2,434.0,561.0,127.0,223.0,1,1,1.0
369,2,437.0,561.0,128.0,219.0,1,1,1.0
370,2,445.0,559.0,125.0,218.0,1,1,1.0
371,2,450.0,556.0,122.0,215.0,1,1,1.0
372,2,458.0,551.0,118.0,206.0,1,1,1.0
373,2,466.0,543.0,113.0,202.0,1,1,1.0
374,2,473.0,534.0,109.0,200.0,1,1,1.0
375,2,485.0,528.0,103.0,202.0,1,1,1.0
376,2,500.0,525.0,99.0,203.0,1,1,1.0
377,2,509.0,522.0,102.0,199.0,1,1,1.0
378,2,516.0,523.0,106.0,197.0,1,1,1.0
379,2,520.0,522.0,106.0,196.0,1,1,1.0
380,2,521.0,518.0,106.0,195.0,1,1,1.0
381,2,526.0,514.0,102.0,193.0,1,1,1.0
382,2,538.0,507.0,93.0,186.0,1,1,1.0
383,2,550.0,500.0,86.0,184.0,1,1,1.0
384,2,555.0,494.0,87.0,186.0,1,1,1.0
385,2,555.0,490.0,94.0,189.0,1,1,1.0
386,2,553.0,488.0,101.0,190.0,1,1,1.0
387,2,550.0,487.0,109.0,190.0,1,1,1.0
388,2,554.0,487.0,111.0,187.0,1,1,1.0
389,2,560.0,485.0,110.0,186.0,1,1,1.0
390,2,566.0,481.0,107.0,184.0,1,1,1.0
391,2,573.0,477.0,105.0,176.0,1,1,1.0
392,2,584.0,471.0,99.0,171.0,1,1,1.0
393,2,597.0,464.0,90.0,173.0,1,1,1.0
394,2,605.0,459.0,89.0,176.0,1,1,1.0
395,2,608.0,457.0,100.0,177.0,1,1,1.0
396,2,610.0,458.0,109.0,174.0,1,1,1.0
397,2,615.0,460.0,108.0,168.0,1,1,1.0
398,2,621.0,460.0,105.0,167.0,1,1,1.0
399,2,630.0,457.0,97.0,161.0,1,1,1.0
400,2,646.0,451.0,83.0,160.0,1,1,1.0
401,2,657.0,445.0,77.0,159.0,1,1,1.0
402,2,661.0,438.0,77.0,163.0,1,1,1.0
403,2,662.0,433.0,83.0,164.0,1,1,1.0
404,2,661.0,430.0,91.0,167.0,1,1,1.0
405,2,657.0,429.0,100.0,168.0,1,1,1.0
406,2,658.0,429.0,104.0,166.0,1,1,1.0
407,2,664.0,429.0,103.0,166.0,1,1,1.0
408,2,670.0,424.0,100.0,167.0,1,1,1.0
409,2,679.0,420.0,95.0,166.0,1,1,1.0
410,2,688.0,414.0,91.0,164.0,1,1,1.0
411,2,697.0,407.0,84.0,164.0,1,1,1.0
413,2,716.0,400.0,77.0,167.0,1,1,1.0
414,2,724.0,398.0,82.0,166.0,1,1,1.0
415,2,730.0,400.0,87.0,164.0,1,1,1.0
416,2,735.0,401.0,87.0,160.0,1,1,1.0
417,2,738.0,399.0,85.0,158.0,1,1,1.0
418,2,744.0,397.0,80.0,158.0,1,1,1.0
419,2,753.0,392.0,74.0,155.0,1,1,1.0
420,2,761.0,385.0,69.0,156.0,1,1,1.0
421,2,765.0,379.0,71.0,158.0,1,1,1.0
422,2,764.0,373.0,78.0,164.0,1,1,1.0
423,2,761.0,370.0,86.0,166.0,1,1,1.0
424,2,762.0,369.0,91.0,167.0,1,1,1.0
425,2,766.0,366.0,91.0,169.0,1,1,1.0
426,2,770.0,363.0,91.0,171.0,1,1,1.0
427,2,776.0,357.0,90.0,173.0,1,1,1.0
428,2,784.0,351.0,87.0,173.0,1,1,1.0
429,2,792.0,346.0,82.0,172.0,1,1,1.0
430,2,804.0,341.0,73.0,174.0,1,1,1.0
431,2,813.0,336.0,67.0,176.0,1,1,1.0
432,2,817.0,333.0,72.0,178.0,1,1,1.0
433,2,816.0,333.0,84.0,178.0,1,1,1.0
434,2,816.0,333.0,93.0,176.0,1,1,1.0
435,2,819.0,333.0,94.0,174.0,1,1,1.0
436,2,825.0,333.0,90.0,173.0,1,1,1.0
437,2,835.0,332.0,81.0,170.0,1,1,1.0
438,2,846.0,328.0,71.0,168.0,1,1,1.0
439,2,859.0,324.0,62.0,170.0,1,1,1.0
440,2,862.0,322.0,64.0,166.0,1,1,1.0
441,2,861.0,318.0,71.0,171.0,1,1,1.0
442,2,860.0,316.0,77.0,173.0,1,1,1.0
443,2,859.0,314.0,83.0,175.0,1,1,1.0
444,2,862.0,313.0,85.0,173.0,1,1,1.0
445,2,862.0,311.0,88.0,175.0,1,1,1.0
446,2,870.0,308.0,85.0,176.0,1,1,1.0
447,2,878.0,307.0,81.0,171.0,1,1,1.0
448,2,885.0,306.0,77.0,167.0,1,1,1.0
449,2,894.0,306.0,71.0,167.0,1,1,1.0
450,2,904.0,308.0,64.0,164.0,1,1,1.0
451,2,909.0,311.0,65.0,158.0,1,1,1.0
452,2,911.0,313.0,72.0,154.0,1,1,1.0
453,2,911.0,317.0,79.0,149.0,1,1,1.0
454,2,912.0,319.0,82.0,147.0,1,1,1.0
455,2,915.0,320.0,80.0,145.0,1,1,1.0
456,2,921.0,320.0,77.0,143.0,1,1,1.0
457,2,929.0,318.0,72.0,141.0,1,1,1.0
458,2,940.0,316.0,65.0,140.0,1,1,1.0
459,2,949.0,315.0,61.0,139.0,1,1,1.0
460,2,950.0,314.0,65.0,139.0,1,1,1.0
461,2,950.0,314.0,70.0,138.0,1,1,1.0
462,2,949.0,315.0,76.0,134.0,1,1,1.0
463,2,951.0,317.0,79.0,131.0,1,1,1.0
465,2,959.0,320.0,80.0,129.0,1,1,1.0
466,2,964.0,320.0,78.0,125.0,1,1,1.0
467,2,971.0,320.0,74.0,123.0,1,1,1.0
468,2,979.0,319.0,67.0,122.0,1,1,1.0
469,2,989.0,316.0,59.0,124.0,1,1,1.0
470,2,994.0,314.0,58.0,125.0,1,1,1.0
471,2,996.0,313.0,64.0,126.0,1,1,1.0
472,2,996.0,312.0,73.0,127.0,1,1,1.0
473,2,997.0,312.0,78.0,126.0,1,1,1.0
474,2,1000.0,310.0,77.0,127.0,1,1,1.0
475,2,1007.0,308.0,72.0,128.0,1,1,1.0
476,2,1015.0,305.0,66.0,129.0,1,1,1.0
477,2,1025.0,299.0,60.0,132.0,1,1,1.0
478,2,1037.0,294.0,53.0,136.0,1,1,1.0
479,2,1041.0,287.0,53.0,141.0,1,1,1.0
480,2,1041.0,284.0,58.0,143.0,1,1,1.0
481,2,1040.0,283.0,64.0,145.0,1,1,1.0
482,2,1038.0,282.0,71.0,145.0,1,1,1.0
483,2,1041.0,282.0,73.0,144.0,1,1,1.0
484,2,1045.0,283.0,72.0,144.0,1,1,1.0
485,2,1051.0,283.0,69.0,142.0,1,1,1.0
486,2,1058.0,283.0,65.0,139.0,1,1,1.0
487,2,1066.0,282.0,63.0,137.0,1,1,1.0
488,2,1077.0,283.0,55.0,137.0,1,1,1.0
489,2,1083.0,285.0,54.0,133.0,1,1,1.0
490,2,1087.0,286.0,55.0,131.0,1,1,1.0
491,2,1090.0,287.0,61.0,130.0,1,1,1.0
494,2,1097.0,287.0,62.0,128.0,1,1,1.0
495,2,1101.0,287.0,60.0,126.0,1,1,1.0
496,2,1109.0,286.0,56.0,126.0,1,1,1.0
497,2,1119.0,284.0,49.0,127.0,1,1,1.0
498,2,1124.0,281.0,48.0,129.0,1,1,1.0
499,2,1125.0,279.0,53.0,130.0,1,1,1.0
500,2,1123.0,279.0,59.0,130.0,1,1,1.0
501,2,1122.0,279.0,64.0,130.0,1,1,1.0
502,2,1123.0,279.0,68.0,129.0,1,1,1.0
503,2,1125.0,279.0,68.0,130.0,1,1,1.0
504,2,1131.0,277.0,63.0,129.0,1,1,1.0
505,2,1137.0,276.0,61.0,128.0,1,1,1.0
506,2,1143.0,274.0,57.0,129.0,1,1,1.0
507,2,1150.0,272.0,52.0,130.0,1,1,1.0
508,2,1157.0,271.0,50.0,131.0,1,1,1.0
509,2,1159.0,270.0,53.0,131.0,1,1,1.0
510,2,1161.0,270.0,56.0,129.0,1,1,1.0
511,2,1164.0,272.0,59.0,128.0,1,1,1.0
512,2,1166.0,273.0,58.0,127.0,1,1,1.0
513,2,1168.0,272.0,57.0,128.0,1,1,1.0
514,2,1171.0,272.0,57.0,128.0,1,1,1.0
515,2,1176.0,270.0,55.0,126.0,1,1,1.0
516,2,1183.0,269.0,50.0,126.0,1,1,1.0
517,2,1189.0,268.0,47.0,126.0,1,1,1.0
518,2,1190.0,266.0,55.0,127.0,1,1,1.0
519,2,1190.0,264.0,60.0,128.0,1,1,1.0
520,2,1190.0,264.0,63.0,128.0,1,1,1.0
521,2,1189.0,264.0,64.0,126.0,1,1,1.0
522,2,1190.0,265.0,63.0,124.0,1,1,1.0
523,2,1192.0,266.0,61.0,125.0,1,1,1.0
524,2,1193.0,265.0,60.0,123.0,1,1,1.0
525,2,1198.0,263.0,57.0,123.0,1,1,1.0
526,2,1203.0,263.0,53.0,122.0,1,1,1.0
527,2,1207.0,262.0,51.0,124.0,1,1,1.0
528,2,1212.0,261.0,48.0,123.0,1,1,1.0
529,2,1217.0,261.0,46.0,122.0,1,1,1.0
530,2,1219.0,262.0,47.0,122.0,1,1,1.0
531,2,1219.0,263.0,49.0,121.0,1,1,1.0
532,2,1219.0,264.0,50.0,120.0,1,1,1.0
533,2,1220.0,260.0,52.0,123.0,1,1,1.0
534,2,1224.0,263.0,51.0,117.0,1,1,1.0
535,2,1228.0,261.0,50.0,116.0,1,1,1.0
536,2,1231.0,258.0,47.0,118.0,1,1,1.0
537,2,1235.0,260.0,44.0,115.0,1,1,1.0
538,2,1235.0,260.0,44.0,115.0,1,1,1.0
539,2,1235.0,260.0,44.0,115.0,1,1,1.0
540,2,1235.0,260.0,44.0,115.0,1,1,1.0
