1,1,1682.0,497.0,66.0,130.0,1,1,1.0
2,1,1681.0,497.0,61.0,130.0,1,1,1.0
3,1,1680.0,496.0,57.0,131.0,1,1,1.0
4,1,1678.0,496.0,53.0,129.0,1,1,1.0
5,1,1674.0,495.0,47.0,132.0,1,1,1.0
6,1,1669.0,495.0,44.0,132.0,1,1,1.0
7,1,1661.0,496.0,48.0,132.0,1,1,1.0
8,1,1650.0,497.0,55.0,131.0,1,1,1.0
9,1,1640.0,499.0,60.0,129.0,1,1,1.0
10,1,1636.0,500.0,62.0,130.0,1,1,1.0
11,1,1635.0,501.0,61.0,129.0,1,1,1.0
12,1,1634.0,501.0,60.0,129.0,1,1,1.0
13,1,1633.0,500.0,58.0,130.0,1,1,1.0
14,1,1632.0,499.0,51.0,130.0,1,1,1.0
15,1,1632.0,498.0,46.0,132.0,1,1,1.0
16,1,1624.0,496.0,50.0,137.0,1,1,1.0
17,1,1623.0,497.0,51.0,135.0,1,1,1.0
18,1,1620.0,498.0,56.0,132.0,1,1,1.0
19,1,1612.0,500.0,65.0,133.0,1,1,1.0
20,1,1608.0,500.0,68.0,133.0,1,1,1.0
21,1,1605.0,499.0,67.0,134.0,1,1,1.0
22,1,1603.0,499.0,64.0,136.0,1,1,1.0
23,1,1600.0,498.0,62.0,138.0,1,1,1.0
24,1,1597.0,498.0,56.0,140.0,1,1,1.0
25,1,1593.0,499.0,51.0,138.0,1,1,1.0
26,1,1588.0,500.0,49.0,137.0,1,1,1.0
27,1,1577.0,501.0,54.0,136.0,1,1,1.0
28,1,1565.0,504.0,61.0,133.0,1,1,1.0
29,1,1557.0,506.0,66.0,131.0,1,1,1.0
30,1,1552.0,508.0,69.0,127.0,1,1,1.0
31,1,1551.0,510.0,68.0,126.0,1,1,1.0
32,1,1550.0,509.0,66.0,126.0,1,1,1.0
33,1,1548.0,507.0,60.0,129.0,1,1,1.0
34,1,1547.0,505.0,52.0,132.0,1,1,1.0
35,1,1545.0,505.0,49.0,134.0,1,1,1.0
36,1,1541.0,504.0,49.0,137.0,1,1,1.0
37,1,1535.0,505.0,56.0,137.0,1,1,1.0
38,1,1527.0,505.0,65.0,137.0,1,1,1.0
39,1,1520.0,505.0,73.0,137.0,1,1,1.0
40,1,1515.0,505.0,76.0,137.0,1,1,1.0
41,1,1512.0,505.0,72.0,139.0,1,1,1.0
42,1,1509.0,504.0,69.0,140.0,1,1,1.0
43,1,1506.0,505.0,62.0,139.0,1,1,1.0
44,1,1503.0,504.0,54.0,141.0,1,1,1.0
45,1,1498.0,504.0,50.0,140.0,1,1,1.0
46,1,1489.0,504.0,54.0,141.0,1,1,1.0
47,1,1474.0,505.0,63.0,139.0,1,1,1.0
48,1,1464.0,508.0,69.0,137.0,1,1,1.0
49,1,1458.0,510.0,72.0,134.0,1,1,1.0
50,1,1455.0,510.0,72.0,134.0,1,1,1.0
51,1,1455.0,510.0,68.0,134.0,1,1,1.0
52,1,1455.0,507.0,61.0,136.0,1,1,1.0
53,1,1454.0,505.0,53.0,139.0,1,1,1.0
54,1,1451.0,504.0,49.0,142.0,1,1,1.0
55,1,1447.0,503.0,49.0,145.0,1,1,1.0
56,1,1440.0,503.0,56.0,147.0,1,1,1.0
57,1,1430.0,503.0,67.0,147.0,1,1,1.0
58,1,1423.0,503.0,76.0,147.0,1,1,1.0
59,1,1417.0,503.0,81.0,148.0,1,1,1.0
60,1,1414.0,503.0,80.0,149.0,1,1,1.0
61,1,1410.0,502.0,77.0,150.0,1,1,1.0
62,1,1407.0,501.0,71.0,150.0,1,1,1.0
63,1,1404.0,500.0,62.0,150.0,1,1,1.0
64,1,1400.0,499.0,55.0,151.0,1,1,1.0
65,1,1393.0,499.0,55.0,151.0,1,1,1.0
66,1,1379.0,500.0,63.0,149.0,1,1,1.0
67,1,1365.0,503.0,71.0,148.0,1,1,1.0
68,1,1357.0,504.0,77.0,147.0,1,1,1.0
69,1,1355.0,506.0,77.0,146.0,1,1,1.0
70,1,1352.0,506.0,77.0,147.0,1,1,1.0
71,1,1352.0,505.0,72.0,148.0,1,1,1.0
72,1,1351.0,503.0,66.0,151.0,1,1,1.0
73,1,1348.0,502.0,57.0,153.0,1,1,1.0
74,1,1342.0,501.0,55.0,155.0,1,1,1.0
75,1,1337.0,502.0,57.0,156.0,1,1,1.0
76,1,1330.0,503.0,64.0,156.0,1,1,1.0
77,1,1320.0,504.0,76.0,156.0,1,1,1.0
78,1,1312.0,505.0,84.0,156.0,1,1,1.0
79,1,1307.0,506.0,88.0,156.0,1,1,1.0
80,1,1303.0,507.0,85.0,155.0,1,1,1.0
81,1,1299.0,509.0,80.0,153.0,1,1,1.0
82,1,1296.0,507.0,72.0,155.0,1,1,1.0
83,1,1292.0,507.0,61.0,155.0,1,1,1.0
84,1,1287.0,506.0,55.0,155.0,1,1,1.0
85,1,1278.0,510.0,55.0,152.0,1,1,1.0
86,1,1262.0,510.0,65.0,152.0,1,1,1.0
87,1,1249.0,513.0,75.0,149.0,1,1,1.0
88,1,1242.0,515.0,80.0,147.0,1,1,1.0
89,1,1241.0,517.0,80.0,146.0,1,1,1.0
90,1,1240.0,516.0,76.0,148.0,1,1,1.0
91,1,1237.0,517.0,69.0,146.0,1,1,1.0
92,1,1232.0,517.0,64.0,147.0,1,1,1.0
93,1,1226.0,516.0,57.0,151.0,1,1,1.0
94,1,1220.0,516.0,56.0,153.0,1,1,1.0
95,1,1211.0,515.0,64.0,156.0,1,1,1.0
96,1,1200.0,516.0,76.0,154.0,1,1,1.0
97,1,1189.0,518.0,89.0,153.0,1,1,1.0
98,1,1181.0,517.0,94.0,155.0,1,1,1.0
99,1,1177.0,517.0,89.0,155.0,1,1,1.0
100,1,1173.0,516.0,84.0,156.0,1,1,1.0
101,1,1168.0,516.0,76.0,157.0,1,1,1.0
102,1,1163.0,516.0,65.0,157.0,1,1,1.0
103,1,1158.0,515.0,55.0,156.0,1,1,1.0
104,1,1146.0,516.0,58.0,156.0,1,1,1.0
105,1,1129.0,517.0,71.0,154.0,1,1,1.0
106,1,1114.0,520.0,84.0,152.0,1,1,1.0
107,1,1108.0,521.0,88.0,151.0,1,1,1.0
108,1,1103.0,522.0,91.0,150.0,1,1,1.0
109,1,1101.0,523.0,86.0,150.0,1,1,1.0
110,1,1100.0,523.0,76.0,149.0,1,1,1.0
111,1,1099.0,522.0,62.0,151.0,1,1,1.0
112,1,1096.0,519.0,51.0,155.0,1,1,1.0
113,1,1091.0,518.0,48.0,157.0,1,1,1.0
114,1,1079.0,519.0,59.0,156.0,1,1,1.0
115,1,1063.0,520.0,77.0,155.0,1,1,1.0
116,1,1052.0,522.0,90.0,153.0,1,1,1.0
117,1,1044.0,522.0,97.0,153.0,1,1,1.0
118,1,1039.0,521.0,97.0,157.0,1,1,1.0
119,1,1035.0,521.0,91.0,158.0,1,1,1.0
121,1,1032.0,518.0,67.0,163.0,1,1,1.0
122,1,1027.0,517.0,53.0,163.0,1,1,1.0
123,1,1017.0,517.0,53.0,162.0,1,1,1.0
124,1,1003.0,518.0,60.0,160.0,1,1,1.0
125,1,988.0,520.0,74.0,158.0,1,1,1.0
126,1,978.0,522.0,82.0,156.0,1,1,1.0
127,1,969.0,523.0,89.0,158.0,1,1,1.0
128,1,963.0,523.0,92.0,158.0,1,1,1.0
129,1,960.0,522.0,87.0,159.0,1,1,1.0
130,1,959.0,521.0,76.0,161.0,1,1,1.0
133,1,944.0,521.0,57.0,166.0,1,1,1.0
134,1,929.0,522.0,72.0,166.0,1,1,1.0
135,1,915.0,524.0,87.0,165.0,1,1,1.0
136,1,906.0,525.0,96.0,164.0,1,1,1.0
137,1,900.0,526.0,97.0,163.0,1,1,1.0
138,1,897.0,526.0,92.0,164.0,1,1,1.0
139,1,894.0,526.0,84.0,163.0,1,1,1.0
140,1,891.0,526.0,73.0,163.0,1,1,1.0
141,1,886.0,526.0,58.0,163.0,1,1,1.0
142,1,879.0,527.0,52.0,162.0,1,1,1.0
143,1,867.0,527.0,58.0,163.0,1,1,1.0
144,1,850.0,529.0,73.0,162.0,1,1,1.0
145,1,836.0,531.0,87.0,160.0,1,1,1.0
146,1,827.0,526.0,93.0,165.0,1,1,1.0
147,1,819.0,533.0,99.0,157.0,1,1,1.0
148,1,811.0,530.0,98.0,161.0,1,1,1.0
149,1,807.0,519.0,92.0,171.0,1,1,1.0
150,1,800.0,515.0,86.0,175.0,1,1,1.0
155,1,754.0,519.0,101.0,178.0,1,1,1.0
156,1,749.0,531.0,101.0,167.0,1,1,1.0
157,1,743.0,526.0,99.0,175.0,1,1,1.0
158,1,742.0,535.0,88.0,167.0,1,1,1.0
159,1,739.0,538.0,77.0,166.0,1,1,1.0
160,1,732.0,539.0,66.0,164.0,1,1,1.0
161,1,725.0,538.0,54.0,165.0,1,1,1.0
162,1,718.0,540.0,54.0,162.0,1,1,1.0
163,1,702.0,543.0,68.0,159.0,1,1,1.0
164,1,686.0,546.0,83.0,157.0,1,1,1.0
165,1,671.0,553.0,97.0,150.0,1,1,1.0
166,1,659.0,558.0,107.0,145.0,1,1,1.0
167,1,650.0,559.0,109.0,143.0,1,1,1.0
168,1,645.0,558.0,103.0,145.0,1,1,1.0
169,1,648.0,556.0,85.0,148.0,1,1,1.0
170,1,647.0,552.0,67.0,153.0,1,1,1.0
171,1,641.0,548.0,56.0,159.0,1,1,1.0
172,1,633.0,545.0,61.0,163.0,1,1,1.0
173,1,620.0,546.0,72.0,162.0,1,1,1.0
174,1,604.0,547.0,86.0,160.0,1,1,1.0
175,1,595.0,548.0,94.0,159.0,1,1,1.0
176,1,589.0,549.0,95.0,159.0,1,1,1.0
177,1,586.0,549.0,90.0,160.0,1,1,1.0
178,1,582.0,548.0,82.0,162.0,1,1,1.0
179,1,576.0,546.0,71.0,162.0,1,1,1.0
180,1,570.0,546.0,57.0,162.0,1,1,1.0
181,1,564.0,546.0,56.0,162.0,1,1,1.0
182,1,548.0,545.0,70.0,162.0,1,1,1.0
183,1,531.0,549.0,84.0,159.0,1,1,1.0
184,1,516.0,552.0,98.0,157.0,1,1,1.0
185,1,504.0,554.0,107.0,155.0,1,1,1.0
186,1,495.0,555.0,110.0,155.0,1,1,1.0
187,1,491.0,555.0,103.0,153.0,1,1,1.0
188,1,491.0,554.0,87.0,155.0,1,1,1.0
189,1,493.0,553.0,67.0,158.0,1,1,1.0
190,1,489.0,553.0,57.0,158.0,1,1,1.0
191,1,480.0,553.0,62.0,160.0,1,1,1.0
192,1,463.0,555.0,78.0,156.0,1,1,1.0
193,1,449.0,556.0,91.0,155.0,1,1,1.0
194,1,441.0,555.0,100.0,158.0,1,1,1.0
195,1,437.0,556.0,96.0,157.0,1,1,1.0
196,1,433.0,557.0,90.0,157.0,1,1,1.0
197,1,428.0,559.0,81.0,156.0,1,1,1.0
198,1,423.0,562.0,70.0,153.0,1,1,1.0
199,1,417.0,564.0,56.0,151.0,1,1,1.0
200,1,409.0,565.0,57.0,149.0,1,1,1.0
201,1,393.0,567.0,72.0,147.0,1,1,1.0
202,1,376.0,568.0,88.0,147.0,1,1,1.0
204,1,352.0,569.0,106.0,147.0,1,1,1.0
205,1,344.0,570.0,107.0,145.0,1,1,1.0
206,1,340.0,571.0,101.0,145.0,1,1,1.0
207,1,340.0,568.0,88.0,148.0,1,1,1.0
208,1,342.0,568.0,72.0,150.0,1,1,1.0
209,1,339.0,566.0,59.0,153.0,1,1,1.0
210,1,332.0,563.0,61.0,156.0,1,1,1.0
211,1,319.0,562.0,72.0,157.0,1,1,1.0
212,1,309.0,564.0,80.0,155.0,1,1,1.0
213,1,300.0,564.0,87.0,158.0,1,1,1.0
214,1,295.0,568.0,89.0,156.0,1,1,1.0
215,1,290.0,567.0,87.0,157.0,1,1,1.0
216,1,286.0,567.0,82.0,156.0,1,1,1.0
217,1,281.0,569.0,73.0,155.0,1,1,1.0
218,1,275.0,569.0,62.0,154.0,1,1,1.0
219,1,269.0,566.0,57.0,158.0,1,1,1.0
220,1,255.0,558.0,68.0,166.0,1,1,1.0
221,1,240.0,564.0,81.0,161.0,1,1,1.0
222,1,227.0,573.0,93.0,152.0,1,1,1.0
223,1,215.0,576.0,103.0,150.0,1,1,1.0
224,1,207.0,578.0,107.0,146.0,1,1,1.0
225,1,203.0,579.0,102.0,146.0,1,1,1.0
226,1,202.0,577.0,92.0,148.0,1,1,1.0
227,1,207.0,572.0,74.0,155.0,1,1,1.0
228,1,206.0,568.0,59.0,159.0,1,1,1.0
229,1,200.0,568.0,57.0,160.0,1,1,1.0
230,1,193.0,568.0,62.0,163.0,1,1,1.0
231,1,180.0,568.0,74.0,163.0,1,1,1.0
232,1,170.0,570.0,82.0,161.0,1,1,1.0
233,1,165.0,572.0,86.0,160.0,1,1,1.0
234,1,160.0,573.0,86.0,160.0,1,1,1.0
235,1,158.0,574.0,71.0,157.0,1,1,1.0
236,1,154.0,573.0,71.0,158.0,1,1,1.0
237,1,149.0,572.0,65.0,160.0,1,1,1.0
238,1,144.0,571.0,55.0,162.0,1,1,1.0
239,1,136.0,573.0,56.0,159.0,1,1,1.0
240,1,123.0,577.0,66.0,155.0,1,1,1.0
241,1,111.0,583.0,78.0,149.0,1,1,1.0
242,1,100.0,589.0,88.0,144.0,1,1,1.0
243,1,91.0,591.0,95.0,143.0,1,1,1.0
244,1,84.0,592.0,97.0,142.0,1,1,1.0
245,1,82.0,590.0,92.0,143.0,1,1,1.0
246,1,83.0,589.0,82.0,144.0,1,1,1.0
247,1,87.0,588.0,66.0,145.0,1,1,1.0
248,1,87.0,588.0,54.0,146.0,1,1,1.0
249,1,83.0,587.0,53.0,147.0,1,1,1.0
250,1,77.0,586.0,57.0,147.0,1,1,1.0
255,1,51.0,591.0,69.0,141.0,1,1,1.0
257,1,40.0,591.0,62.0,140.0,1,1,1.0
258,1,35.0,590.0,55.0,141.0,1,1,1.0
260,1,16.0,592.0,64.0,139.0,1,1,1.0
261,1,6.0,593.0,72.0,137.0,1,1,1.0
263,1,0.0,557.0,80.0,173.0,1,1,1.0
264,1,0.0,548.0,79.0,182.0,1,1,1.0
265,1,0.0,544.0,76.0,185.0,1,1,1.0
266,1,0.0,541.0,72.0,189.0,1,1,1.0
267,1,0.0,539.0,68.0,191.0,1,1,1.0
268,1,0.0,538.0,65.0,192.0,1,1,1.0
279,2,0.0,543.0,36.0,179.0,1,1,1.0
280,2,0.0,543.0,35.0,176.0,1,1,1.0
283,2,0.0,540.0,36.0,176.0,1,1,1.0
291,2,0.0,597.0,35.0,114.0,1,1,1.0
292,2,0.0,599.0,42.0,112.0,1,1,1.0
293,2,0.0,600.0,47.0,110.0,1,1,1.0
294,2,0.0,600.0,51.0,109.0,1,1,1.0
296,2,1.0,592.0,51.0,104.0,1,1,1.0
297,2,7.0,585.0,47.0,109.0,1,1,1.0
298,2,15.0,579.0,41.0,118.0,1,1,1.0
299,2,19.0,576.0,41.0,121.0,1,1,1.0
300,2,23.0,573.0,43.0,124.0,1,1,1.0
301,2,27.0,572.0,50.0,124.0,1,1,1.0
302,2,30.0,572.0,59.0,121.0,1,1,1.0
303,2,34.0,573.0,64.0,118.0,1,1,1.0
304,2,37.0,573.0,66.0,117.0,1,1,1.0
305,2,41.0,574.0,64.0,114.0,1,1,1.0
306,2,45.0,573.0,62.0,115.0,1,1,1.0
307,2,51.0,572.0,56.0,115.0,1,1,1.0
308,2,60.0,570.0,46.0,115.0,1,1,1.0
309,2,67.0,568.0,41.0,116.0,1,1,1.0
310,2,72.0,566.0,40.0,118.0,1,1,1.0
311,2,73.0,566.0,51.0,117.0,1,1,1.0
312,2,74.0,566.0,63.0,117.0,1,1,1.0
313,2,75.0,567.0,72.0,116.0,1,1,1.0
314,2,78.0,566.0,74.0,115.0,1,1,1.0
315,2,83.0,566.0,72.0,117.0,1,1,1.0
316,2,91.0,564.0,64.0,116.0,1,1,1.0
317,2,101.0,560.0,55.0,119.0,1,1,1.0
318,2,114.0,557.0,45.0,120.0,1,1,1.0
319,2,121.0,556.0,43.0,119.0,1,1,1.0
321,2,132.0,554.0,56.0,118.0,1,1,1.0
326,2,154.0,553.0,59.0,115.0,1,1,1.0
327,2,162.0,552.0,52.0,116.0,1,1,1.0
328,2,172.0,551.0,45.0,117.0,1,1,1.0
331,2,182.0,550.0,63.0,117.0,1,1,1.0
332,2,182.0,551.0,72.0,117.0,1,1,1.0
333,2,183.0,551.0,77.0,116.0,1,1,1.0
334,2,187.0,548.0,76.0,119.0,1,1,1.0
335,2,194.0,546.0,69.0,120.0,1,1,1.0
336,2,204.0,544.0,60.0,119.0,1,1,1.0
337,2,218.0,541.0,48.0,119.0,1,1,1.0
338,2,228.0,539.0,42.0,119.0,1,1,1.0
339,2,235.0,539.0,43.0,116.0,1,1,1.0
340,2,240.0,538.0,51.0,116.0,1,1,1.0
344,2,251.0,538.0,69.0,116.0,1,1,1.0
345,2,257.0,537.0,66.0,115.0,1,1,1.0
346,2,267.0,536.0,57.0,115.0,1,1,1.0
347,2,281.0,535.0,43.0,116.0,1,1,1.0
348,2,291.0,535.0,38.0,116.0,1,1,1.0
349,2,297.0,536.0,43.0,113.0,1,1,1.0
350,2,299.0,539.0,58.0,111.0,1,1,1.0
351,2,298.0,542.0,72.0,107.0,1,1,1.0
352,2,299.0,544.0,80.0,104.0,1,1,1.0
353,2,304.0,546.0,79.0,105.0,1,1,1.0
354,2,311.0,545.0,74.0,104.0,1,1,1.0
355,2,321.0,544.0,66.0,100.0,1,1,1.0
356,2,334.0,542.0,57.0,101.0,1,1,1.0
358,2,353.0,538.0,49.0,105.0,1,1,1.0
359,2,359.0,537.0,53.0,105.0,1,1,1.0
360,2,364.0,535.0,62.0,106.0,1,1,1.0
363,2,373.0,534.0,76.0,106.0,1,1,1.0
364,2,380.0,533.0,74.0,106.0,1,1,1.0
365,2,389.0,532.0,67.0,107.0,1,1,1.0
366,2,402.0,530.0,52.0,109.0,1,1,1.0
368,2,417.0,527.0,49.0,110.0,1,1,1.0
369,2,422.0,526.0,60.0,112.0,1,1,1.0
370,2,424.0,528.0,71.0,110.0,1,1,1.0
373,2,436.0,524.0,72.0,115.0,1,1,1.0
374,2,445.0,523.0,66.0,113.0,1,1,1.0
375,2,458.0,521.0,55.0,115.0,1,1,1.0
376,2,471.0,520.0,46.0,116.0,1,1,1.0
377,2,479.0,519.0,47.0,118.0,1,1,1.0
378,2,486.0,519.0,56.0,118.0,1,1,1.0
379,2,489.0,520.0,66.0,117.0,1,1,1.0
380,2,490.0,521.0,76.0,116.0,1,1,1.0
382,2,499.0,519.0,83.0,119.0,1,1,1.0
383,2,508.0,517.0,80.0,120.0,1,1,1.0
384,2,520.0,516.0,68.0,121.0,1,1,1.0
385,2,534.0,515.0,53.0,122.0,1,1,1.0
386,2,542.0,515.0,46.0,122.0,1,1,1.0
387,2,548.0,515.0,55.0,122.0,1,1,1.0
388,2,551.0,516.0,67.0,121.0,1,1,1.0
389,2,553.0,519.0,77.0,118.0,1,1,1.0
390,2,555.0,520.0,83.0,118.0,1,1,1.0
391,2,560.0,521.0,81.0,116.0,1,1,1.0
392,2,568.0,520.0,75.0,117.0,1,1,1.0
393,2,581.0,518.0,63.0,119.0,1,1,1.0
396,2,612.0,513.0,54.0,125.0,1,1,1.0
397,2,618.0,512.0,62.0,127.0,1,1,1.0
398,2,620.0,514.0,72.0,126.0,1,1,1.0
399,2,622.0,515.0,81.0,124.0,1,1,1.0
400,2,625.0,513.0,86.0,126.0,1,1,1.0
401,2,632.0,507.0,85.0,132.0,1,1,1.0
402,2,643.0,504.0,77.0,136.0,1,1,1.0
403,2,657.0,502.0,62.0,137.0,1,1,1.0
404,2,669.0,502.0,48.0,137.0,1,1,1.0
405,2,673.0,504.0,51.0,136.0,1,1,1.0
406,2,676.0,508.0,64.0,131.0,1,1,1.0
407,2,680.0,513.0,74.0,127.0,1,1,1.0
408,2,684.0,517.0,81.0,124.0,1,1,1.0
409,2,686.0,518.0,83.0,121.0,1,1,1.0
410,2,692.0,517.0,80.0,123.0,1,1,1.0
411,2,702.0,514.0,71.0,126.0,1,1,1.0
412,2,715.0,513.0,58.0,127.0,1,1,1.0
413,2,731.0,512.0,44.0,129.0,1,1,1.0
414,2,740.0,512.0,45.0,130.0,1,1,1.0
415,2,745.0,513.0,55.0,130.0,1,1,1.0
416,2,749.0,516.0,66.0,126.0,1,1,1.0
417,2,750.0,518.0,78.0,125.0,1,1,1.0
418,2,752.0,520.0,87.0,125.0,1,1,1.0
419,2,757.0,521.0,91.0,124.0,1,1,1.0
420,2,765.0,521.0,88.0,124.0,1,1,1.0
421,2,777.0,522.0,77.0,123.0,1,1,1.0
422,2,792.0,524.0,59.0,122.0,1,1,1.0
423,2,801.0,525.0,49.0,120.0,1,1,1.0
424,2,805.0,526.0,56.0,118.0,1,1,1.0
425,2,808.0,528.0,69.0,116.0,1,1,1.0
426,2,812.0,530.0,79.0,115.0,1,1,1.0
427,2,814.0,531.0,86.0,115.0,1,1,1.0
428,2,818.0,531.0,88.0,115.0,1,1,1.0
429,2,824.0,529.0,83.0,117.0,1,1,1.0
430,2,836.0,527.0,72.0,118.0,1,1,1.0
431,2,850.0,524.0,59.0,120.0,1,1,1.0
432,2,865.0,521.0,46.0,126.0,1,1,1.0
433,2,875.0,520.0,50.0,129.0,1,1,1.0
434,2,881.0,519.0,60.0,132.0,1,1,1.0
435,2,883.0,520.0,72.0,132.0,1,1,1.0
436,2,884.0,522.0,83.0,131.0,1,1,1.0
437,2,886.0,523.0,92.0,130.0,1,1,1.0
438,2,891.0,524.0,95.0,130.0,1,1,1.0
439,2,901.0,524.0,90.0,129.0,1,1,1.0
440,2,913.0,525.0,78.0,127.0,1,1,1.0
441,2,927.0,526.0,59.0,127.0,1,1,1.0
442,2,935.0,528.0,52.0,125.0,1,1,1.0
443,2,940.0,530.0,57.0,123.0,1,1,1.0
444,2,944.0,532.0,69.0,120.0,1,1,1.0
445,2,947.0,535.0,81.0,118.0,1,1,1.0
446,2,948.0,537.0,88.0,117.0,1,1,1.0
447,2,952.0,538.0,89.0,115.0,1,1,1.0
448,2,959.0,538.0,84.0,116.0,1,1,1.0
449,2,971.0,537.0,73.0,117.0,1,1,1.0
450,2,985.0,536.0,59.0,117.0,1,1,1.0
451,2,1002.0,535.0,46.0,120.0,1,1,1.0
452,2,1011.0,534.0,49.0,119.0,1,1,1.0
453,2,1016.0,534.0,59.0,122.0,1,1,1.0
454,2,1018.0,536.0,71.0,122.0,1,1,1.0
455,2,1019.0,538.0,82.0,123.0,1,1,1.0
456,2,1019.0,540.0,94.0,122.0,1,1,1.0
457,2,1023.0,541.0,98.0,123.0,1,1,1.0
458,2,1032.0,540.0,95.0,124.0,1,1,1.0
459,2,1043.0,538.0,84.0,126.0,1,1,1.0
460,2,1058.0,537.0,66.0,127.0,1,1,1.0
461,2,1074.0,535.0,50.0,129.0,1,1,1.0
462,2,1079.0,533.0,51.0,130.0,1,1,1.0
463,2,1081.0,532.0,64.0,132.0,1,1,1.0
464,2,1083.0,531.0,77.0,133.0,1,1,1.0
465,2,1083.0,529.0,87.0,136.0,1,1,1.0
466,2,1085.0,531.0,92.0,136.0,1,1,1.0
467,2,1091.0,530.0,89.0,137.0,1,1,1.0
468,2,1100.0,530.0,81.0,138.0,1,1,1.0
469,2,1114.0,531.0,69.0,136.0,1,1,1.0
470,2,1134.0,533.0,51.0,135.0,1,1,1.0
471,2,1147.0,536.0,50.0,137.0,1,1,1.0
472,2,1153.0,539.0,59.0,136.0,1,1,1.0
473,2,1155.0,543.0,72.0,135.0,1,1,1.0
474,2,1155.0,547.0,84.0,132.0,1,1,1.0
475,2,1155.0,551.0,95.0,130.0,1,1,1.0
476,2,1159.0,553.0,99.0,129.0,1,1,1.0
477,2,1167.0,554.0,96.0,130.0,1,1,1.0
478,2,1178.0,554.0,87.0,130.0,1,1,1.0
479,2,1194.0,551.0,70.0,133.0,1,1,1.0
480,2,1211.0,548.0,51.0,135.0,1,1,1.0
481,2,1218.0,545.0,50.0,138.0,1,1,1.0
482,2,1220.0,544.0,61.0,140.0,1,1,1.0
483,2,1221.0,545.0,77.0,140.0,1,1,1.0
484,2,1222.0,547.0,87.0,140.0,1,1,1.0
485,2,1224.0,549.0,92.0,140.0,1,1,1.0
486,2,1229.0,550.0,89.0,140.0,1,1,1.0
490,2,1284.0,550.0,82.0,147.0,1,1,1.0
491,2,1290.0,552.0,80.0,149.0,1,1,1.0
492,2,1289.0,554.0,83.0,149.0,1,1,1.0
493,2,1289.0,555.0,93.0,148.0,1,1,1.0
494,2,1291.0,556.0,101.0,149.0,1,1,1.0
495,2,1293.0,561.0,108.0,145.0,1,1,1.0
497,2,1316.0,565.0,93.0,143.0,1,1,1.0
498,2,1332.0,566.0,75.0,142.0,1,1,1.0
499,2,1350.0,565.0,53.0,143.0,1,1,1.0
500,2,1358.0,562.0,50.0,144.0,1,1,1.0
501,2,1360.0,562.0,60.0,145.0,1,1,1.0
502,2,1361.0,564.0,76.0,145.0,1,1,1.0
503,2,1361.0,566.0,86.0,144.0,1,1,1.0
504,2,1363.0,567.0,91.0,144.0,1,1,1.0
505,2,1367.0,568.0,89.0,143.0,1,1,1.0
506,2,1376.0,567.0,84.0,145.0,1,1,1.0
507,2,1389.0,563.0,76.0,149.0,1,1,1.0
508,2,1406.0,564.0,64.0,149.0,1,1,1.0
509,2,1422.0,562.0,55.0,154.0,1,1,1.0
510,2,1429.0,562.0,59.0,158.0,1,1,1.0
511,2,1431.0,565.0,71.0,157.0,1,1,1.0
512,2,1432.0,569.0,84.0,155.0,1,1,1.0
513,2,1433.0,573.0,96.0,152.0,1,1,1.0
514,2,1435.0,576.0,104.0,151.0,1,1,1.0
515,2,1441.0,576.0,106.0,151.0,1,1,1.0
516,2,1451.0,575.0,101.0,153.0,1,1,1.0
517,2,1464.0,574.0,88.0,154.0,1,1,1.0
518,2,1480.0,572.0,76.0,155.0,1,1,1.0
519,2,1495.0,569.0,66.0,158.0,1,1,1.0
520,2,1499.0,567.0,66.0,159.0,1,1,1.0
521,2,1501.0,564.0,71.0,163.0,1,1,1.0
522,2,1502.0,562.0,81.0,167.0,1,1,1.0
523,2,1502.0,562.0,88.0,168.0,1,1,1.0
524,2,1506.0,561.0,88.0,169.0,1,1,1.0
525,2,1514.0,561.0,84.0,170.0,1,1,1.0
526,2,1525.0,560.0,79.0,171.0,1,1,1.0
527,2,1540.0,559.0,70.0,170.0,1,1,1.0
528,2,1557.0,557.0,60.0,175.0,1,1,1.0
529,2,1567.0,556.0,59.0,178.0,1,1,1.0
530,2,1570.0,558.0,65.0,177.0,1,1,1.0
531,2,1571.0,560.0,78.0,176.0,1,1,1.0
532,2,1572.0,563.0,91.0,174.0,1,1,1.0
533,2,1573.0,565.0,102.0,173.0,1,1,1.0
534,2,1575.0,566.0,106.0,172.0,1,1,1.0
535,2,1585.0,565.0,101.0,173.0,1,1,1.0
536,2,1598.0,565.0,88.0,174.0,1,1,1.0
537,2,1613.0,563.0,73.0,176.0,1,1,1.0
539,2,1636.0,563.0,60.0,175.0,1,1,1.0
540,2,1639.0,565.0,63.0,173.0,1,1,1.0
