1,1,1680.0,99.0,45.0,126.0,1,1,1.0
2,1,1679.0,98.0,43.0,127.0,1,1,1.0
3,1,1677.0,97.0,40.0,128.0,1,1,1.0
4,1,1674.0,95.0,36.0,129.0,1,1,1.0
5,1,1667.0,93.0,37.0,132.0,1,1,1.0
6,1,1656.0,93.0,42.0,133.0,1,1,1.0
7,1,1645.0,92.0,50.0,133.0,1,1,1.0
8,1,1645.0,92.0,49.0,133.0,1,1,1.0
9,1,1636.0,92.0,56.0,133.0,1,1,1.0
10,1,1630.0,94.0,60.0,131.0,1,1,1.0
12,1,1627.0,99.0,54.0,124.0,1,1,1.0
13,1,1627.0,91.0,47.0,131.0,1,1,1.0
14,1,1626.0,90.0,39.0,131.0,1,1,1.0
15,1,1622.0,90.0,38.0,132.0,1,1,1.0
16,1,1619.0,89.0,39.0,133.0,1,1,1.0
17,1,1611.0,88.0,44.0,134.0,1,1,1.0
18,1,1603.0,87.0,49.0,135.0,1,1,1.0
19,1,1597.0,87.0,51.0,134.0,1,1,1.0
20,1,1594.0,85.0,51.0,135.0,1,1,1.0
21,1,1593.0,84.0,48.0,136.0,1,1,1.0
22,1,1591.0,83.0,43.0,137.0,1,1,1.0
23,1,1587.0,81.0,40.0,139.0,1,1,1.0
24,1,1582.0,80.0,40.0,140.0,1,1,1.0
25,1,1563.0,79.0,52.0,141.0,1,1,1.0
26,1,1549.0,79.0,62.0,141.0,1,1,1.0
27,1,1542.0,79.0,68.0,141.0,1,1,1.0
28,1,1536.0,79.0,72.0,141.0,1,1,1.0
29,1,1533.0,80.0,72.0,140.0,1,1,1.0
30,1,1532.0,78.0,68.0,141.0,1,1,1.0
31,1,1532.0,75.0,60.0,143.0,1,1,1.0
32,1,1533.0,75.0,49.0,143.0,1,1,1.0
33,1,1531.0,74.0,44.0,144.0,1,1,1.0
34,1,1528.0,75.0,42.0,142.0,1,1,1.0
35,1,1521.0,75.0,46.0,142.0,1,1,1.0
36,1,1512.0,76.0,51.0,141.0,1,1,1.0
37,1,1506.0,77.0,53.0,140.0,1,1,1.0
38,1,1503.0,78.0,53.0,140.0,1,1,1.0
39,1,1501.0,78.0,52.0,140.0,1,1,1.0
40,1,1500.0,75.0,48.0,143.0,1,1,1.0
41,1,1497.0,74.0,45.0,145.0,1,1,1.0
42,1,1492.0,73.0,44.0,146.0,1,1,1.0
43,1,1486.0,72.0,46.0,147.0,1,1,1.0
44,1,1475.0,72.0,53.0,147.0,1,1,1.0
45,1,1457.0,72.0,64.0,147.0,1,1,1.0
46,1,1449.0,72.0,70.0,147.0,1,1,1.0
47,1,1444.0,72.0,72.0,147.0,1,1,1.0
48,1,1442.0,71.0,71.0,147.0,1,1,1.0
49,1,1441.0,70.0,66.0,148.0,1,1,1.0
50,1,1442.0,73.0,57.0,145.0,1,1,1.0
51,1,1442.0,68.0,48.0,149.0,1,1,1.0
52,1,1439.0,68.0,46.0,151.0,1,1,1.0
53,1,1435.0,68.0,46.0,152.0,1,1,1.0
54,1,1426.0,68.0,50.0,152.0,1,1,1.0
55,1,1417.0,69.0,56.0,151.0,1,1,1.0
56,1,1408.0,69.0,61.0,151.0,1,1,1.0
57,1,1405.0,69.0,60.0,152.0,1,1,1.0
58,1,1403.0,68.0,57.0,153.0,1,1,1.0
59,1,1401.0,68.0,53.0,154.0,1,1,1.0
60,1,1399.0,67.0,48.0,155.0,1,1,1.0
61,1,1393.0,66.0,47.0,155.0,1,1,1.0
62,1,1386.0,66.0,49.0,156.0,1,1,1.0
63,1,1373.0,66.0,58.0,155.0,1,1,1.0
64,1,1359.0,66.0,67.0,155.0,1,1,1.0
65,1,1348.0,67.0,74.0,155.0,1,1,1.0
66,1,1342.0,67.0,78.0,156.0,1,1,1.0
67,1,1339.0,67.0,80.0,156.0,1,1,1.0
68,1,1338.0,66.0,77.0,156.0,1,1,1.0
69,1,1338.0,65.0,71.0,156.0,1,1,1.0
70,1,1338.0,64.0,60.0,157.0,1,1,1.0
71,1,1338.0,65.0,51.0,157.0,1,1,1.0
72,1,1332.0,63.0,50.0,160.0,1,1,1.0
73,1,1328.0,64.0,50.0,161.0,1,1,1.0
74,1,1320.0,65.0,53.0,161.0,1,1,1.0
75,1,1311.0,66.0,59.0,160.0,1,1,1.0
76,1,1306.0,66.0,62.0,160.0,1,1,1.0
77,1,1300.0,67.0,64.0,161.0,1,1,1.0
78,1,1297.0,66.0,62.0,162.0,1,1,1.0
79,1,1295.0,66.0,56.0,163.0,1,1,1.0
80,1,1293.0,65.0,52.0,164.0,1,1,1.0
81,1,1286.0,64.0,50.0,165.0,1,1,1.0
82,1,1279.0,63.0,51.0,166.0,1,1,1.0
83,1,1266.0,63.0,58.0,166.0,1,1,1.0
84,1,1251.0,64.0,69.0,166.0,1,1,1.0
85,1,1240.0,65.0,79.0,165.0,1,1,1.0
86,1,1233.0,66.0,84.0,164.0,1,1,1.0
87,1,1229.0,66.0,88.0,165.0,1,1,1.0
88,1,1228.0,65.0,83.0,166.0,1,1,1.0
89,1,1228.0,64.0,75.0,166.0,1,1,1.0
90,1,1228.0,63.0,65.0,168.0,1,1,1.0
91,1,1225.0,62.0,55.0,169.0,1,1,1.0
92,1,1222.0,62.0,53.0,171.0,1,1,1.0
93,1,1216.0,65.0,52.0,170.0,1,1,1.0
94,1,1208.0,66.0,55.0,169.0,1,1,1.0
95,1,1202.0,67.0,58.0,166.0,1,1,1.0
96,1,1194.0,68.0,64.0,167.0,1,1,1.0
97,1,1187.0,68.0,69.0,170.0,1,1,1.0
98,1,1184.0,68.0,66.0,171.0,1,1,1.0
99,1,1181.0,69.0,61.0,172.0,1,1,1.0
100,1,1177.0,68.0,54.0,173.0,1,1,1.0
101,1,1171.0,67.0,51.0,174.0,1,1,1.0
102,1,1163.0,67.0,51.0,174.0,1,1,1.0
103,1,1149.0,67.0,60.0,174.0,1,1,1.0
104,1,1133.0,68.0,74.0,174.0,1,1,1.0
105,1,1121.0,69.0,85.0,173.0,1,1,1.0
106,1,1113.0,71.0,91.0,171.0,1,1,1.0
107,1,1110.0,71.0,93.0,172.0,1,1,1.0
108,1,1108.0,70.0,90.0,172.0,1,1,1.0
109,1,1108.0,69.0,80.0,173.0,1,1,1.0
110,1,1108.0,68.0,68.0,174.0,1,1,1.0
111,1,1103.0,67.0,55.0,177.0,1,1,1.0
112,1,1098.0,67.0,53.0,179.0,1,1,1.0
113,1,1090.0,68.0,55.0,180.0,1,1,1.0
114,1,1076.0,69.0,66.0,179.0,1,1,1.0
116,1,1056.0,72.0,82.0,177.0,1,1,1.0
117,1,1051.0,73.0,84.0,178.0,1,1,1.0
118,1,1048.0,73.0,79.0,179.0,1,1,1.0
119,1,1046.0,72.0,69.0,179.0,1,1,1.0
120,1,1041.0,72.0,59.0,180.0,1,1,1.0
121,1,1033.0,71.0,54.0,180.0,1,1,1.0
122,1,1024.0,71.0,54.0,181.0,1,1,1.0
123,1,1008.0,71.0,67.0,180.0,1,1,1.0
124,1,990.0,73.0,83.0,180.0,1,1,1.0
125,1,975.0,75.0,98.0,179.0,1,1,1.0
126,1,967.0,76.0,103.0,178.0,1,1,1.0
127,1,964.0,75.0,98.0,179.0,1,1,1.0
128,1,964.0,75.0,87.0,179.0,1,1,1.0
129,1,960.0,74.0,75.0,180.0,1,1,1.0
130,1,954.0,74.0,64.0,181.0,1,1,1.0
131,1,947.0,74.0,58.0,183.0,1,1,1.0
132,1,939.0,75.0,60.0,185.0,1,1,1.0
133,1,924.0,76.0,72.0,185.0,1,1,1.0
134,1,911.0,78.0,84.0,184.0,1,1,1.0
135,1,902.0,78.0,92.0,185.0,1,1,1.0
136,1,898.0,79.0,92.0,186.0,1,1,1.0
137,1,895.0,79.0,85.0,187.0,1,1,1.0
138,1,891.0,79.0,76.0,187.0,1,1,1.0
139,1,885.0,79.0,66.0,187.0,1,1,1.0
140,1,879.0,78.0,56.0,187.0,1,1,1.0
141,1,870.0,78.0,58.0,188.0,1,1,1.0
142,1,854.0,79.0,71.0,187.0,1,1,1.0
143,1,837.0,80.0,87.0,187.0,1,1,1.0
144,1,826.0,82.0,97.0,185.0,1,1,1.0
145,1,820.0,83.0,102.0,185.0,1,1,1.0
146,1,819.0,83.0,98.0,184.0,1,1,1.0
147,1,819.0,83.0,89.0,183.0,1,1,1.0
148,1,815.0,83.0,79.0,184.0,1,1,1.0
149,1,807.0,83.0,69.0,184.0,1,1,1.0
150,1,800.0,84.0,58.0,183.0,1,1,1.0
151,1,792.0,85.0,60.0,184.0,1,1,1.0
152,1,779.0,86.0,70.0,187.0,1,1,1.0
153,1,764.0,89.0,84.0,189.0,1,1,1.0
154,1,754.0,90.0,94.0,190.0,1,1,1.0
155,1,747.0,91.0,97.0,193.0,1,1,1.0
156,1,745.0,91.0,91.0,193.0,1,1,1.0
157,1,741.0,92.0,82.0,193.0,1,1,1.0
158,1,735.0,92.0,73.0,193.0,1,1,1.0
159,1,728.0,91.0,59.0,193.0,1,1,1.0
160,1,721.0,91.0,54.0,194.0,1,1,1.0
161,1,711.0,91.0,60.0,194.0,1,1,1.0
162,1,693.0,93.0,77.0,194.0,1,1,1.0
163,1,678.0,94.0,92.0,194.0,1,1,1.0
164,1,668.0,96.0,103.0,194.0,1,1,1.0
165,1,662.0,98.0,100.0,195.0,1,1,1.0
166,1,657.0,99.0,94.0,194.0,1,1,1.0
167,1,648.0,99.0,86.0,194.0,1,1,1.0
168,1,643.0,99.0,72.0,194.0,1,1,1.0
169,1,636.0,101.0,65.0,196.0,1,1,1.0
170,1,627.0,102.0,69.0,198.0,1,1,1.0
171,1,610.0,103.0,84.0,198.0,1,1,1.0
172,1,597.0,106.0,96.0,197.0,1,1,1.0
173,1,588.0,108.0,104.0,196.0,1,1,1.0
174,1,584.0,109.0,104.0,196.0,1,1,1.0
175,1,581.0,110.0,97.0,196.0,1,1,1.0
176,1,575.0,111.0,88.0,196.0,1,1,1.0
177,1,568.0,112.0,77.0,195.0,1,1,1.0
178,1,562.0,112.0,64.0,195.0,1,1,1.0
179,1,553.0,112.0,66.0,195.0,1,1,1.0
180,1,542.0,113.0,75.0,194.0,1,1,1.0
181,1,524.0,116.0,91.0,192.0,1,1,1.0
182,1,512.0,118.0,102.0,191.0,1,1,1.0
183,1,504.0,119.0,109.0,192.0,1,1,1.0
184,1,501.0,118.0,107.0,193.0,1,1,1.0
185,1,496.0,120.0,100.0,192.0,1,1,1.0
186,1,489.0,121.0,92.0,192.0,1,1,1.0
187,1,482.0,121.0,80.0,191.0,1,1,1.0
188,1,475.0,122.0,66.0,194.0,1,1,1.0
189,1,465.0,123.0,70.0,196.0,1,1,1.0
190,1,456.0,125.0,77.0,197.0,1,1,1.0
191,1,441.0,127.0,91.0,197.0,1,1,1.0
192,1,430.0,129.0,100.0,196.0,1,1,1.0
193,1,423.0,132.0,104.0,196.0,1,1,1.0
194,1,418.0,133.0,103.0,196.0,1,1,1.0
195,1,412.0,135.0,97.0,195.0,1,1,1.0
196,1,405.0,135.0,88.0,196.0,1,1,1.0
197,1,398.0,134.0,71.0,196.0,1,1,1.0
198,1,391.0,135.0,66.0,195.0,1,1,1.0
199,1,385.0,137.0,70.0,194.0,1,1,1.0
200,1,373.0,138.0,81.0,193.0,1,1,1.0
201,1,360.0,141.0,93.0,193.0,1,1,1.0
202,1,351.0,144.0,100.0,193.0,1,1,1.0
203,1,345.0,146.0,104.0,193.0,1,1,1.0
204,1,339.0,147.0,103.0,193.0,1,1,1.0
205,1,334.0,147.0,95.0,193.0,1,1,1.0
206,1,328.0,147.0,85.0,192.0,1,1,1.0
207,1,320.0,148.0,75.0,193.0,1,1,1.0
208,1,312.0,149.0,69.0,195.0,1,1,1.0
209,1,303.0,151.0,74.0,197.0,1,1,1.0
210,1,291.0,154.0,84.0,197.0,1,1,1.0
211,1,278.0,157.0,96.0,195.0,1,1,1.0
212,1,270.0,159.0,102.0,195.0,1,1,1.0
213,1,266.0,161.0,102.0,196.0,1,1,1.0
214,1,260.0,162.0,99.0,196.0,1,1,1.0
215,1,253.0,163.0,92.0,195.0,1,1,1.0
216,1,247.0,163.0,83.0,196.0,1,1,1.0
217,1,240.0,163.0,71.0,196.0,1,1,1.0
218,1,233.0,164.0,68.0,195.0,1,1,1.0
219,1,226.0,166.0,72.0,193.0,1,1,1.0
220,1,211.0,168.0,87.0,194.0,1,1,1.0
221,1,202.0,171.0,94.0,193.0,1,1,1.0
222,1,194.0,173.0,101.0,193.0,1,1,1.0
223,1,188.0,175.0,103.0,192.0,1,1,1.0
224,1,185.0,177.0,97.0,191.0,1,1,1.0
225,1,181.0,178.0,88.0,190.0,1,1,1.0
226,1,175.0,180.0,77.0,188.0,1,1,1.0
227,1,167.0,180.0,67.0,190.0,1,1,1.0
228,1,160.0,180.0,67.0,195.0,1,1,1.0
229,1,152.0,182.0,72.0,196.0,1,1,1.0
230,1,140.0,186.0,83.0,194.0,1,1,1.0
231,1,131.0,189.0,90.0,192.0,1,1,1.0
232,1,126.0,193.0,93.0,191.0,1,1,1.0
233,1,121.0,195.0,94.0,191.0,1,1,1.0
234,1,115.0,196.0,91.0,191.0,1,1,1.0
235,1,110.0,197.0,83.0,190.0,1,1,1.0
236,1,104.0,197.0,73.0,191.0,1,1,1.0
237,1,98.0,197.0,63.0,191.0,1,1,1.0
238,1,93.0,198.0,62.0,189.0,1,1,1.0
239,1,84.0,201.0,69.0,187.0,1,1,1.0
240,1,74.0,202.0,78.0,188.0,1,1,1.0
241,1,64.0,205.0,88.0,187.0,1,1,1.0
242,1,57.0,207.0,93.0,185.0,1,1,1.0
243,1,50.0,208.0,94.0,187.0,1,1,1.0
244,1,49.0,210.0,85.0,186.0,1,1,1.0
245,1,48.0,210.0,72.0,186.0,1,1,1.0
246,1,48.0,215.0,59.0,181.0,1,1,1.0
247,1,41.0,216.0,53.0,184.0,1,1,1.0
248,1,34.0,214.0,57.0,190.0,1,1,1.0
249,1,26.0,217.0,64.0,189.0,1,1,1.0
250,1,16.0,221.0,74.0,186.0,1,1,1.0
251,1,10.0,224.0,79.0,184.0,1,1,1.0
252,1,7.0,226.0,73.0,184.0,1,1,1.0
253,1,3.0,228.0,76.0,183.0,1,1,1.0
254,1,0.0,229.0,56.0,183.0,1,1,1.0
256,1,0.0,230.0,47.0,182.0,1,1,1.0
257,1,0.0,231.0,38.0,181.0,1,1,1.0
258,1,0.0,245.0,36.0,166.0,1,1,1.0
259,1,0.0,252.0,35.0,159.0,1,1,1.0
260,1,0.0,258.0,35.0,154.0,1,1,1.0
331,2,0.0,212.0,37.0,138.0,1,1,1.0
332,2,0.0,209.0,39.0,140.0,1,1,1.0
333,2,0.0,207.0,39.0,148.0,1,1,1.0
334,2,0.0,204.0,40.0,149.0,1,1,1.0
335,2,5.0,202.0,38.0,149.0,1,1,1.0
336,2,9.0,200.0,40.0,150.0,1,1,1.0
337,2,14.0,198.0,47.0,151.0,1,1,1.0
338,2,17.0,197.0,56.0,152.0,1,1,1.0
339,2,18.0,196.0,63.0,153.0,1,1,1.0
340,2,21.0,195.0,66.0,152.0,1,1,1.0
341,2,24.0,194.0,67.0,151.0,1,1,1.0
342,2,28.0,192.0,63.0,152.0,1,1,1.0
343,2,35.0,188.0,57.0,150.0,1,1,1.0
344,2,40.0,186.0,51.0,148.0,1,1,1.0
345,2,42.0,183.0,49.0,149.0,1,1,1.0
346,2,53.0,185.0,42.0,147.0,1,1,1.0
347,2,61.0,181.0,46.0,150.0,1,1,1.0
348,2,65.0,179.0,52.0,152.0,1,1,1.0
349,2,69.0,177.0,56.0,154.0,1,1,1.0
350,2,71.0,177.0,60.0,152.0,1,1,1.0
351,2,74.0,176.0,59.0,151.0,1,1,1.0
352,2,80.0,175.0,55.0,151.0,1,1,1.0
353,2,88.0,172.0,47.0,149.0,1,1,1.0
354,2,96.0,170.0,40.0,146.0,1,1,1.0
355,2,99.0,166.0,41.0,147.0,1,1,1.0
356,2,104.0,167.0,44.0,147.0,1,1,1.0
357,2,109.0,166.0,52.0,147.0,1,1,1.0
358,2,113.0,165.0,60.0,148.0,1,1,1.0
359,2,116.0,165.0,65.0,147.0,1,1,1.0
360,2,117.0,164.0,67.0,147.0,1,1,1.0
361,2,119.0,163.0,67.0,147.0,1,1,1.0
362,2,124.0,161.0,63.0,147.0,1,1,1.0
363,2,132.0,158.0,55.0,146.0,1,1,1.0
364,2,140.0,156.0,46.0,144.0,1,1,1.0
365,2,146.0,154.0,41.0,144.0,1,1,1.0
366,2,149.0,153.0,42.0,144.0,1,1,1.0
368,2,160.0,152.0,54.0,144.0,1,1,1.0
369,2,163.0,151.0,58.0,144.0,1,1,1.0
370,2,165.0,150.0,60.0,144.0,1,1,1.0
371,2,169.0,146.0,58.0,147.0,1,1,1.0
372,2,175.0,145.0,53.0,145.0,1,1,1.0
373,2,183.0,145.0,46.0,141.0,1,1,1.0
374,2,188.0,142.0,43.0,140.0,1,1,1.0
375,2,193.0,139.0,43.0,142.0,1,1,1.0
376,2,199.0,138.0,47.0,142.0,1,1,1.0
377,2,203.0,139.0,57.0,142.0,1,1,1.0
378,2,206.0,140.0,64.0,140.0,1,1,1.0
379,2,209.0,139.0,68.0,141.0,1,1,1.0
380,2,212.0,137.0,69.0,141.0,1,1,1.0
381,2,213.0,135.0,70.0,141.0,1,1,1.0
382,2,218.0,134.0,66.0,140.0,1,1,1.0
383,2,226.0,133.0,58.0,138.0,1,1,1.0
384,2,236.0,131.0,48.0,137.0,1,1,1.0
385,2,243.0,129.0,41.0,137.0,1,1,1.0
386,2,248.0,128.0,41.0,138.0,1,1,1.0
387,2,252.0,127.0,45.0,139.0,1,1,1.0
388,2,257.0,126.0,52.0,139.0,1,1,1.0
389,2,259.0,126.0,58.0,139.0,1,1,1.0
390,2,262.0,125.0,62.0,139.0,1,1,1.0
391,2,264.0,124.0,63.0,139.0,1,1,1.0
392,2,269.0,122.0,60.0,139.0,1,1,1.0
393,2,276.0,121.0,53.0,138.0,1,1,1.0
394,2,285.0,119.0,44.0,136.0,1,1,1.0
395,2,294.0,117.0,39.0,136.0,1,1,1.0
396,2,298.0,116.0,39.0,135.0,1,1,1.0
397,2,303.0,116.0,39.0,135.0,1,1,1.0
398,2,307.0,117.0,40.0,134.0,1,1,1.0
399,2,309.0,117.0,41.0,135.0,1,1,1.0
400,2,310.0,116.0,44.0,134.0,1,1,1.0
401,2,311.0,116.0,47.0,134.0,1,1,1.0
403,2,328.0,115.0,37.0,110.0,1,1,1.0
404,2,333.0,114.0,37.0,106.0,1,1,1.0
405,2,338.0,113.0,38.0,102.0,1,1,1.0
406,2,342.0,112.0,41.0,102.0,1,1,1.0
407,2,346.0,111.0,50.0,117.0,1,1,1.0
408,2,350.0,111.0,59.0,123.0,1,1,1.0
409,2,354.0,111.0,65.0,124.0,1,1,1.0
410,2,359.0,111.0,60.0,126.0,1,1,1.0
411,2,364.0,111.0,61.0,127.0,1,1,1.0
412,2,368.0,108.0,60.0,130.0,1,1,1.0
413,2,372.0,107.0,58.0,131.0,1,1,1.0
414,2,376.0,104.0,54.0,134.0,1,1,1.0
415,2,379.0,103.0,50.0,136.0,1,1,1.0
416,2,383.0,103.0,47.0,135.0,1,1,1.0
417,2,386.0,103.0,47.0,136.0,1,1,1.0
418,2,389.0,103.0,48.0,135.0,1,1,1.0
419,2,393.0,104.0,51.0,135.0,1,1,1.0
420,2,397.0,105.0,55.0,134.0,1,1,1.0
421,2,400.0,105.0,56.0,134.0,1,1,1.0
422,2,403.0,104.0,55.0,135.0,1,1,1.0
423,2,407.0,103.0,52.0,137.0,1,1,1.0
424,2,410.0,102.0,49.0,138.0,1,1,1.0
425,2,412.0,101.0,48.0,138.0,1,1,1.0
426,2,416.0,101.0,49.0,138.0,1,1,1.0
427,2,419.0,101.0,55.0,139.0,1,1,1.0
428,2,422.0,100.0,62.0,139.0,1,1,1.0
429,2,426.0,101.0,63.0,139.0,1,1,1.0
430,2,429.0,100.0,65.0,139.0,1,1,1.0
431,2,434.0,100.0,64.0,140.0,1,1,1.0
432,2,439.0,99.0,59.0,140.0,1,1,1.0
433,2,443.0,98.0,57.0,142.0,1,1,1.0
434,2,446.0,97.0,54.0,143.0,1,1,1.0
435,2,450.0,96.0,50.0,144.0,1,1,1.0
436,2,453.0,95.0,49.0,146.0,1,1,1.0
437,2,455.0,95.0,50.0,146.0,1,1,1.0
438,2,459.0,95.0,57.0,146.0,1,1,1.0
439,2,463.0,97.0,60.0,146.0,1,1,1.0
440,2,466.0,97.0,59.0,146.0,1,1,1.0
441,2,469.0,98.0,60.0,147.0,1,1,1.0
442,2,472.0,98.0,62.0,148.0,1,1,1.0
443,2,476.0,98.0,60.0,149.0,1,1,1.0
444,2,479.0,97.0,56.0,150.0,1,1,1.0
445,2,483.0,95.0,52.0,151.0,1,1,1.0
446,2,487.0,94.0,53.0,151.0,1,1,1.0
447,2,490.0,94.0,59.0,152.0,1,1,1.0
448,2,494.0,94.0,65.0,152.0,1,1,1.0
449,2,498.0,95.0,69.0,151.0,1,1,1.0
450,2,502.0,95.0,70.0,151.0,1,1,1.0
451,2,506.0,95.0,69.0,152.0,1,1,1.0
452,2,511.0,94.0,65.0,152.0,1,1,1.0
453,2,513.0,93.0,63.0,153.0,1,1,1.0
454,2,518.0,92.0,59.0,154.0,1,1,1.0
455,2,521.0,91.0,56.0,156.0,1,1,1.0
456,2,526.0,91.0,57.0,157.0,1,1,1.0
457,2,530.0,91.0,60.0,159.0,1,1,1.0
458,2,534.0,92.0,64.0,159.0,1,1,1.0
459,2,538.0,93.0,68.0,158.0,1,1,1.0
460,2,542.0,94.0,69.0,158.0,1,1,1.0
461,2,546.0,94.0,69.0,158.0,1,1,1.0
462,2,550.0,93.0,67.0,159.0,1,1,1.0
463,2,553.0,92.0,63.0,161.0,1,1,1.0
464,2,557.0,91.0,57.0,162.0,1,1,1.0
465,2,561.0,90.0,55.0,163.0,1,1,1.0
466,2,565.0,89.0,56.0,164.0,1,1,1.0
467,2,570.0,89.0,64.0,164.0,1,1,1.0
468,2,574.0,91.0,73.0,163.0,1,1,1.0
469,2,578.0,92.0,77.0,162.0,1,1,1.0
470,2,582.0,93.0,76.0,161.0,1,1,1.0
471,2,587.0,92.0,73.0,162.0,1,1,1.0
472,2,592.0,92.0,70.0,162.0,1,1,1.0
473,2,597.0,91.0,65.0,163.0,1,1,1.0
474,2,602.0,90.0,59.0,165.0,1,1,1.0
475,2,607.0,89.0,55.0,167.0,1,1,1.0
476,2,611.0,89.0,57.0,169.0,1,1,1.0
477,2,616.0,90.0,61.0,168.0,1,1,1.0
478,2,621.0,90.0,66.0,168.0,1,1,1.0
479,2,626.0,90.0,70.0,168.0,1,1,1.0
480,2,631.0,90.0,72.0,170.0,1,1,1.0
481,2,636.0,90.0,72.0,171.0,1,1,1.0
482,2,641.0,89.0,68.0,172.0,1,1,1.0
483,2,645.0,88.0,62.0,173.0,1,1,1.0
484,2,650.0,87.0,58.0,174.0,1,1,1.0
485,2,655.0,87.0,58.0,174.0,1,1,1.0
486,2,660.0,86.0,65.0,176.0,1,1,1.0
487,2,665.0,87.0,75.0,175.0,1,1,1.0
488,2,670.0,88.0,83.0,174.0,1,1,1.0
489,2,675.0,89.0,85.0,173.0,1,1,1.0
490,2,680.0,89.0,83.0,173.0,1,1,1.0
491,2,684.0,88.0,81.0,176.0,1,1,1.0
492,2,689.0,87.0,77.0,177.0,1,1,1.0
493,2,698.0,86.0,68.0,178.0,1,1,1.0
494,2,705.0,85.0,61.0,178.0,1,1,1.0
495,2,711.0,85.0,56.0,181.0,1,1,1.0
496,2,716.0,86.0,58.0,182.0,1,1,1.0
497,2,721.0,86.0,64.0,183.0,1,1,1.0
498,2,727.0,88.0,70.0,179.0,1,1,1.0
499,2,732.0,90.0,74.0,179.0,1,1,1.0
500,2,738.0,90.0,77.0,180.0,1,1,1.0
501,2,744.0,90.0,76.0,181.0,1,1,1.0
502,2,750.0,90.0,71.0,182.0,1,1,1.0
503,2,755.0,89.0,64.0,183.0,1,1,1.0
504,2,761.0,88.0,62.0,184.0,1,1,1.0
505,2,767.0,87.0,64.0,184.0,1,1,1.0
506,2,773.0,87.0,74.0,184.0,1,1,1.0
507,2,779.0,88.0,85.0,183.0,1,1,1.0
508,2,786.0,89.0,90.0,183.0,1,1,1.0
509,2,790.0,89.0,90.0,182.0,1,1,1.0
510,2,792.0,89.0,89.0,183.0,1,1,1.0
511,2,797.0,89.0,81.0,183.0,1,1,1.0
512,2,806.0,87.0,73.0,183.0,1,1,1.0
513,2,819.0,86.0,62.0,183.0,1,1,1.0
514,2,828.0,85.0,57.0,184.0,1,1,1.0
515,2,834.0,84.0,60.0,185.0,1,1,1.0
516,2,840.0,84.0,67.0,192.0,1,1,1.0
517,2,846.0,86.0,73.0,195.0,1,1,1.0
518,2,852.0,88.0,79.0,193.0,1,1,1.0
519,2,857.0,90.0,85.0,195.0,1,1,1.0
520,2,860.0,90.0,87.0,198.0,1,1,1.0
521,2,866.0,90.0,86.0,200.0,1,1,1.0
522,2,876.0,89.0,75.0,201.0,1,1,1.0
523,2,886.0,88.0,64.0,202.0,1,1,1.0
524,2,893.0,87.0,64.0,203.0,1,1,1.0
525,2,901.0,86.0,65.0,204.0,1,1,1.0
526,2,908.0,87.0,75.0,203.0,1,1,1.0
527,2,915.0,88.0,87.0,203.0,1,1,1.0
528,2,920.0,90.0,96.0,203.0,1,1,1.0
529,2,922.0,91.0,101.0,204.0,1,1,1.0
530,2,925.0,92.0,101.0,205.0,1,1,1.0
531,2,930.0,92.0,98.0,206.0,1,1,1.0
532,2,943.0,91.0,85.0,207.0,1,1,1.0
533,2,958.0,90.0,70.0,208.0,1,1,1.0
534,2,968.0,89.0,64.0,211.0,1,1,1.0
535,2,976.0,89.0,63.0,215.0,1,1,1.0
536,2,983.0,90.0,72.0,216.0,1,1,1.0
537,2,990.0,92.0,79.0,216.0,1,1,1.0
538,2,993.0,94.0,94.0,215.0,1,1,1.0
539,2,996.0,96.0,104.0,216.0,1,1,1.0
540,2,1001.0,98.0,95.0,217.0,1,1,1.0
541,2,1012.0,99.0,82.0,217.0,1,1,1.0
542,2,1026.0,99.0,79.0,217.0,1,1,1.0
543,2,1038.0,99.0,69.0,217.0,1,1,1.0
544,2,1048.0,99.0,67.0,217.0,1,1,1.0
545,2,1056.0,100.0,73.0,216.0,1,1,1.0
546,2,1063.0,102.0,87.0,217.0,1,1,1.0
547,2,1066.0,104.0,102.0,217.0,1,1,1.0
548,2,1067.0,106.0,109.0,217.0,1,1,1.0
549,2,1070.0,108.0,112.0,218.0,1,1,1.0
550,2,1076.0,109.0,109.0,218.0,1,1,1.0
551,2,1087.0,109.0,99.0,219.0,1,1,1.0
552,2,1100.0,108.0,87.0,220.0,1,1,1.0
553,2,1120.0,108.0,71.0,221.0,1,1,1.0
554,2,1132.0,108.0,67.0,224.0,1,1,1.0
555,2,1141.0,109.0,72.0,228.0,1,1,1.0
556,2,1146.0,110.0,87.0,230.0,1,1,1.0
557,2,1148.0,113.0,102.0,229.0,1,1,1.0
558,2,1150.0,115.0,116.0,230.0,1,1,1.0
559,2,1153.0,116.0,121.0,232.0,1,1,1.0
560,2,1164.0,117.0,114.0,233.0,1,1,1.0
561,2,1178.0,117.0,100.0,234.0,1,1,1.0
562,2,1197.0,116.0,81.0,235.0,1,1,1.0
563,2,1212.0,116.0,71.0,235.0,1,1,1.0
564,2,1224.0,116.0,69.0,234.0,1,1,1.0
565,2,1228.0,117.0,86.0,234.0,1,1,1.0
566,2,1230.0,119.0,105.0,235.0,1,1,1.0
567,2,1232.0,122.0,118.0,234.0,1,1,1.0
568,2,1234.0,124.0,123.0,235.0,1,1,1.0
569,2,1239.0,125.0,120.0,236.0,1,1,1.0
570,2,1251.0,125.0,110.0,236.0,1,1,1.0
571,2,1270.0,125.0,95.0,236.0,1,1,1.0
572,2,1292.0,125.0,79.0,238.0,1,1,1.0
573,2,1308.0,125.0,71.0,242.0,1,1,1.0
574,2,1317.0,126.0,74.0,247.0,1,1,1.0
575,2,1319.0,129.0,88.0,247.0,1,1,1.0
576,2,1321.0,132.0,104.0,247.0,1,1,1.0
577,2,1322.0,134.0,116.0,247.0,1,1,1.0
578,2,1325.0,136.0,121.0,249.0,1,1,1.0
579,2,1335.0,138.0,118.0,249.0,1,1,1.0
580,2,1351.0,138.0,104.0,249.0,1,1,1.0
