1,1,780.0,167.0,42.0,132.0,1,1,1.0
2,1,777.0,167.0,45.0,133.0,1,1,1.0
3,1,775.0,167.0,46.0,133.0,1,1,1.0
4,1,776.0,187.0,40.0,115.0,1,1,1.0
5,1,776.0,193.0,36.0,110.0,1,1,1.0
6,1,775.0,194.0,33.0,109.0,1,1,1.0
7,1,774.0,194.0,32.0,109.0,1,1,1.0
8,1,772.0,194.0,33.0,109.0,1,1,1.0
9,1,771.0,194.0,34.0,109.0,1,1,1.0
10,1,770.0,194.0,34.0,111.0,1,1,1.0
11,1,769.0,194.0,35.0,113.0,1,1,1.0
12,1,768.0,195.0,35.0,114.0,1,1,1.0
13,1,768.0,196.0,35.0,113.0,1,1,1.0
14,1,767.0,196.0,34.0,114.0,1,1,1.0
15,1,767.0,197.0,34.0,115.0,1,1,1.0
16,1,767.0,197.0,36.0,115.0,1,1,1.0
17,1,766.0,196.0,36.0,116.0,1,1,1.0
18,1,766.0,196.0,36.0,116.0,1,1,1.0
19,1,765.0,196.0,36.0,115.0,1,1,1.0
20,1,762.0,196.0,39.0,116.0,1,1,1.0
21,1,759.0,197.0,43.0,117.0,1,1,1.0
22,1,757.0,198.0,44.0,118.0,1,1,1.0
23,1,755.0,199.0,46.0,119.0,1,1,1.0
24,1,756.0,200.0,44.0,119.0,1,1,1.0
25,1,754.0,200.0,43.0,119.0,1,1,1.0
26,1,754.0,200.0,41.0,120.0,1,1,1.0
27,1,753.0,200.0,40.0,120.0,1,1,1.0
28,1,752.0,200.0,39.0,120.0,1,1,1.0
29,1,751.0,201.0,38.0,121.0,1,1,1.0
30,1,751.0,203.0,38.0,122.0,1,1,1.0
31,1,750.0,204.0,38.0,123.0,1,1,1.0
32,1,750.0,205.0,38.0,124.0,1,1,1.0
33,1,750.0,205.0,38.0,125.0,1,1,1.0
34,1,750.0,205.0,37.0,125.0,1,1,1.0
35,1,751.0,205.0,38.0,125.0,1,1,1.0
36,1,751.0,205.0,39.0,125.0,1,1,1.0
37,1,751.0,205.0,40.0,125.0,1,1,1.0
38,1,751.0,206.0,40.0,125.0,1,1,1.0
39,1,750.0,206.0,43.0,127.0,1,1,1.0
40,1,750.0,207.0,45.0,126.0,1,1,1.0
41,1,749.0,209.0,43.0,126.0,1,1,1.0
42,1,749.0,210.0,44.0,128.0,1,1,1.0
43,1,748.0,211.0,45.0,129.0,1,1,1.0
44,1,747.0,211.0,49.0,130.0,1,1,1.0
45,1,746.0,211.0,49.0,130.0,1,1,1.0
46,1,745.0,211.0,47.0,130.0,1,1,1.0
47,1,745.0,211.0,45.0,130.0,1,1,1.0
48,1,745.0,212.0,42.0,130.0,1,1,1.0
49,1,744.0,212.0,41.0,132.0,1,1,1.0
50,1,744.0,214.0,40.0,132.0,1,1,1.0
51,1,744.0,215.0,40.0,133.0,1,1,1.0
52,1,743.0,215.0,40.0,134.0,1,1,1.0
53,1,744.0,216.0,39.0,135.0,1,1,1.0
54,1,745.0,217.0,39.0,135.0,1,1,1.0
55,1,745.0,217.0,40.0,135.0,1,1,1.0
56,1,745.0,217.0,41.0,136.0,1,1,1.0
57,1,745.0,217.0,43.0,136.0,1,1,1.0
58,1,745.0,217.0,45.0,137.0,1,1,1.0
59,1,745.0,218.0,47.0,139.0,1,1,1.0
60,1,745.0,219.0,50.0,141.0,1,1,1.0
61,1,744.0,221.0,52.0,139.0,1,1,1.0
62,1,744.0,223.0,53.0,139.0,1,1,1.0
63,1,744.0,224.0,53.0,139.0,1,1,1.0
64,1,743.0,224.0,52.0,141.0,1,1,1.0
65,1,743.0,225.0,50.0,141.0,1,1,1.0
66,1,742.0,225.0,48.0,141.0,1,1,1.0
67,1,742.0,225.0,45.0,141.0,1,1,1.0
68,1,742.0,226.0,44.0,144.0,1,1,1.0
69,1,742.0,227.0,45.0,145.0,1,1,1.0
70,1,742.0,229.0,47.0,146.0,1,1,1.0
71,1,743.0,230.0,46.0,147.0,1,1,1.0
72,1,744.0,231.0,47.0,148.0,1,1,1.0
73,1,745.0,231.0,46.0,148.0,1,1,1.0
74,1,746.0,231.0,45.0,149.0,1,1,1.0
75,1,747.0,231.0,47.0,149.0,1,1,1.0
76,1,747.0,231.0,48.0,149.0,1,1,1.0
77,1,749.0,231.0,50.0,151.0,1,1,1.0
78,1,750.0,231.0,52.0,153.0,1,1,1.0
79,1,751.0,234.0,53.0,154.0,1,1,1.0
80,1,752.0,236.0,55.0,153.0,1,1,1.0
81,1,752.0,238.0,57.0,154.0,1,1,1.0
82,1,752.0,239.0,57.0,155.0,1,1,1.0
83,1,753.0,239.0,57.0,155.0,1,1,1.0
84,1,753.0,238.0,56.0,155.0,1,1,1.0
85,1,753.0,238.0,53.0,155.0,1,1,1.0
86,1,754.0,239.0,50.0,155.0,1,1,1.0
87,1,754.0,242.0,49.0,153.0,1,1,1.0
88,1,754.0,244.0,49.0,154.0,1,1,1.0
89,1,755.0,245.0,49.0,155.0,1,1,1.0
90,1,756.0,248.0,49.0,155.0,1,1,1.0
91,1,757.0,249.0,49.0,158.0,1,1,1.0
92,1,758.0,250.0,49.0,159.0,1,1,1.0
93,1,760.0,250.0,50.0,161.0,1,1,1.0
94,1,762.0,250.0,50.0,161.0,1,1,1.0
95,1,763.0,250.0,50.0,162.0,1,1,1.0
96,1,764.0,250.0,51.0,162.0,1,1,1.0
97,1,765.0,251.0,53.0,163.0,1,1,1.0
98,1,766.0,252.0,56.0,165.0,1,1,1.0
99,1,766.0,255.0,59.0,166.0,1,1,1.0
100,1,767.0,258.0,61.0,165.0,1,1,1.0
101,1,767.0,259.0,63.0,166.0,1,1,1.0
102,1,767.0,261.0,65.0,167.0,1,1,1.0
103,1,767.0,261.0,64.0,167.0,1,1,1.0
104,1,767.0,261.0,62.0,167.0,1,1,1.0
105,1,767.0,262.0,59.0,166.0,1,1,1.0
106,1,766.0,262.0,56.0,166.0,1,1,1.0
107,1,766.0,263.0,53.0,167.0,1,1,1.0
108,1,766.0,265.0,52.0,171.0,1,1,1.0
109,1,765.0,267.0,53.0,172.0,1,1,1.0
110,1,766.0,270.0,54.0,172.0,1,1,1.0
111,1,766.0,272.0,54.0,174.0,1,1,1.0
112,1,768.0,273.0,53.0,175.0,1,1,1.0
113,1,768.0,273.0,54.0,176.0,1,1,1.0
114,1,769.0,274.0,55.0,176.0,1,1,1.0
115,1,770.0,274.0,56.0,176.0,1,1,1.0
116,1,770.0,274.0,59.0,175.0,1,1,1.0
117,1,770.0,275.0,63.0,178.0,1,1,1.0
118,1,771.0,277.0,67.0,180.0,1,1,1.0
119,1,770.0,280.0,70.0,181.0,1,1,1.0
120,1,770.0,283.0,72.0,181.0,1,1,1.0
121,1,770.0,285.0,74.0,183.0,1,1,1.0
122,1,769.0,286.0,75.0,185.0,1,1,1.0
123,1,768.0,287.0,73.0,185.0,1,1,1.0
124,1,767.0,288.0,72.0,185.0,1,1,1.0
125,1,766.0,288.0,68.0,184.0,1,1,1.0
126,1,766.0,288.0,64.0,184.0,1,1,1.0
127,1,765.0,290.0,61.0,186.0,1,1,1.0
128,1,764.0,292.0,61.0,189.0,1,1,1.0
129,1,764.0,295.0,61.0,190.0,1,1,1.0
130,1,764.0,298.0,61.0,193.0,1,1,1.0
131,1,765.0,299.0,60.0,196.0,1,1,1.0
132,1,767.0,302.0,60.0,196.0,1,1,1.0
133,1,769.0,303.0,61.0,196.0,1,1,1.0
134,1,769.0,302.0,62.0,196.0,1,1,1.0
135,1,770.0,304.0,64.0,196.0,1,1,1.0
136,1,771.0,304.0,68.0,195.0,1,1,1.0
137,1,771.0,304.0,72.0,200.0,1,1,1.0
138,1,771.0,307.0,77.0,204.0,1,1,1.0
139,1,772.0,310.0,80.0,205.0,1,1,1.0
140,1,771.0,313.0,83.0,207.0,1,1,1.0
141,1,772.0,316.0,86.0,209.0,1,1,1.0
142,1,771.0,317.0,87.0,210.0,1,1,1.0
143,1,770.0,318.0,84.0,210.0,1,1,1.0
144,1,770.0,319.0,80.0,209.0,1,1,1.0
145,1,770.0,319.0,74.0,208.0,1,1,1.0
146,1,769.0,320.0,70.0,208.0,1,1,1.0
147,1,770.0,323.0,67.0,214.0,1,1,1.0
148,1,770.0,326.0,67.0,215.0,1,1,1.0
149,1,770.0,330.0,67.0,217.0,1,1,1.0
150,1,771.0,333.0,67.0,219.0,1,1,1.0
151,1,773.0,335.0,67.0,222.0,1,1,1.0
152,1,775.0,337.0,68.0,223.0,1,1,1.0
153,1,777.0,339.0,68.0,222.0,1,1,1.0
154,1,777.0,339.0,70.0,222.0,1,1,1.0
155,1,778.0,340.0,72.0,221.0,1,1,1.0
156,1,779.0,341.0,78.0,223.0,1,1,1.0
157,1,779.0,343.0,83.0,230.0,1,1,1.0
158,1,779.0,346.0,87.0,234.0,1,1,1.0
159,1,779.0,350.0,90.0,232.0,1,1,1.0
160,1,779.0,353.0,91.0,236.0,1,1,1.0
161,1,778.0,356.0,92.0,239.0,1,1,1.0
162,1,777.0,359.0,91.0,239.0,1,1,1.0
163,1,776.0,360.0,89.0,238.0,1,1,1.0
164,1,775.0,362.0,84.0,237.0,1,1,1.0
165,1,774.0,364.0,80.0,235.0,1,1,1.0
166,1,773.0,366.0,78.0,238.0,1,1,1.0
167,1,772.0,369.0,77.0,246.0,1,1,1.0
168,1,771.0,373.0,76.0,251.0,1,1,1.0
169,1,771.0,378.0,76.0,248.0,1,1,1.0
170,1,771.0,382.0,76.0,250.0,1,1,1.0
171,1,772.0,386.0,77.0,252.0,1,1,1.0
172,1,773.0,388.0,77.0,252.0,1,1,1.0
173,1,774.0,390.0,78.0,251.0,1,1,1.0
174,1,774.0,391.0,80.0,250.0,1,1,1.0
175,1,773.0,392.0,85.0,248.0,1,1,1.0
176,1,773.0,395.0,90.0,254.0,1,1,1.0
177,1,772.0,399.0,95.0,263.0,1,1,1.0
178,1,772.0,404.0,100.0,264.0,1,1,1.0
179,1,771.0,410.0,103.0,265.0,1,1,1.0
180,1,770.0,414.0,105.0,271.0,1,1,1.0
181,1,768.0,418.0,106.0,271.0,1,1,1.0
182,1,767.0,421.0,103.0,270.0,1,1,1.0
183,1,766.0,422.0,100.0,268.0,1,1,1.0
184,1,764.0,424.0,95.0,266.0,1,1,1.0
185,1,763.0,427.0,90.0,264.0,1,1,1.0
186,1,762.0,431.0,88.0,272.0,1,1,1.0
187,1,761.0,436.0,88.0,276.0,1,1,1.0
188,1,761.0,441.0,88.0,278.0,1,1,1.0
189,1,762.0,446.0,88.0,282.0,1,1,1.0
190,1,764.0,451.0,88.0,288.0,1,1,1.0
191,1,766.0,455.0,89.0,289.0,1,1,1.0
192,1,767.0,457.0,90.0,288.0,1,1,1.0
193,1,769.0,460.0,92.0,286.0,1,1,1.0
194,1,770.0,462.0,96.0,284.0,1,1,1.0
195,1,771.0,464.0,103.0,288.0,1,1,1.0
196,1,772.0,468.0,111.0,299.0,1,1,1.0
197,1,773.0,473.0,117.0,305.0,1,1,1.0
198,1,773.0,480.0,122.0,308.0,1,1,1.0
199,1,773.0,487.0,126.0,314.0,1,1,1.0
200,1,773.0,492.0,129.0,317.0,1,1,1.0
201,1,773.0,496.0,129.0,317.0,1,1,1.0
202,1,772.0,500.0,127.0,314.0,1,1,1.0
203,1,772.0,503.0,121.0,311.0,1,1,1.0
204,1,772.0,507.0,114.0,307.0,1,1,1.0
205,1,771.0,516.0,107.0,319.0,1,1,1.0
206,1,771.0,525.0,105.0,324.0,1,1,1.0
207,1,771.0,533.0,105.0,326.0,1,1,1.0
208,1,773.0,540.0,105.0,333.0,1,1,1.0
209,1,777.0,545.0,104.0,337.0,1,1,1.0
210,1,780.0,550.0,105.0,335.0,1,1,1.0
211,1,782.0,554.0,107.0,332.0,1,1,1.0
212,1,784.0,557.0,110.0,329.0,1,1,1.0
213,1,785.0,561.0,119.0,325.0,1,1,1.0
214,1,786.0,566.0,130.0,337.0,1,1,1.0
215,1,787.0,572.0,139.0,353.0,1,1,1.0
216,1,788.0,580.0,147.0,359.0,1,1,1.0
217,1,789.0,589.0,154.0,365.0,1,1,1.0
218,1,788.0,598.0,160.0,374.0,1,1,1.0
219,1,787.0,605.0,164.0,373.0,1,1,1.0
220,1,786.0,611.0,163.0,369.0,1,1,1.0
221,1,785.0,617.0,156.0,363.0,1,1,1.0
222,1,785.0,623.0,145.0,358.0,1,1,1.0
223,1,784.0,629.0,134.0,351.0,1,1,1.0
224,1,783.0,637.0,128.0,364.0,1,1,1.0
225,1,782.0,646.0,127.0,376.0,1,1,1.0
226,1,781.0,658.0,127.0,381.0,1,1,1.0
227,1,782.0,668.0,128.0,384.0,1,1,1.0
228,1,784.0,678.0,130.0,391.0,1,1,1.0
229,1,787.0,686.0,130.0,392.0,1,1,1.0
230,1,789.0,694.0,133.0,388.0,1,1,1.0
231,1,791.0,700.0,135.0,383.0,1,1,1.0
232,1,792.0,706.0,140.0,377.0,1,1,1.0
233,1,793.0,712.0,153.0,371.0,1,1,1.0
234,1,794.0,721.0,166.0,362.0,1,1,1.0
235,1,794.0,732.0,178.0,350.0,1,1,1.0
236,1,795.0,744.0,189.0,338.0,1,1,1.0
237,1,794.0,757.0,197.0,324.0,1,1,1.0
238,1,791.0,769.0,203.0,312.0,1,1,1.0
239,1,789.0,779.0,205.0,301.0,1,1,1.0
240,1,787.0,790.0,202.0,290.0,1,1,1.0
241,1,785.0,800.0,193.0,280.0,1,1,1.0
242,1,782.0,810.0,181.0,269.0,1,1,1.0
243,1,780.0,821.0,170.0,258.0,1,1,1.0
244,1,776.0,834.0,166.0,245.0,1,1,1.0
245,1,774.0,863.0,165.0,216.0,1,1,1.0
246,1,773.0,884.0,168.0,195.0,1,1,1.0
247,1,775.0,899.0,168.0,180.0,1,1,1.0
248,1,778.0,913.0,170.0,166.0,1,1,1.0
249,1,778.0,925.0,173.0,154.0,1,1,1.0
250,1,777.0,936.0,178.0,143.0,1,1,1.0
251,1,777.0,949.0,184.0,130.0,1,1,1.0
252,1,776.0,961.0,195.0,118.0,1,1,1.0
253,1,775.0,978.0,200.0,101.0,1,1,1.0
254,1,778.0,997.0,188.0,82.0,1,1,1.0
255,1,781.0,1017.0,163.0,61.0,1,1,1.0
402,2,60.0,476.0,117.0,265.0,1,1,1.0
403,2,65.0,472.0,116.0,268.0,1,1,1.0
404,2,77.0,467.0,108.0,270.0,1,1,1.0
405,2,92.0,462.0,93.0,265.0,1,1,1.0
406,2,104.0,458.0,81.0,262.0,1,1,1.0
407,2,114.0,454.0,74.0,258.0,1,1,1.0
408,2,122.0,452.0,84.0,257.0,1,1,1.0
409,2,131.0,450.0,101.0,258.0,1,1,1.0
410,2,141.0,451.0,116.0,258.0,1,1,1.0
411,2,150.0,450.0,123.0,258.0,1,1,1.0
412,2,154.0,449.0,128.0,256.0,1,1,1.0
413,2,157.0,447.0,130.0,256.0,1,1,1.0
414,2,165.0,444.0,125.0,256.0,1,1,1.0
415,2,179.0,441.0,112.0,252.0,1,1,1.0
416,2,197.0,437.0,93.0,251.0,1,1,1.0
417,2,210.0,433.0,80.0,253.0,1,1,1.0
418,2,218.0,430.0,75.0,255.0,1,1,1.0
419,2,226.0,429.0,89.0,256.0,1,1,1.0
420,2,234.0,428.0,104.0,258.0,1,1,1.0
421,2,242.0,427.0,112.0,259.0,1,1,1.0
422,2,249.0,425.0,116.0,261.0,1,1,1.0
423,2,255.0,421.0,115.0,264.0,1,1,1.0
424,2,265.0,418.0,107.0,262.0,1,1,1.0
425,2,281.0,414.0,91.0,258.0,1,1,1.0
426,2,294.0,410.0,79.0,254.0,1,1,1.0
427,2,304.0,407.0,77.0,253.0,1,1,1.0
428,2,314.0,405.0,82.0,251.0,1,1,1.0
429,2,323.0,404.0,98.0,251.0,1,1,1.0
430,2,333.0,404.0,111.0,251.0,1,1,1.0
431,2,337.0,404.0,123.0,251.0,1,1,1.0
432,2,339.0,403.0,129.0,249.0,1,1,1.0
433,2,342.0,401.0,131.0,249.0,1,1,1.0
434,2,350.0,399.0,125.0,247.0,1,1,1.0
435,2,364.0,396.0,111.0,242.0,1,1,1.0
436,2,384.0,393.0,91.0,242.0,1,1,1.0
437,2,398.0,389.0,76.0,244.0,1,1,1.0
438,2,407.0,387.0,71.0,246.0,1,1,1.0
439,2,414.0,387.0,82.0,246.0,1,1,1.0
440,2,421.0,386.0,97.0,247.0,1,1,1.0
441,2,429.0,385.0,104.0,248.0,1,1,1.0
442,2,434.0,384.0,109.0,249.0,1,1,1.0
443,2,440.0,381.0,107.0,251.0,1,1,1.0
444,2,452.0,378.0,96.0,252.0,1,1,1.0
445,2,467.0,375.0,82.0,246.0,1,1,1.0
446,2,481.0,371.0,74.0,243.0,1,1,1.0
447,2,492.0,369.0,72.0,241.0,1,1,1.0
448,2,501.0,368.0,76.0,239.0,1,1,1.0
449,2,510.0,367.0,89.0,239.0,1,1,1.0
450,2,516.0,367.0,104.0,239.0,1,1,1.0
451,2,518.0,367.0,114.0,239.0,1,1,1.0
452,2,519.0,366.0,119.0,236.0,1,1,1.0
453,2,522.0,364.0,120.0,235.0,1,1,1.0
454,2,532.0,362.0,111.0,232.0,1,1,1.0
455,2,548.0,358.0,95.0,228.0,1,1,1.0
456,2,568.0,356.0,77.0,228.0,1,1,1.0
457,2,579.0,353.0,68.0,229.0,1,1,1.0
458,2,587.0,351.0,68.0,231.0,1,1,1.0
459,2,594.0,351.0,77.0,232.0,1,1,1.0
460,2,600.0,351.0,87.0,232.0,1,1,1.0
461,2,603.0,350.0,95.0,231.0,1,1,1.0
462,2,606.0,349.0,99.0,232.0,1,1,1.0
463,2,613.0,346.0,94.0,235.0,1,1,1.0
464,2,626.0,343.0,84.0,232.0,1,1,1.0
465,2,641.0,341.0,75.0,229.0,1,1,1.0
466,2,654.0,339.0,68.0,226.0,1,1,1.0
467,2,664.0,337.0,68.0,223.0,1,1,1.0
468,2,673.0,336.0,74.0,221.0,1,1,1.0
469,2,678.0,336.0,90.0,221.0,1,1,1.0
470,2,680.0,337.0,103.0,220.0,1,1,1.0
471,2,681.0,337.0,109.0,218.0,1,1,1.0
472,2,683.0,336.0,111.0,216.0,1,1,1.0
473,2,690.0,334.0,106.0,216.0,1,1,1.0
474,2,701.0,332.0,95.0,211.0,1,1,1.0
475,2,716.0,329.0,82.0,210.0,1,1,1.0
476,2,733.0,327.0,69.0,210.0,1,1,1.0
477,2,742.0,325.0,67.0,212.0,1,1,1.0
478,2,749.0,324.0,66.0,213.0,1,1,1.0
479,2,755.0,324.0,73.0,213.0,1,1,1.0
480,2,759.0,325.0,80.0,212.0,1,1,1.0
481,2,760.0,323.0,86.0,213.0,1,1,1.0
482,2,766.0,322.0,85.0,213.0,1,1,1.0
483,2,775.0,319.0,81.0,213.0,1,1,1.0
484,2,787.0,317.0,73.0,208.0,1,1,1.0
485,2,806.0,313.0,65.0,206.0,1,1,1.0
486,2,817.0,311.0,63.0,204.0,1,1,1.0
487,2,824.0,310.0,73.0,204.0,1,1,1.0
488,2,827.0,311.0,86.0,203.0,1,1,1.0
489,2,828.0,311.0,96.0,203.0,1,1,1.0
490,2,828.0,312.0,100.0,202.0,1,1,1.0
491,2,831.0,311.0,99.0,200.0,1,1,1.0
492,2,836.0,310.0,95.0,198.0,1,1,1.0
493,2,847.0,308.0,85.0,195.0,1,1,1.0
494,2,861.0,306.0,77.0,195.0,1,1,1.0
495,2,878.0,304.0,65.0,196.0,1,1,1.0
496,2,886.0,303.0,62.0,197.0,1,1,1.0
497,2,892.0,302.0,61.0,198.0,1,1,1.0
498,2,897.0,302.0,64.0,198.0,1,1,1.0
499,2,899.0,302.0,70.0,197.0,1,1,1.0
500,2,901.0,302.0,74.0,197.0,1,1,1.0
501,2,906.0,301.0,75.0,197.0,1,1,1.0
502,2,916.0,300.0,68.0,195.0,1,1,1.0
503,2,929.0,297.0,60.0,193.0,1,1,1.0
504,2,940.0,295.0,56.0,192.0,1,1,1.0
505,2,953.0,293.0,57.0,192.0,1,1,1.0
506,2,958.0,292.0,68.0,191.0,1,1,1.0
507,2,960.0,293.0,79.0,190.0,1,1,1.0
508,2,960.0,295.0,84.0,187.0,1,1,1.0
509,2,961.0,298.0,86.0,184.0,1,1,1.0
510,2,965.0,297.0,83.0,183.0,1,1,1.0
511,2,972.0,295.0,79.0,181.0,1,1,1.0
512,2,983.0,292.0,74.0,182.0,1,1,1.0
513,2,997.0,290.0,63.0,183.0,1,1,1.0
514,2,1007.0,291.0,56.0,182.0,1,1,1.0
515,2,1013.0,291.0,57.0,182.0,1,1,1.0
516,2,1016.0,293.0,58.0,180.0,1,1,1.0
517,2,1018.0,293.0,62.0,180.0,1,1,1.0
518,2,1019.0,293.0,66.0,179.0,1,1,1.0
519,2,1022.0,293.0,67.0,179.0,1,1,1.0
520,2,1029.0,292.0,66.0,179.0,1,1,1.0
521,2,1040.0,291.0,60.0,177.0,1,1,1.0
522,2,1050.0,289.0,56.0,174.0,1,1,1.0
523,2,1059.0,287.0,53.0,176.0,1,1,1.0
524,2,1067.0,286.0,51.0,176.0,1,1,1.0
525,2,1070.0,286.0,66.0,174.0,1,1,1.0
526,2,1072.0,287.0,75.0,174.0,1,1,1.0
527,2,1073.0,288.0,79.0,171.0,1,1,1.0
528,2,1075.0,287.0,78.0,170.0,1,1,1.0
529,2,1080.0,287.0,74.0,169.0,1,1,1.0
530,2,1089.0,285.0,69.0,168.0,1,1,1.0
531,2,1100.0,284.0,62.0,168.0,1,1,1.0
532,2,1110.0,282.0,56.0,170.0,1,1,1.0
533,2,1116.0,280.0,54.0,171.0,1,1,1.0
534,2,1120.0,280.0,54.0,172.0,1,1,1.0
535,2,1124.0,281.0,55.0,171.0,1,1,1.0
536,2,1126.0,281.0,61.0,170.0,1,1,1.0
537,2,1129.0,281.0,62.0,170.0,1,1,1.0
538,2,1134.0,281.0,58.0,169.0,1,1,1.0
539,2,1141.0,280.0,54.0,167.0,1,1,1.0
540,2,1148.0,278.0,51.0,165.0,1,1,1.0
