1,1,965.0,217.0,47.0,126.0,1,1,1.0
2,1,965.0,218.0,47.0,126.0,1,1,1.0
3,1,965.0,219.0,47.0,127.0,1,1,1.0
4,1,965.0,219.0,47.0,127.0,1,1,1.0
5,1,965.0,219.0,47.0,127.0,1,1,1.0
6,1,967.0,219.0,46.0,127.0,1,1,1.0
7,1,966.0,218.0,44.0,127.0,1,1,1.0
8,1,968.0,219.0,44.0,127.0,1,1,1.0
9,1,968.0,219.0,44.0,129.0,1,1,1.0
10,1,967.0,219.0,43.0,128.0,1,1,1.0
11,1,968.0,221.0,42.0,129.0,1,1,1.0
12,1,967.0,222.0,42.0,131.0,1,1,1.0
13,1,967.0,222.0,42.0,131.0,1,1,1.0
14,1,967.0,223.0,42.0,132.0,1,1,1.0
15,1,967.0,223.0,42.0,132.0,1,1,1.0
16,1,964.0,222.0,44.0,133.0,1,1,1.0
17,1,963.0,222.0,45.0,133.0,1,1,1.0
18,1,963.0,222.0,45.0,134.0,1,1,1.0
19,1,962.0,223.0,46.0,135.0,1,1,1.0
20,1,962.0,225.0,48.0,135.0,1,1,1.0
21,1,961.0,227.0,47.0,136.0,1,1,1.0
22,1,962.0,228.0,46.0,136.0,1,1,1.0
23,1,963.0,229.0,46.0,136.0,1,1,1.0
24,1,963.0,229.0,45.0,136.0,1,1,1.0
25,1,964.0,229.0,45.0,136.0,1,1,1.0
26,1,964.0,229.0,45.0,137.0,1,1,1.0
27,1,965.0,229.0,44.0,137.0,1,1,1.0
28,1,966.0,228.0,44.0,137.0,1,1,1.0
29,1,967.0,228.0,45.0,140.0,1,1,1.0
30,1,967.0,230.0,44.0,140.0,1,1,1.0
31,1,967.0,231.0,43.0,141.0,1,1,1.0
32,1,968.0,232.0,43.0,142.0,1,1,1.0
33,1,968.0,233.0,41.0,142.0,1,1,1.0
34,1,968.0,233.0,42.0,143.0,1,1,1.0
35,1,968.0,233.0,44.0,143.0,1,1,1.0
36,1,967.0,232.0,44.0,143.0,1,1,1.0
37,1,967.0,232.0,47.0,143.0,1,1,1.0
38,1,967.0,233.0,49.0,144.0,1,1,1.0
39,2,1174.0,243.0,46.0,81.0,1,1,1.0
39,1,966.0,233.0,49.0,145.0,1,1,1.0
40,2,1176.0,243.0,42.0,81.0,1,1,1.0
40,1,966.0,235.0,49.0,146.0,1,1,1.0
41,1,968.0,235.0,48.0,149.0,1,1,1.0
42,1,968.0,237.0,48.0,149.0,1,1,1.0
43,1,969.0,239.0,48.0,148.0,1,1,1.0
44,1,970.0,237.0,48.0,150.0,1,1,1.0
45,1,971.0,234.0,48.0,153.0,1,1,1.0
46,1,972.0,233.0,47.0,154.0,1,1,1.0
47,1,973.0,232.0,48.0,155.0,1,1,1.0
48,1,974.0,232.0,48.0,158.0,1,1,1.0
49,1,974.0,231.0,49.0,161.0,1,1,1.0
50,1,975.0,231.0,50.0,164.0,1,1,1.0
51,1,975.0,231.0,50.0,165.0,1,1,1.0
52,1,976.0,232.0,50.0,167.0,1,1,1.0
53,1,976.0,236.0,50.0,163.0,1,1,1.0
54,1,975.0,235.0,50.0,163.0,1,1,1.0
55,1,975.0,237.0,51.0,162.0,1,1,1.0
56,1,975.0,238.0,52.0,161.0,1,1,1.0
57,1,974.0,237.0,52.0,163.0,1,1,1.0
58,1,974.0,239.0,52.0,163.0,1,1,1.0
59,1,975.0,244.0,52.0,163.0,1,1,1.0
60,1,975.0,248.0,52.0,161.0,1,1,1.0
61,1,977.0,250.0,52.0,160.0,1,1,1.0
62,1,978.0,251.0,50.0,161.0,1,1,1.0
63,1,979.0,251.0,51.0,162.0,1,1,1.0
64,1,980.0,252.0,52.0,161.0,1,1,1.0
65,1,981.0,252.0,52.0,162.0,1,1,1.0
66,1,981.0,251.0,53.0,162.0,1,1,1.0
67,1,982.0,250.0,55.0,165.0,1,1,1.0
68,1,981.0,251.0,57.0,168.0,1,1,1.0
69,2,1166.0,252.0,49.0,71.0,1,1,1.0
69,1,982.0,253.0,57.0,168.0,1,1,1.0
70,2,1167.0,252.0,49.0,72.0,1,1,1.0
70,1,983.0,255.0,57.0,169.0,1,1,1.0
71,1,984.0,257.0,56.0,169.0,1,1,1.0
72,1,982.0,255.0,56.0,172.0,1,1,1.0
73,1,983.0,258.0,56.0,170.0,1,1,1.0
74,1,984.0,258.0,56.0,170.0,1,1,1.0
75,1,982.0,256.0,57.0,172.0,1,1,1.0
76,1,982.0,256.0,57.0,172.0,1,1,1.0
77,1,982.0,257.0,57.0,174.0,1,1,1.0
78,1,982.0,258.0,56.0,177.0,1,1,1.0
79,1,983.0,263.0,56.0,175.0,1,1,1.0
80,1,984.0,266.0,56.0,175.0,1,1,1.0
81,1,985.0,267.0,55.0,176.0,1,1,1.0
82,1,986.0,267.0,55.0,176.0,1,1,1.0
83,1,987.0,268.0,56.0,176.0,1,1,1.0
84,1,987.0,268.0,57.0,176.0,1,1,1.0
85,1,988.0,268.0,58.0,176.0,1,1,1.0
86,1,988.0,268.0,59.0,177.0,1,1,1.0
87,1,988.0,268.0,59.0,182.0,1,1,1.0
88,1,989.0,268.0,60.0,186.0,1,1,1.0
89,1,989.0,271.0,60.0,186.0,1,1,1.0
90,1,989.0,274.0,60.0,186.0,1,1,1.0
91,1,989.0,275.0,60.0,187.0,1,1,1.0
92,1,988.0,276.0,60.0,187.0,1,1,1.0
93,1,988.0,276.0,61.0,188.0,1,1,1.0
94,1,987.0,276.0,61.0,188.0,1,1,1.0
95,1,985.0,275.0,62.0,188.0,1,1,1.0
96,1,985.0,276.0,62.0,189.0,1,1,1.0
97,1,984.0,277.0,63.0,193.0,1,1,1.0
98,1,983.0,278.0,64.0,194.0,1,1,1.0
99,1,983.0,280.0,64.0,195.0,1,1,1.0
100,1,984.0,283.0,64.0,197.0,1,1,1.0
101,1,985.0,284.0,63.0,198.0,1,1,1.0
102,1,986.0,285.0,63.0,199.0,1,1,1.0
103,1,986.0,285.0,64.0,199.0,1,1,1.0
104,1,986.0,285.0,65.0,199.0,1,1,1.0
105,1,988.0,285.0,65.0,199.0,1,1,1.0
106,1,988.0,285.0,65.0,202.0,1,1,1.0
107,1,988.0,285.0,67.0,205.0,1,1,1.0
108,1,989.0,288.0,67.0,206.0,1,1,1.0
109,1,988.0,291.0,68.0,207.0,1,1,1.0
110,1,988.0,294.0,68.0,210.0,1,1,1.0
111,1,988.0,296.0,67.0,211.0,1,1,1.0
112,1,987.0,297.0,66.0,211.0,1,1,1.0
113,1,986.0,298.0,67.0,211.0,1,1,1.0
114,1,985.0,297.0,68.0,212.0,1,1,1.0
115,1,984.0,297.0,68.0,212.0,1,1,1.0
116,1,983.0,298.0,69.0,214.0,1,1,1.0
117,1,983.0,300.0,69.0,217.0,1,1,1.0
118,1,981.0,303.0,70.0,217.0,1,1,1.0
119,1,982.0,306.0,70.0,218.0,1,1,1.0
120,1,983.0,308.0,70.0,222.0,1,1,1.0
121,1,984.0,309.0,70.0,225.0,1,1,1.0
122,1,985.0,309.0,71.0,225.0,1,1,1.0
123,1,986.0,309.0,73.0,226.0,1,1,1.0
124,1,986.0,309.0,74.0,226.0,1,1,1.0
125,1,988.0,309.0,74.0,226.0,1,1,1.0
126,1,989.0,310.0,75.0,231.0,1,1,1.0
127,1,989.0,313.0,75.0,236.0,1,1,1.0
128,1,991.0,317.0,76.0,234.0,1,1,1.0
129,1,992.0,321.0,76.0,235.0,1,1,1.0
130,1,992.0,323.0,75.0,241.0,1,1,1.0
131,1,992.0,326.0,75.0,242.0,1,1,1.0
132,1,991.0,327.0,76.0,241.0,1,1,1.0
133,1,991.0,328.0,77.0,241.0,1,1,1.0
134,1,990.0,328.0,78.0,240.0,1,1,1.0
135,1,990.0,329.0,79.0,239.0,1,1,1.0
136,1,989.0,330.0,80.0,243.0,1,1,1.0
137,1,989.0,333.0,81.0,245.0,1,1,1.0
138,1,989.0,337.0,81.0,247.0,1,1,1.0
139,1,990.0,341.0,81.0,248.0,1,1,1.0
140,3,1160.0,247.0,59.0,72.0,1,1,1.0
140,1,992.0,344.0,80.0,254.0,1,1,1.0
141,1,995.0,346.0,80.0,256.0,1,1,1.0
142,1,996.0,348.0,81.0,256.0,1,1,1.0
143,1,997.0,348.0,83.0,256.0,1,1,1.0
144,1,999.0,348.0,84.0,255.0,1,1,1.0
145,1,999.0,348.0,85.0,257.0,1,1,1.0
146,1,1000.0,351.0,87.0,266.0,1,1,1.0
147,1,1001.0,354.0,88.0,267.0,1,1,1.0
148,1,1002.0,358.0,89.0,268.0,1,1,1.0
149,1,1002.0,363.0,89.0,270.0,1,1,1.0
150,1,1002.0,366.0,89.0,275.0,1,1,1.0
151,1,1001.0,368.0,89.0,276.0,1,1,1.0
152,1,1000.0,369.0,90.0,277.0,1,1,1.0
153,1,1000.0,370.0,90.0,276.0,1,1,1.0
154,1,999.0,370.0,91.0,276.0,1,1,1.0
155,1,998.0,372.0,91.0,276.0,1,1,1.0
156,1,996.0,375.0,93.0,285.0,1,1,1.0
157,1,995.0,379.0,94.0,285.0,1,1,1.0
158,1,996.0,384.0,95.0,287.0,1,1,1.0
159,1,998.0,388.0,94.0,289.0,1,1,1.0
160,1,1000.0,390.0,94.0,296.0,1,1,1.0
161,1,1003.0,393.0,94.0,297.0,1,1,1.0
162,1,1005.0,395.0,96.0,297.0,1,1,1.0
163,1,1006.0,395.0,97.0,297.0,1,1,1.0
164,1,1009.0,396.0,97.0,296.0,1,1,1.0
165,1,1010.0,398.0,98.0,301.0,1,1,1.0
166,1,1011.0,401.0,99.0,312.0,1,1,1.0
167,1,1013.0,406.0,101.0,314.0,1,1,1.0
168,1,1015.0,411.0,101.0,313.0,1,1,1.0
169,1,1014.0,416.0,101.0,315.0,1,1,1.0
170,1,1015.0,421.0,101.0,322.0,1,1,1.0
171,1,1015.0,424.0,101.0,323.0,1,1,1.0
172,1,1014.0,424.0,102.0,323.0,1,1,1.0
173,1,1015.0,426.0,103.0,322.0,1,1,1.0
174,1,1014.0,428.0,104.0,316.0,1,1,1.0
175,1,1013.0,431.0,105.0,323.0,1,1,1.0
176,1,1014.0,436.0,106.0,330.0,1,1,1.0
177,1,1014.0,442.0,106.0,333.0,1,1,1.0
178,1,1014.0,448.0,106.0,337.0,1,1,1.0
179,1,1017.0,453.0,107.0,347.0,1,1,1.0
180,1,1019.0,457.0,107.0,350.0,1,1,1.0
181,1,1021.0,461.0,109.0,349.0,1,1,1.0
182,1,1023.0,464.0,111.0,347.0,1,1,1.0
183,1,1024.0,465.0,113.0,345.0,1,1,1.0
184,1,1025.0,467.0,113.0,343.0,1,1,1.0
185,1,1027.0,471.0,115.0,353.0,1,1,1.0
186,1,1029.0,476.0,116.0,364.0,1,1,1.0
187,1,1030.0,482.0,118.0,369.0,1,1,1.0
188,1,1031.0,489.0,119.0,372.0,1,1,1.0
189,1,1031.0,495.0,119.0,383.0,1,1,1.0
190,1,1030.0,500.0,119.0,386.0,1,1,1.0
191,1,1029.0,505.0,120.0,383.0,1,1,1.0
192,1,1027.0,508.0,122.0,380.0,1,1,1.0
193,1,1025.0,511.0,124.0,377.0,1,1,1.0
194,1,1024.0,515.0,125.0,373.0,1,1,1.0
195,1,1023.0,520.0,126.0,384.0,1,1,1.0
196,1,1022.0,527.0,127.0,393.0,1,1,1.0
197,1,1022.0,536.0,129.0,398.0,1,1,1.0
198,1,1023.0,544.0,130.0,403.0,1,1,1.0
199,1,1025.0,551.0,130.0,415.0,1,1,1.0
200,1,1027.0,557.0,133.0,417.0,1,1,1.0
201,1,1029.0,562.0,136.0,415.0,1,1,1.0
202,1,1031.0,566.0,138.0,411.0,1,1,1.0
203,1,1034.0,569.0,140.0,408.0,1,1,1.0
204,1,1036.0,573.0,142.0,411.0,1,1,1.0
205,1,1037.0,579.0,145.0,434.0,1,1,1.0
206,1,1039.0,588.0,148.0,453.0,1,1,1.0
207,1,1040.0,599.0,149.0,450.0,1,1,1.0
208,1,1039.0,609.0,150.0,451.0,1,1,1.0
209,1,1038.0,618.0,150.0,458.0,1,1,1.0
210,1,1036.0,626.0,151.0,456.0,1,1,1.0
211,1,1034.0,632.0,152.0,451.0,1,1,1.0
212,1,1033.0,637.0,154.0,446.0,1,1,1.0
213,1,1031.0,643.0,157.0,440.0,1,1,1.0
214,1,1027.0,650.0,159.0,433.0,1,1,1.0
215,1,1025.0,660.0,162.0,422.0,1,1,1.0
216,1,1022.0,672.0,164.0,410.0,1,1,1.0
217,1,1020.0,684.0,166.0,397.0,1,1,1.0
218,1,1021.0,698.0,167.0,383.0,1,1,1.0
219,1,1022.0,710.0,169.0,371.0,1,1,1.0
220,1,1022.0,720.0,172.0,360.0,1,1,1.0
221,1,1022.0,729.0,176.0,351.0,1,1,1.0
222,1,1022.0,736.0,178.0,343.0,1,1,1.0
223,1,1021.0,744.0,181.0,336.0,1,1,1.0
224,1,1021.0,754.0,184.0,325.0,1,1,1.0
225,1,1017.0,767.0,191.0,312.0,1,1,1.0
226,1,1011.0,783.0,197.0,296.0,1,1,1.0
227,1,1006.0,800.0,201.0,279.0,1,1,1.0
228,1,1000.0,816.0,203.0,263.0,1,1,1.0
229,1,994.0,829.0,203.0,249.0,1,1,1.0
230,1,988.0,841.0,205.0,237.0,1,1,1.0
231,1,984.0,852.0,206.0,226.0,1,1,1.0
232,1,980.0,863.0,206.0,216.0,1,1,1.0
233,1,974.0,876.0,207.0,203.0,1,1,1.0
234,1,968.0,891.0,209.0,188.0,1,1,1.0
235,1,962.0,910.0,210.0,169.0,1,1,1.0
236,1,960.0,931.0,208.0,147.0,1,1,1.0
237,1,961.0,955.0,203.0,124.0,1,1,1.0
238,1,963.0,976.0,200.0,103.0,1,1,1.0
239,1,969.0,995.0,170.0,84.0,1,1,1.0
362,4,0.0,638.0,48.0,256.0,1,1,1.0
363,4,0.0,633.0,51.0,253.0,1,1,1.0
364,4,0.0,630.0,53.0,256.0,1,1,1.0
365,4,0.0,625.0,61.0,261.0,1,1,1.0
366,4,0.0,619.0,64.0,266.0,1,1,1.0
367,4,0.0,614.0,66.0,269.0,1,1,1.0
369,4,0.0,564.0,66.0,286.0,1,1,1.0
370,4,0.0,549.0,65.0,291.0,1,1,1.0
371,4,0.0,540.0,64.0,292.0,1,1,1.0
372,4,0.0,534.0,65.0,294.0,1,1,1.0
373,4,0.0,530.0,65.0,297.0,1,1,1.0
374,4,0.0,527.0,67.0,299.0,1,1,1.0
375,4,0.0,525.0,71.0,300.0,1,1,1.0
376,4,0.0,523.0,78.0,299.0,1,1,1.0
377,4,0.0,521.0,83.0,287.0,1,1,1.0
378,4,0.0,517.0,90.0,292.0,1,1,1.0
379,4,1.0,513.0,95.0,277.0,1,1,1.0
380,4,4.0,507.0,97.0,276.0,1,1,1.0
381,4,9.0,503.0,99.0,276.0,1,1,1.0
382,4,15.0,500.0,99.0,278.0,1,1,1.0
383,4,22.0,498.0,98.0,281.0,1,1,1.0
384,4,30.0,497.0,98.0,282.0,1,1,1.0
385,4,43.0,493.0,93.0,280.0,1,1,1.0
386,4,54.0,489.0,90.0,280.0,1,1,1.0
387,4,63.0,485.0,91.0,274.0,1,1,1.0
388,4,71.0,482.0,86.0,263.0,1,1,1.0
389,4,79.0,478.0,85.0,248.0,1,1,1.0
390,4,86.0,474.0,87.0,242.0,1,1,1.0
391,4,94.0,472.0,86.0,241.0,1,1,1.0
392,4,102.0,470.0,100.0,246.0,1,1,1.0
393,4,111.0,469.0,112.0,244.0,1,1,1.0
394,4,120.0,467.0,117.0,245.0,1,1,1.0
395,4,129.0,464.0,117.0,247.0,1,1,1.0
396,4,136.0,461.0,115.0,251.0,1,1,1.0
397,4,147.0,457.0,105.0,255.0,1,1,1.0
398,4,158.0,452.0,96.0,264.0,1,1,1.0
399,4,167.0,448.0,90.0,264.0,1,1,1.0
400,4,177.0,445.0,86.0,267.0,1,1,1.0
401,4,187.0,444.0,100.0,267.0,1,1,1.0
402,4,197.0,443.0,115.0,268.0,1,1,1.0
403,4,207.0,443.0,126.0,268.0,1,1,1.0
404,4,215.0,442.0,130.0,267.0,1,1,1.0
405,4,225.0,438.0,130.0,263.0,1,1,1.0
406,4,240.0,434.0,118.0,259.0,1,1,1.0
407,4,257.0,430.0,102.0,259.0,1,1,1.0
408,4,268.0,426.0,90.0,262.0,1,1,1.0
409,4,278.0,423.0,86.0,264.0,1,1,1.0
410,4,288.0,421.0,100.0,266.0,1,1,1.0
411,4,298.0,421.0,113.0,267.0,1,1,1.0
412,4,308.0,420.0,121.0,267.0,1,1,1.0
413,4,315.0,418.0,125.0,268.0,1,1,1.0
414,4,321.0,415.0,126.0,272.0,1,1,1.0
415,4,334.0,412.0,115.0,260.0,1,1,1.0
416,4,349.0,408.0,102.0,265.0,1,1,1.0
417,4,361.0,405.0,93.0,262.0,1,1,1.0
418,4,371.0,402.0,89.0,262.0,1,1,1.0
419,4,382.0,400.0,95.0,260.0,1,1,1.0
420,4,392.0,399.0,111.0,260.0,1,1,1.0
421,4,402.0,399.0,125.0,261.0,1,1,1.0
422,4,411.0,399.0,132.0,260.0,1,1,1.0
423,4,414.0,398.0,136.0,256.0,1,1,1.0
424,4,419.0,397.0,136.0,256.0,1,1,1.0
425,4,444.0,392.0,116.0,252.0,1,1,1.0
426,4,464.0,388.0,95.0,253.0,1,1,1.0
427,4,477.0,385.0,88.0,255.0,1,1,1.0
428,4,488.0,383.0,86.0,257.0,1,1,1.0
429,4,499.0,382.0,97.0,258.0,1,1,1.0
430,4,508.0,382.0,107.0,258.0,1,1,1.0
431,4,515.0,381.0,114.0,258.0,1,1,1.0
432,4,518.0,380.0,120.0,259.0,1,1,1.0
433,4,525.0,378.0,117.0,260.0,1,1,1.0
434,4,540.0,375.0,106.0,256.0,1,1,1.0
435,4,557.0,372.0,93.0,251.0,1,1,1.0
436,4,569.0,368.0,89.0,249.0,1,1,1.0
437,4,580.0,366.0,86.0,250.0,1,1,1.0
438,4,590.0,365.0,94.0,251.0,1,1,1.0
439,4,600.0,365.0,108.0,251.0,1,1,1.0
440,4,607.0,365.0,119.0,251.0,1,1,1.0
441,4,610.0,365.0,126.0,247.0,1,1,1.0
442,4,614.0,364.0,128.0,246.0,1,1,1.0
443,4,622.0,362.0,123.0,244.0,1,1,1.0
444,4,636.0,359.0,109.0,240.0,1,1,1.0
445,4,655.0,356.0,95.0,240.0,1,1,1.0
446,4,670.0,353.0,87.0,241.0,1,1,1.0
447,4,682.0,351.0,85.0,242.0,1,1,1.0
448,4,691.0,351.0,84.0,243.0,1,1,1.0
449,4,700.0,351.0,91.0,243.0,1,1,1.0
450,4,704.0,351.0,99.0,243.0,1,1,1.0
451,4,708.0,351.0,105.0,241.0,1,1,1.0
452,4,715.0,350.0,102.0,239.0,1,1,1.0
453,4,727.0,346.0,98.0,239.0,1,1,1.0
454,4,743.0,342.0,89.0,234.0,1,1,1.0
455,4,755.0,339.0,84.0,234.0,1,1,1.0
456,4,765.0,336.0,83.0,234.0,1,1,1.0
457,4,775.0,335.0,85.0,235.0,1,1,1.0
458,4,784.0,335.0,98.0,234.0,1,1,1.0
459,4,787.0,336.0,112.0,233.0,1,1,1.0
460,4,789.0,337.0,121.0,230.0,1,1,1.0
461,4,791.0,336.0,125.0,228.0,1,1,1.0
462,4,797.0,335.0,121.0,226.0,1,1,1.0
463,4,810.0,333.0,110.0,223.0,1,1,1.0
464,4,828.0,331.0,98.0,224.0,1,1,1.0
465,4,848.0,328.0,85.0,226.0,1,1,1.0
466,4,861.0,326.0,80.0,226.0,1,1,1.0
467,4,870.0,325.0,76.0,227.0,1,1,1.0
468,4,878.0,325.0,78.0,228.0,1,1,1.0
469,4,881.0,326.0,86.0,227.0,1,1,1.0
470,4,883.0,326.0,93.0,227.0,1,1,1.0
471,4,888.0,324.0,94.0,228.0,1,1,1.0
472,4,898.0,322.0,92.0,226.0,1,1,1.0
473,4,912.0,319.0,86.0,222.0,1,1,1.0
474,4,925.0,316.0,78.0,219.0,1,1,1.0
475,4,934.0,314.0,76.0,219.0,1,1,1.0
476,4,942.0,313.0,75.0,219.0,1,1,1.0
477,4,950.0,312.0,84.0,219.0,1,1,1.0
478,4,953.0,313.0,97.0,219.0,1,1,1.0
479,4,956.0,314.0,103.0,217.0,1,1,1.0
480,4,958.0,314.0,106.0,214.0,1,1,1.0
481,4,961.0,313.0,106.0,213.0,1,1,1.0
482,4,969.0,310.0,100.0,212.0,1,1,1.0
483,4,982.0,308.0,93.0,210.0,1,1,1.0
484,4,999.0,306.0,83.0,210.0,1,1,1.0
485,4,1012.0,304.0,76.0,212.0,1,1,1.0
486,4,1021.0,303.0,74.0,213.0,1,1,1.0
487,4,1029.0,303.0,73.0,213.0,1,1,1.0
488,4,1032.0,303.0,77.0,213.0,1,1,1.0
489,4,1033.0,304.0,84.0,212.0,1,1,1.0
490,4,1036.0,304.0,89.0,211.0,1,1,1.0
491,4,1043.0,303.0,88.0,210.0,1,1,1.0
492,4,1054.0,302.0,85.0,207.0,1,1,1.0
493,4,1067.0,300.0,77.0,205.0,1,1,1.0
494,4,1078.0,298.0,73.0,204.0,1,1,1.0
495,4,1086.0,296.0,71.0,205.0,1,1,1.0
496,4,1093.0,295.0,72.0,205.0,1,1,1.0
497,4,1098.0,296.0,73.0,205.0,1,1,1.0
498,4,1101.0,297.0,85.0,205.0,1,1,1.0
499,4,1102.0,298.0,88.0,203.0,1,1,1.0
500,4,1104.0,299.0,93.0,200.0,1,1,1.0
501,4,1107.0,299.0,95.0,198.0,1,1,1.0
502,4,1114.0,295.0,93.0,198.0,1,1,1.0
503,4,1127.0,293.0,85.0,195.0,1,1,1.0
504,4,1142.0,292.0,76.0,193.0,1,1,1.0
505,4,1153.0,290.0,69.0,191.0,1,1,1.0
506,4,1161.0,290.0,68.0,190.0,1,1,1.0
507,4,1166.0,290.0,66.0,190.0,1,1,1.0
508,4,1168.0,291.0,68.0,190.0,1,1,1.0
509,4,1170.0,291.0,73.0,188.0,1,1,1.0
510,4,1174.0,291.0,75.0,187.0,1,1,1.0
511,4,1181.0,291.0,73.0,185.0,1,1,1.0
512,4,1192.0,290.0,70.0,186.0,1,1,1.0
513,4,1201.0,288.0,65.0,189.0,1,1,1.0
514,4,1207.0,286.0,66.0,191.0,1,1,1.0
515,4,1213.0,285.0,63.0,192.0,1,1,1.0
516,4,1217.0,285.0,66.0,192.0,1,1,1.0
517,4,1219.0,286.0,74.0,191.0,1,1,1.0
518,4,1221.0,287.0,79.0,189.0,1,1,1.0
519,4,1222.0,288.0,81.0,187.0,1,1,1.0
520,4,1224.0,288.0,89.0,186.0,1,1,1.0
521,4,1229.0,287.0,83.0,183.0,1,1,1.0
522,4,1239.0,286.0,77.0,182.0,1,1,1.0
523,4,1251.0,284.0,71.0,184.0,1,1,1.0
524,4,1263.0,283.0,71.0,184.0,1,1,1.0
525,4,1270.0,282.0,69.0,185.0,1,1,1.0
526,4,1274.0,283.0,64.0,184.0,1,1,1.0
527,4,1276.0,284.0,63.0,184.0,1,1,1.0
528,4,1277.0,284.0,66.0,183.0,1,1,1.0
529,4,1279.0,284.0,68.0,182.0,1,1,1.0
530,4,1284.0,284.0,69.0,181.0,1,1,1.0
531,4,1292.0,283.0,64.0,179.0,1,1,1.0
532,4,1303.0,282.0,56.0,177.0,1,1,1.0
533,4,1310.0,281.0,55.0,178.0,1,1,1.0
534,4,1316.0,280.0,52.0,178.0,1,1,1.0
535,4,1321.0,280.0,54.0,177.0,1,1,1.0
536,4,1323.0,281.0,64.0,176.0,1,1,1.0
537,4,1324.0,282.0,73.0,175.0,1,1,1.0
538,4,1325.0,283.0,78.0,173.0,1,1,1.0
539,4,1326.0,284.0,81.0,171.0,1,1,1.0
540,4,1329.0,285.0,80.0,169.0,1,1,1.0
541,4,1334.0,285.0,82.0,167.0,1,1,1.0
542,4,1343.0,282.0,75.0,168.0,1,1,1.0
543,4,1355.0,278.0,70.0,172.0,1,1,1.0
544,4,1367.0,277.0,60.0,172.0,1,1,1.0
545,4,1374.0,277.0,54.0,172.0,1,1,1.0
546,4,1379.0,278.0,52.0,172.0,1,1,1.0
547,4,1382.0,280.0,54.0,170.0,1,1,1.0
548,4,1383.0,281.0,60.0,169.0,1,1,1.0
549,4,1384.0,281.0,62.0,169.0,1,1,1.0
550,4,1389.0,280.0,62.0,168.0,1,1,1.0
551,4,1397.0,279.0,59.0,166.0,1,1,1.0
552,4,1403.0,276.0,57.0,166.0,1,1,1.0
553,4,1409.0,274.0,52.0,168.0,1,1,1.0
554,4,1413.0,273.0,54.0,168.0,1,1,1.0
555,4,1417.0,274.0,57.0,166.0,1,1,1.0
556,4,1420.0,274.0,58.0,166.0,1,1,1.0
557,4,1421.0,276.0,62.0,164.0,1,1,1.0
558,4,1422.0,277.0,63.0,163.0,1,1,1.0
559,4,1423.0,278.0,64.0,161.0,1,1,1.0
560,4,1426.0,278.0,65.0,159.0,1,1,1.0
