1,1,834.0,0.0,41.0,97.0,1,1,1.0
2,1,833.0,0.0,40.0,98.0,1,1,1.0
3,1,833.0,0.0,39.0,99.0,1,1,1.0
4,1,832.0,0.0,39.0,99.0,1,1,1.0
5,1,831.0,0.0,41.0,99.0,1,1,1.0
6,1,830.0,0.0,41.0,99.0,1,1,1.0
7,1,830.0,0.0,41.0,100.0,1,1,1.0
8,1,828.0,0.0,42.0,100.0,1,1,1.0
9,1,827.0,0.0,44.0,101.0,1,1,1.0
10,1,827.0,0.0,45.0,101.0,1,1,1.0
11,1,827.0,0.0,46.0,101.0,1,1,1.0
12,1,826.0,0.0,46.0,103.0,1,1,1.0
13,1,826.0,0.0,46.0,105.0,1,1,1.0
14,1,826.0,0.0,46.0,105.0,1,1,1.0
15,1,826.0,0.0,46.0,106.0,1,1,1.0
16,1,827.0,0.0,44.0,106.0,1,1,1.0
17,1,829.0,0.0,43.0,106.0,1,1,1.0
18,1,829.0,0.0,42.0,106.0,1,1,1.0
19,1,830.0,0.0,42.0,107.0,1,1,1.0
20,1,831.0,0.0,41.0,109.0,1,1,1.0
21,1,832.0,0.0,42.0,109.0,1,1,1.0
22,1,832.0,0.0,42.0,110.0,1,1,1.0
23,1,832.0,0.0,43.0,112.0,1,1,1.0
24,1,831.0,0.0,42.0,112.0,1,1,1.0
25,1,830.0,0.0,43.0,112.0,1,1,1.0
26,1,829.0,0.0,44.0,112.0,1,1,1.0
27,1,828.0,0.0,45.0,112.0,1,1,1.0
28,1,827.0,0.0,46.0,113.0,1,1,1.0
29,1,827.0,0.0,47.0,113.0,1,1,1.0
30,1,827.0,0.0,47.0,114.0,1,1,1.0
31,1,826.0,0.0,48.0,115.0,1,1,1.0
32,1,826.0,0.0,49.0,117.0,1,1,1.0
33,1,826.0,0.0,49.0,118.0,1,1,1.0
34,1,827.0,0.0,49.0,118.0,1,1,1.0
35,1,829.0,0.0,49.0,119.0,1,1,1.0
36,1,830.0,0.0,49.0,119.0,1,1,1.0
37,1,832.0,0.0,47.0,119.0,1,1,1.0
38,1,833.0,0.0,47.0,119.0,1,1,1.0
39,1,835.0,0.0,47.0,121.0,1,1,1.0
40,1,835.0,0.0,47.0,122.0,1,1,1.0
41,1,836.0,0.0,47.0,122.0,1,1,1.0
42,1,836.0,0.0,49.0,124.0,1,1,1.0
43,1,835.0,0.0,49.0,125.0,1,1,1.0
44,1,835.0,0.0,49.0,126.0,1,1,1.0
45,1,835.0,0.0,49.0,126.0,1,1,1.0
46,1,835.0,0.0,50.0,126.0,1,1,1.0
47,1,835.0,0.0,50.0,127.0,1,1,1.0
48,1,834.0,0.0,51.0,127.0,1,1,1.0
49,1,833.0,0.0,52.0,128.0,1,1,1.0
50,1,831.0,0.0,54.0,130.0,1,1,1.0
51,1,831.0,0.0,54.0,132.0,1,1,1.0
52,1,831.0,0.0,55.0,134.0,1,1,1.0
53,1,831.0,0.0,55.0,134.0,1,1,1.0
54,1,832.0,0.0,54.0,135.0,1,1,1.0
55,1,833.0,0.0,54.0,135.0,1,1,1.0
56,1,834.0,0.0,53.0,135.0,1,1,1.0
57,1,835.0,0.0,54.0,135.0,1,1,1.0
58,1,835.0,0.0,55.0,135.0,1,1,1.0
59,1,835.0,0.0,56.0,137.0,1,1,1.0
60,1,835.0,0.0,57.0,139.0,1,1,1.0
61,1,834.0,1.0,58.0,140.0,1,1,1.0
62,1,834.0,2.0,58.0,141.0,1,1,1.0
63,1,834.0,3.0,58.0,141.0,1,1,1.0
64,1,834.0,3.0,58.0,141.0,1,1,1.0
65,1,834.0,2.0,59.0,142.0,1,1,1.0
66,1,834.0,2.0,59.0,142.0,1,1,1.0
67,1,834.0,1.0,59.0,143.0,1,1,1.0
68,1,834.0,1.0,58.0,144.0,1,1,1.0
69,1,835.0,1.0,58.0,145.0,1,1,1.0
70,1,835.0,2.0,58.0,146.0,1,1,1.0
71,1,835.0,4.0,58.0,146.0,1,1,1.0
72,1,835.0,6.0,58.0,147.0,1,1,1.0
73,1,836.0,7.0,59.0,147.0,1,1,1.0
74,1,836.0,7.0,59.0,147.0,1,1,1.0
75,1,837.0,7.0,60.0,147.0,1,1,1.0
76,1,838.0,7.0,60.0,147.0,1,1,1.0
77,1,841.0,7.0,59.0,147.0,1,1,1.0
78,1,845.0,7.0,56.0,147.0,1,1,1.0
79,1,848.0,7.0,55.0,149.0,1,1,1.0
80,1,850.0,7.0,55.0,151.0,1,1,1.0
81,1,851.0,9.0,55.0,151.0,1,1,1.0
82,1,850.0,10.0,56.0,152.0,1,1,1.0
83,1,849.0,11.0,59.0,153.0,1,1,1.0
84,1,848.0,11.0,59.0,154.0,1,1,1.0
85,1,848.0,11.0,58.0,154.0,1,1,1.0
86,1,848.0,10.0,57.0,155.0,1,1,1.0
87,1,847.0,9.0,57.0,156.0,1,1,1.0
88,1,845.0,9.0,58.0,157.0,1,1,1.0
89,1,844.0,9.0,59.0,158.0,1,1,1.0
90,1,842.0,11.0,61.0,159.0,1,1,1.0
91,1,840.0,12.0,62.0,160.0,1,1,1.0
92,1,840.0,13.0,64.0,162.0,1,1,1.0
93,1,840.0,13.0,64.0,163.0,1,1,1.0
94,1,842.0,13.0,64.0,164.0,1,1,1.0
95,1,845.0,13.0,63.0,164.0,1,1,1.0
96,1,846.0,13.0,63.0,165.0,1,1,1.0
97,1,850.0,13.0,61.0,165.0,1,1,1.0
98,1,851.0,13.0,61.0,165.0,1,1,1.0
99,1,853.0,13.0,60.0,168.0,1,1,1.0
100,1,854.0,15.0,60.0,168.0,1,1,1.0
101,1,855.0,16.0,61.0,169.0,1,1,1.0
102,1,855.0,17.0,61.0,170.0,1,1,1.0
103,1,855.0,18.0,62.0,171.0,1,1,1.0
104,1,854.0,19.0,62.0,172.0,1,1,1.0
105,1,853.0,19.0,63.0,172.0,1,1,1.0
106,1,851.0,19.0,64.0,172.0,1,1,1.0
107,1,850.0,19.0,65.0,172.0,1,1,1.0
108,1,848.0,19.0,65.0,173.0,1,1,1.0
109,1,845.0,19.0,67.0,174.0,1,1,1.0
110,1,844.0,21.0,67.0,175.0,1,1,1.0
111,1,842.0,23.0,69.0,175.0,1,1,1.0
112,1,841.0,24.0,71.0,177.0,1,1,1.0
113,1,840.0,25.0,71.0,178.0,1,1,1.0
114,1,841.0,26.0,71.0,179.0,1,1,1.0
115,1,842.0,26.0,70.0,179.0,1,1,1.0
116,1,844.0,26.0,69.0,179.0,1,1,1.0
117,1,846.0,25.0,68.0,179.0,1,1,1.0
118,1,848.0,25.0,67.0,180.0,1,1,1.0
119,1,849.0,27.0,67.0,182.0,1,1,1.0
120,1,850.0,29.0,66.0,183.0,1,1,1.0
121,1,850.0,31.0,66.0,184.0,1,1,1.0
122,1,850.0,33.0,66.0,184.0,1,1,1.0
123,1,849.0,33.0,66.0,187.0,1,1,1.0
124,1,847.0,33.0,66.0,189.0,1,1,1.0
125,1,845.0,33.0,67.0,190.0,1,1,1.0
126,1,842.0,33.0,68.0,190.0,1,1,1.0
127,1,839.0,33.0,69.0,190.0,1,1,1.0
128,1,837.0,33.0,71.0,191.0,1,1,1.0
129,1,834.0,33.0,73.0,191.0,1,1,1.0
130,1,831.0,34.0,75.0,193.0,1,1,1.0
131,1,828.0,37.0,77.0,193.0,1,1,1.0
132,1,827.0,39.0,79.0,196.0,1,1,1.0
133,1,826.0,40.0,80.0,199.0,1,1,1.0
134,1,826.0,40.0,81.0,200.0,1,1,1.0
135,1,828.0,40.0,80.0,201.0,1,1,1.0
136,1,830.0,40.0,78.0,201.0,1,1,1.0
137,1,833.0,40.0,76.0,201.0,1,1,1.0
138,1,836.0,40.0,75.0,203.0,1,1,1.0
139,1,837.0,40.0,74.0,208.0,1,1,1.0
140,1,839.0,42.0,74.0,210.0,1,1,1.0
141,1,839.0,44.0,74.0,212.0,1,1,1.0
142,1,839.0,46.0,74.0,214.0,1,1,1.0
143,1,838.0,48.0,74.0,216.0,1,1,1.0
144,1,836.0,49.0,75.0,215.0,1,1,1.0
145,1,834.0,50.0,76.0,215.0,1,1,1.0
146,1,831.0,50.0,78.0,216.0,1,1,1.0
147,1,828.0,50.0,80.0,216.0,1,1,1.0
148,1,825.0,50.0,82.0,218.0,1,1,1.0
149,1,823.0,51.0,84.0,223.0,1,1,1.0
150,1,820.0,54.0,86.0,222.0,1,1,1.0
151,1,819.0,57.0,88.0,224.0,1,1,1.0
152,1,818.0,59.0,89.0,226.0,1,1,1.0
153,1,819.0,60.0,89.0,228.0,1,1,1.0
154,1,821.0,61.0,89.0,229.0,1,1,1.0
155,1,824.0,62.0,88.0,228.0,1,1,1.0
156,1,827.0,62.0,86.0,227.0,1,1,1.0
157,1,830.0,63.0,84.0,228.0,1,1,1.0
158,1,833.0,63.0,84.0,236.0,1,1,1.0
159,1,835.0,63.0,83.0,239.0,1,1,1.0
160,1,837.0,66.0,83.0,240.0,1,1,1.0
161,1,837.0,69.0,84.0,244.0,1,1,1.0
162,1,837.0,70.0,84.0,248.0,1,1,1.0
163,1,836.0,72.0,86.0,249.0,1,1,1.0
164,1,834.0,73.0,87.0,249.0,1,1,1.0
165,1,831.0,73.0,90.0,249.0,1,1,1.0
166,1,828.0,74.0,92.0,249.0,1,1,1.0
167,1,826.0,74.0,93.0,248.0,1,1,1.0
168,1,823.0,75.0,96.0,253.0,1,1,1.0
169,1,821.0,79.0,97.0,254.0,1,1,1.0
170,1,819.0,82.0,99.0,256.0,1,1,1.0
171,1,818.0,85.0,101.0,261.0,1,1,1.0
172,1,817.0,87.0,103.0,266.0,1,1,1.0
173,1,818.0,88.0,104.0,267.0,1,1,1.0
174,1,820.0,89.0,103.0,267.0,1,1,1.0
175,1,824.0,90.0,101.0,266.0,1,1,1.0
176,1,827.0,91.0,99.0,265.0,1,1,1.0
177,1,831.0,93.0,97.0,266.0,1,1,1.0
178,1,833.0,96.0,96.0,274.0,1,1,1.0
179,1,835.0,100.0,96.0,277.0,1,1,1.0
180,1,835.0,104.0,96.0,278.0,1,1,1.0
181,1,835.0,108.0,97.0,280.0,1,1,1.0
182,1,834.0,111.0,98.0,282.0,1,1,1.0
183,1,832.0,112.0,99.0,283.0,1,1,1.0
184,1,829.0,113.0,101.0,284.0,1,1,1.0
185,1,826.0,113.0,102.0,283.0,1,1,1.0
186,1,822.0,114.0,105.0,282.0,1,1,1.0
187,1,819.0,116.0,107.0,285.0,1,1,1.0
188,1,816.0,119.0,110.0,288.0,1,1,1.0
189,1,813.0,123.0,113.0,292.0,1,1,1.0
190,1,812.0,127.0,115.0,295.0,1,1,1.0
191,1,811.0,129.0,117.0,304.0,1,1,1.0
192,1,812.0,131.0,118.0,307.0,1,1,1.0
193,1,815.0,132.0,118.0,307.0,1,1,1.0
194,1,818.0,133.0,117.0,307.0,1,1,1.0
195,1,823.0,133.0,115.0,307.0,1,1,1.0
196,1,828.0,133.0,114.0,307.0,1,1,1.0
197,1,831.0,135.0,114.0,317.0,1,1,1.0
198,1,834.0,139.0,114.0,325.0,1,1,1.0
199,1,836.0,144.0,115.0,329.0,1,1,1.0
200,1,837.0,148.0,116.0,332.0,1,1,1.0
201,1,836.0,153.0,119.0,339.0,1,1,1.0
202,1,835.0,155.0,121.0,340.0,1,1,1.0
203,1,833.0,157.0,121.0,340.0,1,1,1.0
204,1,829.0,158.0,122.0,339.0,1,1,1.0
205,1,825.0,159.0,124.0,338.0,1,1,1.0
206,1,821.0,160.0,126.0,337.0,1,1,1.0
207,1,817.0,163.0,129.0,347.0,1,1,1.0
208,1,813.0,168.0,133.0,352.0,1,1,1.0
209,1,810.0,173.0,136.0,356.0,1,1,1.0
210,1,808.0,178.0,140.0,366.0,1,1,1.0
211,1,807.0,182.0,143.0,371.0,1,1,1.0
212,1,809.0,185.0,144.0,372.0,1,1,1.0
213,1,812.0,187.0,143.0,371.0,1,1,1.0
214,1,817.0,188.0,141.0,370.0,1,1,1.0
215,1,823.0,189.0,140.0,368.0,1,1,1.0
216,1,827.0,192.0,139.0,374.0,1,1,1.0
217,1,830.0,196.0,139.0,389.0,1,1,1.0
218,1,833.0,203.0,140.0,394.0,1,1,1.0
219,1,834.0,209.0,141.0,398.0,1,1,1.0
220,1,834.0,215.0,143.0,414.0,1,1,1.0
221,1,832.0,221.0,145.0,416.0,1,1,1.0
222,1,829.0,226.0,147.0,415.0,1,1,1.0
223,1,824.0,228.0,149.0,412.0,1,1,1.0
224,1,819.0,230.0,151.0,410.0,1,1,1.0
225,1,813.0,232.0,154.0,405.0,1,1,1.0
226,1,807.0,236.0,158.0,410.0,1,1,1.0
227,1,801.0,241.0,163.0,428.0,1,1,1.0
228,1,796.0,248.0,167.0,433.0,1,1,1.0
229,1,792.0,257.0,172.0,436.0,1,1,1.0
230,1,789.0,264.0,177.0,452.0,1,1,1.0
231,1,789.0,270.0,179.0,457.0,1,1,1.0
232,1,792.0,274.0,179.0,457.0,1,1,1.0
233,1,797.0,277.0,178.0,455.0,1,1,1.0
234,1,803.0,280.0,175.0,452.0,1,1,1.0
235,1,810.0,282.0,173.0,450.0,1,1,1.0
236,1,815.0,287.0,172.0,464.0,1,1,1.0
237,1,819.0,294.0,172.0,487.0,1,1,1.0
238,1,822.0,303.0,172.0,499.0,1,1,1.0
239,1,823.0,313.0,174.0,499.0,1,1,1.0
240,1,821.0,323.0,177.0,513.0,1,1,1.0
241,1,817.0,331.0,181.0,519.0,1,1,1.0
242,1,812.0,338.0,183.0,516.0,1,1,1.0
243,1,806.0,344.0,187.0,512.0,1,1,1.0
244,1,797.0,348.0,191.0,507.0,1,1,1.0
245,1,787.0,352.0,196.0,502.0,1,1,1.0
246,1,776.0,359.0,204.0,511.0,1,1,1.0
247,1,764.0,368.0,213.0,534.0,1,1,1.0
248,1,753.0,380.0,222.0,548.0,1,1,1.0
249,1,742.0,392.0,231.0,561.0,1,1,1.0
250,1,735.0,404.0,238.0,576.0,1,1,1.0
251,1,730.0,414.0,244.0,579.0,1,1,1.0
252,1,732.0,422.0,244.0,575.0,1,1,1.0
253,1,739.0,429.0,240.0,569.0,1,1,1.0
254,1,747.0,434.0,235.0,564.0,1,1,1.0
255,1,754.0,440.0,231.0,556.0,1,1,1.0
256,1,759.0,450.0,230.0,573.0,1,1,1.0
257,1,761.0,463.0,231.0,596.0,1,1,1.0
258,1,758.0,478.0,235.0,599.0,1,1,1.0
259,1,751.0,495.0,242.0,588.0,1,1,1.0
260,1,742.0,511.0,248.0,573.0,1,1,1.0
261,1,731.0,526.0,252.0,559.0,1,1,1.0
262,1,719.0,538.0,254.0,546.0,1,1,1.0
263,1,708.0,550.0,252.0,534.0,1,1,1.0
264,1,695.0,560.0,252.0,523.0,1,1,1.0
265,1,678.0,570.0,258.0,512.0,1,1,1.0
266,1,657.0,586.0,269.0,496.0,1,1,1.0
267,1,632.0,607.0,284.0,474.0,1,1,1.0
268,1,612.0,632.0,296.0,449.0,1,1,1.0
269,1,591.0,658.0,310.0,422.0,1,1,1.0
270,1,573.0,685.0,322.0,395.0,1,1,1.0
271,1,561.0,709.0,328.0,371.0,1,1,1.0
272,1,558.0,731.0,325.0,348.0,1,1,1.0
273,1,563.0,751.0,313.0,328.0,1,1,1.0
274,1,569.0,771.0,296.0,308.0,1,1,1.0
275,1,567.0,790.0,290.0,289.0,1,1,1.0
276,1,549.0,811.0,296.0,268.0,1,1,1.0
277,1,521.0,837.0,307.0,242.0,1,1,1.0
278,1,495.0,866.0,302.0,213.0,1,1,1.0
279,1,465.0,898.0,304.0,181.0,1,1,1.0
280,1,434.0,926.0,305.0,153.0,1,1,1.0
281,1,401.0,949.0,299.0,130.0,1,1,1.0
282,1,368.0,972.0,296.0,107.0,1,1,1.0
284,2,306.0,1006.0,144.0,72.0,1,1,1.0
416,3,0.0,283.0,46.0,243.0,1,1,1.0
417,3,0.0,281.0,64.0,259.0,1,1,1.0
418,3,0.0,279.0,87.0,260.0,1,1,1.0
419,3,0.0,277.0,110.0,254.0,1,1,1.0
420,3,0.0,276.0,125.0,251.0,1,1,1.0
421,3,5.0,273.0,129.0,251.0,1,1,1.0
422,3,11.0,269.0,128.0,254.0,1,1,1.0
423,3,18.0,265.0,123.0,257.0,1,1,1.0
424,3,27.0,260.0,115.0,260.0,1,1,1.0
425,3,35.0,256.0,106.0,264.0,1,1,1.0
426,3,43.0,251.0,98.0,268.0,1,1,1.0
427,3,51.0,247.0,92.0,271.0,1,1,1.0
428,3,59.0,244.0,103.0,274.0,1,1,1.0
429,3,67.0,242.0,118.0,277.0,1,1,1.0
430,3,74.0,239.0,129.0,280.0,1,1,1.0
431,3,84.0,236.0,130.0,281.0,1,1,1.0
432,3,95.0,232.0,126.0,284.0,1,1,1.0
433,3,104.0,227.0,121.0,285.0,1,1,1.0
434,3,115.0,223.0,111.0,280.0,1,1,1.0
435,3,123.0,218.0,103.0,276.0,1,1,1.0
436,3,132.0,213.0,93.0,271.0,1,1,1.0
437,3,140.0,210.0,96.0,272.0,1,1,1.0
438,3,156.0,207.0,106.0,274.0,1,1,1.0
439,3,167.0,205.0,120.0,276.0,1,1,1.0
440,3,178.0,205.0,129.0,276.0,1,1,1.0
441,3,184.0,203.0,133.0,275.0,1,1,1.0
442,3,189.0,200.0,136.0,273.0,1,1,1.0
443,3,196.0,196.0,132.0,273.0,1,1,1.0
444,3,208.0,192.0,122.0,269.0,1,1,1.0
445,3,220.0,187.0,110.0,265.0,1,1,1.0
446,3,230.0,183.0,99.0,266.0,1,1,1.0
447,3,237.0,179.0,91.0,269.0,1,1,1.0
448,3,247.0,177.0,99.0,270.0,1,1,1.0
449,3,260.0,175.0,111.0,272.0,1,1,1.0
450,3,267.0,173.0,122.0,274.0,1,1,1.0
451,3,277.0,172.0,124.0,274.0,1,1,1.0
452,3,286.0,169.0,123.0,277.0,1,1,1.0
453,3,296.0,165.0,117.0,277.0,1,1,1.0
454,3,306.0,161.0,107.0,272.0,1,1,1.0
455,3,316.0,157.0,98.0,265.0,1,1,1.0
456,3,324.0,153.0,92.0,264.0,1,1,1.0
457,3,333.0,150.0,94.0,264.0,1,1,1.0
458,3,342.0,149.0,110.0,265.0,1,1,1.0
459,3,352.0,148.0,125.0,265.0,1,1,1.0
460,3,361.0,147.0,134.0,266.0,1,1,1.0
461,3,372.0,146.0,134.0,265.0,1,1,1.0
462,3,378.0,144.0,133.0,263.0,1,1,1.0
463,3,385.0,141.0,129.0,264.0,1,1,1.0
464,3,396.0,138.0,118.0,260.0,1,1,1.0
465,3,410.0,134.0,104.0,256.0,1,1,1.0
466,3,421.0,131.0,92.0,255.0,1,1,1.0
467,3,432.0,128.0,81.0,256.0,1,1,1.0
468,3,442.0,126.0,85.0,258.0,1,1,1.0
469,3,449.0,125.0,101.0,258.0,1,1,1.0
470,3,458.0,125.0,110.0,259.0,1,1,1.0
471,3,468.0,124.0,113.0,260.0,1,1,1.0
472,3,474.0,122.0,115.0,261.0,1,1,1.0
473,3,483.0,119.0,108.0,261.0,1,1,1.0
474,3,496.0,116.0,96.0,256.0,1,1,1.0
475,3,509.0,113.0,86.0,250.0,1,1,1.0
476,3,514.0,109.0,86.0,248.0,1,1,1.0
477,3,523.0,107.0,87.0,249.0,1,1,1.0
478,3,532.0,106.0,101.0,249.0,1,1,1.0
479,3,540.0,105.0,116.0,250.0,1,1,1.0
480,3,549.0,105.0,123.0,251.0,1,1,1.0
481,3,557.0,104.0,124.0,249.0,1,1,1.0
482,3,562.0,103.0,124.0,249.0,1,1,1.0
483,3,567.0,100.0,120.0,248.0,1,1,1.0
484,3,579.0,97.0,108.0,244.0,1,1,1.0
485,3,594.0,94.0,93.0,240.0,1,1,1.0
486,3,608.0,91.0,79.0,240.0,1,1,1.0
488,3,620.0,88.0,84.0,242.0,1,1,1.0
489,3,629.0,88.0,89.0,242.0,1,1,1.0
490,3,635.0,88.0,95.0,242.0,1,1,1.0
491,3,642.0,87.0,98.0,243.0,1,1,1.0
492,3,648.0,85.0,97.0,243.0,1,1,1.0
493,3,656.0,82.0,93.0,243.0,1,1,1.0
494,3,666.0,80.0,85.0,240.0,1,1,1.0
495,3,674.0,77.0,83.0,234.0,1,1,1.0
496,3,685.0,74.0,78.0,233.0,1,1,1.0
497,3,691.0,72.0,79.0,232.0,1,1,1.0
498,3,697.0,72.0,90.0,233.0,1,1,1.0
499,3,707.0,72.0,99.0,233.0,1,1,1.0
500,3,714.0,71.0,108.0,234.0,1,1,1.0
501,3,719.0,71.0,112.0,232.0,1,1,1.0
502,3,722.0,71.0,113.0,229.0,1,1,1.0
503,3,727.0,69.0,110.0,229.0,1,1,1.0
504,3,735.0,66.0,101.0,228.0,1,1,1.0
505,3,749.0,65.0,87.0,224.0,1,1,1.0
506,3,760.0,62.0,79.0,223.0,1,1,1.0
507,3,767.0,61.0,78.0,223.0,1,1,1.0
508,3,774.0,61.0,77.0,223.0,1,1,1.0
509,3,781.0,61.0,81.0,223.0,1,1,1.0
510,3,788.0,62.0,84.0,222.0,1,1,1.0
511,3,795.0,61.0,88.0,222.0,1,1,1.0
512,3,800.0,59.0,90.0,222.0,1,1,1.0
513,3,806.0,55.0,87.0,225.0,1,1,1.0
514,3,815.0,54.0,82.0,221.0,1,1,1.0
515,3,822.0,52.0,79.0,216.0,1,1,1.0
516,3,828.0,50.0,77.0,215.0,1,1,1.0
517,3,834.0,51.0,75.0,212.0,1,1,1.0
518,3,839.0,48.0,80.0,214.0,1,1,1.0
519,3,846.0,50.0,89.0,212.0,1,1,1.0
520,3,852.0,51.0,98.0,211.0,1,1,1.0
521,3,858.0,51.0,100.0,211.0,1,1,1.0
522,3,861.0,51.0,102.0,209.0,1,1,1.0
523,3,864.0,50.0,100.0,208.0,1,1,1.0
524,3,869.0,48.0,95.0,208.0,1,1,1.0
525,3,878.0,46.0,86.0,205.0,1,1,1.0
526,3,891.0,45.0,76.0,203.0,1,1,1.0
527,3,900.0,43.0,71.0,204.0,1,1,1.0
528,3,907.0,41.0,71.0,205.0,1,1,1.0
529,3,915.0,41.0,74.0,205.0,1,1,1.0
530,3,921.0,40.0,77.0,206.0,1,1,1.0
531,3,926.0,42.0,81.0,205.0,1,1,1.0
532,3,930.0,43.0,84.0,203.0,1,1,1.0
533,3,934.0,43.0,87.0,203.0,1,1,1.0
534,3,939.0,43.0,84.0,203.0,1,1,1.0
535,3,950.0,41.0,77.0,200.0,1,1,1.0
536,3,958.0,39.0,74.0,197.0,1,1,1.0
537,3,964.0,37.0,74.0,198.0,1,1,1.0
538,3,969.0,35.0,74.0,199.0,1,1,1.0
539,3,974.0,35.0,73.0,199.0,1,1,1.0
540,3,980.0,35.0,74.0,199.0,1,1,1.0
541,3,986.0,36.0,85.0,198.0,1,1,1.0
542,3,990.0,37.0,89.0,197.0,1,1,1.0
543,3,993.0,37.0,90.0,194.0,1,1,1.0
544,3,996.0,37.0,83.0,193.0,1,1,1.0
545,3,1001.0,36.0,79.0,191.0,1,1,1.0
546,3,1009.0,34.0,78.0,189.0,1,1,1.0
548,3,1030.0,32.0,69.0,186.0,1,1,1.0
549,3,1036.0,31.0,69.0,186.0,1,1,1.0
550,3,1042.0,31.0,71.0,186.0,1,1,1.0
551,3,1047.0,32.0,74.0,185.0,1,1,1.0
552,3,1051.0,33.0,78.0,183.0,1,1,1.0
553,3,1055.0,33.0,80.0,182.0,1,1,1.0
554,3,1059.0,33.0,80.0,182.0,1,1,1.0
555,3,1065.0,32.0,76.0,184.0,1,1,1.0
556,3,1073.0,31.0,70.0,184.0,1,1,1.0
557,3,1079.0,29.0,70.0,184.0,1,1,1.0
558,3,1084.0,28.0,69.0,185.0,1,1,1.0
559,3,1088.0,28.0,69.0,185.0,1,1,1.0
560,3,1094.0,28.0,69.0,185.0,1,1,1.0
