1,1,1145.0,770.0,184.0,309.0,1,1,1.0
2,1,1149.0,760.0,176.0,318.0,1,1,1.0
3,1,1156.0,751.0,165.0,328.0,1,1,1.0
4,1,1161.0,740.0,157.0,338.0,1,1,1.0
5,1,1151.0,731.0,165.0,347.0,1,1,1.0
6,1,1133.0,725.0,181.0,354.0,1,1,1.0
7,1,1122.0,718.0,189.0,360.0,1,1,1.0
8,1,1119.0,712.0,187.0,366.0,1,1,1.0
9,1,1118.0,704.0,184.0,374.0,1,1,1.0
10,1,1118.0,694.0,174.0,384.0,1,1,1.0
11,1,1118.0,683.0,165.0,395.0,1,1,1.0
12,1,1117.0,673.0,157.0,394.0,1,1,1.0
13,1,1115.0,664.0,152.0,396.0,1,1,1.0
14,1,1108.0,656.0,152.0,400.0,1,1,1.0
15,1,1102.0,649.0,151.0,404.0,1,1,1.0
16,1,1097.0,644.0,150.0,408.0,1,1,1.0
17,1,1093.0,640.0,149.0,410.0,1,1,1.0
18,1,1089.0,634.0,150.0,409.0,1,1,1.0
19,1,1087.0,627.0,149.0,406.0,1,1,1.0
20,1,1089.0,619.0,146.0,402.0,1,1,1.0
21,1,1091.0,610.0,142.0,387.0,1,1,1.0
22,1,1095.0,602.0,139.0,370.0,1,1,1.0
23,1,1098.0,594.0,136.0,365.0,1,1,1.0
24,1,1094.0,588.0,140.0,367.0,1,1,1.0
25,1,1087.0,584.0,146.0,370.0,1,1,1.0
26,1,1080.0,581.0,153.0,373.0,1,1,1.0
27,1,1080.0,578.0,147.0,375.0,1,1,1.0
28,1,1081.0,574.0,141.0,369.0,1,1,1.0
29,1,1081.0,568.0,135.0,367.0,1,1,1.0
30,1,1081.0,562.0,129.0,358.0,1,1,1.0
31,1,1078.0,555.0,124.0,345.0,1,1,1.0
32,1,1073.0,549.0,123.0,334.0,1,1,1.0
33,1,1068.0,545.0,121.0,332.0,1,1,1.0
34,1,1062.0,541.0,122.0,333.0,1,1,1.0
35,1,1058.0,539.0,120.0,335.0,1,1,1.0
36,1,1054.0,538.0,120.0,336.0,1,1,1.0
37,1,1052.0,535.0,120.0,337.0,1,1,1.0
38,1,1050.0,532.0,120.0,333.0,1,1,1.0
39,1,1050.0,527.0,120.0,333.0,1,1,1.0
40,1,1052.0,523.0,116.0,327.0,1,1,1.0
41,1,1055.0,518.0,113.0,314.0,1,1,1.0
42,1,1058.0,513.0,110.0,303.0,1,1,1.0
43,1,1059.0,508.0,109.0,301.0,1,1,1.0
44,1,1057.0,504.0,112.0,302.0,1,1,1.0
45,1,1055.0,501.0,113.0,305.0,1,1,1.0
46,1,1053.0,499.0,115.0,307.0,1,1,1.0
47,1,1054.0,497.0,114.0,308.0,1,1,1.0
48,1,1056.0,493.0,109.0,309.0,1,1,1.0
49,1,1055.0,489.0,107.0,307.0,1,1,1.0
50,1,1051.0,483.0,106.0,300.0,1,1,1.0
51,1,1048.0,478.0,105.0,289.0,1,1,1.0
52,1,1044.0,473.0,105.0,283.0,1,1,1.0
53,1,1039.0,469.0,103.0,283.0,1,1,1.0
54,1,1036.0,466.0,102.0,285.0,1,1,1.0
55,1,1032.0,464.0,102.0,287.0,1,1,1.0
56,1,1029.0,463.0,102.0,287.0,1,1,1.0
57,1,1026.0,461.0,104.0,288.0,1,1,1.0
58,1,1024.0,458.0,105.0,286.0,1,1,1.0
59,1,1023.0,454.0,105.0,284.0,1,1,1.0
60,1,1026.0,450.0,103.0,280.0,1,1,1.0
61,1,1030.0,445.0,99.0,271.0,1,1,1.0
62,1,1034.0,441.0,95.0,265.0,1,1,1.0
63,1,1037.0,437.0,93.0,264.0,1,1,1.0
64,1,1038.0,435.0,93.0,266.0,1,1,1.0
65,1,1038.0,433.0,95.0,267.0,1,1,1.0
66,1,1039.0,432.0,94.0,268.0,1,1,1.0
67,1,1041.0,431.0,92.0,269.0,1,1,1.0
68,1,1040.0,427.0,91.0,269.0,1,1,1.0
69,1,1039.0,424.0,91.0,267.0,1,1,1.0
70,1,1037.0,420.0,89.0,262.0,1,1,1.0
71,1,1034.0,415.0,88.0,254.0,1,1,1.0
72,1,1032.0,412.0,87.0,250.0,1,1,1.0
73,1,1030.0,409.0,86.0,250.0,1,1,1.0
74,1,1027.0,407.0,86.0,251.0,1,1,1.0
75,1,1025.0,407.0,86.0,252.0,1,1,1.0
76,1,1024.0,406.0,86.0,252.0,1,1,1.0
77,1,1023.0,405.0,87.0,252.0,1,1,1.0
78,1,1023.0,402.0,87.0,250.0,1,1,1.0
79,1,1025.0,399.0,86.0,248.0,1,1,1.0
80,1,1028.0,396.0,84.0,242.0,1,1,1.0
81,1,1031.0,392.0,81.0,236.0,1,1,1.0
82,1,1033.0,388.0,80.0,234.0,1,1,1.0
83,1,1034.0,386.0,81.0,234.0,1,1,1.0
84,1,1032.0,385.0,83.0,235.0,1,1,1.0
85,1,1031.0,385.0,85.0,235.0,1,1,1.0
86,1,1031.0,385.0,85.0,235.0,1,1,1.0
87,1,1033.0,384.0,83.0,236.0,1,1,1.0
88,1,1032.0,381.0,82.0,235.0,1,1,1.0
89,1,1031.0,378.0,80.0,233.0,1,1,1.0
90,1,1028.0,375.0,80.0,226.0,1,1,1.0
91,1,1026.0,372.0,78.0,224.0,1,1,1.0
92,1,1023.0,369.0,75.0,222.0,1,1,1.0
93,1,1021.0,368.0,74.0,222.0,1,1,1.0
94,1,1018.0,367.0,75.0,222.0,1,1,1.0
95,1,1016.0,367.0,76.0,222.0,1,1,1.0
96,1,1015.0,367.0,76.0,221.0,1,1,1.0
97,1,1014.0,365.0,77.0,221.0,1,1,1.0
98,1,1014.0,362.0,77.0,221.0,1,1,1.0
99,1,1015.0,360.0,76.0,218.0,1,1,1.0
100,1,1017.0,357.0,74.0,212.0,1,1,1.0
101,1,1019.0,354.0,73.0,208.0,1,1,1.0
102,1,1020.0,352.0,71.0,207.0,1,1,1.0
103,1,1021.0,351.0,71.0,207.0,1,1,1.0
104,1,1023.0,351.0,70.0,208.0,1,1,1.0
105,1,1023.0,350.0,70.0,208.0,1,1,1.0
106,1,1023.0,349.0,70.0,208.0,1,1,1.0
107,1,1022.0,348.0,71.0,208.0,1,1,1.0
108,1,1022.0,346.0,70.0,207.0,1,1,1.0
109,1,1020.0,343.0,69.0,204.0,1,1,1.0
110,1,1019.0,341.0,67.0,199.0,1,1,1.0
111,1,1017.0,339.0,66.0,196.0,1,1,1.0
112,1,1015.0,337.0,65.0,196.0,1,1,1.0
113,1,1013.0,336.0,65.0,196.0,1,1,1.0
114,1,1011.0,336.0,66.0,196.0,1,1,1.0
115,1,1010.0,336.0,67.0,195.0,1,1,1.0
116,1,1008.0,336.0,68.0,194.0,1,1,1.0
117,1,1007.0,334.0,69.0,194.0,1,1,1.0
118,1,1008.0,333.0,68.0,193.0,1,1,1.0
119,1,1009.0,330.0,67.0,189.0,1,1,1.0
120,1,1011.0,328.0,66.0,188.0,1,1,1.0
121,1,1013.0,325.0,65.0,185.0,1,1,1.0
122,1,1015.0,324.0,64.0,185.0,1,1,1.0
123,1,1015.0,323.0,63.0,186.0,1,1,1.0
124,1,1014.0,323.0,64.0,185.0,1,1,1.0
125,1,1014.0,323.0,64.0,185.0,1,1,1.0
126,1,1014.0,323.0,64.0,185.0,1,1,1.0
127,1,1013.0,321.0,64.0,184.0,1,1,1.0
128,1,1012.0,319.0,65.0,185.0,1,1,1.0
129,1,1010.0,317.0,64.0,182.0,1,1,1.0
130,1,1007.0,315.0,65.0,179.0,1,1,1.0
131,1,1006.0,313.0,62.0,177.0,1,1,1.0
132,1,1004.0,311.0,61.0,177.0,1,1,1.0
133,1,1001.0,311.0,61.0,177.0,1,1,1.0
134,1,999.0,311.0,62.0,177.0,1,1,1.0
135,1,997.0,312.0,64.0,177.0,1,1,1.0
136,1,995.0,312.0,65.0,175.0,1,1,1.0
137,1,994.0,311.0,66.0,174.0,1,1,1.0
138,1,994.0,309.0,65.0,172.0,1,1,1.0
139,1,996.0,307.0,64.0,170.0,1,1,1.0
140,1,998.0,305.0,62.0,168.0,1,1,1.0
141,1,1000.0,303.0,61.0,168.0,1,1,1.0
142,1,1001.0,302.0,60.0,168.0,1,1,1.0
143,1,1002.0,302.0,59.0,168.0,1,1,1.0
144,1,1001.0,303.0,59.0,168.0,1,1,1.0
145,1,1002.0,303.0,58.0,167.0,1,1,1.0
146,1,1001.0,302.0,59.0,167.0,1,1,1.0
147,1,1000.0,300.0,61.0,167.0,1,1,1.0
148,1,998.0,299.0,59.0,164.0,1,1,1.0
149,1,996.0,297.0,57.0,160.0,1,1,1.0
150,1,994.0,295.0,55.0,160.0,1,1,1.0
151,1,992.0,294.0,55.0,160.0,1,1,1.0
152,1,990.0,294.0,55.0,159.0,1,1,1.0
153,1,987.0,294.0,56.0,160.0,1,1,1.0
154,1,985.0,294.0,57.0,160.0,1,1,1.0
155,1,983.0,294.0,58.0,159.0,1,1,1.0
156,1,983.0,294.0,58.0,158.0,1,1,1.0
157,1,983.0,293.0,58.0,157.0,1,1,1.0
158,1,985.0,291.0,56.0,155.0,1,1,1.0
159,1,986.0,289.0,55.0,153.0,1,1,1.0
160,1,988.0,287.0,54.0,152.0,1,1,1.0
161,1,989.0,287.0,54.0,152.0,1,1,1.0
162,1,988.0,286.0,54.0,153.0,1,1,1.0
163,1,988.0,287.0,54.0,152.0,1,1,1.0
164,1,989.0,287.0,54.0,152.0,1,1,1.0
165,1,988.0,286.0,54.0,152.0,1,1,1.0
166,1,987.0,286.0,55.0,151.0,1,1,1.0
167,1,985.0,284.0,52.0,148.0,1,1,1.0
168,1,984.0,282.0,51.0,146.0,1,1,1.0
169,1,982.0,280.0,50.0,146.0,1,1,1.0
170,1,980.0,279.0,50.0,147.0,1,1,1.0
171,1,978.0,279.0,50.0,147.0,1,1,1.0
172,1,977.0,279.0,50.0,147.0,1,1,1.0
173,1,975.0,280.0,51.0,146.0,1,1,1.0
174,1,975.0,280.0,51.0,146.0,1,1,1.0
175,1,974.0,279.0,52.0,145.0,1,1,1.0
176,1,974.0,278.0,52.0,144.0,1,1,1.0
177,1,974.0,276.0,52.0,142.0,1,1,1.0
178,1,976.0,274.0,51.0,141.0,1,1,1.0
179,1,977.0,273.0,50.0,140.0,1,1,1.0
180,1,978.0,273.0,49.0,140.0,1,1,1.0
181,1,978.0,273.0,50.0,140.0,1,1,1.0
182,1,978.0,273.0,50.0,140.0,1,1,1.0
183,1,978.0,273.0,50.0,140.0,1,1,1.0
184,1,978.0,273.0,50.0,140.0,1,1,1.0
185,1,977.0,272.0,50.0,139.0,1,1,1.0
186,1,976.0,271.0,49.0,136.0,1,1,1.0
187,1,975.0,269.0,49.0,134.0,1,1,1.0
188,1,974.0,268.0,48.0,134.0,1,1,1.0
189,1,973.0,267.0,47.0,134.0,1,1,1.0
190,1,972.0,266.0,46.0,134.0,1,1,1.0
191,1,971.0,267.0,45.0,134.0,1,1,1.0
192,1,970.0,267.0,45.0,133.0,1,1,1.0
193,1,969.0,268.0,45.0,133.0,1,1,1.0
194,1,969.0,267.0,46.0,132.0,1,1,1.0
195,1,969.0,266.0,46.0,132.0,1,1,1.0
196,1,970.0,265.0,45.0,131.0,1,1,1.0
197,1,971.0,263.0,45.0,130.0,1,1,1.0
198,1,972.0,262.0,44.0,129.0,1,1,1.0
199,1,973.0,261.0,45.0,129.0,1,1,1.0
200,1,973.0,261.0,45.0,130.0,1,1,1.0
201,1,974.0,262.0,45.0,129.0,1,1,1.0
202,1,974.0,262.0,44.0,129.0,1,1,1.0
203,1,974.0,262.0,44.0,129.0,1,1,1.0
204,1,973.0,261.0,45.0,128.0,1,1,1.0
205,1,972.0,259.0,43.0,125.0,1,1,1.0
206,1,972.0,258.0,41.0,124.0,1,1,1.0
207,1,971.0,257.0,40.0,124.0,1,1,1.0
208,1,970.0,257.0,40.0,124.0,1,1,1.0
209,1,969.0,257.0,40.0,124.0,1,1,1.0
210,1,969.0,258.0,40.0,123.0,1,1,1.0
211,1,969.0,258.0,42.0,123.0,1,1,1.0
212,1,968.0,257.0,43.0,122.0,1,1,1.0
213,1,969.0,257.0,43.0,121.0,1,1,1.0
214,1,970.0,255.0,43.0,120.0,1,1,1.0
215,1,972.0,254.0,42.0,119.0,1,1,1.0
216,1,973.0,253.0,41.0,120.0,1,1,1.0
217,1,974.0,252.0,41.0,120.0,1,1,1.0
218,1,975.0,252.0,41.0,120.0,1,1,1.0
219,1,976.0,252.0,41.0,120.0,1,1,1.0
220,1,976.0,252.0,41.0,120.0,1,1,1.0
221,1,977.0,253.0,41.0,119.0,1,1,1.0
222,1,977.0,252.0,41.0,118.0,1,1,1.0
223,1,977.0,251.0,42.0,117.0,1,1,1.0
224,1,976.0,250.0,42.0,115.0,1,1,1.0
225,1,976.0,249.0,40.0,115.0,1,1,1.0
226,1,976.0,248.0,39.0,116.0,1,1,1.0
227,1,975.0,248.0,39.0,116.0,1,1,1.0
228,1,975.0,248.0,39.0,116.0,1,1,1.0
229,1,975.0,249.0,40.0,115.0,1,1,1.0
230,1,976.0,249.0,40.0,114.0,1,1,1.0
231,1,977.0,249.0,39.0,114.0,1,1,1.0
232,1,978.0,248.0,39.0,112.0,1,1,1.0
233,1,979.0,247.0,39.0,111.0,1,1,1.0
234,1,981.0,245.0,38.0,111.0,1,1,1.0
235,1,982.0,245.0,37.0,111.0,1,1,1.0
236,1,983.0,244.0,37.0,112.0,1,1,1.0
237,1,984.0,244.0,37.0,112.0,1,1,1.0
238,1,985.0,244.0,37.0,112.0,1,1,1.0
239,1,985.0,245.0,37.0,111.0,1,1,1.0
240,1,985.0,244.0,37.0,111.0,1,1,1.0
241,1,985.0,243.0,37.0,111.0,1,1,1.0
242,1,985.0,243.0,36.0,109.0,1,1,1.0
243,1,985.0,242.0,35.0,108.0,1,1,1.0
244,1,985.0,242.0,35.0,107.0,1,1,1.0
245,1,985.0,241.0,35.0,107.0,1,1,1.0
246,1,985.0,241.0,35.0,107.0,1,1,1.0
247,1,986.0,242.0,35.0,107.0,1,1,1.0
248,1,987.0,242.0,35.0,106.0,1,1,1.0
249,1,988.0,242.0,35.0,105.0,1,1,1.0
250,1,988.0,242.0,36.0,104.0,1,1,1.0
251,1,988.0,242.0,37.0,103.0,1,1,1.0
252,1,991.0,241.0,36.0,103.0,1,1,1.0
253,1,994.0,240.0,34.0,103.0,1,1,1.0
254,1,998.0,239.0,33.0,103.0,1,1,1.0
255,1,1000.0,239.0,34.0,104.0,1,1,1.0
256,1,1001.0,239.0,36.0,104.0,1,1,1.0
257,1,1002.0,239.0,37.0,103.0,1,1,1.0
258,1,1003.0,240.0,36.0,103.0,1,1,1.0
259,1,1006.0,240.0,34.0,102.0,1,1,1.0
260,1,1007.0,240.0,33.0,102.0,1,1,1.0
261,1,1009.0,240.0,31.0,100.0,1,1,1.0
262,1,1011.0,239.0,29.0,99.0,1,1,1.0
263,1,1013.0,239.0,28.0,99.0,1,1,1.0
264,1,1014.0,239.0,29.0,99.0,1,1,1.0
265,1,1015.0,239.0,34.0,98.0,1,1,1.0
266,1,1015.0,239.0,40.0,98.0,1,1,1.0
267,1,1015.0,239.0,43.0,99.0,1,1,1.0
268,1,1015.0,240.0,45.0,97.0,1,1,1.0
269,1,1016.0,240.0,47.0,97.0,1,1,1.0
270,1,1019.0,241.0,46.0,96.0,1,1,1.0
271,1,1026.0,240.0,41.0,96.0,1,1,1.0
272,1,1034.0,240.0,35.0,96.0,1,1,1.0
273,1,1042.0,240.0,31.0,96.0,1,1,1.0
274,1,1045.0,239.0,32.0,97.0,1,1,1.0
275,1,1045.0,240.0,36.0,96.0,1,1,1.0
276,1,1046.0,241.0,44.0,96.0,1,1,1.0
277,1,1046.0,242.0,49.0,96.0,1,1,1.0
278,1,1047.0,242.0,51.0,96.0,1,1,1.0
279,1,1049.0,242.0,51.0,97.0,1,1,1.0
280,1,1053.0,242.0,48.0,98.0,1,1,1.0
281,1,1060.0,243.0,43.0,98.0,1,1,1.0
282,1,1069.0,243.0,37.0,98.0,1,1,1.0
283,1,1075.0,242.0,34.0,98.0,1,1,1.0
284,1,1078.0,242.0,35.0,99.0,1,1,1.0
285,1,1081.0,245.0,40.0,98.0,1,1,1.0
286,1,1083.0,246.0,44.0,98.0,1,1,1.0
287,1,1086.0,247.0,44.0,99.0,1,1,1.0
288,1,1089.0,247.0,45.0,99.0,1,1,1.0
289,1,1093.0,247.0,44.0,100.0,1,1,1.0
290,1,1100.0,247.0,40.0,100.0,1,1,1.0
291,1,1107.0,247.0,34.0,100.0,1,1,1.0
292,1,1113.0,246.0,30.0,100.0,1,1,1.0
293,1,1116.0,246.0,31.0,101.0,1,1,1.0
294,1,1119.0,247.0,36.0,101.0,1,1,1.0
295,1,1120.0,248.0,43.0,101.0,1,1,1.0
296,1,1121.0,249.0,48.0,101.0,1,1,1.0
297,1,1122.0,249.0,50.0,102.0,1,1,1.0
298,1,1123.0,250.0,50.0,103.0,1,1,1.0
299,1,1126.0,250.0,48.0,103.0,1,1,1.0
300,1,1131.0,250.0,44.0,104.0,1,1,1.0
301,1,1139.0,249.0,38.0,104.0,1,1,1.0
302,1,1146.0,250.0,33.0,104.0,1,1,1.0
303,1,1150.0,250.0,34.0,105.0,1,1,1.0
304,1,1153.0,251.0,36.0,104.0,1,1,1.0
305,1,1156.0,253.0,41.0,105.0,1,1,1.0
306,1,1158.0,255.0,45.0,105.0,1,1,1.0
307,1,1161.0,255.0,45.0,106.0,1,1,1.0
308,1,1165.0,256.0,43.0,106.0,1,1,1.0
309,1,1170.0,256.0,39.0,105.0,1,1,1.0
310,1,1177.0,256.0,33.0,106.0,1,1,1.0
311,1,1181.0,256.0,31.0,105.0,1,1,1.0
312,1,1185.0,257.0,31.0,105.0,1,1,1.0
313,1,1187.0,257.0,33.0,105.0,1,1,1.0
314,1,1188.0,259.0,40.0,105.0,1,1,1.0
315,1,1189.0,260.0,45.0,106.0,1,1,1.0
316,1,1190.0,260.0,45.0,106.0,1,1,1.0
317,1,1191.0,261.0,45.0,106.0,1,1,1.0
318,1,1193.0,261.0,44.0,106.0,1,1,1.0
319,1,1198.0,261.0,42.0,107.0,1,1,1.0
320,1,1205.0,261.0,38.0,107.0,1,1,1.0
321,1,1211.0,262.0,36.0,107.0,1,1,1.0
322,1,1214.0,262.0,35.0,109.0,1,1,1.0
323,1,1217.0,263.0,38.0,108.0,1,1,1.0
324,1,1219.0,265.0,40.0,107.0,1,1,1.0
325,1,1221.0,266.0,42.0,110.0,1,1,1.0
326,1,1224.0,267.0,42.0,111.0,1,1,1.0
327,1,1228.0,268.0,40.0,112.0,1,1,1.0
328,1,1235.0,268.0,47.0,111.0,1,1,1.0
329,1,1240.0,268.0,47.0,111.0,1,1,1.0
330,1,1245.0,269.0,45.0,110.0,1,1,1.0
331,1,1247.0,269.0,43.0,110.0,1,1,1.0
332,1,1248.0,270.0,44.0,111.0,1,1,1.0
333,1,1248.0,272.0,49.0,111.0,1,1,1.0
334,1,1249.0,273.0,51.0,110.0,1,1,1.0
335,1,1250.0,274.0,51.0,111.0,1,1,1.0
336,1,1253.0,273.0,53.0,111.0,1,1,1.0
337,1,1257.0,273.0,58.0,113.0,1,1,1.0
338,1,1264.0,273.0,56.0,113.0,1,1,1.0
339,1,1272.0,273.0,49.0,113.0,1,1,1.0
340,1,1277.0,273.0,44.0,114.0,1,1,1.0
341,1,1280.0,274.0,42.0,115.0,1,1,1.0
342,1,1282.0,276.0,43.0,115.0,1,1,1.0
343,1,1284.0,278.0,45.0,115.0,1,1,1.0
344,1,1285.0,279.0,46.0,115.0,1,1,1.0
345,1,1288.0,279.0,45.0,115.0,1,1,1.0
346,1,1292.0,281.0,44.0,114.0,1,1,1.0
347,1,1298.0,281.0,41.0,114.0,1,1,1.0
348,1,1305.0,280.0,39.0,115.0,1,1,1.0
349,1,1309.0,280.0,42.0,114.0,1,1,1.0
350,1,1313.0,281.0,43.0,114.0,1,1,1.0
351,1,1316.0,281.0,42.0,114.0,1,1,1.0
352,1,1318.0,282.0,43.0,113.0,1,1,1.0
353,1,1319.0,285.0,44.0,110.0,1,1,1.0
354,1,1320.0,286.0,46.0,110.0,1,1,1.0
355,1,1321.0,286.0,49.0,110.0,1,1,1.0
356,1,1324.0,287.0,51.0,109.0,1,1,1.0
357,1,1330.0,287.0,47.0,102.0,1,1,1.0
358,1,1338.0,288.0,42.0,99.0,1,1,1.0
359,1,1344.0,288.0,39.0,97.0,1,1,1.0
360,1,1348.0,288.0,39.0,97.0,1,1,1.0
361,1,1352.0,290.0,40.0,96.0,1,1,1.0
362,1,1354.0,292.0,42.0,96.0,1,1,1.0
363,1,1357.0,293.0,42.0,95.0,1,1,1.0
364,1,1359.0,295.0,43.0,111.0,1,1,1.0
365,1,1362.0,296.0,44.0,117.0,1,1,1.0
366,1,1364.0,296.0,43.0,120.0,1,1,1.0
367,1,1366.0,296.0,42.0,121.0,1,1,1.0
368,1,1369.0,296.0,41.0,121.0,1,1,1.0
369,1,1371.0,296.0,40.0,120.0,1,1,1.0
370,1,1372.0,297.0,39.0,121.0,1,1,1.0
371,1,1374.0,297.0,40.0,123.0,1,1,1.0
372,1,1375.0,298.0,42.0,124.0,1,1,1.0
373,1,1376.0,299.0,43.0,125.0,1,1,1.0
374,1,1377.0,300.0,43.0,126.0,1,1,1.0
375,1,1379.0,300.0,43.0,126.0,1,1,1.0
376,1,1380.0,300.0,44.0,126.0,1,1,1.0
377,1,1381.0,300.0,44.0,126.0,1,1,1.0
378,1,1381.0,300.0,44.0,126.0,1,1,1.0
379,1,1382.0,300.0,45.0,126.0,1,1,1.0
380,1,1382.0,300.0,46.0,126.0,1,1,1.0
381,1,1381.0,301.0,46.0,126.0,1,1,1.0
382,1,1380.0,302.0,47.0,125.0,1,1,1.0
383,1,1378.0,303.0,48.0,126.0,1,1,1.0
384,1,1376.0,303.0,48.0,127.0,1,1,1.0
385,1,1375.0,303.0,47.0,127.0,1,1,1.0
386,1,1374.0,303.0,45.0,127.0,1,1,1.0
387,1,1373.0,303.0,44.0,127.0,1,1,1.0
388,1,1371.0,303.0,43.0,127.0,1,1,1.0
389,1,1368.0,304.0,43.0,129.0,1,1,1.0
390,1,1364.0,305.0,45.0,130.0,1,1,1.0
391,1,1360.0,306.0,47.0,130.0,1,1,1.0
392,1,1356.0,306.0,48.0,131.0,1,1,1.0
393,1,1352.0,307.0,50.0,131.0,1,1,1.0
394,1,1349.0,308.0,51.0,131.0,1,1,1.0
395,1,1347.0,307.0,50.0,132.0,1,1,1.0
396,1,1347.0,307.0,48.0,132.0,1,1,1.0
397,1,1347.0,306.0,45.0,133.0,1,1,1.0
398,1,1345.0,305.0,45.0,134.0,1,1,1.0
399,1,1339.0,305.0,49.0,134.0,1,1,1.0
400,1,1330.0,305.0,56.0,133.0,1,1,1.0
401,1,1320.0,307.0,62.0,132.0,1,1,1.0
402,1,1314.0,307.0,65.0,132.0,1,1,1.0
403,1,1311.0,307.0,64.0,132.0,1,1,1.0
404,1,1310.0,307.0,61.0,132.0,1,1,1.0
405,1,1310.0,306.0,57.0,133.0,1,1,1.0
406,1,1309.0,306.0,53.0,134.0,1,1,1.0
407,1,1309.0,305.0,49.0,135.0,1,1,1.0
408,1,1307.0,304.0,48.0,137.0,1,1,1.0
409,1,1301.0,305.0,50.0,139.0,1,1,1.0
410,1,1296.0,305.0,52.0,140.0,1,1,1.0
411,1,1289.0,307.0,55.0,139.0,1,1,1.0
412,1,1284.0,308.0,56.0,139.0,1,1,1.0
413,1,1280.0,308.0,56.0,139.0,1,1,1.0
414,1,1278.0,308.0,53.0,140.0,1,1,1.0
415,1,1277.0,307.0,51.0,141.0,1,1,1.0
416,1,1277.0,306.0,47.0,142.0,1,1,1.0
417,1,1273.0,305.0,48.0,143.0,1,1,1.0
418,1,1266.0,305.0,52.0,143.0,1,1,1.0
419,1,1256.0,305.0,59.0,142.0,1,1,1.0
420,1,1245.0,306.0,66.0,142.0,1,1,1.0
421,1,1237.0,307.0,70.0,141.0,1,1,1.0
422,1,1233.0,307.0,69.0,142.0,1,1,1.0
423,1,1231.0,307.0,66.0,142.0,1,1,1.0
424,1,1231.0,307.0,62.0,143.0,1,1,1.0
425,1,1231.0,306.0,57.0,144.0,1,1,1.0
426,1,1231.0,305.0,52.0,145.0,1,1,1.0
427,1,1228.0,305.0,51.0,147.0,1,1,1.0
428,1,1222.0,305.0,52.0,149.0,1,1,1.0
429,1,1215.0,306.0,54.0,149.0,1,1,1.0
430,1,1207.0,307.0,57.0,149.0,1,1,1.0
431,1,1201.0,309.0,59.0,147.0,1,1,1.0
432,1,1197.0,309.0,58.0,148.0,1,1,1.0
433,1,1194.0,309.0,56.0,148.0,1,1,1.0
434,1,1193.0,309.0,52.0,149.0,1,1,1.0
435,1,1192.0,308.0,48.0,150.0,1,1,1.0
436,1,1187.0,307.0,49.0,150.0,1,1,1.0
437,1,1178.0,307.0,54.0,150.0,1,1,1.0
438,1,1166.0,308.0,62.0,149.0,1,1,1.0
439,1,1153.0,308.0,71.0,149.0,1,1,1.0
440,1,1144.0,309.0,74.0,149.0,1,1,1.0
441,1,1140.0,310.0,73.0,149.0,1,1,1.0
442,1,1138.0,310.0,72.0,149.0,1,1,1.0
443,1,1137.0,309.0,67.0,150.0,1,1,1.0
444,1,1137.0,308.0,60.0,152.0,1,1,1.0
445,1,1138.0,307.0,54.0,152.0,1,1,1.0
446,1,1137.0,307.0,50.0,155.0,1,1,1.0
447,1,1130.0,307.0,52.0,158.0,1,1,1.0
448,1,1121.0,308.0,57.0,158.0,1,1,1.0
449,1,1112.0,310.0,60.0,158.0,1,1,1.0
450,1,1106.0,311.0,62.0,158.0,1,1,1.0
451,1,1100.0,311.0,62.0,158.0,1,1,1.0
452,1,1098.0,311.0,58.0,159.0,1,1,1.0
453,1,1097.0,311.0,54.0,160.0,1,1,1.0
454,1,1094.0,310.0,51.0,161.0,1,1,1.0
455,1,1089.0,309.0,51.0,161.0,1,1,1.0
456,1,1079.0,309.0,56.0,161.0,1,1,1.0
457,1,1065.0,310.0,65.0,160.0,1,1,1.0
458,1,1050.0,311.0,74.0,160.0,1,1,1.0
459,1,1040.0,312.0,79.0,159.0,1,1,1.0
460,1,1035.0,312.0,81.0,158.0,1,1,1.0
461,1,1033.0,311.0,80.0,160.0,1,1,1.0
462,1,1032.0,311.0,75.0,160.0,1,1,1.0
463,1,1031.0,309.0,65.0,162.0,1,1,1.0
464,1,1032.0,309.0,56.0,163.0,1,1,1.0
465,1,1030.0,308.0,52.0,166.0,1,1,1.0
466,1,1022.0,309.0,54.0,168.0,1,1,1.0
467,1,1012.0,310.0,61.0,169.0,1,1,1.0
468,1,1001.0,311.0,66.0,168.0,1,1,1.0
469,1,993.0,312.0,68.0,168.0,1,1,1.0
470,1,989.0,312.0,68.0,168.0,1,1,1.0
471,1,986.0,312.0,64.0,170.0,1,1,1.0
472,1,985.0,312.0,57.0,170.0,1,1,1.0
473,1,982.0,311.0,53.0,171.0,1,1,1.0
474,1,976.0,310.0,53.0,171.0,1,1,1.0
475,1,966.0,310.0,57.0,171.0,1,1,1.0
476,1,951.0,310.0,67.0,171.0,1,1,1.0
477,1,938.0,311.0,74.0,171.0,1,1,1.0
478,1,926.0,312.0,82.0,172.0,1,1,1.0
479,1,921.0,314.0,84.0,171.0,1,1,1.0
480,1,917.0,314.0,86.0,172.0,1,1,1.0
481,1,915.0,314.0,83.0,173.0,1,1,1.0
482,1,915.0,314.0,74.0,173.0,1,1,1.0
483,1,914.0,313.0,62.0,175.0,1,1,1.0
484,1,912.0,313.0,55.0,176.0,1,1,1.0
485,1,902.0,313.0,58.0,180.0,1,1,1.0
486,1,892.0,314.0,63.0,182.0,1,1,1.0
487,1,882.0,316.0,67.0,182.0,1,1,1.0
488,1,871.0,318.0,74.0,182.0,1,1,1.0
489,1,863.0,320.0,79.0,181.0,1,1,1.0
490,1,859.0,320.0,78.0,182.0,1,1,1.0
491,1,857.0,321.0,71.0,182.0,1,1,1.0
492,1,857.0,320.0,60.0,183.0,1,1,1.0
493,1,851.0,320.0,55.0,183.0,1,1,1.0
494,1,844.0,319.0,53.0,184.0,1,1,1.0
495,1,830.0,320.0,61.0,183.0,1,1,1.0
496,1,812.0,321.0,73.0,183.0,1,1,1.0
497,1,796.0,323.0,86.0,182.0,1,1,1.0
498,1,786.0,324.0,94.0,183.0,1,1,1.0
499,1,781.0,325.0,98.0,183.0,1,1,1.0
500,1,779.0,326.0,94.0,183.0,1,1,1.0
501,1,779.0,326.0,86.0,184.0,1,1,1.0
502,1,779.0,325.0,71.0,185.0,1,1,1.0
503,1,779.0,324.0,54.0,187.0,1,1,1.0
504,1,770.0,325.0,55.0,191.0,1,1,1.0
505,1,757.0,326.0,61.0,194.0,1,1,1.0
506,1,744.0,328.0,68.0,196.0,1,1,1.0
507,1,732.0,330.0,77.0,195.0,1,1,1.0
508,1,722.0,332.0,84.0,195.0,1,1,1.0
509,1,716.0,333.0,86.0,196.0,1,1,1.0
510,1,713.0,334.0,79.0,195.0,1,1,1.0
511,1,713.0,334.0,66.0,195.0,1,1,1.0
512,1,708.0,334.0,56.0,195.0,1,1,1.0
513,1,700.0,334.0,54.0,195.0,1,1,1.0
514,1,686.0,334.0,61.0,195.0,1,1,1.0
515,1,665.0,335.0,80.0,195.0,1,1,1.0
516,1,649.0,337.0,94.0,195.0,1,1,1.0
517,1,639.0,340.0,103.0,194.0,1,1,1.0
518,1,635.0,341.0,104.0,195.0,1,1,1.0
519,1,633.0,341.0,99.0,195.0,1,1,1.0
520,1,633.0,341.0,86.0,196.0,1,1,1.0
521,1,632.0,340.0,70.0,197.0,1,1,1.0
522,1,626.0,340.0,57.0,199.0,1,1,1.0
523,1,616.0,340.0,57.0,203.0,1,1,1.0
524,1,602.0,342.0,66.0,204.0,1,1,1.0
525,1,584.0,344.0,82.0,204.0,1,1,1.0
526,1,572.0,347.0,92.0,202.0,1,1,1.0
527,1,563.0,349.0,98.0,202.0,1,1,1.0
528,1,558.0,351.0,96.0,203.0,1,1,1.0
529,1,556.0,352.0,85.0,203.0,1,1,1.0
530,1,556.0,351.0,70.0,203.0,1,1,1.0
531,1,549.0,351.0,57.0,204.0,1,1,1.0
532,1,539.0,351.0,54.0,204.0,1,1,1.0
533,1,524.0,351.0,64.0,204.0,1,1,1.0
534,1,505.0,352.0,81.0,204.0,1,1,1.0
535,1,491.0,354.0,94.0,205.0,1,1,1.0
536,1,483.0,355.0,100.0,205.0,1,1,1.0
537,1,480.0,356.0,100.0,205.0,1,1,1.0
538,1,479.0,357.0,91.0,205.0,1,1,1.0
539,1,478.0,357.0,77.0,205.0,1,1,1.0
540,1,474.0,357.0,62.0,207.0,1,1,1.0
541,1,467.0,358.0,54.0,211.0,1,1,1.0
542,1,456.0,360.0,60.0,214.0,1,1,1.0
543,1,440.0,362.0,74.0,215.0,1,1,1.0
544,1,427.0,364.0,86.0,214.0,1,1,1.0
545,1,419.0,366.0,92.0,214.0,1,1,1.0
546,1,413.0,368.0,91.0,214.0,1,1,1.0
547,1,410.0,368.0,82.0,214.0,1,1,1.0
548,1,407.0,369.0,71.0,214.0,1,1,1.0
549,1,399.0,369.0,60.0,213.0,1,1,1.0
550,1,390.0,370.0,60.0,212.0,1,1,1.0
551,1,379.0,372.0,68.0,210.0,1,1,1.0
552,1,360.0,374.0,85.0,209.0,1,1,1.0
553,1,346.0,376.0,98.0,208.0,1,1,1.0
554,1,338.0,378.0,106.0,208.0,1,1,1.0
555,1,334.0,379.0,107.0,207.0,1,1,1.0
556,1,331.0,379.0,103.0,208.0,1,1,1.0
557,1,328.0,380.0,93.0,207.0,1,1,1.0
558,1,322.0,380.0,83.0,207.0,1,1,1.0
559,1,315.0,380.0,70.0,207.0,1,1,1.0
560,1,307.0,381.0,64.0,213.0,1,1,1.0
