1,1,1059.0,522.0,111.0,322.0,1,1,1.0
2,1,1057.0,517.0,110.0,312.0,1,1,1.0
3,1,1054.0,511.0,110.0,308.0,1,1,1.0
4,1,1051.0,507.0,108.0,310.0,1,1,1.0
5,1,1048.0,503.0,106.0,313.0,1,1,1.0
6,1,1044.0,501.0,106.0,316.0,1,1,1.0
7,1,1041.0,499.0,106.0,317.0,1,1,1.0
8,1,1039.0,498.0,104.0,319.0,1,1,1.0
9,1,1038.0,495.0,102.0,317.0,1,1,1.0
10,1,1037.0,492.0,101.0,315.0,1,1,1.0
11,1,1037.0,488.0,100.0,312.0,1,1,1.0
12,1,1036.0,483.0,99.0,304.0,1,1,1.0
13,1,1037.0,478.0,99.0,294.0,1,1,1.0
14,1,1036.0,474.0,99.0,291.0,1,1,1.0
15,1,1033.0,470.0,101.0,291.0,1,1,1.0
16,1,1029.0,468.0,105.0,292.0,1,1,1.0
17,1,1028.0,467.0,105.0,293.0,1,1,1.0
18,1,1029.0,465.0,104.0,294.0,1,1,1.0
19,1,1032.0,464.0,97.0,294.0,1,1,1.0
20,1,1032.0,460.0,94.0,292.0,1,1,1.0
21,1,1031.0,457.0,92.0,289.0,1,1,1.0
22,1,1028.0,453.0,92.0,280.0,1,1,1.0
23,1,1027.0,448.0,90.0,271.0,1,1,1.0
24,1,1025.0,444.0,89.0,270.0,1,1,1.0
25,1,1023.0,441.0,88.0,271.0,1,1,1.0
26,1,1021.0,439.0,88.0,273.0,1,1,1.0
27,1,1019.0,439.0,88.0,274.0,1,1,1.0
28,1,1017.0,438.0,87.0,274.0,1,1,1.0
29,1,1017.0,436.0,87.0,273.0,1,1,1.0
30,1,1017.0,434.0,84.0,272.0,1,1,1.0
31,1,1016.0,431.0,84.0,270.0,1,1,1.0
32,1,1016.0,427.0,84.0,264.0,1,1,1.0
33,1,1016.0,423.0,84.0,255.0,1,1,1.0
34,1,1016.0,419.0,83.0,253.0,1,1,1.0
35,1,1015.0,416.0,84.0,254.0,1,1,1.0
36,1,1013.0,414.0,86.0,255.0,1,1,1.0
37,1,1010.0,413.0,88.0,256.0,1,1,1.0
38,1,1008.0,413.0,89.0,256.0,1,1,1.0
39,1,1010.0,411.0,84.0,255.0,1,1,1.0
40,1,1011.0,409.0,82.0,254.0,1,1,1.0
41,1,1010.0,407.0,78.0,252.0,1,1,1.0
42,1,1007.0,403.0,77.0,244.0,1,1,1.0
43,1,1004.0,399.0,78.0,238.0,1,1,1.0
44,1,1002.0,396.0,78.0,237.0,1,1,1.0
45,1,998.0,392.0,77.0,239.0,1,1,1.0
46,1,996.0,391.0,76.0,240.0,1,1,1.0
47,1,995.0,390.0,76.0,241.0,1,1,1.0
48,1,994.0,390.0,75.0,241.0,1,1,1.0
49,1,994.0,388.0,74.0,239.0,1,1,1.0
50,1,994.0,386.0,74.0,237.0,1,1,1.0
51,1,995.0,384.0,74.0,232.0,1,1,1.0
52,1,995.0,380.0,74.0,227.0,1,1,1.0
53,1,995.0,377.0,74.0,224.0,1,1,1.0
54,1,993.0,375.0,75.0,224.0,1,1,1.0
55,1,991.0,373.0,77.0,225.0,1,1,1.0
56,1,991.0,373.0,77.0,225.0,1,1,1.0
57,1,992.0,373.0,76.0,225.0,1,1,1.0
58,1,993.0,372.0,72.0,224.0,1,1,1.0
59,1,993.0,370.0,70.0,224.0,1,1,1.0
60,1,992.0,368.0,69.0,222.0,1,1,1.0
61,1,991.0,366.0,68.0,217.0,1,1,1.0
62,1,989.0,363.0,68.0,212.0,1,1,1.0
63,1,988.0,359.0,68.0,212.0,1,1,1.0
64,1,987.0,357.0,69.0,213.0,1,1,1.0
65,1,985.0,357.0,68.0,213.0,1,1,1.0
66,1,984.0,357.0,67.0,213.0,1,1,1.0
67,1,984.0,356.0,66.0,211.0,1,1,1.0
68,1,985.0,354.0,65.0,210.0,1,1,1.0
69,1,986.0,352.0,65.0,208.0,1,1,1.0
70,1,986.0,350.0,64.0,204.0,1,1,1.0
71,1,987.0,346.0,64.0,201.0,1,1,1.0
72,1,988.0,344.0,64.0,200.0,1,1,1.0
73,1,989.0,342.0,64.0,200.0,1,1,1.0
74,1,989.0,341.0,64.0,201.0,1,1,1.0
75,1,989.0,341.0,64.0,201.0,1,1,1.0
76,1,990.0,341.0,63.0,201.0,1,1,1.0
77,1,989.0,340.0,62.0,200.0,1,1,1.0
78,1,988.0,339.0,62.0,199.0,1,1,1.0
79,1,987.0,337.0,62.0,196.0,1,1,1.0
80,1,985.0,334.0,61.0,192.0,1,1,1.0
81,1,984.0,332.0,60.0,189.0,1,1,1.0
82,1,983.0,330.0,60.0,189.0,1,1,1.0
83,1,981.0,329.0,60.0,190.0,1,1,1.0
84,1,980.0,328.0,60.0,190.0,1,1,1.0
85,1,979.0,328.0,61.0,190.0,1,1,1.0
86,1,979.0,328.0,60.0,189.0,1,1,1.0
87,1,980.0,327.0,59.0,188.0,1,1,1.0
88,1,980.0,325.0,58.0,186.0,1,1,1.0
89,1,981.0,323.0,57.0,181.0,1,1,1.0
90,1,981.0,320.0,57.0,180.0,1,1,1.0
91,1,982.0,318.0,57.0,179.0,1,1,1.0
92,1,981.0,317.0,58.0,180.0,1,1,1.0
93,1,980.0,317.0,59.0,180.0,1,1,1.0
94,1,978.0,317.0,60.0,180.0,1,1,1.0
95,1,979.0,317.0,58.0,181.0,1,1,1.0
96,1,979.0,316.0,56.0,180.0,1,1,1.0
97,1,977.0,315.0,54.0,179.0,1,1,1.0
98,1,976.0,313.0,54.0,177.0,1,1,1.0
99,1,974.0,311.0,54.0,172.0,1,1,1.0
100,1,973.0,309.0,54.0,171.0,1,1,1.0
101,1,972.0,307.0,53.0,172.0,1,1,1.0
102,1,970.0,306.0,53.0,172.0,1,1,1.0
103,1,969.0,306.0,53.0,172.0,1,1,1.0
104,1,967.0,306.0,53.0,172.0,1,1,1.0
105,1,966.0,307.0,52.0,171.0,1,1,1.0
106,1,966.0,306.0,51.0,170.0,1,1,1.0
107,1,967.0,305.0,50.0,168.0,1,1,1.0
108,1,966.0,303.0,51.0,165.0,1,1,1.0
109,1,966.0,300.0,51.0,164.0,1,1,1.0
110,1,966.0,299.0,50.0,163.0,1,1,1.0
111,1,965.0,297.0,51.0,164.0,1,1,1.0
112,1,963.0,297.0,53.0,165.0,1,1,1.0
113,1,961.0,297.0,54.0,165.0,1,1,1.0
114,1,962.0,298.0,52.0,164.0,1,1,1.0
115,1,963.0,297.0,49.0,164.0,1,1,1.0
116,1,962.0,296.0,48.0,164.0,1,1,1.0
117,1,961.0,295.0,48.0,161.0,1,1,1.0
118,1,959.0,293.0,49.0,157.0,1,1,1.0
119,1,958.0,291.0,49.0,157.0,1,1,1.0
120,1,956.0,289.0,49.0,158.0,1,1,1.0
121,1,955.0,288.0,49.0,159.0,1,1,1.0
122,1,954.0,288.0,50.0,159.0,1,1,1.0
123,1,953.0,289.0,50.0,159.0,1,1,1.0
124,1,953.0,289.0,50.0,158.0,1,1,1.0
125,1,953.0,289.0,50.0,156.0,1,1,1.0
126,1,954.0,288.0,50.0,154.0,1,1,1.0
127,1,954.0,287.0,49.0,151.0,1,1,1.0
128,1,955.0,285.0,49.0,150.0,1,1,1.0
129,1,955.0,284.0,49.0,150.0,1,1,1.0
130,1,956.0,283.0,49.0,150.0,1,1,1.0
131,1,956.0,283.0,49.0,150.0,1,1,1.0
132,1,957.0,283.0,49.0,151.0,1,1,1.0
133,1,957.0,283.0,48.0,150.0,1,1,1.0
134,1,957.0,283.0,48.0,150.0,1,1,1.0
135,1,957.0,282.0,48.0,150.0,1,1,1.0
136,1,956.0,281.0,49.0,148.0,1,1,1.0
137,1,956.0,280.0,50.0,145.0,1,1,1.0
138,1,955.0,278.0,51.0,144.0,1,1,1.0
139,1,955.0,276.0,52.0,145.0,1,1,1.0
140,1,955.0,276.0,52.0,146.0,1,1,1.0
141,1,955.0,276.0,51.0,145.0,1,1,1.0
142,1,955.0,277.0,50.0,145.0,1,1,1.0
143,1,955.0,277.0,49.0,144.0,1,1,1.0
144,1,956.0,277.0,48.0,144.0,1,1,1.0
145,1,957.0,276.0,47.0,143.0,1,1,1.0
146,1,958.0,275.0,48.0,141.0,1,1,1.0
147,1,959.0,274.0,48.0,140.0,1,1,1.0
148,1,960.0,273.0,46.0,139.0,1,1,1.0
149,1,961.0,272.0,44.0,139.0,1,1,1.0
150,1,962.0,271.0,42.0,139.0,1,1,1.0
151,1,962.0,271.0,42.0,139.0,1,1,1.0
152,1,962.0,272.0,42.0,139.0,1,1,1.0
153,1,962.0,272.0,42.0,139.0,1,1,1.0
154,1,962.0,272.0,43.0,139.0,1,1,1.0
155,1,962.0,271.0,45.0,138.0,1,1,1.0
156,1,961.0,270.0,46.0,135.0,1,1,1.0
157,1,960.0,268.0,46.0,134.0,1,1,1.0
158,1,959.0,266.0,47.0,135.0,1,1,1.0
159,1,959.0,265.0,47.0,135.0,1,1,1.0
160,1,958.0,265.0,47.0,136.0,1,1,1.0
161,1,957.0,265.0,48.0,136.0,1,1,1.0
162,1,956.0,265.0,48.0,135.0,1,1,1.0
163,1,957.0,266.0,47.0,135.0,1,1,1.0
164,1,958.0,265.0,46.0,134.0,1,1,1.0
165,1,959.0,264.0,46.0,131.0,1,1,1.0
166,1,959.0,263.0,46.0,129.0,1,1,1.0
167,1,960.0,262.0,45.0,129.0,1,1,1.0
168,1,960.0,261.0,44.0,129.0,1,1,1.0
169,1,960.0,261.0,44.0,129.0,1,1,1.0
170,1,960.0,261.0,44.0,129.0,1,1,1.0
171,1,960.0,262.0,44.0,129.0,1,1,1.0
172,1,960.0,262.0,43.0,128.0,1,1,1.0
173,1,960.0,261.0,42.0,128.0,1,1,1.0
174,1,959.0,260.0,43.0,128.0,1,1,1.0
175,1,958.0,259.0,44.0,125.0,1,1,1.0
176,1,957.0,258.0,44.0,124.0,1,1,1.0
177,1,956.0,256.0,44.0,125.0,1,1,1.0
178,1,955.0,256.0,44.0,125.0,1,1,1.0
179,1,954.0,255.0,44.0,125.0,1,1,1.0
180,1,954.0,256.0,43.0,125.0,1,1,1.0
181,1,953.0,257.0,41.0,124.0,1,1,1.0
182,1,954.0,257.0,39.0,124.0,1,1,1.0
183,1,955.0,257.0,38.0,124.0,1,1,1.0
184,1,955.0,256.0,38.0,123.0,1,1,1.0
185,1,955.0,255.0,38.0,122.0,1,1,1.0
186,1,956.0,253.0,37.0,120.0,1,1,1.0
187,1,956.0,253.0,38.0,120.0,1,1,1.0
188,1,956.0,252.0,38.0,120.0,1,1,1.0
189,1,956.0,252.0,38.0,121.0,1,1,1.0
190,1,957.0,251.0,38.0,121.0,1,1,1.0
191,1,957.0,252.0,38.0,121.0,1,1,1.0
192,1,957.0,252.0,38.0,121.0,1,1,1.0
193,1,957.0,251.0,38.0,121.0,1,1,1.0
194,1,956.0,251.0,38.0,119.0,1,1,1.0
195,1,956.0,250.0,38.0,117.0,1,1,1.0
196,1,955.0,249.0,38.0,116.0,1,1,1.0
197,1,955.0,248.0,38.0,116.0,1,1,1.0
198,1,954.0,248.0,38.0,116.0,1,1,1.0
199,1,954.0,248.0,38.0,116.0,1,1,1.0
200,1,954.0,248.0,39.0,116.0,1,1,1.0
201,1,954.0,248.0,40.0,117.0,1,1,1.0
202,1,955.0,248.0,39.0,116.0,1,1,1.0
203,1,957.0,249.0,38.0,115.0,1,1,1.0
204,1,959.0,248.0,37.0,115.0,1,1,1.0
205,1,960.0,247.0,37.0,113.0,1,1,1.0
206,1,960.0,246.0,37.0,113.0,1,1,1.0
207,1,961.0,245.0,36.0,113.0,1,1,1.0
208,1,962.0,244.0,36.0,114.0,1,1,1.0
209,1,963.0,243.0,36.0,114.0,1,1,1.0
210,1,964.0,244.0,36.0,114.0,1,1,1.0
211,1,964.0,245.0,36.0,113.0,1,1,1.0
212,1,965.0,245.0,35.0,112.0,1,1,1.0
213,1,965.0,244.0,36.0,113.0,1,1,1.0
214,1,965.0,243.0,36.0,113.0,1,1,1.0
215,1,965.0,242.0,36.0,111.0,1,1,1.0
216,1,965.0,242.0,36.0,110.0,1,1,1.0
217,1,965.0,241.0,37.0,110.0,1,1,1.0
218,1,965.0,241.0,37.0,110.0,1,1,1.0
219,1,965.0,241.0,38.0,110.0,1,1,1.0
220,1,965.0,241.0,38.0,109.0,1,1,1.0
221,1,966.0,242.0,37.0,109.0,1,1,1.0
222,1,968.0,242.0,37.0,108.0,1,1,1.0
223,1,970.0,242.0,36.0,107.0,1,1,1.0
224,1,971.0,242.0,37.0,107.0,1,1,1.0
225,1,972.0,241.0,37.0,105.0,1,1,1.0
226,1,973.0,240.0,38.0,105.0,1,1,1.0
227,1,976.0,239.0,37.0,105.0,1,1,1.0
228,1,978.0,239.0,36.0,106.0,1,1,1.0
229,1,979.0,238.0,35.0,106.0,1,1,1.0
230,1,981.0,239.0,33.0,106.0,1,1,1.0
231,1,983.0,239.0,33.0,105.0,1,1,1.0
232,1,984.0,240.0,35.0,104.0,1,1,1.0
233,1,985.0,240.0,35.0,104.0,1,1,1.0
234,1,987.0,239.0,36.0,104.0,1,1,1.0
235,1,988.0,239.0,37.0,103.0,1,1,1.0
236,1,989.0,238.0,38.0,102.0,1,1,1.0
237,1,990.0,238.0,37.0,103.0,1,1,1.0
238,1,990.0,237.0,38.0,103.0,1,1,1.0
239,1,994.0,237.0,36.0,102.0,1,1,1.0
240,1,997.0,238.0,37.0,102.0,1,1,1.0
241,1,998.0,238.0,40.0,102.0,1,1,1.0
242,1,998.0,239.0,43.0,101.0,1,1,1.0
243,1,999.0,239.0,44.0,100.0,1,1,1.0
244,1,999.0,239.0,46.0,100.0,1,1,1.0
245,1,1001.0,239.0,51.0,99.0,1,1,1.0
246,1,1007.0,239.0,46.0,99.0,1,1,1.0
247,1,1014.0,239.0,42.0,99.0,1,1,1.0
248,1,1021.0,238.0,36.0,100.0,1,1,1.0
249,1,1024.0,238.0,33.0,100.0,1,1,1.0
250,1,1026.0,238.0,36.0,99.0,1,1,1.0
251,1,1026.0,239.0,40.0,99.0,1,1,1.0
252,1,1027.0,239.0,44.0,99.0,1,1,1.0
253,1,1028.0,239.0,47.0,99.0,1,1,1.0
254,1,1031.0,240.0,46.0,99.0,1,1,1.0
255,1,1036.0,239.0,42.0,99.0,1,1,1.0
256,1,1044.0,239.0,36.0,99.0,1,1,1.0
257,1,1053.0,239.0,31.0,99.0,1,1,1.0
258,1,1058.0,239.0,28.0,99.0,1,1,1.0
259,1,1059.0,239.0,31.0,100.0,1,1,1.0
260,1,1060.0,240.0,37.0,100.0,1,1,1.0
261,1,1060.0,241.0,43.0,100.0,1,1,1.0
262,1,1061.0,241.0,46.0,100.0,1,1,1.0
263,1,1062.0,242.0,47.0,100.0,1,1,1.0
264,1,1065.0,243.0,46.0,100.0,1,1,1.0
265,1,1070.0,243.0,41.0,100.0,1,1,1.0
266,1,1077.0,243.0,36.0,100.0,1,1,1.0
267,1,1085.0,242.0,30.0,101.0,1,1,1.0
268,1,1090.0,242.0,29.0,101.0,1,1,1.0
269,1,1093.0,242.0,31.0,101.0,1,1,1.0
270,1,1095.0,243.0,35.0,101.0,1,1,1.0
271,1,1097.0,244.0,42.0,100.0,1,1,1.0
272,1,1098.0,245.0,47.0,99.0,1,1,1.0
275,1,1104.0,247.0,46.0,101.0,1,1,1.0
276,1,1107.0,246.0,43.0,102.0,1,1,1.0
277,1,1114.0,246.0,37.0,101.0,1,1,1.0
278,1,1122.0,246.0,31.0,102.0,1,1,1.0
279,1,1127.0,246.0,29.0,103.0,1,1,1.0
280,1,1130.0,246.0,29.0,104.0,1,1,1.0
281,1,1132.0,247.0,31.0,104.0,1,1,1.0
282,1,1133.0,249.0,36.0,103.0,1,1,1.0
283,1,1133.0,250.0,40.0,104.0,1,1,1.0
284,1,1134.0,250.0,42.0,105.0,1,1,1.0
285,1,1136.0,250.0,41.0,106.0,1,1,1.0
286,1,1142.0,251.0,37.0,105.0,1,1,1.0
287,1,1149.0,251.0,33.0,105.0,1,1,1.0
288,1,1155.0,251.0,32.0,105.0,1,1,1.0
289,1,1158.0,251.0,31.0,105.0,1,1,1.0
290,1,1161.0,251.0,32.0,105.0,1,1,1.0
291,1,1163.0,252.0,37.0,105.0,1,1,1.0
292,1,1164.0,254.0,42.0,104.0,1,1,1.0
293,1,1165.0,255.0,44.0,103.0,1,1,1.0
294,1,1166.0,256.0,46.0,104.0,1,1,1.0
295,1,1167.0,257.0,47.0,105.0,1,1,1.0
296,1,1171.0,256.0,45.0,106.0,1,1,1.0
297,1,1176.0,256.0,41.0,106.0,1,1,1.0
298,1,1184.0,256.0,35.0,107.0,1,1,1.0
299,1,1190.0,256.0,33.0,107.0,1,1,1.0
300,1,1193.0,257.0,32.0,107.0,1,1,1.0
301,1,1196.0,257.0,32.0,108.0,1,1,1.0
302,1,1197.0,259.0,34.0,108.0,1,1,1.0
303,1,1198.0,260.0,38.0,108.0,1,1,1.0
304,1,1199.0,261.0,38.0,108.0,1,1,1.0
305,1,1202.0,262.0,39.0,108.0,1,1,1.0
306,1,1206.0,262.0,38.0,108.0,1,1,1.0
307,1,1212.0,262.0,36.0,108.0,1,1,1.0
308,1,1215.0,261.0,34.0,108.0,1,1,1.0
309,1,1219.0,261.0,33.0,109.0,1,1,1.0
310,1,1222.0,262.0,35.0,109.0,1,1,1.0
311,1,1223.0,263.0,40.0,108.0,1,1,1.0
312,1,1223.0,265.0,47.0,108.0,1,1,1.0
313,1,1224.0,267.0,51.0,108.0,1,1,1.0
314,1,1225.0,267.0,52.0,109.0,1,1,1.0
315,1,1227.0,268.0,53.0,109.0,1,1,1.0
316,1,1231.0,268.0,52.0,110.0,1,1,1.0
317,1,1238.0,268.0,46.0,110.0,1,1,1.0
318,1,1247.0,268.0,39.0,110.0,1,1,1.0
319,1,1252.0,268.0,36.0,110.0,1,1,1.0
320,1,1255.0,269.0,34.0,111.0,1,1,1.0
321,1,1258.0,271.0,34.0,111.0,1,1,1.0
322,1,1259.0,272.0,38.0,110.0,1,1,1.0
323,1,1260.0,273.0,41.0,112.0,1,1,1.0
324,1,1261.0,273.0,45.0,112.0,1,1,1.0
325,1,1265.0,273.0,49.0,113.0,1,1,1.0
326,1,1270.0,272.0,49.0,114.0,1,1,1.0
327,1,1277.0,272.0,41.0,115.0,1,1,1.0
328,1,1281.0,273.0,38.0,114.0,1,1,1.0
329,1,1283.0,272.0,37.0,114.0,1,1,1.0
330,1,1286.0,272.0,39.0,115.0,1,1,1.0
331,1,1289.0,275.0,41.0,114.0,1,1,1.0
332,1,1291.0,276.0,42.0,114.0,1,1,1.0
333,1,1291.0,277.0,43.0,114.0,1,1,1.0
334,1,1292.0,278.0,44.0,114.0,1,1,1.0
335,1,1294.0,278.0,44.0,114.0,1,1,1.0
336,1,1298.0,278.0,45.0,114.0,1,1,1.0
337,1,1303.0,278.0,43.0,114.0,1,1,1.0
338,1,1310.0,279.0,41.0,113.0,1,1,1.0
339,1,1315.0,279.0,39.0,114.0,1,1,1.0
340,1,1320.0,280.0,43.0,113.0,1,1,1.0
341,1,1323.0,280.0,45.0,113.0,1,1,1.0
342,1,1324.0,281.0,41.0,112.0,1,1,1.0
343,1,1325.0,282.0,47.0,111.0,1,1,1.0
344,1,1329.0,282.0,48.0,107.0,1,1,1.0
345,1,1328.0,282.0,52.0,105.0,1,1,1.0
346,1,1334.0,283.0,43.0,102.0,1,1,1.0
349,1,1346.0,285.0,39.0,100.0,1,1,1.0
350,1,1349.0,286.0,37.0,100.0,1,1,1.0
351,1,1353.0,288.0,36.0,99.0,1,1,1.0
352,1,1355.0,289.0,43.0,113.0,1,1,1.0
355,1,1364.0,293.0,44.0,119.0,1,1,1.0
356,1,1367.0,294.0,41.0,120.0,1,1,1.0
357,1,1369.0,294.0,42.0,120.0,1,1,1.0
358,1,1371.0,294.0,44.0,121.0,1,1,1.0
359,1,1373.0,294.0,44.0,121.0,1,1,1.0
360,1,1375.0,295.0,44.0,120.0,1,1,1.0
361,1,1377.0,295.0,42.0,121.0,1,1,1.0
362,1,1379.0,296.0,40.0,123.0,1,1,1.0
363,1,1380.0,297.0,41.0,124.0,1,1,1.0
364,1,1381.0,298.0,41.0,123.0,1,1,1.0
365,1,1383.0,299.0,42.0,123.0,1,1,1.0
366,1,1384.0,299.0,41.0,123.0,1,1,1.0
367,1,1385.0,300.0,41.0,123.0,1,1,1.0
368,1,1386.0,299.0,40.0,123.0,1,1,1.0
369,1,1387.0,299.0,40.0,123.0,1,1,1.0
370,1,1386.0,299.0,40.0,124.0,1,1,1.0
371,1,1385.0,299.0,40.0,127.0,1,1,1.0
372,1,1384.0,300.0,41.0,128.0,1,1,1.0
373,1,1383.0,300.0,42.0,127.0,1,1,1.0
374,1,1382.0,301.0,42.0,127.0,1,1,1.0
375,1,1381.0,301.0,43.0,128.0,1,1,1.0
376,1,1379.0,302.0,45.0,129.0,1,1,1.0
377,1,1377.0,302.0,46.0,129.0,1,1,1.0
378,1,1376.0,302.0,47.0,129.0,1,1,1.0
379,1,1374.0,301.0,48.0,129.0,1,1,1.0
380,1,1373.0,301.0,48.0,130.0,1,1,1.0
381,1,1370.0,301.0,49.0,129.0,1,1,1.0
382,1,1368.0,301.0,48.0,129.0,1,1,1.0
383,1,1363.0,302.0,51.0,129.0,1,1,1.0
384,1,1358.0,303.0,53.0,128.0,1,1,1.0
385,1,1356.0,304.0,52.0,128.0,1,1,1.0
386,1,1354.0,304.0,51.0,129.0,1,1,1.0
387,1,1353.0,304.0,49.0,130.0,1,1,1.0
388,1,1353.0,303.0,46.0,130.0,1,1,1.0
389,1,1352.0,302.0,44.0,131.0,1,1,1.0
390,1,1352.0,302.0,42.0,132.0,1,1,1.0
391,1,1352.0,302.0,40.0,134.0,1,1,1.0
392,1,1351.0,302.0,38.0,134.0,1,1,1.0
393,1,1347.0,303.0,39.0,135.0,1,1,1.0
394,1,1339.0,304.0,44.0,135.0,1,1,1.0
395,1,1336.0,304.0,45.0,135.0,1,1,1.0
396,1,1334.0,305.0,44.0,135.0,1,1,1.0
397,1,1333.0,305.0,43.0,135.0,1,1,1.0
398,1,1329.0,305.0,44.0,135.0,1,1,1.0
399,1,1327.0,304.0,44.0,135.0,1,1,1.0
400,1,1322.0,304.0,45.0,135.0,1,1,1.0
401,1,1317.0,303.0,47.0,136.0,1,1,1.0
402,1,1310.0,303.0,52.0,136.0,1,1,1.0
403,1,1300.0,304.0,59.0,135.0,1,1,1.0
404,1,1293.0,305.0,62.0,135.0,1,1,1.0
405,1,1288.0,306.0,62.0,134.0,1,1,1.0
406,1,1286.0,306.0,61.0,135.0,1,1,1.0
407,1,1285.0,305.0,59.0,135.0,1,1,1.0
408,1,1285.0,304.0,55.0,136.0,1,1,1.0
409,1,1285.0,303.0,52.0,137.0,1,1,1.0
410,1,1283.0,302.0,49.0,139.0,1,1,1.0
411,1,1280.0,302.0,49.0,141.0,1,1,1.0
412,1,1281.0,303.0,45.0,142.0,1,1,1.0
413,1,1277.0,304.0,46.0,142.0,1,1,1.0
414,1,1271.0,305.0,48.0,140.0,1,1,1.0
415,1,1267.0,306.0,49.0,140.0,1,1,1.0
416,1,1264.0,307.0,48.0,141.0,1,1,1.0
417,1,1263.0,306.0,46.0,142.0,1,1,1.0
419,1,1258.0,305.0,45.0,143.0,1,1,1.0
420,1,1254.0,304.0,46.0,144.0,1,1,1.0
421,1,1246.0,304.0,50.0,144.0,1,1,1.0
422,1,1237.0,304.0,56.0,144.0,1,1,1.0
423,1,1226.0,305.0,63.0,143.0,1,1,1.0
424,1,1217.0,306.0,68.0,143.0,1,1,1.0
425,1,1213.0,307.0,68.0,142.0,1,1,1.0
426,1,1210.0,307.0,66.0,142.0,1,1,1.0
427,1,1209.0,306.0,65.0,143.0,1,1,1.0
428,1,1208.0,306.0,60.0,143.0,1,1,1.0
429,1,1208.0,305.0,54.0,144.0,1,1,1.0
430,1,1209.0,305.0,49.0,146.0,1,1,1.0
431,1,1209.0,304.0,44.0,148.0,1,1,1.0
432,1,1208.0,304.0,41.0,150.0,1,1,1.0
433,1,1200.0,306.0,45.0,150.0,1,1,1.0
434,1,1191.0,307.0,50.0,150.0,1,1,1.0
435,1,1185.0,308.0,51.0,149.0,1,1,1.0
436,1,1182.0,308.0,51.0,150.0,1,1,1.0
437,1,1180.0,308.0,48.0,150.0,1,1,1.0
438,1,1179.0,308.0,46.0,150.0,1,1,1.0
439,1,1176.0,307.0,46.0,151.0,1,1,1.0
440,1,1170.0,307.0,48.0,151.0,1,1,1.0
441,1,1163.0,306.0,52.0,152.0,1,1,1.0
442,1,1151.0,307.0,59.0,151.0,1,1,1.0
443,1,1139.0,308.0,67.0,151.0,1,1,1.0
444,1,1131.0,309.0,70.0,150.0,1,1,1.0
445,1,1127.0,309.0,70.0,150.0,1,1,1.0
446,1,1124.0,309.0,69.0,150.0,1,1,1.0
447,1,1123.0,309.0,67.0,151.0,1,1,1.0
448,1,1123.0,308.0,61.0,152.0,1,1,1.0
449,1,1123.0,308.0,53.0,153.0,1,1,1.0
450,1,1123.0,307.0,48.0,154.0,1,1,1.0
451,1,1123.0,307.0,43.0,156.0,1,1,1.0
452,1,1117.0,307.0,44.0,158.0,1,1,1.0
453,1,1106.0,308.0,51.0,158.0,1,1,1.0
454,1,1096.0,309.0,56.0,158.0,1,1,1.0
455,1,1091.0,310.0,58.0,157.0,1,1,1.0
456,1,1088.0,310.0,57.0,158.0,1,1,1.0
457,1,1086.0,310.0,54.0,158.0,1,1,1.0
458,1,1085.0,310.0,49.0,159.0,1,1,1.0
460,1,1075.0,309.0,50.0,160.0,1,1,1.0
461,1,1066.0,308.0,54.0,160.0,1,1,1.0
462,1,1053.0,309.0,61.0,160.0,1,1,1.0
463,1,1039.0,309.0,70.0,160.0,1,1,1.0
464,1,1031.0,310.0,74.0,159.0,1,1,1.0
465,1,1026.0,311.0,76.0,159.0,1,1,1.0
466,1,1024.0,311.0,76.0,160.0,1,1,1.0
467,1,1023.0,310.0,73.0,160.0,1,1,1.0
468,1,1023.0,309.0,65.0,161.0,1,1,1.0
469,1,1024.0,308.0,55.0,163.0,1,1,1.0
470,1,1024.0,307.0,48.0,165.0,1,1,1.0
471,1,1024.0,307.0,44.0,168.0,1,1,1.0
472,1,1014.0,308.0,48.0,169.0,1,1,1.0
473,1,1002.0,309.0,55.0,169.0,1,1,1.0
474,1,993.0,310.0,59.0,168.0,1,1,1.0
475,1,987.0,311.0,62.0,169.0,1,1,1.0
476,1,984.0,311.0,61.0,169.0,1,1,1.0
477,1,983.0,311.0,55.0,170.0,1,1,1.0
478,1,982.0,311.0,50.0,170.0,1,1,1.0
479,1,976.0,310.0,50.0,171.0,1,1,1.0
480,1,969.0,309.0,52.0,172.0,1,1,1.0
481,1,958.0,309.0,58.0,172.0,1,1,1.0
482,1,942.0,310.0,69.0,172.0,1,1,1.0
483,1,931.0,311.0,74.0,171.0,1,1,1.0
484,1,927.0,312.0,76.0,170.0,1,1,1.0
485,1,919.0,314.0,82.0,171.0,1,1,1.0
486,1,915.0,314.0,84.0,171.0,1,1,1.0
487,1,913.0,314.0,81.0,172.0,1,1,1.0
488,1,913.0,313.0,73.0,172.0,1,1,1.0
489,1,913.0,313.0,62.0,173.0,1,1,1.0
490,1,913.0,312.0,51.0,176.0,1,1,1.0
491,1,912.0,313.0,45.0,178.0,1,1,1.0
492,1,906.0,314.0,46.0,179.0,1,1,1.0
493,1,892.0,316.0,54.0,180.0,1,1,1.0
494,1,882.0,318.0,60.0,180.0,1,1,1.0
495,1,875.0,319.0,66.0,181.0,1,1,1.0
496,1,871.0,320.0,67.0,182.0,1,1,1.0
497,1,869.0,320.0,63.0,183.0,1,1,1.0
498,1,868.0,320.0,55.0,183.0,1,1,1.0
499,1,861.0,320.0,52.0,184.0,1,1,1.0
500,1,852.0,319.0,54.0,184.0,1,1,1.0
501,1,843.0,319.0,56.0,184.0,1,1,1.0
502,1,827.0,320.0,67.0,184.0,1,1,1.0
503,1,812.0,322.0,78.0,183.0,1,1,1.0
504,1,802.0,324.0,87.0,184.0,1,1,1.0
505,1,796.0,325.0,92.0,183.0,1,1,1.0
506,1,793.0,325.0,92.0,184.0,1,1,1.0
507,1,792.0,325.0,86.0,184.0,1,1,1.0
508,1,792.0,325.0,75.0,185.0,1,1,1.0
509,1,793.0,324.0,60.0,186.0,1,1,1.0
510,1,792.0,324.0,48.0,189.0,1,1,1.0
511,1,788.0,325.0,45.0,192.0,1,1,1.0
512,1,771.0,326.0,56.0,193.0,1,1,1.0
513,1,757.0,328.0,68.0,193.0,1,1,1.0
514,1,746.0,330.0,77.0,192.0,1,1,1.0
515,1,739.0,332.0,82.0,193.0,1,1,1.0
516,1,736.0,332.0,79.0,193.0,1,1,1.0
517,1,735.0,333.0,70.0,194.0,1,1,1.0
518,1,733.0,332.0,58.0,194.0,1,1,1.0
519,1,724.0,332.0,56.0,194.0,1,1,1.0
520,1,715.0,332.0,56.0,195.0,1,1,1.0
521,1,700.0,332.0,64.0,194.0,1,1,1.0
522,1,682.0,334.0,79.0,194.0,1,1,1.0
523,1,667.0,336.0,92.0,193.0,1,1,1.0
524,1,660.0,337.0,99.0,193.0,1,1,1.0
525,1,656.0,339.0,101.0,193.0,1,1,1.0
526,1,654.0,339.0,96.0,194.0,1,1,1.0
527,1,654.0,338.0,86.0,195.0,1,1,1.0
528,1,654.0,338.0,70.0,195.0,1,1,1.0
529,1,653.0,338.0,53.0,197.0,1,1,1.0
531,1,633.0,340.0,58.0,204.0,1,1,1.0
532,1,618.0,342.0,70.0,203.0,1,1,1.0
533,1,606.0,344.0,80.0,202.0,1,1,1.0
534,1,599.0,346.0,86.0,202.0,1,1,1.0
535,1,596.0,346.0,84.0,204.0,1,1,1.0
536,1,594.0,347.0,74.0,204.0,1,1,1.0
537,1,591.0,347.0,63.0,204.0,1,1,1.0
538,1,582.0,347.0,56.0,203.0,1,1,1.0
539,1,573.0,347.0,55.0,204.0,1,1,1.0
540,1,558.0,347.0,66.0,204.0,1,1,1.0
