1,1,750.0,204.0,43.0,122.0,1,1,1.0
2,1,750.0,204.0,44.0,122.0,1,1,1.0
3,1,750.0,204.0,44.0,123.0,1,1,1.0
4,1,750.0,204.0,44.0,125.0,1,1,1.0
5,1,751.0,205.0,44.0,127.0,1,1,1.0
6,1,750.0,206.0,44.0,127.0,1,1,1.0
7,1,750.0,206.0,44.0,128.0,1,1,1.0
8,1,750.0,207.0,44.0,129.0,1,1,1.0
9,1,749.0,208.0,44.0,129.0,1,1,1.0
10,1,748.0,208.0,45.0,130.0,1,1,1.0
11,1,747.0,208.0,46.0,130.0,1,1,1.0
12,1,745.0,208.0,47.0,130.0,1,1,1.0
13,1,745.0,208.0,48.0,131.0,1,1,1.0
14,1,744.0,208.0,49.0,133.0,1,1,1.0
15,1,743.0,210.0,49.0,133.0,1,1,1.0
16,1,743.0,212.0,48.0,132.0,1,1,1.0
17,1,742.0,214.0,47.0,133.0,1,1,1.0
18,1,742.0,215.0,47.0,133.0,1,1,1.0
19,1,743.0,216.0,47.0,133.0,1,1,1.0
20,1,743.0,216.0,47.0,133.0,1,1,1.0
21,1,744.0,217.0,48.0,132.0,1,1,1.0
22,1,744.0,217.0,47.0,132.0,1,1,1.0
23,1,745.0,217.0,48.0,133.0,1,1,1.0
24,1,745.0,216.0,48.0,135.0,1,1,1.0
25,1,746.0,218.0,49.0,136.0,1,1,1.0
26,1,746.0,220.0,49.0,137.0,1,1,1.0
27,1,746.0,222.0,49.0,137.0,1,1,1.0
28,1,746.0,223.0,50.0,138.0,1,1,1.0
29,1,746.0,223.0,50.0,138.0,1,1,1.0
30,1,746.0,223.0,50.0,138.0,1,1,1.0
31,1,746.0,224.0,50.0,138.0,1,1,1.0
32,1,745.0,223.0,51.0,138.0,1,1,1.0
33,1,746.0,223.0,51.0,139.0,1,1,1.0
34,1,746.0,224.0,51.0,139.0,1,1,1.0
35,1,746.0,225.0,51.0,140.0,1,1,1.0
36,1,748.0,227.0,50.0,141.0,1,1,1.0
37,1,749.0,228.0,50.0,142.0,1,1,1.0
38,1,750.0,229.0,50.0,143.0,1,1,1.0
39,1,752.0,230.0,50.0,144.0,1,1,1.0
40,1,753.0,231.0,50.0,144.0,1,1,1.0
41,1,754.0,231.0,51.0,144.0,1,1,1.0
42,1,756.0,231.0,52.0,144.0,1,1,1.0
43,1,757.0,231.0,52.0,144.0,1,1,1.0
44,1,758.0,231.0,53.0,146.0,1,1,1.0
45,1,759.0,232.0,53.0,149.0,1,1,1.0
46,1,760.0,234.0,53.0,149.0,1,1,1.0
47,1,760.0,236.0,53.0,149.0,1,1,1.0
48,1,761.0,237.0,53.0,150.0,1,1,1.0
49,1,761.0,238.0,53.0,151.0,1,1,1.0
50,1,762.0,238.0,53.0,151.0,1,1,1.0
51,1,762.0,238.0,53.0,151.0,1,1,1.0
52,1,762.0,238.0,53.0,150.0,1,1,1.0
53,1,762.0,239.0,54.0,150.0,1,1,1.0
54,1,762.0,239.0,54.0,151.0,1,1,1.0
55,1,762.0,240.0,55.0,153.0,1,1,1.0
56,1,762.0,241.0,55.0,155.0,1,1,1.0
57,1,763.0,243.0,55.0,155.0,1,1,1.0
58,1,764.0,245.0,55.0,156.0,1,1,1.0
59,1,765.0,246.0,55.0,157.0,1,1,1.0
60,1,766.0,247.0,56.0,157.0,1,1,1.0
61,1,767.0,247.0,56.0,158.0,1,1,1.0
62,1,768.0,247.0,56.0,158.0,1,1,1.0
63,1,768.0,247.0,57.0,158.0,1,1,1.0
64,1,769.0,247.0,57.0,158.0,1,1,1.0
65,1,770.0,249.0,57.0,160.0,1,1,1.0
66,1,770.0,249.0,57.0,163.0,1,1,1.0
67,1,770.0,250.0,57.0,166.0,1,1,1.0
68,1,770.0,250.0,58.0,168.0,1,1,1.0
69,1,770.0,255.0,58.0,165.0,1,1,1.0
70,1,770.0,258.0,58.0,162.0,1,1,1.0
71,1,769.0,260.0,58.0,162.0,1,1,1.0
72,1,769.0,260.0,59.0,161.0,1,1,1.0
73,1,768.0,260.0,59.0,161.0,1,1,1.0
74,1,767.0,261.0,60.0,161.0,1,1,1.0
75,1,767.0,262.0,60.0,163.0,1,1,1.0
76,1,766.0,263.0,61.0,167.0,1,1,1.0
77,1,766.0,264.0,61.0,167.0,1,1,1.0
78,1,766.0,266.0,62.0,170.0,1,1,1.0
79,1,767.0,268.0,62.0,171.0,1,1,1.0
80,1,768.0,269.0,62.0,171.0,1,1,1.0
81,1,768.0,269.0,62.0,171.0,1,1,1.0
82,1,769.0,269.0,63.0,171.0,1,1,1.0
83,1,769.0,269.0,63.0,171.0,1,1,1.0
84,1,769.0,269.0,64.0,171.0,1,1,1.0
85,1,769.0,271.0,64.0,173.0,1,1,1.0
86,1,770.0,273.0,64.0,177.0,1,1,1.0
87,1,770.0,275.0,64.0,178.0,1,1,1.0
88,1,770.0,277.0,63.0,179.0,1,1,1.0
89,1,770.0,279.0,64.0,180.0,1,1,1.0
90,1,769.0,280.0,64.0,181.0,1,1,1.0
91,1,768.0,280.0,64.0,182.0,1,1,1.0
92,1,767.0,280.0,65.0,181.0,1,1,1.0
93,1,766.0,280.0,65.0,181.0,1,1,1.0
94,1,765.0,281.0,66.0,181.0,1,1,1.0
95,1,764.0,282.0,67.0,182.0,1,1,1.0
96,1,764.0,283.0,68.0,183.0,1,1,1.0
97,1,764.0,286.0,68.0,185.0,1,1,1.0
98,1,764.0,288.0,68.0,187.0,1,1,1.0
99,1,764.0,289.0,68.0,191.0,1,1,1.0
100,1,765.0,291.0,69.0,193.0,1,1,1.0
101,1,766.0,292.0,69.0,194.0,1,1,1.0
102,1,767.0,292.0,69.0,194.0,1,1,1.0
103,1,767.0,292.0,69.0,194.0,1,1,1.0
104,1,768.0,292.0,70.0,194.0,1,1,1.0
105,1,768.0,295.0,71.0,202.0,1,1,1.0
106,1,769.0,298.0,71.0,202.0,1,1,1.0
107,1,769.0,301.0,71.0,205.0,1,1,1.0
108,1,769.0,303.0,71.0,208.0,1,1,1.0
109,1,768.0,305.0,71.0,208.0,1,1,1.0
110,1,767.0,307.0,71.0,208.0,1,1,1.0
111,1,766.0,307.0,72.0,207.0,1,1,1.0
112,1,766.0,308.0,73.0,206.0,1,1,1.0
113,1,765.0,309.0,74.0,205.0,1,1,1.0
114,1,765.0,311.0,75.0,208.0,1,1,1.0
115,1,765.0,314.0,76.0,211.0,1,1,1.0
116,1,765.0,317.0,76.0,212.0,1,1,1.0
117,1,766.0,321.0,76.0,212.0,1,1,1.0
118,1,768.0,324.0,76.0,215.0,1,1,1.0
119,1,770.0,327.0,76.0,214.0,1,1,1.0
120,1,771.0,329.0,76.0,213.0,1,1,1.0
121,1,773.0,331.0,77.0,212.0,1,1,1.0
122,1,774.0,331.0,77.0,211.0,1,1,1.0
123,1,775.0,332.0,78.0,212.0,1,1,1.0
124,1,776.0,334.0,78.0,217.0,1,1,1.0
125,1,777.0,337.0,78.0,221.0,1,1,1.0
126,1,777.0,341.0,79.0,221.0,1,1,1.0
127,1,777.0,345.0,79.0,224.0,1,1,1.0
128,1,777.0,348.0,80.0,228.0,1,1,1.0
129,1,777.0,350.0,80.0,228.0,1,1,1.0
130,1,776.0,352.0,81.0,228.0,1,1,1.0
131,1,775.0,353.0,81.0,227.0,1,1,1.0
132,1,775.0,354.0,82.0,225.0,1,1,1.0
133,1,775.0,356.0,83.0,224.0,1,1,1.0
134,1,775.0,359.0,84.0,227.0,1,1,1.0
135,1,775.0,362.0,85.0,231.0,1,1,1.0
136,1,776.0,366.0,85.0,233.0,1,1,1.0
137,1,778.0,371.0,85.0,234.0,1,1,1.0
138,1,779.0,374.0,85.0,240.0,1,1,1.0
139,1,781.0,376.0,86.0,242.0,1,1,1.0
140,1,782.0,379.0,87.0,241.0,1,1,1.0
141,1,783.0,380.0,88.0,240.0,1,1,1.0
142,1,784.0,381.0,88.0,239.0,1,1,1.0
143,1,785.0,382.0,89.0,240.0,1,1,1.0
144,1,786.0,385.0,91.0,252.0,1,1,1.0
145,1,788.0,392.0,91.0,255.0,1,1,1.0
146,1,789.0,397.0,91.0,256.0,1,1,1.0
147,1,789.0,402.0,92.0,261.0,1,1,1.0
148,1,789.0,405.0,93.0,261.0,1,1,1.0
149,1,789.0,407.0,93.0,260.0,1,1,1.0
150,1,789.0,409.0,94.0,258.0,1,1,1.0
151,1,789.0,410.0,95.0,256.0,1,1,1.0
152,1,789.0,412.0,97.0,257.0,1,1,1.0
153,1,789.0,416.0,98.0,266.0,1,1,1.0
154,1,790.0,421.0,99.0,267.0,1,1,1.0
155,1,792.0,427.0,99.0,267.0,1,1,1.0
156,1,794.0,432.0,99.0,270.0,1,1,1.0
157,1,797.0,436.0,99.0,275.0,1,1,1.0
158,1,799.0,439.0,100.0,275.0,1,1,1.0
159,1,801.0,442.0,101.0,273.0,1,1,1.0
160,1,803.0,443.0,102.0,271.0,1,1,1.0
161,1,805.0,445.0,103.0,270.0,1,1,1.0
162,1,806.0,447.0,104.0,273.0,1,1,1.0
163,1,808.0,451.0,105.0,287.0,1,1,1.0
164,1,810.0,456.0,106.0,290.0,1,1,1.0
165,1,811.0,465.0,107.0,294.0,1,1,1.0
166,1,811.0,472.0,108.0,300.0,1,1,1.0
167,1,811.0,476.0,108.0,300.0,1,1,1.0
168,1,811.0,480.0,109.0,298.0,1,1,1.0
169,1,811.0,482.0,110.0,295.0,1,1,1.0
170,1,810.0,485.0,111.0,292.0,1,1,1.0
171,1,810.0,488.0,113.0,293.0,1,1,1.0
172,1,810.0,493.0,114.0,304.0,1,1,1.0
173,1,810.0,500.0,115.0,307.0,1,1,1.0
174,1,812.0,506.0,116.0,308.0,1,1,1.0
175,1,813.0,513.0,117.0,318.0,1,1,1.0
176,1,816.0,519.0,118.0,320.0,1,1,1.0
177,1,818.0,524.0,119.0,319.0,1,1,1.0
178,1,821.0,527.0,120.0,316.0,1,1,1.0
179,1,822.0,530.0,121.0,313.0,1,1,1.0
180,1,824.0,533.0,123.0,309.0,1,1,1.0
181,1,826.0,537.0,124.0,319.0,1,1,1.0
182,1,827.0,543.0,125.0,335.0,1,1,1.0
183,1,828.0,550.0,126.0,336.0,1,1,1.0
184,1,829.0,557.0,126.0,347.0,1,1,1.0
185,1,829.0,567.0,127.0,351.0,1,1,1.0
186,1,828.0,573.0,128.0,350.0,1,1,1.0
187,1,826.0,578.0,130.0,347.0,1,1,1.0
188,1,825.0,582.0,132.0,342.0,1,1,1.0
189,1,824.0,586.0,134.0,338.0,1,1,1.0
190,1,824.0,592.0,135.0,342.0,1,1,1.0
191,1,823.0,598.0,137.0,359.0,1,1,1.0
192,1,824.0,608.0,138.0,362.0,1,1,1.0
193,1,825.0,617.0,140.0,364.0,1,1,1.0
194,1,827.0,627.0,140.0,374.0,1,1,1.0
195,1,830.0,635.0,140.0,376.0,1,1,1.0
196,1,833.0,642.0,142.0,372.0,1,1,1.0
197,1,835.0,648.0,144.0,367.0,1,1,1.0
198,1,836.0,653.0,146.0,362.0,1,1,1.0
199,1,838.0,658.0,148.0,356.0,1,1,1.0
200,1,839.0,664.0,150.0,366.0,1,1,1.0
201,1,841.0,673.0,151.0,387.0,1,1,1.0
202,1,842.0,683.0,151.0,393.0,1,1,1.0
203,1,842.0,693.0,152.0,388.0,1,1,1.0
204,1,841.0,703.0,154.0,379.0,1,1,1.0
205,1,839.0,712.0,155.0,371.0,1,1,1.0
206,1,837.0,720.0,158.0,363.0,1,1,1.0
207,1,834.0,727.0,161.0,356.0,1,1,1.0
208,1,831.0,733.0,164.0,349.0,1,1,1.0
209,1,829.0,740.0,168.0,342.0,1,1,1.0
210,1,826.0,749.0,171.0,332.0,1,1,1.0
211,1,824.0,760.0,174.0,321.0,1,1,1.0
212,1,821.0,773.0,176.0,307.0,1,1,1.0
213,1,821.0,786.0,177.0,294.0,1,1,1.0
214,1,820.0,801.0,179.0,279.0,1,1,1.0
215,1,822.0,814.0,180.0,265.0,1,1,1.0
216,1,822.0,825.0,181.0,254.0,1,1,1.0
217,1,822.0,834.0,183.0,245.0,1,1,1.0
218,1,823.0,843.0,185.0,236.0,1,1,1.0
219,1,822.0,852.0,187.0,227.0,1,1,1.0
220,1,822.0,862.0,188.0,217.0,1,1,1.0
221,1,822.0,875.0,188.0,204.0,1,1,1.0
222,1,821.0,891.0,188.0,188.0,1,1,1.0
223,1,818.0,909.0,189.0,170.0,1,1,1.0
224,1,814.0,926.0,190.0,153.0,1,1,1.0
225,1,804.0,950.0,190.0,129.0,1,1,1.0
226,1,796.0,967.0,192.0,112.0,1,1,1.0
227,1,792.0,980.0,190.0,98.0,1,1,1.0
228,1,791.0,994.0,186.0,85.0,1,1,1.0
229,1,793.0,1011.0,179.0,68.0,1,1,1.0
396,2,0.0,506.0,83.0,238.0,1,1,1.0
397,2,0.0,502.0,86.0,241.0,1,1,1.0
398,2,0.0,498.0,89.0,245.0,1,1,1.0
399,2,0.0,493.0,90.0,249.0,1,1,1.0
400,2,2.0,489.0,88.0,260.0,1,1,1.0
401,2,8.0,485.0,83.0,264.0,1,1,1.0
402,2,16.0,483.0,87.0,263.0,1,1,1.0
403,2,24.0,481.0,102.0,262.0,1,1,1.0
404,2,33.0,480.0,117.0,262.0,1,1,1.0
405,2,42.0,480.0,124.0,262.0,1,1,1.0
406,2,52.0,479.0,124.0,259.0,1,1,1.0
407,2,59.0,477.0,122.0,257.0,1,1,1.0
408,2,66.0,475.0,117.0,255.0,1,1,1.0
409,2,78.0,472.0,106.0,252.0,1,1,1.0
410,2,88.0,467.0,96.0,253.0,1,1,1.0
411,2,97.0,464.0,86.0,256.0,1,1,1.0
412,2,106.0,461.0,80.0,259.0,1,1,1.0
413,2,114.0,458.0,95.0,261.0,1,1,1.0
414,2,121.0,457.0,110.0,262.0,1,1,1.0
415,2,129.0,456.0,120.0,264.0,1,1,1.0
416,2,139.0,454.0,122.0,265.0,1,1,1.0
417,2,146.0,452.0,122.0,267.0,1,1,1.0
418,2,156.0,448.0,115.0,267.0,1,1,1.0
419,2,168.0,445.0,105.0,257.0,1,1,1.0
420,2,178.0,441.0,95.0,258.0,1,1,1.0
421,2,187.0,437.0,87.0,258.0,1,1,1.0
422,2,195.0,434.0,90.0,259.0,1,1,1.0
423,2,204.0,433.0,106.0,259.0,1,1,1.0
424,2,214.0,432.0,121.0,260.0,1,1,1.0
425,2,224.0,432.0,130.0,261.0,1,1,1.0
426,2,233.0,432.0,130.0,259.0,1,1,1.0
427,2,238.0,430.0,132.0,256.0,1,1,1.0
428,2,243.0,428.0,130.0,255.0,1,1,1.0
429,2,255.0,425.0,119.0,252.0,1,1,1.0
430,2,271.0,421.0,103.0,251.0,1,1,1.0
431,2,283.0,418.0,90.0,252.0,1,1,1.0
432,2,292.0,415.0,80.0,255.0,1,1,1.0
433,2,301.0,412.0,84.0,256.0,1,1,1.0
434,2,310.0,412.0,98.0,257.0,1,1,1.0
435,2,319.0,411.0,109.0,258.0,1,1,1.0
436,2,328.0,410.0,112.0,259.0,1,1,1.0
437,2,334.0,408.0,114.0,260.0,1,1,1.0
438,2,341.0,405.0,110.0,261.0,1,1,1.0
439,2,354.0,402.0,99.0,258.0,1,1,1.0
440,2,364.0,398.0,88.0,254.0,1,1,1.0
441,2,373.0,395.0,83.0,249.0,1,1,1.0
442,2,381.0,392.0,84.0,250.0,1,1,1.0
443,2,390.0,390.0,94.0,251.0,1,1,1.0
444,2,399.0,389.0,110.0,251.0,1,1,1.0
445,2,408.0,389.0,121.0,251.0,1,1,1.0
446,2,417.0,389.0,124.0,251.0,1,1,1.0
447,2,421.0,388.0,127.0,248.0,1,1,1.0
448,2,425.0,387.0,126.0,246.0,1,1,1.0
449,2,435.0,384.0,118.0,244.0,1,1,1.0
450,2,450.0,381.0,102.0,240.0,1,1,1.0
451,2,466.0,378.0,86.0,240.0,1,1,1.0
452,2,475.0,375.0,76.0,242.0,1,1,1.0
453,2,483.0,374.0,73.0,243.0,1,1,1.0
454,2,492.0,373.0,84.0,244.0,1,1,1.0
455,2,502.0,373.0,95.0,244.0,1,1,1.0
456,2,509.0,373.0,101.0,244.0,1,1,1.0
457,2,513.0,372.0,107.0,244.0,1,1,1.0
458,2,519.0,369.0,105.0,246.0,1,1,1.0
459,2,530.0,367.0,95.0,245.0,1,1,1.0
460,2,544.0,364.0,82.0,240.0,1,1,1.0
461,2,555.0,361.0,75.0,236.0,1,1,1.0
462,2,564.0,358.0,75.0,236.0,1,1,1.0
463,2,572.0,357.0,81.0,236.0,1,1,1.0
464,2,580.0,356.0,95.0,236.0,1,1,1.0
465,2,591.0,357.0,110.0,234.0,1,1,1.0
466,2,596.0,357.0,116.0,230.0,1,1,1.0
467,2,601.0,356.0,117.0,227.0,1,1,1.0
468,2,610.0,354.0,110.0,226.0,1,1,1.0
469,2,624.0,351.0,96.0,223.0,1,1,1.0
470,2,640.0,349.0,80.0,223.0,1,1,1.0
471,2,651.0,346.0,75.0,224.0,1,1,1.0
472,2,659.0,345.0,74.0,225.0,1,1,1.0
473,2,666.0,343.0,76.0,227.0,1,1,1.0
474,2,674.0,344.0,84.0,226.0,1,1,1.0
475,2,680.0,343.0,90.0,227.0,1,1,1.0
476,2,684.0,342.0,94.0,227.0,1,1,1.0
477,2,691.0,340.0,91.0,228.0,1,1,1.0
478,2,702.0,337.0,80.0,226.0,1,1,1.0
479,2,714.0,335.0,74.0,221.0,1,1,1.0
480,2,723.0,333.0,75.0,216.0,1,1,1.0
481,2,730.0,331.0,76.0,216.0,1,1,1.0
482,2,737.0,330.0,81.0,216.0,1,1,1.0
483,2,744.0,330.0,92.0,216.0,1,1,1.0
484,2,752.0,331.0,101.0,214.0,1,1,1.0
485,2,757.0,331.0,107.0,210.0,1,1,1.0
486,2,762.0,330.0,106.0,209.0,1,1,1.0
487,2,770.0,329.0,99.0,207.0,1,1,1.0
488,2,784.0,327.0,85.0,204.0,1,1,1.0
489,2,797.0,325.0,75.0,205.0,1,1,1.0
490,2,805.0,323.0,72.0,206.0,1,1,1.0
491,2,813.0,321.0,70.0,207.0,1,1,1.0
492,2,820.0,320.0,68.0,208.0,1,1,1.0
493,2,826.0,321.0,74.0,208.0,1,1,1.0
494,2,833.0,321.0,76.0,208.0,1,1,1.0
495,2,835.0,319.0,80.0,209.0,1,1,1.0
496,2,841.0,318.0,76.0,208.0,1,1,1.0
497,2,850.0,316.0,72.0,206.0,1,1,1.0
498,2,860.0,313.0,68.0,204.0,1,1,1.0
499,2,868.0,311.0,65.0,200.0,1,1,1.0
500,2,874.0,307.0,67.0,202.0,1,1,1.0
501,2,879.0,305.0,69.0,203.0,1,1,1.0
502,2,885.0,305.0,72.0,203.0,1,1,1.0
503,2,891.0,307.0,79.0,201.0,1,1,1.0
504,2,895.0,308.0,89.0,200.0,1,1,1.0
505,2,897.0,309.0,93.0,198.0,1,1,1.0
506,2,899.0,308.0,88.0,198.0,1,1,1.0
507,2,904.0,307.0,87.0,197.0,1,1,1.0
508,2,914.0,307.0,83.0,192.0,1,1,1.0
509,2,927.0,305.0,75.0,190.0,1,1,1.0
510,2,937.0,302.0,69.0,190.0,1,1,1.0
511,2,944.0,301.0,66.0,190.0,1,1,1.0
512,2,950.0,300.0,64.0,191.0,1,1,1.0
513,2,956.0,300.0,64.0,190.0,1,1,1.0
514,2,961.0,300.0,64.0,191.0,1,1,1.0
515,2,963.0,301.0,67.0,189.0,1,1,1.0
516,2,967.0,301.0,68.0,188.0,1,1,1.0
517,2,975.0,300.0,66.0,187.0,1,1,1.0
518,2,983.0,300.0,64.0,184.0,1,1,1.0
519,2,988.0,299.0,65.0,182.0,1,1,1.0
520,2,993.0,296.0,66.0,184.0,1,1,1.0
521,2,998.0,295.0,66.0,185.0,1,1,1.0
522,2,1002.0,294.0,68.0,185.0,1,1,1.0
523,2,1007.0,295.0,73.0,184.0,1,1,1.0
524,2,1011.0,297.0,77.0,182.0,1,1,1.0
525,2,1012.0,297.0,79.0,182.0,1,1,1.0
526,2,1015.0,297.0,78.0,181.0,1,1,1.0
527,2,1018.0,296.0,78.0,180.0,1,1,1.0
528,2,1025.0,295.0,75.0,177.0,1,1,1.0
529,2,1036.0,294.0,68.0,176.0,1,1,1.0
530,2,1046.0,292.0,64.0,177.0,1,1,1.0
532,2,1058.0,291.0,60.0,179.0,1,1,1.0
533,2,1062.0,290.0,60.0,179.0,1,1,1.0
534,2,1064.0,291.0,64.0,179.0,1,1,1.0
535,2,1068.0,291.0,65.0,179.0,1,1,1.0
536,2,1070.0,290.0,67.0,180.0,1,1,1.0
537,2,1079.0,288.0,63.0,177.0,1,1,1.0
538,2,1086.0,287.0,59.0,176.0,1,1,1.0
539,2,1092.0,285.0,59.0,174.0,1,1,1.0
540,2,1097.0,283.0,58.0,175.0,1,1,1.0
541,2,1101.0,283.0,60.0,174.0,1,1,1.0
542,2,1105.0,283.0,64.0,173.0,1,1,1.0
543,2,1109.0,284.0,68.0,172.0,1,1,1.0
544,2,1111.0,285.0,72.0,171.0,1,1,1.0
545,2,1113.0,285.0,73.0,170.0,1,1,1.0
546,2,1115.0,285.0,76.0,169.0,1,1,1.0
547,2,1119.0,284.0,74.0,166.0,1,1,1.0
548,2,1127.0,283.0,69.0,166.0,1,1,1.0
549,2,1137.0,282.0,63.0,166.0,1,1,1.0
550,2,1145.0,281.0,58.0,167.0,1,1,1.0
551,2,1150.0,280.0,57.0,167.0,1,1,1.0
552,2,1155.0,281.0,56.0,167.0,1,1,1.0
553,2,1159.0,281.0,56.0,167.0,1,1,1.0
554,2,1160.0,282.0,59.0,166.0,1,1,1.0
555,2,1161.0,282.0,62.0,165.0,1,1,1.0
556,2,1164.0,281.0,62.0,165.0,1,1,1.0
557,2,1170.0,280.0,60.0,165.0,1,1,1.0
558,2,1178.0,278.0,57.0,162.0,1,1,1.0
559,2,1183.0,277.0,55.0,161.0,1,1,1.0
560,2,1187.0,276.0,55.0,162.0,1,1,1.0
561,2,1192.0,276.0,55.0,162.0,1,1,1.0
562,2,1195.0,275.0,55.0,162.0,1,1,1.0
563,2,1198.0,276.0,59.0,161.0,1,1,1.0
564,2,1199.0,275.0,66.0,162.0,1,1,1.0
565,2,1199.0,277.0,69.0,160.0,1,1,1.0
566,2,1200.0,276.0,69.0,160.0,1,1,1.0
567,2,1204.0,277.0,69.0,157.0,1,1,1.0
568,2,1209.0,274.0,68.0,156.0,1,1,1.0
569,2,1219.0,274.0,63.0,155.0,1,1,1.0
570,2,1229.0,273.0,56.0,155.0,1,1,1.0
571,2,1236.0,273.0,53.0,155.0,1,1,1.0
572,2,1241.0,274.0,52.0,154.0,1,1,1.0
573,2,1246.0,274.0,52.0,154.0,1,1,1.0
574,2,1247.0,275.0,54.0,153.0,1,1,1.0
575,2,1248.0,275.0,58.0,153.0,1,1,1.0
576,2,1250.0,275.0,59.0,153.0,1,1,1.0
577,2,1255.0,274.0,58.0,153.0,1,1,1.0
578,2,1261.0,274.0,55.0,150.0,1,1,1.0
579,2,1268.0,272.0,51.0,148.0,1,1,1.0
580,2,1271.0,271.0,51.0,149.0,1,1,1.0
