49,1,1885.0,341.0,33.0,119.0,1,1,1.0
50,1,1885.0,341.0,33.0,118.0,1,1,1.0
51,1,1885.0,341.0,32.0,116.0,1,1,1.0
52,1,1885.0,341.0,31.0,116.0,1,1,1.0
53,1,1885.0,341.0,31.0,115.0,1,1,1.0
54,1,1885.0,348.0,29.0,109.0,1,1,1.0
55,1,1883.0,344.0,30.0,113.0,1,1,1.0
56,1,1880.0,342.0,32.0,115.0,1,1,1.0
57,1,1876.0,342.0,34.0,116.0,1,1,1.0
58,1,1874.0,342.0,35.0,116.0,1,1,1.0
59,1,1872.0,342.0,36.0,116.0,1,1,1.0
60,1,1871.0,345.0,35.0,115.0,1,1,1.0
61,1,1869.0,342.0,35.0,117.0,1,1,1.0
62,1,1867.0,344.0,35.0,115.0,1,1,1.0
63,1,1866.0,348.0,33.0,110.0,1,1,1.0
63,2,1887.0,355.0,32.0,111.0,1,1,1.0
64,1,1865.0,349.0,31.0,109.0,1,1,1.0
64,2,1887.0,354.0,32.0,112.0,1,1,1.0
65,1,1864.0,342.0,30.0,116.0,1,1,1.0
65,2,1887.0,351.0,32.0,115.0,1,1,1.0
66,1,1863.0,342.0,30.0,116.0,1,1,1.0
66,2,1886.0,349.0,32.0,116.0,1,1,1.0
67,1,1858.0,344.0,31.0,112.0,1,1,1.0
67,2,1885.0,348.0,32.0,118.0,1,1,1.0
68,1,1851.0,341.0,36.0,115.0,1,1,1.0
68,2,1883.0,347.0,30.0,119.0,1,1,1.0
69,1,1843.0,346.0,43.0,111.0,1,1,1.0
69,2,1880.0,347.0,31.0,119.0,1,1,1.0
70,2,1872.0,347.0,38.0,118.0,1,1,1.0
71,1,1837.0,348.0,43.0,108.0,1,1,1.0
71,2,1864.0,348.0,45.0,118.0,1,1,1.0
72,1,1835.0,349.0,41.0,106.0,1,1,1.0
72,2,1858.0,349.0,49.0,116.0,1,1,1.0
73,1,1834.0,345.0,38.0,111.0,1,1,1.0
73,2,1854.0,350.0,50.0,115.0,1,1,1.0
74,1,1834.0,337.0,33.0,118.0,1,1,1.0
74,2,1852.0,347.0,49.0,117.0,1,1,1.0
75,1,1834.0,338.0,29.0,117.0,1,1,1.0
75,2,1852.0,347.0,43.0,115.0,1,1,1.0
76,1,1833.0,344.0,27.0,110.0,1,1,1.0
76,2,1852.0,346.0,34.0,115.0,1,1,1.0
77,1,1829.0,346.0,29.0,109.0,1,1,1.0
77,2,1850.0,345.0,30.0,115.0,1,1,1.0
78,1,1823.0,349.0,35.0,106.0,1,1,1.0
78,2,1846.0,344.0,31.0,117.0,1,1,1.0
79,2,1839.0,343.0,35.0,118.0,1,1,1.0
80,2,1829.0,344.0,43.0,117.0,1,1,1.0
81,2,1822.0,345.0,47.0,116.0,1,1,1.0
82,2,1818.0,345.0,50.0,116.0,1,1,1.0
83,1,1801.0,335.0,37.0,119.0,1,1,1.0
83,2,1814.0,345.0,51.0,115.0,1,1,1.0
84,2,1813.0,345.0,49.0,115.0,1,1,1.0
85,1,1796.0,334.0,32.0,120.0,1,1,1.0
85,2,1813.0,344.0,44.0,115.0,1,1,1.0
86,1,1795.0,333.0,30.0,121.0,1,1,1.0
86,2,1813.0,344.0,36.0,114.0,1,1,1.0
89,1,1771.0,331.0,46.0,122.0,1,1,1.0
89,2,1802.0,343.0,36.0,114.0,1,1,1.0
90,1,1764.0,331.0,49.0,120.0,1,1,1.0
90,2,1794.0,343.0,42.0,115.0,1,1,1.0
91,1,1759.0,332.0,55.0,119.0,1,1,1.0
91,2,1786.0,342.0,49.0,115.0,1,1,1.0
92,1,1756.0,331.0,62.0,120.0,1,1,1.0
92,2,1782.0,343.0,51.0,115.0,1,1,1.0
93,1,1756.0,330.0,47.0,121.0,1,1,1.0
93,2,1779.0,342.0,50.0,116.0,1,1,1.0
94,1,1756.0,329.0,39.0,122.0,1,1,1.0
94,2,1778.0,342.0,45.0,117.0,1,1,1.0
95,1,1755.0,327.0,36.0,123.0,1,1,1.0
95,2,1775.0,342.0,42.0,117.0,1,1,1.0
96,1,1749.0,328.0,37.0,124.0,1,1,1.0
96,2,1773.0,341.0,38.0,118.0,1,1,1.0
97,1,1748.0,329.0,36.0,124.0,1,1,1.0
97,2,1768.0,340.0,37.0,118.0,1,1,1.0
99,1,1732.0,330.0,44.0,123.0,1,1,1.0
99,2,1746.0,341.0,50.0,117.0,1,1,1.0
101,1,1725.0,329.0,45.0,123.0,1,1,1.0
101,2,1737.0,342.0,56.0,117.0,1,1,1.0
102,1,1723.0,330.0,40.0,123.0,1,1,1.0
102,2,1735.0,340.0,54.0,118.0,1,1,1.0
103,1,1719.0,329.0,37.0,123.0,1,1,1.0
103,2,1735.0,339.0,50.0,118.0,1,1,1.0
104,1,1718.0,328.0,34.0,124.0,1,1,1.0
104,2,1735.0,338.0,43.0,118.0,1,1,1.0
105,1,1718.0,327.0,29.0,124.0,1,1,1.0
105,2,1735.0,335.0,35.0,120.0,1,1,1.0
106,1,1713.0,325.0,30.0,125.0,1,1,1.0
106,2,1731.0,334.0,34.0,122.0,1,1,1.0
107,1,1702.0,326.0,39.0,123.0,1,1,1.0
107,2,1729.0,334.0,32.0,123.0,1,1,1.0
109,1,1682.0,327.0,54.0,123.0,1,1,1.0
109,2,1710.0,332.0,45.0,125.0,1,1,1.0
110,1,1676.0,327.0,59.0,123.0,1,1,1.0
110,2,1703.0,332.0,50.0,125.0,1,1,1.0
111,1,1671.0,327.0,65.0,123.0,1,1,1.0
111,2,1700.0,334.0,51.0,123.0,1,1,1.0
112,2,1697.0,334.0,51.0,124.0,1,1,1.0
113,1,1668.0,324.0,53.0,125.0,1,1,1.0
113,2,1696.0,333.0,48.0,124.0,1,1,1.0
114,1,1669.0,323.0,44.0,125.0,1,1,1.0
114,2,1696.0,332.0,41.0,125.0,1,1,1.0
115,1,1670.0,323.0,39.0,125.0,1,1,1.0
115,2,1695.0,332.0,37.0,126.0,1,1,1.0
116,1,1667.0,324.0,38.0,125.0,1,1,1.0
116,2,1691.0,332.0,37.0,126.0,1,1,1.0
117,1,1661.0,323.0,40.0,127.0,1,1,1.0
117,2,1685.0,332.0,40.0,125.0,1,1,1.0
118,1,1652.0,322.0,44.0,127.0,1,1,1.0
118,2,1674.0,331.0,47.0,126.0,1,1,1.0
119,1,1644.0,323.0,48.0,126.0,1,1,1.0
119,2,1663.0,331.0,53.0,126.0,1,1,1.0
120,1,1638.0,324.0,52.0,127.0,1,1,1.0
120,2,1657.0,331.0,58.0,126.0,1,1,1.0
121,1,1634.0,323.0,52.0,127.0,1,1,1.0
121,2,1652.0,331.0,62.0,126.0,1,1,1.0
122,1,1631.0,323.0,49.0,128.0,1,1,1.0
122,2,1651.0,331.0,60.0,126.0,1,1,1.0
123,1,1629.0,322.0,44.0,129.0,1,1,1.0
123,2,1650.0,329.0,56.0,127.0,1,1,1.0
124,1,1626.0,320.0,42.0,131.0,1,1,1.0
124,2,1649.0,328.0,49.0,127.0,1,1,1.0
125,1,1626.0,319.0,38.0,132.0,1,1,1.0
125,2,1650.0,327.0,41.0,128.0,1,1,1.0
126,1,1625.0,319.0,36.0,132.0,1,1,1.0
126,2,1648.0,326.0,40.0,129.0,1,1,1.0
127,1,1619.0,318.0,39.0,132.0,1,1,1.0
127,2,1644.0,326.0,41.0,130.0,1,1,1.0
128,1,1608.0,319.0,44.0,130.0,1,1,1.0
128,2,1634.0,325.0,48.0,132.0,1,1,1.0
129,1,1597.0,319.0,50.0,130.0,1,1,1.0
129,2,1623.0,325.0,55.0,131.0,1,1,1.0
130,1,1588.0,320.0,64.0,130.0,1,1,1.0
130,2,1615.0,326.0,61.0,130.0,1,1,1.0
131,1,1583.0,320.0,66.0,131.0,1,1,1.0
131,2,1610.0,327.0,62.0,129.0,1,1,1.0
132,2,1608.0,328.0,61.0,129.0,1,1,1.0
133,2,1606.0,328.0,56.0,130.0,1,1,1.0
134,2,1606.0,327.0,51.0,131.0,1,1,1.0
135,1,1579.0,317.0,45.0,133.0,1,1,1.0
135,2,1605.0,326.0,45.0,132.0,1,1,1.0
136,1,1579.0,316.0,39.0,135.0,1,1,1.0
136,2,1601.0,326.0,42.0,131.0,1,1,1.0
137,1,1573.0,316.0,38.0,136.0,1,1,1.0
138,1,1565.0,316.0,40.0,137.0,1,1,1.0
138,2,1582.0,324.0,51.0,134.0,1,1,1.0
139,1,1555.0,317.0,47.0,136.0,1,1,1.0
139,2,1571.0,326.0,57.0,132.0,1,1,1.0
140,1,1548.0,318.0,52.0,136.0,1,1,1.0
140,2,1564.0,327.0,61.0,131.0,1,1,1.0
141,1,1543.0,319.0,55.0,136.0,1,1,1.0
141,2,1560.0,328.0,64.0,130.0,1,1,1.0
142,1,1540.0,319.0,52.0,137.0,1,1,1.0
142,2,1558.0,329.0,63.0,129.0,1,1,1.0
143,1,1538.0,319.0,45.0,138.0,1,1,1.0
143,2,1558.0,329.0,58.0,129.0,1,1,1.0
144,1,1537.0,318.0,40.0,138.0,1,1,1.0
144,2,1557.0,328.0,51.0,130.0,1,1,1.0
145,1,1535.0,317.0,38.0,139.0,1,1,1.0
145,2,1557.0,328.0,45.0,131.0,1,1,1.0
146,1,1533.0,316.0,36.0,139.0,1,1,1.0
146,2,1554.0,327.0,46.0,133.0,1,1,1.0
147,1,1526.0,316.0,37.0,138.0,1,1,1.0
147,2,1552.0,327.0,46.0,134.0,1,1,1.0
148,2,1543.0,327.0,54.0,135.0,1,1,1.0
149,1,1502.0,318.0,67.0,137.0,1,1,1.0
149,2,1532.0,329.0,62.0,133.0,1,1,1.0
150,1,1494.0,319.0,71.0,137.0,1,1,1.0
150,2,1525.0,331.0,67.0,132.0,1,1,1.0
151,1,1489.0,320.0,69.0,137.0,1,1,1.0
151,2,1519.0,332.0,68.0,132.0,1,1,1.0
152,1,1486.0,320.0,79.0,138.0,1,1,1.0
152,2,1517.0,334.0,66.0,132.0,1,1,1.0
153,2,1516.0,334.0,60.0,132.0,1,1,1.0
154,1,1484.0,318.0,55.0,139.0,1,1,1.0
154,2,1516.0,334.0,53.0,133.0,1,1,1.0
155,2,1513.0,333.0,48.0,133.0,1,1,1.0
156,1,1482.0,317.0,43.0,140.0,1,1,1.0
157,1,1472.0,317.0,49.0,141.0,1,1,1.0
157,2,1499.0,332.0,47.0,134.0,1,1,1.0
158,1,1465.0,318.0,49.0,142.0,1,1,1.0
158,2,1489.0,332.0,52.0,134.0,1,1,1.0
159,1,1457.0,319.0,51.0,141.0,1,1,1.0
159,2,1477.0,333.0,61.0,133.0,1,1,1.0
160,1,1450.0,321.0,56.0,141.0,1,1,1.0
160,2,1468.0,334.0,67.0,132.0,1,1,1.0
161,1,1445.0,322.0,60.0,140.0,1,1,1.0
161,2,1462.0,335.0,72.0,133.0,1,1,1.0
162,1,1442.0,322.0,60.0,141.0,1,1,1.0
162,2,1458.0,334.0,73.0,134.0,1,1,1.0
163,1,1440.0,322.0,52.0,141.0,1,1,1.0
163,2,1456.0,333.0,70.0,135.0,1,1,1.0
164,1,1440.0,321.0,42.0,142.0,1,1,1.0
164,2,1456.0,332.0,62.0,136.0,1,1,1.0
165,1,1436.0,320.0,38.0,143.0,1,1,1.0
165,2,1456.0,332.0,51.0,136.0,1,1,1.0
166,1,1431.0,319.0,38.0,144.0,1,1,1.0
166,2,1454.0,330.0,47.0,138.0,1,1,1.0
167,1,1425.0,319.0,40.0,144.0,1,1,1.0
167,2,1451.0,330.0,47.0,140.0,1,1,1.0
168,1,1411.0,319.0,48.0,144.0,1,1,1.0
168,2,1441.0,330.0,55.0,141.0,1,1,1.0
169,1,1395.0,321.0,70.0,143.0,1,1,1.0
169,2,1429.0,331.0,65.0,140.0,1,1,1.0
170,1,1386.0,322.0,77.0,143.0,1,1,1.0
170,2,1419.0,332.0,73.0,140.0,1,1,1.0
171,1,1380.0,322.0,85.0,142.0,1,1,1.0
171,2,1413.0,333.0,72.0,141.0,1,1,1.0
172,1,1375.0,322.0,92.0,143.0,1,1,1.0
172,2,1411.0,333.0,68.0,142.0,1,1,1.0
173,1,1375.0,320.0,87.0,144.0,1,1,1.0
173,2,1410.0,332.0,59.0,143.0,1,1,1.0
174,2,1410.0,331.0,50.0,144.0,1,1,1.0
175,1,1374.0,318.0,56.0,147.0,1,1,1.0
175,2,1408.0,331.0,43.0,145.0,1,1,1.0
176,1,1373.0,317.0,50.0,149.0,1,1,1.0
176,2,1403.0,330.0,42.0,145.0,1,1,1.0
177,1,1363.0,316.0,49.0,151.0,1,1,1.0
177,2,1391.0,329.0,49.0,147.0,1,1,1.0
178,1,1351.0,317.0,54.0,151.0,1,1,1.0
178,2,1377.0,329.0,58.0,147.0,1,1,1.0
179,1,1340.0,319.0,61.0,150.0,1,1,1.0
179,2,1364.0,329.0,67.0,147.0,1,1,1.0
180,1,1330.0,320.0,67.0,150.0,1,1,1.0
180,2,1357.0,329.0,74.0,148.0,1,1,1.0
181,1,1321.0,321.0,75.0,150.0,1,1,1.0
181,2,1353.0,330.0,76.0,148.0,1,1,1.0
182,1,1318.0,322.0,75.0,150.0,1,1,1.0
182,2,1351.0,329.0,74.0,149.0,1,1,1.0
183,1,1316.0,321.0,62.0,151.0,1,1,1.0
183,2,1350.0,328.0,67.0,150.0,1,1,1.0
184,1,1320.0,320.0,49.0,152.0,1,1,1.0
184,2,1350.0,327.0,56.0,152.0,1,1,1.0
185,1,1317.0,319.0,44.0,153.0,1,1,1.0
185,2,1349.0,327.0,44.0,152.0,1,1,1.0
186,1,1315.0,319.0,38.0,153.0,1,1,1.0
186,2,1343.0,327.0,42.0,154.0,1,1,1.0
187,1,1309.0,318.0,39.0,152.0,1,1,1.0
187,2,1331.0,327.0,51.0,154.0,1,1,1.0
188,1,1294.0,319.0,54.0,151.0,1,1,1.0
188,2,1314.0,328.0,66.0,153.0,1,1,1.0
189,1,1278.0,321.0,68.0,151.0,1,1,1.0
189,2,1300.0,327.0,79.0,154.0,1,1,1.0
190,1,1268.0,322.0,81.0,150.0,1,1,1.0
190,2,1291.0,329.0,85.0,153.0,1,1,1.0
191,1,1260.0,323.0,90.0,150.0,1,1,1.0
191,2,1287.0,332.0,83.0,150.0,1,1,1.0
192,2,1286.0,333.0,75.0,150.0,1,1,1.0
193,2,1285.0,333.0,63.0,150.0,1,1,1.0
194,2,1282.0,333.0,55.0,149.0,1,1,1.0
195,2,1276.0,334.0,50.0,149.0,1,1,1.0
196,2,1264.0,333.0,54.0,149.0,1,1,1.0
197,2,1244.0,333.0,69.0,150.0,1,1,1.0
198,2,1229.0,326.0,82.0,157.0,1,1,1.0
199,2,1216.0,325.0,93.0,158.0,1,1,1.0
200,2,1206.0,325.0,101.0,158.0,1,1,1.0
201,2,1210.0,336.0,92.0,147.0,1,1,1.0
203,2,1211.0,338.0,65.0,145.0,1,1,1.0
204,2,1207.0,338.0,54.0,146.0,1,1,1.0
206,2,1192.0,338.0,52.0,147.0,1,1,1.0
209,1,1132.0,326.0,97.0,153.0,1,1,1.0
209,2,1159.0,338.0,81.0,150.0,1,1,1.0
210,1,1126.0,327.0,98.0,152.0,1,1,1.0
210,2,1152.0,339.0,84.0,151.0,1,1,1.0
212,2,1148.0,339.0,68.0,151.0,1,1,1.0
213,2,1145.0,337.0,57.0,153.0,1,1,1.0
215,2,1135.0,336.0,48.0,154.0,1,1,1.0
216,2,1125.0,337.0,55.0,153.0,1,1,1.0
217,1,1085.0,326.0,69.0,156.0,1,1,1.0
217,2,1100.0,337.0,78.0,153.0,1,1,1.0
218,1,1072.0,327.0,79.0,155.0,1,1,1.0
218,2,1082.0,335.0,94.0,155.0,1,1,1.0
219,1,1062.0,328.0,89.0,153.0,1,1,1.0
219,2,1076.0,337.0,98.0,154.0,1,1,1.0
220,2,1073.0,338.0,95.0,152.0,1,1,1.0
221,2,1072.0,336.0,85.0,154.0,1,1,1.0
222,1,1048.0,329.0,52.0,155.0,1,1,1.0
222,2,1072.0,335.0,69.0,154.0,1,1,1.0
223,1,1045.0,329.0,42.0,155.0,1,1,1.0
223,2,1071.0,334.0,53.0,155.0,1,1,1.0
224,2,1065.0,333.0,45.0,157.0,1,1,1.0
225,2,1055.0,333.0,50.0,158.0,1,1,1.0
226,2,1036.0,333.0,66.0,157.0,1,1,1.0
227,2,1015.0,332.0,76.0,155.0,1,1,1.0
228,2,1008.0,335.0,88.0,155.0,1,1,1.0
229,2,1003.0,336.0,92.0,156.0,1,1,1.0
230,2,1001.0,337.0,86.0,155.0,1,1,1.0
231,2,1001.0,337.0,72.0,155.0,1,1,1.0
232,2,1001.0,336.0,55.0,157.0,1,1,1.0
233,2,993.0,335.0,47.0,158.0,1,1,1.0
236,2,945.0,337.0,86.0,157.0,1,1,1.0
237,2,934.0,338.0,94.0,156.0,1,1,1.0
238,2,931.0,339.0,94.0,156.0,1,1,1.0
241,2,926.0,338.0,63.0,157.0,1,1,1.0
243,2,914.0,338.0,49.0,159.0,1,1,1.0
244,2,898.0,338.0,61.0,161.0,1,1,1.0
245,2,881.0,339.0,76.0,161.0,1,1,1.0
246,2,869.0,342.0,86.0,159.0,1,1,1.0
247,2,861.0,342.0,91.0,160.0,1,1,1.0
248,2,859.0,343.0,85.0,160.0,1,1,1.0
251,2,835.0,339.0,70.0,164.0,1,1,1.0
252,2,830.0,340.0,62.0,164.0,1,1,1.0
253,2,817.0,336.0,72.0,168.0,1,1,1.0
254,2,800.0,336.0,86.0,169.0,1,1,1.0
255,2,790.0,338.0,95.0,168.0,1,1,1.0
256,2,783.0,339.0,98.0,167.0,1,1,1.0
257,2,776.0,341.0,97.0,167.0,1,1,1.0
258,2,769.0,342.0,94.0,166.0,1,1,1.0
259,2,766.0,341.0,75.0,165.0,1,1,1.0
261,2,759.0,339.0,56.0,171.0,1,1,1.0
262,2,744.0,338.0,68.0,173.0,1,1,1.0
263,2,726.0,338.0,85.0,173.0,1,1,1.0
264,2,716.0,341.0,93.0,171.0,1,1,1.0
265,2,709.0,342.0,97.0,171.0,1,1,1.0
266,2,703.0,343.0,95.0,172.0,1,1,1.0
267,2,703.0,344.0,87.0,171.0,1,1,1.0
269,2,693.0,345.0,60.0,170.0,1,1,1.0
270,2,687.0,344.0,57.0,171.0,1,1,1.0
271,2,671.0,344.0,68.0,172.0,1,1,1.0
272,2,655.0,350.0,81.0,166.0,1,1,1.0
273,2,642.0,350.0,92.0,166.0,1,1,1.0
274,2,630.0,357.0,102.0,160.0,1,1,1.0
275,2,622.0,361.0,105.0,156.0,1,1,1.0
276,2,615.0,362.0,103.0,154.0,1,1,1.0
277,2,608.0,362.0,101.0,154.0,1,1,1.0
278,2,607.0,354.0,88.0,162.0,1,1,1.0
279,2,605.0,350.0,74.0,168.0,1,1,1.0
280,2,602.0,347.0,63.0,173.0,1,1,1.0
281,2,595.0,346.0,66.0,176.0,1,1,1.0
282,2,581.0,350.0,78.0,171.0,1,1,1.0
283,2,570.0,360.0,88.0,161.0,1,1,1.0
284,2,560.0,355.0,97.0,165.0,1,1,1.0
285,2,556.0,353.0,97.0,168.0,1,1,1.0
286,2,552.0,353.0,93.0,169.0,1,1,1.0
287,2,546.0,353.0,86.0,169.0,1,1,1.0
288,2,541.0,358.0,72.0,164.0,1,1,1.0
289,2,537.0,363.0,59.0,159.0,1,1,1.0
290,2,526.0,355.0,65.0,167.0,1,1,1.0
291,2,514.0,354.0,74.0,168.0,1,1,1.0
292,2,498.0,356.0,90.0,167.0,1,1,1.0
293,2,486.0,359.0,100.0,164.0,1,1,1.0
294,2,476.0,359.0,108.0,164.0,1,1,1.0
295,2,468.0,364.0,109.0,160.0,1,1,1.0
296,2,462.0,365.0,101.0,158.0,1,1,1.0
297,2,460.0,361.0,87.0,163.0,1,1,1.0
298,2,464.0,359.0,68.0,165.0,1,1,1.0
299,2,460.0,357.0,60.0,169.0,1,1,1.0
300,2,453.0,356.0,64.0,171.0,1,1,1.0
301,2,442.0,358.0,74.0,170.0,1,1,1.0
302,2,429.0,370.0,86.0,158.0,1,1,1.0
303,2,421.0,372.0,92.0,158.0,1,1,1.0
304,2,416.0,367.0,92.0,164.0,1,1,1.0
305,2,413.0,367.0,85.0,165.0,1,1,1.0
306,2,407.0,364.0,75.0,168.0,1,1,1.0
307,2,400.0,363.0,66.0,170.0,1,1,1.0
308,2,393.0,363.0,57.0,169.0,1,1,1.0
309,2,386.0,370.0,59.0,161.0,1,1,1.0
310,2,376.0,366.0,68.0,166.0,1,1,1.0
311,2,361.0,366.0,82.0,167.0,1,1,1.0
312,2,347.0,367.0,95.0,167.0,1,1,1.0
313,2,337.0,370.0,99.0,164.0,1,1,1.0
314,2,330.0,372.0,97.0,163.0,1,1,1.0
315,2,326.0,371.0,87.0,164.0,1,1,1.0
316,2,322.0,370.0,74.0,165.0,1,1,1.0
317,2,316.0,369.0,67.0,167.0,1,1,1.0
318,2,310.0,369.0,68.0,169.0,1,1,1.0
319,2,303.0,370.0,73.0,167.0,1,1,1.0
320,2,295.0,372.0,80.0,166.0,1,1,1.0
321,2,287.0,374.0,86.0,165.0,1,1,1.0
322,2,281.0,375.0,89.0,165.0,1,1,1.0
323,2,276.0,376.0,86.0,165.0,1,1,1.0
324,2,270.0,376.0,79.0,164.0,1,1,1.0
325,2,271.0,389.0,62.0,152.0,1,1,1.0
326,2,262.0,380.0,54.0,161.0,1,1,1.0
327,2,255.0,376.0,55.0,165.0,1,1,1.0
328,2,240.0,381.0,69.0,160.0,1,1,1.0
329,2,232.0,381.0,76.0,161.0,1,1,1.0
330,2,223.0,383.0,85.0,160.0,1,1,1.0
331,2,216.0,383.0,88.0,160.0,1,1,1.0
332,2,209.0,383.0,89.0,160.0,1,1,1.0
333,2,203.0,385.0,85.0,159.0,1,1,1.0
334,2,197.0,385.0,78.0,159.0,1,1,1.0
335,2,191.0,382.0,73.0,161.0,1,1,1.0
336,2,185.0,382.0,65.0,163.0,1,1,1.0
337,2,180.0,383.0,66.0,163.0,1,1,1.0
338,2,174.0,383.0,70.0,163.0,1,1,1.0
339,2,166.0,384.0,77.0,163.0,1,1,1.0
340,2,160.0,387.0,81.0,162.0,1,1,1.0
341,2,154.0,388.0,82.0,161.0,1,1,1.0
342,2,147.0,388.0,79.0,161.0,1,1,1.0
343,2,142.0,388.0,73.0,161.0,1,1,1.0
344,2,134.0,386.0,67.0,163.0,1,1,1.0
345,2,129.0,385.0,61.0,164.0,1,1,1.0
346,2,125.0,385.0,61.0,164.0,1,1,1.0
347,2,120.0,386.0,64.0,163.0,1,1,1.0
348,2,118.0,387.0,67.0,162.0,1,1,1.0
349,2,111.0,389.0,72.0,160.0,1,1,1.0
350,2,107.0,393.0,77.0,156.0,1,1,1.0
351,2,102.0,397.0,79.0,152.0,1,1,1.0
352,2,99.0,397.0,76.0,150.0,1,1,1.0
353,2,93.0,398.0,70.0,150.0,1,1,1.0
354,2,90.0,393.0,63.0,155.0,1,1,1.0
355,2,86.0,397.0,57.0,151.0,1,1,1.0
356,2,80.0,398.0,62.0,150.0,1,1,1.0
357,2,77.0,395.0,66.0,153.0,1,1,1.0
358,2,73.0,392.0,64.0,155.0,1,1,1.0
359,2,69.0,391.0,66.0,156.0,1,1,1.0
361,2,62.0,400.0,58.0,145.0,1,1,1.0
362,2,60.0,401.0,53.0,144.0,1,1,1.0
363,2,59.0,400.0,50.0,145.0,1,1,1.0
363,3,92.0,388.0,47.0,147.0,1,1,1.0
364,2,59.0,399.0,51.0,146.0,1,1,1.0
364,3,92.0,390.0,46.0,145.0,1,1,1.0
365,2,59.0,398.0,52.0,147.0,1,1,1.0
365,3,93.0,388.0,44.0,148.0,1,1,1.0
366,2,59.0,397.0,51.0,148.0,1,1,1.0
366,3,94.0,387.0,43.0,147.0,1,1,1.0
367,2,60.0,397.0,50.0,148.0,1,1,1.0
367,3,95.0,387.0,42.0,146.0,1,1,1.0
368,2,60.0,397.0,49.0,147.0,1,1,1.0
368,3,97.0,387.0,40.0,145.0,1,1,1.0
369,2,60.0,396.0,49.0,141.0,1,1,1.0
369,3,99.0,387.0,39.0,140.0,1,1,1.0
370,2,59.0,395.0,49.0,139.0,1,1,1.0
370,3,101.0,385.0,38.0,131.0,1,1,1.0
371,2,60.0,394.0,49.0,139.0,1,1,1.0
371,3,103.0,383.0,36.0,135.0,1,1,1.0
372,2,59.0,392.0,51.0,140.0,1,1,1.0
372,3,105.0,382.0,35.0,138.0,1,1,1.0
373,2,59.0,391.0,53.0,141.0,1,1,1.0
373,3,106.0,380.0,35.0,141.0,1,1,1.0
374,2,60.0,390.0,54.0,142.0,1,1,1.0
374,3,107.0,380.0,37.0,141.0,1,1,1.0
375,2,60.0,389.0,58.0,139.0,1,1,1.0
375,3,109.0,380.0,45.0,140.0,1,1,1.0
376,2,60.0,390.0,60.0,134.0,1,1,1.0
376,3,110.0,380.0,50.0,140.0,1,1,1.0
377,2,65.0,390.0,59.0,132.0,1,1,1.0
377,3,112.0,379.0,51.0,140.0,1,1,1.0
378,2,70.0,388.0,57.0,132.0,1,1,1.0
378,3,116.0,377.0,49.0,138.0,1,1,1.0
379,2,77.0,386.0,52.0,133.0,1,1,1.0
379,3,122.0,374.0,43.0,137.0,1,1,1.0
380,2,84.0,382.0,49.0,136.0,1,1,1.0
380,3,128.0,372.0,39.0,138.0,1,1,1.0
381,2,88.0,381.0,50.0,137.0,1,1,1.0
381,3,133.0,370.0,40.0,138.0,1,1,1.0
382,2,89.0,380.0,53.0,137.0,1,1,1.0
382,3,139.0,368.0,42.0,139.0,1,1,1.0
383,2,91.0,379.0,55.0,136.0,1,1,1.0
383,3,143.0,368.0,45.0,139.0,1,1,1.0
384,2,96.0,379.0,54.0,134.0,1,1,1.0
384,3,145.0,368.0,49.0,138.0,1,1,1.0
385,2,105.0,377.0,50.0,130.0,1,1,1.0
385,3,147.0,371.0,53.0,135.0,1,1,1.0
386,2,115.0,375.0,46.0,130.0,1,1,1.0
386,3,148.0,369.0,56.0,136.0,1,1,1.0
387,2,120.0,372.0,45.0,131.0,1,1,1.0
387,3,153.0,372.0,55.0,131.0,1,1,1.0
388,2,125.0,370.0,44.0,132.0,1,1,1.0
388,3,161.0,370.0,49.0,128.0,1,1,1.0
389,2,125.0,369.0,51.0,132.0,1,1,1.0
389,3,169.0,373.0,42.0,123.0,1,1,1.0
390,2,128.0,369.0,58.0,132.0,1,1,1.0
390,3,176.0,375.0,36.0,119.0,1,1,1.0
391,2,132.0,368.0,58.0,133.0,1,1,1.0
391,3,181.0,373.0,37.0,121.0,1,1,1.0
392,2,138.0,368.0,55.0,131.0,1,1,1.0
392,3,184.0,369.0,45.0,124.0,1,1,1.0
393,2,146.0,366.0,51.0,131.0,1,1,1.0
393,3,186.0,369.0,56.0,124.0,1,1,1.0
394,2,156.0,365.0,45.0,127.0,1,1,1.0
394,3,187.0,367.0,61.0,124.0,1,1,1.0
395,2,167.0,363.0,40.0,127.0,1,1,1.0
395,3,189.0,367.0,62.0,122.0,1,1,1.0
396,2,176.0,361.0,39.0,128.0,1,1,1.0
396,3,199.0,369.0,52.0,117.0,1,1,1.0
397,2,179.0,363.0,44.0,126.0,1,1,1.0
397,3,209.0,372.0,42.0,112.0,1,1,1.0
398,2,182.0,364.0,53.0,124.0,1,1,1.0
398,3,217.0,364.0,35.0,119.0,1,1,1.0
399,2,185.0,360.0,59.0,126.0,1,1,1.0
399,3,223.0,359.0,33.0,124.0,1,1,1.0
400,2,192.0,358.0,57.0,127.0,1,1,1.0
400,3,228.0,357.0,39.0,124.0,1,1,1.0
401,2,203.0,357.0,48.0,126.0,1,1,1.0
401,3,233.0,355.0,46.0,124.0,1,1,1.0
402,2,213.0,355.0,36.0,119.0,1,1,1.0
402,3,233.0,359.0,55.0,121.0,1,1,1.0
403,2,220.0,354.0,33.0,119.0,1,1,1.0
403,3,234.0,353.0,61.0,127.0,1,1,1.0
404,2,221.0,352.0,37.0,122.0,1,1,1.0
404,3,239.0,353.0,58.0,126.0,1,1,1.0
405,2,223.0,349.0,45.0,125.0,1,1,1.0
405,3,248.0,353.0,49.0,123.0,1,1,1.0
406,2,224.0,348.0,53.0,126.0,1,1,1.0
406,3,259.0,348.0,39.0,126.0,1,1,1.0
407,2,230.0,348.0,52.0,126.0,1,1,1.0
407,3,267.0,346.0,34.0,127.0,1,1,1.0
408,2,239.0,346.0,50.0,127.0,1,1,1.0
408,3,274.0,348.0,36.0,125.0,1,1,1.0
409,2,249.0,344.0,45.0,127.0,1,1,1.0
409,3,276.0,346.0,48.0,124.0,1,1,1.0
410,2,260.0,342.0,37.0,123.0,1,1,1.0
410,3,279.0,343.0,57.0,125.0,1,1,1.0
411,2,269.0,340.0,37.0,127.0,1,1,1.0
411,3,280.0,342.0,64.0,126.0,1,1,1.0
412,3,283.0,341.0,64.0,126.0,1,1,1.0
413,2,280.0,341.0,32.0,123.0,1,1,1.0
413,3,289.0,342.0,60.0,123.0,1,1,1.0
414,2,282.0,340.0,36.0,123.0,1,1,1.0
414,3,297.0,338.0,53.0,125.0,1,1,1.0
416,3,295.0,339.0,55.0,123.0,1,1,1.0
418,3,314.0,336.0,55.0,125.0,1,1,1.0
419,3,329.0,339.0,52.0,117.0,1,1,1.0
421,3,333.0,334.0,57.0,123.0,1,1,1.0
422,2,331.0,337.0,30.0,116.0,1,1,1.0
422,3,340.0,333.0,54.0,123.0,1,1,1.0
423,3,349.0,334.0,47.0,120.0,1,1,1.0
428,3,373.0,327.0,62.0,124.0,1,1,1.0
430,3,379.0,325.0,66.0,123.0,1,1,1.0
431,2,380.0,328.0,29.0,117.0,1,1,1.0
431,3,387.0,325.0,60.0,121.0,1,1,1.0
432,2,382.0,328.0,31.0,115.0,1,1,1.0
432,3,396.0,324.0,52.0,121.0,1,1,1.0
437,3,422.0,320.0,64.0,124.0,1,1,1.0
438,3,425.0,321.0,67.0,122.0,1,1,1.0
439,3,428.0,320.0,65.0,122.0,1,1,1.0
440,3,433.0,319.0,61.0,121.0,1,1,1.0
441,3,443.0,319.0,52.0,120.0,1,1,1.0
442,3,438.0,316.0,57.0,120.0,1,1,1.0
444,3,451.0,314.0,54.0,120.0,1,1,1.0
446,3,472.0,316.0,45.0,119.0,1,1,1.0
447,3,477.0,316.0,44.0,119.0,1,1,1.0
450,3,485.0,312.0,52.0,112.0,1,1,1.0
451,3,489.0,311.0,54.0,106.0,1,1,1.0
453,3,512.0,309.0,48.0,123.0,1,1,1.0
454,3,521.0,310.0,51.0,124.0,1,1,1.0
455,3,528.0,310.0,58.0,121.0,1,1,1.0
456,3,535.0,311.0,60.0,118.0,1,1,1.0
458,3,539.0,311.0,64.0,126.0,1,1,1.0
459,3,539.0,311.0,65.0,129.0,1,1,1.0
461,3,551.0,308.0,58.0,123.0,1,1,1.0
462,3,562.0,307.0,47.0,122.0,1,1,1.0
463,3,574.0,306.0,43.0,122.0,1,1,1.0
464,3,581.0,307.0,49.0,121.0,1,1,1.0
465,3,584.0,308.0,57.0,120.0,1,1,1.0
466,3,587.0,310.0,60.0,117.0,1,1,1.0
467,3,591.0,310.0,60.0,118.0,1,1,1.0
469,3,598.0,306.0,63.0,122.0,1,1,1.0
471,3,616.0,304.0,50.0,126.0,1,1,1.0
472,3,627.0,304.0,45.0,126.0,1,1,1.0
473,3,632.0,306.0,52.0,124.0,1,1,1.0
474,3,636.0,307.0,59.0,122.0,1,1,1.0
475,3,637.0,314.0,65.0,117.0,1,1,1.0
476,3,638.0,313.0,68.0,118.0,1,1,1.0
477,3,642.0,313.0,68.0,118.0,1,1,1.0
478,3,647.0,309.0,66.0,121.0,1,1,1.0
479,3,660.0,307.0,50.0,123.0,1,1,1.0
480,3,668.0,305.0,45.0,126.0,1,1,1.0
481,3,675.0,304.0,40.0,128.0,1,1,1.0
482,3,677.0,303.0,45.0,130.0,1,1,1.0
483,3,682.0,306.0,51.0,128.0,1,1,1.0
486,3,697.0,307.0,64.0,123.0,1,1,1.0
488,3,706.0,308.0,46.0,127.0,1,1,1.0
490,3,719.0,308.0,41.0,128.0,1,1,1.0
491,3,723.0,308.0,48.0,129.0,1,1,1.0
492,4,743.0,306.0,48.0,121.0,1,1,1.0
493,3,725.0,309.0,68.0,128.0,1,1,1.0
493,4,743.0,307.0,58.0,121.0,1,1,1.0
494,3,726.0,310.0,71.0,128.0,1,1,1.0
494,4,743.0,309.0,64.0,121.0,1,1,1.0
497,3,747.0,308.0,53.0,129.0,1,1,1.0
498,3,759.0,308.0,39.0,130.0,1,1,1.0
498,5,786.0,309.0,26.0,122.0,1,1,1.0
499,3,764.0,307.0,37.0,132.0,1,1,1.0
499,5,789.0,309.0,24.0,122.0,1,1,1.0
500,3,766.0,308.0,40.0,133.0,1,1,1.0
500,5,795.0,310.0,27.0,124.0,1,1,1.0
501,3,766.0,310.0,50.0,132.0,1,1,1.0
501,4,789.0,309.0,45.0,125.0,1,1,1.0
502,3,771.0,311.0,61.0,130.0,1,1,1.0
502,4,789.0,311.0,53.0,123.0,1,1,1.0
503,3,772.0,314.0,64.0,128.0,1,1,1.0
504,3,777.0,313.0,63.0,130.0,1,1,1.0
505,3,783.0,312.0,59.0,133.0,1,1,1.0
506,3,791.0,312.0,51.0,133.0,1,1,1.0
507,3,801.0,312.0,43.0,133.0,1,1,1.0
507,5,827.0,311.0,28.0,127.0,1,1,1.0
508,3,810.0,316.0,38.0,129.0,1,1,1.0
508,5,834.0,312.0,27.0,126.0,1,1,1.0
511,3,822.0,313.0,57.0,134.0,1,1,1.0
511,4,832.0,315.0,62.0,125.0,1,1,1.0
513,3,826.0,314.0,64.0,135.0,1,1,1.0
513,4,837.0,316.0,66.0,124.0,1,1,1.0
514,3,828.0,313.0,64.0,136.0,1,1,1.0
514,4,839.0,316.0,67.0,127.0,1,1,1.0
515,3,834.0,312.0,59.0,137.0,1,1,1.0
517,3,853.0,314.0,43.0,136.0,1,1,1.0
518,3,858.0,312.0,40.0,139.0,1,1,1.0
518,5,884.0,312.0,30.0,132.0,1,1,1.0
519,3,860.0,311.0,43.0,142.0,1,1,1.0
520,3,864.0,314.0,50.0,142.0,1,1,1.0
521,3,862.0,315.0,61.0,141.0,1,1,1.0
521,4,880.0,316.0,65.0,131.0,1,1,1.0
522,3,868.0,316.0,60.0,141.0,1,1,1.0
523,3,873.0,317.0,58.0,142.0,1,1,1.0
526,3,896.0,314.0,43.0,145.0,1,1,1.0
526,5,924.0,316.0,35.0,135.0,1,1,1.0
527,3,904.0,314.0,42.0,146.0,1,1,1.0
527,5,930.0,317.0,32.0,134.0,1,1,1.0
528,3,909.0,315.0,45.0,144.0,1,1,1.0
528,4,925.0,317.0,42.0,133.0,1,1,1.0
529,3,912.0,317.0,54.0,143.0,1,1,1.0
529,4,927.0,317.0,53.0,135.0,1,1,1.0
530,3,913.0,319.0,64.0,142.0,1,1,1.0
530,4,928.0,318.0,63.0,135.0,1,1,1.0
531,3,914.0,323.0,72.0,139.0,1,1,1.0
531,4,930.0,319.0,69.0,136.0,1,1,1.0
533,3,920.0,321.0,71.0,142.0,1,1,1.0
534,3,928.0,321.0,64.0,143.0,1,1,1.0
535,3,939.0,320.0,54.0,144.0,1,1,1.0
536,3,950.0,322.0,43.0,143.0,1,1,1.0
537,3,955.0,321.0,45.0,145.0,1,1,1.0
538,3,957.0,322.0,47.0,147.0,1,1,1.0
539,3,957.0,330.0,56.0,141.0,1,1,1.0
539,4,971.0,314.0,71.0,147.0,1,1,1.0
540,3,960.0,331.0,62.0,141.0,1,1,1.0
541,3,962.0,328.0,65.0,145.0,1,1,1.0
542,3,968.0,329.0,63.0,145.0,1,1,1.0
543,3,977.0,326.0,58.0,149.0,1,1,1.0
543,4,1015.0,324.0,46.0,143.0,1,1,1.0
547,3,1006.0,323.0,51.0,153.0,1,1,1.0
548,3,1009.0,325.0,61.0,152.0,1,1,1.0
548,4,1029.0,324.0,61.0,145.0,1,1,1.0
549,3,1009.0,329.0,70.0,148.0,1,1,1.0
549,4,1029.0,325.0,70.0,143.0,1,1,1.0
550,3,1010.0,328.0,78.0,150.0,1,1,1.0
550,4,1029.0,326.0,74.0,143.0,1,1,1.0
551,3,1013.0,328.0,79.0,152.0,1,1,1.0
551,4,1033.0,326.0,73.0,144.0,1,1,1.0
552,3,1020.0,331.0,74.0,149.0,1,1,1.0
553,3,1031.0,332.0,63.0,149.0,1,1,1.0
554,3,1045.0,332.0,52.0,148.0,1,1,1.0
556,3,1058.0,335.0,49.0,149.0,1,1,1.0
558,3,1059.0,337.0,72.0,150.0,1,1,1.0
558,4,1077.0,327.0,89.0,150.0,1,1,1.0
559,3,1062.0,336.0,78.0,152.0,1,1,1.0
559,4,1083.0,327.0,82.0,151.0,1,1,1.0
560,3,1066.0,339.0,80.0,152.0,1,1,1.0
560,4,1090.0,328.0,76.0,152.0,1,1,1.0
561,3,1073.0,336.0,76.0,156.0,1,1,1.0
562,3,1084.0,332.0,69.0,160.0,1,1,1.0
563,3,1098.0,329.0,60.0,163.0,1,1,1.0
564,3,1114.0,328.0,50.0,164.0,1,1,1.0
565,3,1123.0,327.0,51.0,165.0,1,1,1.0
565,4,1137.0,327.0,59.0,156.0,1,1,1.0
566,3,1125.0,329.0,59.0,164.0,1,1,1.0
566,4,1140.0,328.0,65.0,154.0,1,1,1.0
567,3,1136.0,330.0,77.0,156.0,1,1,1.0
567,4,1131.0,331.0,75.0,159.0,1,1,1.0
568,3,1141.0,332.0,86.0,152.0,1,1,1.0
568,4,1129.0,333.0,84.0,161.0,1,1,1.0
569,3,1145.0,333.0,91.0,152.0,1,1,1.0
569,4,1129.0,335.0,92.0,161.0,1,1,1.0
570,4,1133.0,335.0,91.0,163.0,1,1,1.0
571,3,1150.0,334.0,83.0,162.0,1,1,1.0
572,3,1161.0,334.0,69.0,164.0,1,1,1.0
573,3,1177.0,333.0,61.0,166.0,1,1,1.0
574,3,1193.0,333.0,51.0,168.0,1,1,1.0
576,3,1208.0,336.0,69.0,159.0,1,1,1.0
576,4,1192.0,338.0,72.0,167.0,1,1,1.0
577,4,1197.0,339.0,84.0,168.0,1,1,1.0
578,4,1200.0,341.0,93.0,168.0,1,1,1.0
579,3,1217.0,343.0,86.0,158.0,1,1,1.0
579,4,1205.0,343.0,92.0,169.0,1,1,1.0
580,3,1220.0,344.0,83.0,167.0,1,1,1.0
582,3,1248.0,342.0,67.0,172.0,1,1,1.0
583,3,1263.0,341.0,60.0,174.0,1,1,1.0
585,3,1272.0,342.0,68.0,174.0,1,1,1.0
586,3,1274.0,345.0,85.0,172.0,1,1,1.0
587,3,1275.0,347.0,97.0,171.0,1,1,1.0
588,3,1277.0,349.0,101.0,171.0,1,1,1.0
589,3,1284.0,350.0,97.0,172.0,1,1,1.0
590,3,1296.0,348.0,95.0,173.0,1,1,1.0
591,3,1312.0,347.0,82.0,175.0,1,1,1.0
592,3,1331.0,347.0,66.0,176.0,1,1,1.0
593,3,1343.0,348.0,64.0,177.0,1,1,1.0
595,3,1346.0,351.0,83.0,180.0,1,1,1.0
596,3,1347.0,354.0,92.0,180.0,1,1,1.0
597,3,1353.0,357.0,103.0,181.0,1,1,1.0
598,3,1361.0,358.0,104.0,181.0,1,1,1.0
599,3,1373.0,357.0,91.0,182.0,1,1,1.0
600,3,1392.0,356.0,72.0,184.0,1,1,1.0
601,3,1409.0,356.0,59.0,185.0,1,1,1.0
602,3,1415.0,356.0,60.0,185.0,1,1,1.0
603,3,1417.0,357.0,68.0,185.0,1,1,1.0
604,3,1418.0,359.0,83.0,185.0,1,1,1.0
605,3,1419.0,362.0,95.0,184.0,1,1,1.0
606,3,1420.0,364.0,103.0,185.0,1,1,1.0
607,3,1424.0,365.0,105.0,185.0,1,1,1.0
608,3,1434.0,366.0,98.0,185.0,1,1,1.0
609,3,1449.0,365.0,88.0,186.0,1,1,1.0
610,3,1466.0,364.0,77.0,187.0,1,1,1.0
611,3,1486.0,364.0,65.0,188.0,1,1,1.0
612,3,1494.0,373.0,66.0,182.0,1,1,1.0
613,3,1497.0,374.0,75.0,185.0,1,1,1.0
614,3,1499.0,376.0,86.0,186.0,1,1,1.0
615,3,1499.0,378.0,97.0,185.0,1,1,1.0
616,3,1502.0,380.0,105.0,186.0,1,1,1.0
