62,1,172.0,1015.0,164.0,63.0,1,1,1.0
63,1,173.0,1015.0,164.0,64.0,1,1,1.0
64,1,173.0,1014.0,163.0,64.0,1,1,1.0
65,1,173.0,1013.0,163.0,65.0,1,1,1.0
66,1,173.0,1013.0,163.0,66.0,1,1,1.0
67,1,173.0,1012.0,163.0,67.0,1,1,1.0
68,1,174.0,1011.0,163.0,68.0,1,1,1.0
69,1,174.0,1010.0,162.0,68.0,1,1,1.0
70,1,174.0,1009.0,162.0,69.0,1,1,1.0
71,1,174.0,1008.0,162.0,70.0,1,1,1.0
72,1,174.0,1007.0,162.0,71.0,1,1,1.0
73,1,174.0,1006.0,162.0,72.0,1,1,1.0
74,1,174.0,1004.0,162.0,74.0,1,1,1.0
75,1,174.0,1001.0,162.0,77.0,1,1,1.0
76,1,174.0,997.0,162.0,82.0,1,1,1.0
77,1,173.0,991.0,163.0,87.0,1,1,1.0
79,1,157.0,975.0,179.0,103.0,1,1,1.0
80,1,153.0,970.0,182.0,108.0,1,1,1.0
81,1,152.0,967.0,184.0,111.0,1,1,1.0
82,1,152.0,965.0,184.0,113.0,1,1,1.0
83,1,152.0,964.0,184.0,115.0,1,1,1.0
84,1,152.0,964.0,184.0,115.0,1,1,1.0
85,1,152.0,965.0,184.0,113.0,1,1,1.0
86,1,152.0,967.0,184.0,112.0,1,1,1.0
87,1,152.0,968.0,184.0,110.0,1,1,1.0
88,1,151.0,972.0,184.0,107.0,1,1,1.0
89,1,159.0,980.0,177.0,99.0,1,1,1.0
90,1,167.0,986.0,169.0,92.0,1,1,1.0
91,1,170.0,989.0,166.0,89.0,1,1,1.0
92,1,171.0,992.0,165.0,87.0,1,1,1.0
93,2,1450.0,972.0,116.0,106.0,1,1,1.0
94,1,171.0,993.0,165.0,86.0,1,1,1.0
94,2,1440.0,966.0,121.0,113.0,1,1,1.0
95,2,1431.0,958.0,125.0,121.0,1,1,1.0
96,2,1425.0,950.0,124.0,128.0,1,1,1.0
97,2,1414.0,944.0,127.0,135.0,1,1,1.0
98,2,1401.0,938.0,131.0,141.0,1,1,1.0
99,2,1391.0,931.0,132.0,148.0,1,1,1.0
100,2,1382.0,923.0,132.0,156.0,1,1,1.0
101,1,155.0,977.0,181.0,102.0,1,1,1.0
101,2,1371.0,913.0,135.0,165.0,1,1,1.0
102,1,152.0,974.0,184.0,104.0,1,1,1.0
103,2,1356.0,895.0,140.0,183.0,1,1,1.0
104,1,152.0,970.0,184.0,109.0,1,1,1.0
104,2,1344.0,886.0,147.0,192.0,1,1,1.0
105,1,153.0,967.0,183.0,111.0,1,1,1.0
105,2,1339.0,878.0,149.0,199.0,1,1,1.0
106,1,153.0,967.0,183.0,111.0,1,1,1.0
106,2,1332.0,870.0,151.0,207.0,1,1,1.0
107,1,153.0,967.0,183.0,111.0,1,1,1.0
107,2,1327.0,864.0,152.0,213.0,1,1,1.0
108,2,1327.0,858.0,147.0,220.0,1,1,1.0
109,1,153.0,967.0,183.0,111.0,1,1,1.0
109,2,1328.0,853.0,143.0,224.0,1,1,1.0
110,1,153.0,967.0,183.0,111.0,1,1,1.0
110,2,1329.0,847.0,140.0,231.0,1,1,1.0
111,2,1329.0,840.0,138.0,238.0,1,1,1.0
112,2,1327.0,831.0,140.0,246.0,1,1,1.0
113,2,1322.0,823.0,143.0,255.0,1,1,1.0
114,2,1319.0,814.0,146.0,264.0,1,1,1.0
115,2,1319.0,806.0,145.0,272.0,1,1,1.0
116,2,1319.0,799.0,145.0,279.0,1,1,1.0
117,2,1317.0,793.0,146.0,285.0,1,1,1.0
118,2,1311.0,788.0,151.0,290.0,1,1,1.0
119,2,1301.0,783.0,157.0,295.0,1,1,1.0
120,2,1297.0,778.0,156.0,300.0,1,1,1.0
121,2,1296.0,774.0,152.0,304.0,1,1,1.0
122,2,1296.0,769.0,148.0,309.0,1,1,1.0
123,2,1294.0,762.0,145.0,316.0,1,1,1.0
124,2,1292.0,754.0,142.0,324.0,1,1,1.0
125,2,1291.0,747.0,137.0,331.0,1,1,1.0
126,2,1291.0,740.0,133.0,337.0,1,1,1.0
127,2,1290.0,735.0,132.0,340.0,1,1,1.0
128,2,1289.0,728.0,129.0,343.0,1,1,1.0
129,2,1289.0,722.0,126.0,348.0,1,1,1.0
130,2,1289.0,716.0,121.0,354.0,1,1,1.0
131,2,1289.0,712.0,118.0,357.0,1,1,1.0
132,2,1287.0,709.0,116.0,360.0,1,1,1.0
133,2,1285.0,706.0,117.0,363.0,1,1,1.0
134,2,1284.0,701.0,116.0,364.0,1,1,1.0
135,2,1281.0,696.0,117.0,367.0,1,1,1.0
136,2,1278.0,690.0,118.0,361.0,1,1,1.0
137,2,1275.0,685.0,119.0,343.0,1,1,1.0
138,2,1272.0,679.0,118.0,331.0,1,1,1.0
139,2,1269.0,673.0,117.0,324.0,1,1,1.0
140,2,1265.0,668.0,119.0,325.0,1,1,1.0
141,2,1255.0,663.0,126.0,328.0,1,1,1.0
142,2,1246.0,660.0,132.0,332.0,1,1,1.0
143,2,1239.0,656.0,136.0,335.0,1,1,1.0
144,2,1232.0,654.0,138.0,337.0,1,1,1.0
145,2,1228.0,650.0,135.0,337.0,1,1,1.0
146,2,1228.0,646.0,130.0,333.0,1,1,1.0
147,2,1227.0,639.0,125.0,331.0,1,1,1.0
148,2,1226.0,633.0,121.0,333.0,1,1,1.0
149,2,1225.0,627.0,119.0,317.0,1,1,1.0
150,2,1224.0,623.0,117.0,311.0,1,1,1.0
151,2,1223.0,619.0,115.0,309.0,1,1,1.0
152,2,1223.0,615.0,114.0,311.0,1,1,1.0
153,2,1225.0,612.0,112.0,313.0,1,1,1.0
154,2,1228.0,610.0,109.0,315.0,1,1,1.0
155,2,1230.0,608.0,106.0,315.0,1,1,1.0
156,2,1232.0,605.0,105.0,311.0,1,1,1.0
157,2,1232.0,600.0,104.0,310.0,1,1,1.0
158,2,1233.0,594.0,101.0,304.0,1,1,1.0
159,2,1234.0,589.0,100.0,301.0,1,1,1.0
160,2,1235.0,584.0,98.0,293.0,1,1,1.0
161,2,1234.0,579.0,95.0,290.0,1,1,1.0
162,2,1231.0,575.0,96.0,290.0,1,1,1.0
163,2,1227.0,572.0,98.0,292.0,1,1,1.0
164,2,1219.0,569.0,103.0,294.0,1,1,1.0
165,2,1214.0,567.0,104.0,295.0,1,1,1.0
166,2,1211.0,565.0,103.0,295.0,1,1,1.0
167,2,1209.0,563.0,101.0,296.0,1,1,1.0
168,2,1208.0,559.0,98.0,297.0,1,1,1.0
169,2,1206.0,554.0,95.0,294.0,1,1,1.0
170,2,1204.0,549.0,94.0,284.0,1,1,1.0
171,2,1200.0,545.0,94.0,272.0,1,1,1.0
172,2,1197.0,541.0,93.0,270.0,1,1,1.0
173,2,1195.0,537.0,92.0,272.0,1,1,1.0
174,2,1193.0,535.0,94.0,274.0,1,1,1.0
175,2,1191.0,533.0,95.0,275.0,1,1,1.0
176,2,1188.0,532.0,97.0,276.0,1,1,1.0
177,2,1186.0,530.0,97.0,277.0,1,1,1.0
178,2,1184.0,527.0,95.0,278.0,1,1,1.0
179,2,1183.0,524.0,92.0,278.0,1,1,1.0
180,2,1181.0,519.0,90.0,276.0,1,1,1.0
181,2,1180.0,515.0,87.0,267.0,1,1,1.0
182,2,1179.0,512.0,87.0,258.0,1,1,1.0
183,2,1177.0,508.0,84.0,254.0,1,1,1.0
184,2,1174.0,505.0,83.0,254.0,1,1,1.0
185,2,1163.0,502.0,90.0,257.0,1,1,1.0
186,2,1156.0,500.0,92.0,258.0,1,1,1.0
187,2,1153.0,499.0,90.0,259.0,1,1,1.0
188,2,1151.0,496.0,88.0,257.0,1,1,1.0
189,2,1150.0,493.0,83.0,257.0,1,1,1.0
190,2,1148.0,490.0,81.0,255.0,1,1,1.0
191,2,1145.0,487.0,81.0,246.0,1,1,1.0
192,2,1141.0,484.0,82.0,239.0,1,1,1.0
193,2,1136.0,481.0,84.0,237.0,1,1,1.0
194,2,1133.0,478.0,85.0,239.0,1,1,1.0
195,2,1132.0,475.0,86.0,241.0,1,1,1.0
196,2,1130.0,474.0,87.0,242.0,1,1,1.0
197,2,1130.0,472.0,86.0,244.0,1,1,1.0
198,2,1130.0,471.0,85.0,245.0,1,1,1.0
199,2,1129.0,469.0,84.0,242.0,1,1,1.0
200,2,1130.0,466.0,80.0,242.0,1,1,1.0
201,2,1130.0,463.0,78.0,242.0,1,1,1.0
202,2,1129.0,460.0,76.0,235.0,1,1,1.0
203,2,1128.0,457.0,74.0,228.0,1,1,1.0
204,2,1127.0,454.0,73.0,228.0,1,1,1.0
205,2,1125.0,453.0,73.0,228.0,1,1,1.0
206,2,1123.0,451.0,74.0,229.0,1,1,1.0
207,2,1120.0,450.0,76.0,230.0,1,1,1.0
208,2,1119.0,449.0,75.0,230.0,1,1,1.0
209,2,1118.0,448.0,74.0,230.0,1,1,1.0
210,2,1117.0,447.0,71.0,228.0,1,1,1.0
211,2,1115.0,444.0,70.0,225.0,1,1,1.0
212,2,1115.0,441.0,68.0,220.0,1,1,1.0
213,2,1112.0,438.0,70.0,219.0,1,1,1.0
214,2,1109.0,436.0,72.0,214.0,1,1,1.0
215,2,1106.0,433.0,75.0,214.0,1,1,1.0
216,2,1105.0,432.0,78.0,214.0,1,1,1.0
217,2,1106.0,430.0,78.0,215.0,1,1,1.0
218,2,1105.0,429.0,80.0,216.0,1,1,1.0
219,2,1104.0,429.0,80.0,217.0,1,1,1.0
220,2,1105.0,428.0,79.0,217.0,1,1,1.0
221,2,1108.0,426.0,76.0,216.0,1,1,1.0
222,2,1110.0,423.0,71.0,217.0,1,1,1.0
223,2,1112.0,420.0,68.0,213.0,1,1,1.0
224,2,1112.0,418.0,66.0,207.0,1,1,1.0
225,2,1113.0,416.0,63.0,206.0,1,1,1.0
226,2,1112.0,414.0,63.0,206.0,1,1,1.0
227,2,1112.0,412.0,62.0,206.0,1,1,1.0
228,2,1109.0,411.0,63.0,207.0,1,1,1.0
229,2,1108.0,411.0,63.0,208.0,1,1,1.0
230,2,1107.0,411.0,63.0,208.0,1,1,1.0
231,2,1106.0,410.0,63.0,208.0,1,1,1.0
232,2,1104.0,409.0,61.0,206.0,1,1,1.0
233,2,1102.0,406.0,61.0,198.0,1,1,1.0
234,2,1101.0,404.0,61.0,199.0,1,1,1.0
235,2,1099.0,401.0,61.0,194.0,1,1,1.0
236,2,1096.0,399.0,63.0,192.0,1,1,1.0
237,2,1095.0,398.0,65.0,193.0,1,1,1.0
238,2,1094.0,396.0,66.0,194.0,1,1,1.0
239,2,1093.0,395.0,66.0,195.0,1,1,1.0
240,2,1092.0,395.0,66.0,195.0,1,1,1.0
241,2,1091.0,394.0,67.0,196.0,1,1,1.0
242,2,1090.0,393.0,66.0,196.0,1,1,1.0
243,2,1091.0,392.0,65.0,195.0,1,1,1.0
244,2,1092.0,389.0,64.0,195.0,1,1,1.0
245,2,1093.0,387.0,62.0,193.0,1,1,1.0
246,2,1093.0,385.0,62.0,188.0,1,1,1.0
247,2,1093.0,383.0,60.0,186.0,1,1,1.0
248,2,1092.0,381.0,59.0,186.0,1,1,1.0
249,2,1091.0,380.0,59.0,186.0,1,1,1.0
250,2,1090.0,379.0,59.0,187.0,1,1,1.0
251,2,1089.0,379.0,59.0,188.0,1,1,1.0
252,2,1088.0,378.0,58.0,188.0,1,1,1.0
253,2,1086.0,377.0,58.0,189.0,1,1,1.0
254,2,1084.0,376.0,58.0,188.0,1,1,1.0
255,2,1082.0,374.0,57.0,180.0,1,1,1.0
256,2,1080.0,373.0,59.0,179.0,1,1,1.0
257,2,1078.0,372.0,59.0,175.0,1,1,1.0
258,2,1078.0,370.0,59.0,175.0,1,1,1.0
259,2,1078.0,368.0,59.0,176.0,1,1,1.0
260,2,1077.0,367.0,60.0,177.0,1,1,1.0
261,2,1075.0,367.0,63.0,177.0,1,1,1.0
262,2,1074.0,366.0,64.0,178.0,1,1,1.0
263,2,1075.0,366.0,63.0,178.0,1,1,1.0
264,2,1076.0,365.0,61.0,178.0,1,1,1.0
265,2,1078.0,363.0,59.0,177.0,1,1,1.0
266,2,1079.0,362.0,57.0,175.0,1,1,1.0
267,2,1079.0,360.0,56.0,172.0,1,1,1.0
268,2,1079.0,359.0,56.0,170.0,1,1,1.0
269,2,1077.0,357.0,57.0,170.0,1,1,1.0
270,2,1076.0,356.0,58.0,170.0,1,1,1.0
271,2,1075.0,356.0,60.0,171.0,1,1,1.0
272,2,1073.0,355.0,60.0,171.0,1,1,1.0
273,2,1072.0,355.0,61.0,172.0,1,1,1.0
274,2,1070.0,355.0,60.0,172.0,1,1,1.0
275,2,1068.0,354.0,59.0,172.0,1,1,1.0
276,2,1066.0,352.0,58.0,163.0,1,1,1.0
277,2,1064.0,351.0,61.0,165.0,1,1,1.0
278,2,1063.0,349.0,63.0,165.0,1,1,1.0
279,2,1062.0,347.0,63.0,163.0,1,1,1.0
280,2,1061.0,346.0,64.0,164.0,1,1,1.0
281,2,1060.0,345.0,63.0,164.0,1,1,1.0
282,2,1061.0,344.0,62.0,164.0,1,1,1.0
283,2,1063.0,344.0,60.0,164.0,1,1,1.0
284,2,1065.0,344.0,57.0,164.0,1,1,1.0
285,2,1067.0,344.0,54.0,163.0,1,1,1.0
286,2,1068.0,344.0,51.0,162.0,1,1,1.0
287,2,1069.0,343.0,50.0,161.0,1,1,1.0
288,2,1069.0,342.0,50.0,158.0,1,1,1.0
289,2,1069.0,340.0,48.0,157.0,1,1,1.0
290,2,1068.0,339.0,49.0,156.0,1,1,1.0
291,2,1067.0,337.0,49.0,156.0,1,1,1.0
292,2,1066.0,336.0,50.0,157.0,1,1,1.0
293,2,1066.0,336.0,50.0,157.0,1,1,1.0
294,2,1066.0,336.0,49.0,157.0,1,1,1.0
295,2,1066.0,336.0,48.0,157.0,1,1,1.0
296,2,1066.0,336.0,47.0,157.0,1,1,1.0
297,2,1065.0,335.0,47.0,156.0,1,1,1.0
298,2,1064.0,333.0,47.0,150.0,1,1,1.0
299,2,1062.0,331.0,47.0,153.0,1,1,1.0
300,2,1061.0,330.0,48.0,151.0,1,1,1.0
301,2,1060.0,328.0,49.0,151.0,1,1,1.0
302,2,1058.0,327.0,50.0,151.0,1,1,1.0
303,2,1057.0,326.0,52.0,152.0,1,1,1.0
304,2,1056.0,326.0,54.0,152.0,1,1,1.0
305,2,1056.0,326.0,55.0,152.0,1,1,1.0
306,2,1056.0,326.0,55.0,152.0,1,1,1.0
307,2,1057.0,326.0,55.0,151.0,1,1,1.0
308,2,1059.0,326.0,54.0,150.0,1,1,1.0
309,2,1060.0,325.0,53.0,149.0,1,1,1.0
310,2,1061.0,324.0,52.0,147.0,1,1,1.0
311,2,1062.0,323.0,50.0,146.0,1,1,1.0
312,2,1063.0,322.0,49.0,146.0,1,1,1.0
313,2,1063.0,321.0,48.0,146.0,1,1,1.0
314,2,1064.0,320.0,47.0,146.0,1,1,1.0
315,2,1064.0,320.0,47.0,146.0,1,1,1.0
316,2,1064.0,320.0,46.0,146.0,1,1,1.0
317,2,1063.0,320.0,46.0,146.0,1,1,1.0
318,2,1062.0,320.0,46.0,145.0,1,1,1.0
319,2,1062.0,320.0,46.0,145.0,1,1,1.0
320,2,1060.0,319.0,46.0,139.0,1,1,1.0
321,2,1059.0,318.0,45.0,141.0,1,1,1.0
322,2,1058.0,316.0,46.0,139.0,1,1,1.0
323,2,1058.0,315.0,47.0,138.0,1,1,1.0
324,2,1058.0,313.0,47.0,139.0,1,1,1.0
325,2,1057.0,312.0,48.0,140.0,1,1,1.0
326,2,1055.0,312.0,49.0,140.0,1,1,1.0
327,2,1055.0,311.0,49.0,141.0,1,1,1.0
328,2,1057.0,312.0,47.0,140.0,1,1,1.0
329,2,1058.0,312.0,45.0,140.0,1,1,1.0
330,2,1059.0,312.0,44.0,139.0,1,1,1.0
331,2,1059.0,311.0,44.0,140.0,1,1,1.0
332,2,1059.0,310.0,44.0,139.0,1,1,1.0
333,2,1059.0,309.0,44.0,138.0,1,1,1.0
334,2,1059.0,308.0,44.0,137.0,1,1,1.0
335,2,1059.0,307.0,44.0,135.0,1,1,1.0
336,2,1057.0,306.0,45.0,135.0,1,1,1.0
337,2,1056.0,306.0,45.0,134.0,1,1,1.0
338,2,1055.0,305.0,44.0,135.0,1,1,1.0
339,2,1054.0,305.0,43.0,136.0,1,1,1.0
340,2,1054.0,305.0,43.0,136.0,1,1,1.0
341,2,1053.0,305.0,43.0,136.0,1,1,1.0
342,2,1051.0,305.0,43.0,133.0,1,1,1.0
343,2,1050.0,305.0,44.0,132.0,1,1,1.0
344,2,1048.0,304.0,45.0,130.0,1,1,1.0
345,2,1047.0,303.0,45.0,129.0,1,1,1.0
346,2,1047.0,301.0,45.0,130.0,1,1,1.0
347,2,1046.0,300.0,46.0,130.0,1,1,1.0
348,2,1046.0,299.0,45.0,130.0,1,1,1.0
349,2,1046.0,299.0,45.0,130.0,1,1,1.0
350,2,1046.0,299.0,44.0,130.0,1,1,1.0
351,2,1046.0,300.0,43.0,129.0,1,1,1.0
352,2,1045.0,300.0,44.0,129.0,1,1,1.0
353,2,1044.0,299.0,45.0,129.0,1,1,1.0
354,2,1043.0,298.0,46.0,128.0,1,1,1.0
355,2,1042.0,296.0,47.0,128.0,1,1,1.0
356,2,1041.0,295.0,48.0,127.0,1,1,1.0
357,2,1041.0,295.0,48.0,126.0,1,1,1.0
358,2,1040.0,295.0,48.0,126.0,1,1,1.0
359,2,1040.0,294.0,47.0,126.0,1,1,1.0
360,2,1040.0,294.0,46.0,126.0,1,1,1.0
361,2,1040.0,294.0,45.0,126.0,1,1,1.0
362,2,1039.0,294.0,44.0,126.0,1,1,1.0
363,2,1039.0,293.0,43.0,126.0,1,1,1.0
364,2,1039.0,292.0,42.0,124.0,1,1,1.0
365,2,1039.0,291.0,41.0,122.0,1,1,1.0
366,2,1039.0,290.0,41.0,122.0,1,1,1.0
367,2,1039.0,288.0,41.0,122.0,1,1,1.0
368,2,1039.0,288.0,41.0,122.0,1,1,1.0
369,2,1039.0,287.0,41.0,123.0,1,1,1.0
370,2,1038.0,287.0,40.0,122.0,1,1,1.0
371,2,1038.0,287.0,40.0,122.0,1,1,1.0
372,2,1038.0,287.0,39.0,122.0,1,1,1.0
373,2,1038.0,287.0,39.0,122.0,1,1,1.0
374,2,1037.0,287.0,39.0,122.0,1,1,1.0
375,2,1037.0,286.0,40.0,121.0,1,1,1.0
376,2,1037.0,286.0,40.0,120.0,1,1,1.0
377,2,1036.0,285.0,41.0,118.0,1,1,1.0
378,2,1036.0,284.0,42.0,116.0,1,1,1.0
379,2,1035.0,283.0,42.0,117.0,1,1,1.0
380,2,1033.0,283.0,42.0,118.0,1,1,1.0
381,2,1033.0,283.0,39.0,118.0,1,1,1.0
382,2,1032.0,283.0,37.0,118.0,1,1,1.0
383,2,1032.0,284.0,36.0,117.0,1,1,1.0
384,2,1031.0,283.0,36.0,117.0,1,1,1.0
385,2,1029.0,282.0,36.0,118.0,1,1,1.0
386,2,1028.0,280.0,37.0,117.0,1,1,1.0
387,2,1027.0,279.0,37.0,116.0,1,1,1.0
388,2,1026.0,277.0,38.0,116.0,1,1,1.0
389,2,1025.0,276.0,39.0,116.0,1,1,1.0
390,2,1025.0,276.0,39.0,116.0,1,1,1.0
391,2,1024.0,276.0,40.0,116.0,1,1,1.0
392,2,1023.0,276.0,39.0,116.0,1,1,1.0
393,2,1022.0,276.0,38.0,116.0,1,1,1.0
394,2,1021.0,276.0,39.0,116.0,1,1,1.0
395,2,1020.0,276.0,39.0,115.0,1,1,1.0
396,2,1020.0,275.0,39.0,115.0,1,1,1.0
397,2,1021.0,275.0,38.0,113.0,1,1,1.0
398,2,1022.0,275.0,37.0,112.0,1,1,1.0
399,2,1022.0,275.0,36.0,111.0,1,1,1.0
400,2,1021.0,275.0,37.0,109.0,1,1,1.0
401,2,1020.0,274.0,38.0,110.0,1,1,1.0
402,2,1020.0,274.0,38.0,110.0,1,1,1.0
403,2,1020.0,274.0,36.0,110.0,1,1,1.0
404,2,1019.0,274.0,34.0,110.0,1,1,1.0
405,2,1019.0,274.0,33.0,110.0,1,1,1.0
406,2,1017.0,274.0,33.0,110.0,1,1,1.0
407,2,1016.0,273.0,33.0,110.0,1,1,1.0
408,2,1015.0,272.0,34.0,109.0,1,1,1.0
409,2,1014.0,271.0,35.0,108.0,1,1,1.0
410,2,1012.0,270.0,36.0,108.0,1,1,1.0
411,2,1012.0,269.0,36.0,108.0,1,1,1.0
412,2,1012.0,269.0,36.0,107.0,1,1,1.0
413,2,1012.0,269.0,36.0,107.0,1,1,1.0
414,2,1011.0,269.0,36.0,107.0,1,1,1.0
415,2,1011.0,269.0,37.0,107.0,1,1,1.0
416,2,1011.0,269.0,37.0,107.0,1,1,1.0
417,2,1012.0,269.0,36.0,106.0,1,1,1.0
418,2,1012.0,269.0,35.0,106.0,1,1,1.0
419,2,1013.0,268.0,35.0,105.0,1,1,1.0
420,2,1013.0,266.0,34.0,105.0,1,1,1.0
421,2,1013.0,265.0,34.0,104.0,1,1,1.0
422,2,1012.0,265.0,34.0,104.0,1,1,1.0
423,2,1012.0,265.0,34.0,105.0,1,1,1.0
424,2,1010.0,265.0,34.0,104.0,1,1,1.0
425,2,1009.0,265.0,34.0,104.0,1,1,1.0
426,2,1008.0,265.0,34.0,104.0,1,1,1.0
427,2,1007.0,264.0,33.0,104.0,1,1,1.0
428,2,1005.0,264.0,34.0,105.0,1,1,1.0
429,2,1005.0,263.0,33.0,103.0,1,1,1.0
430,2,1005.0,262.0,33.0,103.0,1,1,1.0
431,2,1004.0,261.0,33.0,103.0,1,1,1.0
432,2,1003.0,261.0,34.0,102.0,1,1,1.0
433,2,1002.0,260.0,35.0,101.0,1,1,1.0
434,2,1001.0,260.0,36.0,101.0,1,1,1.0
435,2,1001.0,261.0,37.0,101.0,1,1,1.0
436,2,1000.0,261.0,37.0,101.0,1,1,1.0
437,2,1000.0,261.0,37.0,101.0,1,1,1.0
438,2,1000.0,260.0,37.0,101.0,1,1,1.0
439,2,1000.0,260.0,37.0,101.0,1,1,1.0
440,2,1001.0,258.0,36.0,101.0,1,1,1.0
441,2,1001.0,258.0,35.0,100.0,1,1,1.0
442,2,1001.0,258.0,34.0,99.0,1,1,1.0
443,2,1001.0,257.0,34.0,99.0,1,1,1.0
444,2,1000.0,257.0,35.0,99.0,1,1,1.0
445,2,1000.0,257.0,34.0,99.0,1,1,1.0
446,2,999.0,257.0,34.0,99.0,1,1,1.0
447,2,998.0,257.0,33.0,98.0,1,1,1.0
448,2,997.0,257.0,32.0,98.0,1,1,1.0
449,2,996.0,256.0,31.0,99.0,1,1,1.0
450,2,995.0,255.0,31.0,99.0,1,1,1.0
451,2,994.0,255.0,31.0,98.0,1,1,1.0
452,2,993.0,255.0,32.0,97.0,1,1,1.0
453,2,992.0,254.0,32.0,98.0,1,1,1.0
454,2,991.0,253.0,33.0,97.0,1,1,1.0
455,2,990.0,253.0,35.0,97.0,1,1,1.0
456,2,988.0,253.0,36.0,97.0,1,1,1.0
457,2,988.0,253.0,36.0,97.0,1,1,1.0
458,2,988.0,253.0,36.0,97.0,1,1,1.0
459,2,988.0,253.0,36.0,96.0,1,1,1.0
460,2,991.0,253.0,33.0,96.0,1,1,1.0
461,2,993.0,253.0,31.0,96.0,1,1,1.0
462,2,994.0,253.0,30.0,94.0,1,1,1.0
463,2,995.0,252.0,29.0,95.0,1,1,1.0
464,2,995.0,251.0,29.0,94.0,1,1,1.0
465,2,995.0,251.0,29.0,94.0,1,1,1.0
466,2,995.0,250.0,29.0,93.0,1,1,1.0
467,2,996.0,250.0,29.0,93.0,1,1,1.0
468,2,996.0,251.0,29.0,94.0,1,1,1.0
469,2,996.0,251.0,29.0,94.0,1,1,1.0
470,2,996.0,251.0,30.0,94.0,1,1,1.0
471,2,996.0,251.0,30.0,93.0,1,1,1.0
472,2,996.0,250.0,30.0,94.0,1,1,1.0
473,2,996.0,250.0,29.0,94.0,1,1,1.0
474,2,996.0,249.0,29.0,93.0,1,1,1.0
475,2,997.0,249.0,28.0,92.0,1,1,1.0
476,2,998.0,249.0,28.0,92.0,1,1,1.0
477,2,998.0,249.0,28.0,91.0,1,1,1.0
478,2,998.0,249.0,30.0,91.0,1,1,1.0
479,2,998.0,249.0,32.0,91.0,1,1,1.0
480,2,999.0,249.0,35.0,91.0,1,1,1.0
481,2,999.0,249.0,38.0,91.0,1,1,1.0
482,2,1000.0,249.0,39.0,91.0,1,1,1.0
483,2,1001.0,250.0,39.0,91.0,1,1,1.0
484,2,1003.0,250.0,38.0,91.0,1,1,1.0
485,2,1007.0,250.0,35.0,91.0,1,1,1.0
486,2,1012.0,250.0,31.0,90.0,1,1,1.0
487,2,1017.0,250.0,28.0,90.0,1,1,1.0
488,2,1022.0,250.0,25.0,91.0,1,1,1.0
489,2,1024.0,250.0,26.0,91.0,1,1,1.0
490,2,1025.0,250.0,29.0,92.0,1,1,1.0
491,2,1025.0,250.0,34.0,91.0,1,1,1.0
492,2,1025.0,251.0,41.0,91.0,1,1,1.0
493,2,1025.0,252.0,44.0,91.0,1,1,1.0
494,2,1025.0,253.0,44.0,89.0,1,1,1.0
495,2,1026.0,253.0,44.0,89.0,1,1,1.0
496,2,1029.0,253.0,42.0,89.0,1,1,1.0
497,2,1032.0,253.0,40.0,89.0,1,1,1.0
498,2,1037.0,253.0,37.0,88.0,1,1,1.0
499,2,1046.0,253.0,30.0,87.0,1,1,1.0
500,2,1050.0,253.0,30.0,89.0,1,1,1.0
501,2,1053.0,253.0,33.0,91.0,1,1,1.0
502,2,1055.0,254.0,36.0,92.0,1,1,1.0
503,2,1056.0,254.0,39.0,93.0,1,1,1.0
504,2,1057.0,256.0,41.0,94.0,1,1,1.0
505,2,1058.0,256.0,40.0,94.0,1,1,1.0
506,2,1061.0,257.0,38.0,94.0,1,1,1.0
507,2,1063.0,257.0,37.0,95.0,1,1,1.0
508,2,1067.0,257.0,36.0,95.0,1,1,1.0
509,2,1070.0,257.0,33.0,95.0,1,1,1.0
510,2,1073.0,257.0,31.0,95.0,1,1,1.0
511,2,1075.0,257.0,29.0,95.0,1,1,1.0
512,2,1077.0,257.0,28.0,95.0,1,1,1.0
513,2,1078.0,258.0,28.0,94.0,1,1,1.0
514,2,1079.0,258.0,31.0,95.0,1,1,1.0
515,2,1079.0,259.0,36.0,95.0,1,1,1.0
516,2,1080.0,259.0,40.0,95.0,1,1,1.0
517,2,1080.0,261.0,43.0,95.0,1,1,1.0
518,2,1081.0,261.0,44.0,95.0,1,1,1.0
519,2,1083.0,262.0,43.0,95.0,1,1,1.0
520,2,1086.0,262.0,41.0,95.0,1,1,1.0
521,2,1090.0,262.0,39.0,95.0,1,1,1.0
522,2,1095.0,261.0,37.0,95.0,1,1,1.0
523,2,1101.0,261.0,36.0,95.0,1,1,1.0
524,2,1105.0,262.0,35.0,96.0,1,1,1.0
525,2,1107.0,263.0,35.0,97.0,1,1,1.0
526,2,1109.0,264.0,34.0,98.0,1,1,1.0
527,2,1110.0,265.0,35.0,98.0,1,1,1.0
528,2,1112.0,266.0,35.0,97.0,1,1,1.0
529,2,1113.0,266.0,36.0,98.0,1,1,1.0
530,2,1117.0,266.0,35.0,98.0,1,1,1.0
531,2,1120.0,267.0,34.0,99.0,1,1,1.0
532,2,1124.0,266.0,32.0,99.0,1,1,1.0
533,2,1127.0,266.0,30.0,99.0,1,1,1.0
534,2,1130.0,267.0,30.0,99.0,1,1,1.0
535,2,1132.0,267.0,30.0,99.0,1,1,1.0
536,2,1133.0,268.0,35.0,99.0,1,1,1.0
537,2,1133.0,269.0,39.0,99.0,1,1,1.0
538,2,1134.0,270.0,43.0,99.0,1,1,1.0
539,2,1134.0,271.0,46.0,99.0,1,1,1.0
540,2,1136.0,271.0,46.0,100.0,1,1,1.0
541,2,1138.0,271.0,44.0,100.0,1,1,1.0
542,2,1142.0,271.0,43.0,100.0,1,1,1.0
543,2,1148.0,271.0,40.0,100.0,1,1,1.0
544,2,1155.0,272.0,36.0,99.0,1,1,1.0
545,2,1160.0,272.0,36.0,100.0,1,1,1.0
546,2,1162.0,273.0,37.0,100.0,1,1,1.0
547,2,1163.0,274.0,38.0,101.0,1,1,1.0
548,2,1164.0,274.0,38.0,102.0,1,1,1.0
549,2,1165.0,275.0,39.0,102.0,1,1,1.0
550,2,1166.0,276.0,41.0,102.0,1,1,1.0
551,2,1170.0,276.0,39.0,103.0,1,1,1.0
552,2,1174.0,276.0,35.0,103.0,1,1,1.0
554,2,1182.0,276.0,31.0,103.0,1,1,1.0
555,2,1185.0,276.0,31.0,103.0,1,1,1.0
556,2,1186.0,277.0,32.0,102.0,1,1,1.0
557,2,1187.0,278.0,35.0,103.0,1,1,1.0
558,2,1187.0,279.0,40.0,103.0,1,1,1.0
559,2,1188.0,281.0,44.0,103.0,1,1,1.0
560,2,1188.0,281.0,45.0,103.0,1,1,1.0
561,2,1191.0,282.0,44.0,103.0,1,1,1.0
562,2,1193.0,282.0,43.0,104.0,1,1,1.0
563,2,1197.0,282.0,42.0,104.0,1,1,1.0
564,2,1202.0,283.0,39.0,103.0,1,1,1.0
565,2,1209.0,283.0,35.0,103.0,1,1,1.0
566,2,1213.0,284.0,36.0,103.0,1,1,1.0
567,2,1214.0,284.0,40.0,104.0,1,1,1.0
568,2,1215.0,284.0,40.0,106.0,1,1,1.0
569,2,1216.0,286.0,41.0,119.0,1,1,1.0
570,2,1219.0,286.0,40.0,123.0,1,1,1.0
571,2,1221.0,287.0,39.0,125.0,1,1,1.0
572,2,1225.0,288.0,38.0,125.0,1,1,1.0
573,2,1230.0,288.0,36.0,125.0,1,1,1.0
574,2,1236.0,288.0,34.0,125.0,1,1,1.0
575,2,1239.0,288.0,33.0,125.0,1,1,1.0
576,2,1240.0,288.0,33.0,125.0,1,1,1.0
577,2,1241.0,288.0,36.0,124.0,1,1,1.0
578,2,1242.0,289.0,43.0,123.0,1,1,1.0
579,2,1242.0,290.0,46.0,120.0,1,1,1.0
580,2,1242.0,292.0,49.0,119.0,1,1,1.0
581,2,1242.0,293.0,50.0,117.0,1,1,1.0
582,2,1242.0,293.0,53.0,118.0,1,1,1.0
583,2,1243.0,294.0,53.0,116.0,1,1,1.0
584,2,1252.0,294.0,47.0,111.0,1,1,1.0
585,2,1258.0,294.0,44.0,109.0,1,1,1.0
586,2,1267.0,294.0,38.0,107.0,1,1,1.0
587,2,1272.0,295.0,36.0,107.0,1,1,1.0
588,2,1274.0,295.0,39.0,108.0,1,1,1.0
589,2,1274.0,296.0,43.0,109.0,1,1,1.0
590,2,1275.0,297.0,44.0,111.0,1,1,1.0
591,2,1276.0,299.0,44.0,110.0,1,1,1.0
592,2,1277.0,299.0,44.0,111.0,1,1,1.0
593,2,1281.0,300.0,45.0,110.0,1,1,1.0
594,2,1285.0,301.0,43.0,109.0,1,1,1.0
595,2,1291.0,302.0,39.0,109.0,1,1,1.0
596,2,1296.0,302.0,36.0,109.0,1,1,1.0
597,2,1299.0,302.0,33.0,110.0,1,1,1.0
598,2,1301.0,302.0,33.0,110.0,1,1,1.0
599,2,1302.0,302.0,36.0,110.0,1,1,1.0
600,2,1303.0,303.0,43.0,112.0,1,1,1.0
601,2,1303.0,304.0,50.0,112.0,1,1,1.0
602,2,1303.0,305.0,54.0,112.0,1,1,1.0
603,2,1303.0,307.0,56.0,111.0,1,1,1.0
604,2,1304.0,307.0,56.0,112.0,1,1,1.0
605,2,1308.0,308.0,53.0,112.0,1,1,1.0
606,2,1313.0,308.0,49.0,112.0,1,1,1.0
607,2,1321.0,309.0,43.0,111.0,1,1,1.0
608,2,1327.0,309.0,42.0,111.0,1,1,1.0
609,2,1333.0,309.0,41.0,112.0,1,1,1.0
610,2,1335.0,310.0,45.0,113.0,1,1,1.0
611,2,1335.0,311.0,49.0,114.0,1,1,1.0
612,2,1336.0,311.0,52.0,114.0,1,1,1.0
613,2,1338.0,314.0,52.0,114.0,1,1,1.0
614,2,1339.0,316.0,52.0,115.0,1,1,1.0
615,2,1342.0,316.0,52.0,114.0,1,1,1.0
616,2,1347.0,316.0,48.0,115.0,1,1,1.0
617,2,1353.0,316.0,42.0,116.0,1,1,1.0
618,2,1357.0,315.0,38.0,116.0,1,1,1.0
619,2,1359.0,315.0,37.0,116.0,1,1,1.0
620,2,1362.0,316.0,35.0,115.0,1,1,1.0
621,2,1363.0,317.0,35.0,117.0,1,1,1.0
622,2,1365.0,318.0,37.0,118.0,1,1,1.0
623,2,1366.0,320.0,40.0,118.0,1,1,1.0
624,2,1367.0,321.0,42.0,118.0,1,1,1.0
625,2,1366.0,321.0,44.0,119.0,1,1,1.0
626,2,1368.0,322.0,44.0,119.0,1,1,1.0
627,2,1372.0,322.0,42.0,119.0,1,1,1.0
628,2,1375.0,323.0,41.0,118.0,1,1,1.0
629,2,1379.0,323.0,40.0,118.0,1,1,1.0
630,2,1381.0,324.0,41.0,118.0,1,1,1.0
631,2,1383.0,324.0,44.0,118.0,1,1,1.0
632,2,1384.0,325.0,45.0,119.0,1,1,1.0
633,2,1385.0,326.0,46.0,121.0,1,1,1.0
634,2,1385.0,327.0,49.0,121.0,1,1,1.0
635,2,1386.0,328.0,49.0,121.0,1,1,1.0
636,2,1387.0,328.0,49.0,121.0,1,1,1.0
637,2,1388.0,329.0,48.0,121.0,1,1,1.0
638,2,1389.0,329.0,46.0,121.0,1,1,1.0
639,2,1390.0,329.0,44.0,122.0,1,1,1.0
640,2,1392.0,329.0,42.0,122.0,1,1,1.0
641,2,1392.0,329.0,42.0,122.0,1,1,1.0
642,2,1392.0,329.0,42.0,124.0,1,1,1.0
643,2,1392.0,330.0,42.0,125.0,1,1,1.0
644,2,1392.0,332.0,42.0,126.0,1,1,1.0
645,2,1392.0,333.0,42.0,125.0,1,1,1.0
646,2,1393.0,335.0,42.0,125.0,1,1,1.0
647,2,1393.0,335.0,43.0,126.0,1,1,1.0
648,2,1392.0,335.0,45.0,126.0,1,1,1.0
649,2,1392.0,335.0,46.0,126.0,1,1,1.0
650,2,1392.0,335.0,46.0,126.0,1,1,1.0
651,2,1392.0,335.0,46.0,126.0,1,1,1.0
652,2,1392.0,334.0,45.0,126.0,1,1,1.0
653,2,1393.0,335.0,43.0,125.0,1,1,1.0
654,2,1391.0,337.0,43.0,124.0,1,1,1.0
655,2,1388.0,338.0,45.0,126.0,1,1,1.0
656,2,1385.0,338.0,47.0,126.0,1,1,1.0
657,2,1383.0,338.0,47.0,127.0,1,1,1.0
658,2,1382.0,338.0,47.0,127.0,1,1,1.0
659,2,1381.0,338.0,46.0,127.0,1,1,1.0
660,2,1380.0,338.0,45.0,128.0,1,1,1.0
661,2,1379.0,338.0,45.0,127.0,1,1,1.0
662,2,1375.0,338.0,47.0,128.0,1,1,1.0
663,2,1373.0,338.0,48.0,129.0,1,1,1.0
664,2,1370.0,338.0,50.0,131.0,1,1,1.0
665,2,1366.0,338.0,51.0,132.0,1,1,1.0
666,2,1363.0,339.0,53.0,132.0,1,1,1.0
667,2,1361.0,340.0,54.0,132.0,1,1,1.0
668,2,1360.0,341.0,54.0,132.0,1,1,1.0
669,2,1358.0,341.0,56.0,133.0,1,1,1.0
670,2,1357.0,341.0,55.0,133.0,1,1,1.0
671,2,1356.0,341.0,53.0,133.0,1,1,1.0
672,2,1357.0,341.0,49.0,134.0,1,1,1.0
673,2,1356.0,341.0,47.0,134.0,1,1,1.0
674,2,1354.0,341.0,46.0,133.0,1,1,1.0
675,2,1351.0,342.0,47.0,132.0,1,1,1.0
676,2,1344.0,342.0,52.0,132.0,1,1,1.0
677,2,1337.0,342.0,57.0,133.0,1,1,1.0
678,2,1332.0,342.0,60.0,133.0,1,1,1.0
679,2,1330.0,343.0,59.0,133.0,1,1,1.0
680,2,1328.0,343.0,57.0,133.0,1,1,1.0
681,2,1327.0,342.0,54.0,135.0,1,1,1.0
682,2,1326.0,341.0,52.0,136.0,1,1,1.0
683,2,1326.0,341.0,49.0,136.0,1,1,1.0
684,2,1322.0,341.0,51.0,137.0,1,1,1.0
685,2,1319.0,341.0,52.0,138.0,1,1,1.0
686,2,1313.0,341.0,56.0,140.0,1,1,1.0
687,2,1312.0,342.0,55.0,140.0,1,1,1.0
688,2,1309.0,343.0,55.0,140.0,1,1,1.0
689,2,1304.0,344.0,59.0,140.0,1,1,1.0
690,2,1302.0,345.0,59.0,139.0,1,1,1.0
691,2,1301.0,345.0,56.0,139.0,1,1,1.0
692,2,1300.0,345.0,52.0,140.0,1,1,1.0
693,2,1298.0,344.0,50.0,141.0,1,1,1.0
694,2,1298.0,343.0,48.0,141.0,1,1,1.0
695,2,1296.0,343.0,46.0,142.0,1,1,1.0
696,2,1293.0,343.0,47.0,142.0,1,1,1.0
697,2,1288.0,343.0,49.0,142.0,1,1,1.0
698,2,1280.0,343.0,55.0,142.0,1,1,1.0
699,2,1270.0,345.0,62.0,142.0,1,1,1.0
700,2,1264.0,346.0,64.0,142.0,1,1,1.0
701,2,1262.0,346.0,62.0,143.0,1,1,1.0
702,2,1260.0,346.0,59.0,143.0,1,1,1.0
703,2,1260.0,345.0,56.0,144.0,1,1,1.0
704,2,1260.0,345.0,52.0,144.0,1,1,1.0
705,2,1259.0,344.0,50.0,145.0,1,1,1.0
706,2,1252.0,344.0,55.0,146.0,1,1,1.0
707,2,1245.0,344.0,58.0,148.0,1,1,1.0
708,2,1240.0,344.0,61.0,150.0,1,1,1.0
709,2,1234.0,345.0,65.0,150.0,1,1,1.0
710,2,1231.0,346.0,67.0,150.0,1,1,1.0
711,2,1227.0,346.0,68.0,150.0,1,1,1.0
712,2,1225.0,347.0,67.0,150.0,1,1,1.0
713,2,1224.0,347.0,64.0,150.0,1,1,1.0
714,2,1223.0,347.0,58.0,150.0,1,1,1.0
715,2,1223.0,347.0,54.0,151.0,1,1,1.0
716,2,1222.0,346.0,52.0,151.0,1,1,1.0
717,2,1218.0,346.0,52.0,151.0,1,1,1.0
718,2,1213.0,346.0,54.0,151.0,1,1,1.0
719,2,1205.0,347.0,59.0,150.0,1,1,1.0
720,2,1195.0,347.0,66.0,150.0,1,1,1.0
721,2,1185.0,348.0,71.0,150.0,1,1,1.0
722,2,1181.0,349.0,71.0,150.0,1,1,1.0
723,2,1179.0,349.0,70.0,150.0,1,1,1.0
724,2,1178.0,349.0,66.0,151.0,1,1,1.0
725,2,1178.0,348.0,62.0,152.0,1,1,1.0
726,2,1178.0,347.0,57.0,152.0,1,1,1.0
727,2,1176.0,347.0,55.0,153.0,1,1,1.0
728,2,1169.0,346.0,58.0,155.0,1,1,1.0
729,2,1162.0,346.0,63.0,156.0,1,1,1.0
730,2,1156.0,347.0,67.0,158.0,1,1,1.0
731,2,1151.0,348.0,69.0,158.0,1,1,1.0
732,2,1147.0,349.0,69.0,158.0,1,1,1.0
733,2,1144.0,350.0,69.0,157.0,1,1,1.0
734,2,1141.0,350.0,67.0,157.0,1,1,1.0
735,2,1140.0,350.0,64.0,158.0,1,1,1.0
736,2,1139.0,350.0,60.0,158.0,1,1,1.0
737,2,1138.0,350.0,57.0,157.0,1,1,1.0
738,2,1138.0,350.0,55.0,157.0,1,1,1.0
739,2,1134.0,350.0,56.0,157.0,1,1,1.0
740,2,1130.0,349.0,58.0,158.0,1,1,1.0
