1,1,1294.0,373.0,187.0,505.0,1,1,1.0
1,2,1511.0,395.0,172.0,493.0,1,1,1.0
1,3,56.0,602.0,245.0,475.0,1,1,1.0
2,1,1301.0,368.0,178.0,481.0,1,1,1.0
2,2,1510.0,393.0,168.0,480.0,1,1,1.0
2,3,57.0,610.0,244.0,466.0,1,1,1.0
3,1,1303.0,363.0,174.0,472.0,1,1,1.0
3,2,1508.0,388.0,166.0,454.0,1,1,1.0
4,1,1309.0,358.0,168.0,471.0,1,1,1.0
4,2,1505.0,378.0,164.0,452.0,1,1,1.0
5,1,1316.0,354.0,159.0,475.0,1,1,1.0
5,2,1501.0,375.0,162.0,451.0,1,1,1.0
6,1,1321.0,350.0,155.0,479.0,1,1,1.0
6,2,1492.0,370.0,165.0,454.0,1,1,1.0
7,1,1327.0,348.0,150.0,481.0,1,1,1.0
7,2,1489.0,368.0,161.0,455.0,1,1,1.0
7,3,57.0,611.0,244.0,466.0,1,1,1.0
8,1,1330.0,346.0,150.0,483.0,1,1,1.0
8,2,1489.0,365.0,156.0,458.0,1,1,1.0
8,3,56.0,611.0,245.0,465.0,1,1,1.0
9,1,1332.0,344.0,153.0,485.0,1,1,1.0
9,2,1485.0,362.0,153.0,461.0,1,1,1.0
9,3,56.0,611.0,245.0,466.0,1,1,1.0
10,1,1333.0,341.0,155.0,487.0,1,1,1.0
10,2,1483.0,359.0,151.0,465.0,1,1,1.0
10,3,55.0,611.0,246.0,466.0,1,1,1.0
11,1,1333.0,337.0,157.0,477.0,1,1,1.0
11,2,1480.0,354.0,151.0,467.0,1,1,1.0
11,3,56.0,610.0,246.0,467.0,1,1,1.0
12,1,1335.0,333.0,159.0,472.0,1,1,1.0
12,2,1480.0,348.0,148.0,466.0,1,1,1.0
12,3,56.0,609.0,245.0,468.0,1,1,1.0
13,1,1337.0,328.0,158.0,464.0,1,1,1.0
13,2,1474.0,342.0,151.0,457.0,1,1,1.0
13,3,56.0,609.0,245.0,468.0,1,1,1.0
14,1,1341.0,325.0,157.0,449.0,1,1,1.0
14,2,1481.0,336.0,140.0,445.0,1,1,1.0
14,3,56.0,609.0,245.0,467.0,1,1,1.0
15,1,1342.0,320.0,159.0,434.0,1,1,1.0
15,2,1480.0,331.0,138.0,415.0,1,1,1.0
16,1,1342.0,316.0,160.0,431.0,1,1,1.0
16,2,1472.0,326.0,144.0,406.0,1,1,1.0
17,1,1342.0,312.0,160.0,431.0,1,1,1.0
17,2,1462.0,322.0,150.0,407.0,1,1,1.0
17,3,56.0,611.0,245.0,464.0,1,1,1.0
18,1,1343.0,308.0,158.0,434.0,1,1,1.0
18,2,1455.0,319.0,154.0,409.0,1,1,1.0
18,3,56.0,612.0,245.0,464.0,1,1,1.0
19,1,1343.0,305.0,155.0,436.0,1,1,1.0
19,2,1449.0,315.0,156.0,414.0,1,1,1.0
19,3,56.0,611.0,245.0,464.0,1,1,1.0
20,1,1346.0,303.0,148.0,439.0,1,1,1.0
20,2,1448.0,313.0,153.0,418.0,1,1,1.0
20,3,56.0,611.0,245.0,464.0,1,1,1.0
21,1,1346.0,301.0,144.0,440.0,1,1,1.0
21,2,1447.0,312.0,150.0,420.0,1,1,1.0
21,3,55.0,611.0,247.0,465.0,1,1,1.0
22,1,1345.0,300.0,140.0,442.0,1,1,1.0
22,2,1448.0,309.0,145.0,421.0,1,1,1.0
23,1,1343.0,296.0,140.0,439.0,1,1,1.0
23,2,1450.0,306.0,138.0,415.0,1,1,1.0
23,3,55.0,610.0,248.0,466.0,1,1,1.0
24,1,1338.0,291.0,141.0,432.0,1,1,1.0
24,2,1449.0,303.0,135.0,407.0,1,1,1.0
24,3,53.0,607.0,250.0,469.0,1,1,1.0
25,3,53.0,604.0,251.0,472.0,1,1,1.0
26,1,1333.0,283.0,139.0,415.0,1,1,1.0
26,2,1447.0,294.0,133.0,393.0,1,1,1.0
26,3,52.0,602.0,251.0,474.0,1,1,1.0
27,1,1334.0,279.0,138.0,397.0,1,1,1.0
27,2,1447.0,290.0,167.0,377.0,1,1,1.0
27,3,52.0,600.0,252.0,476.0,1,1,1.0
28,1,1335.0,276.0,136.0,392.0,1,1,1.0
28,2,1446.0,287.0,178.0,375.0,1,1,1.0
28,3,52.0,597.0,252.0,479.0,1,1,1.0
29,1,1336.0,272.0,132.0,393.0,1,1,1.0
29,2,1446.0,284.0,183.0,374.0,1,1,1.0
29,3,52.0,601.0,251.0,476.0,1,1,1.0
30,1,1336.0,269.0,128.0,395.0,1,1,1.0
30,2,1445.0,282.0,187.0,375.0,1,1,1.0
30,3,52.0,603.0,251.0,473.0,1,1,1.0
31,1,1336.0,267.0,126.0,397.0,1,1,1.0
31,2,1444.0,280.0,189.0,378.0,1,1,1.0
31,3,52.0,603.0,251.0,473.0,1,1,1.0
32,1,1336.0,266.0,123.0,398.0,1,1,1.0
32,3,52.0,604.0,251.0,472.0,1,1,1.0
33,1,1336.0,266.0,123.0,398.0,1,1,1.0
33,3,53.0,604.0,250.0,472.0,1,1,1.0
34,1,1336.0,265.0,123.0,399.0,1,1,1.0
34,2,1443.0,274.0,117.0,382.0,1,1,1.0
35,1,1335.0,262.0,123.0,398.0,1,1,1.0
35,2,1441.0,272.0,104.0,385.0,1,1,1.0
36,1,1334.0,258.0,125.0,392.0,1,1,1.0
37,1,1331.0,254.0,128.0,388.0,1,1,1.0
38,1,1330.0,251.0,129.0,379.0,1,1,1.0
38,3,56.0,593.0,248.0,483.0,1,1,1.0
39,1,1331.0,247.0,127.0,370.0,1,1,1.0
39,2,1425.0,257.0,110.0,340.0,1,1,1.0
40,1,1331.0,243.0,127.0,365.0,1,1,1.0
40,2,1418.0,254.0,115.0,339.0,1,1,1.0
41,1,1331.0,240.0,125.0,366.0,1,1,1.0
41,2,1410.0,252.0,121.0,341.0,1,1,1.0
42,1,1332.0,237.0,122.0,367.0,1,1,1.0
42,2,1404.0,250.0,124.0,344.0,1,1,1.0
43,1,1328.0,236.0,123.0,368.0,1,1,1.0
43,2,1403.0,248.0,122.0,346.0,1,1,1.0
43,3,52.0,591.0,250.0,485.0,1,1,1.0
44,1,1322.0,234.0,125.0,370.0,1,1,1.0
44,2,1405.0,247.0,116.0,348.0,1,1,1.0
45,1,1316.0,234.0,128.0,370.0,1,1,1.0
45,2,1403.0,245.0,115.0,350.0,1,1,1.0
46,1,1314.0,233.0,127.0,370.0,1,1,1.0
46,2,1403.0,243.0,109.0,343.0,1,1,1.0
47,1,1313.0,232.0,124.0,367.0,1,1,1.0
47,2,1400.0,240.0,107.0,344.0,1,1,1.0
48,1,1310.0,229.0,122.0,364.0,1,1,1.0
48,2,1399.0,236.0,104.0,342.0,1,1,1.0
49,1,1306.0,225.0,120.0,363.0,1,1,1.0
49,2,1399.0,231.0,100.0,342.0,1,1,1.0
50,1,1303.0,221.0,119.0,342.0,1,1,1.0
50,2,1399.0,228.0,97.0,332.0,1,1,1.0
51,1,1298.0,218.0,120.0,340.0,1,1,1.0
51,2,1398.0,225.0,95.0,326.0,1,1,1.0
52,1,1293.0,215.0,122.0,335.0,1,1,1.0
52,2,1396.0,223.0,94.0,323.0,1,1,1.0
53,1,1290.0,212.0,122.0,335.0,1,1,1.0
53,2,1395.0,221.0,92.0,323.0,1,1,1.0
54,1,1289.0,210.0,120.0,336.0,1,1,1.0
54,2,1394.0,220.0,90.0,324.0,1,1,1.0
55,1,1290.0,208.0,116.0,338.0,1,1,1.0
55,2,1394.0,218.0,88.0,325.0,1,1,1.0
56,1,1290.0,206.0,113.0,339.0,1,1,1.0
56,2,1393.0,217.0,87.0,326.0,1,1,1.0
57,1,1291.0,206.0,110.0,339.0,1,1,1.0
57,2,1392.0,217.0,86.0,326.0,1,1,1.0
58,1,1290.0,205.0,110.0,339.0,1,1,1.0
58,2,1390.0,216.0,85.0,323.0,1,1,1.0
59,1,1289.0,203.0,111.0,336.0,1,1,1.0
59,2,1389.0,213.0,86.0,320.0,1,1,1.0
60,1,1288.0,201.0,112.0,334.0,1,1,1.0
60,2,1387.0,210.0,87.0,320.0,1,1,1.0
61,1,1287.0,197.0,112.0,332.0,1,1,1.0
61,2,1385.0,207.0,88.0,313.0,1,1,1.0
62,1,1287.0,194.0,111.0,322.0,1,1,1.0
62,2,1382.0,204.0,89.0,302.0,1,1,1.0
63,1,1286.0,191.0,112.0,315.0,1,1,1.0
63,2,1379.0,201.0,92.0,298.0,1,1,1.0
64,1,1284.0,188.0,113.0,311.0,1,1,1.0
64,2,1374.0,199.0,95.0,296.0,1,1,1.0
65,1,1284.0,186.0,112.0,311.0,1,1,1.0
65,2,1369.0,198.0,99.0,297.0,1,1,1.0
66,1,1283.0,184.0,111.0,312.0,1,1,1.0
66,2,1367.0,196.0,100.0,299.0,1,1,1.0
67,1,1283.0,183.0,109.0,313.0,1,1,1.0
67,2,1367.0,195.0,97.0,300.0,1,1,1.0
68,1,1281.0,183.0,108.0,313.0,1,1,1.0
68,2,1368.0,194.0,93.0,301.0,1,1,1.0
69,1,1280.0,183.0,106.0,313.0,1,1,1.0
69,2,1370.0,193.0,89.0,301.0,1,1,1.0
70,1,1278.0,182.0,105.0,313.0,1,1,1.0
70,2,1369.0,191.0,87.0,294.0,1,1,1.0
71,1,1274.0,180.0,102.0,310.0,1,1,1.0
71,2,1366.0,189.0,87.0,283.0,1,1,1.0
72,1,1270.0,177.0,101.0,307.0,1,1,1.0
72,2,1363.0,186.0,88.0,290.0,1,1,1.0
73,1,1266.0,174.0,101.0,307.0,1,1,1.0
73,2,1359.0,184.0,89.0,287.0,1,1,1.0
74,1,1261.0,171.0,101.0,297.0,1,1,1.0
74,2,1356.0,182.0,91.0,281.0,1,1,1.0
75,1,1257.0,169.0,102.0,291.0,1,1,1.0
75,2,1354.0,180.0,91.0,278.0,1,1,1.0
76,1,1254.0,167.0,104.0,290.0,1,1,1.0
76,2,1352.0,178.0,92.0,277.0,1,1,1.0
77,1,1253.0,165.0,103.0,290.0,1,1,1.0
77,2,1350.0,177.0,92.0,277.0,1,1,1.0
78,1,1253.0,164.0,102.0,291.0,1,1,1.0
78,2,1349.0,176.0,91.0,278.0,1,1,1.0
79,1,1254.0,163.0,99.0,291.0,1,1,1.0
79,2,1347.0,175.0,91.0,279.0,1,1,1.0
80,1,1253.0,163.0,99.0,291.0,1,1,1.0
80,2,1346.0,175.0,91.0,280.0,1,1,1.0
81,1,1254.0,163.0,94.0,291.0,1,1,1.0
81,2,1346.0,173.0,90.0,281.0,1,1,1.0
82,1,1255.0,163.0,92.0,291.0,1,1,1.0
82,2,1346.0,171.0,90.0,278.0,1,1,1.0
83,1,1256.0,162.0,91.0,288.0,1,1,1.0
83,2,1346.0,168.0,90.0,277.0,1,1,1.0
84,1,1257.0,160.0,89.0,285.0,1,1,1.0
84,2,1347.0,166.0,88.0,273.0,1,1,1.0
85,1,1256.0,158.0,90.0,283.0,1,1,1.0
85,2,1347.0,163.0,87.0,268.0,1,1,1.0
86,1,1255.0,155.0,91.0,275.0,1,1,1.0
86,2,1348.0,161.0,86.0,263.0,1,1,1.0
87,1,1255.0,153.0,91.0,269.0,1,1,1.0
87,2,1347.0,160.0,85.0,262.0,1,1,1.0
88,1,1256.0,150.0,90.0,270.0,1,1,1.0
88,2,1347.0,159.0,84.0,262.0,1,1,1.0
89,1,1257.0,149.0,89.0,270.0,1,1,1.0
89,2,1346.0,158.0,83.0,262.0,1,1,1.0
90,1,1257.0,148.0,88.0,270.0,1,1,1.0
90,2,1346.0,157.0,82.0,264.0,1,1,1.0
91,1,1256.0,148.0,88.0,271.0,1,1,1.0
91,2,1345.0,156.0,81.0,264.0,1,1,1.0
91,3,47.0,606.0,255.0,471.0,1,1,1.0
92,1,1255.0,148.0,87.0,271.0,1,1,1.0
92,2,1343.0,155.0,81.0,265.0,1,1,1.0
92,3,46.0,606.0,256.0,472.0,1,1,1.0
93,1,1253.0,148.0,85.0,271.0,1,1,1.0
93,2,1342.0,154.0,78.0,265.0,1,1,1.0
93,3,46.0,605.0,256.0,472.0,1,1,1.0
94,1,1251.0,147.0,86.0,270.0,1,1,1.0
94,2,1340.0,152.0,77.0,262.0,1,1,1.0
94,3,46.0,604.0,256.0,473.0,1,1,1.0
95,1,1247.0,145.0,86.0,267.0,1,1,1.0
95,2,1337.0,150.0,78.0,260.0,1,1,1.0
95,3,45.0,603.0,256.0,475.0,1,1,1.0
96,1,1243.0,142.0,86.0,255.0,1,1,1.0
96,2,1334.0,148.0,79.0,251.0,1,1,1.0
96,3,45.0,601.0,256.0,477.0,1,1,1.0
97,1,1241.0,140.0,87.0,254.0,1,1,1.0
97,2,1330.0,146.0,80.0,248.0,1,1,1.0
97,3,45.0,599.0,256.0,479.0,1,1,1.0
98,1,1238.0,139.0,88.0,252.0,1,1,1.0
98,2,1327.0,144.0,82.0,247.0,1,1,1.0
99,1,1235.0,137.0,90.0,251.0,1,1,1.0
99,2,1324.0,143.0,83.0,247.0,1,1,1.0
100,1,1234.0,136.0,90.0,252.0,1,1,1.0
100,2,1322.0,142.0,83.0,247.0,1,1,1.0
101,1,1234.0,135.0,90.0,253.0,1,1,1.0
101,2,1321.0,141.0,83.0,248.0,1,1,1.0
102,1,1234.0,134.0,87.0,254.0,1,1,1.0
102,2,1320.0,140.0,82.0,249.0,1,1,1.0
103,1,1235.0,134.0,85.0,254.0,1,1,1.0
103,2,1320.0,139.0,81.0,250.0,1,1,1.0
104,1,1237.0,134.0,82.0,254.0,1,1,1.0
104,2,1320.0,139.0,81.0,248.0,1,1,1.0
105,1,1239.0,133.0,79.0,252.0,1,1,1.0
105,2,1320.0,138.0,80.0,247.0,1,1,1.0
106,1,1240.0,132.0,77.0,251.0,1,1,1.0
106,2,1322.0,136.0,79.0,246.0,1,1,1.0
107,1,1240.0,130.0,77.0,250.0,1,1,1.0
107,2,1324.0,134.0,77.0,242.0,1,1,1.0
108,1,1240.0,128.0,78.0,246.0,1,1,1.0
108,2,1326.0,132.0,74.0,234.0,1,1,1.0
109,1,1239.0,126.0,79.0,242.0,1,1,1.0
109,2,1326.0,130.0,75.0,234.0,1,1,1.0
110,1,1239.0,124.0,78.0,241.0,1,1,1.0
110,2,1325.0,129.0,76.0,234.0,1,1,1.0
111,1,1238.0,123.0,78.0,240.0,1,1,1.0
111,2,1324.0,128.0,76.0,234.0,1,1,1.0
112,1,1236.0,121.0,78.0,240.0,1,1,1.0
112,2,1324.0,127.0,76.0,235.0,1,1,1.0
113,1,1231.0,121.0,81.0,241.0,1,1,1.0
113,2,1324.0,127.0,76.0,236.0,1,1,1.0
114,1,1225.0,120.0,84.0,241.0,1,1,1.0
114,2,1324.0,127.0,76.0,236.0,1,1,1.0
115,1,1221.0,121.0,85.0,240.0,1,1,1.0
115,2,1325.0,127.0,75.0,236.0,1,1,1.0
116,1,1217.0,120.0,84.0,240.0,1,1,1.0
116,2,1325.0,126.0,75.0,236.0,1,1,1.0
117,1,1215.0,119.0,80.0,239.0,1,1,1.0
117,2,1325.0,126.0,75.0,235.0,1,1,1.0
118,1,1214.0,118.0,77.0,238.0,1,1,1.0
118,2,1325.0,125.0,74.0,233.0,1,1,1.0
119,1,1212.0,116.0,74.0,235.0,1,1,1.0
119,2,1326.0,123.0,74.0,231.0,1,1,1.0
120,1,1210.0,114.0,73.0,229.0,1,1,1.0
120,2,1326.0,121.0,74.0,227.0,1,1,1.0
121,1,1207.0,113.0,74.0,229.0,1,1,1.0
121,2,1326.0,119.0,73.0,224.0,1,1,1.0
122,1,1205.0,111.0,75.0,227.0,1,1,1.0
122,2,1326.0,118.0,73.0,222.0,1,1,1.0
123,1,1202.0,110.0,78.0,227.0,1,1,1.0
123,2,1326.0,118.0,75.0,219.0,1,1,1.0
124,1,1198.0,109.0,82.0,228.0,1,1,1.0
124,2,1326.0,117.0,77.0,219.0,1,1,1.0
125,1,1195.0,109.0,83.0,228.0,1,1,1.0
125,2,1327.0,117.0,77.0,218.0,1,1,1.0
126,1,1195.0,109.0,84.0,228.0,1,1,1.0
126,2,1328.0,116.0,77.0,218.0,1,1,1.0
127,1,1195.0,109.0,77.0,228.0,1,1,1.0
127,2,1329.0,117.0,77.0,217.0,1,1,1.0
128,1,1195.0,108.0,73.0,227.0,1,1,1.0
128,2,1330.0,116.0,76.0,216.0,1,1,1.0
129,1,1195.0,106.0,71.0,227.0,1,1,1.0
129,2,1332.0,115.0,75.0,216.0,1,1,1.0
130,1,1194.0,104.0,71.0,226.0,1,1,1.0
130,2,1334.0,114.0,74.0,214.0,1,1,1.0
131,1,1193.0,102.0,71.0,222.0,1,1,1.0
131,2,1336.0,113.0,73.0,213.0,1,1,1.0
132,1,1191.0,101.0,71.0,217.0,1,1,1.0
132,2,1338.0,112.0,72.0,210.0,1,1,1.0
133,1,1190.0,100.0,72.0,216.0,1,1,1.0
133,2,1338.0,111.0,71.0,208.0,1,1,1.0
134,1,1189.0,99.0,72.0,216.0,1,1,1.0
134,2,1338.0,111.0,70.0,208.0,1,1,1.0
135,1,1187.0,98.0,73.0,216.0,1,1,1.0
135,2,1337.0,110.0,70.0,208.0,1,1,1.0
136,1,1186.0,97.0,74.0,216.0,1,1,1.0
136,2,1336.0,110.0,69.0,208.0,1,1,1.0
137,1,1184.0,96.0,74.0,217.0,1,1,1.0
137,2,1335.0,110.0,68.0,208.0,1,1,1.0
138,1,1183.0,95.0,73.0,218.0,1,1,1.0
138,2,1333.0,110.0,67.0,208.0,1,1,1.0
139,1,1183.0,96.0,73.0,217.0,1,1,1.0
139,2,1332.0,109.0,66.0,207.0,1,1,1.0
140,1,1182.0,97.0,72.0,216.0,1,1,1.0
140,2,1330.0,109.0,64.0,204.0,1,1,1.0
141,1,1182.0,97.0,71.0,214.0,1,1,1.0
141,2,1329.0,108.0,62.0,203.0,1,1,1.0
142,1,1182.0,95.0,68.0,214.0,1,1,1.0
142,2,1327.0,106.0,61.0,199.0,1,1,1.0
143,1,1181.0,93.0,68.0,210.0,1,1,1.0
143,2,1325.0,104.0,61.0,197.0,1,1,1.0
144,1,1180.0,92.0,67.0,206.0,1,1,1.0
144,2,1323.0,102.0,61.0,196.0,1,1,1.0
145,1,1180.0,89.0,66.0,206.0,1,1,1.0
145,2,1320.0,102.0,61.0,196.0,1,1,1.0
146,1,1181.0,87.0,64.0,206.0,1,1,1.0
146,2,1317.0,101.0,61.0,196.0,1,1,1.0
147,1,1181.0,87.0,62.0,206.0,1,1,1.0
147,2,1314.0,101.0,61.0,197.0,1,1,1.0
148,1,1182.0,86.0,60.0,206.0,1,1,1.0
148,2,1311.0,101.0,60.0,197.0,1,1,1.0
149,1,1183.0,86.0,59.0,205.0,1,1,1.0
149,2,1308.0,100.0,59.0,198.0,1,1,1.0
150,1,1185.0,87.0,58.0,205.0,1,1,1.0
150,2,1306.0,99.0,58.0,199.0,1,1,1.0
151,1,1186.0,87.0,58.0,204.0,1,1,1.0
151,2,1304.0,96.0,56.0,199.0,1,1,1.0
152,1,1186.0,87.0,59.0,203.0,1,1,1.0
152,2,1301.0,94.0,54.0,199.0,1,1,1.0
153,1,1188.0,87.0,62.0,201.0,1,1,1.0
153,2,1297.0,94.0,54.0,193.0,1,1,1.0
154,1,1190.0,87.0,62.0,198.0,1,1,1.0
154,2,1294.0,93.0,55.0,186.0,1,1,1.0
155,1,1192.0,87.0,62.0,193.0,1,1,1.0
155,2,1289.0,93.0,56.0,182.0,1,1,1.0
156,1,1194.0,85.0,62.0,194.0,1,1,1.0
156,2,1285.0,91.0,56.0,185.0,1,1,1.0
157,1,1195.0,83.0,64.0,191.0,1,1,1.0
157,2,1281.0,90.0,57.0,187.0,1,1,1.0
158,1,1195.0,82.0,65.0,192.0,1,1,1.0
158,2,1277.0,90.0,57.0,185.0,1,1,1.0
159,1,1195.0,81.0,66.0,191.0,1,1,1.0
159,2,1272.0,90.0,57.0,183.0,1,1,1.0
160,1,1194.0,80.0,66.0,189.0,1,1,1.0
160,2,1268.0,89.0,56.0,182.0,1,1,1.0
161,2,1265.0,89.0,55.0,180.0,1,1,1.0
162,1,1194.0,80.0,65.0,185.0,1,1,1.0
162,2,1261.0,88.0,55.0,182.0,1,1,1.0
163,1,1192.0,80.0,64.0,183.0,1,1,1.0
163,2,1258.0,87.0,53.0,185.0,1,1,1.0
164,1,1191.0,80.0,61.0,181.0,1,1,1.0
164,2,1254.0,85.0,54.0,183.0,1,1,1.0
165,1,1189.0,78.0,61.0,182.0,1,1,1.0
165,2,1249.0,83.0,56.0,187.0,1,1,1.0
166,1,1186.0,77.0,61.0,183.0,1,1,1.0
166,2,1244.0,81.0,59.0,190.0,1,1,1.0
167,1,1184.0,76.0,61.0,184.0,1,1,1.0
168,1,1181.0,76.0,62.0,184.0,1,1,1.0
168,2,1237.0,80.0,61.0,181.0,1,1,1.0
169,1,1180.0,75.0,62.0,185.0,1,1,1.0
169,2,1234.0,80.0,62.0,180.0,1,1,1.0
170,1,1179.0,74.0,62.0,185.0,1,1,1.0
170,2,1232.0,79.0,62.0,177.0,1,1,1.0
171,1,1179.0,74.0,62.0,186.0,1,1,1.0
171,2,1232.0,79.0,60.0,173.0,1,1,1.0
172,1,1179.0,74.0,61.0,185.0,1,1,1.0
172,2,1233.0,79.0,58.0,169.0,1,1,1.0
173,1,1178.0,75.0,62.0,184.0,1,1,1.0
173,2,1234.0,78.0,54.0,163.0,1,1,1.0
174,1,1178.0,75.0,63.0,182.0,1,1,1.0
174,2,1235.0,77.0,52.0,158.0,1,1,1.0
175,1,1178.0,74.0,63.0,182.0,1,1,1.0
175,2,1235.0,76.0,51.0,156.0,1,1,1.0
176,1,1177.0,74.0,62.0,181.0,1,1,1.0
176,2,1233.0,75.0,50.0,161.0,1,1,1.0
177,1,1177.0,72.0,62.0,177.0,1,1,1.0
177,2,1232.0,75.0,50.0,164.0,1,1,1.0
178,1,1177.0,71.0,61.0,176.0,1,1,1.0
178,2,1228.0,75.0,53.0,165.0,1,1,1.0
179,1,1177.0,69.0,61.0,177.0,1,1,1.0
179,2,1226.0,75.0,53.0,165.0,1,1,1.0
180,1,1176.0,69.0,61.0,178.0,1,1,1.0
180,2,1222.0,75.0,55.0,165.0,1,1,1.0
181,1,1176.0,69.0,58.0,177.0,1,1,1.0
181,2,1219.0,75.0,55.0,165.0,1,1,1.0
182,1,1174.0,69.0,59.0,176.0,1,1,1.0
182,2,1219.0,75.0,51.0,162.0,1,1,1.0
183,2,1219.0,75.0,49.0,163.0,1,1,1.0
184,2,1217.0,74.0,47.0,163.0,1,1,1.0
185,2,1216.0,73.0,47.0,163.0,1,1,1.0
186,1,1166.0,68.0,58.0,174.0,1,1,1.0
186,2,1214.0,71.0,47.0,164.0,1,1,1.0
187,1,1162.0,67.0,58.0,172.0,1,1,1.0
187,2,1212.0,70.0,47.0,165.0,1,1,1.0
188,1,1156.0,67.0,60.0,169.0,1,1,1.0
188,2,1211.0,70.0,47.0,166.0,1,1,1.0
189,2,1209.0,69.0,48.0,166.0,1,1,1.0
190,1,1148.0,66.0,65.0,168.0,1,1,1.0
190,2,1208.0,69.0,48.0,164.0,1,1,1.0
191,1,1145.0,65.0,66.0,169.0,1,1,1.0
191,2,1206.0,70.0,48.0,163.0,1,1,1.0
192,1,1145.0,64.0,66.0,169.0,1,1,1.0
192,2,1204.0,70.0,50.0,162.0,1,1,1.0
193,1,1146.0,64.0,64.0,170.0,1,1,1.0
193,2,1202.0,70.0,51.0,161.0,1,1,1.0
194,1,1147.0,64.0,61.0,169.0,1,1,1.0
194,2,1201.0,69.0,50.0,159.0,1,1,1.0
195,1,1147.0,65.0,60.0,168.0,1,1,1.0
195,2,1201.0,69.0,48.0,159.0,1,1,1.0
196,1,1147.0,65.0,59.0,167.0,1,1,1.0
196,2,1199.0,68.0,48.0,157.0,1,1,1.0
197,1,1146.0,64.0,58.0,166.0,1,1,1.0
197,2,1198.0,67.0,48.0,156.0,1,1,1.0
198,1,1144.0,63.0,59.0,164.0,1,1,1.0
198,2,1196.0,67.0,48.0,156.0,1,1,1.0
199,1,1142.0,62.0,59.0,162.0,1,1,1.0
199,2,1194.0,66.0,48.0,157.0,1,1,1.0
200,1,1141.0,61.0,59.0,163.0,1,1,1.0
200,2,1193.0,66.0,47.0,156.0,1,1,1.0
201,1,1140.0,61.0,58.0,163.0,1,1,1.0
201,2,1191.0,67.0,46.0,156.0,1,1,1.0
202,1,1140.0,60.0,57.0,163.0,1,1,1.0
202,2,1189.0,67.0,46.0,156.0,1,1,1.0
203,1,1139.0,60.0,54.0,163.0,1,1,1.0
203,2,1188.0,67.0,45.0,156.0,1,1,1.0
204,1,1136.0,60.0,56.0,162.0,1,1,1.0
204,2,1188.0,67.0,44.0,155.0,1,1,1.0
205,1,1135.0,61.0,56.0,161.0,1,1,1.0
205,2,1183.0,67.0,46.0,154.0,1,1,1.0
206,1,1134.0,60.0,54.0,161.0,1,1,1.0
206,2,1183.0,66.0,44.0,153.0,1,1,1.0
207,1,1132.0,60.0,51.0,160.0,1,1,1.0
207,2,1181.0,65.0,45.0,152.0,1,1,1.0
208,1,1131.0,59.0,50.0,160.0,1,1,1.0
208,2,1179.0,65.0,45.0,150.0,1,1,1.0
209,1,1129.0,58.0,50.0,157.0,1,1,1.0
209,2,1177.0,64.0,45.0,149.0,1,1,1.0
210,1,1127.0,57.0,52.0,156.0,1,1,1.0
210,2,1175.0,63.0,46.0,148.0,1,1,1.0
211,1,1123.0,56.0,54.0,155.0,1,1,1.0
211,2,1174.0,63.0,45.0,149.0,1,1,1.0
212,1,1121.0,56.0,56.0,155.0,1,1,1.0
212,2,1173.0,64.0,44.0,148.0,1,1,1.0
213,1,1119.0,56.0,57.0,155.0,1,1,1.0
213,2,1172.0,65.0,43.0,147.0,1,1,1.0
214,1,1118.0,56.0,57.0,155.0,1,1,1.0
214,2,1171.0,66.0,43.0,146.0,1,1,1.0
215,1,1118.0,56.0,57.0,155.0,1,1,1.0
215,2,1170.0,66.0,42.0,146.0,1,1,1.0
216,1,1119.0,56.0,55.0,155.0,1,1,1.0
216,2,1169.0,65.0,42.0,146.0,1,1,1.0
217,1,1119.0,56.0,55.0,154.0,1,1,1.0
217,2,1168.0,64.0,40.0,145.0,1,1,1.0
218,1,1118.0,55.0,54.0,153.0,1,1,1.0
218,2,1166.0,62.0,42.0,143.0,1,1,1.0
219,1,1118.0,55.0,55.0,152.0,1,1,1.0
219,2,1166.0,62.0,40.0,141.0,1,1,1.0
220,1,1118.0,54.0,55.0,150.0,1,1,1.0
220,2,1165.0,61.0,41.0,141.0,1,1,1.0
221,1,1117.0,53.0,55.0,149.0,1,1,1.0
221,2,1163.0,61.0,41.0,141.0,1,1,1.0
222,1,1117.0,53.0,55.0,149.0,1,1,1.0
222,2,1159.0,60.0,43.0,141.0,1,1,1.0
223,1,1116.0,53.0,54.0,150.0,1,1,1.0
223,2,1156.0,60.0,44.0,142.0,1,1,1.0
224,1,1115.0,52.0,53.0,149.0,1,1,1.0
224,2,1152.0,60.0,45.0,142.0,1,1,1.0
225,1,1114.0,53.0,52.0,149.0,1,1,1.0
225,2,1152.0,60.0,43.0,142.0,1,1,1.0
226,1,1113.0,53.0,51.0,148.0,1,1,1.0
226,2,1151.0,60.0,43.0,142.0,1,1,1.0
227,1,1112.0,53.0,50.0,148.0,1,1,1.0
227,2,1150.0,58.0,42.0,143.0,1,1,1.0
228,1,1110.0,52.0,48.0,146.0,1,1,1.0
228,2,1148.0,57.0,43.0,142.0,1,1,1.0
229,1,1107.0,51.0,48.0,145.0,1,1,1.0
229,2,1146.0,57.0,40.0,140.0,1,1,1.0
230,1,1104.0,50.0,48.0,143.0,1,1,1.0
230,2,1145.0,56.0,40.0,140.0,1,1,1.0
231,1,1102.0,50.0,48.0,143.0,1,1,1.0
231,2,1144.0,55.0,39.0,139.0,1,1,1.0
232,1,1100.0,49.0,49.0,143.0,1,1,1.0
232,2,1144.0,55.0,39.0,138.0,1,1,1.0
233,1,1098.0,49.0,50.0,143.0,1,1,1.0
233,2,1142.0,55.0,40.0,137.0,1,1,1.0
234,1,1097.0,49.0,50.0,143.0,1,1,1.0
234,2,1140.0,56.0,42.0,136.0,1,1,1.0
235,1,1096.0,49.0,48.0,143.0,1,1,1.0
235,2,1138.0,55.0,47.0,136.0,1,1,1.0
236,1,1095.0,49.0,48.0,143.0,1,1,1.0
236,2,1137.0,55.0,50.0,136.0,1,1,1.0
237,1,1094.0,49.0,48.0,143.0,1,1,1.0
237,2,1136.0,55.0,52.0,136.0,1,1,1.0
238,1,1092.0,48.0,49.0,143.0,1,1,1.0
238,2,1135.0,54.0,51.0,136.0,1,1,1.0
239,1,1091.0,47.0,50.0,143.0,1,1,1.0
239,2,1134.0,53.0,50.0,136.0,1,1,1.0
240,1,1090.0,47.0,51.0,141.0,1,1,1.0
240,2,1133.0,52.0,49.0,134.0,1,1,1.0
241,1,1089.0,46.0,50.0,140.0,1,1,1.0
241,2,1131.0,52.0,48.0,133.0,1,1,1.0
242,1,1089.0,45.0,49.0,139.0,1,1,1.0
242,2,1129.0,52.0,47.0,133.0,1,1,1.0
243,1,1087.0,45.0,50.0,139.0,1,1,1.0
243,2,1126.0,51.0,46.0,132.0,1,1,1.0
246,1,1080.0,45.0,51.0,138.0,1,1,1.0
246,2,1123.0,52.0,42.0,131.0,1,1,1.0
247,1,1078.0,45.0,52.0,138.0,1,1,1.0
247,2,1122.0,52.0,39.0,131.0,1,1,1.0
248,1,1077.0,45.0,49.0,138.0,1,1,1.0
248,2,1121.0,52.0,38.0,131.0,1,1,1.0
249,1,1076.0,45.0,49.0,137.0,1,1,1.0
249,2,1120.0,51.0,38.0,131.0,1,1,1.0
250,1,1074.0,44.0,49.0,137.0,1,1,1.0
250,2,1118.0,50.0,38.0,131.0,1,1,1.0
251,1,1071.0,44.0,48.0,135.0,1,1,1.0
251,2,1115.0,49.0,40.0,129.0,1,1,1.0
252,2,1113.0,49.0,41.0,128.0,1,1,1.0
253,1,1065.0,43.0,50.0,134.0,1,1,1.0
253,2,1111.0,49.0,42.0,127.0,1,1,1.0
254,1,1063.0,43.0,51.0,134.0,1,1,1.0
254,2,1109.0,49.0,44.0,127.0,1,1,1.0
255,1,1061.0,42.0,52.0,134.0,1,1,1.0
255,2,1108.0,49.0,44.0,127.0,1,1,1.0
256,1,1059.0,43.0,53.0,134.0,1,1,1.0
256,2,1107.0,49.0,44.0,127.0,1,1,1.0
257,1,1058.0,43.0,53.0,133.0,1,1,1.0
257,2,1106.0,49.0,44.0,127.0,1,1,1.0
258,1,1058.0,43.0,52.0,133.0,1,1,1.0
258,2,1104.0,49.0,45.0,125.0,1,1,1.0
259,1,1058.0,43.0,52.0,132.0,1,1,1.0
259,2,1103.0,49.0,44.0,124.0,1,1,1.0
260,1,1058.0,43.0,51.0,132.0,1,1,1.0
260,2,1101.0,48.0,44.0,125.0,1,1,1.0
261,1,1058.0,42.0,50.0,130.0,1,1,1.0
261,2,1100.0,47.0,43.0,123.0,1,1,1.0
262,1,1059.0,41.0,48.0,129.0,1,1,1.0
262,2,1099.0,46.0,42.0,123.0,1,1,1.0
268,1,1056.0,40.0,44.0,128.0,1,1,1.0
268,2,1090.0,44.0,38.0,124.0,1,1,1.0
269,1,1055.0,40.0,44.0,128.0,1,1,1.0
269,2,1088.0,44.0,38.0,124.0,1,1,1.0
270,1,1053.0,40.0,44.0,127.0,1,1,1.0
270,2,1086.0,43.0,38.0,124.0,1,1,1.0
271,1,1051.0,40.0,45.0,126.0,1,1,1.0
271,2,1086.0,43.0,37.0,124.0,1,1,1.0
272,1,1049.0,39.0,45.0,125.0,1,1,1.0
272,2,1085.0,42.0,37.0,123.0,1,1,1.0
273,1,1047.0,39.0,45.0,124.0,1,1,1.0
273,2,1083.0,41.0,38.0,122.0,1,1,1.0
274,1,1045.0,38.0,45.0,124.0,1,1,1.0
274,2,1081.0,40.0,39.0,122.0,1,1,1.0
275,1,1043.0,37.0,46.0,124.0,1,1,1.0
275,2,1079.0,40.0,40.0,121.0,1,1,1.0
276,1,1042.0,37.0,44.0,124.0,1,1,1.0
276,2,1078.0,40.0,42.0,120.0,1,1,1.0
277,1,1041.0,36.0,43.0,125.0,1,1,1.0
277,2,1077.0,40.0,43.0,120.0,1,1,1.0
278,1,1041.0,36.0,43.0,125.0,1,1,1.0
278,2,1076.0,41.0,44.0,120.0,1,1,1.0
279,1,1040.0,37.0,44.0,125.0,1,1,1.0
279,2,1075.0,41.0,44.0,120.0,1,1,1.0
280,1,1040.0,37.0,45.0,124.0,1,1,1.0
280,2,1074.0,41.0,45.0,120.0,1,1,1.0
281,1,1040.0,37.0,42.0,124.0,1,1,1.0
281,2,1073.0,40.0,46.0,119.0,1,1,1.0
282,1,1039.0,36.0,42.0,124.0,1,1,1.0
282,2,1073.0,40.0,46.0,119.0,1,1,1.0
283,1,1039.0,35.0,42.0,122.0,1,1,1.0
283,2,1073.0,39.0,44.0,118.0,1,1,1.0
284,1,1038.0,34.0,42.0,122.0,1,1,1.0
284,2,1072.0,38.0,42.0,117.0,1,1,1.0
285,1,1038.0,33.0,43.0,121.0,1,1,1.0
285,2,1071.0,37.0,41.0,117.0,1,1,1.0
286,1,1037.0,32.0,44.0,120.0,1,1,1.0
286,2,1070.0,37.0,39.0,117.0,1,1,1.0
287,1,1035.0,32.0,44.0,121.0,1,1,1.0
287,2,1069.0,36.0,38.0,117.0,1,1,1.0
288,1,1034.0,32.0,44.0,121.0,1,1,1.0
288,2,1067.0,36.0,38.0,116.0,1,1,1.0
289,1,1031.0,32.0,44.0,120.0,1,1,1.0
289,2,1066.0,37.0,37.0,116.0,1,1,1.0
290,1,1029.0,32.0,44.0,120.0,1,1,1.0
290,2,1065.0,37.0,36.0,115.0,1,1,1.0
291,1,1027.0,32.0,44.0,121.0,1,1,1.0
291,2,1064.0,37.0,35.0,115.0,1,1,1.0
292,1,1026.0,32.0,44.0,120.0,1,1,1.0
292,2,1063.0,37.0,35.0,116.0,1,1,1.0
293,1,1024.0,32.0,43.0,120.0,1,1,1.0
293,2,1061.0,36.0,36.0,116.0,1,1,1.0
294,1,1022.0,31.0,43.0,120.0,1,1,1.0
294,2,1058.0,36.0,37.0,115.0,1,1,1.0
295,1,1021.0,31.0,42.0,119.0,1,1,1.0
295,2,1057.0,35.0,39.0,115.0,1,1,1.0
296,1,1019.0,30.0,42.0,119.0,1,1,1.0
296,2,1055.0,35.0,40.0,114.0,1,1,1.0
297,1,1017.0,29.0,43.0,119.0,1,1,1.0
297,2,1054.0,34.0,40.0,114.0,1,1,1.0
298,1,1016.0,29.0,44.0,118.0,1,1,1.0
298,2,1053.0,33.0,40.0,114.0,1,1,1.0
299,1,1016.0,29.0,42.0,118.0,1,1,1.0
299,2,1053.0,32.0,40.0,114.0,1,1,1.0
300,1,1016.0,30.0,41.0,118.0,1,1,1.0
300,2,1052.0,32.0,40.0,115.0,1,1,1.0
301,1,1014.0,29.0,42.0,119.0,1,1,1.0
301,2,1051.0,31.0,37.0,114.0,1,1,1.0
302,1,1014.0,30.0,41.0,118.0,1,1,1.0
302,2,1050.0,31.0,38.0,115.0,1,1,1.0
303,1,1015.0,31.0,40.0,117.0,1,1,1.0
303,2,1049.0,31.0,36.0,114.0,1,1,1.0
304,1,1015.0,31.0,41.0,116.0,1,1,1.0
304,2,1049.0,31.0,35.0,114.0,1,1,1.0
305,1,1015.0,30.0,41.0,116.0,1,1,1.0
305,2,1048.0,31.0,35.0,113.0,1,1,1.0
306,1,1014.0,29.0,40.0,116.0,1,1,1.0
306,2,1048.0,31.0,34.0,113.0,1,1,1.0
307,1,1014.0,28.0,41.0,115.0,1,1,1.0
307,2,1046.0,30.0,34.0,112.0,1,1,1.0
308,1,1012.0,27.0,41.0,115.0,1,1,1.0
308,2,1045.0,30.0,34.0,112.0,1,1,1.0
309,1,1012.0,27.0,41.0,115.0,1,1,1.0
309,2,1041.0,30.0,36.0,112.0,1,1,1.0
310,1,1010.0,27.0,42.0,115.0,1,1,1.0
310,2,1036.0,30.0,40.0,113.0,1,1,1.0
311,1,1009.0,27.0,42.0,114.0,1,1,1.0
311,2,1035.0,30.0,39.0,112.0,1,1,1.0
312,1,1007.0,28.0,42.0,113.0,1,1,1.0
312,2,1037.0,30.0,36.0,112.0,1,1,1.0
313,1,1004.0,29.0,43.0,113.0,1,1,1.0
313,2,1038.0,30.0,33.0,112.0,1,1,1.0
314,1,1002.0,29.0,44.0,113.0,1,1,1.0
314,2,1038.0,30.0,31.0,111.0,1,1,1.0
315,1,1001.0,28.0,43.0,113.0,1,1,1.0
315,2,1036.0,30.0,31.0,111.0,1,1,1.0
316,1,999.0,27.0,44.0,113.0,1,1,1.0
316,2,1033.0,30.0,34.0,110.0,1,1,1.0
317,1,997.0,27.0,43.0,112.0,1,1,1.0
317,2,1032.0,29.0,33.0,109.0,1,1,1.0
318,1,997.0,26.0,42.0,112.0,1,1,1.0
319,1,996.0,26.0,43.0,112.0,1,1,1.0
319,2,1030.0,29.0,33.0,108.0,1,1,1.0
320,1,995.0,25.0,42.0,111.0,1,1,1.0
320,2,1029.0,29.0,33.0,108.0,1,1,1.0
321,1,993.0,25.0,43.0,112.0,1,1,1.0
321,2,1029.0,29.0,34.0,108.0,1,1,1.0
322,1,992.0,25.0,44.0,112.0,1,1,1.0
322,2,1028.0,29.0,34.0,108.0,1,1,1.0
323,1,991.0,25.0,42.0,112.0,1,1,1.0
323,2,1028.0,29.0,33.0,107.0,1,1,1.0
324,1,991.0,26.0,42.0,112.0,1,1,1.0
324,2,1027.0,29.0,33.0,107.0,1,1,1.0
325,1,990.0,26.0,42.0,111.0,1,1,1.0
325,2,1026.0,30.0,33.0,106.0,1,1,1.0
326,1,990.0,26.0,41.0,111.0,1,1,1.0
326,2,1026.0,29.0,33.0,105.0,1,1,1.0
327,1,990.0,25.0,41.0,110.0,1,1,1.0
327,2,1026.0,29.0,32.0,105.0,1,1,1.0
328,1,990.0,25.0,41.0,109.0,1,1,1.0
328,2,1025.0,29.0,31.0,104.0,1,1,1.0
329,1,989.0,25.0,41.0,108.0,1,1,1.0
329,2,1024.0,29.0,33.0,103.0,1,1,1.0
330,1,988.0,24.0,42.0,108.0,1,1,1.0
330,2,1023.0,29.0,32.0,102.0,1,1,1.0
331,1,987.0,24.0,42.0,108.0,1,1,1.0
331,2,1021.0,29.0,32.0,102.0,1,1,1.0
332,1,986.0,23.0,42.0,108.0,1,1,1.0
332,2,1021.0,29.0,33.0,103.0,1,1,1.0
333,1,985.0,23.0,41.0,108.0,1,1,1.0
333,2,1020.0,29.0,33.0,102.0,1,1,1.0
334,1,985.0,24.0,39.0,108.0,1,1,1.0
334,2,1019.0,28.0,33.0,102.0,1,1,1.0
335,1,984.0,24.0,38.0,107.0,1,1,1.0
335,2,1018.0,28.0,33.0,103.0,1,1,1.0
336,1,983.0,24.0,37.0,107.0,1,1,1.0
336,2,1017.0,28.0,33.0,103.0,1,1,1.0
337,1,982.0,24.0,36.0,108.0,1,1,1.0
337,2,1016.0,28.0,32.0,103.0,1,1,1.0
338,1,979.0,23.0,37.0,108.0,1,1,1.0
338,2,1014.0,27.0,33.0,103.0,1,1,1.0
339,1,977.0,23.0,38.0,106.0,1,1,1.0
339,2,1012.0,27.0,34.0,102.0,1,1,1.0
340,1,975.0,23.0,38.0,105.0,1,1,1.0
340,2,1011.0,27.0,35.0,102.0,1,1,1.0
341,1,974.0,23.0,39.0,105.0,1,1,1.0
341,2,1010.0,27.0,36.0,101.0,1,1,1.0
342,1,973.0,22.0,40.0,105.0,1,1,1.0
342,2,1009.0,26.0,36.0,101.0,1,1,1.0
343,1,971.0,22.0,40.0,106.0,1,1,1.0
343,2,1008.0,26.0,36.0,101.0,1,1,1.0
344,1,970.0,22.0,39.0,106.0,1,1,1.0
344,2,1007.0,26.0,36.0,101.0,1,1,1.0
345,1,970.0,22.0,39.0,106.0,1,1,1.0
345,2,1006.0,26.0,37.0,100.0,1,1,1.0
346,1,970.0,22.0,38.0,106.0,1,1,1.0
346,2,1005.0,26.0,37.0,100.0,1,1,1.0
347,1,969.0,22.0,38.0,105.0,1,1,1.0
347,2,1005.0,26.0,37.0,101.0,1,1,1.0
348,1,968.0,22.0,38.0,105.0,1,1,1.0
348,2,1006.0,25.0,36.0,100.0,1,1,1.0
349,1,969.0,21.0,37.0,105.0,1,1,1.0
349,2,1006.0,25.0,36.0,100.0,1,1,1.0
350,1,969.0,21.0,37.0,104.0,1,1,1.0
350,2,1006.0,24.0,35.0,100.0,1,1,1.0
351,1,969.0,20.0,36.0,104.0,1,1,1.0
351,2,1006.0,24.0,35.0,100.0,1,1,1.0
352,1,968.0,20.0,36.0,103.0,1,1,1.0
352,2,1006.0,23.0,34.0,100.0,1,1,1.0
353,1,968.0,20.0,37.0,104.0,1,1,1.0
353,2,1005.0,23.0,33.0,100.0,1,1,1.0
354,1,967.0,20.0,37.0,103.0,1,1,1.0
354,2,1005.0,23.0,33.0,100.0,1,1,1.0
355,1,966.0,20.0,38.0,103.0,1,1,1.0
355,2,1004.0,23.0,32.0,99.0,1,1,1.0
356,1,965.0,20.0,38.0,102.0,1,1,1.0
356,2,1003.0,23.0,32.0,99.0,1,1,1.0
357,1,963.0,20.0,38.0,102.0,1,1,1.0
357,2,1003.0,22.0,31.0,100.0,1,1,1.0
358,1,963.0,21.0,36.0,102.0,1,1,1.0
358,2,1003.0,22.0,30.0,100.0,1,1,1.0
359,1,962.0,20.0,35.0,102.0,1,1,1.0
359,2,1001.0,22.0,30.0,100.0,1,1,1.0
360,1,961.0,20.0,34.0,102.0,1,1,1.0
360,2,999.0,21.0,31.0,100.0,1,1,1.0
361,1,958.0,19.0,34.0,101.0,1,1,1.0
361,2,997.0,21.0,32.0,99.0,1,1,1.0
362,1,956.0,19.0,36.0,100.0,1,1,1.0
362,2,996.0,20.0,32.0,99.0,1,1,1.0
363,1,953.0,19.0,37.0,100.0,1,1,1.0
363,2,995.0,20.0,33.0,98.0,1,1,1.0
364,1,951.0,19.0,38.0,99.0,1,1,1.0
364,2,994.0,20.0,33.0,98.0,1,1,1.0
365,1,950.0,19.0,39.0,99.0,1,1,1.0
365,2,993.0,20.0,34.0,98.0,1,1,1.0
366,1,950.0,18.0,39.0,100.0,1,1,1.0
366,2,991.0,20.0,35.0,98.0,1,1,1.0
367,1,949.0,18.0,38.0,100.0,1,1,1.0
367,2,990.0,20.0,36.0,97.0,1,1,1.0
368,1,949.0,19.0,38.0,100.0,1,1,1.0
368,2,990.0,20.0,36.0,97.0,1,1,1.0
369,1,950.0,19.0,38.0,100.0,1,1,1.0
369,2,990.0,20.0,36.0,97.0,1,1,1.0
370,1,950.0,19.0,36.0,99.0,1,1,1.0
370,2,989.0,20.0,36.0,96.0,1,1,1.0
371,1,950.0,18.0,37.0,99.0,1,1,1.0
371,2,990.0,20.0,35.0,96.0,1,1,1.0
372,1,950.0,18.0,36.0,98.0,1,1,1.0
372,2,992.0,20.0,33.0,96.0,1,1,1.0
373,1,951.0,17.0,35.0,98.0,1,1,1.0
373,2,993.0,20.0,32.0,96.0,1,1,1.0
374,1,952.0,17.0,35.0,98.0,1,1,1.0
374,2,993.0,19.0,31.0,95.0,1,1,1.0
375,1,952.0,17.0,35.0,98.0,1,1,1.0
375,2,993.0,19.0,31.0,95.0,1,1,1.0
376,2,993.0,19.0,30.0,95.0,1,1,1.0
377,2,993.0,19.0,29.0,94.0,1,1,1.0
378,2,993.0,19.0,28.0,93.0,1,1,1.0
379,2,993.0,19.0,27.0,94.0,1,1,1.0
380,1,951.0,19.0,33.0,96.0,1,1,1.0
380,2,992.0,19.0,27.0,94.0,1,1,1.0
381,1,951.0,18.0,33.0,95.0,1,1,1.0
381,2,990.0,19.0,27.0,94.0,1,1,1.0
382,1,950.0,18.0,33.0,95.0,1,1,1.0
382,2,989.0,19.0,28.0,93.0,1,1,1.0
383,1,950.0,17.0,34.0,95.0,1,1,1.0
383,2,988.0,19.0,28.0,93.0,1,1,1.0
384,1,949.0,17.0,35.0,94.0,1,1,1.0
384,2,987.0,18.0,28.0,93.0,1,1,1.0
385,1,949.0,16.0,35.0,94.0,1,1,1.0
385,2,987.0,18.0,28.0,93.0,1,1,1.0
386,1,949.0,16.0,35.0,94.0,1,1,1.0
386,2,985.0,17.0,29.0,93.0,1,1,1.0
387,1,949.0,15.0,35.0,95.0,1,1,1.0
387,2,985.0,17.0,29.0,93.0,1,1,1.0
388,1,948.0,15.0,36.0,95.0,1,1,1.0
388,2,984.0,17.0,30.0,93.0,1,1,1.0
389,1,949.0,15.0,36.0,95.0,1,1,1.0
389,2,984.0,17.0,30.0,92.0,1,1,1.0
390,1,950.0,16.0,34.0,94.0,1,1,1.0
390,2,984.0,17.0,30.0,92.0,1,1,1.0
391,1,950.0,16.0,33.0,94.0,1,1,1.0
391,2,984.0,17.0,30.0,92.0,1,1,1.0
392,1,951.0,16.0,33.0,94.0,1,1,1.0
392,2,984.0,17.0,30.0,92.0,1,1,1.0
393,1,951.0,16.0,32.0,94.0,1,1,1.0
393,2,985.0,17.0,30.0,92.0,1,1,1.0
394,1,952.0,16.0,32.0,93.0,1,1,1.0
394,2,985.0,17.0,30.0,91.0,1,1,1.0
395,1,952.0,15.0,32.0,93.0,1,1,1.0
395,2,986.0,17.0,29.0,91.0,1,1,1.0
396,1,952.0,15.0,32.0,92.0,1,1,1.0
396,2,986.0,17.0,29.0,90.0,1,1,1.0
397,1,952.0,15.0,33.0,92.0,1,1,1.0
397,2,986.0,17.0,29.0,90.0,1,1,1.0
398,1,952.0,15.0,34.0,92.0,1,1,1.0
398,2,987.0,17.0,29.0,90.0,1,1,1.0
399,1,952.0,14.0,35.0,92.0,1,1,1.0
399,2,987.0,16.0,29.0,90.0,1,1,1.0
400,1,952.0,14.0,35.0,92.0,1,1,1.0
400,2,988.0,16.0,30.0,90.0,1,1,1.0
401,1,952.0,15.0,37.0,93.0,1,1,1.0
401,2,987.0,17.0,32.0,90.0,1,1,1.0
402,1,954.0,15.0,35.0,93.0,1,1,1.0
402,2,987.0,17.0,33.0,90.0,1,1,1.0
403,1,954.0,15.0,34.0,92.0,1,1,1.0
403,2,987.0,16.0,33.0,90.0,1,1,1.0
404,1,956.0,15.0,33.0,92.0,1,1,1.0
404,2,987.0,16.0,34.0,90.0,1,1,1.0
405,1,956.0,15.0,30.0,92.0,1,1,1.0
405,2,987.0,16.0,34.0,90.0,1,1,1.0
406,1,956.0,14.0,29.0,92.0,1,1,1.0
406,2,988.0,16.0,34.0,90.0,1,1,1.0
407,1,956.0,14.0,28.0,92.0,1,1,1.0
407,2,988.0,16.0,34.0,90.0,1,1,1.0
408,1,958.0,14.0,25.0,91.0,1,1,1.0
408,2,989.0,16.0,33.0,89.0,1,1,1.0
409,1,960.0,13.0,24.0,92.0,1,1,1.0
409,2,990.0,16.0,34.0,89.0,1,1,1.0
410,1,960.0,13.0,24.0,92.0,1,1,1.0
410,2,991.0,16.0,34.0,89.0,1,1,1.0
411,1,960.0,12.0,24.0,92.0,1,1,1.0
411,2,993.0,16.0,33.0,88.0,1,1,1.0
412,1,960.0,12.0,24.0,92.0,1,1,1.0
412,2,994.0,16.0,32.0,88.0,1,1,1.0
413,1,961.0,12.0,24.0,92.0,1,1,1.0
413,2,996.0,16.0,32.0,88.0,1,1,1.0
414,1,961.0,12.0,25.0,92.0,1,1,1.0
414,2,997.0,17.0,32.0,88.0,1,1,1.0
415,1,962.0,12.0,26.0,92.0,1,1,1.0
415,2,997.0,17.0,32.0,87.0,1,1,1.0
416,1,962.0,12.0,26.0,92.0,1,1,1.0
416,2,997.0,17.0,32.0,87.0,1,1,1.0
417,1,962.0,12.0,27.0,92.0,1,1,1.0
417,2,998.0,17.0,34.0,87.0,1,1,1.0
418,1,962.0,12.0,28.0,92.0,1,1,1.0
418,2,999.0,17.0,35.0,87.0,1,1,1.0
419,1,963.0,12.0,29.0,92.0,1,1,1.0
419,2,1001.0,17.0,34.0,87.0,1,1,1.0
420,1,966.0,12.0,28.0,92.0,1,1,1.0
420,2,1004.0,17.0,31.0,87.0,1,1,1.0
421,1,971.0,12.0,24.0,92.0,1,1,1.0
421,2,1009.0,17.0,27.0,87.0,1,1,1.0
422,1,973.0,13.0,24.0,92.0,1,1,1.0
422,2,1012.0,17.0,25.0,87.0,1,1,1.0
423,1,975.0,12.0,25.0,92.0,1,1,1.0
423,2,1015.0,17.0,24.0,88.0,1,1,1.0
424,1,976.0,12.0,26.0,92.0,1,1,1.0
424,2,1017.0,17.0,24.0,88.0,1,1,1.0
425,1,977.0,13.0,28.0,92.0,1,1,1.0
425,2,1018.0,17.0,25.0,88.0,1,1,1.0
426,1,976.0,13.0,32.0,91.0,1,1,1.0
426,2,1019.0,17.0,25.0,88.0,1,1,1.0
427,1,977.0,14.0,36.0,91.0,1,1,1.0
427,2,1021.0,17.0,24.0,87.0,1,1,1.0
428,1,977.0,14.0,39.0,91.0,1,1,1.0
428,2,1022.0,17.0,24.0,87.0,1,1,1.0
429,1,978.0,14.0,40.0,91.0,1,1,1.0
429,2,1023.0,17.0,27.0,88.0,1,1,1.0
430,1,978.0,15.0,43.0,90.0,1,1,1.0
430,2,1024.0,16.0,28.0,88.0,1,1,1.0
431,1,978.0,15.0,45.0,90.0,1,1,1.0
431,2,1026.0,16.0,30.0,89.0,1,1,1.0
432,1,980.0,15.0,43.0,88.0,1,1,1.0
432,2,1027.0,16.0,32.0,88.0,1,1,1.0
433,1,984.0,14.0,41.0,90.0,1,1,1.0
433,2,1029.0,16.0,34.0,89.0,1,1,1.0
434,1,989.0,14.0,38.0,90.0,1,1,1.0
434,2,1031.0,16.0,33.0,88.0,1,1,1.0
435,1,995.0,14.0,34.0,90.0,1,1,1.0
435,2,1032.0,16.0,34.0,88.0,1,1,1.0
436,1,1002.0,14.0,30.0,91.0,1,1,1.0
436,2,1032.0,17.0,36.0,88.0,1,1,1.0
437,1,1007.0,14.0,27.0,91.0,1,1,1.0
437,2,1033.0,17.0,37.0,88.0,1,1,1.0
438,1,1009.0,14.0,29.0,92.0,1,1,1.0
438,2,1033.0,17.0,37.0,88.0,1,1,1.0
439,1,1011.0,15.0,29.0,92.0,1,1,1.0
439,2,1032.0,17.0,39.0,89.0,1,1,1.0
440,1,1011.0,15.0,31.0,91.0,1,1,1.0
440,2,1033.0,17.0,40.0,90.0,1,1,1.0
441,1,1012.0,16.0,33.0,91.0,1,1,1.0
441,2,1037.0,18.0,36.0,91.0,1,1,1.0
442,1,1012.0,16.0,34.0,91.0,1,1,1.0
442,2,1041.0,17.0,32.0,91.0,1,1,1.0
443,1,1013.0,16.0,35.0,92.0,1,1,1.0
443,2,1046.0,17.0,28.0,91.0,1,1,1.0
444,1,1015.0,16.0,35.0,93.0,1,1,1.0
444,2,1049.0,17.0,26.0,92.0,1,1,1.0
445,1,1020.0,15.0,32.0,94.0,1,1,1.0
445,2,1051.0,17.0,25.0,91.0,1,1,1.0
446,1,1024.0,15.0,30.0,94.0,1,1,1.0
446,2,1054.0,17.0,26.0,91.0,1,1,1.0
447,1,1029.0,15.0,27.0,94.0,1,1,1.0
447,2,1056.0,17.0,29.0,92.0,1,1,1.0
448,1,1032.0,15.0,27.0,94.0,1,1,1.0
448,2,1056.0,17.0,33.0,91.0,1,1,1.0
449,1,1034.0,15.0,31.0,94.0,1,1,1.0
449,2,1057.0,18.0,38.0,91.0,1,1,1.0
450,1,1035.0,15.0,34.0,94.0,1,1,1.0
450,2,1059.0,18.0,39.0,91.0,1,1,1.0
451,1,1035.0,16.0,34.0,93.0,1,1,1.0
451,2,1062.0,18.0,38.0,92.0,1,1,1.0
452,1,1035.0,17.0,40.0,93.0,1,1,1.0
452,2,1064.0,18.0,36.0,92.0,1,1,1.0
453,1,1036.0,17.0,42.0,93.0,1,1,1.0
453,2,1067.0,18.0,33.0,92.0,1,1,1.0
454,1,1036.0,17.0,42.0,93.0,1,1,1.0
454,2,1071.0,18.0,29.0,93.0,1,1,1.0
455,1,1038.0,17.0,42.0,92.0,1,1,1.0
455,2,1073.0,18.0,27.0,93.0,1,1,1.0
456,1,1042.0,17.0,42.0,92.0,1,1,1.0
456,2,1076.0,18.0,26.0,93.0,1,1,1.0
457,1,1048.0,17.0,36.0,93.0,1,1,1.0
457,2,1078.0,18.0,27.0,93.0,1,1,1.0
458,1,1054.0,17.0,31.0,93.0,1,1,1.0
458,2,1081.0,19.0,27.0,93.0,1,1,1.0
459,2,1083.0,19.0,28.0,92.0,1,1,1.0
460,1,1063.0,18.0,27.0,94.0,1,1,1.0
460,2,1085.0,19.0,30.0,92.0,1,1,1.0
461,1,1066.0,18.0,28.0,92.0,1,1,1.0
461,2,1085.0,20.0,32.0,92.0,1,1,1.0
462,1,1068.0,18.0,29.0,93.0,1,1,1.0
462,2,1087.0,20.0,32.0,93.0,1,1,1.0
463,1,1068.0,19.0,31.0,92.0,1,1,1.0
463,2,1089.0,20.0,31.0,93.0,1,1,1.0
464,1,1069.0,19.0,33.0,92.0,1,1,1.0
464,2,1093.0,20.0,28.0,94.0,1,1,1.0
465,1,1070.0,19.0,34.0,92.0,1,1,1.0
465,2,1096.0,20.0,26.0,95.0,1,1,1.0
466,1,1075.0,19.0,31.0,93.0,1,1,1.0
466,2,1099.0,20.0,24.0,95.0,1,1,1.0
467,1,1079.0,19.0,29.0,93.0,1,1,1.0
467,2,1100.0,20.0,24.0,95.0,1,1,1.0
468,1,1084.0,19.0,27.0,95.0,1,1,1.0
470,2,1106.0,21.0,30.0,95.0,1,1,1.0
471,1,1090.0,20.0,29.0,96.0,1,1,1.0
471,2,1107.0,21.0,33.0,94.0,1,1,1.0
472,1,1091.0,20.0,31.0,96.0,1,1,1.0
472,2,1108.0,22.0,38.0,94.0,1,1,1.0
473,1,1092.0,20.0,34.0,97.0,1,1,1.0
473,2,1109.0,22.0,41.0,95.0,1,1,1.0
474,1,1093.0,21.0,36.0,96.0,1,1,1.0
474,2,1114.0,23.0,35.0,95.0,1,1,1.0
475,1,1093.0,21.0,36.0,96.0,1,1,1.0
475,2,1113.0,23.0,36.0,95.0,1,1,1.0
476,1,1094.0,21.0,36.0,96.0,1,1,1.0
476,2,1115.0,23.0,36.0,95.0,1,1,1.0
477,1,1096.0,21.0,36.0,97.0,1,1,1.0
477,2,1119.0,23.0,33.0,96.0,1,1,1.0
478,1,1101.0,21.0,33.0,97.0,1,1,1.0
479,1,1105.0,21.0,32.0,97.0,1,1,1.0
479,2,1128.0,23.0,29.0,96.0,1,1,1.0
480,1,1108.0,21.0,31.0,98.0,1,1,1.0
480,2,1132.0,23.0,29.0,96.0,1,1,1.0
481,2,1135.0,24.0,30.0,96.0,1,1,1.0
484,1,1113.0,23.0,31.0,97.0,1,1,1.0
484,2,1133.0,26.0,41.0,96.0,1,1,1.0
485,1,1115.0,24.0,31.0,96.0,1,1,1.0
485,2,1134.0,26.0,43.0,97.0,1,1,1.0
486,1,1117.0,24.0,31.0,98.0,1,1,1.0
486,2,1139.0,26.0,39.0,97.0,1,1,1.0
487,1,1119.0,24.0,30.0,99.0,1,1,1.0
487,2,1144.0,26.0,34.0,96.0,1,1,1.0
488,1,1122.0,23.0,30.0,101.0,1,1,1.0
488,2,1148.0,26.0,31.0,96.0,1,1,1.0
489,1,1124.0,23.0,29.0,102.0,1,1,1.0
489,2,1151.0,26.0,28.0,97.0,1,1,1.0
490,1,1127.0,23.0,29.0,102.0,1,1,1.0
490,2,1154.0,26.0,26.0,97.0,1,1,1.0
491,1,1129.0,23.0,30.0,102.0,1,1,1.0
491,2,1155.0,25.0,27.0,98.0,1,1,1.0
492,1,1130.0,23.0,30.0,101.0,1,1,1.0
492,2,1157.0,25.0,30.0,98.0,1,1,1.0
493,1,1130.0,23.0,32.0,101.0,1,1,1.0
493,2,1158.0,26.0,33.0,98.0,1,1,1.0
494,1,1130.0,24.0,40.0,102.0,1,1,1.0
494,2,1160.0,26.0,34.0,98.0,1,1,1.0
495,1,1130.0,24.0,45.0,101.0,1,1,1.0
495,2,1162.0,27.0,33.0,99.0,1,1,1.0
496,1,1130.0,25.0,47.0,101.0,1,1,1.0
496,2,1164.0,28.0,32.0,99.0,1,1,1.0
497,1,1131.0,26.0,48.0,100.0,1,1,1.0
497,2,1166.0,28.0,31.0,99.0,1,1,1.0
498,1,1134.0,26.0,46.0,100.0,1,1,1.0
498,2,1168.0,28.0,28.0,99.0,1,1,1.0
499,1,1137.0,26.0,45.0,100.0,1,1,1.0
499,2,1169.0,28.0,29.0,99.0,1,1,1.0
500,1,1141.0,26.0,40.0,99.0,1,1,1.0
500,2,1172.0,28.0,29.0,99.0,1,1,1.0
501,1,1148.0,26.0,35.0,98.0,1,1,1.0
501,2,1175.0,28.0,31.0,98.0,1,1,1.0
502,1,1155.0,26.0,31.0,100.0,1,1,1.0
502,2,1178.0,28.0,30.0,98.0,1,1,1.0
503,1,1159.0,26.0,29.0,101.0,1,1,1.0
503,2,1181.0,29.0,30.0,98.0,1,1,1.0
504,1,1161.0,26.0,30.0,101.0,1,1,1.0
504,2,1180.0,29.0,34.0,99.0,1,1,1.0
505,1,1161.0,27.0,32.0,101.0,1,1,1.0
505,2,1180.0,30.0,38.0,98.0,1,1,1.0
506,1,1162.0,28.0,33.0,101.0,1,1,1.0
506,2,1182.0,31.0,38.0,98.0,1,1,1.0
507,2,1184.0,31.0,39.0,99.0,1,1,1.0
508,1,1164.0,28.0,35.0,100.0,1,1,1.0
508,2,1186.0,32.0,38.0,100.0,1,1,1.0
509,1,1168.0,28.0,32.0,99.0,1,1,1.0
509,2,1186.0,32.0,38.0,101.0,1,1,1.0
510,1,1171.0,28.0,33.0,102.0,1,1,1.0
510,2,1190.0,31.0,34.0,100.0,1,1,1.0
511,1,1174.0,28.0,30.0,103.0,1,1,1.0
511,2,1196.0,31.0,30.0,100.0,1,1,1.0
512,1,1178.0,28.0,28.0,104.0,1,1,1.0
512,2,1200.0,31.0,27.0,100.0,1,1,1.0
513,1,1180.0,28.0,28.0,104.0,1,1,1.0
513,2,1203.0,31.0,27.0,101.0,1,1,1.0
514,1,1182.0,28.0,29.0,104.0,1,1,1.0
514,2,1205.0,31.0,28.0,100.0,1,1,1.0
515,1,1183.0,28.0,31.0,104.0,1,1,1.0
515,2,1207.0,31.0,30.0,101.0,1,1,1.0
516,1,1184.0,29.0,34.0,104.0,1,1,1.0
516,2,1209.0,32.0,35.0,102.0,1,1,1.0
517,1,1185.0,29.0,37.0,104.0,1,1,1.0
517,2,1210.0,33.0,42.0,101.0,1,1,1.0
518,1,1185.0,30.0,39.0,104.0,1,1,1.0
518,2,1213.0,34.0,43.0,101.0,1,1,1.0
519,1,1186.0,30.0,41.0,104.0,1,1,1.0
519,2,1214.0,34.0,44.0,101.0,1,1,1.0
520,1,1187.0,31.0,41.0,104.0,1,1,1.0
520,2,1215.0,35.0,43.0,101.0,1,1,1.0
521,1,1189.0,31.0,42.0,103.0,1,1,1.0
521,2,1219.0,35.0,41.0,101.0,1,1,1.0
522,1,1192.0,31.0,40.0,105.0,1,1,1.0
522,2,1221.0,34.0,39.0,103.0,1,1,1.0
523,1,1195.0,31.0,41.0,114.0,1,1,1.0
523,2,1226.0,34.0,34.0,103.0,1,1,1.0
524,2,1232.0,34.0,29.0,102.0,1,1,1.0
525,1,1205.0,30.0,34.0,113.0,1,1,1.0
525,2,1235.0,34.0,32.0,103.0,1,1,1.0
526,1,1208.0,31.0,34.0,118.0,1,1,1.0
526,2,1238.0,35.0,33.0,102.0,1,1,1.0
527,1,1211.0,31.0,34.0,119.0,1,1,1.0
527,2,1240.0,36.0,35.0,103.0,1,1,1.0
528,1,1213.0,32.0,35.0,118.0,1,1,1.0
528,2,1241.0,36.0,32.0,102.0,1,1,1.0
529,1,1214.0,33.0,34.0,117.0,1,1,1.0
529,2,1237.0,37.0,39.0,103.0,1,1,1.0
530,1,1215.0,34.0,34.0,116.0,1,1,1.0
530,2,1241.0,37.0,41.0,103.0,1,1,1.0
531,1,1217.0,35.0,34.0,111.0,1,1,1.0
531,2,1245.0,38.0,38.0,103.0,1,1,1.0
532,1,1219.0,35.0,34.0,110.0,1,1,1.0
532,2,1248.0,38.0,36.0,104.0,1,1,1.0
533,1,1221.0,35.0,34.0,109.0,1,1,1.0
533,2,1250.0,37.0,36.0,105.0,1,1,1.0
534,1,1223.0,34.0,33.0,108.0,1,1,1.0
534,2,1252.0,36.0,36.0,106.0,1,1,1.0
535,1,1225.0,34.0,33.0,108.0,1,1,1.0
535,2,1254.0,36.0,36.0,106.0,1,1,1.0
536,1,1228.0,34.0,32.0,108.0,1,1,1.0
536,2,1256.0,36.0,35.0,106.0,1,1,1.0
537,1,1230.0,34.0,33.0,108.0,1,1,1.0
537,2,1257.0,36.0,34.0,106.0,1,1,1.0
538,1,1233.0,35.0,34.0,108.0,1,1,1.0
538,2,1258.0,37.0,33.0,106.0,1,1,1.0
539,1,1235.0,36.0,35.0,108.0,1,1,1.0
539,2,1258.0,39.0,34.0,105.0,1,1,1.0
540,1,1236.0,36.0,38.0,108.0,1,1,1.0
540,2,1260.0,41.0,34.0,105.0,1,1,1.0
541,1,1237.0,37.0,41.0,108.0,1,1,1.0
542,1,1238.0,36.0,42.0,109.0,1,1,1.0
543,1,1239.0,36.0,43.0,110.0,1,1,1.0
544,1,1241.0,37.0,42.0,110.0,1,1,1.0
551,1,1257.0,42.0,43.0,109.0,1,1,1.0
552,1,1259.0,42.0,47.0,109.0,1,1,1.0
553,1,1259.0,42.0,49.0,110.0,1,1,1.0
554,1,1261.0,43.0,48.0,110.0,1,1,1.0
555,1,1266.0,42.0,46.0,112.0,1,1,1.0
556,1,1270.0,42.0,43.0,113.0,1,1,1.0
557,1,1274.0,42.0,40.0,113.0,1,1,1.0
558,1,1276.0,42.0,38.0,113.0,1,1,1.0
559,1,1278.0,41.0,37.0,114.0,1,1,1.0
560,1,1280.0,42.0,36.0,113.0,1,1,1.0
561,1,1282.0,43.0,39.0,113.0,1,1,1.0
562,1,1283.0,43.0,40.0,113.0,1,1,1.0
563,1,1284.0,44.0,43.0,113.0,1,1,1.0
564,1,1285.0,44.0,48.0,113.0,1,1,1.0
565,1,1285.0,45.0,50.0,114.0,1,1,1.0
566,1,1286.0,45.0,52.0,114.0,1,1,1.0
567,1,1286.0,45.0,52.0,115.0,1,1,1.0
568,1,1289.0,45.0,49.0,115.0,1,1,1.0
569,1,1293.0,45.0,47.0,115.0,1,1,1.0
570,1,1298.0,46.0,46.0,115.0,1,1,1.0
571,1,1304.0,46.0,45.0,114.0,1,1,1.0
572,1,1307.0,46.0,45.0,114.0,1,1,1.0
573,1,1310.0,47.0,43.0,115.0,1,1,1.0
574,1,1313.0,48.0,41.0,115.0,1,1,1.0
575,1,1315.0,49.0,41.0,114.0,1,1,1.0
576,1,1316.0,50.0,44.0,113.0,1,1,1.0
577,1,1317.0,50.0,49.0,114.0,1,1,1.0
578,1,1319.0,51.0,50.0,115.0,1,1,1.0
579,1,1319.0,51.0,49.0,116.0,1,1,1.0
580,1,1326.0,51.0,42.0,116.0,1,1,1.0
581,1,1332.0,53.0,38.0,114.0,1,1,1.0
582,1,1335.0,52.0,38.0,115.0,1,1,1.0
583,1,1338.0,52.0,38.0,115.0,1,1,1.0
584,1,1340.0,52.0,40.0,116.0,1,1,1.0
585,1,1341.0,51.0,45.0,117.0,1,1,1.0
591,1,1351.0,54.0,40.0,118.0,1,1,1.0
592,1,1351.0,55.0,42.0,116.0,1,1,1.0
593,1,1353.0,55.0,41.0,116.0,1,1,1.0
594,1,1355.0,55.0,39.0,117.0,1,1,1.0
595,1,1357.0,55.0,39.0,117.0,1,1,1.0
596,1,1358.0,55.0,39.0,117.0,1,1,1.0
597,4,1388.0,56.0,29.0,112.0,1,1,1.0
597,1,1359.0,55.0,41.0,118.0,1,1,1.0
598,4,1390.0,56.0,28.0,116.0,1,1,1.0
598,1,1359.0,55.0,41.0,119.0,1,1,1.0
599,4,1390.0,56.0,29.0,118.0,1,1,1.0
599,1,1361.0,55.0,40.0,120.0,1,1,1.0
600,4,1390.0,58.0,31.0,116.0,1,1,1.0
600,1,1362.0,55.0,39.0,120.0,1,1,1.0
601,4,1391.0,60.0,31.0,116.0,1,1,1.0
601,1,1362.0,56.0,39.0,120.0,1,1,1.0
602,4,1394.0,60.0,31.0,116.0,1,1,1.0
602,1,1362.0,57.0,38.0,120.0,1,1,1.0
603,4,1394.0,60.0,36.0,117.0,1,1,1.0
603,1,1362.0,58.0,38.0,120.0,1,1,1.0
604,4,1395.0,60.0,37.0,117.0,1,1,1.0
604,1,1362.0,58.0,38.0,120.0,1,1,1.0
605,4,1395.0,60.0,37.0,117.0,1,1,1.0
605,1,1361.0,58.0,38.0,120.0,1,1,1.0
606,4,1396.0,60.0,36.0,119.0,1,1,1.0
606,1,1360.0,57.0,37.0,120.0,1,1,1.0
607,4,1395.0,59.0,37.0,120.0,1,1,1.0
607,1,1359.0,57.0,38.0,121.0,1,1,1.0
608,4,1395.0,59.0,38.0,122.0,1,1,1.0
608,1,1358.0,57.0,38.0,121.0,1,1,1.0
609,4,1395.0,60.0,39.0,122.0,1,1,1.0
609,1,1357.0,57.0,38.0,121.0,1,1,1.0
610,4,1396.0,61.0,39.0,122.0,1,1,1.0
610,1,1357.0,57.0,39.0,122.0,1,1,1.0
611,4,1397.0,63.0,40.0,121.0,1,1,1.0
611,1,1357.0,57.0,40.0,124.0,1,1,1.0
612,4,1398.0,64.0,42.0,120.0,1,1,1.0
612,1,1356.0,57.0,40.0,124.0,1,1,1.0
613,4,1397.0,65.0,43.0,119.0,1,1,1.0
613,1,1356.0,58.0,41.0,125.0,1,1,1.0
614,4,1397.0,66.0,45.0,119.0,1,1,1.0
614,1,1355.0,58.0,42.0,124.0,1,1,1.0
615,4,1397.0,66.0,45.0,119.0,1,1,1.0
615,1,1354.0,59.0,43.0,124.0,1,1,1.0
616,4,1398.0,65.0,45.0,119.0,1,1,1.0
616,1,1352.0,59.0,45.0,125.0,1,1,1.0
617,4,1398.0,65.0,44.0,120.0,1,1,1.0
617,1,1351.0,59.0,45.0,125.0,1,1,1.0
618,4,1398.0,65.0,43.0,120.0,1,1,1.0
618,1,1350.0,58.0,45.0,126.0,1,1,1.0
619,4,1397.0,65.0,44.0,120.0,1,1,1.0
619,1,1348.0,58.0,45.0,126.0,1,1,1.0
620,4,1394.0,64.0,43.0,121.0,1,1,1.0
620,1,1348.0,58.0,45.0,125.0,1,1,1.0
621,4,1389.0,65.0,44.0,121.0,1,1,1.0
621,1,1347.0,58.0,43.0,125.0,1,1,1.0
622,4,1387.0,66.0,44.0,121.0,1,1,1.0
622,1,1345.0,58.0,42.0,126.0,1,1,1.0
623,4,1386.0,65.0,44.0,122.0,1,1,1.0
623,1,1340.0,57.0,45.0,126.0,1,1,1.0
624,4,1385.0,65.0,43.0,123.0,1,1,1.0
624,1,1335.0,58.0,47.0,126.0,1,1,1.0
625,4,1384.0,65.0,41.0,123.0,1,1,1.0
625,1,1333.0,58.0,47.0,126.0,1,1,1.0
626,4,1383.0,65.0,38.0,123.0,1,1,1.0
626,1,1332.0,59.0,47.0,125.0,1,1,1.0
627,4,1380.0,65.0,38.0,123.0,1,1,1.0
627,1,1331.0,59.0,47.0,124.0,1,1,1.0
628,4,1377.0,65.0,39.0,123.0,1,1,1.0
628,1,1330.0,58.0,48.0,125.0,1,1,1.0
629,4,1374.0,65.0,40.0,124.0,1,1,1.0
629,1,1327.0,56.0,48.0,127.0,1,1,1.0
630,4,1373.0,66.0,40.0,125.0,1,1,1.0
630,1,1324.0,55.0,46.0,128.0,1,1,1.0
631,4,1370.0,66.0,43.0,125.0,1,1,1.0
631,1,1322.0,55.0,45.0,129.0,1,1,1.0
632,4,1368.0,67.0,45.0,124.0,1,1,1.0
632,1,1320.0,55.0,45.0,129.0,1,1,1.0
633,4,1366.0,67.0,46.0,126.0,1,1,1.0
633,1,1319.0,55.0,44.0,130.0,1,1,1.0
634,4,1364.0,68.0,47.0,126.0,1,1,1.0
634,1,1318.0,56.0,44.0,132.0,1,1,1.0
635,4,1363.0,68.0,44.0,126.0,1,1,1.0
635,1,1317.0,57.0,44.0,131.0,1,1,1.0
636,4,1363.0,67.0,40.0,127.0,1,1,1.0
636,1,1316.0,58.0,44.0,131.0,1,1,1.0
637,4,1362.0,66.0,37.0,128.0,1,1,1.0
637,1,1314.0,59.0,45.0,131.0,1,1,1.0
638,4,1359.0,65.0,38.0,128.0,1,1,1.0
638,1,1312.0,60.0,46.0,130.0,1,1,1.0
639,4,1355.0,65.0,40.0,129.0,1,1,1.0
639,1,1311.0,60.0,46.0,130.0,1,1,1.0
640,4,1348.0,65.0,44.0,128.0,1,1,1.0
640,1,1309.0,60.0,47.0,130.0,1,1,1.0
641,4,1345.0,66.0,45.0,128.0,1,1,1.0
641,1,1309.0,59.0,46.0,131.0,1,1,1.0
642,4,1340.0,66.0,48.0,128.0,1,1,1.0
642,1,1307.0,58.0,47.0,132.0,1,1,1.0
643,4,1336.0,67.0,50.0,128.0,1,1,1.0
643,1,1306.0,58.0,47.0,131.0,1,1,1.0
644,4,1331.0,67.0,53.0,128.0,1,1,1.0
644,1,1304.0,58.0,45.0,132.0,1,1,1.0
645,4,1329.0,67.0,54.0,128.0,1,1,1.0
645,1,1302.0,59.0,43.0,132.0,1,1,1.0
646,4,1327.0,66.0,53.0,129.0,1,1,1.0
646,1,1299.0,59.0,43.0,131.0,1,1,1.0
647,4,1327.0,66.0,49.0,129.0,1,1,1.0
647,1,1295.0,61.0,44.0,130.0,1,1,1.0
648,4,1326.0,66.0,44.0,129.0,1,1,1.0
648,1,1294.0,61.0,43.0,130.0,1,1,1.0
649,4,1326.0,66.0,40.0,130.0,1,1,1.0
649,1,1293.0,61.0,42.0,131.0,1,1,1.0
650,4,1324.0,66.0,41.0,130.0,1,1,1.0
650,1,1290.0,59.0,42.0,132.0,1,1,1.0
651,4,1319.0,66.0,43.0,131.0,1,1,1.0
651,1,1287.0,58.0,43.0,135.0,1,1,1.0
652,4,1315.0,66.0,46.0,132.0,1,1,1.0
652,1,1284.0,58.0,41.0,134.0,1,1,1.0
653,4,1310.0,66.0,47.0,133.0,1,1,1.0
653,1,1280.0,57.0,41.0,134.0,1,1,1.0
654,4,1307.0,67.0,47.0,133.0,1,1,1.0
654,1,1275.0,57.0,44.0,138.0,1,1,1.0
655,4,1303.0,67.0,47.0,133.0,1,1,1.0
655,1,1271.0,57.0,44.0,136.0,1,1,1.0
656,4,1301.0,67.0,46.0,134.0,1,1,1.0
656,1,1268.0,58.0,44.0,129.0,1,1,1.0
657,4,1300.0,67.0,42.0,134.0,1,1,1.0
657,1,1265.0,58.0,44.0,132.0,1,1,1.0
658,4,1299.0,66.0,40.0,134.0,1,1,1.0
658,1,1263.0,58.0,44.0,134.0,1,1,1.0
659,4,1295.0,65.0,40.0,135.0,1,1,1.0
659,1,1261.0,59.0,43.0,137.0,1,1,1.0
660,4,1293.0,65.0,39.0,136.0,1,1,1.0
660,1,1260.0,59.0,40.0,137.0,1,1,1.0
661,4,1291.0,65.0,40.0,136.0,1,1,1.0
661,1,1258.0,59.0,40.0,136.0,1,1,1.0
662,4,1287.0,65.0,41.0,136.0,1,1,1.0
662,1,1256.0,58.0,40.0,138.0,1,1,1.0
663,4,1277.0,65.0,49.0,136.0,1,1,1.0
663,1,1254.0,58.0,41.0,138.0,1,1,1.0
664,4,1275.0,66.0,47.0,135.0,1,1,1.0
664,1,1252.0,58.0,41.0,139.0,1,1,1.0
665,4,1272.0,66.0,47.0,135.0,1,1,1.0
665,1,1247.0,58.0,42.0,138.0,1,1,1.0
666,4,1272.0,66.0,45.0,135.0,1,1,1.0
666,1,1237.0,58.0,49.0,139.0,1,1,1.0
667,4,1268.0,66.0,48.0,137.0,1,1,1.0
667,1,1231.0,59.0,52.0,140.0,1,1,1.0
668,4,1267.0,66.0,47.0,137.0,1,1,1.0
668,1,1228.0,59.0,54.0,143.0,1,1,1.0
669,4,1265.0,66.0,46.0,138.0,1,1,1.0
669,1,1227.0,59.0,55.0,144.0,1,1,1.0
670,4,1263.0,65.0,41.0,136.0,1,1,1.0
670,1,1226.0,59.0,54.0,144.0,1,1,1.0
671,4,1262.0,64.0,38.0,135.0,1,1,1.0
671,1,1226.0,58.0,55.0,145.0,1,1,1.0
672,4,1259.0,62.0,37.0,141.0,1,1,1.0
672,1,1220.0,58.0,49.0,144.0,1,1,1.0
673,4,1255.0,62.0,37.0,143.0,1,1,1.0
673,1,1216.0,57.0,46.0,143.0,1,1,1.0
674,4,1249.0,63.0,41.0,144.0,1,1,1.0
674,1,1211.0,57.0,46.0,143.0,1,1,1.0
675,4,1245.0,64.0,45.0,142.0,1,1,1.0
675,1,1205.0,58.0,50.0,144.0,1,1,1.0
676,4,1244.0,66.0,42.0,140.0,1,1,1.0
676,1,1200.0,58.0,52.0,145.0,1,1,1.0
677,4,1238.0,66.0,49.0,141.0,1,1,1.0
677,1,1196.0,59.0,53.0,145.0,1,1,1.0
678,4,1235.0,66.0,48.0,142.0,1,1,1.0
678,1,1193.0,59.0,54.0,145.0,1,1,1.0
679,4,1233.0,67.0,46.0,143.0,1,1,1.0
679,1,1191.0,59.0,53.0,146.0,1,1,1.0
680,4,1232.0,66.0,41.0,144.0,1,1,1.0
680,1,1190.0,59.0,50.0,146.0,1,1,1.0
681,4,1230.0,65.0,39.0,144.0,1,1,1.0
681,1,1190.0,59.0,47.0,147.0,1,1,1.0
682,4,1225.0,64.0,41.0,146.0,1,1,1.0
682,1,1189.0,58.0,46.0,147.0,1,1,1.0
683,4,1222.0,64.0,41.0,146.0,1,1,1.0
683,1,1187.0,57.0,46.0,148.0,1,1,1.0
684,4,1215.0,64.0,45.0,146.0,1,1,1.0
684,1,1185.0,57.0,45.0,149.0,1,1,1.0
685,4,1206.0,65.0,52.0,146.0,1,1,1.0
685,1,1181.0,58.0,43.0,147.0,1,1,1.0
686,4,1201.0,65.0,53.0,146.0,1,1,1.0
686,1,1172.0,58.0,47.0,148.0,1,1,1.0
687,4,1194.0,66.0,57.0,146.0,1,1,1.0
687,1,1161.0,59.0,55.0,148.0,1,1,1.0
688,4,1187.0,66.0,62.0,146.0,1,1,1.0
688,1,1156.0,60.0,58.0,149.0,1,1,1.0
689,4,1184.0,66.0,65.0,147.0,1,1,1.0
689,1,1153.0,60.0,60.0,149.0,1,1,1.0
690,4,1182.0,66.0,65.0,148.0,1,1,1.0
690,1,1151.0,60.0,61.0,149.0,1,1,1.0
691,4,1182.0,65.0,63.0,149.0,1,1,1.0
691,1,1151.0,60.0,55.0,149.0,1,1,1.0
692,4,1181.0,64.0,56.0,150.0,1,1,1.0
692,1,1151.0,59.0,46.0,149.0,1,1,1.0
693,4,1180.0,63.0,49.0,151.0,1,1,1.0
693,1,1151.0,58.0,42.0,149.0,1,1,1.0
694,4,1177.0,62.0,46.0,152.0,1,1,1.0
694,1,1149.0,58.0,41.0,150.0,1,1,1.0
695,4,1175.0,62.0,42.0,153.0,1,1,1.0
695,1,1144.0,58.0,41.0,151.0,1,1,1.0
696,4,1172.0,62.0,42.0,154.0,1,1,1.0
696,1,1137.0,59.0,46.0,152.0,1,1,1.0
697,4,1166.0,62.0,44.0,156.0,1,1,1.0
697,1,1130.0,60.0,49.0,153.0,1,1,1.0
698,4,1158.0,63.0,49.0,154.0,1,1,1.0
698,1,1124.0,61.0,51.0,153.0,1,1,1.0
699,4,1156.0,64.0,48.0,154.0,1,1,1.0
699,1,1120.0,62.0,52.0,153.0,1,1,1.0
700,4,1153.0,64.0,50.0,156.0,1,1,1.0
700,1,1118.0,62.0,51.0,153.0,1,1,1.0
701,4,1151.0,64.0,50.0,157.0,1,1,1.0
701,1,1116.0,62.0,49.0,153.0,1,1,1.0
702,4,1150.0,64.0,47.0,157.0,1,1,1.0
702,1,1115.0,62.0,45.0,153.0,1,1,1.0
703,4,1150.0,64.0,42.0,158.0,1,1,1.0
703,1,1114.0,61.0,42.0,154.0,1,1,1.0
704,4,1145.0,63.0,42.0,158.0,1,1,1.0
704,1,1113.0,61.0,39.0,154.0,1,1,1.0
706,4,1133.0,63.0,46.0,158.0,1,1,1.0
706,1,1105.0,61.0,41.0,153.0,1,1,1.0
707,4,1125.0,64.0,51.0,157.0,1,1,1.0
707,1,1096.0,61.0,46.0,154.0,1,1,1.0
708,4,1115.0,64.0,59.0,157.0,1,1,1.0
708,1,1085.0,62.0,57.0,156.0,1,1,1.0
709,4,1111.0,65.0,61.0,156.0,1,1,1.0
709,1,1076.0,62.0,64.0,156.0,1,1,1.0
710,4,1104.0,66.0,68.0,156.0,1,1,1.0
710,1,1072.0,63.0,68.0,155.0,1,1,1.0
711,4,1098.0,66.0,72.0,156.0,1,1,1.0
711,1,1068.0,63.0,70.0,155.0,1,1,1.0
712,4,1095.0,66.0,74.0,158.0,1,1,1.0
712,1,1067.0,62.0,70.0,156.0,1,1,1.0
713,4,1094.0,66.0,71.0,159.0,1,1,1.0
713,1,1067.0,62.0,63.0,157.0,1,1,1.0
714,4,1094.0,65.0,65.0,160.0,1,1,1.0
714,1,1067.0,61.0,55.0,157.0,1,1,1.0
715,4,1094.0,65.0,56.0,160.0,1,1,1.0
715,1,1063.0,62.0,51.0,156.0,1,1,1.0
716,4,1094.0,65.0,46.0,160.0,1,1,1.0
716,1,1058.0,62.0,48.0,156.0,1,1,1.0
717,4,1093.0,65.0,42.0,161.0,1,1,1.0
717,1,1052.0,63.0,50.0,157.0,1,1,1.0
718,4,1086.0,65.0,45.0,162.0,1,1,1.0
718,1,1045.0,63.0,55.0,159.0,1,1,1.0
719,4,1081.0,66.0,47.0,163.0,1,1,1.0
719,1,1039.0,63.0,56.0,160.0,1,1,1.0
720,4,1074.0,67.0,49.0,163.0,1,1,1.0
720,1,1035.0,64.0,57.0,161.0,1,1,1.0
721,4,1069.0,68.0,52.0,163.0,1,1,1.0
721,1,1032.0,65.0,56.0,160.0,1,1,1.0
722,4,1065.0,68.0,54.0,164.0,1,1,1.0
722,1,1030.0,65.0,56.0,161.0,1,1,1.0
723,4,1063.0,68.0,55.0,165.0,1,1,1.0
723,1,1029.0,65.0,52.0,162.0,1,1,1.0
724,4,1061.0,68.0,53.0,166.0,1,1,1.0
724,1,1029.0,64.0,48.0,163.0,1,1,1.0
725,4,1060.0,67.0,50.0,168.0,1,1,1.0
725,1,1029.0,64.0,43.0,163.0,1,1,1.0
726,4,1057.0,66.0,47.0,169.0,1,1,1.0
726,1,1026.0,65.0,40.0,162.0,1,1,1.0
727,4,1053.0,65.0,47.0,169.0,1,1,1.0
727,1,1020.0,65.0,42.0,162.0,1,1,1.0
728,4,1038.0,65.0,59.0,169.0,1,1,1.0
728,1,1015.0,65.0,53.0,162.0,1,1,1.0
729,4,1037.0,65.0,56.0,169.0,1,1,1.0
729,1,1010.0,65.0,52.0,163.0,1,1,1.0
730,4,1030.0,65.0,60.0,170.0,1,1,1.0
730,1,1001.0,65.0,52.0,163.0,1,1,1.0
731,4,1028.0,66.0,60.0,169.0,1,1,1.0
731,1,988.0,65.0,63.0,164.0,1,1,1.0
732,4,1022.0,67.0,64.0,169.0,1,1,1.0
732,1,980.0,66.0,70.0,165.0,1,1,1.0
733,4,1015.0,68.0,69.0,168.0,1,1,1.0
733,1,982.0,66.0,66.0,166.0,1,1,1.0
734,4,1008.0,70.0,75.0,169.0,1,1,1.0
734,1,977.0,66.0,71.0,167.0,1,1,1.0
735,4,1005.0,70.0,77.0,171.0,1,1,1.0
735,1,975.0,67.0,72.0,167.0,1,1,1.0
736,4,1004.0,70.0,74.0,171.0,1,1,1.0
736,1,973.0,67.0,69.0,169.0,1,1,1.0
737,4,1003.0,71.0,68.0,171.0,1,1,1.0
737,1,973.0,67.0,62.0,170.0,1,1,1.0
738,4,1002.0,70.0,60.0,172.0,1,1,1.0
738,1,968.0,67.0,55.0,169.0,1,1,1.0
739,4,1001.0,70.0,51.0,172.0,1,1,1.0
739,1,961.0,67.0,53.0,168.0,1,1,1.0
740,4,993.0,71.0,52.0,173.0,1,1,1.0
740,1,953.0,67.0,55.0,168.0,1,1,1.0
741,4,990.0,71.0,53.0,175.0,1,1,1.0
741,1,947.0,67.0,56.0,170.0,1,1,1.0
742,4,985.0,72.0,58.0,176.0,1,1,1.0
743,4,976.0,73.0,65.0,174.0,1,1,1.0
743,1,937.0,69.0,59.0,174.0,1,1,1.0
744,4,967.0,75.0,70.0,174.0,1,1,1.0
744,1,933.0,70.0,62.0,176.0,1,1,1.0
745,4,964.0,76.0,70.0,176.0,1,1,1.0
745,1,930.0,72.0,63.0,176.0,1,1,1.0
746,4,960.0,77.0,70.0,177.0,1,1,1.0
746,1,927.0,73.0,64.0,176.0,1,1,1.0
747,4,959.0,78.0,68.0,177.0,1,1,1.0
747,1,926.0,72.0,57.0,177.0,1,1,1.0
748,4,955.0,78.0,66.0,177.0,1,1,1.0
748,1,926.0,72.0,49.0,177.0,1,1,1.0
752,4,937.0,80.0,55.0,175.0,1,1,1.0
752,1,906.0,71.0,49.0,177.0,1,1,1.0
753,4,930.0,81.0,57.0,175.0,1,1,1.0
753,1,896.0,71.0,55.0,180.0,1,1,1.0
754,4,919.0,81.0,65.0,179.0,1,1,1.0
754,1,882.0,71.0,68.0,182.0,1,1,1.0
755,4,916.0,83.0,66.0,177.0,1,1,1.0
755,1,870.0,72.0,80.0,184.0,1,1,1.0
756,4,906.0,86.0,76.0,177.0,1,1,1.0
756,1,864.0,74.0,86.0,183.0,1,1,1.0
757,4,902.0,87.0,79.0,178.0,1,1,1.0
757,1,861.0,75.0,88.0,183.0,1,1,1.0
758,4,900.0,87.0,81.0,179.0,1,1,1.0
758,1,861.0,75.0,85.0,185.0,1,1,1.0
759,4,899.0,87.0,77.0,179.0,1,1,1.0
759,1,861.0,76.0,78.0,185.0,1,1,1.0
760,4,898.0,87.0,69.0,179.0,1,1,1.0
761,4,895.0,87.0,62.0,180.0,1,1,1.0
761,1,854.0,75.0,61.0,186.0,1,1,1.0
762,4,892.0,87.0,54.0,180.0,1,1,1.0
762,1,853.0,75.0,51.0,185.0,1,1,1.0
763,4,887.0,87.0,53.0,182.0,1,1,1.0
763,1,847.0,75.0,48.0,188.0,1,1,1.0
764,4,882.0,89.0,54.0,184.0,1,1,1.0
765,4,872.0,90.0,60.0,188.0,1,1,1.0
765,1,831.0,77.0,59.0,192.0,1,1,1.0
766,4,861.0,91.0,66.0,188.0,1,1,1.0
766,1,823.0,79.0,65.0,192.0,1,1,1.0
767,4,853.0,92.0,72.0,187.0,1,1,1.0
767,1,816.0,81.0,72.0,192.0,1,1,1.0
768,4,848.0,93.0,76.0,189.0,1,1,1.0
768,1,814.0,82.0,75.0,193.0,1,1,1.0
769,4,846.0,94.0,74.0,190.0,1,1,1.0
769,1,811.0,82.0,66.0,193.0,1,1,1.0
770,4,844.0,94.0,66.0,191.0,1,1,1.0
770,1,810.0,82.0,56.0,193.0,1,1,1.0
771,4,841.0,94.0,57.0,191.0,1,1,1.0
773,4,819.0,93.0,61.0,191.0,1,1,1.0
773,1,794.0,82.0,66.0,193.0,1,1,1.0
774,4,809.0,93.0,67.0,191.0,1,1,1.0
774,1,787.0,83.0,57.0,191.0,1,1,1.0
775,4,803.0,94.0,71.0,192.0,1,1,1.0
775,1,781.0,84.0,57.0,193.0,1,1,1.0
776,4,789.0,96.0,84.0,194.0,1,1,1.0
776,1,769.0,85.0,67.0,193.0,1,1,1.0
777,4,785.0,97.0,88.0,193.0,1,1,1.0
777,1,752.0,87.0,85.0,195.0,1,1,1.0
778,4,776.0,98.0,97.0,194.0,1,1,1.0
778,1,745.0,89.0,92.0,194.0,1,1,1.0
779,4,771.0,98.0,99.0,197.0,1,1,1.0
780,4,769.0,98.0,94.0,197.0,1,1,1.0
782,4,764.0,98.0,74.0,199.0,1,1,1.0
784,4,745.0,99.0,66.0,200.0,1,1,1.0
784,1,713.0,90.0,62.0,196.0,1,1,1.0
785,4,737.0,100.0,69.0,203.0,1,1,1.0
785,1,701.0,90.0,66.0,199.0,1,1,1.0
786,4,727.0,101.0,78.0,203.0,1,1,1.0
786,1,691.0,91.0,67.0,203.0,1,1,1.0
787,4,718.0,103.0,85.0,203.0,1,1,1.0
787,1,681.0,92.0,82.0,201.0,1,1,1.0
788,4,710.0,105.0,90.0,204.0,1,1,1.0
789,4,706.0,107.0,92.0,205.0,1,1,1.0
790,4,700.0,108.0,91.0,205.0,1,1,1.0
791,4,697.0,109.0,83.0,205.0,1,1,1.0
792,4,689.0,109.0,76.0,205.0,1,1,1.0
794,4,679.0,110.0,64.0,203.0,1,1,1.0
795,4,672.0,111.0,68.0,203.0,1,1,1.0
799,4,628.0,110.0,104.0,213.0,1,1,1.0
