62,1,1425.0,985.0,110.0,94.0,1,1,1.0
63,1,1415.0,975.0,119.0,104.0,1,1,1.0
64,1,1398.0,962.0,134.0,116.0,1,1,1.0
65,1,1384.0,950.0,147.0,129.0,1,1,1.0
66,1,1372.0,938.0,154.0,140.0,1,1,1.0
67,1,1368.0,927.0,153.0,151.0,1,1,1.0
68,1,1368.0,918.0,148.0,160.0,1,1,1.0
69,1,1368.0,910.0,142.0,169.0,1,1,1.0
70,1,1362.0,901.0,141.0,177.0,1,1,1.0
71,1,1357.0,895.0,141.0,184.0,1,1,1.0
72,1,1348.0,888.0,142.0,190.0,1,1,1.0
73,1,1337.0,881.0,145.0,198.0,1,1,1.0
74,1,1325.0,873.0,147.0,206.0,1,1,1.0
75,1,1310.0,863.0,154.0,215.0,1,1,1.0
76,1,1292.0,854.0,166.0,225.0,1,1,1.0
77,1,1291.0,845.0,162.0,234.0,1,1,1.0
78,1,1288.0,836.0,160.0,242.0,1,1,1.0
79,1,1274.0,828.0,169.0,251.0,1,1,1.0
80,1,1262.0,820.0,178.0,259.0,1,1,1.0
81,1,1257.0,813.0,179.0,265.0,1,1,1.0
82,1,1253.0,808.0,179.0,271.0,1,1,1.0
83,1,1250.0,802.0,178.0,277.0,1,1,1.0
84,1,1249.0,795.0,174.0,283.0,1,1,1.0
85,1,1250.0,787.0,169.0,292.0,1,1,1.0
86,1,1252.0,777.0,164.0,301.0,1,1,1.0
87,1,1254.0,769.0,158.0,309.0,1,1,1.0
88,1,1257.0,761.0,153.0,318.0,1,1,1.0
89,1,1260.0,753.0,148.0,325.0,1,1,1.0
90,1,1260.0,747.0,147.0,331.0,1,1,1.0
91,1,1256.0,742.0,147.0,336.0,1,1,1.0
92,1,1249.0,737.0,150.0,341.0,1,1,1.0
93,1,1246.0,732.0,148.0,345.0,1,1,1.0
94,1,1244.0,728.0,143.0,350.0,1,1,1.0
95,1,1239.0,722.0,141.0,356.0,1,1,1.0
96,1,1237.0,716.0,137.0,361.0,1,1,1.0
97,1,1234.0,708.0,135.0,368.0,1,1,1.0
98,1,1230.0,700.0,134.0,364.0,1,1,1.0
99,1,1222.0,693.0,139.0,344.0,1,1,1.0
100,1,1215.0,687.0,144.0,339.0,1,1,1.0
101,1,1211.0,681.0,144.0,340.0,1,1,1.0
102,1,1208.0,677.0,144.0,343.0,1,1,1.0
103,1,1208.0,674.0,142.0,346.0,1,1,1.0
104,1,1207.0,670.0,141.0,347.0,1,1,1.0
105,1,1207.0,666.0,139.0,348.0,1,1,1.0
106,1,1207.0,660.0,137.0,346.0,1,1,1.0
107,1,1207.0,653.0,134.0,342.0,1,1,1.0
108,1,1208.0,646.0,130.0,331.0,1,1,1.0
109,1,1209.0,640.0,127.0,326.0,1,1,1.0
110,1,1209.0,634.0,125.0,319.0,1,1,1.0
111,1,1209.0,629.0,126.0,318.0,1,1,1.0
112,1,1205.0,626.0,126.0,320.0,1,1,1.0
113,1,1202.0,623.0,123.0,323.0,1,1,1.0
114,1,1199.0,620.0,121.0,325.0,1,1,1.0
115,1,1197.0,616.0,118.0,327.0,1,1,1.0
116,1,1195.0,612.0,115.0,325.0,1,1,1.0
117,1,1192.0,607.0,114.0,308.0,1,1,1.0
118,1,1187.0,600.0,116.0,295.0,1,1,1.0
119,1,1183.0,595.0,118.0,294.0,1,1,1.0
120,1,1179.0,590.0,120.0,294.0,1,1,1.0
121,1,1177.0,586.0,120.0,297.0,1,1,1.0
122,1,1178.0,583.0,119.0,300.0,1,1,1.0
123,1,1177.0,581.0,118.0,302.0,1,1,1.0
124,1,1177.0,579.0,116.0,304.0,1,1,1.0
125,1,1177.0,576.0,112.0,304.0,1,1,1.0
126,1,1177.0,573.0,111.0,301.0,1,1,1.0
127,1,1177.0,569.0,110.0,301.0,1,1,1.0
128,1,1178.0,564.0,107.0,296.0,1,1,1.0
129,1,1180.0,560.0,103.0,286.0,1,1,1.0
130,1,1181.0,555.0,100.0,276.0,1,1,1.0
131,1,1181.0,551.0,98.0,277.0,1,1,1.0
132,1,1180.0,548.0,97.0,278.0,1,1,1.0
133,1,1176.0,546.0,98.0,279.0,1,1,1.0
134,1,1173.0,544.0,98.0,281.0,1,1,1.0
135,1,1172.0,542.0,96.0,283.0,1,1,1.0
136,1,1172.0,541.0,93.0,284.0,1,1,1.0
137,1,1170.0,537.0,91.0,281.0,1,1,1.0
138,1,1168.0,533.0,90.0,280.0,1,1,1.0
139,1,1167.0,529.0,89.0,275.0,1,1,1.0
140,1,1166.0,526.0,90.0,262.0,1,1,1.0
141,1,1164.0,521.0,91.0,259.0,1,1,1.0
142,1,1163.0,518.0,92.0,260.0,1,1,1.0
143,1,1163.0,514.0,92.0,262.0,1,1,1.0
144,1,1161.0,512.0,93.0,264.0,1,1,1.0
145,1,1159.0,511.0,94.0,266.0,1,1,1.0
146,1,1157.0,509.0,94.0,267.0,1,1,1.0
147,1,1155.0,507.0,95.0,267.0,1,1,1.0
148,1,1152.0,503.0,98.0,266.0,1,1,1.0
149,1,1150.0,500.0,98.0,264.0,1,1,1.0
150,1,1148.0,496.0,98.0,258.0,1,1,1.0
151,1,1148.0,492.0,96.0,250.0,1,1,1.0
152,1,1147.0,489.0,95.0,248.0,1,1,1.0
153,1,1144.0,486.0,96.0,248.0,1,1,1.0
154,1,1140.0,484.0,99.0,249.0,1,1,1.0
155,1,1137.0,483.0,98.0,250.0,1,1,1.0
156,1,1134.0,482.0,96.0,251.0,1,1,1.0
157,1,1133.0,481.0,94.0,251.0,1,1,1.0
158,1,1132.0,479.0,91.0,250.0,1,1,1.0
159,1,1131.0,476.0,88.0,249.0,1,1,1.0
160,1,1129.0,472.0,88.0,249.0,1,1,1.0
161,1,1125.0,468.0,89.0,240.0,1,1,1.0
162,1,1121.0,464.0,90.0,233.0,1,1,1.0
163,1,1117.0,461.0,92.0,233.0,1,1,1.0
164,1,1116.0,459.0,92.0,234.0,1,1,1.0
165,1,1114.0,457.0,92.0,235.0,1,1,1.0
166,1,1114.0,456.0,90.0,236.0,1,1,1.0
167,1,1115.0,455.0,87.0,236.0,1,1,1.0
168,1,1116.0,454.0,85.0,233.0,1,1,1.0
169,1,1116.0,452.0,84.0,233.0,1,1,1.0
170,1,1116.0,449.0,84.0,233.0,1,1,1.0
171,1,1115.0,446.0,83.0,226.0,1,1,1.0
172,1,1116.0,442.0,81.0,221.0,1,1,1.0
173,1,1115.0,438.0,81.0,221.0,1,1,1.0
174,1,1112.0,436.0,82.0,221.0,1,1,1.0
175,1,1110.0,434.0,83.0,222.0,1,1,1.0
176,1,1108.0,433.0,83.0,223.0,1,1,1.0
177,1,1106.0,432.0,81.0,223.0,1,1,1.0
178,1,1105.0,431.0,81.0,223.0,1,1,1.0
179,1,1103.0,430.0,79.0,221.0,1,1,1.0
180,1,1100.0,427.0,78.0,217.0,1,1,1.0
181,1,1096.0,424.0,79.0,216.0,1,1,1.0
182,1,1091.0,420.0,82.0,211.0,1,1,1.0
183,1,1088.0,417.0,83.0,206.0,1,1,1.0
184,1,1086.0,415.0,83.0,206.0,1,1,1.0
185,1,1084.0,413.0,81.0,207.0,1,1,1.0
186,1,1083.0,412.0,79.0,209.0,1,1,1.0
187,1,1082.0,411.0,76.0,209.0,1,1,1.0
188,1,1082.0,411.0,75.0,210.0,1,1,1.0
189,1,1080.0,410.0,76.0,209.0,1,1,1.0
190,1,1078.0,408.0,76.0,206.0,1,1,1.0
191,1,1076.0,406.0,77.0,206.0,1,1,1.0
192,1,1075.0,403.0,77.0,201.0,1,1,1.0
193,1,1075.0,400.0,75.0,198.0,1,1,1.0
194,1,1076.0,398.0,72.0,197.0,1,1,1.0
195,1,1076.0,396.0,70.0,197.0,1,1,1.0
196,1,1076.0,395.0,68.0,198.0,1,1,1.0
197,1,1076.0,395.0,66.0,199.0,1,1,1.0
198,1,1075.0,394.0,65.0,199.0,1,1,1.0
199,1,1073.0,393.0,64.0,199.0,1,1,1.0
200,1,1071.0,392.0,64.0,198.0,1,1,1.0
201,1,1068.0,390.0,65.0,198.0,1,1,1.0
202,1,1064.0,387.0,66.0,193.0,1,1,1.0
203,1,1061.0,384.0,67.0,192.0,1,1,1.0
204,1,1059.0,382.0,69.0,189.0,1,1,1.0
205,1,1058.0,380.0,69.0,188.0,1,1,1.0
206,1,1057.0,378.0,70.0,188.0,1,1,1.0
207,1,1056.0,378.0,71.0,189.0,1,1,1.0
208,1,1055.0,378.0,71.0,189.0,1,1,1.0
209,1,1055.0,377.0,71.0,189.0,1,1,1.0
210,1,1055.0,376.0,70.0,187.0,1,1,1.0
211,1,1054.0,375.0,69.0,187.0,1,1,1.0
212,1,1054.0,372.0,68.0,185.0,1,1,1.0
213,1,1054.0,370.0,67.0,182.0,1,1,1.0
214,1,1053.0,367.0,66.0,181.0,1,1,1.0
215,1,1053.0,366.0,66.0,179.0,1,1,1.0
216,1,1051.0,365.0,66.0,180.0,1,1,1.0
217,1,1049.0,364.0,67.0,180.0,1,1,1.0
218,1,1048.0,364.0,66.0,179.0,1,1,1.0
219,1,1046.0,364.0,66.0,180.0,1,1,1.0
220,1,1044.0,363.0,67.0,180.0,1,1,1.0
221,1,1042.0,361.0,67.0,180.0,1,1,1.0
222,1,1040.0,360.0,67.0,179.0,1,1,1.0
223,1,1038.0,357.0,67.0,175.0,1,1,1.0
224,1,1039.0,355.0,66.0,171.0,1,1,1.0
225,1,1039.0,353.0,65.0,171.0,1,1,1.0
226,1,1039.0,352.0,65.0,171.0,1,1,1.0
227,1,1038.0,351.0,65.0,171.0,1,1,1.0
228,1,1038.0,351.0,65.0,172.0,1,1,1.0
229,1,1037.0,351.0,65.0,171.0,1,1,1.0
230,1,1037.0,351.0,64.0,170.0,1,1,1.0
231,1,1037.0,350.0,64.0,169.0,1,1,1.0
232,1,1038.0,349.0,63.0,169.0,1,1,1.0
233,1,1037.0,347.0,64.0,166.0,1,1,1.0
234,1,1037.0,345.0,66.0,164.0,1,1,1.0
235,1,1038.0,343.0,66.0,163.0,1,1,1.0
236,1,1039.0,342.0,66.0,163.0,1,1,1.0
237,1,1039.0,342.0,64.0,163.0,1,1,1.0
238,1,1039.0,341.0,63.0,164.0,1,1,1.0
239,1,1038.0,341.0,61.0,164.0,1,1,1.0
240,1,1036.0,342.0,61.0,163.0,1,1,1.0
241,1,1033.0,341.0,62.0,163.0,1,1,1.0
242,1,1032.0,340.0,62.0,162.0,1,1,1.0
243,1,1030.0,339.0,62.0,162.0,1,1,1.0
244,1,1030.0,336.0,62.0,158.0,1,1,1.0
245,1,1028.0,334.0,63.0,157.0,1,1,1.0
246,1,1028.0,332.0,63.0,157.0,1,1,1.0
247,1,1029.0,331.0,60.0,157.0,1,1,1.0
248,1,1028.0,331.0,59.0,157.0,1,1,1.0
249,1,1028.0,331.0,59.0,157.0,1,1,1.0
250,1,1028.0,331.0,58.0,157.0,1,1,1.0
251,1,1027.0,331.0,58.0,156.0,1,1,1.0
252,1,1027.0,331.0,60.0,154.0,1,1,1.0
253,1,1027.0,329.0,62.0,154.0,1,1,1.0
254,1,1027.0,328.0,63.0,152.0,1,1,1.0
255,1,1027.0,327.0,64.0,152.0,1,1,1.0
256,1,1027.0,326.0,64.0,150.0,1,1,1.0
257,1,1027.0,325.0,64.0,150.0,1,1,1.0
258,1,1027.0,324.0,63.0,151.0,1,1,1.0
259,1,1027.0,324.0,62.0,151.0,1,1,1.0
260,1,1026.0,324.0,61.0,150.0,1,1,1.0
261,1,1026.0,324.0,60.0,150.0,1,1,1.0
262,1,1023.0,323.0,62.0,151.0,1,1,1.0
263,1,1022.0,322.0,62.0,149.0,1,1,1.0
264,1,1022.0,321.0,62.0,149.0,1,1,1.0
265,1,1022.0,320.0,61.0,148.0,1,1,1.0
266,1,1022.0,318.0,61.0,145.0,1,1,1.0
267,1,1025.0,317.0,57.0,144.0,1,1,1.0
268,1,1027.0,316.0,54.0,144.0,1,1,1.0
269,1,1029.0,316.0,51.0,143.0,1,1,1.0
270,1,1029.0,316.0,50.0,143.0,1,1,1.0
271,1,1029.0,316.0,51.0,143.0,1,1,1.0
272,1,1029.0,316.0,51.0,142.0,1,1,1.0
273,1,1029.0,316.0,51.0,142.0,1,1,1.0
274,1,1028.0,315.0,52.0,141.0,1,1,1.0
275,1,1028.0,314.0,53.0,139.0,1,1,1.0
276,1,1028.0,313.0,55.0,138.0,1,1,1.0
277,1,1027.0,311.0,55.0,138.0,1,1,1.0
278,1,1027.0,310.0,55.0,138.0,1,1,1.0
279,1,1026.0,309.0,55.0,139.0,1,1,1.0
280,1,1026.0,309.0,54.0,140.0,1,1,1.0
281,1,1026.0,310.0,53.0,139.0,1,1,1.0
282,1,1025.0,310.0,53.0,138.0,1,1,1.0
283,1,1024.0,310.0,54.0,139.0,1,1,1.0
284,1,1022.0,309.0,55.0,136.0,1,1,1.0
285,1,1021.0,307.0,55.0,136.0,1,1,1.0
286,1,1020.0,306.0,56.0,134.0,1,1,1.0
287,1,1018.0,305.0,57.0,132.0,1,1,1.0
288,1,1017.0,304.0,58.0,132.0,1,1,1.0
289,1,1018.0,303.0,58.0,132.0,1,1,1.0
290,1,1018.0,303.0,56.0,132.0,1,1,1.0
291,1,1018.0,303.0,56.0,132.0,1,1,1.0
292,1,1018.0,304.0,56.0,132.0,1,1,1.0
293,1,1018.0,304.0,56.0,132.0,1,1,1.0
294,1,1018.0,303.0,56.0,132.0,1,1,1.0
295,1,1018.0,303.0,56.0,131.0,1,1,1.0
296,1,1019.0,302.0,56.0,130.0,1,1,1.0
297,1,1020.0,300.0,55.0,129.0,1,1,1.0
298,1,1023.0,299.0,52.0,128.0,1,1,1.0
299,1,1024.0,298.0,50.0,127.0,1,1,1.0
300,1,1025.0,298.0,49.0,128.0,1,1,1.0
301,1,1024.0,297.0,50.0,127.0,1,1,1.0
302,1,1022.0,297.0,52.0,127.0,1,1,1.0
303,1,1019.0,298.0,55.0,127.0,1,1,1.0
304,1,1016.0,297.0,55.0,127.0,1,1,1.0
305,1,1013.0,296.0,57.0,128.0,1,1,1.0
306,1,1011.0,296.0,57.0,129.0,1,1,1.0
307,1,1009.0,295.0,58.0,128.0,1,1,1.0
308,1,1007.0,293.0,59.0,124.0,1,1,1.0
309,1,1008.0,292.0,57.0,123.0,1,1,1.0
310,1,1008.0,292.0,56.0,123.0,1,1,1.0
311,1,1008.0,291.0,56.0,123.0,1,1,1.0
312,1,1010.0,291.0,53.0,123.0,1,1,1.0
313,1,1013.0,291.0,50.0,123.0,1,1,1.0
314,1,1015.0,291.0,47.0,123.0,1,1,1.0
315,1,1017.0,291.0,45.0,122.0,1,1,1.0
316,1,1018.0,290.0,44.0,122.0,1,1,1.0
317,1,1019.0,288.0,44.0,123.0,1,1,1.0
318,1,1020.0,287.0,44.0,122.0,1,1,1.0
319,1,1020.0,286.0,44.0,122.0,1,1,1.0
320,1,1020.0,286.0,45.0,121.0,1,1,1.0
321,1,1020.0,285.0,46.0,121.0,1,1,1.0
322,1,1019.0,285.0,47.0,121.0,1,1,1.0
323,1,1018.0,285.0,48.0,121.0,1,1,1.0
324,1,1017.0,285.0,48.0,121.0,1,1,1.0
325,1,1017.0,285.0,48.0,120.0,1,1,1.0
326,1,1016.0,285.0,48.0,120.0,1,1,1.0
327,1,1015.0,285.0,49.0,119.0,1,1,1.0
328,1,1014.0,284.0,49.0,118.0,1,1,1.0
329,1,1013.0,282.0,50.0,117.0,1,1,1.0
330,1,1012.0,281.0,50.0,117.0,1,1,1.0
331,1,1012.0,280.0,49.0,117.0,1,1,1.0
332,1,1012.0,279.0,49.0,118.0,1,1,1.0
333,1,1013.0,280.0,48.0,117.0,1,1,1.0
334,1,1014.0,280.0,46.0,117.0,1,1,1.0
335,1,1014.0,280.0,45.0,117.0,1,1,1.0
336,1,1015.0,280.0,44.0,116.0,1,1,1.0
337,1,1016.0,280.0,43.0,116.0,1,1,1.0
338,1,1017.0,279.0,43.0,115.0,1,1,1.0
339,1,1017.0,278.0,43.0,115.0,1,1,1.0
340,1,1018.0,276.0,43.0,114.0,1,1,1.0
341,1,1019.0,275.0,43.0,114.0,1,1,1.0
342,1,1019.0,275.0,43.0,114.0,1,1,1.0
343,1,1018.0,275.0,43.0,114.0,1,1,1.0
344,1,1018.0,275.0,43.0,114.0,1,1,1.0
345,1,1017.0,275.0,43.0,114.0,1,1,1.0
346,1,1016.0,275.0,44.0,114.0,1,1,1.0
347,1,1014.0,275.0,45.0,114.0,1,1,1.0
348,1,1012.0,274.0,47.0,113.0,1,1,1.0
349,1,1011.0,274.0,48.0,112.0,1,1,1.0
350,1,1010.0,273.0,49.0,110.0,1,1,1.0
351,1,1009.0,272.0,49.0,109.0,1,1,1.0
352,1,1008.0,272.0,49.0,109.0,1,1,1.0
353,1,1008.0,271.0,48.0,109.0,1,1,1.0
354,1,1009.0,271.0,46.0,110.0,1,1,1.0
355,1,1009.0,271.0,45.0,109.0,1,1,1.0
356,1,1009.0,272.0,43.0,109.0,1,1,1.0
357,1,1010.0,272.0,41.0,109.0,1,1,1.0
358,1,1009.0,271.0,41.0,108.0,1,1,1.0
359,1,1009.0,271.0,42.0,108.0,1,1,1.0
360,1,1010.0,270.0,42.0,109.0,1,1,1.0
361,1,1011.0,269.0,41.0,108.0,1,1,1.0
362,1,1011.0,268.0,40.0,107.0,1,1,1.0
363,1,1010.0,267.0,41.0,106.0,1,1,1.0
364,1,1010.0,266.0,41.0,107.0,1,1,1.0
365,1,1009.0,266.0,42.0,107.0,1,1,1.0
366,1,1008.0,266.0,42.0,107.0,1,1,1.0
367,1,1008.0,267.0,41.0,107.0,1,1,1.0
368,1,1008.0,267.0,40.0,107.0,1,1,1.0
369,1,1007.0,267.0,41.0,107.0,1,1,1.0
370,1,1006.0,266.0,42.0,106.0,1,1,1.0
371,1,1006.0,265.0,40.0,104.0,1,1,1.0
372,1,1005.0,264.0,41.0,104.0,1,1,1.0
373,1,1005.0,263.0,40.0,104.0,1,1,1.0
374,1,1005.0,262.0,39.0,103.0,1,1,1.0
375,1,1005.0,262.0,38.0,104.0,1,1,1.0
376,1,1005.0,262.0,37.0,104.0,1,1,1.0
377,1,1005.0,262.0,36.0,104.0,1,1,1.0
378,1,1005.0,262.0,35.0,103.0,1,1,1.0
379,1,1004.0,262.0,35.0,103.0,1,1,1.0
380,1,1003.0,262.0,36.0,103.0,1,1,1.0
381,1,1003.0,261.0,37.0,103.0,1,1,1.0
382,1,1002.0,260.0,38.0,102.0,1,1,1.0
383,1,1002.0,259.0,38.0,102.0,1,1,1.0
384,1,1002.0,258.0,38.0,102.0,1,1,1.0
385,1,1002.0,258.0,38.0,101.0,1,1,1.0
386,1,1002.0,257.0,38.0,101.0,1,1,1.0
387,1,1001.0,257.0,38.0,101.0,1,1,1.0
388,1,1000.0,258.0,38.0,101.0,1,1,1.0
389,1,1000.0,258.0,38.0,100.0,1,1,1.0
390,1,1000.0,258.0,38.0,100.0,1,1,1.0
391,1,999.0,258.0,37.0,100.0,1,1,1.0
392,1,998.0,258.0,35.0,99.0,1,1,1.0
393,1,998.0,257.0,33.0,97.0,1,1,1.0
394,1,997.0,255.0,33.0,98.0,1,1,1.0
395,1,995.0,254.0,34.0,99.0,1,1,1.0
396,1,994.0,254.0,36.0,98.0,1,1,1.0
397,1,994.0,253.0,34.0,98.0,1,1,1.0
398,1,995.0,253.0,35.0,98.0,1,1,1.0
399,1,995.0,254.0,34.0,98.0,1,1,1.0
400,1,995.0,254.0,34.0,98.0,1,1,1.0
401,1,994.0,254.0,35.0,98.0,1,1,1.0
402,1,994.0,254.0,35.0,98.0,1,1,1.0
403,1,996.0,253.0,33.0,98.0,1,1,1.0
404,1,997.0,253.0,34.0,97.0,1,1,1.0
405,1,997.0,252.0,33.0,97.0,1,1,1.0
406,1,998.0,251.0,33.0,96.0,1,1,1.0
407,1,998.0,251.0,33.0,95.0,1,1,1.0
408,1,998.0,251.0,34.0,95.0,1,1,1.0
409,1,998.0,251.0,36.0,95.0,1,1,1.0
410,1,998.0,251.0,37.0,95.0,1,1,1.0
411,1,998.0,251.0,36.0,95.0,1,1,1.0
412,1,999.0,252.0,38.0,95.0,1,1,1.0
413,1,999.0,252.0,39.0,95.0,1,1,1.0
414,1,1000.0,252.0,36.0,95.0,1,1,1.0
415,1,1000.0,251.0,34.0,94.0,1,1,1.0
416,1,1001.0,251.0,32.0,92.0,1,1,1.0
417,1,1001.0,250.0,33.0,91.0,1,1,1.0
418,1,1001.0,250.0,34.0,91.0,1,1,1.0
419,1,1002.0,250.0,34.0,91.0,1,1,1.0
420,1,1003.0,250.0,36.0,91.0,1,1,1.0
421,1,1003.0,250.0,37.0,91.0,1,1,1.0
422,1,1004.0,251.0,37.0,91.0,1,1,1.0
423,1,1004.0,251.0,38.0,90.0,1,1,1.0
424,1,1005.0,251.0,38.0,90.0,1,1,1.0
425,1,1009.0,251.0,36.0,89.0,1,1,1.0
426,1,1014.0,251.0,32.0,89.0,1,1,1.0
427,1,1020.0,251.0,29.0,90.0,1,1,1.0
428,1,1025.0,251.0,27.0,90.0,1,1,1.0
429,1,1027.0,251.0,27.0,90.0,1,1,1.0
430,1,1028.0,252.0,29.0,90.0,1,1,1.0
431,1,1028.0,252.0,34.0,90.0,1,1,1.0
432,1,1029.0,253.0,38.0,90.0,1,1,1.0
433,1,1029.0,253.0,42.0,90.0,1,1,1.0
434,1,1029.0,254.0,44.0,88.0,1,1,1.0
435,1,1030.0,254.0,44.0,88.0,1,1,1.0
436,1,1032.0,254.0,42.0,87.0,1,1,1.0
437,1,1036.0,254.0,40.0,87.0,1,1,1.0
438,1,1041.0,255.0,42.0,87.0,1,1,1.0
439,1,1047.0,255.0,37.0,88.0,1,1,1.0
440,1,1052.0,255.0,34.0,89.0,1,1,1.0
441,1,1053.0,255.0,36.0,91.0,1,1,1.0
442,1,1054.0,255.0,35.0,93.0,1,1,1.0
443,1,1054.0,256.0,36.0,94.0,1,1,1.0
444,1,1055.0,256.0,37.0,94.0,1,1,1.0
445,1,1055.0,257.0,37.0,95.0,1,1,1.0
446,1,1056.0,258.0,38.0,95.0,1,1,1.0
447,1,1059.0,258.0,37.0,95.0,1,1,1.0
448,1,1062.0,258.0,36.0,95.0,1,1,1.0
449,1,1064.0,258.0,34.0,95.0,1,1,1.0
450,1,1068.0,258.0,33.0,95.0,1,1,1.0
451,1,1072.0,258.0,31.0,95.0,1,1,1.0
452,1,1075.0,258.0,30.0,95.0,1,1,1.0
453,1,1077.0,258.0,30.0,95.0,1,1,1.0
454,1,1078.0,259.0,34.0,95.0,1,1,1.0
455,1,1079.0,260.0,38.0,96.0,1,1,1.0
456,1,1079.0,261.0,40.0,96.0,1,1,1.0
457,1,1079.0,261.0,41.0,96.0,1,1,1.0
458,1,1080.0,261.0,41.0,97.0,1,1,1.0
459,1,1083.0,262.0,41.0,97.0,1,1,1.0
460,1,1088.0,262.0,40.0,98.0,1,1,1.0
461,1,1093.0,262.0,36.0,98.0,1,1,1.0
462,1,1095.0,261.0,36.0,98.0,1,1,1.0
463,1,1096.0,262.0,37.0,98.0,1,1,1.0
464,1,1097.0,262.0,39.0,99.0,1,1,1.0
465,1,1097.0,263.0,40.0,100.0,1,1,1.0
466,1,1099.0,264.0,41.0,100.0,1,1,1.0
467,1,1101.0,265.0,41.0,100.0,1,1,1.0
468,1,1103.0,265.0,42.0,100.0,1,1,1.0
469,1,1106.0,266.0,41.0,100.0,1,1,1.0
470,1,1109.0,266.0,39.0,100.0,1,1,1.0
471,1,1113.0,266.0,38.0,100.0,1,1,1.0
472,1,1116.0,266.0,37.0,100.0,1,1,1.0
473,1,1120.0,266.0,36.0,100.0,1,1,1.0
474,1,1123.0,267.0,34.0,99.0,1,1,1.0
475,1,1125.0,268.0,35.0,100.0,1,1,1.0
476,1,1126.0,269.0,39.0,100.0,1,1,1.0
477,1,1126.0,270.0,44.0,100.0,1,1,1.0
478,1,1127.0,271.0,45.0,100.0,1,1,1.0
479,1,1129.0,271.0,46.0,101.0,1,1,1.0
480,1,1131.0,271.0,45.0,101.0,1,1,1.0
481,1,1134.0,271.0,45.0,102.0,1,1,1.0
482,1,1139.0,271.0,43.0,100.0,1,1,1.0
483,1,1145.0,271.0,41.0,99.0,1,1,1.0
484,1,1147.0,272.0,40.0,101.0,1,1,1.0
485,1,1148.0,272.0,41.0,102.0,1,1,1.0
486,1,1150.0,273.0,42.0,103.0,1,1,1.0
487,1,1152.0,274.0,42.0,103.0,1,1,1.0
488,1,1154.0,276.0,42.0,102.0,1,1,1.0
489,1,1155.0,276.0,42.0,103.0,1,1,1.0
490,1,1159.0,276.0,41.0,103.0,1,1,1.0
491,1,1162.0,276.0,41.0,103.0,1,1,1.0
492,1,1166.0,276.0,40.0,103.0,1,1,1.0
493,1,1171.0,276.0,36.0,103.0,1,1,1.0
494,1,1175.0,276.0,34.0,103.0,1,1,1.0
495,1,1177.0,277.0,35.0,103.0,1,1,1.0
496,1,1178.0,278.0,36.0,103.0,1,1,1.0
497,1,1179.0,279.0,40.0,104.0,1,1,1.0
498,1,1179.0,280.0,44.0,105.0,1,1,1.0
499,1,1179.0,281.0,47.0,105.0,1,1,1.0
500,1,1181.0,281.0,48.0,105.0,1,1,1.0
501,1,1183.0,281.0,48.0,104.0,1,1,1.0
502,1,1187.0,282.0,47.0,104.0,1,1,1.0
503,1,1191.0,282.0,44.0,105.0,1,1,1.0
504,1,1196.0,282.0,42.0,105.0,1,1,1.0
505,1,1199.0,282.0,42.0,105.0,1,1,1.0
506,1,1200.0,282.0,43.0,105.0,1,1,1.0
507,1,1202.0,283.0,44.0,106.0,1,1,1.0
508,1,1205.0,284.0,44.0,106.0,1,1,1.0
509,1,1207.0,285.0,43.0,106.0,1,1,1.0
510,1,1209.0,286.0,43.0,106.0,1,1,1.0
511,1,1212.0,287.0,44.0,118.0,1,1,1.0
512,1,1216.0,287.0,43.0,114.0,1,1,1.0
514,1,1223.0,288.0,42.0,122.0,1,1,1.0
515,1,1229.0,288.0,38.0,124.0,1,1,1.0
516,1,1232.0,288.0,36.0,124.0,1,1,1.0
518,1,1235.0,289.0,37.0,120.0,1,1,1.0
519,1,1236.0,290.0,41.0,114.0,1,1,1.0
520,1,1237.0,291.0,47.0,115.0,1,1,1.0
521,1,1237.0,293.0,50.0,115.0,1,1,1.0
522,1,1239.0,293.0,50.0,116.0,1,1,1.0
523,1,1240.0,294.0,50.0,117.0,1,1,1.0
524,1,1241.0,294.0,51.0,117.0,1,1,1.0
525,1,1242.0,294.0,53.0,117.0,1,1,1.0
526,1,1254.0,294.0,45.0,112.0,1,1,1.0
527,1,1261.0,294.0,42.0,110.0,1,1,1.0
528,1,1265.0,295.0,42.0,109.0,1,1,1.0
529,1,1269.0,295.0,40.0,111.0,1,1,1.0
530,1,1271.0,297.0,41.0,111.0,1,1,1.0
531,1,1272.0,298.0,43.0,112.0,1,1,1.0
532,1,1272.0,299.0,44.0,112.0,1,1,1.0
533,1,1274.0,300.0,44.0,112.0,1,1,1.0
534,1,1279.0,300.0,43.0,112.0,1,1,1.0
535,1,1284.0,300.0,39.0,112.0,1,1,1.0
536,1,1289.0,301.0,36.0,111.0,1,1,1.0
537,1,1294.0,301.0,33.0,111.0,1,1,1.0
538,1,1296.0,301.0,33.0,111.0,1,1,1.0
539,1,1298.0,302.0,37.0,111.0,1,1,1.0
540,1,1299.0,303.0,43.0,112.0,1,1,1.0
541,1,1299.0,304.0,47.0,113.0,1,1,1.0
542,1,1300.0,305.0,50.0,112.0,1,1,1.0
543,1,1300.0,307.0,51.0,112.0,1,1,1.0
544,1,1301.0,308.0,51.0,112.0,1,1,1.0
545,1,1303.0,308.0,50.0,112.0,1,1,1.0
546,1,1308.0,308.0,46.0,109.0,1,1,1.0
547,1,1314.0,309.0,44.0,109.0,1,1,1.0
548,1,1318.0,309.0,42.0,109.0,1,1,1.0
549,1,1321.0,309.0,43.0,111.0,1,1,1.0
550,1,1322.0,310.0,41.0,113.0,1,1,1.0
551,1,1323.0,310.0,44.0,115.0,1,1,1.0
552,1,1325.0,312.0,46.0,116.0,1,1,1.0
553,1,1327.0,314.0,46.0,116.0,1,1,1.0
554,1,1328.0,315.0,47.0,116.0,1,1,1.0
555,1,1329.0,315.0,49.0,116.0,1,1,1.0
556,1,1330.0,315.0,50.0,116.0,1,1,1.0
557,1,1333.0,315.0,49.0,116.0,1,1,1.0
558,1,1336.0,315.0,46.0,116.0,1,1,1.0
559,1,1340.0,315.0,43.0,116.0,1,1,1.0
560,1,1344.0,315.0,40.0,117.0,1,1,1.0
561,1,1347.0,315.0,39.0,118.0,1,1,1.0
562,1,1348.0,316.0,40.0,119.0,1,1,1.0
563,1,1349.0,317.0,43.0,119.0,1,1,1.0
564,1,1350.0,320.0,44.0,118.0,1,1,1.0
565,1,1350.0,322.0,44.0,117.0,1,1,1.0
566,1,1350.0,321.0,46.0,119.0,1,1,1.0
567,1,1352.0,321.0,47.0,120.0,1,1,1.0
568,1,1354.0,321.0,46.0,120.0,1,1,1.0
569,1,1357.0,322.0,47.0,120.0,1,1,1.0
570,1,1359.0,322.0,48.0,120.0,1,1,1.0
571,1,1360.0,322.0,49.0,120.0,1,1,1.0
572,1,1362.0,322.0,49.0,121.0,1,1,1.0
573,1,1364.0,323.0,51.0,122.0,1,1,1.0
574,1,1365.0,324.0,50.0,122.0,1,1,1.0
575,1,1367.0,326.0,51.0,123.0,1,1,1.0
576,1,1370.0,327.0,50.0,123.0,1,1,1.0
577,1,1371.0,327.0,50.0,124.0,1,1,1.0
578,1,1372.0,327.0,50.0,123.0,1,1,1.0
579,1,1372.0,328.0,50.0,124.0,1,1,1.0
580,1,1372.0,328.0,50.0,124.0,1,1,1.0
581,1,1371.0,328.0,50.0,123.0,1,1,1.0
582,1,1371.0,328.0,50.0,126.0,1,1,1.0
583,1,1371.0,329.0,50.0,128.0,1,1,1.0
584,1,1371.0,329.0,51.0,128.0,1,1,1.0
585,1,1371.0,331.0,52.0,127.0,1,1,1.0
586,1,1370.0,332.0,53.0,128.0,1,1,1.0
587,1,1370.0,333.0,54.0,128.0,1,1,1.0
588,1,1371.0,334.0,54.0,127.0,1,1,1.0
589,1,1371.0,334.0,54.0,127.0,1,1,1.0
590,1,1372.0,334.0,52.0,127.0,1,1,1.0
591,1,1374.0,334.0,50.0,128.0,1,1,1.0
592,1,1375.0,334.0,48.0,128.0,1,1,1.0
593,1,1375.0,334.0,47.0,127.0,1,1,1.0
594,1,1375.0,334.0,45.0,127.0,1,1,1.0
595,1,1374.0,335.0,45.0,126.0,1,1,1.0
596,1,1369.0,336.0,49.0,127.0,1,1,1.0
597,1,1364.0,337.0,50.0,127.0,1,1,1.0
598,1,1363.0,337.0,50.0,127.0,1,1,1.0
599,1,1361.0,337.0,48.0,128.0,1,1,1.0
600,1,1361.0,337.0,46.0,129.0,1,1,1.0
601,1,1360.0,337.0,46.0,129.0,1,1,1.0
602,1,1359.0,336.0,44.0,130.0,1,1,1.0
603,1,1355.0,336.0,46.0,130.0,1,1,1.0
604,1,1351.0,335.0,49.0,132.0,1,1,1.0
605,1,1347.0,335.0,52.0,133.0,1,1,1.0
606,1,1344.0,336.0,55.0,134.0,1,1,1.0
607,1,1343.0,338.0,55.0,134.0,1,1,1.0
608,1,1340.0,338.0,56.0,134.0,1,1,1.0
609,1,1336.0,340.0,58.0,133.0,1,1,1.0
610,1,1334.0,340.0,58.0,133.0,1,1,1.0
611,1,1332.0,341.0,59.0,133.0,1,1,1.0
612,1,1332.0,341.0,55.0,134.0,1,1,1.0
613,1,1332.0,341.0,53.0,134.0,1,1,1.0
614,1,1333.0,341.0,52.0,135.0,1,1,1.0
615,1,1332.0,341.0,48.0,135.0,1,1,1.0
616,1,1328.0,340.0,48.0,135.0,1,1,1.0
617,1,1324.0,340.0,49.0,135.0,1,1,1.0
618,1,1317.0,341.0,53.0,134.0,1,1,1.0
619,1,1310.0,342.0,56.0,134.0,1,1,1.0
620,1,1307.0,343.0,56.0,134.0,1,1,1.0
621,1,1304.0,343.0,57.0,135.0,1,1,1.0
622,1,1303.0,342.0,55.0,136.0,1,1,1.0
623,1,1302.0,342.0,52.0,136.0,1,1,1.0
624,1,1300.0,341.0,50.0,137.0,1,1,1.0
625,1,1296.0,341.0,51.0,137.0,1,1,1.0
626,1,1288.0,340.0,56.0,139.0,1,1,1.0
627,1,1280.0,340.0,63.0,141.0,1,1,1.0
628,1,1274.0,341.0,68.0,141.0,1,1,1.0
629,1,1268.0,341.0,74.0,143.0,1,1,1.0
630,1,1264.0,342.0,77.0,143.0,1,1,1.0
631,1,1261.0,343.0,80.0,143.0,1,1,1.0
632,1,1258.0,344.0,80.0,144.0,1,1,1.0
633,1,1256.0,344.0,79.0,144.0,1,1,1.0
634,1,1256.0,344.0,69.0,144.0,1,1,1.0
635,1,1258.0,343.0,63.0,145.0,1,1,1.0
636,1,1260.0,343.0,56.0,145.0,1,1,1.0
637,1,1260.0,343.0,53.0,145.0,1,1,1.0
638,1,1258.0,343.0,51.0,144.0,1,1,1.0
639,1,1251.0,344.0,54.0,144.0,1,1,1.0
640,1,1240.0,344.0,61.0,143.0,1,1,1.0
641,1,1234.0,345.0,63.0,143.0,1,1,1.0
642,1,1232.0,346.0,63.0,143.0,1,1,1.0
643,1,1231.0,345.0,62.0,144.0,1,1,1.0
644,1,1230.0,345.0,60.0,145.0,1,1,1.0
645,1,1230.0,345.0,54.0,145.0,1,1,1.0
646,1,1230.0,344.0,49.0,146.0,1,1,1.0
647,1,1229.0,344.0,47.0,147.0,1,1,1.0
648,1,1227.0,343.0,47.0,149.0,1,1,1.0
649,1,1224.0,344.0,50.0,150.0,1,1,1.0
650,1,1218.0,345.0,56.0,150.0,1,1,1.0
651,1,1212.0,347.0,61.0,151.0,1,1,1.0
652,1,1206.0,348.0,66.0,150.0,1,1,1.0
653,1,1203.0,349.0,68.0,151.0,1,1,1.0
654,1,1202.0,349.0,63.0,151.0,1,1,1.0
655,1,1201.0,349.0,57.0,151.0,1,1,1.0
656,1,1198.0,348.0,54.0,152.0,1,1,1.0
657,1,1195.0,348.0,53.0,153.0,1,1,1.0
658,1,1191.0,347.0,48.0,154.0,1,1,1.0
659,1,1185.0,347.0,49.0,153.0,1,1,1.0
660,1,1175.0,348.0,55.0,152.0,1,1,1.0
661,1,1162.0,349.0,64.0,151.0,1,1,1.0
662,1,1154.0,350.0,68.0,151.0,1,1,1.0
663,1,1149.0,351.0,70.0,151.0,1,1,1.0
664,1,1147.0,351.0,70.0,151.0,1,1,1.0
665,1,1146.0,350.0,68.0,152.0,1,1,1.0
666,1,1146.0,350.0,63.0,153.0,1,1,1.0
667,1,1146.0,349.0,56.0,154.0,1,1,1.0
668,1,1146.0,348.0,51.0,155.0,1,1,1.0
669,1,1144.0,348.0,49.0,156.0,1,1,1.0
670,1,1143.0,348.0,50.0,158.0,1,1,1.0
671,1,1136.0,349.0,57.0,160.0,1,1,1.0
672,1,1127.0,351.0,65.0,160.0,1,1,1.0
673,1,1120.0,353.0,71.0,160.0,1,1,1.0
674,1,1117.0,354.0,72.0,159.0,1,1,1.0
675,1,1115.0,355.0,70.0,160.0,1,1,1.0
676,1,1114.0,355.0,67.0,160.0,1,1,1.0
677,1,1113.0,355.0,62.0,160.0,1,1,1.0
678,1,1110.0,354.0,55.0,161.0,1,1,1.0
679,1,1106.0,353.0,50.0,162.0,1,1,1.0
680,1,1102.0,353.0,49.0,163.0,1,1,1.0
681,1,1097.0,353.0,49.0,162.0,1,1,1.0
682,1,1088.0,353.0,54.0,162.0,1,1,1.0
683,1,1076.0,354.0,62.0,161.0,1,1,1.0
684,1,1065.0,355.0,70.0,161.0,1,1,1.0
685,1,1059.0,356.0,73.0,161.0,1,1,1.0
686,1,1056.0,357.0,75.0,161.0,1,1,1.0
687,1,1054.0,356.0,74.0,162.0,1,1,1.0
688,1,1053.0,356.0,70.0,163.0,1,1,1.0
689,1,1053.0,355.0,63.0,164.0,1,1,1.0
690,1,1053.0,355.0,53.0,164.0,1,1,1.0
691,1,1052.0,354.0,49.0,165.0,1,1,1.0
692,1,1048.0,354.0,52.0,168.0,1,1,1.0
693,1,1043.0,354.0,57.0,171.0,1,1,1.0
694,1,1032.0,356.0,68.0,171.0,1,1,1.0
695,1,1021.0,357.0,76.0,172.0,1,1,1.0
696,1,1014.0,359.0,79.0,170.0,1,1,1.0
697,1,1009.0,360.0,81.0,169.0,1,1,1.0
698,1,1006.0,361.0,79.0,170.0,1,1,1.0
699,1,1005.0,361.0,71.0,170.0,1,1,1.0
700,1,1005.0,361.0,62.0,171.0,1,1,1.0
701,1,1001.0,360.0,55.0,172.0,1,1,1.0
702,1,995.0,359.0,52.0,173.0,1,1,1.0
703,1,989.0,359.0,53.0,172.0,1,1,1.0
704,1,980.0,360.0,56.0,172.0,1,1,1.0
705,1,965.0,361.0,66.0,171.0,1,1,1.0
706,1,951.0,362.0,78.0,171.0,1,1,1.0
707,1,943.0,364.0,85.0,170.0,1,1,1.0
708,1,940.0,364.0,87.0,171.0,1,1,1.0
709,1,937.0,365.0,87.0,172.0,1,1,1.0
710,1,936.0,365.0,81.0,173.0,1,1,1.0
711,1,936.0,365.0,70.0,173.0,1,1,1.0
712,1,935.0,364.0,58.0,174.0,1,1,1.0
713,1,930.0,363.0,55.0,177.0,1,1,1.0
714,1,923.0,363.0,55.0,180.0,1,1,1.0
715,1,916.0,364.0,56.0,183.0,1,1,1.0
716,1,905.0,365.0,62.0,184.0,1,1,1.0
717,1,897.0,367.0,68.0,184.0,1,1,1.0
718,1,892.0,369.0,71.0,183.0,1,1,1.0
719,1,889.0,370.0,73.0,182.0,1,1,1.0
720,1,885.0,371.0,72.0,182.0,1,1,1.0
