71,1,1469.0,955.0,143.0,124.0,1,1,1.0
72,1,1464.0,944.0,149.0,135.0,1,1,1.0
73,1,1459.0,931.0,157.0,148.0,1,1,1.0
74,1,1450.0,920.0,164.0,159.0,1,1,1.0
75,1,1444.0,911.0,168.0,168.0,1,1,1.0
76,1,1448.0,903.0,163.0,176.0,1,1,1.0
77,1,1454.0,896.0,155.0,183.0,1,1,1.0
78,1,1458.0,890.0,149.0,189.0,1,1,1.0
79,1,1458.0,883.0,147.0,196.0,1,1,1.0
80,1,1458.0,874.0,146.0,205.0,1,1,1.0
81,1,1456.0,863.0,148.0,215.0,1,1,1.0
82,1,1450.0,853.0,154.0,226.0,1,1,1.0
83,1,1443.0,842.0,160.0,236.0,1,1,1.0
84,1,1437.0,832.0,165.0,247.0,1,1,1.0
85,1,1435.0,823.0,165.0,256.0,1,1,1.0
86,1,1435.0,815.0,160.0,263.0,1,1,1.0
87,1,1431.0,809.0,161.0,269.0,1,1,1.0
88,1,1429.0,804.0,157.0,275.0,1,1,1.0
89,1,1427.0,797.0,153.0,281.0,1,1,1.0
90,1,1425.0,789.0,149.0,290.0,1,1,1.0
91,1,1423.0,780.0,146.0,298.0,1,1,1.0
92,1,1422.0,771.0,143.0,307.0,1,1,1.0
93,1,1417.0,761.0,144.0,318.0,1,1,1.0
94,1,1411.0,752.0,148.0,326.0,1,1,1.0
95,1,1406.0,746.0,150.0,333.0,1,1,1.0
96,1,1403.0,740.0,149.0,338.0,1,1,1.0
97,1,1402.0,736.0,146.0,342.0,1,1,1.0
98,1,1401.0,732.0,143.0,346.0,1,1,1.0
99,1,1402.0,727.0,140.0,351.0,1,1,1.0
100,1,1402.0,721.0,137.0,353.0,1,1,1.0
101,1,1399.0,713.0,138.0,354.0,1,1,1.0
102,1,1398.0,704.0,137.0,344.0,1,1,1.0
103,1,1397.0,696.0,135.0,331.0,1,1,1.0
104,1,1397.0,688.0,133.0,330.0,1,1,1.0
105,1,1395.0,681.0,133.0,333.0,1,1,1.0
106,1,1388.0,677.0,139.0,336.0,1,1,1.0
107,1,1384.0,673.0,141.0,338.0,1,1,1.0
108,1,1382.0,670.0,136.0,340.0,1,1,1.0
109,1,1382.0,665.0,127.0,337.0,1,1,1.0
110,1,1382.0,659.0,122.0,335.0,1,1,1.0
111,1,1382.0,651.0,116.0,330.0,1,1,1.0
112,1,1382.0,644.0,113.0,317.0,1,1,1.0
113,1,1376.0,637.0,117.0,308.0,1,1,1.0
114,1,1368.0,631.0,123.0,309.0,1,1,1.0
115,1,1361.0,627.0,127.0,311.0,1,1,1.0
116,1,1357.0,624.0,127.0,313.0,1,1,1.0
117,1,1355.0,621.0,124.0,315.0,1,1,1.0
118,1,1355.0,618.0,123.0,314.0,1,1,1.0
119,1,1354.0,612.0,121.0,312.0,1,1,1.0
120,1,1352.0,606.0,118.0,312.0,1,1,1.0
121,1,1350.0,599.0,118.0,302.0,1,1,1.0
122,1,1350.0,592.0,114.0,292.0,1,1,1.0
123,1,1352.0,586.0,110.0,288.0,1,1,1.0
124,1,1353.0,581.0,105.0,289.0,1,1,1.0
125,1,1345.0,578.0,109.0,291.0,1,1,1.0
126,1,1343.0,575.0,107.0,293.0,1,1,1.0
127,1,1337.0,573.0,107.0,294.0,1,1,1.0
128,1,1332.0,569.0,105.0,291.0,1,1,1.0
129,1,1329.0,565.0,101.0,290.0,1,1,1.0
130,1,1328.0,560.0,96.0,286.0,1,1,1.0
131,1,1327.0,554.0,91.0,278.0,1,1,1.0
132,1,1319.0,548.0,97.0,270.0,1,1,1.0
133,1,1310.0,543.0,101.0,270.0,1,1,1.0
134,1,1303.0,540.0,104.0,271.0,1,1,1.0
135,1,1299.0,537.0,104.0,273.0,1,1,1.0
136,1,1295.0,535.0,104.0,274.0,1,1,1.0
137,1,1292.0,533.0,104.0,273.0,1,1,1.0
138,1,1289.0,529.0,104.0,272.0,1,1,1.0
139,1,1285.0,525.0,104.0,271.0,1,1,1.0
140,1,1283.0,520.0,103.0,264.0,1,1,1.0
141,1,1281.0,516.0,100.0,254.0,1,1,1.0
142,1,1282.0,511.0,96.0,251.0,1,1,1.0
143,1,1286.0,507.0,88.0,253.0,1,1,1.0
144,1,1279.0,505.0,89.0,254.0,1,1,1.0
145,1,1268.0,503.0,96.0,256.0,1,1,1.0
146,1,1261.0,501.0,97.0,257.0,1,1,1.0
147,1,1256.0,499.0,95.0,255.0,1,1,1.0
148,1,1253.0,495.0,92.0,255.0,1,1,1.0
149,1,1253.0,492.0,86.0,251.0,1,1,1.0
150,1,1252.0,487.0,84.0,244.0,1,1,1.0
151,1,1244.0,482.0,90.0,237.0,1,1,1.0
152,1,1236.0,478.0,94.0,236.0,1,1,1.0
153,1,1230.0,476.0,97.0,238.0,1,1,1.0
154,1,1225.0,474.0,101.0,240.0,1,1,1.0
155,1,1221.0,473.0,100.0,240.0,1,1,1.0
156,1,1220.0,471.0,96.0,240.0,1,1,1.0
157,1,1218.0,469.0,93.0,239.0,1,1,1.0
158,1,1216.0,466.0,91.0,238.0,1,1,1.0
159,1,1215.0,463.0,90.0,232.0,1,1,1.0
160,1,1213.0,458.0,88.0,224.0,1,1,1.0
161,1,1213.0,454.0,84.0,224.0,1,1,1.0
162,1,1215.0,451.0,80.0,224.0,1,1,1.0
163,1,1212.0,448.0,82.0,225.0,1,1,1.0
164,1,1202.0,447.0,85.0,226.0,1,1,1.0
165,1,1194.0,446.0,87.0,227.0,1,1,1.0
166,1,1191.0,445.0,84.0,226.0,1,1,1.0
167,1,1188.0,443.0,81.0,225.0,1,1,1.0
168,1,1187.0,441.0,77.0,224.0,1,1,1.0
169,1,1186.0,438.0,73.0,219.0,1,1,1.0
170,1,1184.0,435.0,71.0,212.0,1,1,1.0
171,1,1177.0,431.0,75.0,211.0,1,1,1.0
172,1,1171.0,429.0,80.0,212.0,1,1,1.0
173,1,1166.0,427.0,84.0,213.0,1,1,1.0
174,1,1162.0,426.0,85.0,214.0,1,1,1.0
175,1,1160.0,425.0,85.0,214.0,1,1,1.0
176,1,1160.0,424.0,84.0,215.0,1,1,1.0
177,1,1159.0,422.0,81.0,214.0,1,1,1.0
178,1,1158.0,419.0,80.0,212.0,1,1,1.0
179,1,1158.0,416.0,79.0,206.0,1,1,1.0
180,1,1157.0,412.0,78.0,201.0,1,1,1.0
181,1,1158.0,409.0,76.0,201.0,1,1,1.0
182,1,1159.0,408.0,74.0,201.0,1,1,1.0
183,1,1160.0,406.0,72.0,202.0,1,1,1.0
184,1,1160.0,405.0,69.0,203.0,1,1,1.0
185,1,1157.0,404.0,68.0,204.0,1,1,1.0
186,1,1157.0,403.0,65.0,203.0,1,1,1.0
187,1,1155.0,400.0,64.0,202.0,1,1,1.0
188,1,1151.0,399.0,65.0,199.0,1,1,1.0
189,1,1146.0,396.0,67.0,193.0,1,1,1.0
190,1,1141.0,393.0,70.0,189.0,1,1,1.0
191,1,1136.0,390.0,74.0,189.0,1,1,1.0
192,1,1133.0,388.0,74.0,190.0,1,1,1.0
193,1,1132.0,387.0,74.0,191.0,1,1,1.0
194,1,1132.0,386.0,72.0,191.0,1,1,1.0
195,1,1132.0,386.0,70.0,191.0,1,1,1.0
196,1,1130.0,385.0,71.0,189.0,1,1,1.0
197,1,1128.0,384.0,72.0,188.0,1,1,1.0
198,1,1127.0,382.0,71.0,186.0,1,1,1.0
199,1,1125.0,379.0,70.0,181.0,1,1,1.0
200,1,1125.0,376.0,69.0,180.0,1,1,1.0
201,1,1125.0,374.0,67.0,181.0,1,1,1.0
202,1,1125.0,372.0,64.0,182.0,1,1,1.0
203,1,1123.0,372.0,64.0,182.0,1,1,1.0
204,1,1121.0,372.0,64.0,182.0,1,1,1.0
205,1,1119.0,372.0,63.0,182.0,1,1,1.0
206,1,1116.0,371.0,64.0,181.0,1,1,1.0
207,1,1114.0,369.0,63.0,181.0,1,1,1.0
208,1,1111.0,367.0,63.0,177.0,1,1,1.0
209,1,1109.0,364.0,64.0,173.0,1,1,1.0
210,1,1105.0,361.0,67.0,171.0,1,1,1.0
211,1,1102.0,359.0,69.0,171.0,1,1,1.0
212,1,1101.0,358.0,68.0,172.0,1,1,1.0
213,1,1100.0,358.0,67.0,172.0,1,1,1.0
214,1,1099.0,358.0,65.0,172.0,1,1,1.0
215,1,1099.0,358.0,64.0,171.0,1,1,1.0
216,1,1098.0,357.0,65.0,171.0,1,1,1.0
217,1,1096.0,357.0,66.0,169.0,1,1,1.0
218,1,1094.0,354.0,68.0,166.0,1,1,1.0
219,1,1094.0,352.0,69.0,162.0,1,1,1.0
220,1,1095.0,350.0,64.0,163.0,1,1,1.0
221,1,1096.0,348.0,59.0,164.0,1,1,1.0
222,1,1096.0,347.0,57.0,165.0,1,1,1.0
223,1,1096.0,347.0,56.0,165.0,1,1,1.0
224,1,1096.0,348.0,54.0,165.0,1,1,1.0
225,1,1095.0,347.0,52.0,165.0,1,1,1.0
226,1,1093.0,346.0,52.0,164.0,1,1,1.0
227,1,1089.0,344.0,53.0,163.0,1,1,1.0
228,1,1085.0,342.0,56.0,159.0,1,1,1.0
229,1,1080.0,340.0,60.0,156.0,1,1,1.0
230,1,1077.0,338.0,63.0,156.0,1,1,1.0
231,1,1074.0,337.0,66.0,156.0,1,1,1.0
232,1,1074.0,336.0,66.0,156.0,1,1,1.0
233,1,1073.0,337.0,64.0,156.0,1,1,1.0
234,1,1074.0,337.0,62.0,155.0,1,1,1.0
235,1,1076.0,337.0,59.0,155.0,1,1,1.0
236,1,1075.0,336.0,59.0,154.0,1,1,1.0
237,1,1075.0,334.0,59.0,153.0,1,1,1.0
238,1,1074.0,332.0,61.0,150.0,1,1,1.0
239,1,1074.0,330.0,61.0,149.0,1,1,1.0
240,1,1074.0,328.0,61.0,150.0,1,1,1.0
241,1,1075.0,327.0,57.0,151.0,1,1,1.0
242,1,1076.0,326.0,54.0,151.0,1,1,1.0
243,1,1076.0,326.0,52.0,151.0,1,1,1.0
244,1,1076.0,326.0,50.0,151.0,1,1,1.0
245,1,1075.0,326.0,49.0,151.0,1,1,1.0
246,1,1074.0,326.0,48.0,149.0,1,1,1.0
247,1,1072.0,325.0,48.0,147.0,1,1,1.0
248,1,1068.0,323.0,51.0,143.0,1,1,1.0
249,1,1064.0,321.0,54.0,142.0,1,1,1.0
250,1,1060.0,319.0,56.0,142.0,1,1,1.0
251,1,1059.0,318.0,57.0,142.0,1,1,1.0
252,1,1058.0,318.0,57.0,143.0,1,1,1.0
253,1,1058.0,318.0,56.0,143.0,1,1,1.0
254,1,1059.0,318.0,54.0,142.0,1,1,1.0
255,1,1058.0,318.0,54.0,141.0,1,1,1.0
256,1,1058.0,317.0,54.0,141.0,1,1,1.0
257,1,1057.0,316.0,54.0,139.0,1,1,1.0
258,1,1057.0,314.0,54.0,136.0,1,1,1.0
259,1,1058.0,312.0,52.0,137.0,1,1,1.0
260,1,1060.0,310.0,50.0,138.0,1,1,1.0
261,1,1061.0,310.0,48.0,138.0,1,1,1.0
262,1,1062.0,310.0,46.0,138.0,1,1,1.0
263,1,1062.0,310.0,45.0,138.0,1,1,1.0
264,1,1062.0,310.0,44.0,138.0,1,1,1.0
265,1,1061.0,309.0,42.0,139.0,1,1,1.0
266,1,1060.0,308.0,42.0,138.0,1,1,1.0
267,1,1056.0,307.0,45.0,135.0,1,1,1.0
268,1,1053.0,306.0,49.0,132.0,1,1,1.0
269,1,1050.0,304.0,50.0,131.0,1,1,1.0
270,1,1049.0,303.0,51.0,131.0,1,1,1.0
271,1,1050.0,303.0,50.0,132.0,1,1,1.0
272,1,1050.0,303.0,49.0,132.0,1,1,1.0
273,1,1049.0,303.0,49.0,132.0,1,1,1.0
274,1,1049.0,303.0,49.0,131.0,1,1,1.0
275,1,1048.0,303.0,49.0,131.0,1,1,1.0
276,1,1048.0,302.0,49.0,129.0,1,1,1.0
277,1,1046.0,301.0,50.0,126.0,1,1,1.0
278,1,1045.0,299.0,50.0,126.0,1,1,1.0
279,1,1046.0,297.0,50.0,127.0,1,1,1.0
280,1,1047.0,297.0,49.0,127.0,1,1,1.0
281,1,1048.0,296.0,48.0,128.0,1,1,1.0
282,1,1049.0,296.0,45.0,128.0,1,1,1.0
283,1,1050.0,296.0,42.0,127.0,1,1,1.0
284,1,1049.0,296.0,41.0,128.0,1,1,1.0
285,1,1046.0,294.0,42.0,124.0,1,1,1.0
286,1,1042.0,293.0,44.0,122.0,1,1,1.0
287,1,1038.0,291.0,48.0,122.0,1,1,1.0
288,1,1036.0,290.0,50.0,122.0,1,1,1.0
289,1,1034.0,289.0,52.0,123.0,1,1,1.0
290,1,1034.0,289.0,52.0,123.0,1,1,1.0
291,1,1034.0,289.0,52.0,122.0,1,1,1.0
292,1,1035.0,289.0,51.0,122.0,1,1,1.0
293,1,1036.0,289.0,50.0,122.0,1,1,1.0
294,1,1037.0,289.0,49.0,121.0,1,1,1.0
295,1,1038.0,288.0,48.0,119.0,1,1,1.0
296,1,1038.0,287.0,47.0,118.0,1,1,1.0
297,1,1039.0,285.0,46.0,118.0,1,1,1.0
298,1,1039.0,284.0,44.0,118.0,1,1,1.0
299,1,1038.0,284.0,44.0,118.0,1,1,1.0
300,1,1038.0,283.0,44.0,118.0,1,1,1.0
301,1,1037.0,284.0,41.0,118.0,1,1,1.0
302,1,1038.0,284.0,40.0,118.0,1,1,1.0
303,1,1037.0,284.0,39.0,118.0,1,1,1.0
304,1,1037.0,283.0,38.0,118.0,1,1,1.0
305,1,1036.0,282.0,39.0,115.0,1,1,1.0
306,1,1033.0,281.0,41.0,113.0,1,1,1.0
307,1,1031.0,279.0,42.0,113.0,1,1,1.0
308,1,1030.0,278.0,43.0,113.0,1,1,1.0
309,1,1029.0,278.0,44.0,113.0,1,1,1.0
310,1,1029.0,278.0,44.0,114.0,1,1,1.0
311,1,1029.0,277.0,44.0,114.0,1,1,1.0
312,1,1029.0,277.0,43.0,114.0,1,1,1.0
313,1,1029.0,277.0,43.0,114.0,1,1,1.0
314,1,1028.0,277.0,41.0,113.0,1,1,1.0
315,1,1027.0,277.0,41.0,112.0,1,1,1.0
316,1,1026.0,277.0,41.0,109.0,1,1,1.0
317,1,1025.0,275.0,42.0,109.0,1,1,1.0
318,1,1025.0,274.0,42.0,109.0,1,1,1.0
319,1,1023.0,274.0,43.0,110.0,1,1,1.0
320,1,1020.0,273.0,45.0,111.0,1,1,1.0
321,1,1018.0,274.0,46.0,111.0,1,1,1.0
322,1,1017.0,274.0,46.0,110.0,1,1,1.0
323,1,1017.0,274.0,46.0,110.0,1,1,1.0
324,1,1017.0,273.0,44.0,110.0,1,1,1.0
325,1,1017.0,271.0,43.0,107.0,1,1,1.0
326,1,1014.0,270.0,44.0,107.0,1,1,1.0
327,1,1011.0,269.0,48.0,107.0,1,1,1.0
328,1,1011.0,268.0,48.0,107.0,1,1,1.0
329,1,1011.0,268.0,48.0,108.0,1,1,1.0
330,1,1010.0,268.0,48.0,107.0,1,1,1.0
331,1,1010.0,268.0,48.0,107.0,1,1,1.0
332,1,1010.0,268.0,48.0,107.0,1,1,1.0
333,1,1010.0,268.0,48.0,106.0,1,1,1.0
334,1,1010.0,267.0,48.0,104.0,1,1,1.0
335,1,1010.0,266.0,48.0,103.0,1,1,1.0
336,1,1011.0,265.0,46.0,103.0,1,1,1.0
337,1,1013.0,264.0,43.0,103.0,1,1,1.0
338,1,1013.0,263.0,41.0,104.0,1,1,1.0
339,1,1014.0,263.0,40.0,104.0,1,1,1.0
340,1,1015.0,264.0,38.0,104.0,1,1,1.0
341,1,1016.0,264.0,35.0,104.0,1,1,1.0
342,1,1016.0,264.0,34.0,104.0,1,1,1.0
343,1,1011.0,263.0,37.0,104.0,1,1,1.0
344,1,1009.0,263.0,38.0,104.0,1,1,1.0
345,1,1007.0,261.0,40.0,102.0,1,1,1.0
346,1,1006.0,260.0,42.0,101.0,1,1,1.0
347,1,1006.0,259.0,42.0,102.0,1,1,1.0
348,1,1006.0,259.0,42.0,102.0,1,1,1.0
349,1,1004.0,259.0,43.0,102.0,1,1,1.0
350,1,1004.0,260.0,43.0,102.0,1,1,1.0
351,1,1003.0,260.0,43.0,101.0,1,1,1.0
352,1,1003.0,259.0,43.0,100.0,1,1,1.0
353,1,1003.0,259.0,43.0,99.0,1,1,1.0
354,1,1005.0,258.0,40.0,97.0,1,1,1.0
355,1,1007.0,257.0,37.0,97.0,1,1,1.0
356,1,1009.0,256.0,34.0,98.0,1,1,1.0
357,1,1010.0,256.0,33.0,98.0,1,1,1.0
358,1,1010.0,256.0,33.0,99.0,1,1,1.0
359,1,1010.0,256.0,32.0,99.0,1,1,1.0
360,1,1009.0,257.0,33.0,98.0,1,1,1.0
361,1,1009.0,257.0,32.0,98.0,1,1,1.0
362,1,1008.0,257.0,31.0,97.0,1,1,1.0
363,1,1007.0,256.0,32.0,97.0,1,1,1.0
364,1,1006.0,255.0,33.0,95.0,1,1,1.0
365,1,1003.0,254.0,37.0,95.0,1,1,1.0
366,1,1001.0,253.0,38.0,95.0,1,1,1.0
367,1,1001.0,252.0,38.0,96.0,1,1,1.0
368,1,1001.0,252.0,38.0,96.0,1,1,1.0
369,1,1003.0,252.0,36.0,96.0,1,1,1.0
370,1,1004.0,252.0,36.0,96.0,1,1,1.0
371,1,1004.0,253.0,35.0,96.0,1,1,1.0
372,1,1005.0,253.0,34.0,95.0,1,1,1.0
373,1,1006.0,252.0,34.0,94.0,1,1,1.0
374,1,1007.0,252.0,34.0,92.0,1,1,1.0
375,1,1008.0,251.0,33.0,92.0,1,1,1.0
376,1,1009.0,251.0,34.0,92.0,1,1,1.0
377,1,1009.0,250.0,36.0,92.0,1,1,1.0
378,1,1009.0,250.0,38.0,92.0,1,1,1.0
379,1,1010.0,250.0,39.0,92.0,1,1,1.0
380,1,1011.0,251.0,39.0,92.0,1,1,1.0
381,1,1013.0,251.0,38.0,92.0,1,1,1.0
382,1,1014.0,251.0,47.0,91.0,1,1,1.0
383,1,1014.0,252.0,49.0,91.0,1,1,1.0
384,1,1016.0,252.0,49.0,90.0,1,1,1.0
385,1,1019.0,252.0,46.0,88.0,1,1,1.0
386,1,1022.0,251.0,44.0,88.0,1,1,1.0
387,1,1025.0,250.0,42.0,89.0,1,1,1.0
388,1,1027.0,250.0,42.0,88.0,1,1,1.0
389,1,1027.0,251.0,42.0,89.0,1,1,1.0
390,1,1027.0,251.0,44.0,88.0,1,1,1.0
391,1,1028.0,251.0,44.0,88.0,1,1,1.0
392,1,1028.0,251.0,50.0,88.0,1,1,1.0
393,1,1031.0,251.0,50.0,88.0,1,1,1.0
394,1,1037.0,251.0,48.0,88.0,1,1,1.0
395,1,1044.0,251.0,40.0,89.0,1,1,1.0
396,1,1052.0,251.0,37.0,89.0,1,1,1.0
397,1,1056.0,251.0,37.0,89.0,1,1,1.0
398,1,1057.0,252.0,38.0,89.0,1,1,1.0
399,1,1057.0,252.0,41.0,89.0,1,1,1.0
400,1,1057.0,253.0,45.0,88.0,1,1,1.0
401,1,1057.0,254.0,48.0,88.0,1,1,1.0
402,1,1058.0,255.0,50.0,87.0,1,1,1.0
403,1,1060.0,255.0,51.0,86.0,1,1,1.0
404,1,1064.0,255.0,51.0,88.0,1,1,1.0
405,1,1069.0,255.0,49.0,87.0,1,1,1.0
406,1,1077.0,255.0,43.0,87.0,1,1,1.0
407,1,1084.0,255.0,37.0,88.0,1,1,1.0
408,1,1091.0,256.0,32.0,90.0,1,1,1.0
409,1,1094.0,257.0,33.0,90.0,1,1,1.0
410,1,1095.0,257.0,36.0,92.0,1,1,1.0
411,1,1095.0,258.0,39.0,91.0,1,1,1.0
412,1,1095.0,259.0,46.0,92.0,1,1,1.0
413,1,1098.0,259.0,47.0,93.0,1,1,1.0
414,1,1103.0,259.0,44.0,93.0,1,1,1.0
415,1,1110.0,259.0,38.0,94.0,1,1,1.0
416,1,1116.0,259.0,33.0,94.0,1,1,1.0
417,1,1121.0,259.0,31.0,94.0,1,1,1.0
418,1,1123.0,260.0,33.0,94.0,1,1,1.0
419,1,1124.0,261.0,37.0,93.0,1,1,1.0
420,1,1124.0,262.0,42.0,93.0,1,1,1.0
421,1,1125.0,263.0,48.0,93.0,1,1,1.0
422,1,1125.0,264.0,50.0,94.0,1,1,1.0
423,1,1127.0,264.0,50.0,93.0,1,1,1.0
424,1,1132.0,265.0,47.0,93.0,1,1,1.0
425,1,1138.0,264.0,44.0,94.0,1,1,1.0
426,1,1146.0,264.0,39.0,93.0,1,1,1.0
427,1,1152.0,264.0,34.0,94.0,1,1,1.0
428,1,1156.0,265.0,35.0,94.0,1,1,1.0
429,1,1159.0,266.0,35.0,96.0,1,1,1.0
430,1,1161.0,267.0,36.0,96.0,1,1,1.0
431,1,1162.0,268.0,37.0,96.0,1,1,1.0
432,1,1164.0,269.0,37.0,97.0,1,1,1.0
433,1,1167.0,269.0,38.0,97.0,1,1,1.0
434,1,1172.0,269.0,36.0,97.0,1,1,1.0
435,1,1177.0,269.0,35.0,97.0,1,1,1.0
436,1,1181.0,269.0,33.0,97.0,1,1,1.0
437,1,1184.0,269.0,32.0,97.0,1,1,1.0
438,1,1185.0,270.0,34.0,97.0,1,1,1.0
439,1,1186.0,271.0,38.0,97.0,1,1,1.0
440,1,1187.0,272.0,43.0,97.0,1,1,1.0
441,1,1188.0,273.0,47.0,97.0,1,1,1.0
442,1,1188.0,274.0,49.0,98.0,1,1,1.0
443,1,1190.0,274.0,49.0,98.0,1,1,1.0
444,1,1194.0,274.0,48.0,99.0,1,1,1.0
445,1,1206.0,274.0,42.0,99.0,1,1,1.0
446,1,1215.0,274.0,37.0,99.0,1,1,1.0
447,1,1220.0,275.0,35.0,100.0,1,1,1.0
448,1,1222.0,276.0,41.0,101.0,1,1,1.0
452,1,1231.0,280.0,42.0,101.0,1,1,1.0
453,1,1236.0,281.0,41.0,101.0,1,1,1.0
454,1,1241.0,281.0,40.0,100.0,1,1,1.0
455,1,1247.0,281.0,41.0,101.0,1,1,1.0
456,1,1250.0,281.0,40.0,100.0,1,1,1.0
457,1,1252.0,282.0,38.0,100.0,1,1,1.0
458,1,1253.0,283.0,41.0,100.0,1,1,1.0
459,1,1253.0,285.0,47.0,100.0,1,1,1.0
460,1,1254.0,286.0,51.0,100.0,1,1,1.0
461,1,1255.0,286.0,52.0,101.0,1,1,1.0
462,1,1257.0,287.0,51.0,101.0,1,1,1.0
463,1,1261.0,287.0,49.0,101.0,1,1,1.0
464,1,1268.0,287.0,46.0,101.0,1,1,1.0
465,1,1275.0,288.0,41.0,100.0,1,1,1.0
466,1,1282.0,289.0,37.0,99.0,1,1,1.0
467,1,1286.0,289.0,37.0,100.0,1,1,1.0
468,1,1289.0,289.0,37.0,101.0,1,1,1.0
469,1,1290.0,290.0,40.0,101.0,1,1,1.0
470,1,1291.0,290.0,41.0,101.0,1,1,1.0
471,1,1291.0,291.0,51.0,102.0,1,1,1.0
472,1,1294.0,292.0,51.0,102.0,1,1,1.0
473,1,1299.0,293.0,48.0,102.0,1,1,1.0
474,1,1306.0,293.0,42.0,103.0,1,1,1.0
475,1,1310.0,293.0,37.0,103.0,1,1,1.0
476,1,1312.0,293.0,39.0,103.0,1,1,1.0
477,1,1314.0,293.0,39.0,103.0,1,1,1.0
478,1,1316.0,294.0,43.0,102.0,1,1,1.0
479,1,1317.0,295.0,42.0,101.0,1,1,1.0
480,1,1318.0,298.0,42.0,97.0,1,1,1.0
481,1,1318.0,300.0,44.0,96.0,1,1,1.0
482,1,1319.0,300.0,45.0,96.0,1,1,1.0
483,1,1321.0,300.0,47.0,96.0,1,1,1.0
484,1,1329.0,300.0,43.0,89.0,1,1,1.0
485,1,1334.0,300.0,41.0,86.0,1,1,1.0
486,1,1341.0,300.0,38.0,85.0,1,1,1.0
487,1,1347.0,300.0,39.0,85.0,1,1,1.0
488,1,1351.0,300.0,37.0,84.0,1,1,1.0
489,1,1355.0,301.0,45.0,84.0,1,1,1.0
492,1,1363.0,304.0,38.0,83.0,1,1,1.0
494,1,1367.0,306.0,43.0,83.0,1,1,1.0
497,1,1373.0,307.0,35.0,99.0,1,1,1.0
498,1,1375.0,308.0,33.0,100.0,1,1,1.0
499,1,1376.0,309.0,33.0,105.0,1,1,1.0
500,1,1377.0,310.0,36.0,109.0,1,1,1.0
501,1,1379.0,311.0,37.0,110.0,1,1,1.0
502,1,1380.0,313.0,37.0,109.0,1,1,1.0
503,1,1382.0,314.0,37.0,109.0,1,1,1.0
504,1,1384.0,316.0,37.0,107.0,1,1,1.0
505,1,1386.0,316.0,37.0,108.0,1,1,1.0
506,1,1388.0,315.0,38.0,109.0,1,1,1.0
507,1,1390.0,314.0,39.0,110.0,1,1,1.0
508,1,1391.0,314.0,37.0,109.0,1,1,1.0
509,1,1392.0,315.0,43.0,109.0,1,1,1.0
510,1,1392.0,316.0,43.0,110.0,1,1,1.0
511,1,1393.0,318.0,41.0,110.0,1,1,1.0
512,1,1393.0,319.0,47.0,111.0,1,1,1.0
513,1,1393.0,319.0,48.0,112.0,1,1,1.0
514,1,1393.0,319.0,46.0,112.0,1,1,1.0
515,1,1394.0,320.0,44.0,111.0,1,1,1.0
516,1,1394.0,320.0,42.0,111.0,1,1,1.0
517,1,1394.0,320.0,40.0,110.0,1,1,1.0
518,1,1394.0,320.0,39.0,111.0,1,1,1.0
519,1,1394.0,320.0,39.0,112.0,1,1,1.0
520,1,1395.0,321.0,38.0,114.0,1,1,1.0
521,1,1395.0,322.0,37.0,115.0,1,1,1.0
522,1,1396.0,322.0,36.0,116.0,1,1,1.0
523,1,1396.0,323.0,36.0,117.0,1,1,1.0
524,1,1397.0,323.0,38.0,118.0,1,1,1.0
525,1,1397.0,323.0,41.0,118.0,1,1,1.0
526,1,1397.0,323.0,40.0,118.0,1,1,1.0
527,1,1397.0,323.0,39.0,118.0,1,1,1.0
528,1,1397.0,323.0,41.0,118.0,1,1,1.0
529,1,1397.0,324.0,42.0,118.0,1,1,1.0
530,1,1396.0,325.0,42.0,119.0,1,1,1.0
531,1,1396.0,326.0,40.0,120.0,1,1,1.0
532,1,1395.0,327.0,38.0,121.0,1,1,1.0
533,1,1394.0,327.0,40.0,121.0,1,1,1.0
534,1,1393.0,327.0,41.0,121.0,1,1,1.0
535,1,1392.0,327.0,41.0,121.0,1,1,1.0
536,1,1391.0,327.0,40.0,121.0,1,1,1.0
537,1,1390.0,327.0,40.0,121.0,1,1,1.0
538,1,1389.0,328.0,42.0,121.0,1,1,1.0
539,1,1387.0,329.0,44.0,123.0,1,1,1.0
540,1,1386.0,331.0,45.0,124.0,1,1,1.0
541,1,1384.0,332.0,44.0,124.0,1,1,1.0
542,1,1383.0,333.0,44.0,124.0,1,1,1.0
543,1,1381.0,334.0,45.0,122.0,1,1,1.0
544,1,1380.0,334.0,46.0,123.0,1,1,1.0
545,1,1379.0,332.0,44.0,125.0,1,1,1.0
546,1,1378.0,332.0,42.0,125.0,1,1,1.0
547,1,1378.0,332.0,41.0,125.0,1,1,1.0
548,1,1376.0,332.0,43.0,125.0,1,1,1.0
549,1,1373.0,333.0,46.0,124.0,1,1,1.0
550,1,1367.0,334.0,50.0,125.0,1,1,1.0
551,1,1363.0,334.0,51.0,126.0,1,1,1.0
552,1,1362.0,335.0,49.0,126.0,1,1,1.0
553,1,1360.0,335.0,47.0,126.0,1,1,1.0
554,1,1360.0,335.0,46.0,126.0,1,1,1.0
555,1,1359.0,335.0,45.0,126.0,1,1,1.0
556,1,1358.0,335.0,43.0,127.0,1,1,1.0
557,1,1356.0,335.0,44.0,128.0,1,1,1.0
558,1,1355.0,336.0,44.0,130.0,1,1,1.0
559,1,1353.0,337.0,46.0,131.0,1,1,1.0
560,1,1351.0,338.0,46.0,132.0,1,1,1.0
561,1,1348.0,339.0,51.0,132.0,1,1,1.0
562,1,1347.0,341.0,53.0,132.0,1,1,1.0
563,1,1346.0,341.0,52.0,132.0,1,1,1.0
564,1,1345.0,341.0,47.0,132.0,1,1,1.0
565,1,1344.0,341.0,44.0,132.0,1,1,1.0
566,1,1342.0,341.0,43.0,132.0,1,1,1.0
567,1,1341.0,341.0,44.0,132.0,1,1,1.0
568,1,1339.0,342.0,44.0,131.0,1,1,1.0
569,1,1332.0,342.0,51.0,132.0,1,1,1.0
570,1,1327.0,343.0,57.0,132.0,1,1,1.0
571,1,1323.0,343.0,55.0,133.0,1,1,1.0
572,1,1322.0,343.0,53.0,134.0,1,1,1.0
573,1,1321.0,343.0,52.0,135.0,1,1,1.0
574,1,1320.0,343.0,50.0,136.0,1,1,1.0
575,1,1320.0,342.0,48.0,136.0,1,1,1.0
576,1,1319.0,342.0,47.0,137.0,1,1,1.0
577,1,1317.0,342.0,48.0,138.0,1,1,1.0
578,1,1315.0,342.0,50.0,140.0,1,1,1.0
579,1,1313.0,343.0,52.0,141.0,1,1,1.0
580,1,1309.0,344.0,54.0,142.0,1,1,1.0
581,1,1307.0,346.0,56.0,138.0,1,1,1.0
582,1,1305.0,347.0,58.0,135.0,1,1,1.0
583,1,1303.0,347.0,50.0,135.0,1,1,1.0
584,1,1300.0,348.0,46.0,139.0,1,1,1.0
585,1,1298.0,347.0,45.0,141.0,1,1,1.0
586,1,1296.0,347.0,49.0,142.0,1,1,1.0
587,1,1294.0,346.0,49.0,143.0,1,1,1.0
588,1,1290.0,347.0,52.0,143.0,1,1,1.0
589,1,1284.0,348.0,55.0,143.0,1,1,1.0
590,1,1274.0,349.0,62.0,143.0,1,1,1.0
591,1,1269.0,350.0,65.0,143.0,1,1,1.0
592,1,1268.0,351.0,60.0,144.0,1,1,1.0
593,1,1266.0,351.0,59.0,144.0,1,1,1.0
594,1,1265.0,351.0,56.0,144.0,1,1,1.0
595,1,1264.0,350.0,51.0,145.0,1,1,1.0
596,1,1263.0,349.0,49.0,145.0,1,1,1.0
597,1,1260.0,349.0,49.0,147.0,1,1,1.0
598,1,1256.0,350.0,53.0,149.0,1,1,1.0
599,1,1254.0,351.0,60.0,151.0,1,1,1.0
600,1,1246.0,352.0,69.0,151.0,1,1,1.0
601,1,1242.0,354.0,72.0,151.0,1,1,1.0
602,1,1240.0,355.0,71.0,151.0,1,1,1.0
603,1,1239.0,355.0,70.0,151.0,1,1,1.0
605,1,1235.0,354.0,63.0,152.0,1,1,1.0
606,1,1232.0,354.0,62.0,153.0,1,1,1.0
607,1,1230.0,354.0,58.0,153.0,1,1,1.0
608,1,1226.0,354.0,56.0,153.0,1,1,1.0
609,1,1218.0,354.0,58.0,152.0,1,1,1.0
610,1,1209.0,356.0,64.0,152.0,1,1,1.0
611,1,1200.0,357.0,67.0,153.0,1,1,1.0
612,1,1196.0,357.0,68.0,153.0,1,1,1.0
613,1,1194.0,357.0,65.0,154.0,1,1,1.0
614,1,1193.0,357.0,61.0,154.0,1,1,1.0
615,1,1193.0,357.0,57.0,155.0,1,1,1.0
616,1,1193.0,356.0,53.0,156.0,1,1,1.0
617,1,1192.0,356.0,53.0,156.0,1,1,1.0
618,1,1189.0,356.0,50.0,158.0,1,1,1.0
619,1,1186.0,357.0,49.0,160.0,1,1,1.0
620,1,1181.0,358.0,50.0,160.0,1,1,1.0
621,1,1174.0,360.0,66.0,160.0,1,1,1.0
625,1,1163.0,362.0,70.0,162.0,1,1,1.0
626,1,1160.0,362.0,57.0,163.0,1,1,1.0
627,1,1156.0,361.0,57.0,163.0,1,1,1.0
628,1,1152.0,361.0,55.0,163.0,1,1,1.0
629,1,1147.0,361.0,56.0,163.0,1,1,1.0
630,1,1137.0,362.0,62.0,163.0,1,1,1.0
631,1,1126.0,363.0,70.0,162.0,1,1,1.0
632,1,1118.0,365.0,73.0,163.0,1,1,1.0
633,1,1113.0,365.0,72.0,163.0,1,1,1.0
634,1,1111.0,365.0,71.0,164.0,1,1,1.0
635,1,1110.0,365.0,68.0,164.0,1,1,1.0
636,1,1108.0,364.0,63.0,165.0,1,1,1.0
637,1,1106.0,363.0,61.0,166.0,1,1,1.0
638,1,1102.0,363.0,65.0,166.0,1,1,1.0
639,1,1097.0,363.0,68.0,169.0,1,1,1.0
640,1,1094.0,364.0,72.0,171.0,1,1,1.0
