83,1,1369.0,976.0,154.0,103.0,1,1,1.0
84,1,1372.0,965.0,152.0,114.0,1,1,1.0
85,1,1376.0,951.0,150.0,127.0,1,1,1.0
86,1,1379.0,939.0,146.0,140.0,1,1,1.0
87,1,1380.0,926.0,148.0,153.0,1,1,1.0
88,1,1379.0,913.0,148.0,165.0,1,1,1.0
89,1,1376.0,901.0,151.0,177.0,1,1,1.0
90,1,1371.0,891.0,155.0,187.0,1,1,1.0
91,1,1364.0,883.0,156.0,196.0,1,1,1.0
92,1,1358.0,876.0,156.0,203.0,1,1,1.0
93,1,1350.0,870.0,157.0,209.0,1,1,1.0
94,1,1342.0,862.0,160.0,216.0,1,1,1.0
95,1,1332.0,853.0,166.0,225.0,1,1,1.0
96,1,1322.0,842.0,172.0,236.0,1,1,1.0
97,1,1316.0,830.0,178.0,249.0,1,1,1.0
98,1,1313.0,817.0,182.0,261.0,1,1,1.0
99,1,1312.0,807.0,187.0,271.0,1,1,1.0
100,1,1312.0,798.0,188.0,280.0,1,1,1.0
101,1,1311.0,793.0,190.0,286.0,1,1,1.0
102,1,1311.0,788.0,192.0,291.0,1,1,1.0
103,1,1311.0,782.0,192.0,297.0,1,1,1.0
104,1,1312.0,773.0,188.0,306.0,1,1,1.0
105,1,1313.0,764.0,182.0,315.0,1,1,1.0
106,1,1312.0,753.0,176.0,325.0,1,1,1.0
107,1,1311.0,743.0,166.0,335.0,1,1,1.0
108,1,1309.0,734.0,154.0,344.0,1,1,1.0
109,1,1307.0,727.0,142.0,351.0,1,1,1.0
110,1,1304.0,722.0,136.0,356.0,1,1,1.0
111,1,1300.0,718.0,128.0,360.0,1,1,1.0
112,1,1293.0,713.0,126.0,364.0,1,1,1.0
113,1,1290.0,708.0,121.0,360.0,1,1,1.0
114,1,1286.0,700.0,118.0,353.0,1,1,1.0
115,1,1283.0,691.0,116.0,337.0,1,1,1.0
116,1,1280.0,681.0,115.0,332.0,1,1,1.0
117,1,1276.0,671.0,118.0,326.0,1,1,1.0
118,1,1273.0,662.0,120.0,328.0,1,1,1.0
119,1,1271.0,656.0,129.0,333.0,1,1,1.0
120,1,1268.0,652.0,136.0,335.0,1,1,1.0
121,1,1264.0,648.0,144.0,337.0,1,1,1.0
122,1,1261.0,645.0,148.0,336.0,1,1,1.0
123,1,1259.0,640.0,148.0,332.0,1,1,1.0
124,1,1257.0,634.0,143.0,329.0,1,1,1.0
125,1,1256.0,626.0,135.0,317.0,1,1,1.0
126,1,1254.0,617.0,125.0,305.0,1,1,1.0
127,1,1248.0,610.0,114.0,302.0,1,1,1.0
128,1,1238.0,604.0,113.0,304.0,1,1,1.0
129,1,1229.0,600.0,119.0,307.0,1,1,1.0
130,1,1223.0,598.0,116.0,309.0,1,1,1.0
131,1,1216.0,595.0,113.0,311.0,1,1,1.0
132,1,1212.0,592.0,106.0,307.0,1,1,1.0
133,1,1211.0,586.0,98.0,306.0,1,1,1.0
134,1,1211.0,580.0,95.0,298.0,1,1,1.0
135,1,1211.0,572.0,94.0,288.0,1,1,1.0
136,1,1211.0,565.0,92.0,282.0,1,1,1.0
137,1,1209.0,559.0,91.0,284.0,1,1,1.0
138,1,1207.0,555.0,94.0,286.0,1,1,1.0
139,1,1204.0,552.0,100.0,288.0,1,1,1.0
140,1,1201.0,550.0,104.0,288.0,1,1,1.0
141,1,1198.0,547.0,107.0,286.0,1,1,1.0
142,1,1193.0,544.0,110.0,283.0,1,1,1.0
143,1,1190.0,540.0,112.0,277.0,1,1,1.0
144,1,1189.0,534.0,111.0,269.0,1,1,1.0
145,1,1187.0,528.0,109.0,261.0,1,1,1.0
146,1,1184.0,522.0,106.0,262.0,1,1,1.0
147,1,1177.0,518.0,104.0,264.0,1,1,1.0
148,1,1171.0,516.0,104.0,266.0,1,1,1.0
149,1,1164.0,516.0,103.0,267.0,1,1,1.0
150,1,1160.0,514.0,100.0,267.0,1,1,1.0
151,1,1157.0,511.0,98.0,265.0,1,1,1.0
152,1,1155.0,507.0,96.0,263.0,1,1,1.0
153,1,1153.0,501.0,91.0,257.0,1,1,1.0
154,1,1150.0,495.0,90.0,250.0,1,1,1.0
155,1,1147.0,491.0,91.0,244.0,1,1,1.0
156,1,1143.0,486.0,94.0,245.0,1,1,1.0
157,1,1140.0,484.0,98.0,247.0,1,1,1.0
158,1,1137.0,483.0,100.0,248.0,1,1,1.0
159,1,1135.0,482.0,100.0,248.0,1,1,1.0
160,1,1133.0,480.0,99.0,247.0,1,1,1.0
161,1,1132.0,478.0,98.0,245.0,1,1,1.0
162,1,1130.0,475.0,96.0,245.0,1,1,1.0
163,1,1129.0,471.0,96.0,239.0,1,1,1.0
164,1,1128.0,467.0,94.0,232.0,1,1,1.0
165,1,1126.0,462.0,93.0,229.0,1,1,1.0
166,1,1124.0,458.0,86.0,230.0,1,1,1.0
167,1,1121.0,456.0,82.0,232.0,1,1,1.0
168,1,1119.0,456.0,81.0,232.0,1,1,1.0
169,1,1117.0,456.0,80.0,232.0,1,1,1.0
170,1,1115.0,456.0,74.0,232.0,1,1,1.0
171,1,1112.0,453.0,74.0,230.0,1,1,1.0
172,1,1109.0,449.0,78.0,229.0,1,1,1.0
173,1,1106.0,445.0,79.0,225.0,1,1,1.0
174,1,1104.0,439.0,76.0,220.0,1,1,1.0
175,1,1103.0,436.0,76.0,218.0,1,1,1.0
176,1,1102.0,433.0,77.0,219.0,1,1,1.0
177,1,1100.0,432.0,79.0,220.0,1,1,1.0
178,1,1097.0,432.0,82.0,221.0,1,1,1.0
179,1,1095.0,431.0,83.0,222.0,1,1,1.0
180,1,1094.0,429.0,83.0,221.0,1,1,1.0
181,1,1094.0,427.0,80.0,217.0,1,1,1.0
182,1,1095.0,424.0,78.0,217.0,1,1,1.0
183,1,1096.0,420.0,76.0,210.0,1,1,1.0
184,1,1096.0,416.0,73.0,205.0,1,1,1.0
185,1,1095.0,413.0,73.0,204.0,1,1,1.0
186,1,1093.0,411.0,75.0,205.0,1,1,1.0
187,1,1090.0,409.0,76.0,206.0,1,1,1.0
188,1,1088.0,409.0,76.0,206.0,1,1,1.0
189,1,1086.0,408.0,75.0,207.0,1,1,1.0
190,1,1085.0,408.0,73.0,206.0,1,1,1.0
191,1,1082.0,406.0,73.0,203.0,1,1,1.0
192,1,1081.0,403.0,73.0,201.0,1,1,1.0
193,1,1080.0,399.0,65.0,197.0,1,1,1.0
194,1,1079.0,395.0,69.0,193.0,1,1,1.0
195,1,1076.0,392.0,70.0,192.0,1,1,1.0
196,1,1074.0,390.0,72.0,193.0,1,1,1.0
197,1,1069.0,389.0,77.0,194.0,1,1,1.0
198,1,1065.0,389.0,81.0,194.0,1,1,1.0
199,1,1065.0,389.0,81.0,193.0,1,1,1.0
200,1,1066.0,388.0,78.0,192.0,1,1,1.0
201,1,1067.0,386.0,75.0,191.0,1,1,1.0
202,1,1071.0,383.0,70.0,188.0,1,1,1.0
203,1,1072.0,380.0,69.0,183.0,1,1,1.0
204,1,1072.0,376.0,68.0,182.0,1,1,1.0
205,1,1072.0,373.0,67.0,182.0,1,1,1.0
206,1,1069.0,372.0,70.0,183.0,1,1,1.0
207,1,1064.0,372.0,75.0,183.0,1,1,1.0
208,1,1061.0,373.0,77.0,182.0,1,1,1.0
209,1,1062.0,373.0,72.0,182.0,1,1,1.0
210,1,1063.0,372.0,66.0,180.0,1,1,1.0
211,1,1063.0,370.0,60.0,180.0,1,1,1.0
212,1,1062.0,367.0,60.0,177.0,1,1,1.0
213,1,1061.0,364.0,59.0,175.0,1,1,1.0
214,1,1061.0,360.0,61.0,172.0,1,1,1.0
215,1,1062.0,357.0,61.0,172.0,1,1,1.0
216,1,1062.0,356.0,61.0,172.0,1,1,1.0
217,1,1062.0,356.0,62.0,172.0,1,1,1.0
218,1,1061.0,357.0,61.0,172.0,1,1,1.0
219,1,1062.0,357.0,61.0,171.0,1,1,1.0
220,1,1062.0,356.0,60.0,171.0,1,1,1.0
221,1,1062.0,354.0,58.0,170.0,1,1,1.0
222,1,1062.0,352.0,57.0,166.0,1,1,1.0
223,1,1061.0,349.0,57.0,164.0,1,1,1.0
224,1,1057.0,346.0,60.0,164.0,1,1,1.0
225,1,1055.0,345.0,61.0,165.0,1,1,1.0
226,1,1053.0,344.0,63.0,164.0,1,1,1.0
227,1,1051.0,344.0,63.0,164.0,1,1,1.0
228,1,1051.0,345.0,60.0,163.0,1,1,1.0
229,1,1052.0,345.0,56.0,162.0,1,1,1.0
230,1,1051.0,344.0,53.0,161.0,1,1,1.0
231,1,1050.0,342.0,50.0,159.0,1,1,1.0
232,1,1048.0,339.0,50.0,156.0,1,1,1.0
233,1,1046.0,335.0,52.0,156.0,1,1,1.0
234,1,1046.0,332.0,53.0,156.0,1,1,1.0
235,1,1047.0,331.0,54.0,156.0,1,1,1.0
236,1,1047.0,332.0,55.0,155.0,1,1,1.0
237,1,1046.0,333.0,57.0,154.0,1,1,1.0
238,1,1047.0,333.0,57.0,152.0,1,1,1.0
239,1,1047.0,332.0,56.0,152.0,1,1,1.0
240,1,1047.0,330.0,55.0,150.0,1,1,1.0
241,1,1047.0,328.0,54.0,147.0,1,1,1.0
242,1,1047.0,325.0,52.0,146.0,1,1,1.0
243,1,1046.0,323.0,52.0,147.0,1,1,1.0
244,1,1045.0,322.0,52.0,148.0,1,1,1.0
245,1,1044.0,322.0,53.0,148.0,1,1,1.0
246,1,1043.0,323.0,53.0,147.0,1,1,1.0
247,1,1043.0,324.0,51.0,146.0,1,1,1.0
248,1,1042.0,323.0,49.0,146.0,1,1,1.0
249,1,1042.0,322.0,47.0,145.0,1,1,1.0
250,1,1041.0,320.0,46.0,143.0,1,1,1.0
251,1,1039.0,318.0,46.0,141.0,1,1,1.0
252,1,1037.0,315.0,48.0,140.0,1,1,1.0
253,1,1035.0,313.0,51.0,141.0,1,1,1.0
254,1,1032.0,313.0,55.0,141.0,1,1,1.0
255,1,1031.0,313.0,57.0,140.0,1,1,1.0
256,1,1032.0,314.0,55.0,139.0,1,1,1.0
257,1,1034.0,314.0,52.0,138.0,1,1,1.0
258,1,1035.0,314.0,51.0,138.0,1,1,1.0
259,1,1035.0,312.0,50.0,137.0,1,1,1.0
260,1,1036.0,309.0,48.0,135.0,1,1,1.0
261,1,1036.0,307.0,46.0,134.0,1,1,1.0
262,1,1035.0,305.0,46.0,135.0,1,1,1.0
263,1,1034.0,304.0,46.0,135.0,1,1,1.0
264,1,1032.0,304.0,46.0,135.0,1,1,1.0
265,1,1031.0,305.0,46.0,134.0,1,1,1.0
266,1,1031.0,305.0,45.0,134.0,1,1,1.0
267,1,1030.0,305.0,45.0,132.0,1,1,1.0
268,1,1027.0,304.0,46.0,131.0,1,1,1.0
269,1,1023.0,301.0,49.0,129.0,1,1,1.0
270,1,1019.0,299.0,54.0,128.0,1,1,1.0
271,1,1015.0,297.0,58.0,129.0,1,1,1.0
272,1,1014.0,296.0,59.0,130.0,1,1,1.0
273,1,1017.0,295.0,56.0,130.0,1,1,1.0
274,1,1020.0,296.0,53.0,129.0,1,1,1.0
275,1,1021.0,297.0,51.0,127.0,1,1,1.0
276,1,1023.0,297.0,49.0,127.0,1,1,1.0
277,1,1023.0,296.0,49.0,127.0,1,1,1.0
278,1,1023.0,294.0,50.0,125.0,1,1,1.0
279,1,1022.0,291.0,52.0,124.0,1,1,1.0
280,1,1022.0,288.0,52.0,125.0,1,1,1.0
281,1,1021.0,287.0,49.0,125.0,1,1,1.0
282,1,1021.0,288.0,48.0,125.0,1,1,1.0
283,1,1021.0,288.0,46.0,125.0,1,1,1.0
284,1,1021.0,289.0,44.0,124.0,1,1,1.0
285,1,1021.0,289.0,42.0,123.0,1,1,1.0
286,1,1019.0,288.0,42.0,123.0,1,1,1.0
287,1,1017.0,287.0,41.0,120.0,1,1,1.0
288,1,1016.0,285.0,41.0,118.0,1,1,1.0
289,1,1014.0,284.0,42.0,119.0,1,1,1.0
290,1,1012.0,282.0,45.0,120.0,1,1,1.0
291,1,1011.0,282.0,46.0,120.0,1,1,1.0
292,1,1012.0,282.0,46.0,120.0,1,1,1.0
293,1,1012.0,283.0,46.0,119.0,1,1,1.0
294,1,1013.0,283.0,45.0,118.0,1,1,1.0
295,1,1012.0,283.0,45.0,117.0,1,1,1.0
296,1,1013.0,282.0,44.0,116.0,1,1,1.0
297,1,1012.0,281.0,44.0,114.0,1,1,1.0
298,1,1011.0,279.0,45.0,113.0,1,1,1.0
299,1,1010.0,277.0,45.0,113.0,1,1,1.0
300,1,1008.0,276.0,46.0,113.0,1,1,1.0
301,1,1008.0,276.0,45.0,114.0,1,1,1.0
302,1,1009.0,275.0,42.0,115.0,1,1,1.0
303,1,1009.0,276.0,41.0,114.0,1,1,1.0
304,1,1009.0,277.0,39.0,113.0,1,1,1.0
305,1,1009.0,276.0,37.0,113.0,1,1,1.0
306,1,1008.0,276.0,37.0,112.0,1,1,1.0
307,1,1007.0,274.0,38.0,111.0,1,1,1.0
308,1,1006.0,271.0,39.0,111.0,1,1,1.0
309,1,1003.0,270.0,42.0,110.0,1,1,1.0
310,1,1001.0,269.0,45.0,110.0,1,1,1.0
311,1,1000.0,270.0,46.0,110.0,1,1,1.0
312,1,1002.0,271.0,45.0,109.0,1,1,1.0
313,1,1003.0,272.0,44.0,109.0,1,1,1.0
314,1,1003.0,272.0,44.0,108.0,1,1,1.0
315,1,1003.0,271.0,43.0,108.0,1,1,1.0
316,1,1003.0,270.0,43.0,106.0,1,1,1.0
317,1,1005.0,268.0,42.0,106.0,1,1,1.0
318,1,1005.0,266.0,40.0,106.0,1,1,1.0
319,1,1003.0,265.0,41.0,107.0,1,1,1.0
320,1,1003.0,264.0,40.0,107.0,1,1,1.0
321,1,1005.0,266.0,39.0,107.0,1,1,1.0
322,1,1005.0,266.0,38.0,107.0,1,1,1.0
323,1,1004.0,266.0,38.0,106.0,1,1,1.0
324,1,1003.0,265.0,37.0,106.0,1,1,1.0
325,1,1001.0,265.0,38.0,105.0,1,1,1.0
326,1,1000.0,264.0,39.0,103.0,1,1,1.0
327,1,998.0,263.0,39.0,102.0,1,1,1.0
328,1,998.0,261.0,39.0,103.0,1,1,1.0
329,1,1000.0,260.0,37.0,104.0,1,1,1.0
330,1,1001.0,259.0,37.0,104.0,1,1,1.0
331,1,1001.0,259.0,37.0,104.0,1,1,1.0
332,1,1001.0,260.0,37.0,103.0,1,1,1.0
333,1,1002.0,261.0,36.0,102.0,1,1,1.0
334,1,1002.0,261.0,36.0,102.0,1,1,1.0
335,1,1002.0,261.0,36.0,100.0,1,1,1.0
336,1,1002.0,260.0,36.0,99.0,1,1,1.0
337,1,1003.0,258.0,36.0,99.0,1,1,1.0
338,1,1002.0,256.0,36.0,99.0,1,1,1.0
339,1,1001.0,255.0,38.0,100.0,1,1,1.0
340,1,1000.0,255.0,39.0,100.0,1,1,1.0
341,1,999.0,256.0,40.0,99.0,1,1,1.0
342,1,1000.0,257.0,38.0,99.0,1,1,1.0
343,1,1000.0,257.0,38.0,98.0,1,1,1.0
344,1,999.0,258.0,38.0,97.0,1,1,1.0
345,1,999.0,257.0,38.0,96.0,1,1,1.0
346,1,1000.0,255.0,36.0,95.0,1,1,1.0
347,1,999.0,254.0,35.0,95.0,1,1,1.0
348,1,1000.0,253.0,34.0,96.0,1,1,1.0
349,1,1000.0,252.0,34.0,96.0,1,1,1.0
350,1,1001.0,252.0,35.0,97.0,1,1,1.0
351,1,1002.0,252.0,35.0,97.0,1,1,1.0
352,1,1004.0,252.0,34.0,96.0,1,1,1.0
353,1,1004.0,253.0,35.0,94.0,1,1,1.0
354,1,1005.0,253.0,35.0,93.0,1,1,1.0
355,1,1005.0,253.0,36.0,91.0,1,1,1.0
356,1,1006.0,252.0,37.0,90.0,1,1,1.0
357,1,1008.0,251.0,38.0,91.0,1,1,1.0
358,1,1010.0,251.0,37.0,92.0,1,1,1.0
359,1,1011.0,250.0,39.0,92.0,1,1,1.0
360,1,1014.0,250.0,37.0,92.0,1,1,1.0
361,1,1016.0,251.0,42.0,92.0,1,1,1.0
362,1,1016.0,251.0,43.0,91.0,1,1,1.0
363,1,1017.0,253.0,45.0,90.0,1,1,1.0
364,1,1019.0,254.0,46.0,89.0,1,1,1.0
365,1,1024.0,255.0,43.0,88.0,1,1,1.0
366,1,1030.0,255.0,38.0,87.0,1,1,1.0
367,1,1039.0,254.0,31.0,87.0,1,1,1.0
368,1,1042.0,253.0,31.0,89.0,1,1,1.0
369,1,1042.0,252.0,35.0,89.0,1,1,1.0
370,1,1043.0,252.0,40.0,90.0,1,1,1.0
371,1,1046.0,254.0,42.0,88.0,1,1,1.0
372,1,1047.0,256.0,44.0,86.0,1,1,1.0
374,1,1055.0,256.0,43.0,83.0,1,1,1.0
375,1,1063.0,255.0,38.0,84.0,1,1,1.0
376,1,1070.0,254.0,35.0,88.0,1,1,1.0
377,1,1075.0,254.0,31.0,90.0,1,1,1.0
378,1,1078.0,255.0,31.0,92.0,1,1,1.0
379,1,1081.0,256.0,30.0,92.0,1,1,1.0
380,1,1084.0,258.0,29.0,90.0,1,1,1.0
381,1,1085.0,259.0,32.0,89.0,1,1,1.0
382,1,1086.0,259.0,38.0,89.0,1,1,1.0
383,1,1087.0,260.0,42.0,91.0,1,1,1.0
384,1,1089.0,261.0,42.0,86.0,1,1,1.0
385,1,1092.0,262.0,40.0,83.0,1,1,1.0
386,1,1096.0,262.0,39.0,89.0,1,1,1.0
387,1,1102.0,262.0,37.0,92.0,1,1,1.0
388,1,1108.0,261.0,34.0,93.0,1,1,1.0
389,1,1111.0,261.0,39.0,94.0,1,1,1.0
390,1,1112.0,261.0,43.0,95.0,1,1,1.0
391,1,1113.0,262.0,42.0,96.0,1,1,1.0
392,1,1114.0,264.0,51.0,95.0,1,1,1.0
393,1,1116.0,265.0,52.0,96.0,1,1,1.0
394,1,1119.0,266.0,52.0,96.0,1,1,1.0
395,1,1123.0,266.0,47.0,98.0,1,1,1.0
396,1,1128.0,265.0,42.0,99.0,1,1,1.0
397,1,1134.0,264.0,37.0,99.0,1,1,1.0
398,1,1138.0,264.0,34.0,99.0,1,1,1.0
399,1,1140.0,265.0,34.0,99.0,1,1,1.0
400,1,1143.0,268.0,37.0,99.0,1,1,1.0
401,1,1144.0,270.0,41.0,98.0,1,1,1.0
402,1,1146.0,271.0,43.0,98.0,1,1,1.0
403,1,1147.0,270.0,44.0,99.0,1,1,1.0
404,1,1149.0,271.0,42.0,99.0,1,1,1.0
405,1,1154.0,271.0,40.0,100.0,1,1,1.0
406,1,1158.0,271.0,37.0,100.0,1,1,1.0
407,1,1164.0,271.0,35.0,100.0,1,1,1.0
408,1,1166.0,271.0,39.0,101.0,1,1,1.0
409,1,1167.0,272.0,44.0,102.0,1,1,1.0
410,1,1167.0,273.0,47.0,102.0,1,1,1.0
411,1,1168.0,275.0,54.0,102.0,1,1,1.0
412,1,1171.0,276.0,53.0,102.0,1,1,1.0
413,1,1174.0,277.0,53.0,102.0,1,1,1.0
414,1,1177.0,278.0,50.0,101.0,1,1,1.0
415,1,1182.0,278.0,47.0,102.0,1,1,1.0
416,1,1187.0,277.0,42.0,103.0,1,1,1.0
417,1,1193.0,277.0,37.0,103.0,1,1,1.0
418,1,1196.0,277.0,35.0,104.0,1,1,1.0
419,1,1198.0,278.0,36.0,105.0,1,1,1.0
420,1,1200.0,280.0,42.0,104.0,1,1,1.0
422,1,1201.0,284.0,47.0,104.0,1,1,1.0
423,1,1204.0,285.0,46.0,103.0,1,1,1.0
424,1,1206.0,285.0,44.0,104.0,1,1,1.0
427,1,1222.0,284.0,41.0,105.0,1,1,1.0
431,1,1226.0,288.0,43.0,122.0,1,1,1.0
432,1,1228.0,289.0,43.0,123.0,1,1,1.0
433,1,1231.0,290.0,43.0,123.0,1,1,1.0
434,1,1233.0,290.0,42.0,124.0,1,1,1.0
435,1,1237.0,289.0,41.0,125.0,1,1,1.0
436,1,1240.0,288.0,41.0,125.0,1,1,1.0
439,1,1242.0,293.0,49.0,121.0,1,1,1.0
440,1,1242.0,294.0,54.0,119.0,1,1,1.0
441,1,1248.0,296.0,49.0,113.0,1,1,1.0
442,1,1254.0,297.0,46.0,111.0,1,1,1.0
443,1,1258.0,297.0,44.0,111.0,1,1,1.0
444,1,1263.0,297.0,42.0,110.0,1,1,1.0
445,1,1267.0,297.0,40.0,111.0,1,1,1.0
446,1,1271.0,297.0,45.0,111.0,1,1,1.0
447,1,1272.0,297.0,48.0,112.0,1,1,1.0
448,1,1272.0,299.0,49.0,112.0,1,1,1.0
449,1,1273.0,302.0,47.0,113.0,1,1,1.0
450,1,1274.0,302.0,52.0,113.0,1,1,1.0
451,1,1276.0,304.0,48.0,113.0,1,1,1.0
452,1,1279.0,304.0,46.0,114.0,1,1,1.0
453,1,1282.0,305.0,47.0,114.0,1,1,1.0
454,1,1286.0,306.0,48.0,114.0,1,1,1.0
455,1,1291.0,305.0,49.0,114.0,1,1,1.0
456,1,1296.0,305.0,47.0,114.0,1,1,1.0
457,1,1299.0,306.0,46.0,115.0,1,1,1.0
458,1,1300.0,307.0,48.0,115.0,1,1,1.0
459,1,1301.0,309.0,48.0,116.0,1,1,1.0
460,1,1302.0,311.0,48.0,116.0,1,1,1.0
461,1,1303.0,312.0,49.0,116.0,1,1,1.0
462,1,1305.0,314.0,48.0,115.0,1,1,1.0
463,1,1308.0,314.0,47.0,115.0,1,1,1.0
464,1,1314.0,313.0,45.0,117.0,1,1,1.0
465,1,1319.0,313.0,42.0,118.0,1,1,1.0
466,1,1320.0,313.0,42.0,118.0,1,1,1.0
467,1,1320.0,314.0,45.0,119.0,1,1,1.0
468,1,1320.0,316.0,46.0,119.0,1,1,1.0
469,1,1321.0,319.0,49.0,118.0,1,1,1.0
470,1,1323.0,321.0,49.0,119.0,1,1,1.0
471,1,1325.0,323.0,49.0,121.0,1,1,1.0
472,1,1327.0,324.0,49.0,121.0,1,1,1.0
473,1,1331.0,323.0,48.0,121.0,1,1,1.0
474,1,1333.0,321.0,52.0,122.0,1,1,1.0
475,1,1336.0,321.0,53.0,122.0,1,1,1.0
476,1,1338.0,321.0,52.0,123.0,1,1,1.0
477,1,1340.0,323.0,50.0,123.0,1,1,1.0
478,1,1341.0,324.0,49.0,125.0,1,1,1.0
479,1,1341.0,326.0,48.0,126.0,1,1,1.0
480,1,1341.0,327.0,47.0,128.0,1,1,1.0
481,1,1342.0,329.0,46.0,127.0,1,1,1.0
482,1,1341.0,329.0,45.0,128.0,1,1,1.0
483,1,1340.0,329.0,45.0,129.0,1,1,1.0
484,1,1340.0,328.0,46.0,129.0,1,1,1.0
485,1,1340.0,327.0,46.0,130.0,1,1,1.0
486,1,1341.0,327.0,48.0,130.0,1,1,1.0
487,1,1339.0,328.0,50.0,130.0,1,1,1.0
488,1,1335.0,331.0,49.0,130.0,1,1,1.0
489,1,1333.0,333.0,50.0,129.0,1,1,1.0
490,1,1331.0,334.0,48.0,129.0,1,1,1.0
491,1,1330.0,334.0,47.0,130.0,1,1,1.0
492,1,1327.0,333.0,47.0,131.0,1,1,1.0
493,1,1325.0,332.0,46.0,132.0,1,1,1.0
494,1,1321.0,331.0,49.0,134.0,1,1,1.0
495,1,1317.0,332.0,52.0,135.0,1,1,1.0
496,1,1312.0,333.0,56.0,136.0,1,1,1.0
497,1,1308.0,335.0,61.0,136.0,1,1,1.0
498,1,1304.0,338.0,63.0,135.0,1,1,1.0
499,1,1300.0,339.0,63.0,135.0,1,1,1.0
500,1,1298.0,339.0,58.0,135.0,1,1,1.0
501,1,1295.0,338.0,56.0,137.0,1,1,1.0
502,1,1295.0,338.0,54.0,138.0,1,1,1.0
503,1,1295.0,337.0,51.0,139.0,1,1,1.0
504,1,1294.0,336.0,47.0,139.0,1,1,1.0
505,1,1287.0,337.0,51.0,139.0,1,1,1.0
506,1,1278.0,340.0,58.0,138.0,1,1,1.0
507,1,1270.0,341.0,63.0,138.0,1,1,1.0
508,1,1266.0,342.0,65.0,137.0,1,1,1.0
509,1,1263.0,343.0,62.0,138.0,1,1,1.0
510,1,1263.0,343.0,58.0,138.0,1,1,1.0
511,1,1263.0,341.0,53.0,140.0,1,1,1.0
512,1,1262.0,340.0,51.0,141.0,1,1,1.0
513,1,1256.0,340.0,53.0,143.0,1,1,1.0
514,1,1249.0,340.0,57.0,145.0,1,1,1.0
515,1,1243.0,342.0,60.0,146.0,1,1,1.0
516,1,1236.0,344.0,63.0,145.0,1,1,1.0
517,1,1231.0,346.0,63.0,146.0,1,1,1.0
518,1,1226.0,347.0,63.0,146.0,1,1,1.0
519,1,1222.0,348.0,61.0,146.0,1,1,1.0
520,1,1219.0,346.0,60.0,148.0,1,1,1.0
521,1,1218.0,344.0,58.0,150.0,1,1,1.0
522,1,1217.0,343.0,55.0,150.0,1,1,1.0
523,1,1214.0,343.0,54.0,150.0,1,1,1.0
524,1,1206.0,345.0,59.0,149.0,1,1,1.0
525,1,1193.0,347.0,67.0,149.0,1,1,1.0
526,1,1185.0,349.0,70.0,149.0,1,1,1.0
527,1,1180.0,350.0,71.0,149.0,1,1,1.0
528,1,1178.0,350.0,69.0,149.0,1,1,1.0
529,1,1176.0,348.0,65.0,151.0,1,1,1.0
530,1,1173.0,346.0,63.0,152.0,1,1,1.0
531,1,1169.0,344.0,63.0,154.0,1,1,1.0
532,1,1164.0,345.0,63.0,156.0,1,1,1.0
533,1,1157.0,347.0,65.0,158.0,1,1,1.0
534,1,1149.0,349.0,69.0,158.0,1,1,1.0
535,1,1140.0,351.0,72.0,158.0,1,1,1.0
536,1,1132.0,352.0,75.0,156.0,1,1,1.0
537,1,1126.0,352.0,74.0,156.0,1,1,1.0
538,1,1122.0,352.0,70.0,157.0,1,1,1.0
539,1,1120.0,350.0,65.0,159.0,1,1,1.0
540,1,1118.0,349.0,63.0,160.0,1,1,1.0
