18,1,1548.0,1015.0,80.0,64.0,1,1,1.0
19,1,1542.0,1010.0,81.0,68.0,1,1,1.0
19,2,1640.0,989.0,111.0,90.0,1,1,1.0
20,1,1536.0,1006.0,84.0,73.0,1,1,1.0
20,2,1641.0,985.0,105.0,94.0,1,1,1.0
21,1,1530.0,1001.0,89.0,78.0,1,1,1.0
21,2,1635.0,980.0,106.0,99.0,1,1,1.0
22,1,1523.0,995.0,94.0,83.0,1,1,1.0
22,2,1629.0,974.0,110.0,105.0,1,1,1.0
23,1,1515.0,988.0,102.0,90.0,1,1,1.0
23,2,1622.0,966.0,110.0,113.0,1,1,1.0
24,1,1506.0,980.0,110.0,99.0,1,1,1.0
24,2,1617.0,958.0,111.0,120.0,1,1,1.0
25,1,1496.0,971.0,121.0,107.0,1,1,1.0
25,2,1614.0,950.0,110.0,128.0,1,1,1.0
26,1,1489.0,963.0,127.0,116.0,1,1,1.0
26,2,1611.0,943.0,108.0,136.0,1,1,1.0
27,1,1484.0,955.0,131.0,124.0,1,1,1.0
27,2,1609.0,937.0,107.0,142.0,1,1,1.0
28,1,1478.0,948.0,134.0,131.0,1,1,1.0
28,2,1605.0,931.0,105.0,148.0,1,1,1.0
29,1,1472.0,942.0,139.0,137.0,1,1,1.0
29,2,1601.0,926.0,104.0,152.0,1,1,1.0
30,1,1466.0,937.0,143.0,142.0,1,1,1.0
30,2,1595.0,922.0,105.0,157.0,1,1,1.0
31,1,1461.0,932.0,144.0,146.0,1,1,1.0
31,2,1588.0,919.0,105.0,160.0,1,1,1.0
32,1,1455.0,929.0,142.0,150.0,1,1,1.0
32,2,1582.0,915.0,105.0,164.0,1,1,1.0
33,1,1448.0,926.0,142.0,153.0,1,1,1.0
33,2,1577.0,911.0,102.0,167.0,1,1,1.0
34,1,1441.0,922.0,141.0,157.0,1,1,1.0
34,2,1572.0,907.0,100.0,172.0,1,1,1.0
35,1,1435.0,917.0,139.0,161.0,1,1,1.0
35,2,1566.0,900.0,98.0,178.0,1,1,1.0
36,1,1427.0,911.0,141.0,168.0,1,1,1.0
36,2,1560.0,894.0,99.0,184.0,1,1,1.0
37,1,1418.0,903.0,144.0,176.0,1,1,1.0
37,2,1553.0,888.0,99.0,191.0,1,1,1.0
38,1,1410.0,897.0,147.0,182.0,1,1,1.0
38,2,1547.0,882.0,101.0,196.0,1,1,1.0
39,1,1403.0,892.0,149.0,187.0,1,1,1.0
39,2,1541.0,876.0,102.0,202.0,1,1,1.0
40,1,1398.0,887.0,150.0,192.0,1,1,1.0
40,2,1536.0,871.0,102.0,207.0,1,1,1.0
41,1,1395.0,884.0,148.0,195.0,1,1,1.0
41,2,1531.0,868.0,102.0,211.0,1,1,1.0
42,1,1397.0,880.0,142.0,198.0,1,1,1.0
42,2,1525.0,865.0,103.0,214.0,1,1,1.0
43,2,1522.0,862.0,100.0,216.0,1,1,1.0
44,1,1398.0,875.0,131.0,203.0,1,1,1.0
44,2,1519.0,859.0,98.0,220.0,1,1,1.0
45,1,1397.0,872.0,127.0,205.0,1,1,1.0
45,2,1516.0,855.0,97.0,224.0,1,1,1.0
46,1,1394.0,867.0,128.0,211.0,1,1,1.0
46,2,1514.0,850.0,96.0,228.0,1,1,1.0
47,1,1388.0,861.0,132.0,216.0,1,1,1.0
47,2,1512.0,844.0,99.0,234.0,1,1,1.0
48,1,1382.0,855.0,139.0,222.0,1,1,1.0
48,2,1509.0,839.0,101.0,239.0,1,1,1.0
49,1,1374.0,849.0,144.0,228.0,1,1,1.0
49,2,1507.0,834.0,105.0,244.0,1,1,1.0
50,2,1503.0,830.0,110.0,249.0,1,1,1.0
51,1,1369.0,840.0,145.0,237.0,1,1,1.0
51,2,1501.0,827.0,110.0,252.0,1,1,1.0
52,1,1364.0,836.0,148.0,241.0,1,1,1.0
52,2,1498.0,824.0,110.0,254.0,1,1,1.0
53,1,1362.0,834.0,149.0,244.0,1,1,1.0
53,2,1494.0,823.0,111.0,256.0,1,1,1.0
54,1,1360.0,832.0,146.0,246.0,1,1,1.0
55,1,1361.0,829.0,138.0,248.0,1,1,1.0
56,1,1360.0,826.0,137.0,252.0,1,1,1.0
56,2,1478.0,815.0,99.0,263.0,1,1,1.0
58,1,1352.0,817.0,139.0,261.0,1,1,1.0
58,2,1469.0,806.0,95.0,271.0,1,1,1.0
59,1,1343.0,811.0,133.0,267.0,1,1,1.0
59,2,1464.0,802.0,95.0,276.0,1,1,1.0
60,1,1333.0,806.0,136.0,272.0,1,1,1.0
60,2,1459.0,798.0,95.0,279.0,1,1,1.0
61,1,1322.0,802.0,140.0,275.0,1,1,1.0
61,2,1454.0,795.0,97.0,282.0,1,1,1.0
62,1,1316.0,799.0,141.0,279.0,1,1,1.0
62,2,1451.0,793.0,98.0,285.0,1,1,1.0
63,1,1314.0,797.0,140.0,281.0,1,1,1.0
63,2,1447.0,790.0,97.0,287.0,1,1,1.0
64,1,1315.0,796.0,134.0,282.0,1,1,1.0
64,2,1444.0,788.0,96.0,289.0,1,1,1.0
65,1,1318.0,794.0,127.0,284.0,1,1,1.0
65,2,1441.0,787.0,95.0,291.0,1,1,1.0
66,1,1323.0,792.0,120.0,286.0,1,1,1.0
66,2,1440.0,785.0,93.0,293.0,1,1,1.0
67,1,1327.0,789.0,115.0,289.0,1,1,1.0
67,2,1438.0,781.0,93.0,297.0,1,1,1.0
68,1,1329.0,785.0,112.0,293.0,1,1,1.0
68,2,1436.0,777.0,92.0,292.0,1,1,1.0
69,1,1328.0,780.0,112.0,298.0,1,1,1.0
69,2,1434.0,772.0,89.0,289.0,1,1,1.0
70,1,1326.0,775.0,133.0,302.0,1,1,1.0
70,2,1431.0,768.0,88.0,280.0,1,1,1.0
71,1,1324.0,770.0,134.0,305.0,1,1,1.0
71,2,1429.0,764.0,87.0,282.0,1,1,1.0
72,1,1319.0,766.0,133.0,308.0,1,1,1.0
72,2,1421.0,761.0,91.0,288.0,1,1,1.0
73,1,1313.0,763.0,134.0,308.0,1,1,1.0
73,2,1411.0,758.0,98.0,291.0,1,1,1.0
74,1,1311.0,761.0,133.0,309.0,1,1,1.0
74,2,1403.0,757.0,102.0,292.0,1,1,1.0
75,1,1309.0,760.0,134.0,310.0,1,1,1.0
75,2,1400.0,755.0,101.0,294.0,1,1,1.0
76,1,1307.0,759.0,133.0,310.0,1,1,1.0
76,2,1398.0,753.0,99.0,293.0,1,1,1.0
77,1,1306.0,758.0,130.0,310.0,1,1,1.0
77,2,1398.0,752.0,94.0,290.0,1,1,1.0
78,1,1304.0,756.0,122.0,306.0,1,1,1.0
78,2,1396.0,749.0,92.0,278.0,1,1,1.0
79,1,1299.0,753.0,113.0,304.0,1,1,1.0
79,2,1396.0,745.0,88.0,269.0,1,1,1.0
80,1,1293.0,749.0,113.0,287.0,1,1,1.0
80,2,1395.0,742.0,86.0,275.0,1,1,1.0
81,1,1287.0,745.0,115.0,292.0,1,1,1.0
81,2,1393.0,738.0,85.0,273.0,1,1,1.0
82,1,1283.0,741.0,113.0,286.0,1,1,1.0
82,2,1389.0,735.0,86.0,273.0,1,1,1.0
83,1,1280.0,738.0,112.0,286.0,1,1,1.0
83,2,1386.0,732.0,87.0,275.0,1,1,1.0
84,1,1279.0,735.0,110.0,287.0,1,1,1.0
84,2,1383.0,730.0,88.0,276.0,1,1,1.0
85,1,1279.0,734.0,107.0,288.0,1,1,1.0
85,2,1380.0,729.0,90.0,278.0,1,1,1.0
86,1,1280.0,733.0,104.0,289.0,1,1,1.0
86,2,1377.0,728.0,91.0,277.0,1,1,1.0
87,1,1280.0,733.0,102.0,289.0,1,1,1.0
87,2,1375.0,726.0,90.0,276.0,1,1,1.0
88,1,1280.0,731.0,100.0,289.0,1,1,1.0
88,2,1374.0,724.0,88.0,275.0,1,1,1.0
89,1,1278.0,728.0,101.0,291.0,1,1,1.0
89,2,1372.0,721.0,87.0,264.0,1,1,1.0
90,1,1277.0,725.0,101.0,286.0,1,1,1.0
90,2,1373.0,718.0,85.0,254.0,1,1,1.0
91,1,1275.0,721.0,103.0,280.0,1,1,1.0
91,2,1373.0,714.0,83.0,255.0,1,1,1.0
92,1,1273.0,717.0,105.0,273.0,1,1,1.0
92,2,1373.0,711.0,81.0,257.0,1,1,1.0
93,1,1272.0,713.0,105.0,269.0,1,1,1.0
93,2,1372.0,708.0,80.0,257.0,1,1,1.0
94,1,1271.0,711.0,106.0,269.0,1,1,1.0
94,2,1372.0,706.0,80.0,258.0,1,1,1.0
95,1,1268.0,710.0,109.0,270.0,1,1,1.0
95,2,1369.0,705.0,80.0,259.0,1,1,1.0
96,1,1264.0,709.0,110.0,271.0,1,1,1.0
96,2,1367.0,704.0,80.0,259.0,1,1,1.0
97,1,1262.0,709.0,110.0,271.0,1,1,1.0
97,2,1365.0,703.0,79.0,260.0,1,1,1.0
98,1,1261.0,708.0,107.0,271.0,1,1,1.0
98,2,1363.0,702.0,79.0,260.0,1,1,1.0
99,1,1259.0,706.0,105.0,270.0,1,1,1.0
99,2,1359.0,701.0,79.0,260.0,1,1,1.0
100,1,1256.0,703.0,105.0,267.0,1,1,1.0
100,2,1355.0,698.0,80.0,258.0,1,1,1.0
101,1,1251.0,700.0,105.0,255.0,1,1,1.0
101,2,1351.0,695.0,81.0,242.0,1,1,1.0
102,1,1248.0,696.0,105.0,254.0,1,1,1.0
102,2,1348.0,692.0,81.0,239.0,1,1,1.0
103,1,1244.0,693.0,107.0,251.0,1,1,1.0
103,2,1345.0,689.0,82.0,239.0,1,1,1.0
104,1,1243.0,691.0,107.0,250.0,1,1,1.0
104,2,1343.0,686.0,83.0,240.0,1,1,1.0
105,1,1247.0,696.0,101.0,244.0,1,1,1.0
105,2,1342.0,684.0,82.0,240.0,1,1,1.0
106,1,1253.0,697.0,94.0,242.0,1,1,1.0
106,2,1341.0,683.0,81.0,242.0,1,1,1.0
107,1,1258.0,699.0,89.0,240.0,1,1,1.0
107,2,1341.0,683.0,79.0,243.0,1,1,1.0
108,1,1261.0,691.0,87.0,246.0,1,1,1.0
108,2,1341.0,682.0,77.0,244.0,1,1,1.0
109,1,1262.0,687.0,87.0,249.0,1,1,1.0
109,2,1342.0,681.0,75.0,243.0,1,1,1.0
110,1,1262.0,683.0,88.0,249.0,1,1,1.0
110,2,1343.0,679.0,72.0,242.0,1,1,1.0
111,1,1262.0,680.0,87.0,248.0,1,1,1.0
111,2,1343.0,677.0,71.0,242.0,1,1,1.0
112,1,1261.0,677.0,88.0,242.0,1,1,1.0
112,2,1343.0,674.0,71.0,237.0,1,1,1.0
113,1,1260.0,674.0,89.0,239.0,1,1,1.0
113,2,1342.0,672.0,71.0,229.0,1,1,1.0
114,1,1257.0,671.0,93.0,235.0,1,1,1.0
114,2,1342.0,669.0,70.0,226.0,1,1,1.0
115,1,1252.0,669.0,99.0,235.0,1,1,1.0
115,2,1339.0,667.0,71.0,225.0,1,1,1.0
116,1,1252.0,668.0,100.0,236.0,1,1,1.0
116,2,1338.0,666.0,71.0,226.0,1,1,1.0
117,1,1253.0,667.0,99.0,236.0,1,1,1.0
117,2,1338.0,666.0,69.0,226.0,1,1,1.0
118,1,1254.0,667.0,98.0,236.0,1,1,1.0
118,2,1338.0,665.0,67.0,227.0,1,1,1.0
119,1,1256.0,666.0,95.0,236.0,1,1,1.0
119,2,1337.0,665.0,66.0,227.0,1,1,1.0
120,1,1256.0,664.0,93.0,234.0,1,1,1.0
120,2,1336.0,664.0,65.0,228.0,1,1,1.0
121,1,1254.0,662.0,94.0,220.0,1,1,1.0
121,2,1335.0,663.0,64.0,227.0,1,1,1.0
122,1,1253.0,659.0,95.0,224.0,1,1,1.0
122,2,1334.0,661.0,63.0,215.0,1,1,1.0
123,1,1251.0,660.0,95.0,217.0,1,1,1.0
123,2,1333.0,658.0,62.0,212.0,1,1,1.0
124,1,1252.0,656.0,92.0,219.0,1,1,1.0
124,2,1332.0,656.0,62.0,212.0,1,1,1.0
125,1,1254.0,652.0,88.0,222.0,1,1,1.0
125,2,1331.0,654.0,62.0,213.0,1,1,1.0
126,1,1258.0,650.0,83.0,223.0,1,1,1.0
126,2,1329.0,652.0,63.0,213.0,1,1,1.0
127,1,1259.0,648.0,80.0,225.0,1,1,1.0
127,2,1328.0,652.0,64.0,213.0,1,1,1.0
128,1,1260.0,647.0,79.0,226.0,1,1,1.0
128,2,1327.0,651.0,65.0,214.0,1,1,1.0
129,1,1259.0,647.0,79.0,225.0,1,1,1.0
129,2,1326.0,650.0,65.0,214.0,1,1,1.0
130,1,1256.0,647.0,83.0,224.0,1,1,1.0
130,2,1327.0,650.0,64.0,214.0,1,1,1.0
131,1,1251.0,647.0,87.0,222.0,1,1,1.0
131,2,1328.0,650.0,63.0,214.0,1,1,1.0
132,1,1250.0,647.0,88.0,218.0,1,1,1.0
132,2,1329.0,648.0,61.0,213.0,1,1,1.0
133,1,1250.0,644.0,87.0,214.0,1,1,1.0
133,2,1329.0,647.0,62.0,200.0,1,1,1.0
134,1,1250.0,642.0,87.0,209.0,1,1,1.0
134,2,1328.0,645.0,62.0,195.0,1,1,1.0
135,1,1249.0,639.0,88.0,209.0,1,1,1.0
135,2,1327.0,643.0,62.0,194.0,1,1,1.0
136,1,1252.0,636.0,85.0,210.0,1,1,1.0
136,2,1327.0,642.0,61.0,195.0,1,1,1.0
137,1,1253.0,637.0,83.0,209.0,1,1,1.0
137,2,1326.0,641.0,59.0,198.0,1,1,1.0
138,1,1254.0,637.0,83.0,209.0,1,1,1.0
138,2,1323.0,640.0,59.0,198.0,1,1,1.0
139,1,1254.0,637.0,82.0,209.0,1,1,1.0
139,2,1320.0,640.0,59.0,199.0,1,1,1.0
140,1,1255.0,637.0,79.0,208.0,1,1,1.0
140,2,1319.0,640.0,57.0,199.0,1,1,1.0
141,1,1255.0,639.0,75.0,205.0,1,1,1.0
141,2,1317.0,639.0,56.0,199.0,1,1,1.0
142,1,1257.0,638.0,70.0,204.0,1,1,1.0
142,2,1316.0,638.0,54.0,197.0,1,1,1.0
143,2,1315.0,636.0,53.0,196.0,1,1,1.0
144,2,1314.0,633.0,51.0,193.0,1,1,1.0
146,2,1308.0,630.0,53.0,189.0,1,1,1.0
148,2,1304.0,628.0,55.0,187.0,1,1,1.0
153,1,1259.0,626.0,92.0,189.0,1,1,1.0
154,1,1261.0,624.0,89.0,187.0,1,1,1.0
155,1,1264.0,622.0,84.0,181.0,1,1,1.0
156,1,1265.0,620.0,80.0,179.0,1,1,1.0
157,1,1260.0,618.0,79.0,179.0,1,1,1.0
157,3,1240.0,616.0,68.0,179.0,1,1,1.0
158,1,1263.0,617.0,72.0,180.0,1,1,1.0
158,3,1240.0,615.0,60.0,174.0,1,1,1.0
159,1,1267.0,617.0,65.0,180.0,1,1,1.0
159,3,1239.0,614.0,55.0,185.0,1,1,1.0
160,1,1265.0,616.0,63.0,182.0,1,1,1.0
160,3,1239.0,614.0,51.0,176.0,1,1,1.0
161,1,1265.0,617.0,59.0,181.0,1,1,1.0
162,1,1266.0,618.0,55.0,180.0,1,1,1.0
164,1,1268.0,615.0,48.0,179.0,1,1,1.0
166,1,1265.0,610.0,48.0,174.0,1,1,1.0
167,1,1264.0,609.0,49.0,171.0,1,1,1.0
168,1,1263.0,608.0,51.0,168.0,1,1,1.0
168,3,1210.0,609.0,68.0,212.0,1,1,1.0
169,1,1262.0,607.0,52.0,167.0,1,1,1.0
170,1,1260.0,607.0,52.0,168.0,1,1,1.0
171,1,1257.0,607.0,53.0,167.0,1,1,1.0
172,1,1254.0,607.0,54.0,165.0,1,1,1.0
175,1,1249.0,603.0,52.0,163.0,1,1,1.0
176,1,1248.0,602.0,48.0,160.0,1,1,1.0
176,3,1199.0,603.0,60.0,167.0,1,1,1.0
177,1,1247.0,601.0,45.0,159.0,1,1,1.0
178,1,1246.0,600.0,42.0,159.0,1,1,1.0
179,1,1244.0,599.0,44.0,159.0,1,1,1.0
179,3,1196.0,598.0,57.0,163.0,1,1,1.0
180,1,1241.0,599.0,43.0,158.0,1,1,1.0
180,3,1196.0,596.0,54.0,163.0,1,1,1.0
181,3,1196.0,596.0,51.0,164.0,1,1,1.0
182,1,1229.0,600.0,55.0,157.0,1,1,1.0
182,3,1193.0,595.0,50.0,161.0,1,1,1.0
183,1,1227.0,599.0,74.0,154.0,1,1,1.0
183,3,1187.0,596.0,53.0,159.0,1,1,1.0
184,1,1227.0,599.0,56.0,151.0,1,1,1.0
184,3,1184.0,596.0,54.0,158.0,1,1,1.0
185,1,1219.0,598.0,52.0,151.0,1,1,1.0
185,3,1183.0,596.0,52.0,157.0,1,1,1.0
186,1,1218.0,597.0,47.0,147.0,1,1,1.0
186,3,1181.0,596.0,52.0,157.0,1,1,1.0
187,1,1217.0,595.0,46.0,149.0,1,1,1.0
187,3,1178.0,594.0,53.0,158.0,1,1,1.0
188,1,1215.0,594.0,49.0,150.0,1,1,1.0
188,3,1173.0,593.0,54.0,159.0,1,1,1.0
189,1,1215.0,593.0,49.0,151.0,1,1,1.0
189,3,1167.0,590.0,57.0,162.0,1,1,1.0
190,1,1215.0,593.0,49.0,151.0,1,1,1.0
190,3,1164.0,590.0,59.0,162.0,1,1,1.0
191,1,1212.0,592.0,50.0,150.0,1,1,1.0
191,3,1162.0,589.0,60.0,163.0,1,1,1.0
192,1,1210.0,593.0,50.0,149.0,1,1,1.0
192,3,1161.0,590.0,59.0,163.0,1,1,1.0
193,1,1208.0,593.0,49.0,148.0,1,1,1.0
193,3,1161.0,590.0,58.0,163.0,1,1,1.0
194,1,1205.0,593.0,49.0,146.0,1,1,1.0
194,3,1161.0,590.0,55.0,161.0,1,1,1.0
195,1,1202.0,592.0,49.0,146.0,1,1,1.0
195,3,1160.0,590.0,52.0,161.0,1,1,1.0
196,1,1200.0,590.0,47.0,147.0,1,1,1.0
196,3,1158.0,589.0,51.0,161.0,1,1,1.0
197,1,1197.0,589.0,45.0,148.0,1,1,1.0
197,3,1157.0,588.0,49.0,160.0,1,1,1.0
198,1,1196.0,588.0,39.0,149.0,1,1,1.0
198,3,1154.0,586.0,57.0,157.0,1,1,1.0
199,1,1194.0,586.0,38.0,151.0,1,1,1.0
199,3,1152.0,585.0,57.0,155.0,1,1,1.0
200,1,1190.0,585.0,39.0,151.0,1,1,1.0
200,3,1150.0,584.0,54.0,154.0,1,1,1.0
201,1,1187.0,585.0,39.0,151.0,1,1,1.0
201,3,1148.0,583.0,51.0,155.0,1,1,1.0
202,1,1187.0,584.0,37.0,152.0,1,1,1.0
202,3,1144.0,583.0,53.0,154.0,1,1,1.0
203,1,1179.0,583.0,43.0,154.0,1,1,1.0
203,3,1139.0,583.0,55.0,154.0,1,1,1.0
204,1,1176.0,583.0,43.0,154.0,1,1,1.0
204,3,1135.0,584.0,56.0,153.0,1,1,1.0
205,1,1176.0,583.0,40.0,154.0,1,1,1.0
205,3,1134.0,584.0,55.0,153.0,1,1,1.0
206,1,1176.0,584.0,39.0,152.0,1,1,1.0
206,3,1133.0,583.0,55.0,154.0,1,1,1.0
207,1,1173.0,583.0,40.0,147.0,1,1,1.0
207,3,1132.0,583.0,54.0,152.0,1,1,1.0
208,1,1170.0,583.0,39.0,145.0,1,1,1.0
208,3,1130.0,582.0,51.0,149.0,1,1,1.0
209,1,1167.0,582.0,40.0,143.0,1,1,1.0
209,3,1126.0,581.0,50.0,148.0,1,1,1.0
210,1,1165.0,582.0,41.0,142.0,1,1,1.0
210,3,1122.0,580.0,50.0,148.0,1,1,1.0
211,1,1160.0,581.0,46.0,145.0,1,1,1.0
211,3,1118.0,579.0,51.0,149.0,1,1,1.0
212,1,1158.0,580.0,47.0,145.0,1,1,1.0
212,3,1116.0,577.0,51.0,150.0,1,1,1.0
213,1,1158.0,581.0,46.0,144.0,1,1,1.0
213,3,1114.0,577.0,52.0,150.0,1,1,1.0
214,1,1157.0,581.0,46.0,143.0,1,1,1.0
214,3,1113.0,577.0,53.0,150.0,1,1,1.0
215,1,1154.0,581.0,45.0,143.0,1,1,1.0
215,3,1111.0,578.0,53.0,149.0,1,1,1.0
216,1,1153.0,581.0,45.0,141.0,1,1,1.0
216,3,1109.0,578.0,51.0,148.0,1,1,1.0
217,1,1151.0,579.0,44.0,141.0,1,1,1.0
217,3,1107.0,577.0,50.0,149.0,1,1,1.0
218,1,1150.0,577.0,43.0,139.0,1,1,1.0
218,3,1105.0,576.0,51.0,147.0,1,1,1.0
219,1,1148.0,576.0,41.0,138.0,1,1,1.0
219,3,1103.0,575.0,58.0,145.0,1,1,1.0
220,1,1146.0,575.0,39.0,138.0,1,1,1.0
220,3,1102.0,574.0,58.0,144.0,1,1,1.0
221,1,1144.0,574.0,39.0,138.0,1,1,1.0
221,3,1102.0,573.0,53.0,143.0,1,1,1.0
222,1,1140.0,574.0,40.0,138.0,1,1,1.0
222,3,1101.0,573.0,50.0,143.0,1,1,1.0
223,1,1139.0,575.0,39.0,138.0,1,1,1.0
223,3,1099.0,572.0,49.0,143.0,1,1,1.0
224,1,1137.0,575.0,39.0,138.0,1,1,1.0
224,3,1095.0,573.0,50.0,141.0,1,1,1.0
225,1,1135.0,574.0,39.0,139.0,1,1,1.0
225,3,1092.0,573.0,50.0,141.0,1,1,1.0
226,1,1134.0,573.0,39.0,140.0,1,1,1.0
226,3,1091.0,573.0,50.0,140.0,1,1,1.0
227,1,1131.0,572.0,40.0,140.0,1,1,1.0
227,3,1090.0,573.0,49.0,140.0,1,1,1.0
228,1,1129.0,571.0,40.0,138.0,1,1,1.0
228,3,1088.0,572.0,48.0,139.0,1,1,1.0
229,1,1127.0,570.0,40.0,135.0,1,1,1.0
229,3,1085.0,570.0,50.0,137.0,1,1,1.0
230,1,1125.0,569.0,40.0,133.0,1,1,1.0
230,3,1080.0,568.0,51.0,138.0,1,1,1.0
231,1,1124.0,568.0,41.0,133.0,1,1,1.0
231,3,1076.0,566.0,53.0,139.0,1,1,1.0
232,1,1122.0,568.0,42.0,133.0,1,1,1.0
232,3,1073.0,565.0,52.0,139.0,1,1,1.0
233,1,1120.0,568.0,44.0,134.0,1,1,1.0
233,3,1072.0,565.0,53.0,140.0,1,1,1.0
234,1,1118.0,568.0,46.0,132.0,1,1,1.0
234,3,1072.0,565.0,52.0,139.0,1,1,1.0
235,1,1116.0,568.0,47.0,131.0,1,1,1.0
235,3,1071.0,566.0,50.0,139.0,1,1,1.0
236,1,1114.0,568.0,48.0,133.0,1,1,1.0
236,3,1071.0,566.0,48.0,138.0,1,1,1.0
237,1,1114.0,568.0,49.0,133.0,1,1,1.0
237,3,1070.0,566.0,47.0,138.0,1,1,1.0
238,1,1113.0,566.0,49.0,134.0,1,1,1.0
238,3,1069.0,566.0,48.0,138.0,1,1,1.0
239,1,1112.0,565.0,49.0,131.0,1,1,1.0
239,3,1067.0,565.0,49.0,136.0,1,1,1.0
240,1,1112.0,563.0,47.0,130.0,1,1,1.0
240,3,1066.0,564.0,51.0,134.0,1,1,1.0
241,1,1111.0,563.0,45.0,130.0,1,1,1.0
241,3,1064.0,563.0,52.0,133.0,1,1,1.0
242,1,1110.0,562.0,42.0,129.0,1,1,1.0
242,3,1063.0,562.0,52.0,133.0,1,1,1.0
243,1,1109.0,562.0,40.0,130.0,1,1,1.0
243,3,1063.0,561.0,52.0,133.0,1,1,1.0
244,1,1107.0,562.0,40.0,130.0,1,1,1.0
244,3,1063.0,561.0,49.0,133.0,1,1,1.0
245,1,1105.0,563.0,39.0,129.0,1,1,1.0
245,3,1062.0,561.0,48.0,133.0,1,1,1.0
246,1,1104.0,563.0,39.0,129.0,1,1,1.0
246,3,1061.0,561.0,49.0,132.0,1,1,1.0
247,1,1102.0,563.0,38.0,128.0,1,1,1.0
247,3,1059.0,562.0,49.0,132.0,1,1,1.0
248,1,1101.0,562.0,38.0,128.0,1,1,1.0
248,3,1058.0,561.0,47.0,132.0,1,1,1.0
249,1,1098.0,561.0,39.0,126.0,1,1,1.0
249,3,1057.0,560.0,45.0,131.0,1,1,1.0
250,1,1096.0,560.0,40.0,125.0,1,1,1.0
250,3,1055.0,559.0,44.0,129.0,1,1,1.0
251,1,1094.0,559.0,41.0,125.0,1,1,1.0
251,3,1052.0,558.0,45.0,129.0,1,1,1.0
252,1,1092.0,559.0,43.0,125.0,1,1,1.0
252,3,1049.0,557.0,48.0,129.0,1,1,1.0
253,1,1091.0,558.0,44.0,126.0,1,1,1.0
253,3,1046.0,557.0,50.0,129.0,1,1,1.0
254,1,1090.0,558.0,45.0,125.0,1,1,1.0
254,3,1044.0,557.0,53.0,129.0,1,1,1.0
255,1,1089.0,558.0,44.0,125.0,1,1,1.0
255,3,1044.0,557.0,52.0,129.0,1,1,1.0
256,1,1088.0,558.0,44.0,124.0,1,1,1.0
256,3,1044.0,557.0,51.0,129.0,1,1,1.0
257,1,1087.0,558.0,44.0,124.0,1,1,1.0
257,3,1044.0,557.0,50.0,128.0,1,1,1.0
258,1,1087.0,557.0,44.0,124.0,1,1,1.0
258,3,1044.0,557.0,48.0,128.0,1,1,1.0
259,1,1086.0,557.0,44.0,124.0,1,1,1.0
259,3,1043.0,556.0,47.0,127.0,1,1,1.0
260,1,1085.0,556.0,43.0,122.0,1,1,1.0
260,3,1043.0,555.0,47.0,125.0,1,1,1.0
261,1,1084.0,555.0,40.0,121.0,1,1,1.0
261,3,1043.0,554.0,47.0,125.0,1,1,1.0
262,1,1084.0,554.0,38.0,121.0,1,1,1.0
262,3,1043.0,553.0,47.0,124.0,1,1,1.0
263,1,1082.0,553.0,37.0,122.0,1,1,1.0
263,3,1043.0,552.0,46.0,124.0,1,1,1.0
264,1,1081.0,553.0,36.0,121.0,1,1,1.0
264,3,1044.0,551.0,43.0,124.0,1,1,1.0
265,1,1079.0,553.0,36.0,121.0,1,1,1.0
265,3,1045.0,551.0,41.0,124.0,1,1,1.0
266,1,1078.0,553.0,35.0,120.0,1,1,1.0
266,3,1043.0,552.0,42.0,124.0,1,1,1.0
267,1,1077.0,554.0,34.0,120.0,1,1,1.0
267,3,1042.0,552.0,42.0,123.0,1,1,1.0
268,1,1075.0,554.0,35.0,120.0,1,1,1.0
268,3,1040.0,552.0,43.0,123.0,1,1,1.0
269,1,1073.0,553.0,36.0,120.0,1,1,1.0
269,3,1037.0,552.0,43.0,122.0,1,1,1.0
270,1,1071.0,552.0,36.0,117.0,1,1,1.0
270,3,1034.0,551.0,41.0,119.0,1,1,1.0
271,1,1069.0,551.0,38.0,117.0,1,1,1.0
271,3,1031.0,550.0,43.0,119.0,1,1,1.0
272,1,1067.0,550.0,40.0,117.0,1,1,1.0
272,3,1027.0,549.0,45.0,120.0,1,1,1.0
273,1,1066.0,550.0,40.0,116.0,1,1,1.0
273,3,1025.0,548.0,46.0,120.0,1,1,1.0
274,1,1065.0,549.0,40.0,118.0,1,1,1.0
274,3,1025.0,547.0,45.0,121.0,1,1,1.0
275,1,1064.0,549.0,40.0,118.0,1,1,1.0
275,3,1024.0,547.0,45.0,120.0,1,1,1.0
276,1,1063.0,549.0,40.0,118.0,1,1,1.0
276,3,1024.0,548.0,45.0,120.0,1,1,1.0
277,1,1062.0,550.0,40.0,117.0,1,1,1.0
277,3,1024.0,549.0,44.0,119.0,1,1,1.0
278,1,1061.0,549.0,41.0,117.0,1,1,1.0
278,3,1024.0,549.0,42.0,118.0,1,1,1.0
279,1,1060.0,549.0,41.0,117.0,1,1,1.0
279,3,1024.0,549.0,41.0,118.0,1,1,1.0
280,1,1059.0,548.0,41.0,116.0,1,1,1.0
280,3,1024.0,548.0,42.0,118.0,1,1,1.0
281,1,1058.0,547.0,40.0,115.0,1,1,1.0
281,3,1022.0,548.0,43.0,117.0,1,1,1.0
282,1,1057.0,547.0,39.0,114.0,1,1,1.0
282,3,1021.0,547.0,48.0,116.0,1,1,1.0
283,1,1056.0,546.0,37.0,114.0,1,1,1.0
283,3,1020.0,546.0,48.0,116.0,1,1,1.0
284,1,1055.0,545.0,34.0,114.0,1,1,1.0
284,3,1019.0,545.0,48.0,115.0,1,1,1.0
285,1,1054.0,545.0,33.0,114.0,1,1,1.0
285,3,1019.0,544.0,44.0,116.0,1,1,1.0
286,1,1053.0,545.0,31.0,115.0,1,1,1.0
286,3,1019.0,545.0,41.0,116.0,1,1,1.0
287,1,1052.0,545.0,31.0,115.0,1,1,1.0
287,3,1019.0,545.0,40.0,116.0,1,1,1.0
288,1,1051.0,545.0,30.0,114.0,1,1,1.0
288,3,1019.0,545.0,40.0,115.0,1,1,1.0
289,1,1049.0,545.0,31.0,113.0,1,1,1.0
289,3,1017.0,545.0,40.0,114.0,1,1,1.0
290,1,1048.0,545.0,31.0,112.0,1,1,1.0
290,3,1016.0,545.0,41.0,114.0,1,1,1.0
291,1,1047.0,544.0,32.0,112.0,1,1,1.0
291,3,1014.0,545.0,44.0,113.0,1,1,1.0
292,1,1044.0,543.0,35.0,111.0,1,1,1.0
292,3,1012.0,543.0,42.0,112.0,1,1,1.0
293,1,1043.0,542.0,37.0,110.0,1,1,1.0
293,3,1009.0,542.0,41.0,112.0,1,1,1.0
294,1,1042.0,542.0,38.0,110.0,1,1,1.0
295,1,1041.0,541.0,39.0,110.0,1,1,1.0
295,3,1006.0,541.0,39.0,112.0,1,1,1.0
296,1,1039.0,542.0,40.0,110.0,1,1,1.0
296,3,1006.0,541.0,38.0,113.0,1,1,1.0
297,1,1039.0,542.0,39.0,109.0,1,1,1.0
297,3,1006.0,541.0,37.0,113.0,1,1,1.0
298,1,1037.0,542.0,39.0,109.0,1,1,1.0
298,3,1006.0,542.0,37.0,112.0,1,1,1.0
299,1,1037.0,542.0,38.0,108.0,1,1,1.0
299,3,1005.0,542.0,38.0,112.0,1,1,1.0
300,1,1035.0,542.0,39.0,109.0,1,1,1.0
300,3,1004.0,542.0,38.0,111.0,1,1,1.0
301,1,1034.0,541.0,40.0,109.0,1,1,1.0
301,3,1003.0,541.0,37.0,111.0,1,1,1.0
302,1,1033.0,540.0,40.0,108.0,1,1,1.0
302,3,1001.0,540.0,39.0,109.0,1,1,1.0
303,1,1032.0,539.0,40.0,107.0,1,1,1.0
303,3,1000.0,540.0,40.0,109.0,1,1,1.0
304,1,1032.0,538.0,37.0,107.0,1,1,1.0
304,3,1000.0,539.0,39.0,109.0,1,1,1.0
305,1,1031.0,538.0,34.0,107.0,1,1,1.0
305,3,1000.0,538.0,39.0,108.0,1,1,1.0
306,1,1031.0,538.0,31.0,107.0,1,1,1.0
306,3,999.0,538.0,38.0,108.0,1,1,1.0
307,1,1029.0,538.0,31.0,106.0,1,1,1.0
307,3,998.0,538.0,38.0,107.0,1,1,1.0
308,1,1028.0,539.0,30.0,107.0,1,1,1.0
308,3,997.0,538.0,37.0,108.0,1,1,1.0
309,1,1027.0,539.0,29.0,107.0,1,1,1.0
309,3,997.0,538.0,37.0,107.0,1,1,1.0
310,1,1025.0,539.0,30.0,106.0,1,1,1.0
310,3,995.0,538.0,37.0,107.0,1,1,1.0
311,1,1022.0,539.0,32.0,105.0,1,1,1.0
311,3,994.0,538.0,36.0,106.0,1,1,1.0
312,1,1021.0,538.0,32.0,104.0,1,1,1.0
312,3,991.0,537.0,36.0,105.0,1,1,1.0
313,1,1019.0,538.0,33.0,104.0,1,1,1.0
313,3,989.0,536.0,38.0,105.0,1,1,1.0
314,1,1018.0,537.0,35.0,103.0,1,1,1.0
314,3,986.0,535.0,38.0,105.0,1,1,1.0
315,1,1017.0,536.0,36.0,103.0,1,1,1.0
316,1,1017.0,536.0,37.0,102.0,1,1,1.0
316,3,983.0,534.0,37.0,105.0,1,1,1.0
317,1,1016.0,536.0,36.0,103.0,1,1,1.0
317,3,981.0,535.0,37.0,106.0,1,1,1.0
318,1,1014.0,536.0,35.0,103.0,1,1,1.0
318,3,981.0,535.0,37.0,106.0,1,1,1.0
319,1,1013.0,536.0,34.0,102.0,1,1,1.0
319,3,980.0,535.0,36.0,105.0,1,1,1.0
320,1,1011.0,536.0,34.0,102.0,1,1,1.0
320,3,980.0,535.0,36.0,105.0,1,1,1.0
321,1,1011.0,536.0,35.0,102.0,1,1,1.0
321,3,979.0,535.0,36.0,105.0,1,1,1.0
322,1,1010.0,535.0,36.0,102.0,1,1,1.0
322,3,977.0,534.0,37.0,105.0,1,1,1.0
323,1,1009.0,535.0,37.0,102.0,1,1,1.0
323,3,976.0,533.0,39.0,104.0,1,1,1.0
324,1,1009.0,534.0,38.0,101.0,1,1,1.0
324,3,974.0,532.0,41.0,104.0,1,1,1.0
325,1,1008.0,534.0,36.0,100.0,1,1,1.0
325,3,973.0,531.0,42.0,104.0,1,1,1.0
326,1,1007.0,534.0,34.0,99.0,1,1,1.0
326,3,972.0,531.0,42.0,104.0,1,1,1.0
327,1,1006.0,533.0,32.0,100.0,1,1,1.0
327,3,971.0,530.0,39.0,104.0,1,1,1.0
328,1,1005.0,533.0,31.0,100.0,1,1,1.0
328,3,971.0,530.0,37.0,104.0,1,1,1.0
329,1,1003.0,533.0,31.0,99.0,1,1,1.0
329,3,970.0,531.0,37.0,103.0,1,1,1.0
330,1,1001.0,533.0,32.0,98.0,1,1,1.0
330,3,969.0,532.0,36.0,103.0,1,1,1.0
331,1,999.0,533.0,32.0,99.0,1,1,1.0
331,3,968.0,532.0,36.0,103.0,1,1,1.0
332,1,997.0,533.0,33.0,99.0,1,1,1.0
332,3,966.0,531.0,37.0,102.0,1,1,1.0
333,1,996.0,532.0,34.0,99.0,1,1,1.0
333,3,964.0,531.0,37.0,102.0,1,1,1.0
334,1,996.0,532.0,35.0,98.0,1,1,1.0
334,3,961.0,530.0,38.0,101.0,1,1,1.0
335,1,995.0,531.0,36.0,98.0,1,1,1.0
335,3,957.0,529.0,40.0,101.0,1,1,1.0
336,1,994.0,530.0,35.0,99.0,1,1,1.0
336,3,954.0,529.0,42.0,101.0,1,1,1.0
337,1,993.0,530.0,34.0,98.0,1,1,1.0
337,3,953.0,528.0,41.0,101.0,1,1,1.0
338,1,992.0,530.0,34.0,98.0,1,1,1.0
338,3,953.0,528.0,40.0,101.0,1,1,1.0
339,1,991.0,530.0,33.0,98.0,1,1,1.0
339,3,954.0,528.0,38.0,100.0,1,1,1.0
340,1,990.0,530.0,34.0,98.0,1,1,1.0
340,3,954.0,529.0,37.0,100.0,1,1,1.0
341,1,989.0,530.0,34.0,98.0,1,1,1.0
341,3,955.0,529.0,35.0,100.0,1,1,1.0
342,1,988.0,529.0,35.0,98.0,1,1,1.0
342,3,955.0,529.0,35.0,100.0,1,1,1.0
343,1,988.0,529.0,35.0,98.0,1,1,1.0
343,3,955.0,529.0,35.0,100.0,1,1,1.0
344,1,988.0,529.0,35.0,98.0,1,1,1.0
344,3,954.0,529.0,36.0,99.0,1,1,1.0
345,1,989.0,528.0,35.0,97.0,1,1,1.0
345,3,952.0,528.0,38.0,97.0,1,1,1.0
346,1,989.0,528.0,34.0,96.0,1,1,1.0
346,3,951.0,528.0,40.0,97.0,1,1,1.0
347,1,988.0,527.0,34.0,96.0,1,1,1.0
347,3,950.0,527.0,40.0,97.0,1,1,1.0
348,1,987.0,527.0,32.0,96.0,1,1,1.0
348,3,950.0,527.0,40.0,97.0,1,1,1.0
349,1,986.0,527.0,32.0,96.0,1,1,1.0
349,3,950.0,526.0,39.0,97.0,1,1,1.0
350,1,986.0,527.0,31.0,95.0,1,1,1.0
350,3,951.0,526.0,38.0,98.0,1,1,1.0
351,1,985.0,527.0,30.0,95.0,1,1,1.0
351,3,951.0,527.0,36.0,97.0,1,1,1.0
352,1,985.0,527.0,29.0,94.0,1,1,1.0
352,3,950.0,527.0,35.0,97.0,1,1,1.0
353,1,984.0,527.0,29.0,94.0,1,1,1.0
353,3,949.0,527.0,35.0,96.0,1,1,1.0
354,1,983.0,527.0,29.0,94.0,1,1,1.0
354,3,947.0,526.0,37.0,97.0,1,1,1.0
355,1,981.0,526.0,30.0,94.0,1,1,1.0
355,3,945.0,526.0,36.0,96.0,1,1,1.0
356,1,979.0,525.0,32.0,93.0,1,1,1.0
356,3,943.0,525.0,36.0,95.0,1,1,1.0
357,1,978.0,525.0,33.0,93.0,1,1,1.0
357,3,940.0,525.0,37.0,94.0,1,1,1.0
358,1,976.0,525.0,35.0,93.0,1,1,1.0
358,3,938.0,525.0,38.0,94.0,1,1,1.0
359,1,975.0,525.0,37.0,93.0,1,1,1.0
359,3,938.0,525.0,37.0,93.0,1,1,1.0
360,1,975.0,525.0,38.0,93.0,1,1,1.0
360,3,939.0,524.0,36.0,94.0,1,1,1.0
361,1,974.0,524.0,38.0,93.0,1,1,1.0
361,3,940.0,524.0,35.0,95.0,1,1,1.0
362,1,974.0,525.0,38.0,93.0,1,1,1.0
362,3,941.0,524.0,34.0,95.0,1,1,1.0
363,1,974.0,525.0,38.0,92.0,1,1,1.0
363,3,941.0,524.0,35.0,95.0,1,1,1.0
364,1,975.0,525.0,38.0,92.0,1,1,1.0
364,3,941.0,524.0,36.0,95.0,1,1,1.0
365,1,976.0,525.0,36.0,92.0,1,1,1.0
365,3,940.0,524.0,38.0,94.0,1,1,1.0
366,1,976.0,524.0,35.0,92.0,1,1,1.0
366,3,940.0,523.0,39.0,93.0,1,1,1.0
367,1,977.0,524.0,34.0,91.0,1,1,1.0
367,3,939.0,523.0,40.0,93.0,1,1,1.0
368,1,977.0,523.0,33.0,92.0,1,1,1.0
368,3,938.0,522.0,41.0,93.0,1,1,1.0
369,1,978.0,523.0,33.0,92.0,1,1,1.0
369,3,938.0,521.0,42.0,93.0,1,1,1.0
370,1,979.0,523.0,31.0,91.0,1,1,1.0
370,3,937.0,521.0,42.0,93.0,1,1,1.0
371,1,979.0,523.0,31.0,91.0,1,1,1.0
371,3,937.0,521.0,42.0,93.0,1,1,1.0
372,1,978.0,523.0,33.0,91.0,1,1,1.0
372,3,938.0,521.0,41.0,92.0,1,1,1.0
373,1,978.0,523.0,33.0,90.0,1,1,1.0
373,3,939.0,522.0,40.0,92.0,1,1,1.0
374,1,977.0,523.0,35.0,88.0,1,1,1.0
374,3,938.0,522.0,41.0,92.0,1,1,1.0
375,1,977.0,523.0,36.0,89.0,1,1,1.0
375,3,937.0,523.0,41.0,91.0,1,1,1.0
376,1,977.0,523.0,38.0,90.0,1,1,1.0
376,3,936.0,522.0,42.0,91.0,1,1,1.0
377,1,977.0,523.0,41.0,90.0,1,1,1.0
377,3,934.0,522.0,44.0,91.0,1,1,1.0
378,1,978.0,522.0,42.0,89.0,1,1,1.0
378,3,931.0,521.0,47.0,91.0,1,1,1.0
379,1,977.0,522.0,44.0,89.0,1,1,1.0
379,3,929.0,521.0,49.0,90.0,1,1,1.0
380,1,977.0,521.0,45.0,90.0,1,1,1.0
380,3,929.0,520.0,49.0,90.0,1,1,1.0
381,1,978.0,521.0,44.0,90.0,1,1,1.0
381,3,930.0,520.0,49.0,91.0,1,1,1.0
382,1,980.0,521.0,41.0,89.0,1,1,1.0
382,3,933.0,519.0,47.0,91.0,1,1,1.0
383,1,982.0,522.0,39.0,88.0,1,1,1.0
383,3,936.0,519.0,47.0,91.0,1,1,1.0
384,1,985.0,522.0,38.0,88.0,1,1,1.0
384,3,938.0,519.0,46.0,90.0,1,1,1.0
385,1,987.0,522.0,36.0,88.0,1,1,1.0
385,3,940.0,520.0,46.0,90.0,1,1,1.0
386,1,989.0,522.0,36.0,88.0,1,1,1.0
386,3,941.0,520.0,47.0,90.0,1,1,1.0
387,1,990.0,522.0,35.0,88.0,1,1,1.0
387,3,942.0,519.0,48.0,90.0,1,1,1.0
388,1,992.0,522.0,35.0,88.0,1,1,1.0
388,3,944.0,519.0,48.0,89.0,1,1,1.0
389,1,994.0,522.0,35.0,87.0,1,1,1.0
389,3,946.0,519.0,48.0,88.0,1,1,1.0
390,1,995.0,522.0,35.0,87.0,1,1,1.0
390,3,947.0,519.0,48.0,87.0,1,1,1.0
391,1,997.0,522.0,34.0,86.0,1,1,1.0
391,3,949.0,519.0,48.0,87.0,1,1,1.0
392,1,998.0,522.0,35.0,87.0,1,1,1.0
392,3,949.0,519.0,50.0,87.0,1,1,1.0
393,1,999.0,522.0,37.0,87.0,1,1,1.0
393,3,949.0,519.0,50.0,87.0,1,1,1.0
394,1,1001.0,522.0,37.0,87.0,1,1,1.0
394,3,951.0,519.0,51.0,88.0,1,1,1.0
395,1,1002.0,522.0,37.0,86.0,1,1,1.0
395,3,953.0,519.0,50.0,88.0,1,1,1.0
396,1,1005.0,522.0,36.0,86.0,1,1,1.0
396,3,956.0,519.0,49.0,87.0,1,1,1.0
397,1,1007.0,522.0,37.0,86.0,1,1,1.0
397,3,958.0,520.0,50.0,86.0,1,1,1.0
398,1,1008.0,522.0,38.0,86.0,1,1,1.0
398,3,961.0,520.0,48.0,87.0,1,1,1.0
399,1,1009.0,523.0,38.0,86.0,1,1,1.0
399,3,968.0,519.0,43.0,87.0,1,1,1.0
400,1,1010.0,522.0,38.0,87.0,1,1,1.0
400,3,974.0,519.0,38.0,87.0,1,1,1.0
401,1,1010.0,522.0,38.0,88.0,1,1,1.0
401,3,979.0,518.0,35.0,86.0,1,1,1.0
402,1,1012.0,522.0,36.0,88.0,1,1,1.0
402,3,984.0,518.0,34.0,86.0,1,1,1.0
403,1,1014.0,522.0,35.0,88.0,1,1,1.0
403,3,986.0,518.0,36.0,86.0,1,1,1.0
404,1,1018.0,522.0,32.0,88.0,1,1,1.0
404,3,987.0,519.0,38.0,86.0,1,1,1.0
405,1,1023.0,522.0,29.0,87.0,1,1,1.0
405,3,987.0,519.0,40.0,85.0,1,1,1.0
406,1,1027.0,522.0,27.0,87.0,1,1,1.0
406,3,988.0,520.0,42.0,85.0,1,1,1.0
407,1,1030.0,522.0,26.0,87.0,1,1,1.0
407,3,991.0,520.0,41.0,85.0,1,1,1.0
408,1,1031.0,522.0,27.0,88.0,1,1,1.0
408,3,996.0,520.0,36.0,84.0,1,1,1.0
409,1,1032.0,522.0,28.0,89.0,1,1,1.0
409,3,1002.0,519.0,32.0,83.0,1,1,1.0
410,1,1032.0,523.0,29.0,89.0,1,1,1.0
410,3,1008.0,519.0,28.0,85.0,1,1,1.0
411,1,1032.0,523.0,30.0,89.0,1,1,1.0
411,3,1012.0,519.0,26.0,85.0,1,1,1.0
412,1,1032.0,523.0,30.0,89.0,1,1,1.0
412,3,1015.0,519.0,26.0,85.0,1,1,1.0
413,1,1034.0,523.0,29.0,89.0,1,1,1.0
413,3,1016.0,519.0,28.0,85.0,1,1,1.0
414,1,1035.0,523.0,28.0,89.0,1,1,1.0
414,3,1017.0,520.0,30.0,86.0,1,1,1.0
415,1,1036.0,523.0,28.0,89.0,1,1,1.0
415,3,1019.0,520.0,32.0,85.0,1,1,1.0
418,1,1043.0,521.0,23.0,92.0,1,1,1.0
419,1,1043.0,520.0,25.0,93.0,1,1,1.0
420,1,1043.0,519.0,29.0,94.0,1,1,1.0
421,1,1044.0,519.0,37.0,95.0,1,1,1.0
422,1,1046.0,519.0,43.0,95.0,1,1,1.0
423,1,1048.0,520.0,48.0,93.0,1,1,1.0
424,1,1050.0,523.0,40.0,90.0,1,1,1.0
426,1,1050.0,525.0,32.0,89.0,1,1,1.0
427,1,1050.0,525.0,29.0,88.0,1,1,1.0
427,4,1067.0,522.0,41.0,93.0,1,1,1.0
428,1,1051.0,525.0,31.0,89.0,1,1,1.0
428,4,1071.0,522.0,38.0,93.0,1,1,1.0
429,1,1052.0,525.0,31.0,90.0,1,1,1.0
429,4,1076.0,521.0,31.0,93.0,1,1,1.0
430,1,1055.0,525.0,30.0,90.0,1,1,1.0
430,4,1080.0,521.0,25.0,92.0,1,1,1.0
431,1,1058.0,525.0,32.0,90.0,1,1,1.0
431,4,1082.0,521.0,23.0,90.0,1,1,1.0
432,1,1062.0,525.0,32.0,90.0,1,1,1.0
432,4,1081.0,522.0,29.0,89.0,1,1,1.0
433,1,1064.0,525.0,32.0,91.0,1,1,1.0
433,4,1081.0,523.0,34.0,90.0,1,1,1.0
434,1,1065.0,525.0,33.0,91.0,1,1,1.0
434,4,1086.0,523.0,34.0,90.0,1,1,1.0
435,1,1067.0,526.0,32.0,91.0,1,1,1.0
435,4,1083.0,524.0,38.0,91.0,1,1,1.0
436,1,1068.0,526.0,33.0,91.0,1,1,1.0
436,4,1086.0,524.0,37.0,92.0,1,1,1.0
437,1,1069.0,527.0,33.0,91.0,1,1,1.0
437,4,1088.0,524.0,36.0,92.0,1,1,1.0
438,1,1070.0,527.0,33.0,91.0,1,1,1.0
438,4,1091.0,524.0,33.0,93.0,1,1,1.0
439,1,1071.0,528.0,34.0,91.0,1,1,1.0
439,4,1096.0,524.0,29.0,92.0,1,1,1.0
440,1,1073.0,528.0,33.0,92.0,1,1,1.0
440,4,1101.0,524.0,28.0,89.0,1,1,1.0
441,1,1076.0,528.0,31.0,92.0,1,1,1.0
441,4,1103.0,524.0,33.0,90.0,1,1,1.0
442,1,1078.0,528.0,30.0,92.0,1,1,1.0
442,4,1105.0,524.0,37.0,91.0,1,1,1.0
443,1,1082.0,527.0,27.0,92.0,1,1,1.0
443,4,1106.0,524.0,42.0,93.0,1,1,1.0
444,1,1086.0,528.0,24.0,92.0,1,1,1.0
444,4,1109.0,525.0,44.0,93.0,1,1,1.0
445,1,1090.0,528.0,23.0,92.0,1,1,1.0
445,4,1107.0,526.0,49.0,93.0,1,1,1.0
446,1,1091.0,528.0,24.0,92.0,1,1,1.0
446,4,1107.0,526.0,51.0,93.0,1,1,1.0
447,1,1092.0,529.0,26.0,91.0,1,1,1.0
447,4,1109.0,526.0,50.0,94.0,1,1,1.0
448,1,1093.0,529.0,31.0,91.0,1,1,1.0
448,4,1113.0,526.0,47.0,94.0,1,1,1.0
449,1,1093.0,530.0,36.0,90.0,1,1,1.0
449,4,1117.0,527.0,44.0,94.0,1,1,1.0
450,1,1094.0,531.0,39.0,90.0,1,1,1.0
450,4,1120.0,527.0,40.0,94.0,1,1,1.0
451,1,1095.0,531.0,44.0,90.0,1,1,1.0
451,4,1124.0,526.0,35.0,91.0,1,1,1.0
452,1,1096.0,531.0,45.0,90.0,1,1,1.0
452,4,1127.0,526.0,30.0,89.0,1,1,1.0
453,1,1100.0,532.0,41.0,90.0,1,1,1.0
453,4,1131.0,527.0,27.0,90.0,1,1,1.0
454,1,1103.0,532.0,38.0,90.0,1,1,1.0
454,4,1130.0,527.0,32.0,92.0,1,1,1.0
455,1,1109.0,531.0,35.0,90.0,1,1,1.0
455,4,1129.0,528.0,36.0,92.0,1,1,1.0
456,1,1113.0,531.0,33.0,91.0,1,1,1.0
456,4,1130.0,529.0,37.0,91.0,1,1,1.0
457,1,1113.0,532.0,35.0,91.0,1,1,1.0
458,1,1114.0,532.0,37.0,91.0,1,1,1.0
458,4,1135.0,529.0,36.0,92.0,1,1,1.0
459,1,1114.0,532.0,41.0,91.0,1,1,1.0
459,4,1141.0,529.0,31.0,91.0,1,1,1.0
460,1,1117.0,533.0,41.0,91.0,1,1,1.0
460,4,1147.0,528.0,27.0,94.0,1,1,1.0
461,1,1119.0,533.0,41.0,91.0,1,1,1.0
461,4,1150.0,528.0,27.0,96.0,1,1,1.0
462,1,1122.0,533.0,40.0,91.0,1,1,1.0
462,4,1153.0,528.0,29.0,97.0,1,1,1.0
463,1,1126.0,533.0,39.0,92.0,1,1,1.0
463,4,1156.0,528.0,32.0,97.0,1,1,1.0
464,1,1133.0,532.0,36.0,93.0,1,1,1.0
465,1,1138.0,532.0,34.0,94.0,1,1,1.0
465,4,1162.0,530.0,33.0,95.0,1,1,1.0
468,1,1148.0,532.0,28.0,94.0,1,1,1.0
468,4,1167.0,530.0,37.0,95.0,1,1,1.0
469,1,1151.0,532.0,28.0,94.0,1,1,1.0
469,4,1170.0,531.0,36.0,94.0,1,1,1.0
470,1,1153.0,533.0,29.0,94.0,1,1,1.0
470,4,1173.0,531.0,35.0,96.0,1,1,1.0
471,1,1154.0,533.0,37.0,94.0,1,1,1.0
471,4,1177.0,531.0,31.0,97.0,1,1,1.0
472,1,1155.0,534.0,42.0,94.0,1,1,1.0
472,4,1180.0,530.0,27.0,98.0,1,1,1.0
473,1,1156.0,534.0,42.0,94.0,1,1,1.0
473,4,1184.0,530.0,24.0,98.0,1,1,1.0
474,1,1159.0,534.0,39.0,95.0,1,1,1.0
474,4,1188.0,531.0,22.0,96.0,1,1,1.0
475,1,1164.0,535.0,35.0,94.0,1,1,1.0
475,4,1190.0,532.0,25.0,94.0,1,1,1.0
476,1,1170.0,535.0,31.0,94.0,1,1,1.0
476,4,1188.0,532.0,35.0,95.0,1,1,1.0
477,1,1175.0,535.0,29.0,94.0,1,1,1.0
477,4,1184.0,534.0,44.0,95.0,1,1,1.0
479,1,1179.0,535.0,29.0,95.0,1,1,1.0
480,1,1180.0,535.0,32.0,95.0,1,1,1.0
480,4,1197.0,535.0,33.0,90.0,1,1,1.0
481,1,1182.0,536.0,34.0,95.0,1,1,1.0
481,4,1201.0,534.0,35.0,94.0,1,1,1.0
482,1,1182.0,536.0,38.0,94.0,1,1,1.0
483,1,1184.0,537.0,42.0,95.0,1,1,1.0
483,4,1210.0,533.0,29.0,94.0,1,1,1.0
484,1,1186.0,537.0,44.0,96.0,1,1,1.0
484,4,1215.0,533.0,27.0,92.0,1,1,1.0
485,1,1190.0,538.0,42.0,95.0,1,1,1.0
486,1,1194.0,538.0,39.0,96.0,1,1,1.0
486,4,1222.0,534.0,29.0,92.0,1,1,1.0
487,1,1201.0,538.0,32.0,96.0,1,1,1.0
487,4,1224.0,535.0,29.0,91.0,1,1,1.0
488,1,1207.0,536.0,27.0,98.0,1,1,1.0
488,4,1227.0,535.0,31.0,92.0,1,1,1.0
489,1,1210.0,537.0,23.0,97.0,1,1,1.0
489,4,1226.0,536.0,36.0,96.0,1,1,1.0
490,1,1213.0,537.0,23.0,98.0,1,1,1.0
490,4,1228.0,536.0,36.0,96.0,1,1,1.0
491,1,1214.0,537.0,25.0,98.0,1,1,1.0
491,4,1231.0,536.0,33.0,98.0,1,1,1.0
492,1,1215.0,538.0,28.0,96.0,1,1,1.0
492,4,1234.0,536.0,30.0,96.0,1,1,1.0
493,1,1216.0,538.0,35.0,96.0,1,1,1.0
493,4,1240.0,536.0,30.0,82.0,1,1,1.0
494,1,1216.0,538.0,38.0,97.0,1,1,1.0
495,1,1217.0,539.0,39.0,96.0,1,1,1.0
496,1,1218.0,540.0,40.0,96.0,1,1,1.0
496,4,1248.0,538.0,23.0,86.0,1,1,1.0
498,1,1225.0,540.0,37.0,95.0,1,1,1.0
499,1,1230.0,540.0,34.0,95.0,1,1,1.0
501,1,1239.0,540.0,33.0,99.0,1,1,1.0
502,1,1239.0,540.0,35.0,97.0,1,1,1.0
502,4,1266.0,538.0,23.0,86.0,1,1,1.0
503,1,1240.0,540.0,36.0,97.0,1,1,1.0
503,4,1267.0,539.0,24.0,85.0,1,1,1.0
504,1,1241.0,541.0,36.0,97.0,1,1,1.0
504,4,1269.0,539.0,25.0,84.0,1,1,1.0
505,1,1242.0,542.0,37.0,96.0,1,1,1.0
505,4,1271.0,539.0,29.0,84.0,1,1,1.0
506,1,1246.0,542.0,36.0,93.0,1,1,1.0
507,1,1250.0,542.0,36.0,86.0,1,1,1.0
508,1,1253.0,542.0,34.0,82.0,1,1,1.0
508,4,1280.0,541.0,35.0,82.0,1,1,1.0
512,1,1268.0,542.0,26.0,81.0,1,1,1.0
512,4,1288.0,542.0,36.0,82.0,1,1,1.0
513,1,1270.0,542.0,25.0,82.0,1,1,1.0
513,4,1291.0,541.0,35.0,84.0,1,1,1.0
514,1,1272.0,543.0,26.0,81.0,1,1,1.0
515,1,1274.0,543.0,27.0,80.0,1,1,1.0
516,1,1274.0,544.0,30.0,80.0,1,1,1.0
517,1,1278.0,544.0,29.0,81.0,1,1,1.0
517,4,1303.0,543.0,27.0,98.0,1,1,1.0
518,1,1281.0,544.0,30.0,81.0,1,1,1.0
518,4,1306.0,543.0,29.0,96.0,1,1,1.0
520,4,1309.0,545.0,36.0,99.0,1,1,1.0
522,4,1312.0,546.0,36.0,97.0,1,1,1.0
523,1,1298.0,544.0,28.0,101.0,1,1,1.0
524,1,1299.0,544.0,30.0,102.0,1,1,1.0
524,4,1320.0,544.0,32.0,99.0,1,1,1.0
525,1,1300.0,544.0,31.0,104.0,1,1,1.0
525,4,1324.0,544.0,32.0,100.0,1,1,1.0
526,1,1301.0,545.0,34.0,106.0,1,1,1.0
526,4,1329.0,544.0,34.0,105.0,1,1,1.0
527,1,1302.0,546.0,35.0,106.0,1,1,1.0
527,4,1332.0,544.0,36.0,107.0,1,1,1.0
528,1,1304.0,547.0,39.0,106.0,1,1,1.0
528,4,1335.0,545.0,38.0,102.0,1,1,1.0
529,1,1306.0,547.0,41.0,107.0,1,1,1.0
529,4,1337.0,546.0,40.0,104.0,1,1,1.0
530,1,1308.0,548.0,40.0,108.0,1,1,1.0
530,4,1339.0,547.0,42.0,106.0,1,1,1.0
531,1,1312.0,548.0,37.0,108.0,1,1,1.0
531,4,1340.0,548.0,44.0,106.0,1,1,1.0
532,1,1317.0,548.0,33.0,108.0,1,1,1.0
532,4,1342.0,548.0,42.0,107.0,1,1,1.0
533,1,1322.0,548.0,31.0,108.0,1,1,1.0
533,4,1348.0,548.0,37.0,107.0,1,1,1.0
534,1,1325.0,547.0,30.0,109.0,1,1,1.0
534,4,1351.0,547.0,34.0,108.0,1,1,1.0
536,1,1330.0,548.0,31.0,107.0,1,1,1.0
536,4,1354.0,547.0,31.0,109.0,1,1,1.0
537,1,1333.0,548.0,35.0,108.0,1,1,1.0
537,4,1357.0,547.0,29.0,110.0,1,1,1.0
538,1,1334.0,548.0,37.0,108.0,1,1,1.0
538,4,1361.0,547.0,29.0,109.0,1,1,1.0
539,1,1334.0,549.0,43.0,107.0,1,1,1.0
539,4,1363.0,548.0,36.0,109.0,1,1,1.0
540,1,1334.0,551.0,46.0,107.0,1,1,1.0
540,4,1361.0,550.0,43.0,109.0,1,1,1.0
541,1,1335.0,551.0,46.0,108.0,1,1,1.0
541,4,1363.0,550.0,43.0,109.0,1,1,1.0
542,1,1338.0,551.0,44.0,109.0,1,1,1.0
542,4,1366.0,551.0,42.0,110.0,1,1,1.0
543,1,1342.0,550.0,41.0,109.0,1,1,1.0
543,4,1367.0,551.0,41.0,110.0,1,1,1.0
544,1,1346.0,550.0,38.0,109.0,1,1,1.0
544,4,1369.0,551.0,40.0,108.0,1,1,1.0
545,1,1351.0,551.0,36.0,109.0,1,1,1.0
545,4,1372.0,551.0,41.0,109.0,1,1,1.0
546,1,1353.0,551.0,37.0,110.0,1,1,1.0
546,4,1379.0,550.0,39.0,111.0,1,1,1.0
547,1,1354.0,551.0,37.0,112.0,1,1,1.0
547,4,1385.0,550.0,38.0,112.0,1,1,1.0
548,1,1353.0,551.0,38.0,113.0,1,1,1.0
548,4,1387.0,550.0,39.0,113.0,1,1,1.0
549,1,1353.0,552.0,41.0,112.0,1,1,1.0
549,4,1387.0,551.0,41.0,113.0,1,1,1.0
550,1,1353.0,553.0,43.0,111.0,1,1,1.0
550,4,1388.0,552.0,41.0,114.0,1,1,1.0
551,1,1354.0,553.0,43.0,111.0,1,1,1.0
551,4,1389.0,552.0,41.0,114.0,1,1,1.0
552,1,1356.0,553.0,41.0,112.0,1,1,1.0
552,4,1392.0,553.0,39.0,114.0,1,1,1.0
553,1,1358.0,553.0,41.0,112.0,1,1,1.0
553,4,1394.0,553.0,39.0,115.0,1,1,1.0
554,1,1362.0,553.0,39.0,114.0,1,1,1.0
554,4,1396.0,553.0,38.0,116.0,1,1,1.0
555,1,1365.0,553.0,38.0,115.0,1,1,1.0
555,4,1399.0,553.0,36.0,116.0,1,1,1.0
556,1,1368.0,554.0,38.0,114.0,1,1,1.0
556,4,1401.0,553.0,35.0,115.0,1,1,1.0
557,1,1370.0,555.0,38.0,114.0,1,1,1.0
557,4,1403.0,553.0,34.0,115.0,1,1,1.0
558,1,1372.0,556.0,37.0,113.0,1,1,1.0
558,4,1403.0,553.0,34.0,116.0,1,1,1.0
559,1,1374.0,557.0,35.0,114.0,1,1,1.0
559,4,1404.0,554.0,35.0,117.0,1,1,1.0
560,1,1375.0,558.0,34.0,114.0,1,1,1.0
560,4,1407.0,556.0,34.0,117.0,1,1,1.0
561,1,1377.0,559.0,33.0,114.0,1,1,1.0
561,4,1408.0,557.0,34.0,117.0,1,1,1.0
562,1,1377.0,559.0,33.0,114.0,1,1,1.0
562,4,1409.0,558.0,35.0,117.0,1,1,1.0
563,1,1377.0,560.0,33.0,115.0,1,1,1.0
563,4,1410.0,559.0,35.0,117.0,1,1,1.0
564,1,1378.0,560.0,33.0,116.0,1,1,1.0
564,4,1410.0,559.0,35.0,117.0,1,1,1.0
565,1,1378.0,560.0,34.0,116.0,1,1,1.0
565,4,1411.0,559.0,36.0,117.0,1,1,1.0
566,1,1377.0,560.0,36.0,117.0,1,1,1.0
566,4,1411.0,559.0,39.0,118.0,1,1,1.0
567,1,1376.0,560.0,38.0,117.0,1,1,1.0
567,4,1410.0,558.0,43.0,118.0,1,1,1.0
568,1,1375.0,560.0,39.0,117.0,1,1,1.0
568,4,1410.0,558.0,46.0,118.0,1,1,1.0
569,1,1374.0,560.0,40.0,118.0,1,1,1.0
569,4,1410.0,558.0,49.0,118.0,1,1,1.0
570,1,1373.0,560.0,41.0,119.0,1,1,1.0
570,4,1410.0,559.0,48.0,118.0,1,1,1.0
571,1,1373.0,562.0,41.0,119.0,1,1,1.0
571,4,1410.0,560.0,47.0,118.0,1,1,1.0
572,1,1372.0,563.0,40.0,119.0,1,1,1.0
572,4,1410.0,563.0,43.0,118.0,1,1,1.0
573,1,1373.0,563.0,40.0,120.0,1,1,1.0
573,4,1409.0,564.0,40.0,118.0,1,1,1.0
574,1,1373.0,565.0,38.0,118.0,1,1,1.0
574,4,1408.0,565.0,38.0,118.0,1,1,1.0
575,1,1372.0,565.0,37.0,119.0,1,1,1.0
575,4,1408.0,564.0,37.0,120.0,1,1,1.0
576,1,1371.0,565.0,37.0,119.0,1,1,1.0
576,4,1407.0,563.0,37.0,121.0,1,1,1.0
577,1,1370.0,564.0,36.0,120.0,1,1,1.0
577,4,1405.0,563.0,37.0,121.0,1,1,1.0
578,1,1369.0,564.0,36.0,120.0,1,1,1.0
578,4,1404.0,563.0,37.0,120.0,1,1,1.0
579,1,1367.0,564.0,37.0,120.0,1,1,1.0
579,4,1403.0,564.0,37.0,121.0,1,1,1.0
580,1,1366.0,563.0,38.0,123.0,1,1,1.0
580,4,1401.0,566.0,39.0,121.0,1,1,1.0
581,1,1364.0,562.0,38.0,126.0,1,1,1.0
581,4,1400.0,567.0,42.0,122.0,1,1,1.0
582,1,1361.0,563.0,40.0,126.0,1,1,1.0
582,4,1398.0,568.0,43.0,123.0,1,1,1.0
583,1,1358.0,565.0,41.0,125.0,1,1,1.0
583,4,1396.0,569.0,44.0,123.0,1,1,1.0
584,1,1357.0,566.0,41.0,125.0,1,1,1.0
584,4,1395.0,570.0,43.0,124.0,1,1,1.0
585,1,1356.0,567.0,42.0,125.0,1,1,1.0
585,4,1394.0,570.0,43.0,124.0,1,1,1.0
586,1,1355.0,568.0,43.0,124.0,1,1,1.0
586,4,1393.0,571.0,43.0,124.0,1,1,1.0
587,1,1354.0,568.0,43.0,125.0,1,1,1.0
587,4,1392.0,571.0,44.0,124.0,1,1,1.0
588,1,1354.0,568.0,42.0,124.0,1,1,1.0
588,4,1391.0,570.0,43.0,125.0,1,1,1.0
589,1,1355.0,568.0,39.0,124.0,1,1,1.0
589,4,1390.0,569.0,42.0,126.0,1,1,1.0
590,1,1354.0,568.0,36.0,124.0,1,1,1.0
590,4,1388.0,569.0,41.0,125.0,1,1,1.0
591,1,1352.0,568.0,37.0,125.0,1,1,1.0
591,4,1385.0,568.0,40.0,125.0,1,1,1.0
592,1,1347.0,569.0,39.0,125.0,1,1,1.0
592,4,1382.0,569.0,40.0,126.0,1,1,1.0
593,1,1342.0,570.0,42.0,125.0,1,1,1.0
593,4,1378.0,571.0,44.0,125.0,1,1,1.0
594,1,1339.0,571.0,44.0,125.0,1,1,1.0
594,4,1374.0,572.0,46.0,125.0,1,1,1.0
595,1,1338.0,571.0,43.0,126.0,1,1,1.0
595,4,1372.0,573.0,47.0,126.0,1,1,1.0
596,1,1337.0,572.0,41.0,126.0,1,1,1.0
596,4,1369.0,572.0,48.0,127.0,1,1,1.0
597,1,1337.0,573.0,38.0,126.0,1,1,1.0
597,4,1368.0,572.0,46.0,128.0,1,1,1.0
598,1,1335.0,573.0,37.0,125.0,1,1,1.0
598,4,1366.0,571.0,45.0,129.0,1,1,1.0
599,1,1332.0,573.0,38.0,125.0,1,1,1.0
599,4,1364.0,571.0,45.0,130.0,1,1,1.0
600,1,1327.0,573.0,39.0,126.0,1,1,1.0
600,4,1363.0,569.0,42.0,131.0,1,1,1.0
601,1,1322.0,572.0,42.0,127.0,1,1,1.0
601,4,1362.0,569.0,43.0,134.0,1,1,1.0
602,1,1318.0,572.0,44.0,128.0,1,1,1.0
602,4,1360.0,571.0,45.0,135.0,1,1,1.0
603,1,1314.0,573.0,45.0,129.0,1,1,1.0
603,4,1358.0,572.0,48.0,136.0,1,1,1.0
604,1,1308.0,574.0,47.0,128.0,1,1,1.0
604,4,1356.0,575.0,50.0,135.0,1,1,1.0
605,1,1304.0,575.0,49.0,129.0,1,1,1.0
605,4,1353.0,576.0,52.0,134.0,1,1,1.0
606,1,1301.0,576.0,51.0,128.0,1,1,1.0
606,4,1350.0,577.0,53.0,134.0,1,1,1.0
607,1,1298.0,576.0,51.0,129.0,1,1,1.0
607,4,1348.0,577.0,53.0,134.0,1,1,1.0
608,1,1296.0,576.0,50.0,129.0,1,1,1.0
608,4,1345.0,578.0,52.0,134.0,1,1,1.0
609,1,1296.0,577.0,48.0,129.0,1,1,1.0
609,4,1343.0,577.0,51.0,135.0,1,1,1.0
610,1,1295.0,576.0,45.0,129.0,1,1,1.0
610,4,1340.0,576.0,50.0,136.0,1,1,1.0
611,1,1294.0,575.0,44.0,130.0,1,1,1.0
611,4,1336.0,575.0,49.0,137.0,1,1,1.0
612,1,1288.0,575.0,46.0,130.0,1,1,1.0
612,4,1334.0,574.0,48.0,137.0,1,1,1.0
613,1,1280.0,577.0,52.0,129.0,1,1,1.0
613,4,1330.0,575.0,49.0,132.0,1,1,1.0
614,1,1271.0,578.0,57.0,129.0,1,1,1.0
614,4,1327.0,576.0,51.0,132.0,1,1,1.0
615,1,1266.0,580.0,58.0,130.0,1,1,1.0
615,4,1323.0,577.0,54.0,133.0,1,1,1.0
616,1,1264.0,581.0,56.0,129.0,1,1,1.0
616,4,1319.0,578.0,56.0,135.0,1,1,1.0
617,1,1264.0,581.0,54.0,130.0,1,1,1.0
617,4,1318.0,578.0,55.0,136.0,1,1,1.0
618,1,1264.0,580.0,52.0,130.0,1,1,1.0
618,4,1315.0,578.0,55.0,138.0,1,1,1.0
619,1,1264.0,581.0,48.0,130.0,1,1,1.0
619,4,1312.0,577.0,53.0,140.0,1,1,1.0
620,1,1263.0,580.0,45.0,131.0,1,1,1.0
620,4,1309.0,577.0,50.0,140.0,1,1,1.0
621,1,1255.0,580.0,50.0,131.0,1,1,1.0
621,4,1306.0,577.0,49.0,140.0,1,1,1.0
622,1,1249.0,580.0,54.0,132.0,1,1,1.0
622,4,1302.0,577.0,53.0,141.0,1,1,1.0
623,1,1243.0,581.0,58.0,134.0,1,1,1.0
623,4,1298.0,577.0,58.0,144.0,1,1,1.0
624,1,1237.0,582.0,60.0,134.0,1,1,1.0
624,4,1295.0,579.0,63.0,144.0,1,1,1.0
625,1,1233.0,582.0,63.0,131.0,1,1,1.0
625,4,1291.0,580.0,68.0,145.0,1,1,1.0
626,1,1229.0,583.0,63.0,129.0,1,1,1.0
626,4,1289.0,582.0,70.0,144.0,1,1,1.0
627,1,1227.0,584.0,62.0,128.0,1,1,1.0
627,4,1287.0,583.0,68.0,144.0,1,1,1.0
628,1,1226.0,584.0,60.0,132.0,1,1,1.0
628,4,1285.0,584.0,64.0,145.0,1,1,1.0
629,1,1226.0,584.0,58.0,135.0,1,1,1.0
629,4,1284.0,585.0,61.0,145.0,1,1,1.0
630,1,1226.0,584.0,54.0,137.0,1,1,1.0
630,4,1281.0,584.0,58.0,146.0,1,1,1.0
631,1,1227.0,584.0,49.0,138.0,1,1,1.0
631,4,1277.0,583.0,55.0,147.0,1,1,1.0
632,1,1227.0,584.0,45.0,138.0,1,1,1.0
632,4,1272.0,582.0,54.0,148.0,1,1,1.0
633,1,1221.0,583.0,48.0,140.0,1,1,1.0
633,4,1268.0,582.0,53.0,148.0,1,1,1.0
634,1,1213.0,583.0,53.0,141.0,1,1,1.0
634,4,1264.0,582.0,52.0,148.0,1,1,1.0
635,1,1204.0,585.0,59.0,140.0,1,1,1.0
635,4,1260.0,582.0,53.0,145.0,1,1,1.0
636,1,1199.0,586.0,62.0,141.0,1,1,1.0
636,4,1257.0,583.0,55.0,144.0,1,1,1.0
637,1,1198.0,586.0,60.0,142.0,1,1,1.0
637,4,1252.0,584.0,57.0,143.0,1,1,1.0
638,1,1198.0,586.0,58.0,142.0,1,1,1.0
638,4,1250.0,585.0,57.0,144.0,1,1,1.0
639,1,1198.0,587.0,54.0,142.0,1,1,1.0
639,4,1247.0,586.0,58.0,145.0,1,1,1.0
640,1,1197.0,586.0,49.0,143.0,1,1,1.0
640,4,1245.0,586.0,57.0,145.0,1,1,1.0
641,1,1194.0,585.0,47.0,144.0,1,1,1.0
641,4,1241.0,586.0,56.0,145.0,1,1,1.0
642,1,1188.0,585.0,48.0,144.0,1,1,1.0
642,4,1236.0,585.0,57.0,146.0,1,1,1.0
643,1,1183.0,585.0,50.0,146.0,1,1,1.0
643,4,1232.0,585.0,59.0,148.0,1,1,1.0
644,1,1176.0,585.0,55.0,148.0,1,1,1.0
644,4,1227.0,585.0,62.0,151.0,1,1,1.0
645,1,1171.0,587.0,57.0,147.0,1,1,1.0
645,4,1223.0,585.0,65.0,145.0,1,1,1.0
646,1,1167.0,588.0,58.0,147.0,1,1,1.0
646,4,1222.0,587.0,66.0,146.0,1,1,1.0
647,1,1164.0,590.0,58.0,145.0,1,1,1.0
647,4,1220.0,587.0,67.0,144.0,1,1,1.0
648,1,1162.0,590.0,57.0,147.0,1,1,1.0
648,4,1217.0,590.0,68.0,142.0,1,1,1.0
649,1,1161.0,590.0,55.0,148.0,1,1,1.0
649,4,1214.0,591.0,68.0,142.0,1,1,1.0
650,1,1161.0,590.0,52.0,149.0,1,1,1.0
650,4,1212.0,592.0,67.0,148.0,1,1,1.0
651,1,1161.0,589.0,49.0,150.0,1,1,1.0
651,4,1209.0,591.0,65.0,154.0,1,1,1.0
652,1,1160.0,589.0,46.0,151.0,1,1,1.0
652,4,1205.0,590.0,62.0,157.0,1,1,1.0
653,1,1159.0,589.0,45.0,150.0,1,1,1.0
653,4,1202.0,589.0,57.0,153.0,1,1,1.0
654,1,1153.0,590.0,48.0,150.0,1,1,1.0
654,4,1198.0,589.0,50.0,157.0,1,1,1.0
655,1,1144.0,591.0,54.0,151.0,1,1,1.0
655,4,1194.0,589.0,49.0,152.0,1,1,1.0
656,1,1134.0,592.0,61.0,152.0,1,1,1.0
656,4,1190.0,590.0,49.0,147.0,1,1,1.0
657,1,1126.0,593.0,68.0,153.0,1,1,1.0
657,4,1179.0,590.0,57.0,147.0,1,1,1.0
658,1,1123.0,594.0,65.0,153.0,1,1,1.0
658,4,1176.0,592.0,59.0,146.0,1,1,1.0
659,1,1122.0,594.0,64.0,154.0,1,1,1.0
659,4,1173.0,594.0,59.0,145.0,1,1,1.0
660,1,1121.0,594.0,64.0,156.0,1,1,1.0
660,4,1165.0,595.0,64.0,154.0,1,1,1.0
661,1,1121.0,593.0,58.0,156.0,1,1,1.0
662,1,1118.0,593.0,60.0,156.0,1,1,1.0
662,4,1157.0,595.0,62.0,159.0,1,1,1.0
663,1,1110.0,593.0,58.0,155.0,1,1,1.0
663,4,1155.0,594.0,57.0,160.0,1,1,1.0
664,1,1103.0,593.0,59.0,156.0,1,1,1.0
664,4,1151.0,594.0,53.0,161.0,1,1,1.0
665,1,1097.0,594.0,61.0,157.0,1,1,1.0
665,4,1148.0,593.0,51.0,162.0,1,1,1.0
666,1,1091.0,594.0,61.0,158.0,1,1,1.0
666,4,1144.0,593.0,50.0,164.0,1,1,1.0
667,1,1086.0,595.0,62.0,158.0,1,1,1.0
667,4,1141.0,594.0,50.0,166.0,1,1,1.0
668,1,1081.0,596.0,63.0,158.0,1,1,1.0
668,4,1137.0,595.0,50.0,167.0,1,1,1.0
669,1,1077.0,597.0,66.0,158.0,1,1,1.0
669,4,1126.0,596.0,57.0,167.0,1,1,1.0
670,1,1072.0,598.0,68.0,159.0,1,1,1.0
670,4,1122.0,598.0,58.0,165.0,1,1,1.0
671,1,1069.0,598.0,67.0,159.0,1,1,1.0
671,4,1121.0,598.0,57.0,166.0,1,1,1.0
672,1,1068.0,598.0,62.0,159.0,1,1,1.0
672,4,1119.0,599.0,56.0,167.0,1,1,1.0
673,1,1068.0,598.0,55.0,159.0,1,1,1.0
673,4,1116.0,598.0,52.0,168.0,1,1,1.0
674,1,1066.0,597.0,52.0,160.0,1,1,1.0
674,4,1113.0,598.0,49.0,169.0,1,1,1.0
675,1,1061.0,598.0,52.0,159.0,1,1,1.0
675,4,1108.0,597.0,48.0,169.0,1,1,1.0
676,1,1054.0,598.0,56.0,158.0,1,1,1.0
676,4,1102.0,597.0,51.0,170.0,1,1,1.0
677,1,1045.0,599.0,60.0,159.0,1,1,1.0
677,4,1098.0,597.0,51.0,169.0,1,1,1.0
678,1,1033.0,600.0,71.0,159.0,1,1,1.0
678,4,1087.0,598.0,58.0,168.0,1,1,1.0
679,1,1025.0,602.0,76.0,160.0,1,1,1.0
679,4,1075.0,599.0,67.0,168.0,1,1,1.0
680,1,1021.0,603.0,78.0,160.0,1,1,1.0
681,1,1019.0,603.0,79.0,161.0,1,1,1.0
681,4,1060.0,601.0,79.0,167.0,1,1,1.0
682,1,1018.0,603.0,77.0,162.0,1,1,1.0
682,4,1054.0,602.0,84.0,167.0,1,1,1.0
683,1,1018.0,603.0,71.0,164.0,1,1,1.0
683,4,1051.0,601.0,82.0,168.0,1,1,1.0
684,1,1018.0,602.0,62.0,164.0,1,1,1.0
684,4,1050.0,600.0,75.0,169.0,1,1,1.0
685,1,1015.0,602.0,53.0,163.0,1,1,1.0
685,4,1049.0,599.0,65.0,170.0,1,1,1.0
686,1,1006.0,602.0,55.0,162.0,1,1,1.0
686,4,1046.0,599.0,56.0,171.0,1,1,1.0
687,1,997.0,602.0,59.0,164.0,1,1,1.0
687,4,1042.0,599.0,52.0,173.0,1,1,1.0
688,1,989.0,603.0,62.0,166.0,1,1,1.0
688,4,1037.0,599.0,51.0,175.0,1,1,1.0
689,1,981.0,604.0,65.0,166.0,1,1,1.0
689,4,1031.0,600.0,52.0,177.0,1,1,1.0
690,1,975.0,606.0,66.0,167.0,1,1,1.0
690,4,1022.0,602.0,57.0,176.0,1,1,1.0
691,1,970.0,607.0,67.0,168.0,1,1,1.0
691,4,1015.0,604.0,62.0,172.0,1,1,1.0
692,1,965.0,608.0,69.0,169.0,1,1,1.0
692,4,1008.0,605.0,67.0,174.0,1,1,1.0
693,1,961.0,609.0,66.0,169.0,1,1,1.0
693,4,1006.0,606.0,68.0,176.0,1,1,1.0
694,1,959.0,609.0,63.0,169.0,1,1,1.0
694,4,1004.0,607.0,65.0,177.0,1,1,1.0
695,1,958.0,609.0,59.0,169.0,1,1,1.0
695,4,1004.0,606.0,61.0,178.0,1,1,1.0
696,1,958.0,608.0,53.0,170.0,1,1,1.0
696,4,999.0,606.0,60.0,179.0,1,1,1.0
697,1,956.0,609.0,51.0,169.0,1,1,1.0
697,4,995.0,606.0,57.0,179.0,1,1,1.0
698,1,952.0,609.0,50.0,168.0,1,1,1.0
698,4,991.0,606.0,53.0,179.0,1,1,1.0
699,1,940.0,610.0,58.0,169.0,1,1,1.0
699,4,984.0,606.0,55.0,178.0,1,1,1.0
700,1,925.0,612.0,71.0,172.0,1,1,1.0
700,4,973.0,608.0,62.0,178.0,1,1,1.0
702,1,909.0,616.0,84.0,171.0,1,1,1.0
702,4,961.0,611.0,68.0,176.0,1,1,1.0
703,1,906.0,617.0,86.0,171.0,1,1,1.0
703,4,948.0,612.0,79.0,178.0,1,1,1.0
704,1,905.0,618.0,83.0,172.0,1,1,1.0
704,4,943.0,613.0,83.0,179.0,1,1,1.0
705,1,905.0,618.0,70.0,175.0,1,1,1.0
705,4,941.0,613.0,81.0,179.0,1,1,1.0
706,1,903.0,618.0,57.0,173.0,1,1,1.0
706,4,938.0,613.0,75.0,180.0,1,1,1.0
707,1,895.0,618.0,55.0,172.0,1,1,1.0
707,4,934.0,613.0,68.0,181.0,1,1,1.0
708,1,884.0,618.0,58.0,172.0,1,1,1.0
708,4,929.0,613.0,59.0,182.0,1,1,1.0
709,1,873.0,618.0,64.0,175.0,1,1,1.0
709,4,923.0,613.0,59.0,184.0,1,1,1.0
710,1,865.0,619.0,69.0,178.0,1,1,1.0
710,4,917.0,614.0,64.0,188.0,1,1,1.0
711,1,857.0,621.0,70.0,178.0,1,1,1.0
711,4,912.0,616.0,68.0,191.0,1,1,1.0
712,1,851.0,623.0,73.0,179.0,1,1,1.0
712,4,905.0,618.0,75.0,192.0,1,1,1.0
713,1,846.0,624.0,72.0,179.0,1,1,1.0
713,4,897.0,620.0,81.0,192.0,1,1,1.0
714,1,841.0,625.0,70.0,179.0,1,1,1.0
714,4,892.0,622.0,80.0,191.0,1,1,1.0
715,1,839.0,625.0,66.0,179.0,1,1,1.0
715,4,888.0,624.0,76.0,191.0,1,1,1.0
716,1,842.0,625.0,57.0,179.0,1,1,1.0
716,4,885.0,625.0,71.0,190.0,1,1,1.0
717,1,844.0,625.0,49.0,179.0,1,1,1.0
717,4,880.0,624.0,65.0,191.0,1,1,1.0
718,1,839.0,625.0,48.0,178.0,1,1,1.0
718,4,865.0,624.0,69.0,190.0,1,1,1.0
719,1,831.0,626.0,50.0,178.0,1,1,1.0
719,4,862.0,624.0,65.0,191.0,1,1,1.0
720,1,817.0,627.0,61.0,180.0,1,1,1.0
720,4,858.0,625.0,65.0,190.0,1,1,1.0
