1,1,947.0,212.0,40.0,91.0,1,1,1.0
2,1,945.0,212.0,39.0,91.0,1,1,1.0
3,1,945.0,212.0,40.0,91.0,1,1,1.0
4,1,943.0,212.0,41.0,91.0,1,1,1.0
5,1,940.0,213.0,41.0,91.0,1,1,1.0
6,1,939.0,213.0,43.0,91.0,1,1,1.0
7,1,939.0,214.0,40.0,91.0,1,1,1.0
8,1,938.0,214.0,38.0,91.0,1,1,1.0
9,1,936.0,213.0,36.0,92.0,1,1,1.0
10,1,934.0,213.0,36.0,92.0,1,1,1.0
11,1,932.0,212.0,36.0,93.0,1,1,1.0
12,1,931.0,212.0,36.0,93.0,1,1,1.0
13,1,929.0,211.0,37.0,95.0,1,1,1.0
14,1,928.0,211.0,37.0,96.0,1,1,1.0
15,1,926.0,211.0,37.0,97.0,1,1,1.0
16,1,925.0,211.0,38.0,97.0,1,1,1.0
17,1,924.0,212.0,39.0,97.0,1,1,1.0
18,1,924.0,213.0,39.0,97.0,1,1,1.0
19,1,924.0,214.0,38.0,97.0,1,1,1.0
20,1,924.0,214.0,39.0,97.0,1,1,1.0
21,1,924.0,214.0,39.0,97.0,1,1,1.0
22,1,924.0,214.0,38.0,97.0,1,1,1.0
23,1,922.0,214.0,39.0,97.0,1,1,1.0
24,1,920.0,214.0,39.0,98.0,1,1,1.0
25,1,919.0,214.0,38.0,97.0,1,1,1.0
26,1,918.0,214.0,37.0,99.0,1,1,1.0
27,1,918.0,214.0,36.0,99.0,1,1,1.0
28,1,917.0,215.0,37.0,99.0,1,1,1.0
29,1,916.0,215.0,37.0,100.0,1,1,1.0
30,1,916.0,216.0,36.0,100.0,1,1,1.0
31,1,915.0,217.0,36.0,99.0,1,1,1.0
32,1,912.0,217.0,37.0,99.0,1,1,1.0
33,1,911.0,217.0,38.0,100.0,1,1,1.0
34,1,909.0,216.0,38.0,100.0,1,1,1.0
35,1,909.0,216.0,39.0,101.0,1,1,1.0
36,1,908.0,216.0,41.0,101.0,1,1,1.0
37,1,908.0,216.0,42.0,101.0,1,1,1.0
38,1,908.0,216.0,42.0,102.0,1,1,1.0
39,1,907.0,217.0,43.0,103.0,1,1,1.0
40,1,907.0,217.0,42.0,103.0,1,1,1.0
41,1,906.0,218.0,41.0,102.0,1,1,1.0
42,1,906.0,219.0,40.0,102.0,1,1,1.0
43,1,906.0,219.0,40.0,102.0,1,1,1.0
44,1,906.0,219.0,39.0,102.0,1,1,1.0
45,1,905.0,219.0,40.0,102.0,1,1,1.0
46,1,905.0,219.0,40.0,102.0,1,1,1.0
47,1,904.0,219.0,41.0,102.0,1,1,1.0
48,1,904.0,219.0,39.0,102.0,1,1,1.0
49,1,904.0,219.0,38.0,103.0,1,1,1.0
51,1,902.0,221.0,38.0,103.0,1,1,1.0
52,1,901.0,221.0,38.0,103.0,1,1,1.0
53,1,901.0,222.0,38.0,104.0,1,1,1.0
54,1,901.0,222.0,36.0,104.0,1,1,1.0
55,1,900.0,222.0,36.0,104.0,1,1,1.0
56,1,899.0,222.0,36.0,104.0,1,1,1.0
57,1,898.0,223.0,38.0,105.0,1,1,1.0
58,1,897.0,223.0,40.0,105.0,1,1,1.0
59,1,895.0,223.0,43.0,105.0,1,1,1.0
60,1,893.0,223.0,44.0,105.0,1,1,1.0
61,1,891.0,224.0,45.0,106.0,1,1,1.0
62,1,891.0,224.0,45.0,107.0,1,1,1.0
63,1,890.0,225.0,46.0,107.0,1,1,1.0
64,1,890.0,226.0,45.0,106.0,1,1,1.0
65,1,889.0,227.0,45.0,106.0,1,1,1.0
66,1,889.0,227.0,46.0,106.0,1,1,1.0
67,1,889.0,227.0,47.0,107.0,1,1,1.0
68,1,889.0,227.0,47.0,107.0,1,1,1.0
69,1,889.0,227.0,46.0,106.0,1,1,1.0
73,1,889.0,228.0,39.0,109.0,1,1,1.0
74,1,887.0,229.0,39.0,108.0,1,1,1.0
75,1,885.0,229.0,39.0,109.0,1,1,1.0
76,1,883.0,230.0,40.0,108.0,1,1,1.0
77,1,882.0,232.0,41.0,107.0,1,1,1.0
78,1,881.0,234.0,41.0,105.0,1,1,1.0
79,1,880.0,233.0,41.0,106.0,1,1,1.0
80,1,880.0,233.0,41.0,106.0,1,1,1.0
81,1,879.0,234.0,41.0,105.0,1,1,1.0
82,1,878.0,234.0,42.0,106.0,1,1,1.0
83,1,878.0,235.0,43.0,106.0,1,1,1.0
84,1,878.0,235.0,43.0,107.0,1,1,1.0
85,1,878.0,236.0,42.0,107.0,1,1,1.0
86,1,878.0,236.0,42.0,108.0,1,1,1.0
87,1,877.0,237.0,42.0,108.0,1,1,1.0
88,1,877.0,236.0,43.0,109.0,1,1,1.0
89,1,875.0,236.0,45.0,110.0,1,1,1.0
90,1,874.0,236.0,46.0,110.0,1,1,1.0
91,1,873.0,237.0,47.0,110.0,1,1,1.0
92,1,873.0,237.0,47.0,110.0,1,1,1.0
93,1,873.0,237.0,46.0,110.0,1,1,1.0
94,1,873.0,236.0,45.0,110.0,1,1,1.0
95,1,873.0,237.0,44.0,111.0,1,1,1.0
96,1,872.0,237.0,43.0,112.0,1,1,1.0
97,1,872.0,239.0,43.0,110.0,1,1,1.0
98,1,871.0,238.0,42.0,112.0,1,1,1.0
99,1,871.0,239.0,41.0,113.0,1,1,1.0
100,1,870.0,238.0,40.0,113.0,1,1,1.0
101,1,870.0,236.0,39.0,115.0,1,1,1.0
102,1,870.0,236.0,39.0,115.0,1,1,1.0
103,1,869.0,236.0,40.0,116.0,1,1,1.0
104,1,870.0,241.0,41.0,111.0,1,1,1.0
105,1,870.0,243.0,43.0,110.0,1,1,1.0
106,1,869.0,242.0,44.0,112.0,1,1,1.0
107,1,868.0,242.0,45.0,113.0,1,1,1.0
108,1,867.0,242.0,46.0,115.0,1,1,1.0
109,1,867.0,244.0,46.0,114.0,1,1,1.0
110,1,866.0,244.0,48.0,115.0,1,1,1.0
111,1,866.0,245.0,47.0,115.0,1,1,1.0
112,1,864.0,243.0,50.0,118.0,1,1,1.0
113,1,864.0,243.0,51.0,118.0,1,1,1.0
114,1,863.0,242.0,51.0,118.0,1,1,1.0
115,1,862.0,242.0,52.0,119.0,1,1,1.0
116,1,862.0,243.0,51.0,118.0,1,1,1.0
117,1,861.0,245.0,49.0,116.0,1,1,1.0
118,1,861.0,246.0,48.0,116.0,1,1,1.0
119,1,861.0,248.0,46.0,115.0,1,1,1.0
123,1,858.0,249.0,41.0,116.0,1,1,1.0
124,1,857.0,251.0,41.0,114.0,1,1,1.0
125,1,854.0,251.0,42.0,113.0,1,1,1.0
126,1,852.0,248.0,44.0,116.0,1,1,1.0
127,1,851.0,250.0,45.0,116.0,1,1,1.0
128,1,851.0,250.0,47.0,119.0,1,1,1.0
129,1,850.0,250.0,50.0,122.0,1,1,1.0
132,1,847.0,251.0,53.0,125.0,1,1,1.0
133,1,847.0,251.0,54.0,125.0,1,1,1.0
134,1,847.0,251.0,54.0,125.0,1,1,1.0
135,1,848.0,252.0,53.0,124.0,1,1,1.0
136,1,848.0,253.0,53.0,123.0,1,1,1.0
137,1,848.0,253.0,54.0,123.0,1,1,1.0
138,1,848.0,252.0,52.0,124.0,1,1,1.0
139,1,847.0,252.0,49.0,124.0,1,1,1.0
152,1,836.0,255.0,59.0,123.0,1,1,1.0
154,1,838.0,257.0,53.0,119.0,1,1,1.0
155,1,840.0,262.0,51.0,115.0,1,1,1.0
158,1,846.0,259.0,51.0,127.0,1,1,1.0
159,1,848.0,258.0,53.0,131.0,1,1,1.0
160,1,849.0,259.0,54.0,129.0,1,1,1.0
161,1,850.0,263.0,56.0,127.0,1,1,1.0
162,1,850.0,262.0,57.0,128.0,1,1,1.0
163,1,849.0,262.0,58.0,129.0,1,1,1.0
165,1,851.0,265.0,56.0,123.0,1,1,1.0
166,1,851.0,264.0,56.0,130.0,1,1,1.0
167,1,853.0,264.0,56.0,135.0,1,1,1.0
168,1,855.0,263.0,55.0,138.0,1,1,1.0
169,1,856.0,263.0,54.0,140.0,1,1,1.0
170,1,857.0,262.0,53.0,141.0,1,1,1.0
171,1,859.0,261.0,54.0,141.0,1,1,1.0
172,1,859.0,261.0,55.0,141.0,1,1,1.0
173,1,860.0,262.0,56.0,140.0,1,1,1.0
174,1,860.0,264.0,55.0,138.0,1,1,1.0
175,1,861.0,264.0,57.0,137.0,1,1,1.0
176,1,862.0,266.0,58.0,137.0,1,1,1.0
177,1,863.0,266.0,57.0,139.0,1,1,1.0
178,1,864.0,268.0,57.0,140.0,1,1,1.0
179,1,866.0,269.0,55.0,139.0,1,1,1.0
180,1,869.0,271.0,53.0,139.0,1,1,1.0
181,1,870.0,271.0,53.0,140.0,1,1,1.0
182,1,872.0,271.0,53.0,141.0,1,1,1.0
183,1,873.0,270.0,54.0,141.0,1,1,1.0
184,1,874.0,270.0,54.0,141.0,1,1,1.0
185,1,874.0,271.0,55.0,141.0,1,1,1.0
186,1,875.0,271.0,55.0,141.0,1,1,1.0
187,1,876.0,271.0,60.0,140.0,1,1,1.0
188,1,876.0,271.0,56.0,142.0,1,1,1.0
189,1,876.0,271.0,62.0,143.0,1,1,1.0
190,1,876.0,272.0,57.0,144.0,1,1,1.0
191,1,875.0,273.0,60.0,144.0,1,1,1.0
192,1,874.0,275.0,57.0,144.0,1,1,1.0
193,1,872.0,275.0,62.0,145.0,1,1,1.0
194,1,871.0,275.0,62.0,145.0,1,1,1.0
195,1,868.0,275.0,62.0,145.0,1,1,1.0
196,1,867.0,275.0,64.0,146.0,1,1,1.0
197,1,865.0,275.0,64.0,146.0,1,1,1.0
198,1,864.0,275.0,63.0,147.0,1,1,1.0
199,1,862.0,275.0,60.0,148.0,1,1,1.0
200,1,861.0,276.0,57.0,149.0,1,1,1.0
201,1,860.0,277.0,57.0,152.0,1,1,1.0
202,1,859.0,278.0,61.0,153.0,1,1,1.0
203,1,858.0,279.0,66.0,152.0,1,1,1.0
204,1,857.0,281.0,69.0,153.0,1,1,1.0
205,1,857.0,281.0,65.0,154.0,1,1,1.0
206,1,856.0,282.0,63.0,154.0,1,1,1.0
207,1,856.0,282.0,61.0,155.0,1,1,1.0
208,1,856.0,282.0,58.0,155.0,1,1,1.0
209,1,855.0,282.0,57.0,155.0,1,1,1.0
210,1,854.0,281.0,56.0,154.0,1,1,1.0
211,1,853.0,282.0,56.0,154.0,1,1,1.0
212,1,852.0,283.0,57.0,155.0,1,1,1.0
213,1,851.0,284.0,57.0,157.0,1,1,1.0
216,1,846.0,288.0,56.0,158.0,1,1,1.0
218,1,842.0,290.0,58.0,160.0,1,1,1.0
219,1,839.0,290.0,68.0,160.0,1,1,1.0
220,1,837.0,290.0,71.0,161.0,1,1,1.0
221,1,835.0,291.0,70.0,160.0,1,1,1.0
222,1,834.0,291.0,68.0,160.0,1,1,1.0
223,1,831.0,292.0,64.0,161.0,1,1,1.0
224,1,830.0,293.0,63.0,163.0,1,1,1.0
225,1,828.0,294.0,63.0,165.0,1,1,1.0
226,1,827.0,295.0,63.0,167.0,1,1,1.0
227,1,827.0,297.0,65.0,166.0,1,1,1.0
228,1,827.0,299.0,66.0,167.0,1,1,1.0
229,1,827.0,299.0,64.0,168.0,1,1,1.0
230,1,827.0,300.0,63.0,168.0,1,1,1.0
231,1,827.0,300.0,62.0,168.0,1,1,1.0
232,1,826.0,300.0,62.0,168.0,1,1,1.0
233,1,826.0,301.0,63.0,167.0,1,1,1.0
234,1,825.0,301.0,66.0,167.0,1,1,1.0
235,1,824.0,302.0,64.0,167.0,1,1,1.0
236,1,822.0,303.0,74.0,170.0,1,1,1.0
237,1,821.0,304.0,80.0,171.0,1,1,1.0
241,1,812.0,310.0,85.0,173.0,1,1,1.0
242,1,810.0,311.0,84.0,173.0,1,1,1.0
243,1,807.0,311.0,81.0,173.0,1,1,1.0
244,1,805.0,311.0,78.0,174.0,1,1,1.0
245,1,803.0,311.0,74.0,173.0,1,1,1.0
246,1,802.0,311.0,69.0,174.0,1,1,1.0
247,1,800.0,313.0,66.0,177.0,1,1,1.0
248,1,799.0,314.0,64.0,179.0,1,1,1.0
249,1,798.0,316.0,65.0,178.0,1,1,1.0
250,1,797.0,317.0,65.0,180.0,1,1,1.0
251,1,797.0,319.0,65.0,181.0,1,1,1.0
252,1,796.0,321.0,65.0,182.0,1,1,1.0
253,1,796.0,321.0,65.0,182.0,1,1,1.0
254,1,795.0,322.0,66.0,182.0,1,1,1.0
255,1,795.0,323.0,70.0,181.0,1,1,1.0
256,1,794.0,323.0,73.0,181.0,1,1,1.0
257,1,794.0,324.0,76.0,180.0,1,1,1.0
259,1,792.0,325.0,67.0,182.0,1,1,1.0
260,1,790.0,326.0,65.0,185.0,1,1,1.0
261,1,789.0,328.0,64.0,186.0,1,1,1.0
262,1,786.0,330.0,64.0,187.0,1,1,1.0
263,1,783.0,332.0,64.0,189.0,1,1,1.0
265,1,776.0,333.0,70.0,189.0,1,1,1.0
266,1,773.0,334.0,74.0,189.0,1,1,1.0
267,1,770.0,334.0,75.0,188.0,1,1,1.0
268,1,768.0,335.0,76.0,188.0,1,1,1.0
269,1,767.0,335.0,75.0,190.0,1,1,1.0
270,1,766.0,337.0,74.0,193.0,1,1,1.0
271,1,765.0,339.0,74.0,195.0,1,1,1.0
272,1,764.0,341.0,73.0,194.0,1,1,1.0
273,1,764.0,343.0,74.0,196.0,1,1,1.0
274,1,764.0,345.0,74.0,196.0,1,1,1.0
275,1,764.0,345.0,74.0,197.0,1,1,1.0
276,1,764.0,346.0,75.0,197.0,1,1,1.0
277,1,763.0,346.0,77.0,196.0,1,1,1.0
278,1,763.0,347.0,78.0,196.0,1,1,1.0
279,1,763.0,347.0,79.0,196.0,1,1,1.0
280,1,763.0,348.0,77.0,195.0,1,1,1.0
281,1,763.0,349.0,83.0,197.0,1,1,1.0
282,1,762.0,350.0,85.0,199.0,1,1,1.0
283,1,761.0,352.0,85.0,200.0,1,1,1.0
284,1,759.0,354.0,83.0,201.0,1,1,1.0
285,1,756.0,355.0,78.0,203.0,1,1,1.0
286,1,754.0,357.0,80.0,205.0,1,1,1.0
287,1,751.0,357.0,79.0,206.0,1,1,1.0
288,1,749.0,358.0,77.0,207.0,1,1,1.0
289,1,747.0,358.0,77.0,207.0,1,1,1.0
290,1,745.0,358.0,79.0,206.0,1,1,1.0
291,1,743.0,358.0,82.0,206.0,1,1,1.0
292,1,742.0,358.0,85.0,207.0,1,1,1.0
293,1,741.0,360.0,87.0,210.0,1,1,1.0
294,1,740.0,361.0,89.0,214.0,1,1,1.0
295,1,740.0,363.0,91.0,214.0,1,1,1.0
296,1,740.0,365.0,91.0,213.0,1,1,1.0
297,1,740.0,368.0,89.0,215.0,1,1,1.0
298,1,740.0,369.0,85.0,218.0,1,1,1.0
299,1,740.0,370.0,81.0,220.0,1,1,1.0
300,1,741.0,371.0,80.0,220.0,1,1,1.0
301,1,741.0,373.0,80.0,219.0,1,1,1.0
302,1,741.0,374.0,82.0,217.0,1,1,1.0
303,1,741.0,375.0,85.0,216.0,1,1,1.0
304,1,741.0,376.0,87.0,215.0,1,1,1.0
305,1,740.0,378.0,85.0,218.0,1,1,1.0
306,1,740.0,380.0,81.0,222.0,1,1,1.0
307,1,738.0,382.0,82.0,224.0,1,1,1.0
308,1,737.0,385.0,89.0,224.0,1,1,1.0
309,1,734.0,387.0,91.0,228.0,1,1,1.0
310,1,732.0,389.0,95.0,229.0,1,1,1.0
316,1,720.0,397.0,103.0,229.0,1,1,1.0
317,1,718.0,398.0,100.0,233.0,1,1,1.0
318,1,717.0,401.0,97.0,235.0,1,1,1.0
319,1,716.0,404.0,92.0,232.0,1,1,1.0
320,1,716.0,407.0,90.0,232.0,1,1,1.0
321,1,715.0,410.0,90.0,238.0,1,1,1.0
322,1,714.0,412.0,91.0,240.0,1,1,1.0
323,1,712.0,413.0,93.0,240.0,1,1,1.0
324,1,713.0,413.0,93.0,240.0,1,1,1.0
325,1,713.0,414.0,93.0,239.0,1,1,1.0
326,1,714.0,416.0,93.0,237.0,1,1,1.0
327,1,714.0,418.0,95.0,235.0,1,1,1.0
328,1,710.0,419.0,104.0,241.0,1,1,1.0
329,1,711.0,422.0,106.0,247.0,1,1,1.0
330,1,709.0,424.0,101.0,248.0,1,1,1.0
331,1,707.0,428.0,100.0,248.0,1,1,1.0
332,1,706.0,431.0,99.0,252.0,1,1,1.0
333,1,707.0,434.0,97.0,254.0,1,1,1.0
334,1,707.0,435.0,96.0,254.0,1,1,1.0
335,1,706.0,436.0,96.0,253.0,1,1,1.0
336,1,704.0,438.0,99.0,252.0,1,1,1.0
337,1,704.0,439.0,100.0,250.0,1,1,1.0
338,1,703.0,441.0,100.0,249.0,1,1,1.0
339,1,702.0,443.0,101.0,252.0,1,1,1.0
340,1,701.0,446.0,107.0,258.0,1,1,1.0
341,1,697.0,449.0,118.0,260.0,1,1,1.0
342,1,694.0,452.0,130.0,264.0,1,1,1.0
343,1,693.0,455.0,136.0,267.0,1,1,1.0
344,1,695.0,457.0,133.0,266.0,1,1,1.0
345,1,699.0,459.0,128.0,266.0,1,1,1.0
346,1,699.0,460.0,128.0,265.0,1,1,1.0
347,1,701.0,462.0,126.0,263.0,1,1,1.0
348,1,703.0,463.0,124.0,262.0,1,1,1.0
349,1,703.0,465.0,125.0,262.0,1,1,1.0
350,1,702.0,467.0,127.0,269.0,1,1,1.0
351,1,701.0,470.0,130.0,277.0,1,1,1.0
352,1,701.0,473.0,133.0,277.0,1,1,1.0
353,1,702.0,476.0,133.0,278.0,1,1,1.0
354,1,704.0,480.0,131.0,282.0,1,1,1.0
355,1,708.0,482.0,128.0,285.0,1,1,1.0
356,1,710.0,484.0,128.0,286.0,1,1,1.0
357,1,710.0,486.0,127.0,286.0,1,1,1.0
358,1,710.0,488.0,125.0,285.0,1,1,1.0
359,1,709.0,489.0,123.0,283.0,1,1,1.0
360,1,707.0,491.0,120.0,282.0,1,1,1.0
361,1,705.0,493.0,121.0,285.0,1,1,1.0
362,1,704.0,497.0,124.0,293.0,1,1,1.0
363,1,704.0,501.0,126.0,295.0,1,1,1.0
364,1,705.0,505.0,128.0,297.0,1,1,1.0
365,1,706.0,509.0,128.0,300.0,1,1,1.0
366,1,707.0,513.0,127.0,306.0,1,1,1.0
367,1,708.0,516.0,126.0,308.0,1,1,1.0
368,1,709.0,519.0,124.0,307.0,1,1,1.0
369,1,709.0,521.0,122.0,306.0,1,1,1.0
370,1,708.0,523.0,123.0,304.0,1,1,1.0
371,1,708.0,525.0,126.0,301.0,1,1,1.0
372,1,708.0,529.0,130.0,298.0,1,1,1.0
373,1,707.0,532.0,136.0,305.0,1,1,1.0
376,1,703.0,547.0,147.0,318.0,1,1,1.0
378,1,697.0,555.0,149.0,327.0,1,1,1.0
380,1,690.0,561.0,148.0,326.0,1,1,1.0
381,1,688.0,563.0,149.0,324.0,1,1,1.0
382,1,685.0,566.0,152.0,322.0,1,1,1.0
384,1,681.0,573.0,147.0,328.0,1,1,1.0
385,1,679.0,577.0,144.0,342.0,1,1,1.0
386,1,677.0,582.0,143.0,344.0,1,1,1.0
387,1,677.0,587.0,143.0,346.0,1,1,1.0
388,1,677.0,593.0,142.0,350.0,1,1,1.0
389,1,677.0,597.0,140.0,354.0,1,1,1.0
390,1,677.0,600.0,139.0,355.0,1,1,1.0
391,1,677.0,604.0,143.0,352.0,1,1,1.0
392,1,676.0,608.0,150.0,349.0,1,1,1.0
393,1,675.0,611.0,160.0,346.0,1,1,1.0
394,1,675.0,615.0,164.0,343.0,1,1,1.0
395,1,674.0,618.0,165.0,350.0,1,1,1.0
396,1,674.0,623.0,165.0,367.0,1,1,1.0
397,1,674.0,629.0,165.0,377.0,1,1,1.0
399,1,669.0,645.0,162.0,385.0,1,1,1.0
400,1,665.0,651.0,159.0,384.0,1,1,1.0
402,1,657.0,662.0,159.0,376.0,1,1,1.0
403,1,653.0,666.0,157.0,372.0,1,1,1.0
404,1,649.0,669.0,164.0,368.0,1,1,1.0
405,1,647.0,673.0,174.0,364.0,1,1,1.0
406,1,645.0,678.0,189.0,367.0,1,1,1.0
407,1,644.0,684.0,204.0,381.0,1,1,1.0
408,1,642.0,692.0,221.0,384.0,1,1,1.0
409,1,641.0,701.0,234.0,379.0,1,1,1.0
414,1,645.0,737.0,212.0,344.0,1,1,1.0
422,1,635.0,804.0,259.0,276.0,1,1,1.0
424,1,629.0,819.0,268.0,260.0,1,1,1.0
426,1,623.0,833.0,193.0,247.0,1,1,1.0
427,1,618.0,840.0,244.0,239.0,1,1,1.0
428,1,616.0,849.0,251.0,231.0,1,1,1.0
430,1,616.0,870.0,203.0,210.0,1,1,1.0
431,1,616.0,882.0,204.0,198.0,1,1,1.0
432,1,619.0,894.0,195.0,186.0,1,1,1.0
433,1,621.0,905.0,194.0,174.0,1,1,1.0
434,1,622.0,916.0,197.0,164.0,1,1,1.0
435,1,624.0,926.0,200.0,153.0,1,1,1.0
436,1,625.0,935.0,201.0,144.0,1,1,1.0
437,1,625.0,944.0,199.0,134.0,1,1,1.0
438,1,626.0,954.0,198.0,125.0,1,1,1.0
439,1,628.0,964.0,192.0,115.0,1,1,1.0
440,1,632.0,976.0,181.0,103.0,1,1,1.0
441,1,640.0,989.0,167.0,90.0,1,1,1.0
442,1,647.0,1003.0,149.0,76.0,1,1,1.0
563,2,57.0,952.0,135.0,126.0,1,1,1.0
564,2,56.0,942.0,140.0,136.0,1,1,1.0
565,2,55.0,931.0,142.0,147.0,1,1,1.0
568,2,54.0,904.0,137.0,174.0,1,1,1.0
569,2,54.0,896.0,136.0,181.0,1,1,1.0
570,2,54.0,889.0,137.0,188.0,1,1,1.0
571,2,54.0,883.0,139.0,194.0,1,1,1.0
574,2,48.0,868.0,147.0,209.0,1,1,1.0
578,2,37.0,837.0,158.0,239.0,1,1,1.0
579,2,35.0,830.0,163.0,247.0,1,1,1.0
585,2,40.0,793.0,159.0,283.0,1,1,1.0
586,2,41.0,787.0,158.0,290.0,1,1,1.0
587,2,42.0,780.0,157.0,297.0,1,1,1.0
588,2,43.0,772.0,158.0,305.0,1,1,1.0
589,2,42.0,766.0,161.0,312.0,1,1,1.0
590,2,42.0,759.0,162.0,318.0,1,1,1.0
591,2,43.0,754.0,161.0,323.0,1,1,1.0
592,2,44.0,750.0,159.0,328.0,1,1,1.0
593,2,44.0,746.0,156.0,332.0,1,1,1.0
594,2,43.0,743.0,155.0,334.0,1,1,1.0
595,2,42.0,742.0,156.0,336.0,1,1,1.0
596,2,39.0,739.0,159.0,338.0,1,1,1.0
597,2,39.0,736.0,158.0,342.0,1,1,1.0
598,2,37.0,731.0,159.0,347.0,1,1,1.0
599,2,35.0,725.0,159.0,352.0,1,1,1.0
600,2,33.0,720.0,155.0,343.0,1,1,1.0
601,2,31.0,714.0,153.0,337.0,1,1,1.0
602,2,30.0,709.0,150.0,340.0,1,1,1.0
603,2,29.0,705.0,147.0,338.0,1,1,1.0
604,2,29.0,701.0,146.0,340.0,1,1,1.0
605,2,30.0,696.0,143.0,344.0,1,1,1.0
606,2,31.0,693.0,141.0,347.0,1,1,1.0
607,2,33.0,690.0,135.0,350.0,1,1,1.0
608,2,35.0,687.0,132.0,352.0,1,1,1.0
609,2,36.0,682.0,131.0,348.0,1,1,1.0
610,2,36.0,677.0,131.0,348.0,1,1,1.0
611,2,36.0,672.0,130.0,342.0,1,1,1.0
612,2,37.0,666.0,130.0,328.0,1,1,1.0
613,2,38.0,662.0,129.0,324.0,1,1,1.0
614,2,39.0,657.0,128.0,320.0,1,1,1.0
615,2,40.0,654.0,127.0,319.0,1,1,1.0
616,2,40.0,651.0,126.0,320.0,1,1,1.0
617,2,40.0,649.0,126.0,322.0,1,1,1.0
618,2,39.0,649.0,127.0,322.0,1,1,1.0
619,2,39.0,648.0,127.0,323.0,1,1,1.0
620,2,38.0,645.0,128.0,320.0,1,1,1.0
621,2,37.0,641.0,127.0,314.0,1,1,1.0
622,2,37.0,638.0,125.0,307.0,1,1,1.0
623,2,37.0,634.0,123.0,308.0,1,1,1.0
624,2,38.0,631.0,121.0,308.0,1,1,1.0
625,2,41.0,626.0,124.0,312.0,1,1,1.0
626,2,45.0,622.0,130.0,315.0,1,1,1.0
627,2,49.0,619.0,134.0,318.0,1,1,1.0
628,2,54.0,618.0,135.0,319.0,1,1,1.0
629,2,58.0,615.0,133.0,319.0,1,1,1.0
630,2,64.0,611.0,129.0,314.0,1,1,1.0
631,2,69.0,608.0,124.0,312.0,1,1,1.0
632,2,75.0,604.0,119.0,313.0,1,1,1.0
633,2,78.0,600.0,117.0,303.0,1,1,1.0
634,2,82.0,596.0,112.0,294.0,1,1,1.0
635,2,85.0,592.0,108.0,293.0,1,1,1.0
636,2,89.0,588.0,105.0,294.0,1,1,1.0
637,2,92.0,586.0,103.0,297.0,1,1,1.0
638,2,95.0,583.0,101.0,299.0,1,1,1.0
639,2,100.0,581.0,105.0,301.0,1,1,1.0
640,2,103.0,580.0,105.0,303.0,1,1,1.0
641,2,107.0,578.0,101.0,303.0,1,1,1.0
642,2,109.0,574.0,104.0,305.0,1,1,1.0
643,2,111.0,570.0,104.0,301.0,1,1,1.0
644,2,113.0,566.0,102.0,281.0,1,1,1.0
645,2,118.0,560.0,103.0,260.0,1,1,1.0
646,2,121.0,555.0,105.0,271.0,1,1,1.0
647,2,124.0,552.0,112.0,277.0,1,1,1.0
648,2,126.0,550.0,119.0,281.0,1,1,1.0
649,2,129.0,547.0,125.0,284.0,1,1,1.0
650,2,132.0,546.0,125.0,285.0,1,1,1.0
651,2,136.0,545.0,119.0,285.0,1,1,1.0
652,2,140.0,544.0,114.0,282.0,1,1,1.0
653,2,144.0,542.0,110.0,280.0,1,1,1.0
654,2,147.0,539.0,107.0,277.0,1,1,1.0
655,2,150.0,534.0,104.0,259.0,1,1,1.0
656,2,152.0,530.0,102.0,255.0,1,1,1.0
657,2,154.0,525.0,101.0,257.0,1,1,1.0
658,2,155.0,521.0,100.0,260.0,1,1,1.0
659,2,156.0,518.0,99.0,262.0,1,1,1.0
660,2,158.0,516.0,97.0,264.0,1,1,1.0
661,2,159.0,515.0,95.0,265.0,1,1,1.0
662,2,159.0,514.0,94.0,267.0,1,1,1.0
663,2,160.0,513.0,94.0,267.0,1,1,1.0
664,2,160.0,512.0,94.0,265.0,1,1,1.0
665,2,159.0,510.0,95.0,262.0,1,1,1.0
666,2,158.0,507.0,96.0,260.0,1,1,1.0
667,2,157.0,504.0,94.0,256.0,1,1,1.0
668,2,156.0,501.0,92.0,251.0,1,1,1.0
669,2,155.0,497.0,92.0,249.0,1,1,1.0
670,2,154.0,495.0,91.0,249.0,1,1,1.0
671,2,154.0,493.0,91.0,250.0,1,1,1.0
672,2,154.0,492.0,91.0,251.0,1,1,1.0
673,2,155.0,491.0,90.0,252.0,1,1,1.0
674,2,156.0,490.0,90.0,253.0,1,1,1.0
675,2,158.0,489.0,89.0,254.0,1,1,1.0
676,2,159.0,487.0,87.0,250.0,1,1,1.0
677,2,159.0,485.0,85.0,239.0,1,1,1.0
678,2,160.0,483.0,82.0,229.0,1,1,1.0
679,2,160.0,482.0,80.0,228.0,1,1,1.0
680,2,160.0,482.0,79.0,226.0,1,1,1.0
681,2,160.0,475.0,79.0,232.0,1,1,1.0
682,2,161.0,471.0,78.0,236.0,1,1,1.0
683,2,161.0,470.0,77.0,238.0,1,1,1.0
684,2,161.0,469.0,77.0,239.0,1,1,1.0
685,2,161.0,469.0,77.0,239.0,1,1,1.0
686,2,161.0,468.0,77.0,239.0,1,1,1.0
687,2,160.0,467.0,77.0,236.0,1,1,1.0
688,2,159.0,464.0,77.0,235.0,1,1,1.0
689,2,158.0,462.0,77.0,234.0,1,1,1.0
690,2,158.0,460.0,76.0,228.0,1,1,1.0
691,2,158.0,457.0,76.0,226.0,1,1,1.0
692,2,158.0,455.0,76.0,226.0,1,1,1.0
693,2,159.0,453.0,76.0,226.0,1,1,1.0
694,2,160.0,452.0,77.0,227.0,1,1,1.0
695,2,161.0,452.0,78.0,228.0,1,1,1.0
696,2,163.0,451.0,77.0,228.0,1,1,1.0
697,2,165.0,450.0,75.0,229.0,1,1,1.0
698,2,168.0,449.0,73.0,229.0,1,1,1.0
699,2,170.0,447.0,71.0,230.0,1,1,1.0
700,2,172.0,444.0,69.0,216.0,1,1,1.0
701,2,174.0,442.0,67.0,212.0,1,1,1.0
702,2,176.0,439.0,67.0,213.0,1,1,1.0
703,2,178.0,437.0,67.0,214.0,1,1,1.0
704,2,180.0,434.0,66.0,216.0,1,1,1.0
705,2,182.0,433.0,65.0,218.0,1,1,1.0
706,2,184.0,432.0,65.0,219.0,1,1,1.0
707,2,186.0,431.0,65.0,220.0,1,1,1.0
708,2,188.0,430.0,65.0,221.0,1,1,1.0
709,2,190.0,430.0,65.0,220.0,1,1,1.0
710,2,192.0,429.0,64.0,217.0,1,1,1.0
711,2,194.0,427.0,63.0,217.0,1,1,1.0
712,2,197.0,424.0,62.0,216.0,1,1,1.0
713,2,199.0,421.0,63.0,212.0,1,1,1.0
714,2,202.0,419.0,65.0,207.0,1,1,1.0
715,2,205.0,418.0,67.0,206.0,1,1,1.0
716,2,208.0,416.0,69.0,206.0,1,1,1.0
717,2,212.0,415.0,74.0,207.0,1,1,1.0
718,2,215.0,414.0,81.0,207.0,1,1,1.0
719,2,219.0,414.0,86.0,208.0,1,1,1.0
720,2,224.0,413.0,87.0,208.0,1,1,1.0
721,2,228.0,412.0,86.0,206.0,1,1,1.0
722,2,233.0,410.0,84.0,205.0,1,1,1.0
723,2,237.0,409.0,80.0,203.0,1,1,1.0
724,2,242.0,408.0,76.0,199.0,1,1,1.0
725,2,248.0,407.0,70.0,196.0,1,1,1.0
726,2,253.0,405.0,65.0,196.0,1,1,1.0
727,2,258.0,404.0,60.0,197.0,1,1,1.0
728,2,263.0,403.0,55.0,198.0,1,1,1.0
729,2,267.0,402.0,60.0,199.0,1,1,1.0
730,2,272.0,402.0,67.0,199.0,1,1,1.0
731,2,277.0,402.0,73.0,200.0,1,1,1.0
732,2,280.0,401.0,78.0,201.0,1,1,1.0
733,2,283.0,400.0,83.0,201.0,1,1,1.0
734,2,286.0,399.0,85.0,201.0,1,1,1.0
735,2,288.0,397.0,83.0,201.0,1,1,1.0
736,2,293.0,395.0,80.0,202.0,1,1,1.0
737,2,299.0,392.0,75.0,202.0,1,1,1.0
738,2,303.0,391.0,70.0,198.0,1,1,1.0
739,2,308.0,390.0,67.0,196.0,1,1,1.0
740,2,313.0,389.0,68.0,195.0,1,1,1.0
741,2,321.0,388.0,66.0,195.0,1,1,1.0
742,2,327.0,387.0,73.0,194.0,1,1,1.0
743,2,333.0,387.0,81.0,194.0,1,1,1.0
744,2,337.0,389.0,89.0,193.0,1,1,1.0
745,2,341.0,388.0,93.0,193.0,1,1,1.0
746,2,345.0,387.0,95.0,193.0,1,1,1.0
747,2,348.0,386.0,95.0,192.0,1,1,1.0
748,2,353.0,384.0,92.0,192.0,1,1,1.0
749,2,361.0,383.0,83.0,190.0,1,1,1.0
750,2,372.0,381.0,72.0,191.0,1,1,1.0
751,2,383.0,379.0,62.0,191.0,1,1,1.0
752,2,390.0,377.0,58.0,193.0,1,1,1.0
753,2,395.0,377.0,56.0,194.0,1,1,1.0
754,2,400.0,376.0,65.0,194.0,1,1,1.0
755,2,405.0,376.0,72.0,194.0,1,1,1.0
756,2,410.0,376.0,76.0,194.0,1,1,1.0
757,2,413.0,375.0,81.0,195.0,1,1,1.0
758,2,415.0,375.0,86.0,195.0,1,1,1.0
759,2,415.0,373.0,91.0,196.0,1,1,1.0
760,2,418.0,372.0,89.0,197.0,1,1,1.0
761,2,427.0,370.0,81.0,196.0,1,1,1.0
762,2,436.0,368.0,74.0,194.0,1,1,1.0
763,2,447.0,366.0,64.0,194.0,1,1,1.0
764,2,456.0,365.0,58.0,193.0,1,1,1.0
765,2,462.0,365.0,58.0,191.0,1,1,1.0
766,2,468.0,364.0,64.0,191.0,1,1,1.0
767,2,472.0,364.0,76.0,191.0,1,1,1.0
768,2,475.0,364.0,85.0,191.0,1,1,1.0
769,2,477.0,365.0,91.0,189.0,1,1,1.0
770,2,479.0,365.0,95.0,189.0,1,1,1.0
771,2,482.0,364.0,94.0,188.0,1,1,1.0
772,2,485.0,363.0,91.0,188.0,1,1,1.0
773,2,493.0,362.0,84.0,187.0,1,1,1.0
774,2,504.0,360.0,75.0,188.0,1,1,1.0
775,2,515.0,358.0,64.0,189.0,1,1,1.0
776,2,525.0,357.0,56.0,190.0,1,1,1.0
777,2,531.0,356.0,54.0,191.0,1,1,1.0
778,2,536.0,355.0,56.0,192.0,1,1,1.0
779,2,541.0,355.0,64.0,192.0,1,1,1.0
780,2,546.0,355.0,68.0,192.0,1,1,1.0
781,2,548.0,355.0,73.0,192.0,1,1,1.0
782,2,549.0,354.0,77.0,192.0,1,1,1.0
783,2,552.0,352.0,77.0,193.0,1,1,1.0
784,2,555.0,351.0,75.0,193.0,1,1,1.0
785,2,561.0,349.0,70.0,191.0,1,1,1.0
786,2,571.0,349.0,63.0,188.0,1,1,1.0
787,2,576.0,347.0,60.0,185.0,1,1,1.0
788,2,581.0,346.0,60.0,186.0,1,1,1.0
789,2,585.0,345.0,62.0,185.0,1,1,1.0
790,2,589.0,345.0,69.0,185.0,1,1,1.0
791,2,593.0,344.0,76.0,185.0,1,1,1.0
792,2,596.0,344.0,83.0,185.0,1,1,1.0
793,2,600.0,345.0,86.0,184.0,1,1,1.0
794,2,602.0,344.0,89.0,184.0,1,1,1.0
795,2,604.0,344.0,90.0,183.0,1,1,1.0
796,2,607.0,343.0,90.0,183.0,1,1,1.0
797,2,611.0,341.0,88.0,184.0,1,1,1.0
798,2,618.0,340.0,82.0,182.0,1,1,1.0
799,2,624.0,339.0,77.0,181.0,1,1,1.0
800,2,631.0,338.0,72.0,182.0,1,1,1.0
801,2,638.0,337.0,68.0,182.0,1,1,1.0
802,2,645.0,337.0,66.0,183.0,1,1,1.0
803,2,651.0,336.0,64.0,184.0,1,1,1.0
804,2,656.0,336.0,64.0,184.0,1,1,1.0
805,2,662.0,335.0,65.0,184.0,1,1,1.0
806,2,667.0,335.0,66.0,184.0,1,1,1.0
807,2,669.0,335.0,70.0,184.0,1,1,1.0
808,2,671.0,334.0,72.0,184.0,1,1,1.0
809,2,673.0,333.0,72.0,185.0,1,1,1.0
810,2,677.0,332.0,72.0,185.0,1,1,1.0
811,2,684.0,330.0,68.0,184.0,1,1,1.0
812,2,691.0,328.0,64.0,180.0,1,1,1.0
813,2,695.0,328.0,62.0,178.0,1,1,1.0
814,2,700.0,327.0,60.0,179.0,1,1,1.0
815,2,703.0,327.0,61.0,178.0,1,1,1.0
816,2,705.0,327.0,70.0,178.0,1,1,1.0
817,2,706.0,327.0,80.0,178.0,1,1,1.0
818,2,706.0,327.0,88.0,178.0,1,1,1.0
819,2,708.0,328.0,93.0,177.0,1,1,1.0
820,2,710.0,328.0,96.0,176.0,1,1,1.0
821,2,714.0,327.0,96.0,176.0,1,1,1.0
822,2,717.0,326.0,94.0,176.0,1,1,1.0
823,2,723.0,325.0,89.0,176.0,1,1,1.0
824,2,729.0,325.0,83.0,175.0,1,1,1.0
825,2,736.0,324.0,77.0,176.0,1,1,1.0
826,2,744.0,323.0,71.0,176.0,1,1,1.0
827,2,751.0,323.0,67.0,176.0,1,1,1.0
828,2,759.0,322.0,61.0,177.0,1,1,1.0
829,2,765.0,322.0,57.0,178.0,1,1,1.0
830,2,769.0,321.0,56.0,179.0,1,1,1.0
831,2,772.0,320.0,57.0,179.0,1,1,1.0
832,2,775.0,320.0,60.0,179.0,1,1,1.0
833,2,778.0,320.0,62.0,178.0,1,1,1.0
834,2,780.0,320.0,62.0,178.0,1,1,1.0
835,2,782.0,320.0,65.0,178.0,1,1,1.0
836,2,782.0,320.0,68.0,179.0,1,1,1.0
837,2,782.0,318.0,70.0,179.0,1,1,1.0
838,2,784.0,317.0,71.0,180.0,1,1,1.0
839,2,786.0,316.0,72.0,180.0,1,1,1.0
840,2,789.0,314.0,73.0,176.0,1,1,1.0
841,2,793.0,313.0,73.0,174.0,1,1,1.0
842,2,796.0,312.0,71.0,175.0,1,1,1.0
843,2,802.0,312.0,69.0,175.0,1,1,1.0
844,2,808.0,312.0,67.0,174.0,1,1,1.0
845,2,814.0,311.0,69.0,173.0,1,1,1.0
846,2,818.0,311.0,72.0,173.0,1,1,1.0
847,2,822.0,312.0,73.0,173.0,1,1,1.0
848,2,825.0,312.0,75.0,172.0,1,1,1.0
849,2,827.0,312.0,78.0,171.0,1,1,1.0
850,2,830.0,312.0,79.0,171.0,1,1,1.0
851,2,831.0,311.0,81.0,171.0,1,1,1.0
852,2,833.0,310.0,81.0,170.0,1,1,1.0
853,2,839.0,309.0,79.0,170.0,1,1,1.0
854,2,846.0,307.0,75.0,169.0,1,1,1.0
855,2,855.0,306.0,71.0,169.0,1,1,1.0
856,2,863.0,305.0,66.0,169.0,1,1,1.0
857,2,869.0,304.0,63.0,170.0,1,1,1.0
858,2,873.0,304.0,62.0,171.0,1,1,1.0
859,2,877.0,303.0,60.0,172.0,1,1,1.0
860,2,880.0,303.0,61.0,172.0,1,1,1.0
861,2,882.0,303.0,63.0,172.0,1,1,1.0
862,2,884.0,303.0,65.0,172.0,1,1,1.0
863,2,885.0,303.0,67.0,170.0,1,1,1.0
864,2,886.0,301.0,69.0,172.0,1,1,1.0
865,2,886.0,302.0,71.0,170.0,1,1,1.0
866,2,886.0,300.0,73.0,170.0,1,1,1.0
867,2,888.0,298.0,74.0,168.0,1,1,1.0
868,2,890.0,297.0,74.0,167.0,1,1,1.0
869,2,893.0,296.0,73.0,166.0,1,1,1.0
870,2,897.0,296.0,72.0,166.0,1,1,1.0
871,2,900.0,295.0,73.0,166.0,1,1,1.0
872,2,903.0,295.0,75.0,166.0,1,1,1.0
873,2,907.0,295.0,80.0,166.0,1,1,1.0
874,2,910.0,296.0,85.0,166.0,1,1,1.0
875,2,914.0,296.0,87.0,165.0,1,1,1.0
876,2,918.0,296.0,85.0,164.0,1,1,1.0
877,2,923.0,296.0,83.0,163.0,1,1,1.0
878,2,925.0,296.0,81.0,163.0,1,1,1.0
879,2,928.0,296.0,80.0,162.0,1,1,1.0
880,2,935.0,295.0,75.0,161.0,1,1,1.0
881,2,943.0,294.0,71.0,162.0,1,1,1.0
882,2,953.0,293.0,64.0,164.0,1,1,1.0
883,2,963.0,292.0,58.0,164.0,1,1,1.0
884,2,969.0,292.0,56.0,164.0,1,1,1.0
885,2,974.0,292.0,55.0,164.0,1,1,1.0
886,2,978.0,294.0,54.0,161.0,1,1,1.0
887,2,980.0,294.0,55.0,162.0,1,1,1.0
888,2,982.0,293.0,57.0,163.0,1,1,1.0
889,2,984.0,293.0,61.0,164.0,1,1,1.0
890,2,985.0,293.0,64.0,163.0,1,1,1.0
891,2,987.0,293.0,65.0,163.0,1,1,1.0
892,2,993.0,291.0,64.0,163.0,1,1,1.0
893,2,999.0,289.0,62.0,163.0,1,1,1.0
894,2,1003.0,288.0,62.0,161.0,1,1,1.0
895,2,1006.0,289.0,63.0,159.0,1,1,1.0
896,2,1009.0,288.0,64.0,160.0,1,1,1.0
897,2,1012.0,287.0,68.0,160.0,1,1,1.0
898,2,1014.0,288.0,71.0,160.0,1,1,1.0
899,2,1016.0,287.0,77.0,160.0,1,1,1.0
900,2,1019.0,288.0,80.0,159.0,1,1,1.0
901,2,1024.0,289.0,80.0,158.0,1,1,1.0
902,2,1028.0,290.0,79.0,156.0,1,1,1.0
903,2,1033.0,290.0,78.0,156.0,1,1,1.0
904,2,1039.0,289.0,76.0,155.0,1,1,1.0
905,2,1047.0,288.0,71.0,156.0,1,1,1.0
906,2,1057.0,287.0,66.0,156.0,1,1,1.0
907,2,1066.0,287.0,61.0,157.0,1,1,1.0
908,2,1073.0,286.0,55.0,157.0,1,1,1.0
909,2,1077.0,286.0,52.0,157.0,1,1,1.0
910,2,1081.0,286.0,49.0,157.0,1,1,1.0
911,2,1084.0,286.0,49.0,157.0,1,1,1.0
912,2,1085.0,287.0,50.0,156.0,1,1,1.0
913,2,1087.0,287.0,51.0,156.0,1,1,1.0
914,2,1089.0,287.0,52.0,155.0,1,1,1.0
915,2,1092.0,287.0,52.0,154.0,1,1,1.0
916,2,1096.0,285.0,52.0,152.0,1,1,1.0
917,2,1099.0,284.0,52.0,151.0,1,1,1.0
918,2,1101.0,285.0,53.0,149.0,1,1,1.0
919,2,1103.0,286.0,54.0,148.0,1,1,1.0
920,2,1105.0,286.0,56.0,147.0,1,1,1.0
921,2,1107.0,285.0,59.0,148.0,1,1,1.0
922,2,1109.0,284.0,63.0,149.0,1,1,1.0
923,2,1110.0,283.0,65.0,150.0,1,1,1.0
924,2,1111.0,282.0,65.0,151.0,1,1,1.0
925,2,1113.0,283.0,64.0,149.0,1,1,1.0
926,2,1117.0,283.0,64.0,148.0,1,1,1.0
927,2,1122.0,284.0,62.0,146.0,1,1,1.0
928,2,1128.0,285.0,58.0,144.0,1,1,1.0
929,2,1133.0,283.0,57.0,145.0,1,1,1.0
930,2,1138.0,282.0,55.0,146.0,1,1,1.0
931,2,1145.0,281.0,52.0,146.0,1,1,1.0
932,2,1150.0,281.0,51.0,147.0,1,1,1.0
933,2,1152.0,282.0,51.0,146.0,1,1,1.0
934,2,1153.0,284.0,52.0,145.0,1,1,1.0
935,2,1158.0,288.0,49.0,141.0,1,1,1.0
936,2,1160.0,290.0,49.0,138.0,1,1,1.0
937,2,1162.0,289.0,49.0,139.0,1,1,1.0
938,2,1158.0,287.0,56.0,139.0,1,1,1.0
939,2,1159.0,278.0,59.0,147.0,1,1,1.0
940,2,1161.0,273.0,62.0,149.0,1,1,1.0
941,2,1162.0,278.0,66.0,143.0,1,1,1.0
942,2,1163.0,276.0,68.0,145.0,1,1,1.0
945,2,1169.0,275.0,67.0,145.0,1,1,1.0
946,2,1171.0,282.0,68.0,138.0,1,1,1.0
950,2,1176.0,280.0,68.0,136.0,1,1,1.0
951,2,1190.0,279.0,57.0,136.0,1,1,1.0
952,2,1199.0,279.0,52.0,134.0,1,1,1.0
961,2,1204.0,273.0,66.0,138.0,1,1,1.0
962,2,1206.0,272.0,66.0,138.0,1,1,1.0
963,2,1212.0,272.0,61.0,136.0,1,1,1.0
964,2,1216.0,272.0,59.0,135.0,1,1,1.0
965,2,1219.0,270.0,58.0,136.0,1,1,1.0
966,2,1223.0,269.0,55.0,136.0,1,1,1.0
967,2,1226.0,269.0,54.0,136.0,1,1,1.0
968,2,1229.0,269.0,54.0,135.0,1,1,1.0
969,2,1232.0,270.0,54.0,134.0,1,1,1.0
970,2,1233.0,270.0,54.0,134.0,1,1,1.0
971,2,1236.0,271.0,54.0,133.0,1,1,1.0
972,2,1240.0,270.0,52.0,132.0,1,1,1.0
973,2,1244.0,270.0,52.0,133.0,1,1,1.0
974,2,1248.0,271.0,51.0,130.0,1,1,1.0
975,2,1252.0,269.0,49.0,131.0,1,1,1.0
976,2,1258.0,269.0,46.0,131.0,1,1,1.0
978,2,1256.0,266.0,55.0,134.0,1,1,1.0
979,2,1258.0,265.0,57.0,135.0,1,1,1.0
980,2,1261.0,265.0,56.0,135.0,1,1,1.0
981,2,1266.0,265.0,53.0,135.0,1,1,1.0
982,2,1271.0,265.0,50.0,134.0,1,1,1.0
983,2,1274.0,267.0,48.0,133.0,1,1,1.0
984,2,1277.0,265.0,47.0,134.0,1,1,1.0
985,2,1279.0,264.0,47.0,135.0,1,1,1.0
986,2,1282.0,263.0,45.0,132.0,1,1,1.0
987,2,1284.0,263.0,45.0,130.0,1,1,1.0
988,2,1284.0,263.0,47.0,129.0,1,1,1.0
989,2,1285.0,266.0,48.0,127.0,1,1,1.0
990,2,1284.0,266.0,50.0,126.0,1,1,1.0
991,2,1284.0,267.0,54.0,125.0,1,1,1.0
992,2,1286.0,267.0,59.0,125.0,1,1,1.0
993,2,1287.0,267.0,59.0,125.0,1,1,1.0
994,2,1290.0,268.0,60.0,125.0,1,1,1.0
995,2,1294.0,267.0,60.0,124.0,1,1,1.0
996,2,1299.0,267.0,57.0,123.0,1,1,1.0
997,2,1303.0,268.0,55.0,122.0,1,1,1.0
998,2,1308.0,264.0,52.0,125.0,1,1,1.0
999,2,1314.0,263.0,48.0,126.0,1,1,1.0
1000,2,1310.0,263.0,54.0,125.0,1,1,1.0
