1,1,1893.0,337.0,26.0,120.0,1,1,1.0
2,1,1890.0,337.0,29.0,120.0,1,1,1.0
3,1,1885.0,335.0,34.0,122.0,1,1,1.0
4,1,1880.0,334.0,38.0,124.0,1,1,1.0
6,1,1875.0,334.0,42.0,123.0,1,1,1.0
7,1,1867.0,334.0,50.0,123.0,1,1,1.0
8,1,1863.0,334.0,53.0,123.0,1,1,1.0
9,1,1862.0,334.0,50.0,122.0,1,1,1.0
10,1,1862.0,332.0,45.0,122.0,1,1,1.0
11,1,1863.0,332.0,41.0,122.0,1,1,1.0
12,1,1862.0,330.0,35.0,123.0,1,1,1.0
13,1,1859.0,329.0,34.0,124.0,1,1,1.0
14,1,1854.0,329.0,36.0,124.0,1,1,1.0
15,1,1849.0,329.0,37.0,125.0,1,1,1.0
17,1,1833.0,329.0,48.0,125.0,1,1,1.0
18,1,1829.0,330.0,51.0,124.0,1,1,1.0
19,1,1826.0,330.0,53.0,124.0,1,1,1.0
20,1,1825.0,328.0,53.0,125.0,1,1,1.0
21,1,1824.0,326.0,49.0,126.0,1,1,1.0
22,1,1824.0,325.0,44.0,125.0,1,1,1.0
23,1,1824.0,325.0,37.0,125.0,1,1,1.0
24,1,1824.0,324.0,34.0,127.0,1,1,1.0
25,1,1821.0,324.0,36.0,127.0,1,1,1.0
26,1,1815.0,324.0,38.0,127.0,1,1,1.0
27,1,1809.0,323.0,43.0,126.0,1,1,1.0
28,1,1800.0,324.0,53.0,126.0,1,1,1.0
29,1,1797.0,325.0,54.0,125.0,1,1,1.0
30,1,1795.0,327.0,49.0,124.0,1,1,1.0
31,1,1794.0,327.0,46.0,124.0,1,1,1.0
32,1,1794.0,326.0,41.0,125.0,1,1,1.0
33,1,1793.0,325.0,38.0,126.0,1,1,1.0
34,1,1790.0,323.0,38.0,128.0,1,1,1.0
35,1,1785.0,324.0,40.0,127.0,1,1,1.0
36,1,1780.0,323.0,43.0,128.0,1,1,1.0
37,1,1773.0,323.0,47.0,129.0,1,1,1.0
38,1,1767.0,323.0,50.0,129.0,1,1,1.0
39,1,1765.0,324.0,50.0,128.0,1,1,1.0
40,1,1763.0,325.0,50.0,128.0,1,1,1.0
41,1,1763.0,324.0,49.0,129.0,1,1,1.0
42,1,1762.0,324.0,46.0,129.0,1,1,1.0
43,1,1762.0,323.0,42.0,130.0,1,1,1.0
44,1,1761.0,322.0,39.0,131.0,1,1,1.0
45,1,1759.0,321.0,37.0,133.0,1,1,1.0
46,1,1755.0,321.0,38.0,133.0,1,1,1.0
47,1,1752.0,321.0,41.0,134.0,1,1,1.0
48,1,1746.0,321.0,46.0,134.0,1,1,1.0
49,1,1737.0,322.0,55.0,133.0,1,1,1.0
50,1,1732.0,322.0,60.0,133.0,1,1,1.0
51,1,1729.0,321.0,60.0,134.0,1,1,1.0
52,1,1728.0,321.0,57.0,134.0,1,1,1.0
53,1,1727.0,320.0,49.0,135.0,1,1,1.0
54,1,1727.0,319.0,42.0,136.0,1,1,1.0
55,1,1725.0,319.0,38.0,136.0,1,1,1.0
56,1,1721.0,319.0,38.0,136.0,1,1,1.0
57,1,1714.0,318.0,41.0,137.0,1,1,1.0
58,1,1703.0,318.0,48.0,137.0,1,1,1.0
59,1,1691.0,318.0,58.0,138.0,1,1,1.0
60,1,1684.0,319.0,63.0,137.0,1,1,1.0
61,1,1681.0,320.0,65.0,136.0,1,1,1.0
62,1,1679.0,320.0,66.0,135.0,1,1,1.0
63,1,1679.0,320.0,65.0,135.0,1,1,1.0
64,1,1679.0,319.0,60.0,135.0,1,1,1.0
65,1,1679.0,317.0,52.0,137.0,1,1,1.0
66,1,1678.0,316.0,44.0,138.0,1,1,1.0
67,1,1679.0,315.0,37.0,140.0,1,1,1.0
68,1,1675.0,315.0,38.0,142.0,1,1,1.0
69,1,1666.0,314.0,48.0,142.0,1,1,1.0
70,1,1655.0,315.0,58.0,141.0,1,1,1.0
71,1,1648.0,316.0,64.0,140.0,1,1,1.0
72,1,1643.0,317.0,66.0,139.0,1,1,1.0
73,1,1641.0,317.0,63.0,139.0,1,1,1.0
74,1,1641.0,317.0,57.0,140.0,1,1,1.0
75,1,1641.0,316.0,49.0,140.0,1,1,1.0
76,1,1640.0,316.0,41.0,141.0,1,1,1.0
77,1,1636.0,315.0,40.0,142.0,1,1,1.0
78,1,1630.0,314.0,41.0,142.0,1,1,1.0
79,1,1620.0,314.0,48.0,142.0,1,1,1.0
80,1,1609.0,315.0,56.0,142.0,1,1,1.0
81,1,1599.0,315.0,64.0,142.0,1,1,1.0
82,1,1594.0,316.0,68.0,141.0,1,1,1.0
83,1,1590.0,317.0,71.0,140.0,1,1,1.0
84,1,1589.0,316.0,71.0,141.0,1,1,1.0
85,1,1588.0,315.0,66.0,141.0,1,1,1.0
86,1,1589.0,314.0,59.0,142.0,1,1,1.0
87,1,1589.0,313.0,51.0,143.0,1,1,1.0
88,1,1587.0,312.0,45.0,145.0,1,1,1.0
89,1,1584.0,312.0,47.0,147.0,1,1,1.0
90,1,1577.0,312.0,54.0,148.0,1,1,1.0
91,1,1567.0,313.0,65.0,148.0,1,1,1.0
92,1,1559.0,314.0,71.0,147.0,1,1,1.0
93,1,1555.0,315.0,73.0,147.0,1,1,1.0
94,1,1553.0,316.0,70.0,146.0,1,1,1.0
95,1,1552.0,315.0,65.0,147.0,1,1,1.0
96,1,1550.0,315.0,60.0,147.0,1,1,1.0
97,1,1548.0,314.0,54.0,148.0,1,1,1.0
98,1,1545.0,313.0,47.0,149.0,1,1,1.0
99,1,1539.0,313.0,48.0,150.0,1,1,1.0
100,1,1531.0,312.0,51.0,150.0,1,1,1.0
101,1,1519.0,313.0,60.0,150.0,1,1,1.0
102,1,1508.0,313.0,68.0,149.0,1,1,1.0
103,1,1502.0,314.0,73.0,148.0,1,1,1.0
104,1,1500.0,315.0,74.0,148.0,1,1,1.0
105,1,1498.0,315.0,76.0,148.0,1,1,1.0
106,1,1498.0,314.0,73.0,148.0,1,1,1.0
107,1,1498.0,313.0,67.0,150.0,1,1,1.0
108,1,1496.0,311.0,60.0,151.0,1,1,1.0
109,1,1493.0,310.0,56.0,152.0,1,1,1.0
110,1,1490.0,310.0,50.0,155.0,1,1,1.0
111,1,1485.0,310.0,51.0,156.0,1,1,1.0
112,1,1475.0,310.0,61.0,156.0,1,1,1.0
113,1,1464.0,311.0,72.0,156.0,1,1,1.0
114,1,1455.0,312.0,79.0,154.0,1,1,1.0
115,1,1450.0,313.0,81.0,154.0,1,1,1.0
116,1,1448.0,314.0,78.0,154.0,1,1,1.0
117,1,1447.0,314.0,73.0,154.0,1,1,1.0
118,1,1446.0,313.0,62.0,154.0,1,1,1.0
119,1,1445.0,312.0,53.0,155.0,1,1,1.0
120,1,1440.0,311.0,50.0,156.0,1,1,1.0
121,1,1433.0,311.0,51.0,157.0,1,1,1.0
122,1,1422.0,311.0,58.0,157.0,1,1,1.0
123,1,1410.0,311.0,67.0,156.0,1,1,1.0
124,1,1398.0,312.0,78.0,156.0,1,1,1.0
125,1,1392.0,313.0,84.0,155.0,1,1,1.0
126,1,1390.0,314.0,85.0,154.0,1,1,1.0
127,1,1389.0,314.0,84.0,154.0,1,1,1.0
128,1,1389.0,313.0,78.0,155.0,1,1,1.0
129,1,1389.0,312.0,68.0,156.0,1,1,1.0
130,1,1389.0,311.0,58.0,156.0,1,1,1.0
131,1,1382.0,310.0,53.0,157.0,1,1,1.0
132,1,1378.0,310.0,50.0,160.0,1,1,1.0
133,1,1369.0,310.0,57.0,161.0,1,1,1.0
134,1,1358.0,310.0,70.0,161.0,1,1,1.0
135,1,1346.0,311.0,83.0,160.0,1,1,1.0
136,1,1338.0,313.0,89.0,159.0,1,1,1.0
137,1,1334.0,314.0,89.0,159.0,1,1,1.0
138,1,1332.0,314.0,84.0,159.0,1,1,1.0
139,1,1332.0,313.0,75.0,160.0,1,1,1.0
140,1,1329.0,313.0,66.0,160.0,1,1,1.0
141,1,1328.0,311.0,54.0,162.0,1,1,1.0
142,1,1322.0,311.0,49.0,162.0,1,1,1.0
143,1,1315.0,310.0,52.0,162.0,1,1,1.0
144,1,1300.0,310.0,64.0,162.0,1,1,1.0
145,1,1285.0,311.0,78.0,162.0,1,1,1.0
146,1,1274.0,312.0,87.0,161.0,1,1,1.0
147,1,1269.0,312.0,91.0,160.0,1,1,1.0
148,1,1267.0,312.0,91.0,160.0,1,1,1.0
149,1,1267.0,311.0,85.0,160.0,1,1,1.0
150,1,1266.0,310.0,73.0,159.0,1,1,1.0
151,1,1263.0,309.0,62.0,160.0,1,1,1.0
152,1,1258.0,308.0,53.0,161.0,1,1,1.0
153,1,1253.0,308.0,52.0,161.0,1,1,1.0
154,1,1244.0,308.0,64.0,163.0,1,1,1.0
155,1,1228.0,309.0,79.0,162.0,1,1,1.0
156,1,1216.0,310.0,90.0,162.0,1,1,1.0
157,1,1209.0,311.0,96.0,161.0,1,1,1.0
158,1,1206.0,311.0,95.0,161.0,1,1,1.0
159,1,1205.0,311.0,88.0,161.0,1,1,1.0
160,1,1205.0,311.0,79.0,162.0,1,1,1.0
161,1,1204.0,310.0,66.0,163.0,1,1,1.0
162,1,1200.0,309.0,58.0,164.0,1,1,1.0
163,1,1193.0,309.0,57.0,164.0,1,1,1.0
164,1,1184.0,308.0,59.0,164.0,1,1,1.0
165,1,1169.0,309.0,68.0,163.0,1,1,1.0
166,1,1154.0,310.0,80.0,162.0,1,1,1.0
167,1,1144.0,311.0,89.0,162.0,1,1,1.0
168,1,1140.0,312.0,93.0,161.0,1,1,1.0
169,1,1138.0,313.0,94.0,161.0,1,1,1.0
170,1,1138.0,312.0,87.0,161.0,1,1,1.0
171,1,1138.0,311.0,75.0,162.0,1,1,1.0
172,1,1135.0,311.0,65.0,163.0,1,1,1.0
173,1,1131.0,310.0,53.0,164.0,1,1,1.0
174,1,1123.0,310.0,49.0,166.0,1,1,1.0
175,1,1114.0,310.0,58.0,168.0,1,1,1.0
176,1,1098.0,310.0,75.0,169.0,1,1,1.0
177,1,1084.0,312.0,88.0,168.0,1,1,1.0
178,1,1076.0,313.0,93.0,167.0,1,1,1.0
179,1,1071.0,315.0,95.0,167.0,1,1,1.0
180,1,1070.0,316.0,92.0,166.0,1,1,1.0
181,1,1069.0,315.0,81.0,166.0,1,1,1.0
182,1,1069.0,315.0,67.0,167.0,1,1,1.0
183,1,1066.0,314.0,57.0,167.0,1,1,1.0
184,1,1058.0,314.0,56.0,168.0,1,1,1.0
185,1,1047.0,314.0,58.0,167.0,1,1,1.0
186,1,1032.0,315.0,69.0,167.0,1,1,1.0
187,1,1017.0,316.0,83.0,166.0,1,1,1.0
188,1,1007.0,317.0,93.0,165.0,1,1,1.0
189,1,1001.0,319.0,98.0,164.0,1,1,1.0
190,1,998.0,319.0,100.0,164.0,1,1,1.0
191,1,997.0,319.0,95.0,164.0,1,1,1.0
192,1,998.0,318.0,83.0,165.0,1,1,1.0
193,1,997.0,317.0,69.0,166.0,1,1,1.0
194,1,996.0,316.0,55.0,167.0,1,1,1.0
195,1,984.0,316.0,53.0,169.0,1,1,1.0
196,1,975.0,316.0,56.0,171.0,1,1,1.0
197,1,959.0,317.0,73.0,171.0,1,1,1.0
198,1,945.0,319.0,88.0,170.0,1,1,1.0
199,1,936.0,321.0,97.0,169.0,1,1,1.0
200,1,930.0,321.0,98.0,169.0,1,1,1.0
201,1,929.0,322.0,97.0,169.0,1,1,1.0
202,1,926.0,322.0,90.0,169.0,1,1,1.0
203,1,924.0,322.0,79.0,169.0,1,1,1.0
204,1,922.0,322.0,66.0,169.0,1,1,1.0
205,1,917.0,321.0,60.0,170.0,1,1,1.0
206,1,909.0,321.0,56.0,170.0,1,1,1.0
207,1,899.0,321.0,62.0,170.0,1,1,1.0
208,1,883.0,322.0,76.0,169.0,1,1,1.0
209,1,871.0,324.0,88.0,169.0,1,1,1.0
210,1,864.0,325.0,95.0,168.0,1,1,1.0
211,1,860.0,326.0,98.0,168.0,1,1,1.0
212,1,859.0,327.0,97.0,168.0,1,1,1.0
213,1,853.0,327.0,91.0,168.0,1,1,1.0
214,1,852.0,326.0,80.0,169.0,1,1,1.0
215,1,844.0,325.0,72.0,170.0,1,1,1.0
216,1,836.0,324.0,62.0,172.0,1,1,1.0
217,1,829.0,324.0,62.0,174.0,1,1,1.0
218,1,821.0,325.0,69.0,176.0,1,1,1.0
219,1,807.0,327.0,82.0,175.0,1,1,1.0
220,1,796.0,329.0,92.0,174.0,1,1,1.0
221,1,790.0,331.0,97.0,173.0,1,1,1.0
222,1,788.0,332.0,98.0,172.0,1,1,1.0
223,1,785.0,332.0,93.0,172.0,1,1,1.0
224,1,780.0,332.0,86.0,172.0,1,1,1.0
225,1,774.0,331.0,76.0,173.0,1,1,1.0
226,1,768.0,330.0,65.0,174.0,1,1,1.0
227,1,762.0,330.0,61.0,174.0,1,1,1.0
228,1,754.0,331.0,66.0,173.0,1,1,1.0
229,1,741.0,332.0,80.0,173.0,1,1,1.0
230,1,728.0,333.0,92.0,172.0,1,1,1.0
231,1,721.0,335.0,99.0,171.0,1,1,1.0
232,1,716.0,336.0,102.0,171.0,1,1,1.0
233,1,711.0,336.0,104.0,171.0,1,1,1.0
234,1,708.0,336.0,96.0,171.0,1,1,1.0
235,1,705.0,335.0,88.0,172.0,1,1,1.0
236,1,699.0,334.0,75.0,173.0,1,1,1.0
237,1,701.0,334.0,55.0,174.0,1,1,1.0
238,1,692.0,334.0,57.0,175.0,1,1,1.0
239,1,680.0,335.0,66.0,177.0,1,1,1.0
240,1,664.0,337.0,82.0,177.0,1,1,1.0
241,1,654.0,339.0,92.0,176.0,1,1,1.0
242,1,648.0,341.0,97.0,176.0,1,1,1.0
243,1,645.0,342.0,99.0,176.0,1,1,1.0
244,1,644.0,343.0,94.0,175.0,1,1,1.0
245,1,644.0,342.0,85.0,175.0,1,1,1.0
246,1,640.0,342.0,72.0,175.0,1,1,1.0
247,1,625.0,341.0,70.0,176.0,1,1,1.0
248,1,616.0,341.0,67.0,176.0,1,1,1.0
249,1,610.0,342.0,69.0,176.0,1,1,1.0
250,1,600.0,342.0,77.0,175.0,1,1,1.0
251,1,587.0,344.0,90.0,174.0,1,1,1.0
252,1,578.0,345.0,99.0,174.0,1,1,1.0
253,1,571.0,347.0,106.0,173.0,1,1,1.0
254,1,563.0,348.0,110.0,172.0,1,1,1.0
255,1,560.0,347.0,101.0,173.0,1,1,1.0
256,1,557.0,346.0,89.0,174.0,1,1,1.0
257,1,551.0,346.0,77.0,175.0,1,1,1.0
258,1,546.0,345.0,66.0,176.0,1,1,1.0
259,1,538.0,345.0,67.0,179.0,1,1,1.0
260,1,531.0,345.0,72.0,181.0,1,1,1.0
261,1,517.0,347.0,86.0,181.0,1,1,1.0
262,1,505.0,349.0,98.0,179.0,1,1,1.0
263,1,498.0,351.0,105.0,178.0,1,1,1.0
264,1,495.0,353.0,109.0,178.0,1,1,1.0
265,1,493.0,354.0,105.0,177.0,1,1,1.0
266,1,491.0,353.0,98.0,178.0,1,1,1.0
267,1,488.0,353.0,84.0,178.0,1,1,1.0
268,1,483.0,353.0,70.0,178.0,1,1,1.0
269,1,479.0,353.0,57.0,178.0,1,1,1.0
270,1,466.0,353.0,63.0,178.0,1,1,1.0
271,1,452.0,354.0,74.0,177.0,1,1,1.0
272,1,440.0,355.0,86.0,176.0,1,1,1.0
273,1,432.0,356.0,93.0,175.0,1,1,1.0
274,1,423.0,358.0,103.0,176.0,1,1,1.0
275,1,416.0,359.0,109.0,176.0,1,1,1.0
276,1,411.0,361.0,110.0,174.0,1,1,1.0
277,1,410.0,361.0,98.0,174.0,1,1,1.0
278,1,411.0,359.0,83.0,176.0,1,1,1.0
279,1,411.0,358.0,65.0,178.0,1,1,1.0
280,1,405.0,357.0,58.0,179.0,1,1,1.0
281,1,395.0,357.0,63.0,181.0,1,1,1.0
282,1,384.0,359.0,73.0,181.0,1,1,1.0
283,1,369.0,360.0,88.0,181.0,1,1,1.0
284,1,359.0,363.0,98.0,180.0,1,1,1.0
285,1,354.0,365.0,102.0,178.0,1,1,1.0
286,1,352.0,367.0,101.0,177.0,1,1,1.0
287,1,345.0,367.0,107.0,177.0,1,1,1.0
288,1,340.0,366.0,96.0,177.0,1,1,1.0
289,1,345.0,366.0,75.0,178.0,1,1,1.0
290,1,342.0,365.0,60.0,178.0,1,1,1.0
291,1,336.0,366.0,54.0,178.0,1,1,1.0
292,1,322.0,366.0,63.0,177.0,1,1,1.0
293,1,308.0,368.0,74.0,176.0,1,1,1.0
294,1,298.0,369.0,84.0,175.0,1,1,1.0
295,1,291.0,371.0,90.0,173.0,1,1,1.0
296,1,284.0,373.0,97.0,172.0,1,1,1.0
297,1,278.0,373.0,93.0,171.0,1,1,1.0
298,1,272.0,373.0,92.0,171.0,1,1,1.0
299,1,270.0,372.0,81.0,172.0,1,1,1.0
300,1,273.0,371.0,64.0,173.0,1,1,1.0
301,1,269.0,371.0,57.0,175.0,1,1,1.0
302,1,262.0,370.0,58.0,176.0,1,1,1.0
303,1,252.0,372.0,67.0,176.0,1,1,1.0
304,1,240.0,373.0,78.0,176.0,1,1,1.0
305,1,230.0,374.0,88.0,175.0,1,1,1.0
306,1,226.0,377.0,93.0,174.0,1,1,1.0
307,1,224.0,379.0,94.0,172.0,1,1,1.0
308,1,223.0,381.0,90.0,171.0,1,1,1.0
309,1,220.0,380.0,82.0,172.0,1,1,1.0
310,1,217.0,380.0,73.0,172.0,1,1,1.0
311,1,214.0,381.0,61.0,171.0,1,1,1.0
312,1,208.0,382.0,52.0,170.0,1,1,1.0
313,1,196.0,381.0,60.0,170.0,1,1,1.0
315,1,164.0,382.0,89.0,170.0,1,1,1.0
316,1,157.0,384.0,96.0,169.0,1,1,1.0
317,1,157.0,385.0,95.0,168.0,1,1,1.0
318,1,154.0,385.0,96.0,168.0,1,1,1.0
319,1,154.0,386.0,90.0,167.0,1,1,1.0
320,1,154.0,386.0,80.0,167.0,1,1,1.0
321,1,148.0,386.0,74.0,168.0,1,1,1.0
322,1,146.0,385.0,64.0,168.0,1,1,1.0
323,1,140.0,385.0,61.0,171.0,1,1,1.0
324,1,135.0,386.0,61.0,172.0,1,1,1.0
325,1,131.0,387.0,64.0,173.0,1,1,1.0
326,1,120.0,389.0,74.0,173.0,1,1,1.0
327,1,111.0,391.0,83.0,172.0,1,1,1.0
328,1,108.0,392.0,87.0,172.0,1,1,1.0
329,1,106.0,394.0,87.0,171.0,1,1,1.0
330,1,105.0,395.0,82.0,170.0,1,1,1.0
331,1,101.0,395.0,76.0,170.0,1,1,1.0
332,1,99.0,396.0,65.0,169.0,1,1,1.0
333,1,97.0,396.0,55.0,169.0,1,1,1.0
334,1,90.0,396.0,50.0,168.0,1,1,1.0
335,1,81.0,397.0,54.0,167.0,1,1,1.0
336,1,72.0,398.0,61.0,167.0,1,1,1.0
337,1,64.0,399.0,69.0,167.0,1,1,1.0
338,1,61.0,401.0,73.0,166.0,1,1,1.0
339,1,58.0,402.0,74.0,165.0,1,1,1.0
340,1,55.0,402.0,78.0,165.0,1,1,1.0
341,1,52.0,402.0,78.0,165.0,1,1,1.0
342,1,51.0,403.0,71.0,165.0,1,1,1.0
343,1,47.0,402.0,66.0,166.0,1,1,1.0
344,1,48.0,402.0,53.0,166.0,1,1,1.0
345,1,44.0,402.0,47.0,166.0,1,1,1.0
346,1,39.0,402.0,45.0,167.0,1,1,1.0
347,1,33.0,403.0,51.0,166.0,1,1,1.0
348,1,27.0,403.0,56.0,168.0,1,1,1.0
349,1,22.0,404.0,60.0,169.0,1,1,1.0
350,1,22.0,404.0,61.0,167.0,1,1,1.0
351,1,22.0,406.0,60.0,165.0,1,1,1.0
352,1,20.0,407.0,62.0,164.0,1,1,1.0
353,1,16.0,406.0,63.0,165.0,1,1,1.0
354,1,14.0,406.0,62.0,174.0,1,1,1.0
355,1,8.0,405.0,63.0,168.0,1,1,1.0
356,1,1.0,404.0,66.0,167.0,1,1,1.0
357,1,0.0,403.0,63.0,167.0,1,1,1.0
358,1,0.0,403.0,60.0,166.0,1,1,1.0
359,1,0.0,403.0,58.0,167.0,1,1,1.0
360,1,3.0,403.0,53.0,167.0,1,1,1.0
361,1,7.0,402.0,50.0,167.0,1,1,1.0
362,1,10.0,402.0,50.0,168.0,1,1,1.0
363,1,13.0,402.0,49.0,168.0,1,1,1.0
364,1,16.0,400.0,46.0,168.0,1,1,1.0
365,1,17.0,400.0,46.0,166.0,1,1,1.0
366,1,18.0,399.0,46.0,164.0,1,1,1.0
367,1,19.0,398.0,45.0,161.0,1,1,1.0
368,1,23.0,397.0,42.0,160.0,1,1,1.0
369,1,28.0,396.0,38.0,160.0,1,1,1.0
370,1,33.0,396.0,37.0,160.0,1,1,1.0
371,1,35.0,396.0,41.0,160.0,1,1,1.0
372,1,34.0,395.0,52.0,161.0,1,1,1.0
373,1,38.0,395.0,55.0,161.0,1,1,1.0
374,1,41.0,395.0,55.0,161.0,1,1,1.0
375,1,43.0,393.0,55.0,161.0,1,1,1.0
376,1,46.0,392.0,54.0,160.0,1,1,1.0
377,1,52.0,390.0,49.0,159.0,1,1,1.0
378,1,59.0,388.0,42.0,156.0,1,1,1.0
379,1,64.0,387.0,39.0,155.0,1,1,1.0
380,1,69.0,386.0,41.0,154.0,1,1,1.0
381,1,72.0,385.0,47.0,154.0,1,1,1.0
382,1,74.0,385.0,57.0,154.0,1,1,1.0
383,1,76.0,385.0,65.0,155.0,1,1,1.0
384,1,76.0,384.0,71.0,155.0,1,1,1.0
385,1,77.0,384.0,73.0,155.0,1,1,1.0
386,1,80.0,383.0,71.0,154.0,1,1,1.0
387,1,86.0,381.0,65.0,154.0,1,1,1.0
388,1,95.0,380.0,56.0,153.0,1,1,1.0
389,1,105.0,379.0,46.0,153.0,1,1,1.0
390,1,111.0,377.0,42.0,155.0,1,1,1.0
391,1,117.0,375.0,44.0,157.0,1,1,1.0
392,1,120.0,375.0,54.0,157.0,1,1,1.0
393,1,121.0,374.0,66.0,158.0,1,1,1.0
394,1,119.0,375.0,76.0,157.0,1,1,1.0
395,1,121.0,375.0,78.0,157.0,1,1,1.0
396,1,125.0,374.0,77.0,157.0,1,1,1.0
397,1,131.0,374.0,72.0,156.0,1,1,1.0
398,1,139.0,372.0,64.0,154.0,1,1,1.0
399,1,149.0,370.0,54.0,154.0,1,1,1.0
400,1,159.0,369.0,46.0,155.0,1,1,1.0
401,1,166.0,368.0,45.0,155.0,1,1,1.0
402,1,170.0,367.0,52.0,155.0,1,1,1.0
403,1,175.0,366.0,62.0,155.0,1,1,1.0
404,1,177.0,367.0,72.0,155.0,1,1,1.0
405,1,178.0,368.0,79.0,153.0,1,1,1.0
406,1,178.0,371.0,82.0,150.0,1,1,1.0
407,1,181.0,369.0,80.0,151.0,1,1,1.0
408,1,190.0,376.0,72.0,142.0,1,1,1.0
409,1,200.0,369.0,61.0,148.0,1,1,1.0
410,1,212.0,367.0,49.0,150.0,1,1,1.0
411,1,221.0,368.0,45.0,149.0,1,1,1.0
412,1,227.0,368.0,46.0,149.0,1,1,1.0
413,1,231.0,363.0,56.0,153.0,1,1,1.0
414,1,231.0,364.0,69.0,152.0,1,1,1.0
415,1,230.0,362.0,80.0,154.0,1,1,1.0
416,1,231.0,362.0,83.0,155.0,1,1,1.0
417,1,236.0,358.0,80.0,157.0,1,1,1.0
418,1,244.0,358.0,72.0,155.0,1,1,1.0
419,1,255.0,357.0,61.0,152.0,1,1,1.0
420,1,266.0,354.0,51.0,152.0,1,1,1.0
421,1,273.0,352.0,49.0,152.0,1,1,1.0
422,1,278.0,351.0,50.0,152.0,1,1,1.0
423,1,283.0,350.0,59.0,154.0,1,1,1.0
424,1,287.0,349.0,69.0,154.0,1,1,1.0
425,1,289.0,348.0,76.0,155.0,1,1,1.0
426,1,290.0,349.0,80.0,154.0,1,1,1.0
427,1,291.0,350.0,81.0,152.0,1,1,1.0
428,1,293.0,348.0,79.0,153.0,1,1,1.0
429,1,300.0,347.0,72.0,152.0,1,1,1.0
430,1,310.0,345.0,62.0,150.0,1,1,1.0
431,1,321.0,344.0,51.0,151.0,1,1,1.0
432,1,328.0,342.0,45.0,152.0,1,1,1.0
433,1,334.0,341.0,44.0,153.0,1,1,1.0
434,1,333.0,341.0,57.0,153.0,1,1,1.0
435,1,332.0,341.0,69.0,153.0,1,1,1.0
436,1,333.0,342.0,78.0,152.0,1,1,1.0
437,1,335.0,341.0,82.0,153.0,1,1,1.0
438,1,339.0,340.0,81.0,153.0,1,1,1.0
439,1,345.0,341.0,75.0,151.0,1,1,1.0
440,1,354.0,339.0,66.0,151.0,1,1,1.0
441,1,363.0,348.0,56.0,137.0,1,1,1.0
442,1,372.0,337.0,49.0,146.0,1,1,1.0
443,1,380.0,334.0,47.0,146.0,1,1,1.0
444,1,385.0,333.0,49.0,147.0,1,1,1.0
445,1,390.0,332.0,58.0,148.0,1,1,1.0
446,1,393.0,332.0,68.0,148.0,1,1,1.0
447,1,394.0,332.0,74.0,148.0,1,1,1.0
448,1,395.0,332.0,77.0,148.0,1,1,1.0
449,1,396.0,332.0,78.0,147.0,1,1,1.0
450,1,398.0,331.0,77.0,147.0,1,1,1.0
451,1,404.0,329.0,71.0,147.0,1,1,1.0
452,1,413.0,328.0,62.0,145.0,1,1,1.0
453,1,424.0,326.0,50.0,146.0,1,1,1.0
454,1,432.0,325.0,45.0,146.0,1,1,1.0
455,1,432.0,323.0,46.0,148.0,1,1,1.0
456,1,431.0,323.0,57.0,148.0,1,1,1.0
457,1,431.0,323.0,59.0,148.0,1,1,1.0
458,1,433.0,324.0,69.0,147.0,1,1,1.0
459,1,437.0,323.0,73.0,148.0,1,1,1.0
460,1,441.0,323.0,74.0,147.0,1,1,1.0
461,1,446.0,322.0,72.0,146.0,1,1,1.0
462,1,455.0,322.0,63.0,145.0,1,1,1.0
463,1,467.0,321.0,52.0,141.0,1,1,1.0
464,1,476.0,319.0,74.0,141.0,1,1,1.0
465,1,482.0,318.0,75.0,142.0,1,1,1.0
466,1,485.0,318.0,75.0,141.0,1,1,1.0
467,1,489.0,318.0,72.0,145.0,1,1,1.0
468,1,491.0,317.0,74.0,143.0,1,1,1.0
469,1,492.0,317.0,76.0,142.0,1,1,1.0
470,1,492.0,317.0,77.0,143.0,1,1,1.0
471,1,495.0,317.0,74.0,141.0,1,1,1.0
472,1,500.0,317.0,69.0,140.0,1,1,1.0
473,1,508.0,316.0,61.0,138.0,1,1,1.0
474,1,519.0,315.0,50.0,137.0,1,1,1.0
475,1,525.0,313.0,44.0,137.0,1,1,1.0
476,1,530.0,312.0,41.0,138.0,1,1,1.0
477,1,535.0,311.0,41.0,139.0,1,1,1.0
478,1,538.0,310.0,49.0,140.0,1,1,1.0
479,1,542.0,310.0,56.0,139.0,1,1,1.0
480,1,544.0,310.0,61.0,139.0,1,1,1.0
481,1,546.0,310.0,62.0,139.0,1,1,1.0
482,1,548.0,310.0,62.0,139.0,1,1,1.0
483,1,552.0,308.0,58.0,140.0,1,1,1.0
484,1,560.0,307.0,50.0,139.0,1,1,1.0
485,1,568.0,307.0,43.0,135.0,1,1,1.0
486,1,574.0,306.0,43.0,136.0,1,1,1.0
487,1,578.0,305.0,45.0,136.0,1,1,1.0
488,1,581.0,305.0,50.0,135.0,1,1,1.0
489,1,584.0,305.0,60.0,135.0,1,1,1.0
490,1,586.0,305.0,67.0,135.0,1,1,1.0
491,1,587.0,306.0,71.0,135.0,1,1,1.0
492,1,587.0,306.0,72.0,135.0,1,1,1.0
493,1,589.0,305.0,72.0,134.0,1,1,1.0
494,1,593.0,305.0,68.0,132.0,1,1,1.0
495,1,602.0,312.0,60.0,124.0,1,1,1.0
496,1,613.0,304.0,51.0,130.0,1,1,1.0
497,1,623.0,301.0,42.0,132.0,1,1,1.0
498,1,628.0,302.0,40.0,131.0,1,1,1.0
499,1,625.0,300.0,51.0,133.0,1,1,1.0
500,1,625.0,300.0,64.0,133.0,1,1,1.0
501,1,625.0,300.0,74.0,133.0,1,1,1.0
502,1,628.0,300.0,76.0,133.0,1,1,1.0
503,1,633.0,299.0,75.0,133.0,1,1,1.0
504,1,638.0,300.0,72.0,132.0,1,1,1.0
505,1,646.0,299.0,65.0,132.0,1,1,1.0
506,1,655.0,298.0,56.0,131.0,1,1,1.0
507,1,666.0,298.0,45.0,129.0,1,1,1.0
508,1,673.0,291.0,39.0,136.0,1,1,1.0
509,1,678.0,292.0,41.0,134.0,1,1,1.0
510,1,681.0,293.0,50.0,133.0,1,1,1.0
511,1,684.0,291.0,61.0,134.0,1,1,1.0
512,1,685.0,294.0,68.0,131.0,1,1,1.0
513,1,686.0,295.0,72.0,131.0,1,1,1.0
514,1,687.0,295.0,73.0,131.0,1,1,1.0
515,1,688.0,295.0,74.0,130.0,1,1,1.0
516,1,693.0,294.0,73.0,130.0,1,1,1.0
517,1,701.0,294.0,64.0,129.0,1,1,1.0
518,1,711.0,294.0,54.0,129.0,1,1,1.0
519,1,723.0,293.0,45.0,129.0,1,1,1.0
520,1,730.0,292.0,40.0,130.0,1,1,1.0
521,1,733.0,292.0,46.0,130.0,1,1,1.0
522,1,731.0,293.0,61.0,130.0,1,1,1.0
523,1,731.0,293.0,71.0,129.0,1,1,1.0
524,1,734.0,293.0,74.0,130.0,1,1,1.0
525,1,736.0,291.0,74.0,131.0,1,1,1.0
526,1,738.0,291.0,73.0,131.0,1,1,1.0
527,1,743.0,291.0,69.0,130.0,1,1,1.0
528,1,750.0,291.0,64.0,129.0,1,1,1.0
529,1,761.0,291.0,54.0,129.0,1,1,1.0
530,1,771.0,290.0,46.0,129.0,1,1,1.0
531,1,779.0,290.0,46.0,130.0,1,1,1.0
532,1,784.0,290.0,53.0,130.0,1,1,1.0
533,1,788.0,290.0,58.0,131.0,1,1,1.0
534,1,790.0,291.0,65.0,130.0,1,1,1.0
535,1,790.0,292.0,73.0,129.0,1,1,1.0
536,1,791.0,292.0,77.0,129.0,1,1,1.0
537,1,794.0,293.0,76.0,130.0,1,1,1.0
538,1,801.0,292.0,69.0,130.0,1,1,1.0
539,1,810.0,292.0,58.0,131.0,1,1,1.0
540,1,816.0,291.0,47.0,131.0,1,1,1.0
541,1,821.0,291.0,41.0,131.0,1,1,1.0
542,1,825.0,291.0,46.0,131.0,1,1,1.0
543,1,828.0,292.0,53.0,131.0,1,1,1.0
544,1,830.0,292.0,60.0,131.0,1,1,1.0
545,1,831.0,293.0,63.0,131.0,1,1,1.0
546,1,832.0,293.0,64.0,132.0,1,1,1.0
547,1,834.0,293.0,63.0,133.0,1,1,1.0
548,1,840.0,293.0,58.0,133.0,1,1,1.0
549,1,847.0,294.0,53.0,132.0,1,1,1.0
550,1,855.0,294.0,46.0,131.0,1,1,1.0
551,1,860.0,293.0,45.0,133.0,1,1,1.0
552,1,864.0,293.0,52.0,136.0,1,1,1.0
553,1,867.0,293.0,61.0,137.0,1,1,1.0
554,1,870.0,293.0,64.0,138.0,1,1,1.0
555,1,873.0,295.0,67.0,137.0,1,1,1.0
556,1,876.0,296.0,68.0,137.0,1,1,1.0
557,1,879.0,296.0,67.0,138.0,1,1,1.0
558,1,883.0,296.0,65.0,138.0,1,1,1.0
559,1,885.0,295.0,60.0,139.0,1,1,1.0
560,1,889.0,295.0,52.0,139.0,1,1,1.0
561,1,892.0,294.0,46.0,139.0,1,1,1.0
562,1,895.0,294.0,44.0,139.0,1,1,1.0
563,1,898.0,296.0,47.0,139.0,1,1,1.0
564,1,901.0,296.0,55.0,139.0,1,1,1.0
565,1,903.0,297.0,61.0,139.0,1,1,1.0
566,1,904.0,298.0,63.0,139.0,1,1,1.0
567,1,904.0,298.0,63.0,141.0,1,1,1.0
568,1,906.0,298.0,62.0,142.0,1,1,1.0
569,1,910.0,298.0,58.0,142.0,1,1,1.0
570,1,917.0,298.0,53.0,143.0,1,1,1.0
571,1,925.0,297.0,45.0,143.0,1,1,1.0
572,1,933.0,297.0,49.0,144.0,1,1,1.0
573,1,939.0,297.0,53.0,146.0,1,1,1.0
574,1,944.0,298.0,57.0,147.0,1,1,1.0
575,1,947.0,299.0,61.0,146.0,1,1,1.0
576,1,949.0,299.0,65.0,146.0,1,1,1.0
577,1,950.0,301.0,68.0,146.0,1,1,1.0
578,1,950.0,300.0,70.0,147.0,1,1,1.0
579,1,955.0,300.0,69.0,148.0,1,1,1.0
580,1,962.0,301.0,62.0,148.0,1,1,1.0
581,1,969.0,300.0,52.0,148.0,1,1,1.0
582,1,975.0,300.0,48.0,149.0,1,1,1.0
583,1,979.0,300.0,48.0,148.0,1,1,1.0
584,1,983.0,300.0,51.0,149.0,1,1,1.0
585,1,985.0,301.0,61.0,148.0,1,1,1.0
586,1,986.0,301.0,70.0,148.0,1,1,1.0
587,1,987.0,303.0,76.0,147.0,1,1,1.0
588,1,987.0,304.0,77.0,148.0,1,1,1.0
589,1,989.0,305.0,76.0,148.0,1,1,1.0
590,1,995.0,305.0,71.0,148.0,1,1,1.0
591,1,1003.0,303.0,63.0,150.0,1,1,1.0
592,1,1014.0,302.0,55.0,151.0,1,1,1.0
593,1,1025.0,301.0,48.0,152.0,1,1,1.0
594,1,1032.0,302.0,52.0,154.0,1,1,1.0
595,1,1038.0,302.0,56.0,155.0,1,1,1.0
596,1,1042.0,304.0,60.0,154.0,1,1,1.0
597,1,1043.0,305.0,67.0,154.0,1,1,1.0
598,1,1044.0,306.0,73.0,154.0,1,1,1.0
599,1,1045.0,307.0,79.0,154.0,1,1,1.0
600,1,1048.0,307.0,79.0,154.0,1,1,1.0
601,1,1056.0,307.0,76.0,154.0,1,1,1.0
602,1,1065.0,306.0,68.0,154.0,1,1,1.0
603,1,1072.0,306.0,57.0,155.0,1,1,1.0
604,1,1076.0,305.0,52.0,155.0,1,1,1.0
605,1,1077.0,305.0,55.0,156.0,1,1,1.0
606,1,1080.0,306.0,64.0,155.0,1,1,1.0
607,1,1083.0,307.0,73.0,155.0,1,1,1.0
608,1,1084.0,308.0,80.0,155.0,1,1,1.0
609,1,1085.0,309.0,82.0,157.0,1,1,1.0
610,1,1086.0,309.0,82.0,158.0,1,1,1.0
611,1,1090.0,309.0,80.0,158.0,1,1,1.0
612,1,1097.0,309.0,72.0,159.0,1,1,1.0
613,1,1107.0,309.0,63.0,159.0,1,1,1.0
614,1,1118.0,308.0,54.0,159.0,1,1,1.0
615,1,1131.0,308.0,52.0,160.0,1,1,1.0
616,1,1137.0,308.0,58.0,162.0,1,1,1.0
617,1,1143.0,309.0,64.0,164.0,1,1,1.0
618,1,1146.0,310.0,69.0,165.0,1,1,1.0
619,1,1147.0,312.0,76.0,164.0,1,1,1.0
620,1,1148.0,314.0,81.0,164.0,1,1,1.0
621,1,1149.0,314.0,85.0,165.0,1,1,1.0
622,1,1154.0,315.0,84.0,165.0,1,1,1.0
623,1,1161.0,315.0,78.0,165.0,1,1,1.0
624,1,1169.0,315.0,67.0,165.0,1,1,1.0
625,1,1176.0,314.0,57.0,165.0,1,1,1.0
626,1,1180.0,314.0,53.0,166.0,1,1,1.0
627,1,1182.0,314.0,58.0,165.0,1,1,1.0
628,1,1184.0,315.0,68.0,166.0,1,1,1.0
629,1,1186.0,317.0,76.0,167.0,1,1,1.0
630,1,1188.0,318.0,74.0,164.0,1,1,1.0
631,1,1188.0,319.0,77.0,164.0,1,1,1.0
632,1,1190.0,320.0,79.0,168.0,1,1,1.0
633,1,1195.0,320.0,76.0,170.0,1,1,1.0
634,1,1204.0,320.0,69.0,171.0,1,1,1.0
635,1,1214.0,320.0,63.0,171.0,1,1,1.0
636,1,1226.0,320.0,60.0,171.0,1,1,1.0
637,1,1237.0,320.0,49.0,173.0,1,1,1.0
638,1,1244.0,321.0,64.0,176.0,1,1,1.0
639,1,1248.0,322.0,74.0,178.0,1,1,1.0
640,1,1249.0,325.0,84.0,178.0,1,1,1.0
641,1,1249.0,327.0,90.0,178.0,1,1,1.0
642,1,1249.0,328.0,95.0,179.0,1,1,1.0
643,1,1252.0,330.0,96.0,179.0,1,1,1.0
644,1,1260.0,331.0,91.0,178.0,1,1,1.0
645,1,1268.0,331.0,82.0,178.0,1,1,1.0
646,1,1280.0,331.0,65.0,178.0,1,1,1.0
647,1,1287.0,331.0,58.0,178.0,1,1,1.0
648,1,1292.0,332.0,57.0,178.0,1,1,1.0
649,1,1293.0,333.0,66.0,179.0,1,1,1.0
650,1,1294.0,334.0,79.0,180.0,1,1,1.0
651,1,1295.0,337.0,87.0,181.0,1,1,1.0
652,1,1296.0,339.0,90.0,182.0,1,1,1.0
653,1,1296.0,340.0,91.0,182.0,1,1,1.0
654,1,1300.0,341.0,88.0,182.0,1,1,1.0
655,1,1309.0,341.0,83.0,182.0,1,1,1.0
656,1,1322.0,341.0,75.0,182.0,1,1,1.0
657,1,1334.0,340.0,67.0,182.0,1,1,1.0
658,1,1348.0,341.0,64.0,185.0,1,1,1.0
659,1,1355.0,342.0,71.0,189.0,1,1,1.0
660,1,1360.0,343.0,80.0,191.0,1,1,1.0
661,1,1361.0,345.0,94.0,192.0,1,1,1.0
662,1,1360.0,347.0,103.0,192.0,1,1,1.0
663,1,1360.0,349.0,112.0,192.0,1,1,1.0
664,1,1361.0,351.0,114.0,192.0,1,1,1.0
665,1,1367.0,351.0,111.0,192.0,1,1,1.0
666,1,1373.0,352.0,104.0,191.0,1,1,1.0
667,1,1387.0,352.0,85.0,191.0,1,1,1.0
668,1,1399.0,352.0,71.0,191.0,1,1,1.0
669,1,1407.0,352.0,70.0,190.0,1,1,1.0
670,1,1412.0,354.0,71.0,189.0,1,1,1.0
671,1,1414.0,355.0,83.0,191.0,1,1,1.0
672,1,1415.0,357.0,95.0,191.0,1,1,1.0
673,1,1415.0,359.0,101.0,192.0,1,1,1.0
674,1,1416.0,361.0,103.0,192.0,1,1,1.0
675,1,1421.0,362.0,100.0,192.0,1,1,1.0
676,1,1432.0,362.0,95.0,192.0,1,1,1.0
677,1,1444.0,362.0,83.0,192.0,1,1,1.0
678,1,1461.0,362.0,75.0,192.0,1,1,1.0
679,1,1479.0,362.0,60.0,194.0,1,1,1.0
680,1,1486.0,363.0,66.0,197.0,1,1,1.0
681,1,1489.0,365.0,79.0,199.0,1,1,1.0
682,1,1490.0,367.0,91.0,199.0,1,1,1.0
683,1,1491.0,369.0,104.0,200.0,1,1,1.0
684,1,1490.0,371.0,113.0,200.0,1,1,1.0
685,1,1490.0,373.0,119.0,201.0,1,1,1.0
686,1,1495.0,374.0,118.0,200.0,1,1,1.0
687,1,1507.0,375.0,108.0,200.0,1,1,1.0
689,1,1533.0,375.0,73.0,199.0,1,1,1.0
690,1,1544.0,375.0,66.0,199.0,1,1,1.0
691,1,1549.0,376.0,68.0,198.0,1,1,1.0
692,1,1552.0,377.0,76.0,198.0,1,1,1.0
693,1,1553.0,379.0,90.0,199.0,1,1,1.0
694,1,1553.0,381.0,99.0,200.0,1,1,1.0
695,1,1553.0,383.0,103.0,200.0,1,1,1.0
696,1,1553.0,385.0,106.0,201.0,1,1,1.0
697,1,1558.0,386.0,104.0,202.0,1,1,1.0
698,1,1568.0,386.0,98.0,202.0,1,1,1.0
699,1,1581.0,386.0,89.0,202.0,1,1,1.0
700,1,1597.0,387.0,78.0,201.0,1,1,1.0
701,1,1614.0,387.0,66.0,202.0,1,1,1.0
702,1,1624.0,387.0,71.0,207.0,1,1,1.0
703,1,1627.0,389.0,84.0,209.0,1,1,1.0
704,1,1629.0,391.0,97.0,209.0,1,1,1.0
