1,1,1177.0,794.0,112.0,284.0,1,1,1.0
2,1,1175.0,793.0,113.0,286.0,1,1,1.0
3,1,1174.0,790.0,110.0,288.0,1,1,1.0
4,1,1172.0,786.0,108.0,292.0,1,1,1.0
5,1,1169.0,780.0,109.0,298.0,1,1,1.0
6,1,1163.0,775.0,111.0,304.0,1,1,1.0
7,1,1154.0,768.0,116.0,310.0,1,1,1.0
8,1,1149.0,763.0,119.0,315.0,1,1,1.0
9,1,1145.0,759.0,121.0,319.0,1,1,1.0
10,1,1143.0,756.0,120.0,322.0,1,1,1.0
11,1,1136.0,754.0,123.0,325.0,1,1,1.0
12,1,1132.0,752.0,123.0,326.0,1,1,1.0
13,1,1129.0,751.0,122.0,327.0,1,1,1.0
14,1,1130.0,750.0,116.0,328.0,1,1,1.0
15,1,1128.0,748.0,111.0,330.0,1,1,1.0
16,1,1124.0,745.0,110.0,331.0,1,1,1.0
17,1,1118.0,741.0,112.0,325.0,1,1,1.0
18,1,1112.0,736.0,114.0,316.0,1,1,1.0
19,1,1109.0,732.0,116.0,309.0,1,1,1.0
20,1,1106.0,728.0,118.0,309.0,1,1,1.0
21,1,1104.0,726.0,117.0,310.0,1,1,1.0
22,1,1104.0,724.0,115.0,311.0,1,1,1.0
23,1,1102.0,723.0,115.0,312.0,1,1,1.0
24,1,1101.0,722.0,114.0,313.0,1,1,1.0
25,1,1102.0,721.0,112.0,314.0,1,1,1.0
26,1,1102.0,719.0,108.0,315.0,1,1,1.0
27,1,1102.0,716.0,107.0,311.0,1,1,1.0
28,1,1100.0,712.0,106.0,304.0,1,1,1.0
29,1,1099.0,708.0,108.0,294.0,1,1,1.0
30,1,1097.0,704.0,110.0,289.0,1,1,1.0
31,1,1094.0,701.0,105.0,288.0,1,1,1.0
32,1,1094.0,699.0,100.0,289.0,1,1,1.0
33,1,1093.0,698.0,97.0,290.0,1,1,1.0
34,1,1091.0,697.0,98.0,291.0,1,1,1.0
35,1,1091.0,696.0,98.0,292.0,1,1,1.0
36,1,1090.0,695.0,105.0,293.0,1,1,1.0
37,1,1088.0,693.0,100.0,293.0,1,1,1.0
38,1,1084.0,691.0,95.0,289.0,1,1,1.0
39,1,1082.0,688.0,92.0,284.0,1,1,1.0
40,1,1081.0,685.0,89.0,275.0,1,1,1.0
41,1,1078.0,681.0,89.0,267.0,1,1,1.0
42,1,1075.0,678.0,92.0,266.0,1,1,1.0
43,1,1072.0,676.0,93.0,267.0,1,1,1.0
44,1,1071.0,674.0,92.0,269.0,1,1,1.0
45,1,1070.0,673.0,93.0,270.0,1,1,1.0
46,1,1068.0,673.0,94.0,270.0,1,1,1.0
47,1,1067.0,673.0,94.0,270.0,1,1,1.0
48,1,1068.0,672.0,93.0,271.0,1,1,1.0
49,1,1070.0,670.0,91.0,269.0,1,1,1.0
50,1,1072.0,668.0,89.0,265.0,1,1,1.0
51,1,1073.0,665.0,87.0,259.0,1,1,1.0
52,1,1075.0,662.0,85.0,251.0,1,1,1.0
53,1,1076.0,659.0,83.0,249.0,1,1,1.0
54,1,1077.0,657.0,81.0,249.0,1,1,1.0
55,1,1078.0,655.0,80.0,250.0,1,1,1.0
56,1,1078.0,655.0,78.0,250.0,1,1,1.0
57,1,1077.0,654.0,77.0,250.0,1,1,1.0
58,1,1077.0,654.0,75.0,250.0,1,1,1.0
59,1,1076.0,654.0,73.0,251.0,1,1,1.0
60,1,1074.0,653.0,71.0,251.0,1,1,1.0
61,1,1072.0,651.0,72.0,249.0,1,1,1.0
62,1,1068.0,648.0,73.0,243.0,1,1,1.0
63,1,1065.0,646.0,75.0,236.0,1,1,1.0
64,1,1062.0,643.0,78.0,233.0,1,1,1.0
65,1,1058.0,641.0,80.0,233.0,1,1,1.0
66,1,1057.0,639.0,81.0,234.0,1,1,1.0
67,1,1056.0,638.0,81.0,236.0,1,1,1.0
68,1,1055.0,637.0,81.0,236.0,1,1,1.0
69,1,1054.0,637.0,80.0,237.0,1,1,1.0
70,1,1052.0,636.0,81.0,237.0,1,1,1.0
71,1,1053.0,635.0,80.0,237.0,1,1,1.0
72,1,1054.0,634.0,80.0,235.0,1,1,1.0
73,1,1055.0,632.0,78.0,231.0,1,1,1.0
74,1,1056.0,629.0,76.0,224.0,1,1,1.0
75,1,1056.0,627.0,75.0,220.0,1,1,1.0
76,1,1055.0,625.0,75.0,220.0,1,1,1.0
77,1,1056.0,623.0,74.0,220.0,1,1,1.0
78,1,1056.0,623.0,73.0,221.0,1,1,1.0
79,1,1056.0,622.0,71.0,221.0,1,1,1.0
80,1,1055.0,622.0,70.0,221.0,1,1,1.0
81,1,1055.0,622.0,68.0,221.0,1,1,1.0
82,1,1055.0,622.0,66.0,221.0,1,1,1.0
83,1,1053.0,620.0,65.0,219.0,1,1,1.0
84,1,1051.0,619.0,66.0,215.0,1,1,1.0
85,1,1048.0,617.0,67.0,209.0,1,1,1.0
86,1,1046.0,615.0,69.0,206.0,1,1,1.0
87,1,1045.0,613.0,69.0,206.0,1,1,1.0
88,1,1045.0,611.0,68.0,207.0,1,1,1.0
89,1,1045.0,610.0,68.0,208.0,1,1,1.0
90,1,1044.0,610.0,69.0,209.0,1,1,1.0
91,1,1042.0,610.0,70.0,209.0,1,1,1.0
92,1,1041.0,610.0,70.0,209.0,1,1,1.0
93,1,1041.0,609.0,69.0,209.0,1,1,1.0
94,1,1042.0,608.0,68.0,208.0,1,1,1.0
95,1,1043.0,606.0,67.0,206.0,1,1,1.0
96,1,1044.0,605.0,66.0,201.0,1,1,1.0
97,1,1044.0,602.0,65.0,197.0,1,1,1.0
98,1,1045.0,600.0,65.0,198.0,1,1,1.0
99,1,1046.0,599.0,63.0,197.0,1,1,1.0
100,1,1046.0,598.0,62.0,198.0,1,1,1.0
101,1,1045.0,598.0,62.0,198.0,1,1,1.0
102,1,1044.0,598.0,62.0,198.0,1,1,1.0
103,1,1043.0,598.0,60.0,198.0,1,1,1.0
104,1,1043.0,598.0,58.0,198.0,1,1,1.0
105,1,1040.0,598.0,58.0,197.0,1,1,1.0
106,1,1036.0,597.0,60.0,195.0,1,1,1.0
107,1,1033.0,595.0,61.0,191.0,1,1,1.0
108,1,1030.0,594.0,63.0,186.0,1,1,1.0
109,1,1026.0,593.0,67.0,185.0,1,1,1.0
110,1,1023.0,590.0,69.0,186.0,1,1,1.0
111,1,1022.0,589.0,70.0,187.0,1,1,1.0
112,1,1023.0,588.0,68.0,188.0,1,1,1.0
113,1,1024.0,588.0,68.0,188.0,1,1,1.0
114,1,1024.0,588.0,67.0,188.0,1,1,1.0
115,1,1025.0,588.0,65.0,188.0,1,1,1.0
116,1,1027.0,588.0,64.0,188.0,1,1,1.0
117,1,1027.0,588.0,63.0,186.0,1,1,1.0
118,1,1028.0,587.0,62.0,184.0,1,1,1.0
119,1,1028.0,586.0,63.0,180.0,1,1,1.0
120,1,1029.0,584.0,62.0,177.0,1,1,1.0
121,1,1031.0,583.0,57.0,177.0,1,1,1.0
122,1,1032.0,581.0,55.0,178.0,1,1,1.0
123,1,1033.0,580.0,53.0,179.0,1,1,1.0
124,1,1033.0,580.0,52.0,178.0,1,1,1.0
125,1,1033.0,581.0,51.0,178.0,1,1,1.0
126,1,1033.0,581.0,50.0,178.0,1,1,1.0
127,1,1032.0,582.0,50.0,177.0,1,1,1.0
128,1,1031.0,582.0,50.0,176.0,1,1,1.0
129,1,1029.0,582.0,50.0,175.0,1,1,1.0
130,1,1027.0,581.0,52.0,171.0,1,1,1.0
131,1,1024.0,579.0,55.0,168.0,1,1,1.0
132,1,1022.0,577.0,56.0,168.0,1,1,1.0
133,1,1023.0,575.0,55.0,169.0,1,1,1.0
134,1,1023.0,575.0,54.0,169.0,1,1,1.0
135,1,1023.0,574.0,54.0,169.0,1,1,1.0
136,1,1023.0,574.0,54.0,170.0,1,1,1.0
137,1,1022.0,574.0,54.0,170.0,1,1,1.0
138,1,1022.0,575.0,54.0,169.0,1,1,1.0
139,1,1022.0,575.0,53.0,169.0,1,1,1.0
140,1,1023.0,575.0,52.0,167.0,1,1,1.0
141,1,1023.0,574.0,52.0,166.0,1,1,1.0
142,1,1023.0,572.0,53.0,162.0,1,1,1.0
143,1,1022.0,571.0,54.0,161.0,1,1,1.0
144,1,1022.0,570.0,53.0,161.0,1,1,1.0
145,1,1021.0,570.0,52.0,161.0,1,1,1.0
146,1,1020.0,569.0,51.0,161.0,1,1,1.0
147,1,1018.0,570.0,51.0,161.0,1,1,1.0
148,1,1017.0,570.0,51.0,161.0,1,1,1.0
149,1,1016.0,570.0,51.0,161.0,1,1,1.0
150,1,1015.0,569.0,49.0,161.0,1,1,1.0
151,1,1013.0,568.0,50.0,160.0,1,1,1.0
152,1,1010.0,567.0,51.0,159.0,1,1,1.0
153,1,1007.0,566.0,53.0,156.0,1,1,1.0
154,1,1004.0,564.0,54.0,155.0,1,1,1.0
155,1,1001.0,563.0,56.0,155.0,1,1,1.0
156,1,999.0,563.0,57.0,156.0,1,1,1.0
157,1,998.0,563.0,57.0,156.0,1,1,1.0
158,1,995.0,562.0,58.0,156.0,1,1,1.0
160,1,995.0,563.0,53.0,156.0,1,1,1.0
161,1,994.0,563.0,54.0,156.0,1,1,1.0
162,1,988.0,563.0,59.0,154.0,1,1,1.0
163,1,992.0,563.0,54.0,152.0,1,1,1.0
164,1,994.0,562.0,51.0,149.0,1,1,1.0
165,1,994.0,560.0,51.0,149.0,1,1,1.0
166,1,993.0,559.0,52.0,149.0,1,1,1.0
167,1,993.0,558.0,53.0,149.0,1,1,1.0
168,1,992.0,557.0,54.0,149.0,1,1,1.0
169,1,988.0,557.0,55.0,150.0,1,1,1.0
170,1,987.0,558.0,51.0,149.0,1,1,1.0
171,1,987.0,559.0,49.0,148.0,1,1,1.0
172,1,986.0,559.0,47.0,148.0,1,1,1.0
173,1,984.0,558.0,45.0,147.0,1,1,1.0
174,1,982.0,557.0,46.0,147.0,1,1,1.0
175,1,979.0,556.0,49.0,144.0,1,1,1.0
176,1,977.0,554.0,50.0,144.0,1,1,1.0
177,1,975.0,553.0,51.0,144.0,1,1,1.0
178,1,973.0,553.0,53.0,144.0,1,1,1.0
179,1,972.0,552.0,53.0,144.0,1,1,1.0
180,1,971.0,552.0,50.0,144.0,1,1,1.0
181,1,969.0,553.0,49.0,144.0,1,1,1.0
182,1,969.0,553.0,48.0,144.0,1,1,1.0
183,1,969.0,553.0,47.0,144.0,1,1,1.0
184,1,969.0,553.0,46.0,143.0,1,1,1.0
185,1,969.0,553.0,47.0,142.0,1,1,1.0
186,1,969.0,552.0,47.0,139.0,1,1,1.0
187,1,968.0,551.0,47.0,137.0,1,1,1.0
188,1,969.0,549.0,46.0,138.0,1,1,1.0
189,1,969.0,549.0,45.0,138.0,1,1,1.0
190,1,970.0,548.0,43.0,138.0,1,1,1.0
191,1,969.0,548.0,43.0,138.0,1,1,1.0
192,1,968.0,548.0,43.0,138.0,1,1,1.0
193,1,968.0,549.0,42.0,137.0,1,1,1.0
194,1,967.0,549.0,40.0,137.0,1,1,1.0
195,1,965.0,549.0,41.0,137.0,1,1,1.0
196,1,963.0,548.0,41.0,137.0,1,1,1.0
197,1,960.0,547.0,44.0,134.0,1,1,1.0
198,1,958.0,546.0,45.0,133.0,1,1,1.0
199,1,955.0,545.0,47.0,133.0,1,1,1.0
200,1,954.0,544.0,49.0,133.0,1,1,1.0
201,1,952.0,543.0,50.0,134.0,1,1,1.0
202,1,952.0,543.0,50.0,134.0,1,1,1.0
203,1,954.0,543.0,48.0,134.0,1,1,1.0
204,1,953.0,543.0,48.0,134.0,1,1,1.0
205,1,954.0,544.0,47.0,134.0,1,1,1.0
206,1,954.0,544.0,47.0,133.0,1,1,1.0
207,1,954.0,543.0,48.0,132.0,1,1,1.0
208,1,954.0,542.0,47.0,131.0,1,1,1.0
209,1,954.0,541.0,47.0,130.0,1,1,1.0
210,1,956.0,540.0,46.0,130.0,1,1,1.0
211,1,957.0,540.0,44.0,129.0,1,1,1.0
212,1,958.0,540.0,42.0,129.0,1,1,1.0
213,1,959.0,539.0,42.0,129.0,1,1,1.0
214,1,958.0,539.0,41.0,129.0,1,1,1.0
215,1,957.0,540.0,39.0,129.0,1,1,1.0
216,1,957.0,540.0,38.0,128.0,1,1,1.0
217,1,955.0,540.0,39.0,128.0,1,1,1.0
218,1,954.0,540.0,40.0,127.0,1,1,1.0
219,1,951.0,539.0,42.0,125.0,1,1,1.0
220,1,949.0,538.0,43.0,124.0,1,1,1.0
221,1,947.0,538.0,46.0,124.0,1,1,1.0
222,1,945.0,537.0,47.0,124.0,1,1,1.0
223,1,944.0,537.0,46.0,125.0,1,1,1.0
224,1,943.0,536.0,47.0,124.0,1,1,1.0
225,1,943.0,537.0,45.0,124.0,1,1,1.0
226,1,943.0,537.0,45.0,124.0,1,1,1.0
227,1,943.0,537.0,44.0,124.0,1,1,1.0
228,1,944.0,537.0,42.0,124.0,1,1,1.0
229,1,945.0,537.0,41.0,123.0,1,1,1.0
230,1,945.0,536.0,41.0,120.0,1,1,1.0
231,1,946.0,535.0,40.0,120.0,1,1,1.0
232,1,945.0,534.0,40.0,120.0,1,1,1.0
233,1,945.0,533.0,40.0,120.0,1,1,1.0
234,1,945.0,532.0,40.0,120.0,1,1,1.0
235,1,944.0,533.0,39.0,120.0,1,1,1.0
236,1,943.0,533.0,39.0,119.0,1,1,1.0
237,1,943.0,534.0,38.0,119.0,1,1,1.0
238,1,942.0,534.0,38.0,119.0,1,1,1.0
239,1,940.0,534.0,40.0,119.0,1,1,1.0
240,1,939.0,533.0,39.0,119.0,1,1,1.0
241,1,937.0,532.0,38.0,117.0,1,1,1.0
242,1,935.0,531.0,38.0,117.0,1,1,1.0
243,1,934.0,530.0,37.0,117.0,1,1,1.0
244,1,932.0,529.0,39.0,117.0,1,1,1.0
245,1,930.0,529.0,40.0,117.0,1,1,1.0
246,1,930.0,529.0,40.0,117.0,1,1,1.0
247,1,929.0,529.0,40.0,117.0,1,1,1.0
248,1,929.0,529.0,39.0,117.0,1,1,1.0
249,1,929.0,530.0,39.0,116.0,1,1,1.0
250,1,929.0,530.0,39.0,116.0,1,1,1.0
251,1,929.0,530.0,38.0,116.0,1,1,1.0
252,1,929.0,529.0,38.0,114.0,1,1,1.0
253,1,929.0,529.0,38.0,113.0,1,1,1.0
254,1,930.0,528.0,37.0,112.0,1,1,1.0
255,1,929.0,527.0,37.0,113.0,1,1,1.0
256,1,930.0,527.0,36.0,113.0,1,1,1.0
257,1,929.0,527.0,36.0,113.0,1,1,1.0
258,1,929.0,527.0,36.0,113.0,1,1,1.0
259,1,928.0,527.0,36.0,112.0,1,1,1.0
260,1,928.0,527.0,35.0,112.0,1,1,1.0
261,1,927.0,527.0,34.0,112.0,1,1,1.0
262,1,925.0,527.0,35.0,112.0,1,1,1.0
263,1,924.0,527.0,35.0,110.0,1,1,1.0
264,1,923.0,526.0,36.0,109.0,1,1,1.0
265,1,922.0,526.0,37.0,109.0,1,1,1.0
266,1,921.0,525.0,38.0,109.0,1,1,1.0
267,1,920.0,525.0,39.0,109.0,1,1,1.0
268,1,920.0,525.0,39.0,109.0,1,1,1.0
269,1,920.0,525.0,39.0,109.0,1,1,1.0
270,1,920.0,525.0,39.0,109.0,1,1,1.0
271,1,921.0,525.0,38.0,109.0,1,1,1.0
272,1,921.0,525.0,38.0,109.0,1,1,1.0
273,1,921.0,525.0,38.0,109.0,1,1,1.0
274,1,921.0,524.0,38.0,108.0,1,1,1.0
275,1,920.0,524.0,39.0,107.0,1,1,1.0
276,1,920.0,523.0,39.0,106.0,1,1,1.0
277,1,920.0,522.0,39.0,106.0,1,1,1.0
278,1,920.0,522.0,39.0,106.0,1,1,1.0
279,1,920.0,521.0,39.0,106.0,1,1,1.0
280,1,919.0,521.0,39.0,106.0,1,1,1.0
281,1,919.0,521.0,40.0,106.0,1,1,1.0
282,1,919.0,521.0,39.0,106.0,1,1,1.0
283,1,920.0,521.0,37.0,106.0,1,1,1.0
284,1,920.0,522.0,32.0,105.0,1,1,1.0
285,1,918.0,522.0,31.0,105.0,1,1,1.0
286,1,916.0,521.0,32.0,104.0,1,1,1.0
287,1,913.0,521.0,36.0,103.0,1,1,1.0
288,1,910.0,520.0,38.0,102.0,1,1,1.0
289,1,908.0,519.0,39.0,103.0,1,1,1.0
290,1,907.0,519.0,40.0,103.0,1,1,1.0
291,1,907.0,519.0,39.0,103.0,1,1,1.0
292,1,907.0,518.0,40.0,103.0,1,1,1.0
293,1,906.0,518.0,40.0,103.0,1,1,1.0
294,1,906.0,518.0,41.0,103.0,1,1,1.0
295,1,906.0,518.0,39.0,103.0,1,1,1.0
296,1,906.0,519.0,39.0,103.0,1,1,1.0
297,1,906.0,519.0,39.0,103.0,1,1,1.0
298,1,906.0,519.0,39.0,102.0,1,1,1.0
299,1,906.0,518.0,38.0,100.0,1,1,1.0
300,1,907.0,518.0,37.0,100.0,1,1,1.0
301,1,907.0,517.0,37.0,100.0,1,1,1.0
302,1,907.0,517.0,36.0,100.0,1,1,1.0
303,1,907.0,516.0,35.0,101.0,1,1,1.0
304,1,906.0,516.0,35.0,100.0,1,1,1.0
305,1,906.0,516.0,33.0,101.0,1,1,1.0
306,1,906.0,517.0,33.0,100.0,1,1,1.0
307,1,907.0,517.0,32.0,100.0,1,1,1.0
308,1,906.0,517.0,32.0,100.0,1,1,1.0
309,1,906.0,517.0,32.0,100.0,1,1,1.0
310,1,905.0,516.0,32.0,100.0,1,1,1.0
311,1,904.0,516.0,32.0,100.0,1,1,1.0
312,1,904.0,516.0,31.0,98.0,1,1,1.0
313,1,905.0,515.0,31.0,98.0,1,1,1.0
314,1,906.0,515.0,31.0,98.0,1,1,1.0
315,1,906.0,514.0,32.0,98.0,1,1,1.0
316,1,907.0,514.0,31.0,98.0,1,1,1.0
317,1,909.0,514.0,32.0,97.0,1,1,1.0
318,1,909.0,515.0,33.0,97.0,1,1,1.0
319,1,911.0,515.0,32.0,97.0,1,1,1.0
320,1,912.0,515.0,32.0,97.0,1,1,1.0
321,1,913.0,515.0,33.0,97.0,1,1,1.0
322,1,915.0,515.0,31.0,96.0,1,1,1.0
323,1,919.0,515.0,28.0,95.0,1,1,1.0
324,1,922.0,515.0,26.0,95.0,1,1,1.0
325,1,925.0,514.0,25.0,95.0,1,1,1.0
326,1,927.0,514.0,29.0,96.0,1,1,1.0
327,1,929.0,514.0,31.0,95.0,1,1,1.0
328,1,930.0,514.0,35.0,96.0,1,1,1.0
329,1,930.0,514.0,37.0,96.0,1,1,1.0
331,1,930.0,514.0,48.0,95.0,1,1,1.0
332,1,931.0,515.0,52.0,95.0,1,1,1.0
333,1,932.0,515.0,52.0,95.0,1,1,1.0
334,1,936.0,514.0,48.0,95.0,1,1,1.0
335,1,941.0,514.0,44.0,95.0,1,1,1.0
336,1,948.0,514.0,38.0,94.0,1,1,1.0
337,1,955.0,514.0,34.0,95.0,1,1,1.0
338,1,957.0,514.0,39.0,96.0,1,1,1.0
339,1,959.0,514.0,34.0,96.0,1,1,1.0
340,1,959.0,514.0,33.0,96.0,1,1,1.0
342,1,962.0,515.0,47.0,95.0,1,1,1.0
343,1,963.0,516.0,52.0,96.0,1,1,1.0
344,1,965.0,516.0,51.0,96.0,1,1,1.0
345,1,968.0,515.0,43.0,97.0,1,1,1.0
346,1,973.0,515.0,33.0,98.0,1,1,1.0
347,1,977.0,515.0,29.0,99.0,1,1,1.0
348,1,979.0,515.0,28.0,98.0,1,1,1.0
349,1,979.0,515.0,31.0,98.0,1,1,1.0
350,1,979.0,515.0,35.0,98.0,1,1,1.0
351,1,982.0,515.0,38.0,98.0,1,1,1.0
352,1,983.0,516.0,43.0,99.0,1,1,1.0
353,1,984.0,516.0,44.0,99.0,1,1,1.0
354,1,984.0,517.0,45.0,99.0,1,1,1.0
355,1,986.0,517.0,44.0,99.0,1,1,1.0
356,1,987.0,517.0,43.0,100.0,1,1,1.0
357,1,990.0,517.0,40.0,100.0,1,1,1.0
358,1,995.0,517.0,36.0,100.0,1,1,1.0
359,1,1000.0,517.0,33.0,100.0,1,1,1.0
360,1,1005.0,517.0,31.0,100.0,1,1,1.0
361,1,1008.0,516.0,35.0,101.0,1,1,1.0
362,1,1010.0,516.0,38.0,102.0,1,1,1.0
363,1,1013.0,517.0,41.0,102.0,1,1,1.0
364,1,1014.0,518.0,42.0,102.0,1,1,1.0
365,1,1015.0,519.0,43.0,101.0,1,1,1.0
366,1,1016.0,520.0,45.0,100.0,1,1,1.0
367,1,1018.0,521.0,44.0,100.0,1,1,1.0
368,1,1021.0,521.0,41.0,100.0,1,1,1.0
369,1,1024.0,520.0,38.0,101.0,1,1,1.0
370,1,1026.0,520.0,34.0,102.0,1,1,1.0
371,1,1029.0,519.0,31.0,102.0,1,1,1.0
372,1,1031.0,520.0,30.0,102.0,1,1,1.0
373,1,1032.0,520.0,34.0,102.0,1,1,1.0
374,1,1034.0,520.0,38.0,102.0,1,1,1.0
375,1,1036.0,521.0,41.0,102.0,1,1,1.0
376,1,1036.0,522.0,41.0,103.0,1,1,1.0
377,1,1037.0,522.0,40.0,103.0,1,1,1.0
378,1,1038.0,523.0,39.0,103.0,1,1,1.0
379,1,1040.0,523.0,37.0,104.0,1,1,1.0
380,1,1043.0,522.0,35.0,104.0,1,1,1.0
381,1,1047.0,522.0,33.0,104.0,1,1,1.0
382,1,1051.0,522.0,34.0,104.0,1,1,1.0
383,1,1054.0,522.0,35.0,105.0,1,1,1.0
384,1,1056.0,522.0,39.0,106.0,1,1,1.0
385,1,1058.0,522.0,41.0,107.0,1,1,1.0
386,1,1060.0,523.0,43.0,106.0,1,1,1.0
387,1,1061.0,524.0,43.0,105.0,1,1,1.0
388,1,1063.0,524.0,43.0,105.0,1,1,1.0
389,1,1064.0,525.0,42.0,106.0,1,1,1.0
390,1,1066.0,525.0,39.0,106.0,1,1,1.0
391,1,1068.0,525.0,36.0,107.0,1,1,1.0
392,1,1071.0,525.0,35.0,107.0,1,1,1.0
393,1,1073.0,524.0,31.0,108.0,1,1,1.0
394,1,1076.0,524.0,30.0,108.0,1,1,1.0
395,1,1077.0,525.0,32.0,108.0,1,1,1.0
396,1,1078.0,525.0,37.0,108.0,1,1,1.0
397,1,1078.0,526.0,44.0,107.0,1,1,1.0
398,1,1078.0,526.0,48.0,107.0,1,1,1.0
399,1,1078.0,527.0,50.0,107.0,1,1,1.0
400,1,1079.0,528.0,50.0,108.0,1,1,1.0
401,1,1080.0,528.0,49.0,108.0,1,1,1.0
402,1,1083.0,528.0,47.0,108.0,1,1,1.0
403,1,1087.0,527.0,43.0,109.0,1,1,1.0
404,1,1092.0,527.0,38.0,109.0,1,1,1.0
405,1,1100.0,527.0,34.0,109.0,1,1,1.0
406,1,1104.0,527.0,37.0,110.0,1,1,1.0
407,1,1107.0,527.0,37.0,110.0,1,1,1.0
408,1,1110.0,528.0,40.0,110.0,1,1,1.0
409,1,1112.0,528.0,41.0,109.0,1,1,1.0
410,1,1114.0,529.0,42.0,108.0,1,1,1.0
411,1,1115.0,529.0,44.0,109.0,1,1,1.0
412,1,1116.0,529.0,41.0,110.0,1,1,1.0
413,1,1116.0,530.0,39.0,111.0,1,1,1.0
414,1,1119.0,530.0,36.0,111.0,1,1,1.0
415,1,1124.0,530.0,32.0,111.0,1,1,1.0
416,1,1127.0,529.0,31.0,112.0,1,1,1.0
417,1,1129.0,529.0,31.0,112.0,1,1,1.0
418,1,1132.0,529.0,31.0,112.0,1,1,1.0
419,1,1134.0,529.0,33.0,112.0,1,1,1.0
420,1,1135.0,529.0,38.0,112.0,1,1,1.0
421,1,1135.0,530.0,44.0,115.0,1,1,1.0
422,1,1135.0,530.0,46.0,123.0,1,1,1.0
423,1,1136.0,531.0,45.0,125.0,1,1,1.0
424,1,1136.0,532.0,45.0,126.0,1,1,1.0
425,1,1136.0,532.0,47.0,126.0,1,1,1.0
426,1,1137.0,532.0,48.0,122.0,1,1,1.0
427,1,1141.0,532.0,46.0,118.0,1,1,1.0
428,1,1146.0,532.0,43.0,121.0,1,1,1.0
429,1,1152.0,532.0,39.0,123.0,1,1,1.0
430,1,1158.0,532.0,35.0,125.0,1,1,1.0
431,1,1162.0,532.0,33.0,126.0,1,1,1.0
432,1,1165.0,532.0,32.0,122.0,1,1,1.0
433,1,1168.0,533.0,32.0,118.0,1,1,1.0
434,1,1169.0,533.0,38.0,117.0,1,1,1.0
435,1,1171.0,534.0,40.0,115.0,1,1,1.0
436,1,1171.0,535.0,41.0,116.0,1,1,1.0
437,1,1173.0,535.0,40.0,116.0,1,1,1.0
438,1,1175.0,536.0,38.0,116.0,1,1,1.0
439,1,1178.0,536.0,36.0,116.0,1,1,1.0
440,1,1182.0,535.0,34.0,117.0,1,1,1.0
441,1,1186.0,535.0,34.0,117.0,1,1,1.0
442,1,1189.0,535.0,32.0,116.0,1,1,1.0
443,1,1192.0,535.0,33.0,117.0,1,1,1.0
444,1,1194.0,536.0,37.0,115.0,1,1,1.0
445,1,1194.0,536.0,45.0,116.0,1,1,1.0
446,1,1194.0,536.0,51.0,116.0,1,1,1.0
447,1,1194.0,538.0,56.0,115.0,1,1,1.0
448,1,1194.0,538.0,58.0,115.0,1,1,1.0
449,1,1194.0,538.0,60.0,116.0,1,1,1.0
450,1,1196.0,539.0,59.0,116.0,1,1,1.0
451,1,1199.0,539.0,55.0,116.0,1,1,1.0
452,1,1205.0,539.0,49.0,116.0,1,1,1.0
453,1,1212.0,538.0,44.0,117.0,1,1,1.0
454,1,1220.0,538.0,43.0,118.0,1,1,1.0
455,1,1226.0,537.0,43.0,119.0,1,1,1.0
456,1,1229.0,538.0,45.0,119.0,1,1,1.0
457,1,1232.0,538.0,45.0,117.0,1,1,1.0
458,1,1234.0,539.0,47.0,117.0,1,1,1.0
459,1,1235.0,540.0,51.0,116.0,1,1,1.0
460,1,1236.0,541.0,48.0,118.0,1,1,1.0
461,1,1237.0,542.0,46.0,117.0,1,1,1.0
462,1,1238.0,542.0,49.0,117.0,1,1,1.0
463,1,1242.0,542.0,46.0,119.0,1,1,1.0
464,1,1247.0,542.0,40.0,120.0,1,1,1.0
465,1,1253.0,542.0,37.0,121.0,1,1,1.0
466,1,1257.0,542.0,36.0,121.0,1,1,1.0
467,1,1260.0,542.0,36.0,121.0,1,1,1.0
468,1,1262.0,542.0,38.0,121.0,1,1,1.0
469,1,1263.0,542.0,44.0,121.0,1,1,1.0
470,1,1264.0,543.0,50.0,121.0,1,1,1.0
471,1,1265.0,543.0,56.0,121.0,1,1,1.0
472,1,1265.0,544.0,58.0,121.0,1,1,1.0
473,1,1265.0,544.0,59.0,122.0,1,1,1.0
474,1,1266.0,544.0,58.0,123.0,1,1,1.0
475,1,1268.0,544.0,56.0,123.0,1,1,1.0
476,1,1273.0,545.0,52.0,122.0,1,1,1.0
477,1,1279.0,544.0,49.0,123.0,1,1,1.0
478,1,1286.0,544.0,42.0,123.0,1,1,1.0
479,1,1293.0,544.0,37.0,124.0,1,1,1.0
480,1,1297.0,544.0,34.0,125.0,1,1,1.0
481,1,1299.0,545.0,37.0,125.0,1,1,1.0
482,1,1302.0,545.0,39.0,124.0,1,1,1.0
483,1,1304.0,546.0,39.0,122.0,1,1,1.0
484,1,1305.0,547.0,45.0,124.0,1,1,1.0
485,1,1306.0,548.0,48.0,125.0,1,1,1.0
486,1,1308.0,549.0,48.0,126.0,1,1,1.0
487,1,1312.0,549.0,45.0,126.0,1,1,1.0
488,1,1317.0,549.0,40.0,127.0,1,1,1.0
489,1,1321.0,548.0,39.0,127.0,1,1,1.0
490,1,1324.0,548.0,40.0,127.0,1,1,1.0
491,1,1327.0,548.0,41.0,127.0,1,1,1.0
492,1,1331.0,548.0,43.0,127.0,1,1,1.0
493,1,1333.0,549.0,49.0,127.0,1,1,1.0
494,1,1335.0,550.0,55.0,126.0,1,1,1.0
495,1,1336.0,551.0,58.0,127.0,1,1,1.0
496,1,1336.0,551.0,59.0,127.0,1,1,1.0
497,1,1336.0,552.0,59.0,127.0,1,1,1.0
498,1,1337.0,552.0,58.0,127.0,1,1,1.0
499,1,1339.0,552.0,56.0,128.0,1,1,1.0
500,1,1345.0,552.0,52.0,128.0,1,1,1.0
501,1,1352.0,552.0,48.0,128.0,1,1,1.0
502,1,1359.0,552.0,42.0,128.0,1,1,1.0
503,1,1364.0,551.0,41.0,129.0,1,1,1.0
504,1,1367.0,551.0,42.0,131.0,1,1,1.0
505,1,1369.0,552.0,41.0,130.0,1,1,1.0
506,1,1372.0,552.0,40.0,129.0,1,1,1.0
507,1,1374.0,553.0,41.0,128.0,1,1,1.0
508,1,1376.0,554.0,44.0,130.0,1,1,1.0
509,1,1376.0,555.0,46.0,131.0,1,1,1.0
510,1,1377.0,556.0,46.0,132.0,1,1,1.0
511,1,1380.0,555.0,44.0,133.0,1,1,1.0
512,1,1385.0,555.0,39.0,133.0,1,1,1.0
513,1,1388.0,555.0,40.0,133.0,1,1,1.0
514,1,1390.0,555.0,43.0,134.0,1,1,1.0
515,1,1392.0,555.0,43.0,133.0,1,1,1.0
516,1,1393.0,555.0,45.0,133.0,1,1,1.0
517,1,1394.0,555.0,51.0,133.0,1,1,1.0
518,1,1395.0,556.0,54.0,134.0,1,1,1.0
519,1,1395.0,557.0,52.0,134.0,1,1,1.0
520,1,1396.0,558.0,47.0,135.0,1,1,1.0
521,1,1397.0,558.0,43.0,136.0,1,1,1.0
522,1,1398.0,559.0,42.0,137.0,1,1,1.0
523,1,1400.0,559.0,43.0,137.0,1,1,1.0
524,1,1402.0,559.0,45.0,137.0,1,1,1.0
525,1,1403.0,559.0,47.0,138.0,1,1,1.0
526,1,1403.0,559.0,50.0,137.0,1,1,1.0
527,1,1403.0,558.0,50.0,138.0,1,1,1.0
528,1,1402.0,558.0,50.0,138.0,1,1,1.0
529,1,1402.0,558.0,50.0,139.0,1,1,1.0
530,1,1401.0,558.0,51.0,138.0,1,1,1.0
531,1,1397.0,558.0,54.0,138.0,1,1,1.0
532,1,1393.0,560.0,55.0,137.0,1,1,1.0
533,1,1390.0,561.0,55.0,137.0,1,1,1.0
534,1,1388.0,562.0,54.0,136.0,1,1,1.0
535,1,1387.0,562.0,52.0,136.0,1,1,1.0
536,1,1387.0,562.0,49.0,136.0,1,1,1.0
537,1,1387.0,561.0,48.0,138.0,1,1,1.0
538,1,1386.0,563.0,47.0,136.0,1,1,1.0
539,1,1385.0,562.0,46.0,136.0,1,1,1.0
540,1,1383.0,561.0,45.0,137.0,1,1,1.0
541,1,1381.0,561.0,45.0,138.0,1,1,1.0
542,1,1378.0,560.0,48.0,138.0,1,1,1.0
543,1,1377.0,560.0,50.0,140.0,1,1,1.0
544,1,1375.0,560.0,52.0,139.0,1,1,1.0
545,1,1372.0,562.0,54.0,138.0,1,1,1.0
546,1,1367.0,562.0,57.0,141.0,1,1,1.0
547,1,1362.0,562.0,59.0,141.0,1,1,1.0
548,1,1358.0,564.0,59.0,141.0,1,1,1.0
549,1,1357.0,565.0,56.0,141.0,1,1,1.0
550,1,1356.0,565.0,51.0,141.0,1,1,1.0
551,1,1356.0,564.0,44.0,141.0,1,1,1.0
552,1,1355.0,564.0,41.0,142.0,1,1,1.0
553,1,1351.0,563.0,42.0,143.0,1,1,1.0
554,1,1348.0,563.0,42.0,143.0,1,1,1.0
555,1,1342.0,563.0,44.0,143.0,1,1,1.0
556,1,1334.0,563.0,49.0,142.0,1,1,1.0
557,1,1325.0,564.0,55.0,142.0,1,1,1.0
558,1,1318.0,565.0,59.0,143.0,1,1,1.0
559,1,1315.0,565.0,61.0,144.0,1,1,1.0
560,1,1314.0,567.0,61.0,143.0,1,1,1.0
561,1,1314.0,567.0,61.0,143.0,1,1,1.0
562,1,1314.0,566.0,60.0,144.0,1,1,1.0
563,1,1313.0,566.0,57.0,144.0,1,1,1.0
564,1,1313.0,566.0,51.0,144.0,1,1,1.0
565,1,1312.0,565.0,50.0,145.0,1,1,1.0
566,1,1311.0,565.0,51.0,145.0,1,1,1.0
567,1,1307.0,565.0,54.0,146.0,1,1,1.0
568,1,1304.0,565.0,56.0,148.0,1,1,1.0
569,1,1300.0,566.0,57.0,149.0,1,1,1.0
570,1,1296.0,567.0,59.0,149.0,1,1,1.0
571,1,1290.0,568.0,60.0,149.0,1,1,1.0
572,1,1287.0,569.0,60.0,149.0,1,1,1.0
573,1,1285.0,569.0,58.0,148.0,1,1,1.0
574,1,1284.0,570.0,54.0,149.0,1,1,1.0
575,1,1283.0,569.0,49.0,149.0,1,1,1.0
576,1,1281.0,569.0,47.0,149.0,1,1,1.0
577,1,1278.0,568.0,48.0,150.0,1,1,1.0
578,1,1274.0,568.0,48.0,150.0,1,1,1.0
579,1,1270.0,568.0,48.0,150.0,1,1,1.0
580,1,1262.0,567.0,53.0,151.0,1,1,1.0
581,1,1256.0,568.0,56.0,151.0,1,1,1.0
582,1,1246.0,569.0,63.0,150.0,1,1,1.0
583,1,1242.0,570.0,64.0,149.0,1,1,1.0
584,1,1242.0,570.0,62.0,151.0,1,1,1.0
585,1,1241.0,571.0,62.0,151.0,1,1,1.0
586,1,1240.0,572.0,62.0,151.0,1,1,1.0
587,1,1240.0,572.0,59.0,151.0,1,1,1.0
588,1,1236.0,570.0,56.0,153.0,1,1,1.0
589,1,1233.0,570.0,54.0,153.0,1,1,1.0
590,1,1230.0,570.0,52.0,154.0,1,1,1.0
591,1,1229.0,570.0,51.0,156.0,1,1,1.0
592,1,1226.0,570.0,52.0,157.0,1,1,1.0
593,1,1223.0,571.0,53.0,157.0,1,1,1.0
594,1,1221.0,572.0,55.0,158.0,1,1,1.0
595,1,1216.0,573.0,58.0,159.0,1,1,1.0
596,1,1213.0,574.0,59.0,159.0,1,1,1.0
597,1,1211.0,574.0,59.0,159.0,1,1,1.0
598,1,1209.0,575.0,58.0,159.0,1,1,1.0
599,1,1207.0,574.0,57.0,159.0,1,1,1.0
600,1,1203.0,574.0,54.0,160.0,1,1,1.0
601,1,1200.0,573.0,52.0,160.0,1,1,1.0
602,1,1196.0,573.0,50.0,161.0,1,1,1.0
603,1,1190.0,573.0,53.0,160.0,1,1,1.0
604,1,1178.0,573.0,62.0,160.0,1,1,1.0
605,1,1169.0,574.0,68.0,161.0,1,1,1.0
606,1,1163.0,576.0,72.0,161.0,1,1,1.0
607,1,1162.0,576.0,72.0,161.0,1,1,1.0
608,1,1161.0,576.0,72.0,162.0,1,1,1.0
609,1,1162.0,576.0,71.0,162.0,1,1,1.0
610,1,1162.0,576.0,69.0,162.0,1,1,1.0
611,1,1161.0,576.0,63.0,163.0,1,1,1.0
612,1,1160.0,576.0,56.0,163.0,1,1,1.0
613,1,1158.0,576.0,52.0,163.0,1,1,1.0
614,1,1155.0,575.0,52.0,164.0,1,1,1.0
615,1,1151.0,576.0,55.0,167.0,1,1,1.0
616,1,1147.0,576.0,58.0,168.0,1,1,1.0
617,1,1138.0,578.0,67.0,168.0,1,1,1.0
618,1,1130.0,579.0,75.0,169.0,1,1,1.0
619,1,1125.0,580.0,77.0,169.0,1,1,1.0
620,1,1122.0,580.0,76.0,170.0,1,1,1.0
621,1,1121.0,580.0,71.0,170.0,1,1,1.0
622,1,1120.0,581.0,64.0,169.0,1,1,1.0
623,1,1120.0,580.0,57.0,169.0,1,1,1.0
624,1,1118.0,579.0,48.0,170.0,1,1,1.0
625,1,1113.0,579.0,47.0,170.0,1,1,1.0
626,1,1108.0,578.0,48.0,171.0,1,1,1.0
627,1,1099.0,579.0,53.0,170.0,1,1,1.0
628,1,1088.0,580.0,60.0,170.0,1,1,1.0
629,1,1077.0,581.0,69.0,171.0,1,1,1.0
630,1,1071.0,582.0,75.0,171.0,1,1,1.0
631,1,1069.0,583.0,77.0,171.0,1,1,1.0
632,1,1067.0,583.0,78.0,172.0,1,1,1.0
633,1,1067.0,583.0,78.0,173.0,1,1,1.0
634,1,1067.0,582.0,75.0,173.0,1,1,1.0
635,1,1067.0,582.0,67.0,174.0,1,1,1.0
636,1,1066.0,582.0,58.0,174.0,1,1,1.0
637,1,1063.0,581.0,55.0,175.0,1,1,1.0
638,1,1060.0,581.0,57.0,176.0,1,1,1.0
639,1,1056.0,582.0,60.0,178.0,1,1,1.0
640,1,1049.0,582.0,66.0,180.0,1,1,1.0
641,1,1038.0,584.0,75.0,180.0,1,1,1.0
642,1,1029.0,585.0,80.0,180.0,1,1,1.0
643,1,1024.0,586.0,81.0,179.0,1,1,1.0
644,1,1022.0,587.0,77.0,179.0,1,1,1.0
645,1,1021.0,587.0,72.0,179.0,1,1,1.0
646,1,1021.0,586.0,63.0,180.0,1,1,1.0
647,1,1021.0,586.0,54.0,181.0,1,1,1.0
648,1,1017.0,585.0,49.0,181.0,1,1,1.0
649,1,1011.0,585.0,50.0,182.0,1,1,1.0
650,1,1004.0,585.0,52.0,182.0,1,1,1.0
651,1,991.0,585.0,60.0,181.0,1,1,1.0
652,1,977.0,585.0,73.0,182.0,1,1,1.0
653,1,966.0,587.0,83.0,182.0,1,1,1.0
654,1,960.0,588.0,88.0,181.0,1,1,1.0
655,1,957.0,589.0,91.0,181.0,1,1,1.0
656,1,956.0,590.0,92.0,181.0,1,1,1.0
657,1,955.0,590.0,92.0,181.0,1,1,1.0
658,1,955.0,590.0,85.0,181.0,1,1,1.0
659,1,954.0,590.0,75.0,182.0,1,1,1.0
660,1,952.0,589.0,65.0,183.0,1,1,1.0
661,1,947.0,588.0,63.0,184.0,1,1,1.0
662,1,943.0,588.0,64.0,187.0,1,1,1.0
663,1,937.0,588.0,68.0,191.0,1,1,1.0
664,1,927.0,590.0,76.0,193.0,1,1,1.0
665,1,916.0,592.0,85.0,192.0,1,1,1.0
666,1,908.0,594.0,88.0,192.0,1,1,1.0
667,1,904.0,596.0,87.0,191.0,1,1,1.0
668,1,902.0,597.0,83.0,191.0,1,1,1.0
669,1,900.0,597.0,78.0,191.0,1,1,1.0
670,1,898.0,597.0,70.0,192.0,1,1,1.0
671,1,897.0,596.0,62.0,192.0,1,1,1.0
672,1,891.0,596.0,56.0,193.0,1,1,1.0
673,1,886.0,596.0,55.0,192.0,1,1,1.0
674,1,879.0,597.0,56.0,192.0,1,1,1.0
675,1,865.0,598.0,68.0,192.0,1,1,1.0
676,1,851.0,599.0,81.0,193.0,1,1,1.0
677,1,842.0,600.0,89.0,194.0,1,1,1.0
678,1,839.0,602.0,92.0,194.0,1,1,1.0
679,1,837.0,603.0,95.0,195.0,1,1,1.0
680,1,836.0,604.0,94.0,195.0,1,1,1.0
681,1,835.0,604.0,90.0,195.0,1,1,1.0
682,1,831.0,603.0,83.0,196.0,1,1,1.0
683,1,826.0,604.0,75.0,196.0,1,1,1.0
684,1,820.0,603.0,71.0,196.0,1,1,1.0
685,1,815.0,604.0,74.0,197.0,1,1,1.0
686,1,808.0,604.0,79.0,200.0,1,1,1.0
687,1,801.0,606.0,85.0,202.0,1,1,1.0
688,1,789.0,607.0,94.0,203.0,1,1,1.0
689,1,780.0,609.0,98.0,202.0,1,1,1.0
690,1,776.0,610.0,96.0,202.0,1,1,1.0
691,1,773.0,611.0,95.0,202.0,1,1,1.0
692,1,770.0,611.0,92.0,202.0,1,1,1.0
693,1,765.0,611.0,85.0,202.0,1,1,1.0
694,1,760.0,611.0,78.0,202.0,1,1,1.0
695,1,756.0,611.0,68.0,202.0,1,1,1.0
696,1,751.0,611.0,63.0,202.0,1,1,1.0
697,1,746.0,611.0,62.0,202.0,1,1,1.0
698,1,732.0,612.0,74.0,203.0,1,1,1.0
699,1,718.0,613.0,87.0,204.0,1,1,1.0
700,1,707.0,615.0,97.0,206.0,1,1,1.0
701,1,704.0,616.0,101.0,206.0,1,1,1.0
702,1,701.0,618.0,104.0,206.0,1,1,1.0
703,1,700.0,618.0,104.0,207.0,1,1,1.0
704,1,699.0,619.0,101.0,206.0,1,1,1.0
705,1,694.0,619.0,95.0,206.0,1,1,1.0
706,1,689.0,618.0,85.0,207.0,1,1,1.0
707,1,684.0,619.0,77.0,207.0,1,1,1.0
708,1,678.0,619.0,80.0,208.0,1,1,1.0
709,1,673.0,620.0,84.0,211.0,1,1,1.0
710,1,668.0,620.0,88.0,215.0,1,1,1.0
711,1,654.0,622.0,100.0,215.0,1,1,1.0
712,1,643.0,624.0,106.0,214.0,1,1,1.0
713,1,636.0,625.0,106.0,214.0,1,1,1.0
714,1,633.0,626.0,104.0,214.0,1,1,1.0
715,1,631.0,627.0,101.0,214.0,1,1,1.0
716,1,626.0,627.0,97.0,214.0,1,1,1.0
717,1,621.0,627.0,89.0,214.0,1,1,1.0
718,1,616.0,627.0,81.0,214.0,1,1,1.0
719,1,611.0,627.0,71.0,214.0,1,1,1.0
720,1,606.0,627.0,68.0,214.0,1,1,1.0
721,1,600.0,627.0,69.0,213.0,1,1,1.0
722,1,583.0,629.0,85.0,214.0,1,1,1.0
723,1,569.0,631.0,98.0,214.0,1,1,1.0
724,1,561.0,632.0,106.0,215.0,1,1,1.0
725,1,557.0,634.0,109.0,215.0,1,1,1.0
726,1,555.0,635.0,111.0,216.0,1,1,1.0
727,1,554.0,636.0,111.0,216.0,1,1,1.0
728,1,550.0,636.0,108.0,216.0,1,1,1.0
729,1,543.0,636.0,102.0,217.0,1,1,1.0
730,1,536.0,635.0,93.0,217.0,1,1,1.0
731,1,528.0,635.0,88.0,218.0,1,1,1.0
732,1,522.0,636.0,90.0,221.0,1,1,1.0
733,1,515.0,638.0,93.0,224.0,1,1,1.0
734,1,510.0,639.0,94.0,225.0,1,1,1.0
735,1,497.0,641.0,102.0,225.0,1,1,1.0
736,1,489.0,643.0,105.0,226.0,1,1,1.0
737,1,483.0,645.0,108.0,226.0,1,1,1.0
738,1,479.0,647.0,110.0,225.0,1,1,1.0
739,1,480.0,647.0,105.0,225.0,1,1,1.0
740,1,480.0,647.0,93.0,225.0,1,1,1.0
741,1,476.0,647.0,84.0,226.0,1,1,1.0
742,1,463.0,647.0,83.0,226.0,1,1,1.0
743,1,461.0,646.0,67.0,225.0,1,1,1.0
744,1,454.0,647.0,66.0,225.0,1,1,1.0
745,1,441.0,648.0,77.0,224.0,1,1,1.0
746,1,423.0,649.0,94.0,223.0,1,1,1.0
747,1,409.0,651.0,108.0,222.0,1,1,1.0
748,1,401.0,653.0,115.0,222.0,1,1,1.0
749,1,397.0,654.0,119.0,222.0,1,1,1.0
750,1,396.0,655.0,119.0,222.0,1,1,1.0
751,1,394.0,656.0,114.0,222.0,1,1,1.0
752,1,393.0,655.0,100.0,222.0,1,1,1.0
753,1,385.0,655.0,91.0,223.0,1,1,1.0
754,1,370.0,655.0,88.0,223.0,1,1,1.0
756,1,363.0,656.0,82.0,227.0,1,1,1.0
757,1,350.0,657.0,91.0,231.0,1,1,1.0
758,1,336.0,659.0,100.0,231.0,1,1,1.0
759,1,325.0,661.0,107.0,231.0,1,1,1.0
760,1,320.0,663.0,111.0,232.0,1,1,1.0
761,1,319.0,665.0,111.0,231.0,1,1,1.0
762,1,318.0,666.0,105.0,230.0,1,1,1.0
763,1,316.0,666.0,93.0,230.0,1,1,1.0
764,1,311.0,665.0,83.0,231.0,1,1,1.0
765,1,305.0,665.0,72.0,231.0,1,1,1.0
766,1,297.0,665.0,63.0,232.0,1,1,1.0
767,1,289.0,665.0,66.0,231.0,1,1,1.0
768,1,275.0,666.0,79.0,230.0,1,1,1.0
769,1,258.0,668.0,95.0,230.0,1,1,1.0
770,1,245.0,671.0,108.0,230.0,1,1,1.0
771,1,238.0,673.0,115.0,231.0,1,1,1.0
772,1,234.0,674.0,119.0,232.0,1,1,1.0
773,1,232.0,676.0,121.0,233.0,1,1,1.0
774,1,232.0,676.0,118.0,234.0,1,1,1.0
775,1,230.0,675.0,109.0,234.0,1,1,1.0
776,1,227.0,674.0,97.0,235.0,1,1,1.0
777,1,221.0,674.0,86.0,236.0,1,1,1.0
778,1,216.0,674.0,74.0,236.0,1,1,1.0
779,1,209.0,674.0,67.0,235.0,1,1,1.0
780,1,200.0,674.0,71.0,235.0,1,1,1.0
781,1,191.0,675.0,77.0,234.0,1,1,1.0
782,1,182.0,676.0,86.0,234.0,1,1,1.0
783,1,175.0,677.0,93.0,232.0,1,1,1.0
784,1,167.0,678.0,101.0,231.0,1,1,1.0
785,1,157.0,679.0,111.0,230.0,1,1,1.0
786,1,148.0,681.0,120.0,228.0,1,1,1.0
787,1,145.0,684.0,124.0,231.0,1,1,1.0
788,1,148.0,686.0,120.0,239.0,1,1,1.0
789,1,151.0,688.0,118.0,242.0,1,1,1.0
790,1,149.0,689.0,119.0,242.0,1,1,1.0
791,1,143.0,689.0,122.0,242.0,1,1,1.0
792,1,137.0,689.0,118.0,243.0,1,1,1.0
793,1,131.0,688.0,117.0,243.0,1,1,1.0
794,1,125.0,688.0,111.0,243.0,1,1,1.0
796,1,116.0,690.0,87.0,241.0,1,1,1.0
798,1,109.0,693.0,81.0,238.0,1,1,1.0
799,1,105.0,695.0,83.0,236.0,1,1,1.0
800,1,101.0,697.0,86.0,234.0,1,1,1.0
801,1,96.0,699.0,92.0,231.0,1,1,1.0
802,1,87.0,701.0,101.0,234.0,1,1,1.0
803,1,85.0,704.0,103.0,240.0,1,1,1.0
804,1,80.0,705.0,107.0,243.0,1,1,1.0
805,1,74.0,707.0,108.0,242.0,1,1,1.0
806,1,69.0,711.0,102.0,239.0,1,1,1.0
807,1,63.0,707.0,98.0,243.0,1,1,1.0
808,1,58.0,707.0,91.0,242.0,1,1,1.0
809,1,53.0,707.0,82.0,245.0,1,1,1.0
810,1,49.0,708.0,72.0,251.0,1,1,1.0
