1,1,1128.0,601.0,135.0,314.0,1,1,1.0
2,1,1129.0,597.0,131.0,319.0,1,1,1.0
3,1,1129.0,594.0,128.0,322.0,1,1,1.0
4,1,1131.0,590.0,123.0,325.0,1,1,1.0
5,1,1132.0,587.0,118.0,321.0,1,1,1.0
6,1,1133.0,583.0,111.0,313.0,1,1,1.0
7,1,1132.0,576.0,107.0,305.0,1,1,1.0
8,1,1127.0,571.0,110.0,294.0,1,1,1.0
9,1,1119.0,566.0,117.0,286.0,1,1,1.0
10,1,1113.0,562.0,121.0,286.0,1,1,1.0
11,1,1113.0,560.0,120.0,286.0,1,1,1.0
12,1,1115.0,560.0,117.0,286.0,1,1,1.0
13,1,1118.0,559.0,114.0,287.0,1,1,1.0
14,1,1121.0,560.0,109.0,286.0,1,1,1.0
15,1,1121.0,561.0,108.0,285.0,1,1,1.0
16,1,1122.0,561.0,106.0,281.0,1,1,1.0
17,1,1122.0,559.0,106.0,273.0,1,1,1.0
18,1,1122.0,557.0,106.0,264.0,1,1,1.0
19,1,1124.0,553.0,104.0,251.0,1,1,1.0
20,1,1125.0,549.0,103.0,246.0,1,1,1.0
21,1,1121.0,544.0,106.0,247.0,1,1,1.0
22,1,1119.0,539.0,107.0,252.0,1,1,1.0
23,1,1118.0,536.0,108.0,255.0,1,1,1.0
24,1,1118.0,533.0,108.0,257.0,1,1,1.0
25,1,1119.0,532.0,107.0,259.0,1,1,1.0
26,1,1121.0,530.0,101.0,262.0,1,1,1.0
27,1,1121.0,526.0,95.0,264.0,1,1,1.0
28,1,1119.0,523.0,93.0,258.0,1,1,1.0
29,1,1117.0,519.0,92.0,253.0,1,1,1.0
30,1,1112.0,514.0,95.0,245.0,1,1,1.0
31,1,1107.0,509.0,99.0,238.0,1,1,1.0
32,1,1106.0,505.0,99.0,237.0,1,1,1.0
33,1,1108.0,501.0,96.0,238.0,1,1,1.0
34,1,1111.0,499.0,93.0,240.0,1,1,1.0
35,1,1111.0,497.0,90.0,243.0,1,1,1.0
36,1,1111.0,495.0,90.0,245.0,1,1,1.0
37,1,1111.0,493.0,88.0,247.0,1,1,1.0
38,1,1111.0,491.0,88.0,248.0,1,1,1.0
39,1,1113.0,490.0,87.0,244.0,1,1,1.0
40,1,1113.0,488.0,87.0,239.0,1,1,1.0
41,1,1110.0,485.0,90.0,231.0,1,1,1.0
42,1,1108.0,481.0,92.0,223.0,1,1,1.0
43,1,1108.0,477.0,92.0,223.0,1,1,1.0
44,1,1107.0,472.0,93.0,226.0,1,1,1.0
45,1,1103.0,468.0,96.0,229.0,1,1,1.0
46,1,1101.0,466.0,96.0,232.0,1,1,1.0
47,1,1101.0,466.0,94.0,232.0,1,1,1.0
48,1,1101.0,466.0,91.0,233.0,1,1,1.0
49,1,1102.0,464.0,86.0,234.0,1,1,1.0
50,1,1103.0,462.0,83.0,233.0,1,1,1.0
51,1,1103.0,459.0,79.0,230.0,1,1,1.0
52,1,1102.0,456.0,76.0,225.0,1,1,1.0
53,1,1098.0,453.0,78.0,218.0,1,1,1.0
54,1,1093.0,450.0,81.0,215.0,1,1,1.0
55,1,1089.0,447.0,84.0,215.0,1,1,1.0
56,1,1088.0,445.0,85.0,216.0,1,1,1.0
57,1,1088.0,443.0,84.0,217.0,1,1,1.0
58,1,1089.0,443.0,82.0,218.0,1,1,1.0
59,1,1091.0,443.0,80.0,217.0,1,1,1.0
60,1,1091.0,443.0,79.0,218.0,1,1,1.0
61,1,1092.0,443.0,77.0,212.0,1,1,1.0
62,1,1092.0,442.0,77.0,206.0,1,1,1.0
63,1,1091.0,439.0,78.0,201.0,1,1,1.0
64,1,1091.0,437.0,79.0,194.0,1,1,1.0
65,1,1091.0,434.0,78.0,193.0,1,1,1.0
66,1,1091.0,430.0,78.0,195.0,1,1,1.0
67,1,1090.0,427.0,78.0,197.0,1,1,1.0
68,1,1088.0,426.0,79.0,199.0,1,1,1.0
69,1,1087.0,424.0,78.0,201.0,1,1,1.0
70,1,1087.0,422.0,76.0,202.0,1,1,1.0
71,1,1087.0,421.0,73.0,204.0,1,1,1.0
72,1,1087.0,419.0,69.0,203.0,1,1,1.0
73,1,1086.0,416.0,67.0,202.0,1,1,1.0
74,1,1082.0,413.0,68.0,197.0,1,1,1.0
75,1,1077.0,409.0,72.0,192.0,1,1,1.0
76,1,1073.0,405.0,76.0,191.0,1,1,1.0
77,1,1071.0,403.0,77.0,192.0,1,1,1.0
78,1,1071.0,401.0,76.0,193.0,1,1,1.0
79,1,1072.0,400.0,73.0,193.0,1,1,1.0
80,1,1074.0,400.0,71.0,194.0,1,1,1.0
81,1,1073.0,401.0,70.0,193.0,1,1,1.0
82,1,1072.0,401.0,70.0,193.0,1,1,1.0
83,1,1073.0,400.0,69.0,194.0,1,1,1.0
84,1,1073.0,399.0,67.0,190.0,1,1,1.0
85,1,1073.0,397.0,67.0,186.0,1,1,1.0
86,1,1072.0,394.0,68.0,181.0,1,1,1.0
87,1,1071.0,390.0,68.0,179.0,1,1,1.0
88,1,1071.0,387.0,68.0,179.0,1,1,1.0
89,1,1070.0,384.0,68.0,182.0,1,1,1.0
90,1,1067.0,383.0,70.0,183.0,1,1,1.0
91,1,1066.0,381.0,71.0,184.0,1,1,1.0
92,1,1066.0,380.0,70.0,185.0,1,1,1.0
93,1,1066.0,380.0,67.0,186.0,1,1,1.0
94,1,1066.0,380.0,64.0,186.0,1,1,1.0
95,1,1065.0,378.0,62.0,184.0,1,1,1.0
96,1,1064.0,377.0,61.0,182.0,1,1,1.0
97,1,1062.0,375.0,62.0,176.0,1,1,1.0
98,1,1058.0,373.0,65.0,171.0,1,1,1.0
99,1,1055.0,371.0,67.0,171.0,1,1,1.0
100,1,1053.0,369.0,68.0,173.0,1,1,1.0
101,1,1054.0,368.0,66.0,173.0,1,1,1.0
102,1,1054.0,367.0,64.0,173.0,1,1,1.0
103,1,1055.0,368.0,62.0,173.0,1,1,1.0
104,1,1055.0,368.0,62.0,173.0,1,1,1.0
105,1,1055.0,368.0,61.0,173.0,1,1,1.0
106,1,1054.0,368.0,62.0,172.0,1,1,1.0
107,1,1054.0,367.0,62.0,170.0,1,1,1.0
108,1,1054.0,365.0,62.0,165.0,1,1,1.0
109,1,1053.0,363.0,63.0,161.0,1,1,1.0
110,1,1053.0,359.0,63.0,161.0,1,1,1.0
111,1,1052.0,355.0,63.0,164.0,1,1,1.0
112,1,1051.0,351.0,64.0,168.0,1,1,1.0
113,1,1049.0,348.0,65.0,171.0,1,1,1.0
114,1,1048.0,346.0,64.0,173.0,1,1,1.0
115,1,1049.0,345.0,62.0,174.0,1,1,1.0
116,1,1049.0,343.0,60.0,176.0,1,1,1.0
117,1,1049.0,342.0,58.0,177.0,1,1,1.0
118,1,1048.0,341.0,56.0,176.0,1,1,1.0
119,1,1047.0,339.0,55.0,175.0,1,1,1.0
120,1,1045.0,336.0,57.0,172.0,1,1,1.0
121,1,1044.0,334.0,57.0,168.0,1,1,1.0
122,1,1041.0,332.0,59.0,168.0,1,1,1.0
123,1,1041.0,331.0,59.0,168.0,1,1,1.0
124,1,1040.0,331.0,59.0,168.0,1,1,1.0
125,1,1040.0,330.0,59.0,169.0,1,1,1.0
126,1,1040.0,330.0,58.0,169.0,1,1,1.0
127,1,1040.0,330.0,58.0,169.0,1,1,1.0
128,1,1040.0,330.0,58.0,169.0,1,1,1.0
129,1,1040.0,329.0,58.0,168.0,1,1,1.0
130,1,1041.0,328.0,57.0,167.0,1,1,1.0
131,1,1042.0,326.0,55.0,164.0,1,1,1.0
132,1,1043.0,324.0,54.0,162.0,1,1,1.0
133,1,1044.0,322.0,54.0,163.0,1,1,1.0
134,1,1044.0,321.0,54.0,162.0,1,1,1.0
135,1,1044.0,321.0,54.0,163.0,1,1,1.0
136,1,1044.0,320.0,54.0,163.0,1,1,1.0
137,1,1044.0,321.0,55.0,163.0,1,1,1.0
138,1,1043.0,321.0,55.0,163.0,1,1,1.0
139,1,1042.0,321.0,55.0,163.0,1,1,1.0
140,1,1040.0,320.0,55.0,162.0,1,1,1.0
141,1,1038.0,320.0,55.0,160.0,1,1,1.0
142,1,1037.0,318.0,55.0,157.0,1,1,1.0
143,1,1035.0,316.0,55.0,154.0,1,1,1.0
144,1,1035.0,314.0,55.0,155.0,1,1,1.0
145,1,1035.0,312.0,55.0,156.0,1,1,1.0
146,1,1034.0,311.0,55.0,157.0,1,1,1.0
147,1,1035.0,311.0,54.0,157.0,1,1,1.0
148,1,1034.0,311.0,55.0,156.0,1,1,1.0
149,1,1033.0,312.0,54.0,156.0,1,1,1.0
150,1,1033.0,312.0,54.0,156.0,1,1,1.0
151,1,1033.0,312.0,54.0,155.0,1,1,1.0
152,1,1036.0,312.0,51.0,154.0,1,1,1.0
153,1,1037.0,312.0,50.0,150.0,1,1,1.0
154,1,1037.0,311.0,50.0,147.0,1,1,1.0
155,1,1036.0,310.0,51.0,146.0,1,1,1.0
156,1,1036.0,309.0,51.0,145.0,1,1,1.0
157,1,1035.0,309.0,51.0,146.0,1,1,1.0
158,1,1034.0,308.0,52.0,146.0,1,1,1.0
159,1,1034.0,309.0,52.0,146.0,1,1,1.0
160,1,1033.0,309.0,52.0,145.0,1,1,1.0
161,1,1033.0,310.0,51.0,145.0,1,1,1.0
162,1,1032.0,310.0,50.0,144.0,1,1,1.0
163,1,1031.0,310.0,49.0,142.0,1,1,1.0
164,1,1029.0,309.0,49.0,140.0,1,1,1.0
165,1,1027.0,308.0,51.0,136.0,1,1,1.0
166,1,1024.0,307.0,53.0,134.0,1,1,1.0
167,1,1023.0,305.0,54.0,135.0,1,1,1.0
168,1,1024.0,304.0,53.0,136.0,1,1,1.0
169,1,1026.0,304.0,51.0,136.0,1,1,1.0
170,1,1025.0,304.0,51.0,136.0,1,1,1.0
171,1,1024.0,304.0,52.0,136.0,1,1,1.0
172,1,1024.0,305.0,51.0,135.0,1,1,1.0
173,1,1023.0,305.0,51.0,134.0,1,1,1.0
174,1,1026.0,306.0,49.0,132.0,1,1,1.0
175,1,1027.0,306.0,48.0,129.0,1,1,1.0
176,1,1027.0,306.0,48.0,125.0,1,1,1.0
177,1,1027.0,305.0,47.0,125.0,1,1,1.0
178,1,1027.0,304.0,47.0,125.0,1,1,1.0
179,1,1027.0,303.0,47.0,126.0,1,1,1.0
180,1,1026.0,303.0,48.0,126.0,1,1,1.0
181,1,1026.0,302.0,48.0,127.0,1,1,1.0
182,1,1025.0,301.0,48.0,128.0,1,1,1.0
183,1,1024.0,301.0,49.0,128.0,1,1,1.0
184,1,1023.0,299.0,50.0,129.0,1,1,1.0
185,1,1022.0,298.0,49.0,129.0,1,1,1.0
186,1,1020.0,297.0,47.0,127.0,1,1,1.0
187,1,1019.0,295.0,47.0,125.0,1,1,1.0
188,1,1017.0,291.0,48.0,126.0,1,1,1.0
189,1,1017.0,288.0,48.0,129.0,1,1,1.0
190,1,1017.0,286.0,47.0,130.0,1,1,1.0
191,1,1018.0,285.0,47.0,131.0,1,1,1.0
192,1,1017.0,284.0,46.0,132.0,1,1,1.0
193,1,1016.0,285.0,46.0,132.0,1,1,1.0
194,1,1015.0,286.0,47.0,131.0,1,1,1.0
195,1,1014.0,286.0,47.0,131.0,1,1,1.0
196,1,1015.0,286.0,46.0,129.0,1,1,1.0
197,1,1016.0,286.0,45.0,128.0,1,1,1.0
198,1,1016.0,285.0,44.0,125.0,1,1,1.0
199,1,1015.0,284.0,45.0,124.0,1,1,1.0
200,1,1015.0,283.0,44.0,124.0,1,1,1.0
201,1,1014.0,281.0,44.0,126.0,1,1,1.0
202,1,1013.0,280.0,45.0,127.0,1,1,1.0
203,1,1011.0,279.0,46.0,127.0,1,1,1.0
204,1,1011.0,279.0,46.0,127.0,1,1,1.0
205,1,1010.0,280.0,44.0,126.0,1,1,1.0
206,1,1010.0,281.0,43.0,126.0,1,1,1.0
207,1,1009.0,281.0,41.0,124.0,1,1,1.0
208,1,1008.0,280.0,41.0,124.0,1,1,1.0
209,1,1007.0,279.0,42.0,121.0,1,1,1.0
210,1,1005.0,277.0,43.0,121.0,1,1,1.0
211,1,1005.0,275.0,42.0,122.0,1,1,1.0
212,1,1003.0,274.0,44.0,122.0,1,1,1.0
213,1,1005.0,274.0,43.0,122.0,1,1,1.0
214,1,999.0,274.0,49.0,122.0,1,1,1.0
215,1,998.0,274.0,48.0,122.0,1,1,1.0
216,1,998.0,275.0,48.0,121.0,1,1,1.0
217,1,999.0,275.0,48.0,121.0,1,1,1.0
219,1,1001.0,276.0,45.0,118.0,1,1,1.0
220,1,1001.0,276.0,43.0,115.0,1,1,1.0
221,1,1000.0,275.0,44.0,114.0,1,1,1.0
222,1,999.0,274.0,44.0,114.0,1,1,1.0
223,1,999.0,272.0,44.0,115.0,1,1,1.0
224,1,999.0,271.0,44.0,116.0,1,1,1.0
225,1,999.0,270.0,43.0,118.0,1,1,1.0
226,1,1000.0,269.0,42.0,119.0,1,1,1.0
227,1,1000.0,268.0,40.0,119.0,1,1,1.0
228,1,1000.0,268.0,40.0,120.0,1,1,1.0
229,1,999.0,267.0,40.0,118.0,1,1,1.0
230,1,999.0,266.0,40.0,117.0,1,1,1.0
231,1,998.0,264.0,41.0,116.0,1,1,1.0
232,1,998.0,263.0,41.0,116.0,1,1,1.0
233,1,998.0,263.0,42.0,116.0,1,1,1.0
234,1,997.0,262.0,42.0,116.0,1,1,1.0
235,1,998.0,263.0,41.0,116.0,1,1,1.0
236,1,999.0,263.0,41.0,115.0,1,1,1.0
237,1,1001.0,264.0,39.0,114.0,1,1,1.0
238,1,1001.0,266.0,38.0,113.0,1,1,1.0
239,1,1001.0,267.0,38.0,111.0,1,1,1.0
240,1,1001.0,267.0,38.0,110.0,1,1,1.0
241,1,1002.0,267.0,38.0,107.0,1,1,1.0
242,1,1001.0,266.0,38.0,107.0,1,1,1.0
243,1,1001.0,265.0,39.0,108.0,1,1,1.0
244,1,1000.0,264.0,40.0,108.0,1,1,1.0
245,1,1000.0,264.0,40.0,108.0,1,1,1.0
246,1,1000.0,264.0,40.0,108.0,1,1,1.0
247,1,1001.0,263.0,40.0,108.0,1,1,1.0
248,1,1001.0,264.0,39.0,108.0,1,1,1.0
249,1,1001.0,265.0,40.0,107.0,1,1,1.0
250,1,1000.0,266.0,41.0,105.0,1,1,1.0
251,1,1000.0,267.0,41.0,103.0,1,1,1.0
252,1,999.0,267.0,42.0,101.0,1,1,1.0
253,1,996.0,266.0,44.0,99.0,1,1,1.0
254,1,994.0,265.0,46.0,100.0,1,1,1.0
255,1,992.0,264.0,48.0,100.0,1,1,1.0
256,1,993.0,264.0,47.0,100.0,1,1,1.0
257,1,994.0,264.0,46.0,100.0,1,1,1.0
258,1,996.0,264.0,44.0,99.0,1,1,1.0
259,1,997.0,264.0,41.0,99.0,1,1,1.0
260,1,997.0,265.0,38.0,99.0,1,1,1.0
261,1,997.0,265.0,36.0,98.0,1,1,1.0
262,1,997.0,265.0,36.0,98.0,1,1,1.0
263,1,996.0,264.0,38.0,97.0,1,1,1.0
264,1,995.0,263.0,40.0,96.0,1,1,1.0
265,1,994.0,261.0,41.0,97.0,1,1,1.0
266,1,993.0,259.0,43.0,98.0,1,1,1.0
267,1,993.0,257.0,42.0,99.0,1,1,1.0
268,1,992.0,256.0,40.0,99.0,1,1,1.0
269,1,991.0,257.0,39.0,100.0,1,1,1.0
270,1,990.0,257.0,38.0,100.0,1,1,1.0
271,1,990.0,256.0,37.0,100.0,1,1,1.0
272,1,989.0,256.0,37.0,101.0,1,1,1.0
273,1,989.0,258.0,36.0,99.0,1,1,1.0
274,1,989.0,258.0,35.0,98.0,1,1,1.0
275,1,988.0,258.0,35.0,97.0,1,1,1.0
276,1,987.0,257.0,35.0,95.0,1,1,1.0
277,1,987.0,256.0,35.0,94.0,1,1,1.0
278,1,987.0,256.0,35.0,94.0,1,1,1.0
279,1,987.0,255.0,34.0,94.0,1,1,1.0
280,1,987.0,255.0,34.0,94.0,1,1,1.0
281,1,987.0,256.0,34.0,93.0,1,1,1.0
282,1,985.0,256.0,35.0,93.0,1,1,1.0
283,1,984.0,256.0,36.0,92.0,1,1,1.0
284,1,984.0,257.0,36.0,91.0,1,1,1.0
286,1,985.0,258.0,34.0,90.0,1,1,1.0
287,1,986.0,258.0,33.0,89.0,1,1,1.0
288,1,986.0,257.0,33.0,89.0,1,1,1.0
289,1,985.0,254.0,33.0,91.0,1,1,1.0
290,1,985.0,252.0,34.0,92.0,1,1,1.0
291,1,985.0,251.0,34.0,93.0,1,1,1.0
292,1,985.0,249.0,34.0,95.0,1,1,1.0
293,1,985.0,248.0,33.0,96.0,1,1,1.0
294,1,986.0,248.0,33.0,96.0,1,1,1.0
295,1,986.0,248.0,33.0,96.0,1,1,1.0
296,1,986.0,249.0,34.0,96.0,1,1,1.0
297,1,986.0,249.0,33.0,96.0,1,1,1.0
298,1,985.0,249.0,34.0,96.0,1,1,1.0
299,1,985.0,249.0,34.0,94.0,1,1,1.0
300,1,985.0,249.0,33.0,92.0,1,1,1.0
301,1,986.0,250.0,32.0,90.0,1,1,1.0
302,1,986.0,249.0,32.0,90.0,1,1,1.0
303,1,986.0,249.0,32.0,91.0,1,1,1.0
304,1,986.0,248.0,36.0,91.0,1,1,1.0
305,1,986.0,248.0,39.0,92.0,1,1,1.0
315,2,1016.0,250.0,31.0,90.0,1,1,1.0
316,2,1016.0,249.0,35.0,91.0,1,1,1.0
317,2,1015.0,248.0,43.0,91.0,1,1,1.0
318,2,1015.0,248.0,49.0,91.0,1,1,1.0
319,2,1016.0,249.0,53.0,91.0,1,1,1.0
320,2,1016.0,249.0,55.0,91.0,1,1,1.0
321,2,1018.0,249.0,52.0,91.0,1,1,1.0
322,2,1022.0,249.0,48.0,91.0,1,1,1.0
323,2,1027.0,250.0,43.0,91.0,1,1,1.0
324,2,1034.0,250.0,38.0,90.0,1,1,1.0
325,2,1042.0,251.0,34.0,90.0,1,1,1.0
326,2,1047.0,249.0,34.0,93.0,1,1,1.0
327,2,1050.0,251.0,33.0,92.0,1,1,1.0
328,2,1051.0,253.0,35.0,90.0,1,1,1.0
329,2,1051.0,254.0,42.0,88.0,1,1,1.0
330,2,1052.0,254.0,44.0,88.0,1,1,1.0
331,2,1052.0,254.0,46.0,89.0,1,1,1.0
332,2,1054.0,253.0,44.0,92.0,1,1,1.0
333,2,1057.0,253.0,42.0,93.0,1,1,1.0
334,2,1062.0,253.0,40.0,94.0,1,1,1.0
335,2,1065.0,253.0,37.0,94.0,1,1,1.0
336,2,1067.0,254.0,35.0,93.0,1,1,1.0
337,2,1072.0,255.0,32.0,92.0,1,1,1.0
338,2,1075.0,255.0,31.0,92.0,1,1,1.0
339,2,1076.0,256.0,36.0,93.0,1,1,1.0
340,2,1077.0,255.0,41.0,95.0,1,1,1.0
341,2,1078.0,248.0,43.0,104.0,1,1,1.0
343,2,1079.0,256.0,42.0,97.0,1,1,1.0
344,2,1081.0,259.0,41.0,94.0,1,1,1.0
345,2,1084.0,257.0,39.0,96.0,1,1,1.0
346,2,1088.0,257.0,38.0,96.0,1,1,1.0
347,2,1092.0,258.0,40.0,95.0,1,1,1.0
348,2,1097.0,258.0,40.0,95.0,1,1,1.0
349,2,1101.0,259.0,41.0,96.0,1,1,1.0
350,2,1102.0,259.0,43.0,98.0,1,1,1.0
351,2,1104.0,260.0,44.0,97.0,1,1,1.0
352,2,1105.0,261.0,43.0,95.0,1,1,1.0
353,2,1106.0,261.0,43.0,95.0,1,1,1.0
354,2,1108.0,262.0,42.0,96.0,1,1,1.0
355,2,1110.0,263.0,41.0,97.0,1,1,1.0
356,2,1113.0,264.0,39.0,97.0,1,1,1.0
357,2,1114.0,264.0,36.0,97.0,1,1,1.0
358,2,1117.0,264.0,33.0,97.0,1,1,1.0
359,2,1118.0,265.0,33.0,97.0,1,1,1.0
360,2,1119.0,265.0,33.0,97.0,1,1,1.0
361,2,1120.0,267.0,38.0,96.0,1,1,1.0
362,2,1120.0,270.0,42.0,95.0,1,1,1.0
363,2,1120.0,274.0,44.0,92.0,1,1,1.0
364,2,1120.0,277.0,44.0,90.0,1,1,1.0
365,2,1121.0,278.0,43.0,90.0,1,1,1.0
366,2,1123.0,278.0,42.0,90.0,1,1,1.0
367,2,1126.0,277.0,42.0,91.0,1,1,1.0
368,2,1130.0,275.0,42.0,94.0,1,1,1.0
369,2,1135.0,272.0,41.0,96.0,1,1,1.0
370,2,1140.0,270.0,42.0,98.0,1,1,1.0
371,2,1144.0,268.0,42.0,101.0,1,1,1.0
372,2,1147.0,267.0,42.0,104.0,1,1,1.0
373,2,1149.0,267.0,43.0,103.0,1,1,1.0
374,2,1149.0,267.0,43.0,103.0,1,1,1.0
375,2,1150.0,268.0,44.0,105.0,1,1,1.0
376,2,1150.0,269.0,43.0,107.0,1,1,1.0
377,2,1152.0,269.0,45.0,107.0,1,1,1.0
378,2,1157.0,270.0,43.0,107.0,1,1,1.0
379,2,1160.0,269.0,39.0,108.0,1,1,1.0
380,2,1163.0,269.0,35.0,107.0,1,1,1.0
381,2,1165.0,270.0,34.0,106.0,1,1,1.0
382,2,1166.0,270.0,34.0,106.0,1,1,1.0
383,2,1168.0,271.0,35.0,107.0,1,1,1.0
384,2,1168.0,271.0,41.0,108.0,1,1,1.0
385,2,1168.0,272.0,46.0,108.0,1,1,1.0
386,2,1168.0,273.0,49.0,108.0,1,1,1.0
387,2,1168.0,275.0,50.0,107.0,1,1,1.0
388,2,1169.0,274.0,50.0,109.0,1,1,1.0
389,2,1172.0,275.0,47.0,108.0,1,1,1.0
390,2,1176.0,274.0,45.0,109.0,1,1,1.0
391,2,1182.0,275.0,42.0,109.0,1,1,1.0
392,2,1189.0,274.0,41.0,109.0,1,1,1.0
393,2,1193.0,274.0,40.0,110.0,1,1,1.0
394,2,1197.0,274.0,38.0,112.0,1,1,1.0
395,2,1200.0,275.0,38.0,113.0,1,1,1.0
396,2,1201.0,277.0,38.0,111.0,1,1,1.0
397,2,1202.0,277.0,40.0,112.0,1,1,1.0
398,2,1202.0,277.0,42.0,113.0,1,1,1.0
399,2,1202.0,278.0,43.0,113.0,1,1,1.0
400,2,1205.0,278.0,46.0,113.0,1,1,1.0
401,2,1210.0,279.0,43.0,113.0,1,1,1.0
402,2,1214.0,279.0,40.0,112.0,1,1,1.0
403,2,1217.0,279.0,37.0,113.0,1,1,1.0
404,2,1219.0,279.0,35.0,112.0,1,1,1.0
405,2,1220.0,280.0,36.0,111.0,1,1,1.0
407,2,1220.0,281.0,44.0,113.0,1,1,1.0
408,2,1221.0,278.0,51.0,119.0,1,1,1.0
409,2,1221.0,281.0,53.0,117.0,1,1,1.0
410,2,1221.0,284.0,53.0,116.0,1,1,1.0
411,2,1223.0,285.0,52.0,117.0,1,1,1.0
412,2,1227.0,285.0,51.0,122.0,1,1,1.0
413,2,1232.0,285.0,51.0,123.0,1,1,1.0
414,2,1238.0,285.0,47.0,125.0,1,1,1.0
415,2,1244.0,284.0,46.0,121.0,1,1,1.0
416,2,1250.0,285.0,44.0,119.0,1,1,1.0
417,2,1253.0,285.0,37.0,119.0,1,1,1.0
418,2,1255.0,286.0,36.0,116.0,1,1,1.0
419,2,1256.0,287.0,39.0,114.0,1,1,1.0
420,2,1256.0,288.0,39.0,112.0,1,1,1.0
421,2,1256.0,289.0,44.0,115.0,1,1,1.0
422,2,1258.0,291.0,52.0,116.0,1,1,1.0
423,2,1261.0,294.0,55.0,114.0,1,1,1.0
424,2,1264.0,297.0,54.0,112.0,1,1,1.0
425,2,1270.0,300.0,47.0,109.0,1,1,1.0
426,2,1276.0,304.0,40.0,106.0,1,1,1.0
429,2,1279.0,313.0,46.0,97.0,1,1,1.0
430,2,1280.0,314.0,49.0,97.0,1,1,1.0
431,2,1280.0,314.0,52.0,98.0,1,1,1.0
432,2,1281.0,314.0,53.0,99.0,1,1,1.0
433,2,1281.0,313.0,57.0,102.0,1,1,1.0
434,2,1283.0,313.0,56.0,102.0,1,1,1.0
435,2,1287.0,312.0,53.0,103.0,1,1,1.0
436,2,1294.0,309.0,49.0,106.0,1,1,1.0
437,2,1301.0,308.0,46.0,107.0,1,1,1.0
439,2,1314.0,309.0,47.0,110.0,1,1,1.0
440,2,1318.0,309.0,50.0,112.0,1,1,1.0
441,2,1319.0,311.0,54.0,109.0,1,1,1.0
442,2,1318.0,312.0,52.0,111.0,1,1,1.0
443,2,1320.0,315.0,56.0,110.0,1,1,1.0
444,2,1321.0,314.0,56.0,111.0,1,1,1.0
445,2,1322.0,313.0,60.0,114.0,1,1,1.0
446,2,1324.0,310.0,60.0,117.0,1,1,1.0
447,2,1327.0,309.0,56.0,118.0,1,1,1.0
448,2,1339.0,307.0,43.0,120.0,1,1,1.0
449,2,1344.0,307.0,36.0,120.0,1,1,1.0
450,2,1346.0,308.0,35.0,119.0,1,1,1.0
451,2,1348.0,311.0,37.0,117.0,1,1,1.0
452,2,1352.0,314.0,39.0,114.0,1,1,1.0
456,2,1350.0,323.0,56.0,112.0,1,1,1.0
457,2,1350.0,324.0,58.0,111.0,1,1,1.0
458,2,1354.0,327.0,56.0,109.0,1,1,1.0
460,2,1365.0,329.0,48.0,106.0,1,1,1.0
461,2,1373.0,338.0,45.0,97.0,1,1,1.0
462,2,1382.0,333.0,44.0,103.0,1,1,1.0
463,2,1387.0,330.0,47.0,108.0,1,1,1.0
465,2,1389.0,332.0,57.0,110.0,1,1,1.0
469,2,1392.0,336.0,64.0,110.0,1,1,1.0
470,2,1396.0,337.0,60.0,110.0,1,1,1.0
471,2,1404.0,338.0,51.0,109.0,1,1,1.0
472,2,1412.0,337.0,39.0,110.0,1,1,1.0
473,2,1419.0,336.0,35.0,111.0,1,1,1.0
474,2,1422.0,337.0,35.0,110.0,1,1,1.0
475,2,1423.0,336.0,38.0,112.0,1,1,1.0
478,2,1424.0,344.0,56.0,110.0,1,1,1.0
479,2,1423.0,344.0,59.0,112.0,1,1,1.0
480,2,1424.0,345.0,59.0,112.0,1,1,1.0
481,2,1426.0,347.0,59.0,111.0,1,1,1.0
482,2,1432.0,346.0,55.0,112.0,1,1,1.0
483,2,1439.0,347.0,51.0,111.0,1,1,1.0
484,2,1448.0,348.0,50.0,110.0,1,1,1.0
485,2,1454.0,349.0,52.0,109.0,1,1,1.0
486,2,1459.0,349.0,54.0,112.0,1,1,1.0
487,2,1461.0,349.0,57.0,111.0,1,1,1.0
489,2,1463.0,352.0,50.0,110.0,1,1,1.0
490,2,1464.0,354.0,59.0,113.0,1,1,1.0
491,2,1464.0,356.0,63.0,112.0,1,1,1.0
492,2,1465.0,358.0,64.0,112.0,1,1,1.0
493,2,1471.0,358.0,58.0,112.0,1,1,1.0
494,2,1477.0,356.0,48.0,114.0,1,1,1.0
495,2,1483.0,352.0,42.0,117.0,1,1,1.0
496,2,1488.0,350.0,40.0,120.0,1,1,1.0
497,2,1490.0,347.0,41.0,124.0,1,1,1.0
498,2,1491.0,345.0,47.0,127.0,1,1,1.0
499,2,1491.0,345.0,55.0,129.0,1,1,1.0
500,2,1491.0,346.0,60.0,128.0,1,1,1.0
501,2,1492.0,347.0,58.0,125.0,1,1,1.0
502,2,1492.0,350.0,58.0,122.0,1,1,1.0
503,2,1492.0,352.0,62.0,125.0,1,1,1.0
504,2,1495.0,354.0,61.0,124.0,1,1,1.0
505,2,1501.0,356.0,58.0,123.0,1,1,1.0
506,2,1508.0,360.0,54.0,120.0,1,1,1.0
507,2,1517.0,365.0,50.0,115.0,1,1,1.0
508,2,1527.0,368.0,48.0,113.0,1,1,1.0
509,2,1533.0,369.0,51.0,115.0,1,1,1.0
510,2,1534.0,368.0,56.0,117.0,1,1,1.0
511,2,1535.0,369.0,60.0,120.0,1,1,1.0
512,2,1535.0,370.0,65.0,120.0,1,1,1.0
513,2,1535.0,373.0,68.0,117.0,1,1,1.0
514,2,1537.0,376.0,68.0,114.0,1,1,1.0
515,2,1542.0,379.0,64.0,112.0,1,1,1.0
516,2,1549.0,380.0,56.0,111.0,1,1,1.0
517,2,1557.0,380.0,45.0,110.0,1,1,1.0
518,2,1560.0,380.0,41.0,111.0,1,1,1.0
519,2,1562.0,379.0,40.0,112.0,1,1,1.0
520,2,1562.0,378.0,44.0,116.0,1,1,1.0
521,2,1562.0,375.0,47.0,121.0,1,1,1.0
522,2,1562.0,374.0,49.0,124.0,1,1,1.0
523,2,1563.0,373.0,54.0,126.0,1,1,1.0
524,2,1563.0,371.0,56.0,127.0,1,1,1.0
525,2,1565.0,369.0,57.0,129.0,1,1,1.0
526,2,1569.0,369.0,55.0,130.0,1,1,1.0
527,2,1572.0,369.0,54.0,130.0,1,1,1.0
528,2,1574.0,369.0,57.0,130.0,1,1,1.0
529,2,1575.0,369.0,62.0,130.0,1,1,1.0
530,2,1576.0,369.0,67.0,130.0,1,1,1.0
531,2,1575.0,369.0,71.0,131.0,1,1,1.0
532,2,1572.0,369.0,74.0,131.0,1,1,1.0
533,2,1568.0,370.0,75.0,131.0,1,1,1.0
534,2,1566.0,370.0,72.0,131.0,1,1,1.0
535,2,1565.0,370.0,65.0,131.0,1,1,1.0
536,2,1565.0,370.0,59.0,132.0,1,1,1.0
537,2,1564.0,369.0,51.0,132.0,1,1,1.0
538,2,1564.0,368.0,46.0,133.0,1,1,1.0
539,2,1563.0,368.0,42.0,133.0,1,1,1.0
540,2,1563.0,368.0,40.0,134.0,1,1,1.0
541,2,1562.0,367.0,40.0,134.0,1,1,1.0
542,2,1560.0,367.0,41.0,135.0,1,1,1.0
543,2,1555.0,367.0,45.0,135.0,1,1,1.0
544,2,1549.0,368.0,51.0,135.0,1,1,1.0
545,2,1543.0,369.0,57.0,137.0,1,1,1.0
546,2,1538.0,369.0,62.0,137.0,1,1,1.0
547,2,1535.0,369.0,65.0,138.0,1,1,1.0
548,2,1533.0,368.0,63.0,138.0,1,1,1.0
549,2,1533.0,368.0,59.0,139.0,1,1,1.0
550,2,1531.0,367.0,54.0,140.0,1,1,1.0
551,2,1527.0,366.0,52.0,140.0,1,1,1.0
552,2,1523.0,366.0,51.0,140.0,1,1,1.0
553,2,1515.0,367.0,56.0,140.0,1,1,1.0
554,2,1504.0,367.0,64.0,139.0,1,1,1.0
555,2,1496.0,367.0,69.0,139.0,1,1,1.0
556,2,1491.0,368.0,70.0,138.0,1,1,1.0
557,2,1490.0,369.0,68.0,138.0,1,1,1.0
558,2,1490.0,368.0,65.0,138.0,1,1,1.0
559,2,1489.0,368.0,64.0,139.0,1,1,1.0
560,2,1488.0,368.0,61.0,140.0,1,1,1.0
561,2,1489.0,367.0,55.0,140.0,1,1,1.0
562,2,1489.0,366.0,50.0,141.0,1,1,1.0
563,2,1489.0,365.0,48.0,142.0,1,1,1.0
564,2,1488.0,365.0,49.0,144.0,1,1,1.0
565,2,1483.0,365.0,54.0,146.0,1,1,1.0
566,2,1473.0,365.0,64.0,146.0,1,1,1.0
567,2,1465.0,366.0,71.0,146.0,1,1,1.0
568,2,1458.0,366.0,75.0,146.0,1,1,1.0
569,2,1455.0,367.0,74.0,145.0,1,1,1.0
570,2,1454.0,366.0,70.0,146.0,1,1,1.0
571,2,1454.0,366.0,63.0,146.0,1,1,1.0
572,2,1454.0,365.0,55.0,147.0,1,1,1.0
573,2,1453.0,365.0,49.0,148.0,1,1,1.0
574,2,1450.0,364.0,48.0,148.0,1,1,1.0
575,2,1444.0,364.0,50.0,147.0,1,1,1.0
576,2,1433.0,364.0,58.0,147.0,1,1,1.0
577,2,1420.0,364.0,67.0,147.0,1,1,1.0
578,2,1410.0,364.0,74.0,148.0,1,1,1.0
579,2,1404.0,365.0,77.0,147.0,1,1,1.0
580,2,1401.0,366.0,75.0,146.0,1,1,1.0
581,2,1400.0,366.0,74.0,146.0,1,1,1.0
582,2,1399.0,366.0,74.0,146.0,1,1,1.0
583,2,1398.0,365.0,69.0,146.0,1,1,1.0
584,2,1399.0,363.0,62.0,148.0,1,1,1.0
585,2,1399.0,362.0,56.0,149.0,1,1,1.0
586,2,1399.0,361.0,52.0,151.0,1,1,1.0
587,2,1398.0,361.0,54.0,153.0,1,1,1.0
588,2,1393.0,362.0,59.0,153.0,1,1,1.0
589,2,1383.0,362.0,68.0,153.0,1,1,1.0
590,2,1374.0,364.0,76.0,153.0,1,1,1.0
591,2,1366.0,366.0,81.0,151.0,1,1,1.0
592,2,1362.0,366.0,81.0,150.0,1,1,1.0
593,2,1360.0,367.0,79.0,150.0,1,1,1.0
594,2,1359.0,367.0,73.0,150.0,1,1,1.0
595,2,1359.0,367.0,64.0,151.0,1,1,1.0
596,2,1359.0,366.0,55.0,152.0,1,1,1.0
597,2,1358.0,365.0,50.0,153.0,1,1,1.0
598,2,1353.0,364.0,51.0,153.0,1,1,1.0
599,2,1343.0,363.0,57.0,154.0,1,1,1.0
600,2,1330.0,361.0,66.0,156.0,1,1,1.0
601,2,1321.0,359.0,71.0,158.0,1,1,1.0
602,2,1317.0,359.0,72.0,159.0,1,1,1.0
603,2,1316.0,358.0,70.0,159.0,1,1,1.0
604,2,1313.0,359.0,69.0,159.0,1,1,1.0
605,2,1311.0,359.0,70.0,159.0,1,1,1.0
606,2,1311.0,358.0,68.0,159.0,1,1,1.0
607,2,1312.0,359.0,59.0,158.0,1,1,1.0
608,2,1312.0,360.0,53.0,158.0,1,1,1.0
609,2,1312.0,360.0,50.0,158.0,1,1,1.0
610,2,1311.0,362.0,50.0,159.0,1,1,1.0
611,2,1308.0,364.0,54.0,155.0,1,1,1.0
612,2,1295.0,368.0,68.0,154.0,1,1,1.0
613,2,1283.0,371.0,80.0,151.0,1,1,1.0
614,2,1274.0,373.0,86.0,150.0,1,1,1.0
615,2,1270.0,373.0,88.0,151.0,1,1,1.0
616,2,1266.0,371.0,86.0,153.0,1,1,1.0
617,2,1265.0,368.0,80.0,157.0,1,1,1.0
618,2,1265.0,364.0,72.0,162.0,1,1,1.0
619,2,1265.0,359.0,61.0,166.0,1,1,1.0
620,2,1264.0,356.0,53.0,168.0,1,1,1.0
621,2,1259.0,355.0,53.0,170.0,1,1,1.0
622,2,1251.0,355.0,57.0,170.0,1,1,1.0
623,2,1238.0,355.0,66.0,169.0,1,1,1.0
624,2,1224.0,355.0,75.0,169.0,1,1,1.0
625,2,1213.0,356.0,81.0,168.0,1,1,1.0
626,2,1210.0,357.0,81.0,167.0,1,1,1.0
627,2,1207.0,358.0,83.0,166.0,1,1,1.0
628,2,1206.0,358.0,83.0,167.0,1,1,1.0
629,2,1206.0,357.0,81.0,167.0,1,1,1.0
630,2,1206.0,357.0,73.0,166.0,1,1,1.0
631,2,1206.0,356.0,63.0,166.0,1,1,1.0
632,2,1206.0,357.0,54.0,167.0,1,1,1.0
633,2,1204.0,357.0,52.0,169.0,1,1,1.0
634,2,1201.0,358.0,57.0,171.0,1,1,1.0
635,2,1190.0,359.0,69.0,171.0,1,1,1.0
636,2,1178.0,361.0,81.0,170.0,1,1,1.0
637,2,1169.0,363.0,89.0,168.0,1,1,1.0
638,2,1164.0,364.0,90.0,168.0,1,1,1.0
639,2,1162.0,365.0,88.0,168.0,1,1,1.0
640,2,1162.0,365.0,81.0,168.0,1,1,1.0
641,2,1162.0,364.0,72.0,168.0,1,1,1.0
642,2,1161.0,363.0,61.0,169.0,1,1,1.0
643,2,1156.0,362.0,57.0,170.0,1,1,1.0
644,2,1150.0,362.0,59.0,170.0,1,1,1.0
645,2,1137.0,362.0,67.0,170.0,1,1,1.0
646,2,1122.0,363.0,77.0,169.0,1,1,1.0
647,2,1111.0,364.0,83.0,169.0,1,1,1.0
648,2,1106.0,365.0,84.0,169.0,1,1,1.0
649,2,1104.0,366.0,84.0,169.0,1,1,1.0
650,2,1103.0,366.0,84.0,170.0,1,1,1.0
651,2,1103.0,366.0,82.0,171.0,1,1,1.0
652,2,1103.0,366.0,77.0,171.0,1,1,1.0
653,2,1104.0,365.0,67.0,172.0,1,1,1.0
654,2,1104.0,364.0,59.0,173.0,1,1,1.0
655,2,1104.0,363.0,55.0,174.0,1,1,1.0
656,2,1103.0,363.0,57.0,175.0,1,1,1.0
657,2,1096.0,364.0,66.0,173.0,1,1,1.0
658,2,1083.0,365.0,80.0,174.0,1,1,1.0
659,2,1072.0,366.0,90.0,175.0,1,1,1.0
660,2,1066.0,366.0,94.0,179.0,1,1,1.0
661,2,1062.0,366.0,93.0,182.0,1,1,1.0
662,2,1060.0,366.0,90.0,183.0,1,1,1.0
663,2,1059.0,365.0,83.0,184.0,1,1,1.0
664,2,1059.0,364.0,74.0,185.0,1,1,1.0
665,2,1059.0,363.0,61.0,186.0,1,1,1.0
666,2,1055.0,362.0,55.0,187.0,1,1,1.0
667,2,1049.0,362.0,55.0,187.0,1,1,1.0
668,2,1041.0,362.0,57.0,187.0,1,1,1.0
669,2,1030.0,363.0,64.0,186.0,1,1,1.0
670,2,1014.0,363.0,75.0,186.0,1,1,1.0
671,2,1000.0,365.0,86.0,185.0,1,1,1.0
672,2,992.0,368.0,93.0,183.0,1,1,1.0
673,2,988.0,371.0,97.0,181.0,1,1,1.0
674,2,987.0,373.0,98.0,180.0,1,1,1.0
675,2,986.0,374.0,95.0,179.0,1,1,1.0
676,2,987.0,374.0,86.0,179.0,1,1,1.0
677,2,987.0,373.0,74.0,181.0,1,1,1.0
678,2,987.0,371.0,59.0,182.0,1,1,1.0
679,2,985.0,371.0,57.0,185.0,1,1,1.0
680,2,980.0,372.0,62.0,183.0,1,1,1.0
681,2,964.0,375.0,76.0,186.0,1,1,1.0
682,2,949.0,378.0,89.0,184.0,1,1,1.0
683,2,937.0,381.0,97.0,182.0,1,1,1.0
684,2,928.0,384.0,100.0,181.0,1,1,1.0
685,2,924.0,386.0,97.0,180.0,1,1,1.0
686,2,922.0,388.0,91.0,179.0,1,1,1.0
687,2,922.0,387.0,80.0,180.0,1,1,1.0
688,2,923.0,387.0,68.0,180.0,1,1,1.0
689,2,920.0,387.0,59.0,180.0,1,1,1.0
690,2,912.0,387.0,58.0,179.0,1,1,1.0
691,2,903.0,389.0,61.0,178.0,1,1,1.0
692,2,885.0,389.0,74.0,178.0,1,1,1.0
693,2,870.0,390.0,85.0,179.0,1,1,1.0
694,2,859.0,391.0,94.0,181.0,1,1,1.0
695,2,855.0,392.0,98.0,182.0,1,1,1.0
696,2,852.0,393.0,101.0,183.0,1,1,1.0
697,2,851.0,393.0,100.0,183.0,1,1,1.0
698,2,851.0,393.0,95.0,184.0,1,1,1.0
699,2,852.0,393.0,84.0,183.0,1,1,1.0
700,2,852.0,393.0,70.0,183.0,1,1,1.0
701,2,849.0,392.0,59.0,185.0,1,1,1.0
702,2,846.0,392.0,58.0,190.0,1,1,1.0
703,2,842.0,393.0,63.0,195.0,1,1,1.0
704,2,826.0,394.0,80.0,197.0,1,1,1.0
705,2,812.0,396.0,92.0,197.0,1,1,1.0
706,2,803.0,397.0,99.0,198.0,1,1,1.0
707,2,797.0,399.0,101.0,199.0,1,1,1.0
708,2,794.0,400.0,97.0,198.0,1,1,1.0
709,2,794.0,401.0,89.0,198.0,1,1,1.0
710,2,794.0,400.0,77.0,199.0,1,1,1.0
711,2,793.0,399.0,65.0,200.0,1,1,1.0
712,2,788.0,399.0,61.0,200.0,1,1,1.0
713,2,782.0,398.0,61.0,201.0,1,1,1.0
714,2,770.0,398.0,69.0,200.0,1,1,1.0
715,2,752.0,399.0,81.0,200.0,1,1,1.0
716,2,737.0,400.0,93.0,200.0,1,1,1.0
717,2,727.0,400.0,102.0,203.0,1,1,1.0
718,2,723.0,401.0,105.0,205.0,1,1,1.0
719,2,722.0,402.0,106.0,207.0,1,1,1.0
720,2,721.0,402.0,106.0,207.0,1,1,1.0
721,2,722.0,403.0,102.0,207.0,1,1,1.0
722,2,722.0,402.0,93.0,209.0,1,1,1.0
723,2,718.0,401.0,82.0,210.0,1,1,1.0
724,2,713.0,400.0,73.0,210.0,1,1,1.0
725,2,708.0,399.0,73.0,214.0,1,1,1.0
726,2,700.0,397.0,79.0,216.0,1,1,1.0
727,2,689.0,397.0,88.0,224.0,1,1,1.0
728,2,673.0,398.0,103.0,224.0,1,1,1.0
729,2,660.0,400.0,112.0,224.0,1,1,1.0
730,2,654.0,402.0,113.0,224.0,1,1,1.0
731,2,648.0,405.0,111.0,223.0,1,1,1.0
732,2,646.0,408.0,108.0,221.0,1,1,1.0
733,2,646.0,412.0,97.0,217.0,1,1,1.0
734,2,646.0,414.0,83.0,215.0,1,1,1.0
735,2,644.0,415.0,70.0,213.0,1,1,1.0
736,2,635.0,417.0,63.0,212.0,1,1,1.0
737,2,626.0,418.0,64.0,210.0,1,1,1.0
738,2,611.0,421.0,75.0,208.0,1,1,1.0
739,2,591.0,423.0,93.0,207.0,1,1,1.0
740,2,577.0,426.0,106.0,208.0,1,1,1.0
741,2,571.0,430.0,112.0,206.0,1,1,1.0
742,2,567.0,434.0,115.0,205.0,1,1,1.0
743,2,565.0,438.0,117.0,203.0,1,1,1.0
744,2,565.0,440.0,111.0,201.0,1,1,1.0
745,2,566.0,441.0,97.0,200.0,1,1,1.0
746,2,564.0,440.0,83.0,201.0,1,1,1.0
747,2,559.0,439.0,70.0,202.0,1,1,1.0
748,2,552.0,439.0,68.0,206.0,1,1,1.0
749,2,544.0,440.0,76.0,207.0,1,1,1.0
750,2,526.0,443.0,93.0,210.0,1,1,1.0
751,2,507.0,445.0,110.0,209.0,1,1,1.0
752,2,493.0,448.0,121.0,206.0,1,1,1.0
753,2,486.0,451.0,122.0,206.0,1,1,1.0
754,2,482.0,453.0,121.0,205.0,1,1,1.0
755,2,481.0,455.0,116.0,204.0,1,1,1.0
756,2,480.0,455.0,101.0,204.0,1,1,1.0
757,2,477.0,454.0,89.0,205.0,1,1,1.0
758,2,472.0,453.0,76.0,206.0,1,1,1.0
759,2,465.0,451.0,65.0,207.0,1,1,1.0
760,2,448.0,451.0,75.0,207.0,1,1,1.0
761,2,432.0,452.0,88.0,206.0,1,1,1.0
762,2,414.0,453.0,106.0,205.0,1,1,1.0
763,2,402.0,455.0,118.0,204.0,1,1,1.0
764,2,396.0,458.0,124.0,203.0,1,1,1.0
765,2,390.0,460.0,130.0,202.0,1,1,1.0
766,2,386.0,461.0,133.0,202.0,1,1,1.0
767,2,386.0,463.0,124.0,201.0,1,1,1.0
768,2,389.0,466.0,106.0,199.0,1,1,1.0
769,2,387.0,467.0,90.0,197.0,1,1,1.0
770,2,381.0,468.0,76.0,197.0,1,1,1.0
771,2,375.0,469.0,71.0,202.0,1,1,1.0
772,2,368.0,469.0,78.0,207.0,1,1,1.0
773,2,354.0,469.0,92.0,212.0,1,1,1.0
774,2,339.0,470.0,107.0,215.0,1,1,1.0
775,2,326.0,470.0,118.0,219.0,1,1,1.0
776,2,320.0,470.0,120.0,222.0,1,1,1.0
777,2,316.0,470.0,118.0,228.0,1,1,1.0
778,2,315.0,469.0,114.0,231.0,1,1,1.0
779,2,314.0,468.0,103.0,231.0,1,1,1.0
780,2,309.0,465.0,90.0,234.0,1,1,1.0
781,2,304.0,461.0,79.0,239.0,1,1,1.0
782,2,293.0,458.0,71.0,241.0,1,1,1.0
783,2,283.0,458.0,73.0,242.0,1,1,1.0
784,2,271.0,457.0,81.0,243.0,1,1,1.0
785,2,264.0,459.0,86.0,240.0,1,1,1.0
786,2,254.0,461.0,95.0,239.0,1,1,1.0
787,2,242.0,461.0,106.0,238.0,1,1,1.0
788,2,218.0,462.0,130.0,238.0,1,1,1.0
789,2,206.0,464.0,142.0,236.0,1,1,1.0
790,2,206.0,466.0,143.0,236.0,1,1,1.0
791,2,213.0,470.0,136.0,245.0,1,1,1.0
792,2,219.0,472.0,131.0,247.0,1,1,1.0
793,2,221.0,476.0,128.0,245.0,1,1,1.0
794,2,219.0,478.0,128.0,243.0,1,1,1.0
795,2,213.0,479.0,127.0,243.0,1,1,1.0
796,2,205.0,481.0,127.0,241.0,1,1,1.0
797,2,198.0,485.0,125.0,237.0,1,1,1.0
798,2,193.0,490.0,118.0,231.0,1,1,1.0
799,2,189.0,494.0,112.0,227.0,1,1,1.0
800,2,186.0,499.0,104.0,222.0,1,1,1.0
