46,1,1891.0,338.0,28.0,123.0,1,1,1.0
47,1,1892.0,338.0,27.0,123.0,1,1,1.0
48,1,1881.0,338.0,38.0,123.0,1,1,1.0
50,1,1867.0,336.0,51.0,125.0,1,1,1.0
53,1,1871.0,334.0,43.0,126.0,1,1,1.0
57,1,1859.0,329.0,34.0,124.0,1,1,1.0
58,1,1857.0,329.0,33.0,125.0,1,1,1.0
59,1,1852.0,328.0,36.0,125.0,1,1,1.0
60,1,1846.0,328.0,41.0,122.0,1,1,1.0
61,1,1841.0,328.0,43.0,123.0,1,1,1.0
62,1,1841.0,328.0,42.0,124.0,1,1,1.0
63,1,1835.0,328.0,46.0,124.0,1,1,1.0
64,1,1832.0,329.0,45.0,123.0,1,1,1.0
65,1,1831.0,329.0,44.0,122.0,1,1,1.0
66,1,1829.0,328.0,42.0,124.0,1,1,1.0
67,1,1827.0,326.0,40.0,127.0,1,1,1.0
68,1,1827.0,325.0,38.0,128.0,1,1,1.0
69,1,1823.0,325.0,38.0,129.0,1,1,1.0
70,1,1817.0,324.0,41.0,129.0,1,1,1.0
71,1,1809.0,325.0,46.0,129.0,1,1,1.0
72,1,1802.0,325.0,50.0,129.0,1,1,1.0
73,1,1797.0,325.0,51.0,128.0,1,1,1.0
74,1,1795.0,326.0,51.0,127.0,1,1,1.0
75,1,1795.0,328.0,50.0,126.0,1,1,1.0
76,1,1795.0,329.0,48.0,126.0,1,1,1.0
77,1,1795.0,329.0,44.0,125.0,1,1,1.0
78,1,1795.0,329.0,39.0,125.0,1,1,1.0
79,1,1794.0,327.0,35.0,128.0,1,1,1.0
80,1,1793.0,328.0,34.0,127.0,1,1,1.0
81,1,1791.0,327.0,34.0,130.0,1,1,1.0
82,1,1787.0,327.0,36.0,131.0,1,1,1.0
83,1,1784.0,328.0,36.0,130.0,1,1,1.0
84,1,1782.0,327.0,35.0,130.0,1,1,1.0
85,1,1780.0,326.0,35.0,131.0,1,1,1.0
86,1,1777.0,327.0,35.0,132.0,1,1,1.0
87,1,1775.0,326.0,35.0,134.0,1,1,1.0
88,1,1773.0,326.0,35.0,134.0,1,1,1.0
89,1,1770.0,326.0,36.0,135.0,1,1,1.0
90,1,1766.0,325.0,36.0,135.0,1,1,1.0
91,1,1759.0,325.0,41.0,135.0,1,1,1.0
92,1,1750.0,324.0,48.0,136.0,1,1,1.0
93,1,1741.0,324.0,56.0,136.0,1,1,1.0
94,1,1735.0,325.0,59.0,136.0,1,1,1.0
95,1,1733.0,326.0,60.0,134.0,1,1,1.0
96,1,1731.0,326.0,60.0,134.0,1,1,1.0
97,1,1731.0,325.0,58.0,135.0,1,1,1.0
98,1,1731.0,323.0,53.0,135.0,1,1,1.0
99,1,1731.0,322.0,47.0,135.0,1,1,1.0
100,1,1730.0,322.0,41.0,136.0,1,1,1.0
101,1,1729.0,320.0,37.0,138.0,1,1,1.0
102,1,1727.0,321.0,36.0,139.0,1,1,1.0
103,1,1724.0,321.0,36.0,138.0,1,1,1.0
104,1,1721.0,321.0,36.0,136.0,1,1,1.0
105,1,1718.0,322.0,35.0,136.0,1,1,1.0
106,1,1705.0,323.0,46.0,135.0,1,1,1.0
107,1,1699.0,324.0,51.0,135.0,1,1,1.0
108,1,1697.0,324.0,52.0,135.0,1,1,1.0
109,1,1695.0,324.0,50.0,136.0,1,1,1.0
110,1,1695.0,322.0,46.0,138.0,1,1,1.0
111,1,1694.0,322.0,43.0,138.0,1,1,1.0
112,1,1691.0,321.0,41.0,139.0,1,1,1.0
113,1,1688.0,321.0,41.0,139.0,1,1,1.0
114,1,1684.0,322.0,43.0,138.0,1,1,1.0
115,1,1672.0,321.0,52.0,138.0,1,1,1.0
116,1,1662.0,321.0,58.0,139.0,1,1,1.0
117,1,1656.0,321.0,61.0,138.0,1,1,1.0
118,1,1654.0,321.0,62.0,139.0,1,1,1.0
119,1,1653.0,321.0,62.0,139.0,1,1,1.0
120,1,1652.0,320.0,62.0,139.0,1,1,1.0
121,1,1652.0,319.0,59.0,140.0,1,1,1.0
122,1,1648.0,318.0,55.0,141.0,1,1,1.0
123,1,1647.0,317.0,48.0,141.0,1,1,1.0
124,1,1646.0,316.0,44.0,143.0,1,1,1.0
125,1,1644.0,316.0,44.0,146.0,1,1,1.0
126,1,1641.0,316.0,45.0,147.0,1,1,1.0
127,1,1636.0,317.0,48.0,145.0,1,1,1.0
128,1,1625.0,318.0,55.0,145.0,1,1,1.0
129,1,1618.0,318.0,59.0,145.0,1,1,1.0
130,1,1613.0,318.0,60.0,146.0,1,1,1.0
131,1,1612.0,318.0,59.0,146.0,1,1,1.0
132,1,1611.0,318.0,55.0,146.0,1,1,1.0
133,1,1611.0,318.0,49.0,146.0,1,1,1.0
134,1,1611.0,317.0,46.0,147.0,1,1,1.0
135,1,1603.0,317.0,50.0,148.0,1,1,1.0
136,1,1599.0,317.0,50.0,148.0,1,1,1.0
137,1,1589.0,317.0,63.0,148.0,1,1,1.0
138,1,1578.0,317.0,71.0,148.0,1,1,1.0
139,1,1569.0,318.0,72.0,147.0,1,1,1.0
140,1,1564.0,318.0,72.0,146.0,1,1,1.0
141,1,1563.0,319.0,72.0,146.0,1,1,1.0
142,1,1562.0,319.0,71.0,146.0,1,1,1.0
143,1,1562.0,318.0,66.0,147.0,1,1,1.0
144,1,1562.0,317.0,59.0,147.0,1,1,1.0
145,1,1561.0,316.0,51.0,148.0,1,1,1.0
146,1,1557.0,315.0,49.0,150.0,1,1,1.0
147,1,1553.0,315.0,49.0,152.0,1,1,1.0
148,1,1548.0,315.0,50.0,153.0,1,1,1.0
149,1,1540.0,315.0,55.0,153.0,1,1,1.0
150,1,1530.0,316.0,61.0,153.0,1,1,1.0
151,1,1523.0,316.0,65.0,152.0,1,1,1.0
152,1,1518.0,317.0,67.0,152.0,1,1,1.0
153,1,1516.0,317.0,67.0,152.0,1,1,1.0
154,1,1516.0,317.0,63.0,152.0,1,1,1.0
155,1,1514.0,316.0,57.0,153.0,1,1,1.0
156,1,1511.0,315.0,53.0,154.0,1,1,1.0
157,1,1508.0,314.0,51.0,154.0,1,1,1.0
158,1,1504.0,314.0,50.0,155.0,1,1,1.0
159,1,1495.0,313.0,54.0,155.0,1,1,1.0
160,1,1479.0,314.0,65.0,155.0,1,1,1.0
161,1,1468.0,314.0,73.0,154.0,1,1,1.0
162,1,1462.0,315.0,79.0,154.0,1,1,1.0
163,1,1460.0,315.0,80.0,153.0,1,1,1.0
164,1,1458.0,315.0,82.0,153.0,1,1,1.0
165,1,1458.0,315.0,79.0,154.0,1,1,1.0
166,1,1458.0,314.0,72.0,154.0,1,1,1.0
167,1,1458.0,313.0,63.0,154.0,1,1,1.0
168,1,1458.0,312.0,51.0,155.0,1,1,1.0
169,1,1454.0,312.0,48.0,157.0,1,1,1.0
170,1,1452.0,311.0,46.0,158.0,1,1,1.0
171,1,1440.0,311.0,58.0,159.0,1,1,1.0
172,1,1426.0,313.0,71.0,157.0,1,1,1.0
173,1,1416.0,314.0,75.0,156.0,1,1,1.0
174,1,1410.0,315.0,74.0,155.0,1,1,1.0
175,1,1407.0,315.0,76.0,156.0,1,1,1.0
176,1,1405.0,315.0,75.0,156.0,1,1,1.0
177,1,1405.0,315.0,70.0,156.0,1,1,1.0
178,1,1405.0,314.0,61.0,157.0,1,1,1.0
179,1,1404.0,313.0,51.0,158.0,1,1,1.0
180,1,1399.0,312.0,49.0,159.0,1,1,1.0
181,1,1394.0,311.0,48.0,160.0,1,1,1.0
182,1,1380.0,311.0,57.0,160.0,1,1,1.0
183,1,1365.0,311.0,68.0,160.0,1,1,1.0
184,1,1354.0,312.0,78.0,159.0,1,1,1.0
185,1,1349.0,313.0,83.0,158.0,1,1,1.0
186,1,1345.0,313.0,86.0,158.0,1,1,1.0
187,1,1343.0,313.0,87.0,158.0,1,1,1.0
188,1,1343.0,312.0,83.0,159.0,1,1,1.0
189,1,1343.0,311.0,73.0,160.0,1,1,1.0
190,1,1344.0,310.0,61.0,160.0,1,1,1.0
191,1,1343.0,310.0,49.0,161.0,1,1,1.0
192,1,1340.0,309.0,45.0,162.0,1,1,1.0
193,1,1331.0,310.0,54.0,163.0,1,1,1.0
194,1,1316.0,310.0,67.0,164.0,1,1,1.0
195,1,1303.0,311.0,78.0,163.0,1,1,1.0
196,1,1294.0,312.0,84.0,162.0,1,1,1.0
197,1,1289.0,313.0,85.0,161.0,1,1,1.0
198,1,1288.0,313.0,82.0,161.0,1,1,1.0
199,1,1287.0,313.0,74.0,161.0,1,1,1.0
200,1,1288.0,312.0,64.0,162.0,1,1,1.0
201,1,1287.0,311.0,52.0,163.0,1,1,1.0
202,1,1283.0,311.0,50.0,164.0,1,1,1.0
203,1,1276.0,311.0,49.0,164.0,1,1,1.0
204,1,1261.0,310.0,61.0,164.0,1,1,1.0
205,1,1245.0,311.0,73.0,164.0,1,1,1.0
206,1,1234.0,311.0,82.0,163.0,1,1,1.0
207,1,1226.0,312.0,88.0,162.0,1,1,1.0
208,1,1223.0,313.0,92.0,162.0,1,1,1.0
209,1,1221.0,312.0,93.0,162.0,1,1,1.0
210,1,1221.0,312.0,89.0,162.0,1,1,1.0
211,1,1220.0,311.0,80.0,162.0,1,1,1.0
212,1,1221.0,310.0,68.0,162.0,1,1,1.0
213,1,1221.0,310.0,54.0,164.0,1,1,1.0
214,1,1218.0,309.0,49.0,165.0,1,1,1.0
215,1,1213.0,309.0,48.0,167.0,1,1,1.0
216,1,1199.0,309.0,58.0,168.0,1,1,1.0
217,1,1185.0,310.0,70.0,168.0,1,1,1.0
218,1,1174.0,311.0,79.0,168.0,1,1,1.0
219,1,1167.0,312.0,84.0,167.0,1,1,1.0
220,1,1165.0,313.0,85.0,167.0,1,1,1.0
221,1,1164.0,313.0,84.0,167.0,1,1,1.0
222,1,1164.0,313.0,76.0,167.0,1,1,1.0
223,1,1164.0,312.0,67.0,168.0,1,1,1.0
224,1,1163.0,311.0,56.0,169.0,1,1,1.0
225,1,1158.0,311.0,49.0,169.0,1,1,1.0
226,1,1152.0,311.0,49.0,170.0,1,1,1.0
227,1,1138.0,311.0,59.0,169.0,1,1,1.0
228,1,1122.0,311.0,73.0,169.0,1,1,1.0
229,1,1109.0,313.0,85.0,168.0,1,1,1.0
230,1,1102.0,314.0,92.0,167.0,1,1,1.0
231,1,1098.0,315.0,95.0,167.0,1,1,1.0
232,1,1096.0,315.0,96.0,166.0,1,1,1.0
233,1,1096.0,315.0,92.0,167.0,1,1,1.0
234,1,1096.0,315.0,82.0,167.0,1,1,1.0
235,1,1096.0,314.0,69.0,168.0,1,1,1.0
236,1,1089.0,312.0,61.0,169.0,1,1,1.0
237,1,1087.0,312.0,55.0,171.0,1,1,1.0
238,1,1079.0,312.0,61.0,172.0,1,1,1.0
239,1,1065.0,312.0,72.0,172.0,1,1,1.0
240,1,1052.0,314.0,84.0,171.0,1,1,1.0
241,1,1042.0,315.0,92.0,170.0,1,1,1.0
242,1,1036.0,316.0,95.0,169.0,1,1,1.0
243,1,1034.0,317.0,93.0,169.0,1,1,1.0
244,1,1033.0,318.0,90.0,168.0,1,1,1.0
245,1,1033.0,318.0,79.0,167.0,1,1,1.0
246,1,1032.0,318.0,67.0,167.0,1,1,1.0
247,1,1031.0,317.0,54.0,169.0,1,1,1.0
248,1,1023.0,316.0,51.0,169.0,1,1,1.0
249,1,1018.0,316.0,50.0,169.0,1,1,1.0
250,1,1001.0,316.0,62.0,169.0,1,1,1.0
251,1,986.0,317.0,76.0,168.0,1,1,1.0
252,1,975.0,318.0,86.0,167.0,1,1,1.0
253,1,970.0,319.0,91.0,167.0,1,1,1.0
254,1,967.0,321.0,94.0,166.0,1,1,1.0
255,1,966.0,321.0,94.0,167.0,1,1,1.0
256,1,965.0,321.0,90.0,167.0,1,1,1.0
257,1,965.0,320.0,79.0,168.0,1,1,1.0
258,1,965.0,320.0,66.0,168.0,1,1,1.0
259,1,963.0,319.0,53.0,170.0,1,1,1.0
260,1,956.0,319.0,49.0,172.0,1,1,1.0
261,1,949.0,319.0,50.0,173.0,1,1,1.0
262,1,932.0,320.0,71.0,173.0,1,1,1.0
263,1,919.0,321.0,84.0,173.0,1,1,1.0
264,1,910.0,322.0,90.0,173.0,1,1,1.0
265,1,907.0,323.0,90.0,172.0,1,1,1.0
266,1,906.0,324.0,88.0,172.0,1,1,1.0
267,1,906.0,323.0,81.0,172.0,1,1,1.0
268,1,906.0,323.0,70.0,173.0,1,1,1.0
269,1,905.0,323.0,58.0,173.0,1,1,1.0
270,1,898.0,322.0,50.0,174.0,1,1,1.0
271,1,893.0,322.0,47.0,173.0,1,1,1.0
272,1,882.0,323.0,56.0,173.0,1,1,1.0
273,1,866.0,324.0,71.0,172.0,1,1,1.0
274,1,852.0,326.0,84.0,171.0,1,1,1.0
275,1,844.0,327.0,92.0,172.0,1,1,1.0
276,1,840.0,328.0,96.0,172.0,1,1,1.0
277,1,838.0,329.0,96.0,172.0,1,1,1.0
278,1,838.0,329.0,90.0,172.0,1,1,1.0
279,1,838.0,329.0,78.0,172.0,1,1,1.0
280,1,838.0,328.0,64.0,173.0,1,1,1.0
281,1,835.0,328.0,52.0,173.0,1,1,1.0
282,1,826.0,328.0,51.0,175.0,1,1,1.0
283,1,816.0,329.0,59.0,177.0,1,1,1.0
284,1,800.0,330.0,73.0,178.0,1,1,1.0
285,1,786.0,331.0,86.0,178.0,1,1,1.0
286,1,777.0,332.0,93.0,177.0,1,1,1.0
287,1,773.0,333.0,96.0,178.0,1,1,1.0
288,1,771.0,333.0,97.0,177.0,1,1,1.0
289,1,769.0,333.0,92.0,177.0,1,1,1.0
290,1,765.0,334.0,85.0,177.0,1,1,1.0
291,1,762.0,333.0,75.0,178.0,1,1,1.0
292,1,756.0,333.0,65.0,178.0,1,1,1.0
293,1,755.0,333.0,54.0,178.0,1,1,1.0
294,1,745.0,333.0,60.0,177.0,1,1,1.0
295,1,732.0,333.0,71.0,177.0,1,1,1.0
296,1,718.0,334.0,85.0,177.0,1,1,1.0
297,1,709.0,335.0,93.0,177.0,1,1,1.0
298,1,705.0,336.0,97.0,177.0,1,1,1.0
299,1,702.0,337.0,99.0,177.0,1,1,1.0
300,1,702.0,338.0,95.0,177.0,1,1,1.0
301,1,700.0,337.0,86.0,177.0,1,1,1.0
302,1,690.0,336.0,83.0,179.0,1,1,1.0
303,1,694.0,336.0,66.0,179.0,1,1,1.0
304,1,680.0,337.0,65.0,179.0,1,1,1.0
305,1,670.0,337.0,70.0,179.0,1,1,1.0
306,1,662.0,338.0,77.0,180.0,1,1,1.0
307,1,649.0,340.0,87.0,180.0,1,1,1.0
308,1,640.0,341.0,95.0,180.0,1,1,1.0
309,1,635.0,343.0,99.0,180.0,1,1,1.0
310,1,632.0,344.0,101.0,179.0,1,1,1.0
311,1,631.0,344.0,98.0,179.0,1,1,1.0
312,1,631.0,343.0,86.0,180.0,1,1,1.0
313,1,632.0,343.0,73.0,180.0,1,1,1.0
314,1,630.0,343.0,63.0,180.0,1,1,1.0
315,1,624.0,343.0,51.0,180.0,1,1,1.0
316,1,608.0,343.0,59.0,180.0,1,1,1.0
317,1,594.0,343.0,70.0,179.0,1,1,1.0
318,1,583.0,344.0,80.0,179.0,1,1,1.0
319,1,574.0,345.0,89.0,178.0,1,1,1.0
320,1,567.0,347.0,96.0,177.0,1,1,1.0
321,1,563.0,347.0,101.0,177.0,1,1,1.0
322,1,558.0,348.0,103.0,176.0,1,1,1.0
323,1,563.0,347.0,88.0,177.0,1,1,1.0
324,1,565.0,347.0,75.0,177.0,1,1,1.0
325,1,563.0,346.0,61.0,177.0,1,1,1.0
326,1,551.0,346.0,56.0,178.0,1,1,1.0
327,1,544.0,347.0,57.0,180.0,1,1,1.0
328,1,535.0,347.0,63.0,182.0,1,1,1.0
329,1,519.0,349.0,78.0,181.0,1,1,1.0
330,1,507.0,350.0,90.0,180.0,1,1,1.0
331,1,501.0,351.0,97.0,179.0,1,1,1.0
332,1,498.0,352.0,99.0,179.0,1,1,1.0
333,1,497.0,354.0,97.0,178.0,1,1,1.0
334,1,496.0,354.0,86.0,178.0,1,1,1.0
335,1,495.0,353.0,74.0,178.0,1,1,1.0
336,1,489.0,353.0,64.0,179.0,1,1,1.0
337,1,479.0,353.0,58.0,178.0,1,1,1.0
338,1,466.0,353.0,66.0,178.0,1,1,1.0
339,1,452.0,353.0,78.0,178.0,1,1,1.0
340,1,441.0,355.0,88.0,177.0,1,1,1.0
341,1,431.0,356.0,98.0,177.0,1,1,1.0
342,1,426.0,356.0,103.0,177.0,1,1,1.0
343,1,423.0,358.0,106.0,176.0,1,1,1.0
344,1,423.0,359.0,101.0,176.0,1,1,1.0
345,1,424.0,359.0,88.0,176.0,1,1,1.0
346,1,426.0,358.0,72.0,177.0,1,1,1.0
347,1,422.0,358.0,60.0,177.0,1,1,1.0
348,1,415.0,357.0,53.0,179.0,1,1,1.0
349,1,409.0,357.0,55.0,182.0,1,1,1.0
350,1,396.0,359.0,66.0,183.0,1,1,1.0
351,1,380.0,360.0,82.0,182.0,1,1,1.0
352,1,369.0,362.0,93.0,182.0,1,1,1.0
353,1,363.0,364.0,98.0,181.0,1,1,1.0
354,1,360.0,365.0,101.0,180.0,1,1,1.0
355,1,359.0,367.0,97.0,179.0,1,1,1.0
356,1,359.0,367.0,88.0,179.0,1,1,1.0
357,1,357.0,366.0,77.0,180.0,1,1,1.0
358,1,353.0,366.0,66.0,180.0,1,1,1.0
359,1,346.0,366.0,55.0,179.0,1,1,1.0
360,1,329.0,366.0,65.0,179.0,1,1,1.0
361,1,317.0,367.0,74.0,179.0,1,1,1.0
362,1,305.0,367.0,85.0,178.0,1,1,1.0
363,1,299.0,369.0,90.0,178.0,1,1,1.0
364,1,293.0,372.0,97.0,176.0,1,1,1.0
365,1,288.0,372.0,102.0,176.0,1,1,1.0
366,1,287.0,373.0,100.0,175.0,1,1,1.0
368,1,288.0,374.0,76.0,174.0,1,1,1.0
369,1,290.0,373.0,60.0,175.0,1,1,1.0
370,1,283.0,373.0,53.0,176.0,1,1,1.0
371,1,277.0,372.0,54.0,180.0,1,1,1.0
372,1,268.0,372.0,62.0,182.0,1,1,1.0
373,1,254.0,373.0,75.0,182.0,1,1,1.0
374,1,244.0,375.0,85.0,179.0,1,1,1.0
375,1,239.0,378.0,90.0,177.0,1,1,1.0
376,1,237.0,379.0,92.0,176.0,1,1,1.0
377,1,236.0,381.0,91.0,174.0,1,1,1.0
378,1,232.0,380.0,87.0,175.0,1,1,1.0
379,1,225.0,380.0,82.0,175.0,1,1,1.0
380,1,226.0,382.0,68.0,173.0,1,1,1.0
381,1,221.0,382.0,60.0,173.0,1,1,1.0
382,1,216.0,383.0,55.0,172.0,1,1,1.0
383,1,202.0,383.0,65.0,172.0,1,1,1.0
384,1,192.0,384.0,73.0,171.0,1,1,1.0
385,1,186.0,387.0,79.0,168.0,1,1,1.0
386,1,177.0,386.0,88.0,170.0,1,1,1.0
387,1,171.0,388.0,94.0,169.0,1,1,1.0
388,1,171.0,388.0,93.0,169.0,1,1,1.0
389,1,172.0,388.0,86.0,169.0,1,1,1.0
390,1,170.0,387.0,77.0,170.0,1,1,1.0
391,1,171.0,386.0,66.0,170.0,1,1,1.0
392,1,164.0,385.0,62.0,172.0,1,1,1.0
393,1,154.0,386.0,62.0,173.0,1,1,1.0
394,1,153.0,386.0,59.0,174.0,1,1,1.0
395,1,149.0,387.0,62.0,175.0,1,1,1.0
396,1,138.0,388.0,72.0,175.0,1,1,1.0
397,1,131.0,389.0,79.0,174.0,1,1,1.0
398,1,127.0,390.0,84.0,173.0,1,1,1.0
399,1,125.0,391.0,85.0,172.0,1,1,1.0
400,1,123.0,392.0,86.0,172.0,1,1,1.0
402,1,114.0,392.0,80.0,171.0,1,1,1.0
403,1,112.0,392.0,74.0,171.0,1,1,1.0
404,1,110.0,392.0,65.0,172.0,1,1,1.0
405,1,105.0,393.0,57.0,171.0,1,1,1.0
406,1,98.0,393.0,57.0,171.0,1,1,1.0
407,1,90.0,393.0,64.0,170.0,1,1,1.0
408,1,82.0,394.0,71.0,169.0,1,1,1.0
409,1,77.0,396.0,76.0,168.0,1,1,1.0
410,1,76.0,398.0,77.0,167.0,1,1,1.0
411,1,77.0,398.0,76.0,167.0,1,1,1.0
413,1,75.0,399.0,71.0,168.0,1,1,1.0
414,1,74.0,399.0,62.0,168.0,1,1,1.0
415,1,70.0,399.0,57.0,168.0,1,1,1.0
416,1,64.0,399.0,52.0,169.0,1,1,1.0
417,1,60.0,399.0,48.0,169.0,1,1,1.0
418,1,57.0,400.0,49.0,169.0,1,1,1.0
419,1,49.0,399.0,56.0,172.0,1,1,1.0
420,1,42.0,401.0,63.0,171.0,1,1,1.0
421,1,37.0,402.0,68.0,171.0,1,1,1.0
422,1,35.0,403.0,69.0,169.0,1,1,1.0
423,1,34.0,405.0,71.0,169.0,1,1,1.0
424,1,34.0,406.0,71.0,168.0,1,1,1.0
425,1,30.0,406.0,73.0,170.0,1,1,1.0
426,1,21.0,406.0,77.0,170.0,1,1,1.0
427,1,19.0,406.0,71.0,169.0,1,1,1.0
428,1,14.0,406.0,67.0,169.0,1,1,1.0
429,1,7.0,406.0,64.0,168.0,1,1,1.0
430,1,1.0,405.0,64.0,168.0,1,1,1.0
431,1,2.0,405.0,57.0,169.0,1,1,1.0
432,1,0.0,406.0,57.0,168.0,1,1,1.0
433,1,0.0,407.0,56.0,168.0,1,1,1.0
434,1,1.0,407.0,54.0,167.0,1,1,1.0
435,1,1.0,407.0,53.0,167.0,1,1,1.0
436,1,0.0,406.0,54.0,169.0,1,1,1.0
437,1,0.0,405.0,52.0,168.0,1,1,1.0
438,1,4.0,404.0,47.0,166.0,1,1,1.0
439,1,7.0,403.0,44.0,164.0,1,1,1.0
440,1,8.0,403.0,43.0,163.0,1,1,1.0
441,1,8.0,403.0,42.0,161.0,1,1,1.0
442,1,9.0,402.0,41.0,163.0,1,1,1.0
443,1,10.0,401.0,41.0,164.0,1,1,1.0
444,1,12.0,401.0,40.0,166.0,1,1,1.0
445,1,13.0,400.0,39.0,166.0,1,1,1.0
446,1,13.0,400.0,40.0,166.0,1,1,1.0
447,1,11.0,399.0,42.0,166.0,1,1,1.0
448,1,10.0,398.0,45.0,164.0,1,1,1.0
449,1,10.0,397.0,48.0,163.0,1,1,1.0
450,1,16.0,396.0,44.0,159.0,1,1,1.0
451,1,23.0,395.0,40.0,157.0,1,1,1.0
452,1,27.0,394.0,41.0,157.0,1,1,1.0
453,1,29.0,393.0,46.0,158.0,1,1,1.0
454,1,31.0,392.0,52.0,158.0,1,1,1.0
455,1,35.0,391.0,58.0,159.0,1,1,1.0
456,1,36.0,391.0,65.0,159.0,1,1,1.0
457,1,37.0,391.0,68.0,159.0,1,1,1.0
458,1,39.0,390.0,68.0,158.0,1,1,1.0
459,1,40.0,389.0,68.0,158.0,1,1,1.0
460,1,43.0,388.0,65.0,158.0,1,1,1.0
461,1,50.0,387.0,58.0,156.0,1,1,1.0
462,1,57.0,385.0,51.0,156.0,1,1,1.0
463,1,65.0,384.0,45.0,156.0,1,1,1.0
464,1,69.0,383.0,43.0,157.0,1,1,1.0
465,1,72.0,382.0,44.0,158.0,1,1,1.0
466,1,74.0,381.0,54.0,159.0,1,1,1.0
467,1,74.0,381.0,63.0,159.0,1,1,1.0
468,1,75.0,381.0,71.0,160.0,1,1,1.0
469,1,78.0,381.0,72.0,160.0,1,1,1.0
470,1,82.0,379.0,69.0,161.0,1,1,1.0
471,1,86.0,378.0,67.0,159.0,1,1,1.0
472,1,92.0,377.0,61.0,159.0,1,1,1.0
473,1,99.0,375.0,54.0,157.0,1,1,1.0
474,1,107.0,374.0,46.0,156.0,1,1,1.0
475,1,112.0,373.0,44.0,155.0,1,1,1.0
476,1,116.0,373.0,44.0,154.0,1,1,1.0
477,1,120.0,372.0,50.0,155.0,1,1,1.0
479,1,127.0,371.0,65.0,155.0,1,1,1.0
480,1,128.0,371.0,69.0,155.0,1,1,1.0
481,1,129.0,371.0,71.0,155.0,1,1,1.0
482,1,130.0,371.0,73.0,154.0,1,1,1.0
483,1,134.0,370.0,70.0,153.0,1,1,1.0
484,1,141.0,369.0,63.0,152.0,1,1,1.0
485,1,151.0,368.0,54.0,151.0,1,1,1.0
486,1,158.0,366.0,47.0,152.0,1,1,1.0
487,1,164.0,366.0,44.0,152.0,1,1,1.0
488,1,168.0,364.0,43.0,154.0,1,1,1.0
489,1,170.0,363.0,58.0,154.0,1,1,1.0
490,1,167.0,363.0,67.0,155.0,1,1,1.0
491,1,166.0,363.0,77.0,155.0,1,1,1.0
492,1,172.0,366.0,79.0,151.0,1,1,1.0
493,1,178.0,366.0,77.0,150.0,1,1,1.0
494,1,183.0,365.0,72.0,151.0,1,1,1.0
495,1,192.0,364.0,63.0,149.0,1,1,1.0
496,1,202.0,362.0,53.0,150.0,1,1,1.0
497,1,209.0,362.0,46.0,148.0,1,1,1.0
498,1,215.0,363.0,43.0,146.0,1,1,1.0
499,1,220.0,364.0,49.0,144.0,1,1,1.0
500,1,224.0,361.0,58.0,146.0,1,1,1.0
501,1,228.0,360.0,69.0,147.0,1,1,1.0
502,1,229.0,360.0,75.0,147.0,1,1,1.0
503,1,230.0,361.0,78.0,147.0,1,1,1.0
504,1,231.0,359.0,79.0,147.0,1,1,1.0
505,1,233.0,355.0,77.0,150.0,1,1,1.0
506,1,240.0,353.0,70.0,152.0,1,1,1.0
507,1,249.0,353.0,61.0,150.0,1,1,1.0
508,1,259.0,352.0,51.0,150.0,1,1,1.0
509,1,265.0,350.0,47.0,152.0,1,1,1.0
510,1,268.0,349.0,49.0,152.0,1,1,1.0
511,1,269.0,349.0,57.0,152.0,1,1,1.0
512,1,269.0,348.0,67.0,153.0,1,1,1.0
513,1,270.0,348.0,75.0,153.0,1,1,1.0
514,1,273.0,347.0,79.0,154.0,1,1,1.0
515,1,277.0,348.0,79.0,154.0,1,1,1.0
516,1,282.0,347.0,75.0,153.0,1,1,1.0
517,1,288.0,346.0,69.0,153.0,1,1,1.0
518,1,298.0,345.0,59.0,152.0,1,1,1.0
519,1,306.0,344.0,50.0,150.0,1,1,1.0
520,1,311.0,342.0,47.0,149.0,1,1,1.0
521,1,315.0,341.0,46.0,149.0,1,1,1.0
522,1,320.0,340.0,53.0,149.0,1,1,1.0
523,1,324.0,341.0,62.0,148.0,1,1,1.0
524,1,327.0,341.0,69.0,148.0,1,1,1.0
525,1,330.0,340.0,74.0,149.0,1,1,1.0
526,1,331.0,340.0,76.0,149.0,1,1,1.0
527,1,331.0,340.0,78.0,149.0,1,1,1.0
528,1,332.0,340.0,77.0,148.0,1,1,1.0
529,1,335.0,339.0,74.0,147.0,1,1,1.0
530,1,342.0,337.0,67.0,146.0,1,1,1.0
531,1,352.0,335.0,57.0,146.0,1,1,1.0
532,1,361.0,333.0,48.0,147.0,1,1,1.0
533,1,364.0,333.0,46.0,148.0,1,1,1.0
534,1,368.0,332.0,47.0,148.0,1,1,1.0
535,1,366.0,331.0,60.0,149.0,1,1,1.0
536,1,365.0,332.0,71.0,148.0,1,1,1.0
537,1,366.0,332.0,78.0,148.0,1,1,1.0
538,1,371.0,332.0,77.0,149.0,1,1,1.0
539,1,377.0,333.0,75.0,148.0,1,1,1.0
540,1,382.0,332.0,72.0,148.0,1,1,1.0
541,1,386.0,331.0,69.0,148.0,1,1,1.0
542,1,392.0,330.0,63.0,147.0,1,1,1.0
543,1,400.0,329.0,54.0,146.0,1,1,1.0
544,1,408.0,328.0,46.0,145.0,1,1,1.0
545,1,413.0,327.0,44.0,145.0,1,1,1.0
546,1,416.0,326.0,45.0,145.0,1,1,1.0
547,1,420.0,325.0,49.0,145.0,1,1,1.0
548,1,423.0,325.0,60.0,145.0,1,1,1.0
549,1,427.0,325.0,66.0,145.0,1,1,1.0
550,1,429.0,325.0,71.0,145.0,1,1,1.0
551,1,429.0,325.0,73.0,145.0,1,1,1.0
552,1,430.0,325.0,74.0,145.0,1,1,1.0
553,1,431.0,324.0,73.0,144.0,1,1,1.0
554,1,434.0,323.0,70.0,144.0,1,1,1.0
555,1,441.0,322.0,63.0,143.0,1,1,1.0
556,1,450.0,321.0,54.0,142.0,1,1,1.0
557,1,458.0,321.0,45.0,142.0,1,1,1.0
558,1,462.0,320.0,44.0,143.0,1,1,1.0
559,1,462.0,320.0,47.0,143.0,1,1,1.0
560,1,463.0,319.0,50.0,144.0,1,1,1.0
561,1,466.0,318.0,55.0,145.0,1,1,1.0
562,1,468.0,319.0,63.0,145.0,1,1,1.0
563,1,472.0,319.0,64.0,144.0,1,1,1.0
564,1,477.0,319.0,62.0,144.0,1,1,1.0
565,1,481.0,318.0,59.0,144.0,1,1,1.0
566,1,485.0,318.0,55.0,142.0,1,1,1.0
567,1,491.0,316.0,63.0,142.0,1,1,1.0
568,1,499.0,315.0,58.0,140.0,1,1,1.0
569,1,505.0,314.0,53.0,139.0,1,1,1.0
570,1,509.0,313.0,48.0,139.0,1,1,1.0
571,1,512.0,312.0,49.0,140.0,1,1,1.0
572,1,516.0,312.0,55.0,140.0,1,1,1.0
574,1,521.0,312.0,47.0,140.0,1,1,1.0
576,1,521.0,313.0,67.0,139.0,1,1,1.0
577,1,525.0,313.0,68.0,138.0,1,1,1.0
578,1,530.0,312.0,64.0,137.0,1,1,1.0
579,1,537.0,311.0,58.0,136.0,1,1,1.0
580,1,544.0,310.0,50.0,135.0,1,1,1.0
581,1,550.0,309.0,44.0,136.0,1,1,1.0
582,1,554.0,308.0,41.0,137.0,1,1,1.0
583,1,555.0,307.0,43.0,138.0,1,1,1.0
584,1,555.0,307.0,51.0,138.0,1,1,1.0
585,1,557.0,307.0,61.0,139.0,1,1,1.0
586,1,559.0,306.0,66.0,139.0,1,1,1.0
587,1,562.0,307.0,68.0,139.0,1,1,1.0
588,1,565.0,307.0,66.0,139.0,1,1,1.0
589,1,570.0,306.0,63.0,139.0,1,1,1.0
590,1,574.0,306.0,60.0,138.0,1,1,1.0
591,1,580.0,305.0,54.0,137.0,1,1,1.0
592,1,587.0,305.0,46.0,135.0,1,1,1.0
593,1,593.0,304.0,42.0,133.0,1,1,1.0
594,1,597.0,303.0,42.0,133.0,1,1,1.0
595,1,601.0,302.0,44.0,134.0,1,1,1.0
596,1,602.0,301.0,52.0,135.0,1,1,1.0
597,1,608.0,301.0,56.0,135.0,1,1,1.0
598,1,610.0,301.0,63.0,134.0,1,1,1.0
599,1,611.0,302.0,65.0,134.0,1,1,1.0
600,1,611.0,300.0,67.0,135.0,1,1,1.0
601,1,612.0,302.0,67.0,133.0,1,1,1.0
602,1,615.0,301.0,65.0,133.0,1,1,1.0
603,1,620.0,301.0,60.0,132.0,1,1,1.0
604,1,629.0,300.0,51.0,131.0,1,1,1.0
605,1,639.0,299.0,41.0,131.0,1,1,1.0
606,1,644.0,299.0,39.0,131.0,1,1,1.0
607,1,648.0,298.0,39.0,132.0,1,1,1.0
608,1,652.0,297.0,41.0,133.0,1,1,1.0
609,1,655.0,298.0,48.0,132.0,1,1,1.0
610,1,657.0,298.0,52.0,132.0,1,1,1.0
611,1,658.0,298.0,51.0,132.0,1,1,1.0
612,1,658.0,298.0,56.0,131.0,1,1,1.0
613,1,659.0,298.0,59.0,131.0,1,1,1.0
614,1,660.0,297.0,58.0,131.0,1,1,1.0
615,1,666.0,296.0,52.0,131.0,1,1,1.0
616,1,673.0,295.0,44.0,130.0,1,1,1.0
617,1,679.0,295.0,40.0,129.0,1,1,1.0
618,1,683.0,294.0,41.0,129.0,1,1,1.0
619,1,687.0,293.0,42.0,129.0,1,1,1.0
620,1,690.0,293.0,48.0,130.0,1,1,1.0
621,1,693.0,293.0,55.0,129.0,1,1,1.0
622,1,695.0,293.0,60.0,129.0,1,1,1.0
623,1,695.0,293.0,63.0,129.0,1,1,1.0
624,1,695.0,293.0,65.0,129.0,1,1,1.0
625,1,695.0,293.0,65.0,129.0,1,1,1.0
626,1,697.0,293.0,64.0,128.0,1,1,1.0
627,1,701.0,293.0,60.0,127.0,1,1,1.0
628,1,707.0,292.0,54.0,126.0,1,1,1.0
629,1,714.0,292.0,47.0,125.0,1,1,1.0
630,1,723.0,291.0,38.0,126.0,1,1,1.0
632,1,731.0,290.0,36.0,126.0,1,1,1.0
633,1,734.0,290.0,46.0,126.0,1,1,1.0
634,1,736.0,289.0,53.0,127.0,1,1,1.0
635,1,737.0,289.0,59.0,127.0,1,1,1.0
636,1,737.0,290.0,62.0,127.0,1,1,1.0
637,1,737.0,291.0,63.0,126.0,1,1,1.0
638,1,738.0,290.0,64.0,127.0,1,1,1.0
639,1,738.0,288.0,64.0,128.0,1,1,1.0
640,1,740.0,288.0,62.0,128.0,1,1,1.0
641,1,746.0,287.0,56.0,128.0,1,1,1.0
642,1,754.0,287.0,48.0,128.0,1,1,1.0
643,1,760.0,287.0,45.0,129.0,1,1,1.0
644,1,764.0,287.0,48.0,129.0,1,1,1.0
645,1,766.0,287.0,52.0,130.0,1,1,1.0
646,1,768.0,287.0,56.0,131.0,1,1,1.0
647,1,770.0,287.0,59.0,131.0,1,1,1.0
648,1,772.0,289.0,60.0,129.0,1,1,1.0
649,1,774.0,289.0,60.0,129.0,1,1,1.0
650,1,775.0,290.0,58.0,130.0,1,1,1.0
651,1,776.0,290.0,55.0,130.0,1,1,1.0
652,1,777.0,291.0,50.0,130.0,1,1,1.0
653,1,778.0,291.0,43.0,130.0,1,1,1.0
654,1,779.0,291.0,40.0,130.0,1,1,1.0
655,1,780.0,290.0,42.0,130.0,1,1,1.0
656,1,781.0,290.0,44.0,130.0,1,1,1.0
657,1,782.0,290.0,47.0,131.0,1,1,1.0
658,1,784.0,291.0,52.0,130.0,1,1,1.0
659,1,787.0,291.0,53.0,130.0,1,1,1.0
660,1,789.0,292.0,55.0,129.0,1,1,1.0
661,1,791.0,293.0,56.0,129.0,1,1,1.0
662,1,792.0,294.0,55.0,130.0,1,1,1.0
663,1,794.0,295.0,52.0,130.0,1,1,1.0
664,1,795.0,295.0,51.0,131.0,1,1,1.0
665,1,798.0,295.0,48.0,131.0,1,1,1.0
666,1,799.0,294.0,47.0,132.0,1,1,1.0
667,1,803.0,294.0,48.0,132.0,1,1,1.0
668,1,805.0,293.0,50.0,133.0,1,1,1.0
669,1,807.0,293.0,54.0,133.0,1,1,1.0
670,1,810.0,292.0,55.0,135.0,1,1,1.0
671,1,812.0,292.0,55.0,138.0,1,1,1.0
672,1,814.0,293.0,54.0,138.0,1,1,1.0
673,1,816.0,294.0,53.0,137.0,1,1,1.0
674,1,818.0,296.0,51.0,137.0,1,1,1.0
675,1,821.0,297.0,51.0,137.0,1,1,1.0
676,1,823.0,296.0,50.0,138.0,1,1,1.0
677,1,825.0,296.0,49.0,138.0,1,1,1.0
678,1,827.0,297.0,47.0,138.0,1,1,1.0
679,1,829.0,297.0,44.0,137.0,1,1,1.0
680,1,831.0,297.0,42.0,137.0,1,1,1.0
681,1,833.0,297.0,42.0,137.0,1,1,1.0
682,1,836.0,296.0,43.0,138.0,1,1,1.0
683,1,838.0,297.0,48.0,137.0,1,1,1.0
684,1,841.0,298.0,53.0,137.0,1,1,1.0
685,1,844.0,298.0,58.0,137.0,1,1,1.0
686,1,846.0,299.0,61.0,137.0,1,1,1.0
687,1,846.0,299.0,61.0,138.0,1,1,1.0
688,1,847.0,299.0,61.0,139.0,1,1,1.0
689,1,848.0,299.0,60.0,140.0,1,1,1.0
690,1,850.0,299.0,58.0,140.0,1,1,1.0
691,1,855.0,299.0,52.0,140.0,1,1,1.0
692,1,862.0,299.0,47.0,140.0,1,1,1.0
693,1,867.0,299.0,47.0,141.0,1,1,1.0
694,1,870.0,298.0,50.0,142.0,1,1,1.0
695,1,873.0,298.0,56.0,145.0,1,1,1.0
696,1,876.0,299.0,59.0,145.0,1,1,1.0
697,1,879.0,300.0,59.0,145.0,1,1,1.0
698,1,881.0,300.0,58.0,146.0,1,1,1.0
699,1,884.0,300.0,58.0,146.0,1,1,1.0
700,1,887.0,301.0,56.0,147.0,1,1,1.0
701,1,889.0,301.0,53.0,147.0,1,1,1.0
702,1,893.0,301.0,48.0,147.0,1,1,1.0
703,1,896.0,302.0,46.0,146.0,1,1,1.0
704,1,900.0,301.0,45.0,147.0,1,1,1.0
705,1,903.0,301.0,45.0,147.0,1,1,1.0
706,1,906.0,300.0,46.0,148.0,1,1,1.0
707,1,909.0,300.0,53.0,148.0,1,1,1.0
708,1,911.0,301.0,61.0,148.0,1,1,1.0
709,1,912.0,301.0,68.0,148.0,1,1,1.0
710,1,912.0,302.0,72.0,147.0,1,1,1.0
711,1,912.0,303.0,73.0,148.0,1,1,1.0
712,1,914.0,303.0,73.0,149.0,1,1,1.0
713,1,916.0,303.0,71.0,149.0,1,1,1.0
714,1,921.0,303.0,65.0,149.0,1,1,1.0
715,1,929.0,302.0,57.0,150.0,1,1,1.0
716,1,938.0,301.0,50.0,151.0,1,1,1.0
717,1,945.0,301.0,54.0,152.0,1,1,1.0
718,1,949.0,300.0,59.0,155.0,1,1,1.0
719,1,953.0,301.0,62.0,157.0,1,1,1.0
720,1,956.0,301.0,67.0,157.0,1,1,1.0
721,1,958.0,302.0,69.0,157.0,1,1,1.0
722,1,962.0,303.0,70.0,156.0,1,1,1.0
723,1,964.0,305.0,70.0,155.0,1,1,1.0
724,1,966.0,306.0,68.0,155.0,1,1,1.0
725,1,968.0,306.0,64.0,155.0,1,1,1.0
726,1,974.0,306.0,54.0,156.0,1,1,1.0
727,1,978.0,305.0,48.0,156.0,1,1,1.0
728,1,982.0,305.0,45.0,156.0,1,1,1.0
729,1,986.0,305.0,45.0,156.0,1,1,1.0
730,1,989.0,305.0,46.0,156.0,1,1,1.0
731,1,992.0,306.0,52.0,155.0,1,1,1.0
732,1,995.0,307.0,60.0,156.0,1,1,1.0
733,1,996.0,308.0,69.0,156.0,1,1,1.0
734,1,996.0,309.0,72.0,157.0,1,1,1.0
735,1,996.0,309.0,73.0,158.0,1,1,1.0
736,1,996.0,309.0,73.0,159.0,1,1,1.0
737,1,998.0,309.0,71.0,160.0,1,1,1.0
738,1,1004.0,308.0,66.0,160.0,1,1,1.0
739,1,1011.0,308.0,62.0,161.0,1,1,1.0
740,1,1021.0,308.0,58.0,161.0,1,1,1.0
741,1,1029.0,308.0,61.0,162.0,1,1,1.0
742,1,1034.0,308.0,61.0,164.0,1,1,1.0
743,1,1039.0,308.0,60.0,166.0,1,1,1.0
744,1,1043.0,308.0,60.0,166.0,1,1,1.0
745,1,1045.0,309.0,64.0,165.0,1,1,1.0
746,1,1047.0,310.0,66.0,166.0,1,1,1.0
747,1,1048.0,312.0,69.0,166.0,1,1,1.0
748,1,1049.0,313.0,71.0,166.0,1,1,1.0
749,1,1052.0,313.0,70.0,166.0,1,1,1.0
750,1,1060.0,312.0,61.0,166.0,1,1,1.0
751,1,1066.0,312.0,52.0,167.0,1,1,1.0
752,1,1071.0,311.0,49.0,168.0,1,1,1.0
753,1,1075.0,311.0,49.0,168.0,1,1,1.0
754,1,1079.0,311.0,52.0,167.0,1,1,1.0
755,1,1081.0,313.0,61.0,166.0,1,1,1.0
756,1,1083.0,314.0,70.0,166.0,1,1,1.0
757,1,1085.0,315.0,76.0,166.0,1,1,1.0
758,1,1085.0,316.0,77.0,166.0,1,1,1.0
759,1,1085.0,317.0,78.0,167.0,1,1,1.0
760,1,1086.0,317.0,78.0,168.0,1,1,1.0
761,1,1090.0,317.0,75.0,168.0,1,1,1.0
762,1,1096.0,316.0,68.0,169.0,1,1,1.0
763,1,1105.0,316.0,59.0,169.0,1,1,1.0
764,1,1115.0,315.0,60.0,170.0,1,1,1.0
765,1,1123.0,315.0,59.0,173.0,1,1,1.0
766,1,1127.0,315.0,63.0,175.0,1,1,1.0
767,1,1132.0,316.0,67.0,177.0,1,1,1.0
768,1,1136.0,317.0,69.0,177.0,1,1,1.0
769,1,1138.0,319.0,71.0,177.0,1,1,1.0
770,1,1139.0,320.0,73.0,177.0,1,1,1.0
771,1,1139.0,321.0,74.0,178.0,1,1,1.0
772,1,1140.0,322.0,73.0,179.0,1,1,1.0
773,1,1144.0,322.0,66.0,179.0,1,1,1.0
774,1,1155.0,322.0,51.0,179.0,1,1,1.0
775,1,1161.0,322.0,48.0,179.0,1,1,1.0
776,1,1167.0,322.0,47.0,179.0,1,1,1.0
777,1,1170.0,321.0,49.0,179.0,1,1,1.0
778,1,1172.0,322.0,59.0,179.0,1,1,1.0
779,1,1172.0,324.0,71.0,180.0,1,1,1.0
780,1,1172.0,326.0,82.0,180.0,1,1,1.0
781,1,1172.0,327.0,88.0,180.0,1,1,1.0
782,1,1172.0,329.0,90.0,181.0,1,1,1.0
783,1,1172.0,330.0,90.0,182.0,1,1,1.0
784,1,1175.0,331.0,88.0,182.0,1,1,1.0
785,1,1181.0,331.0,81.0,183.0,1,1,1.0
786,1,1191.0,331.0,72.0,183.0,1,1,1.0
787,1,1201.0,331.0,68.0,183.0,1,1,1.0
788,1,1215.0,330.0,67.0,183.0,1,1,1.0
789,1,1226.0,331.0,69.0,186.0,1,1,1.0
790,1,1232.0,332.0,71.0,188.0,1,1,1.0
791,1,1235.0,333.0,65.0,190.0,1,1,1.0
792,1,1236.0,335.0,70.0,190.0,1,1,1.0
