1,1,1048.0,649.0,81.0,243.0,1,1,1.0
2,1,1044.0,649.0,83.0,243.0,1,1,1.0
3,1,1042.0,648.0,84.0,244.0,1,1,1.0
4,1,1041.0,647.0,83.0,245.0,1,1,1.0
5,1,1040.0,646.0,82.0,246.0,1,1,1.0
6,1,1039.0,645.0,81.0,246.0,1,1,1.0
7,1,1039.0,642.0,79.0,244.0,1,1,1.0
8,1,1038.0,640.0,77.0,237.0,1,1,1.0
9,1,1039.0,637.0,74.0,231.0,1,1,1.0
10,1,1039.0,634.0,72.0,228.0,1,1,1.0
11,1,1037.0,632.0,71.0,227.0,1,1,1.0
12,1,1034.0,631.0,73.0,228.0,1,1,1.0
13,1,1031.0,631.0,75.0,228.0,1,1,1.0
14,1,1027.0,631.0,77.0,229.0,1,1,1.0
15,1,1025.0,631.0,79.0,228.0,1,1,1.0
16,1,1022.0,631.0,78.0,228.0,1,1,1.0
17,1,1019.0,630.0,77.0,227.0,1,1,1.0
18,1,1017.0,628.0,75.0,225.0,1,1,1.0
19,1,1013.0,627.0,75.0,221.0,1,1,1.0
20,1,1010.0,624.0,74.0,216.0,1,1,1.0
21,1,1009.0,622.0,73.0,214.0,1,1,1.0
22,1,1007.0,620.0,74.0,215.0,1,1,1.0
23,1,1005.0,619.0,75.0,216.0,1,1,1.0
24,1,1003.0,619.0,76.0,217.0,1,1,1.0
25,1,1002.0,618.0,76.0,217.0,1,1,1.0
26,1,1001.0,618.0,76.0,217.0,1,1,1.0
27,1,1001.0,618.0,75.0,217.0,1,1,1.0
28,1,1001.0,617.0,72.0,217.0,1,1,1.0
29,1,1002.0,615.0,70.0,215.0,1,1,1.0
30,1,1002.0,613.0,69.0,211.0,1,1,1.0
31,1,1002.0,610.0,67.0,206.0,1,1,1.0
32,1,1002.0,609.0,67.0,204.0,1,1,1.0
33,1,1001.0,607.0,67.0,204.0,1,1,1.0
34,1,999.0,606.0,67.0,204.0,1,1,1.0
35,1,997.0,606.0,67.0,204.0,1,1,1.0
36,1,994.0,606.0,68.0,204.0,1,1,1.0
37,1,992.0,606.0,69.0,204.0,1,1,1.0
38,1,990.0,606.0,68.0,204.0,1,1,1.0
39,1,989.0,606.0,68.0,203.0,1,1,1.0
40,1,988.0,604.0,68.0,202.0,1,1,1.0
41,1,987.0,602.0,67.0,199.0,1,1,1.0
42,1,986.0,600.0,65.0,194.0,1,1,1.0
43,1,985.0,598.0,65.0,193.0,1,1,1.0
44,1,984.0,596.0,66.0,193.0,1,1,1.0
45,1,983.0,595.0,67.0,194.0,1,1,1.0
46,1,983.0,595.0,68.0,195.0,1,1,1.0
47,1,983.0,594.0,67.0,195.0,1,1,1.0
48,1,983.0,594.0,67.0,195.0,1,1,1.0
49,1,984.0,594.0,66.0,195.0,1,1,1.0
50,1,985.0,594.0,64.0,194.0,1,1,1.0
51,1,985.0,593.0,63.0,192.0,1,1,1.0
52,1,987.0,592.0,61.0,188.0,1,1,1.0
53,1,987.0,589.0,60.0,185.0,1,1,1.0
54,1,987.0,588.0,59.0,184.0,1,1,1.0
55,1,987.0,586.0,59.0,184.0,1,1,1.0
56,1,988.0,585.0,58.0,185.0,1,1,1.0
57,1,986.0,585.0,58.0,185.0,1,1,1.0
58,1,985.0,585.0,59.0,185.0,1,1,1.0
59,1,983.0,586.0,60.0,184.0,1,1,1.0
60,1,981.0,586.0,60.0,184.0,1,1,1.0
61,1,980.0,585.0,60.0,183.0,1,1,1.0
62,1,979.0,584.0,60.0,182.0,1,1,1.0
63,1,978.0,583.0,59.0,180.0,1,1,1.0
64,1,978.0,582.0,58.0,177.0,1,1,1.0
65,1,978.0,580.0,57.0,175.0,1,1,1.0
66,1,978.0,579.0,58.0,175.0,1,1,1.0
67,1,977.0,578.0,57.0,175.0,1,1,1.0
68,1,977.0,578.0,57.0,176.0,1,1,1.0
69,1,978.0,578.0,56.0,176.0,1,1,1.0
70,1,977.0,578.0,56.0,176.0,1,1,1.0
71,1,977.0,578.0,56.0,176.0,1,1,1.0
72,1,977.0,578.0,56.0,175.0,1,1,1.0
73,1,976.0,577.0,56.0,174.0,1,1,1.0
74,1,976.0,576.0,56.0,173.0,1,1,1.0
75,1,975.0,574.0,56.0,171.0,1,1,1.0
76,1,975.0,573.0,56.0,168.0,1,1,1.0
77,1,975.0,572.0,55.0,167.0,1,1,1.0
78,1,974.0,572.0,54.0,166.0,1,1,1.0
79,1,973.0,572.0,54.0,167.0,1,1,1.0
80,1,972.0,571.0,55.0,167.0,1,1,1.0
81,1,970.0,571.0,56.0,167.0,1,1,1.0
82,1,968.0,572.0,56.0,167.0,1,1,1.0
83,1,967.0,571.0,56.0,167.0,1,1,1.0
84,1,966.0,571.0,55.0,166.0,1,1,1.0
85,1,965.0,570.0,55.0,165.0,1,1,1.0
86,1,964.0,568.0,54.0,162.0,1,1,1.0
87,1,964.0,566.0,52.0,161.0,1,1,1.0
88,1,964.0,565.0,53.0,161.0,1,1,1.0
89,1,962.0,564.0,54.0,162.0,1,1,1.0
90,1,961.0,564.0,55.0,162.0,1,1,1.0
91,1,960.0,564.0,56.0,162.0,1,1,1.0
92,1,960.0,564.0,56.0,162.0,1,1,1.0
93,1,960.0,564.0,56.0,162.0,1,1,1.0
94,1,959.0,564.0,54.0,161.0,1,1,1.0
95,1,959.0,564.0,53.0,160.0,1,1,1.0
96,1,959.0,563.0,53.0,159.0,1,1,1.0
97,1,959.0,563.0,52.0,155.0,1,1,1.0
98,1,960.0,562.0,51.0,153.0,1,1,1.0
99,1,959.0,560.0,51.0,153.0,1,1,1.0
100,1,959.0,559.0,51.0,154.0,1,1,1.0
101,1,958.0,559.0,51.0,154.0,1,1,1.0
102,1,957.0,559.0,53.0,154.0,1,1,1.0
103,1,955.0,560.0,54.0,153.0,1,1,1.0
104,1,953.0,560.0,51.0,153.0,1,1,1.0
105,1,952.0,560.0,51.0,152.0,1,1,1.0
106,1,950.0,560.0,51.0,151.0,1,1,1.0
107,1,949.0,560.0,51.0,150.0,1,1,1.0
108,1,949.0,559.0,50.0,148.0,1,1,1.0
109,1,949.0,557.0,49.0,147.0,1,1,1.0
110,1,948.0,556.0,50.0,147.0,1,1,1.0
111,1,947.0,555.0,51.0,148.0,1,1,1.0
112,1,946.0,555.0,53.0,148.0,1,1,1.0
113,1,945.0,555.0,53.0,148.0,1,1,1.0
114,1,944.0,555.0,54.0,148.0,1,1,1.0
115,1,944.0,555.0,53.0,149.0,1,1,1.0
116,1,944.0,555.0,53.0,148.0,1,1,1.0
117,1,945.0,555.0,53.0,147.0,1,1,1.0
118,1,945.0,554.0,52.0,146.0,1,1,1.0
119,1,945.0,553.0,52.0,143.0,1,1,1.0
120,1,945.0,552.0,51.0,142.0,1,1,1.0
121,1,946.0,551.0,49.0,141.0,1,1,1.0
122,1,946.0,551.0,47.0,141.0,1,1,1.0
123,1,945.0,551.0,47.0,141.0,1,1,1.0
124,1,945.0,551.0,48.0,142.0,1,1,1.0
125,1,944.0,551.0,49.0,141.0,1,1,1.0
126,1,943.0,551.0,48.0,141.0,1,1,1.0
127,1,942.0,551.0,48.0,141.0,1,1,1.0
128,1,941.0,551.0,47.0,140.0,1,1,1.0
129,1,940.0,550.0,46.0,140.0,1,1,1.0
130,1,940.0,549.0,45.0,138.0,1,1,1.0
131,1,939.0,548.0,45.0,137.0,1,1,1.0
132,1,938.0,548.0,46.0,136.0,1,1,1.0
133,1,938.0,547.0,46.0,136.0,1,1,1.0
134,1,937.0,547.0,47.0,136.0,1,1,1.0
135,1,937.0,547.0,47.0,136.0,1,1,1.0
136,1,938.0,547.0,46.0,137.0,1,1,1.0
137,1,937.0,547.0,46.0,137.0,1,1,1.0
138,1,938.0,547.0,45.0,137.0,1,1,1.0
139,1,937.0,547.0,45.0,136.0,1,1,1.0
140,1,938.0,547.0,45.0,136.0,1,1,1.0
141,1,938.0,546.0,44.0,135.0,1,1,1.0
142,1,939.0,545.0,43.0,133.0,1,1,1.0
143,1,939.0,543.0,43.0,132.0,1,1,1.0
144,1,939.0,543.0,42.0,132.0,1,1,1.0
145,1,939.0,542.0,42.0,132.0,1,1,1.0
146,1,938.0,542.0,42.0,132.0,1,1,1.0
147,1,937.0,542.0,43.0,132.0,1,1,1.0
148,1,935.0,542.0,45.0,132.0,1,1,1.0
149,1,934.0,542.0,47.0,132.0,1,1,1.0
150,1,933.0,542.0,48.0,132.0,1,1,1.0
151,1,933.0,542.0,47.0,132.0,1,1,1.0
152,1,933.0,542.0,47.0,131.0,1,1,1.0
153,1,934.0,541.0,46.0,129.0,1,1,1.0
154,1,934.0,541.0,45.0,127.0,1,1,1.0
155,1,934.0,540.0,45.0,126.0,1,1,1.0
156,1,932.0,540.0,46.0,127.0,1,1,1.0
157,1,931.0,539.0,47.0,127.0,1,1,1.0
158,1,931.0,539.0,48.0,127.0,1,1,1.0
159,1,930.0,539.0,48.0,127.0,1,1,1.0
160,1,931.0,539.0,47.0,127.0,1,1,1.0
161,1,931.0,539.0,47.0,127.0,1,1,1.0
162,1,931.0,539.0,47.0,127.0,1,1,1.0
163,1,931.0,539.0,47.0,127.0,1,1,1.0
164,1,931.0,538.0,46.0,126.0,1,1,1.0
165,1,932.0,537.0,45.0,124.0,1,1,1.0
166,1,932.0,536.0,44.0,124.0,1,1,1.0
167,1,933.0,536.0,44.0,123.0,1,1,1.0
168,1,933.0,536.0,43.0,123.0,1,1,1.0
169,1,932.0,536.0,43.0,122.0,1,1,1.0
170,1,932.0,536.0,42.0,123.0,1,1,1.0
171,1,931.0,535.0,41.0,123.0,1,1,1.0
172,1,930.0,536.0,41.0,123.0,1,1,1.0
173,1,930.0,536.0,40.0,123.0,1,1,1.0
174,1,929.0,536.0,40.0,122.0,1,1,1.0
175,1,927.0,535.0,40.0,122.0,1,1,1.0
176,1,926.0,534.0,41.0,120.0,1,1,1.0
177,1,925.0,533.0,40.0,120.0,1,1,1.0
178,1,923.0,532.0,40.0,120.0,1,1,1.0
179,1,922.0,532.0,41.0,120.0,1,1,1.0
180,1,920.0,531.0,42.0,120.0,1,1,1.0
181,1,920.0,531.0,42.0,120.0,1,1,1.0
182,1,920.0,531.0,41.0,120.0,1,1,1.0
183,1,920.0,531.0,42.0,120.0,1,1,1.0
184,1,920.0,532.0,42.0,120.0,1,1,1.0
185,1,919.0,532.0,42.0,120.0,1,1,1.0
186,1,919.0,531.0,41.0,119.0,1,1,1.0
187,1,919.0,530.0,41.0,118.0,1,1,1.0
188,1,919.0,530.0,40.0,117.0,1,1,1.0
189,1,919.0,529.0,39.0,116.0,1,1,1.0
190,1,919.0,529.0,39.0,115.0,1,1,1.0
191,1,919.0,529.0,39.0,116.0,1,1,1.0
192,1,918.0,529.0,40.0,116.0,1,1,1.0
193,1,918.0,529.0,40.0,116.0,1,1,1.0
194,1,918.0,530.0,40.0,116.0,1,1,1.0
195,1,918.0,530.0,40.0,116.0,1,1,1.0
196,1,917.0,529.0,39.0,115.0,1,1,1.0
197,1,916.0,529.0,39.0,114.0,1,1,1.0
198,1,913.0,528.0,40.0,112.0,1,1,1.0
199,1,911.0,527.0,39.0,112.0,1,1,1.0
200,1,909.0,526.0,38.0,112.0,1,1,1.0
201,1,908.0,526.0,39.0,113.0,1,1,1.0
202,1,908.0,525.0,39.0,113.0,1,1,1.0
203,1,908.0,525.0,39.0,113.0,1,1,1.0
204,1,907.0,526.0,40.0,113.0,1,1,1.0
205,1,907.0,526.0,40.0,113.0,1,1,1.0
206,1,907.0,526.0,40.0,113.0,1,1,1.0
207,1,907.0,526.0,38.0,112.0,1,1,1.0
208,1,907.0,526.0,38.0,111.0,1,1,1.0
209,1,907.0,525.0,38.0,110.0,1,1,1.0
210,1,907.0,525.0,37.0,109.0,1,1,1.0
211,1,908.0,525.0,37.0,108.0,1,1,1.0
212,1,907.0,524.0,38.0,108.0,1,1,1.0
213,1,907.0,524.0,38.0,108.0,1,1,1.0
214,1,906.0,524.0,38.0,108.0,1,1,1.0
215,1,906.0,524.0,39.0,108.0,1,1,1.0
216,1,906.0,524.0,38.0,108.0,1,1,1.0
217,1,905.0,524.0,38.0,108.0,1,1,1.0
218,1,904.0,524.0,38.0,109.0,1,1,1.0
219,1,903.0,523.0,38.0,108.0,1,1,1.0
220,1,903.0,523.0,37.0,107.0,1,1,1.0
221,1,902.0,522.0,36.0,106.0,1,1,1.0
222,1,902.0,521.0,37.0,106.0,1,1,1.0
223,1,901.0,521.0,37.0,105.0,1,1,1.0
224,1,901.0,521.0,37.0,105.0,1,1,1.0
225,1,900.0,521.0,36.0,105.0,1,1,1.0
226,1,900.0,520.0,36.0,106.0,1,1,1.0
227,1,900.0,520.0,35.0,106.0,1,1,1.0
228,1,900.0,521.0,35.0,105.0,1,1,1.0
229,1,900.0,521.0,35.0,105.0,1,1,1.0
230,1,901.0,521.0,34.0,106.0,1,1,1.0
231,1,902.0,520.0,33.0,106.0,1,1,1.0
232,1,903.0,519.0,32.0,105.0,1,1,1.0
233,1,904.0,519.0,32.0,104.0,1,1,1.0
234,1,904.0,518.0,32.0,104.0,1,1,1.0
235,1,904.0,518.0,32.0,104.0,1,1,1.0
236,1,904.0,518.0,32.0,103.0,1,1,1.0
237,1,903.0,518.0,32.0,103.0,1,1,1.0
238,1,903.0,518.0,33.0,102.0,1,1,1.0
239,1,902.0,518.0,33.0,102.0,1,1,1.0
240,1,902.0,518.0,33.0,103.0,1,1,1.0
241,1,901.0,518.0,34.0,103.0,1,1,1.0
242,1,900.0,518.0,35.0,103.0,1,1,1.0
243,1,899.0,517.0,35.0,103.0,1,1,1.0
244,1,898.0,517.0,35.0,102.0,1,1,1.0
245,1,898.0,517.0,35.0,100.0,1,1,1.0
246,1,898.0,517.0,34.0,100.0,1,1,1.0
247,1,898.0,517.0,34.0,100.0,1,1,1.0
248,1,897.0,516.0,34.0,100.0,1,1,1.0
249,1,897.0,516.0,34.0,100.0,1,1,1.0
250,1,898.0,516.0,33.0,100.0,1,1,1.0
251,1,899.0,516.0,32.0,100.0,1,1,1.0
252,1,899.0,516.0,32.0,101.0,1,1,1.0
253,1,901.0,516.0,30.0,100.0,1,1,1.0
254,1,902.0,517.0,30.0,100.0,1,1,1.0
255,1,903.0,516.0,30.0,100.0,1,1,1.0
256,1,904.0,516.0,30.0,99.0,1,1,1.0
257,1,904.0,516.0,30.0,98.0,1,1,1.0
258,1,905.0,515.0,31.0,98.0,1,1,1.0
259,1,905.0,515.0,31.0,97.0,1,1,1.0
260,1,905.0,515.0,32.0,97.0,1,1,1.0
261,1,906.0,515.0,32.0,97.0,1,1,1.0
262,1,906.0,515.0,32.0,98.0,1,1,1.0
263,1,906.0,515.0,33.0,98.0,1,1,1.0
264,1,906.0,515.0,33.0,97.0,1,1,1.0
265,1,906.0,515.0,33.0,97.0,1,1,1.0
266,1,906.0,515.0,34.0,97.0,1,1,1.0
267,1,910.0,515.0,31.0,97.0,1,1,1.0
268,1,913.0,515.0,27.0,97.0,1,1,1.0
269,1,915.0,514.0,27.0,97.0,1,1,1.0
270,1,917.0,514.0,26.0,97.0,1,1,1.0
271,1,919.0,513.0,25.0,97.0,1,1,1.0
272,1,921.0,513.0,24.0,97.0,1,1,1.0
273,1,923.0,513.0,25.0,97.0,1,1,1.0
274,1,923.0,513.0,27.0,97.0,1,1,1.0
275,1,924.0,514.0,31.0,96.0,1,1,1.0
276,1,924.0,514.0,35.0,96.0,1,1,1.0
277,1,925.0,514.0,39.0,96.0,1,1,1.0
278,1,925.0,515.0,41.0,95.0,1,1,1.0
279,1,925.0,515.0,42.0,95.0,1,1,1.0
280,1,926.0,515.0,41.0,96.0,1,1,1.0
281,1,928.0,514.0,38.0,96.0,1,1,1.0
282,1,932.0,514.0,34.0,96.0,1,1,1.0
283,1,939.0,514.0,28.0,96.0,1,1,1.0
284,1,943.0,514.0,26.0,96.0,1,1,1.0
285,1,946.0,514.0,27.0,96.0,1,1,1.0
286,1,948.0,514.0,30.0,96.0,1,1,1.0
287,1,950.0,514.0,33.0,96.0,1,1,1.0
288,1,951.0,514.0,39.0,97.0,1,1,1.0
289,1,951.0,515.0,45.0,96.0,1,1,1.0
290,1,951.0,515.0,48.0,96.0,1,1,1.0
291,1,952.0,515.0,49.0,97.0,1,1,1.0
292,1,952.0,515.0,50.0,97.0,1,1,1.0
293,1,952.0,515.0,49.0,98.0,1,1,1.0
294,1,956.0,515.0,46.0,98.0,1,1,1.0
295,1,961.0,514.0,41.0,98.0,1,1,1.0
296,1,966.0,514.0,37.0,98.0,1,1,1.0
297,1,973.0,514.0,35.0,99.0,1,1,1.0
298,1,977.0,514.0,34.0,99.0,1,1,1.0
299,1,979.0,514.0,34.0,100.0,1,1,1.0
300,1,981.0,515.0,34.0,100.0,1,1,1.0
301,1,983.0,516.0,33.0,100.0,1,1,1.0
302,1,985.0,516.0,34.0,100.0,1,1,1.0
303,1,986.0,516.0,34.0,100.0,1,1,1.0
304,1,987.0,517.0,33.0,100.0,1,1,1.0
305,1,990.0,517.0,32.0,100.0,1,1,1.0
306,1,994.0,517.0,29.0,100.0,1,1,1.0
307,1,997.0,517.0,27.0,101.0,1,1,1.0
308,1,1000.0,516.0,28.0,101.0,1,1,1.0
309,1,1002.0,516.0,30.0,101.0,1,1,1.0
310,1,1004.0,516.0,31.0,101.0,1,1,1.0
311,1,1005.0,516.0,34.0,101.0,1,1,1.0
312,1,1006.0,517.0,39.0,101.0,1,1,1.0
313,1,1006.0,518.0,44.0,101.0,1,1,1.0
314,1,1006.0,518.0,46.0,100.0,1,1,1.0
315,1,1007.0,519.0,47.0,100.0,1,1,1.0
316,1,1008.0,519.0,47.0,101.0,1,1,1.0
317,1,1009.0,519.0,46.0,101.0,1,1,1.0
318,1,1013.0,519.0,43.0,102.0,1,1,1.0
319,1,1018.0,518.0,39.0,102.0,1,1,1.0
320,1,1024.0,519.0,36.0,102.0,1,1,1.0
321,1,1028.0,518.0,37.0,103.0,1,1,1.0
322,1,1031.0,518.0,37.0,103.0,1,1,1.0
323,1,1033.0,519.0,39.0,104.0,1,1,1.0
324,1,1034.0,519.0,40.0,104.0,1,1,1.0
325,1,1036.0,521.0,42.0,104.0,1,1,1.0
326,1,1038.0,521.0,41.0,103.0,1,1,1.0
327,1,1039.0,522.0,40.0,103.0,1,1,1.0
328,1,1042.0,522.0,38.0,104.0,1,1,1.0
329,1,1045.0,522.0,35.0,104.0,1,1,1.0
330,1,1049.0,522.0,32.0,104.0,1,1,1.0
331,1,1052.0,522.0,31.0,104.0,1,1,1.0
332,1,1054.0,522.0,30.0,104.0,1,1,1.0
333,1,1057.0,521.0,31.0,104.0,1,1,1.0
334,1,1059.0,522.0,33.0,105.0,1,1,1.0
335,1,1061.0,522.0,37.0,105.0,1,1,1.0
336,1,1062.0,522.0,40.0,105.0,1,1,1.0
337,1,1063.0,523.0,42.0,105.0,1,1,1.0
338,1,1063.0,524.0,42.0,105.0,1,1,1.0
339,1,1064.0,524.0,42.0,105.0,1,1,1.0
340,1,1065.0,524.0,42.0,106.0,1,1,1.0
341,1,1067.0,524.0,40.0,106.0,1,1,1.0
342,1,1070.0,524.0,38.0,106.0,1,1,1.0
343,1,1075.0,524.0,36.0,106.0,1,1,1.0
344,1,1078.0,524.0,37.0,106.0,1,1,1.0
345,1,1078.0,524.0,39.0,107.0,1,1,1.0
346,1,1079.0,524.0,42.0,108.0,1,1,1.0
347,1,1082.0,525.0,43.0,108.0,1,1,1.0
348,1,1084.0,525.0,43.0,108.0,1,1,1.0
349,1,1086.0,526.0,42.0,108.0,1,1,1.0
350,1,1089.0,527.0,41.0,108.0,1,1,1.0
351,1,1091.0,527.0,39.0,108.0,1,1,1.0
352,1,1093.0,527.0,36.0,108.0,1,1,1.0
353,1,1098.0,527.0,32.0,109.0,1,1,1.0
354,1,1100.0,527.0,31.0,109.0,1,1,1.0
355,1,1103.0,527.0,30.0,109.0,1,1,1.0
356,1,1105.0,526.0,31.0,109.0,1,1,1.0
357,1,1107.0,526.0,33.0,109.0,1,1,1.0
358,1,1109.0,527.0,36.0,109.0,1,1,1.0
359,1,1110.0,527.0,41.0,109.0,1,1,1.0
360,1,1111.0,528.0,46.0,110.0,1,1,1.0
361,1,1111.0,528.0,48.0,110.0,1,1,1.0
362,1,1111.0,529.0,48.0,110.0,1,1,1.0
363,1,1112.0,529.0,48.0,111.0,1,1,1.0
364,1,1114.0,529.0,46.0,111.0,1,1,1.0
365,1,1117.0,528.0,44.0,111.0,1,1,1.0
366,1,1122.0,528.0,40.0,111.0,1,1,1.0
367,1,1129.0,528.0,36.0,112.0,1,1,1.0
368,1,1132.0,528.0,34.0,112.0,1,1,1.0
369,1,1134.0,528.0,37.0,113.0,1,1,1.0
370,1,1135.0,528.0,39.0,113.0,1,1,1.0
371,1,1136.0,529.0,43.0,123.0,1,1,1.0
372,1,1139.0,530.0,43.0,127.0,1,1,1.0
373,1,1142.0,531.0,42.0,127.0,1,1,1.0
374,1,1143.0,532.0,42.0,127.0,1,1,1.0
375,1,1144.0,532.0,41.0,125.0,1,1,1.0
376,1,1148.0,532.0,38.0,126.0,1,1,1.0
377,1,1156.0,531.0,32.0,127.0,1,1,1.0
378,1,1159.0,531.0,33.0,127.0,1,1,1.0
379,1,1162.0,531.0,33.0,127.0,1,1,1.0
380,1,1164.0,531.0,35.0,127.0,1,1,1.0
381,1,1166.0,531.0,38.0,125.0,1,1,1.0
382,1,1168.0,532.0,43.0,120.0,1,1,1.0
383,1,1169.0,533.0,48.0,117.0,1,1,1.0
384,1,1170.0,534.0,51.0,116.0,1,1,1.0
385,1,1171.0,535.0,52.0,117.0,1,1,1.0
386,1,1171.0,535.0,54.0,117.0,1,1,1.0
387,1,1173.0,535.0,52.0,116.0,1,1,1.0
388,1,1173.0,535.0,52.0,117.0,1,1,1.0
389,1,1180.0,535.0,47.0,116.0,1,1,1.0
390,1,1187.0,535.0,41.0,115.0,1,1,1.0
391,1,1191.0,535.0,42.0,115.0,1,1,1.0
392,1,1193.0,535.0,44.0,116.0,1,1,1.0
393,1,1198.0,535.0,40.0,116.0,1,1,1.0
394,1,1200.0,536.0,43.0,117.0,1,1,1.0
395,1,1201.0,537.0,45.0,117.0,1,1,1.0
396,1,1202.0,537.0,46.0,117.0,1,1,1.0
397,1,1205.0,538.0,45.0,117.0,1,1,1.0
398,1,1207.0,539.0,46.0,117.0,1,1,1.0
399,1,1210.0,539.0,44.0,117.0,1,1,1.0
400,1,1218.0,538.0,37.0,117.0,1,1,1.0
401,1,1224.0,538.0,33.0,118.0,1,1,1.0
402,1,1228.0,537.0,32.0,118.0,1,1,1.0
403,1,1231.0,538.0,34.0,118.0,1,1,1.0
404,1,1234.0,538.0,37.0,119.0,1,1,1.0
405,1,1235.0,538.0,40.0,118.0,1,1,1.0
406,1,1236.0,539.0,42.0,117.0,1,1,1.0
407,1,1236.0,539.0,45.0,117.0,1,1,1.0
408,1,1237.0,540.0,50.0,117.0,1,1,1.0
409,1,1238.0,540.0,56.0,119.0,1,1,1.0
410,1,1239.0,540.0,57.0,120.0,1,1,1.0
411,1,1241.0,541.0,55.0,120.0,1,1,1.0
412,1,1247.0,541.0,52.0,120.0,1,1,1.0
413,1,1253.0,541.0,46.0,121.0,1,1,1.0
414,1,1261.0,541.0,40.0,120.0,1,1,1.0
415,1,1265.0,541.0,42.0,121.0,1,1,1.0
416,1,1269.0,540.0,41.0,123.0,1,1,1.0
417,1,1272.0,541.0,41.0,123.0,1,1,1.0
418,1,1274.0,541.0,47.0,124.0,1,1,1.0
419,1,1276.0,542.0,49.0,124.0,1,1,1.0
420,1,1277.0,543.0,51.0,124.0,1,1,1.0
421,1,1279.0,544.0,51.0,123.0,1,1,1.0
422,1,1286.0,545.0,46.0,123.0,1,1,1.0
423,1,1288.0,544.0,45.0,123.0,1,1,1.0
424,1,1296.0,544.0,37.0,124.0,1,1,1.0
425,1,1301.0,544.0,33.0,124.0,1,1,1.0
426,1,1304.0,544.0,33.0,124.0,1,1,1.0
427,1,1307.0,544.0,37.0,124.0,1,1,1.0
428,1,1310.0,544.0,39.0,124.0,1,1,1.0
429,1,1311.0,544.0,44.0,124.0,1,1,1.0
430,1,1312.0,545.0,51.0,125.0,1,1,1.0
431,1,1313.0,546.0,54.0,125.0,1,1,1.0
432,1,1313.0,546.0,56.0,125.0,1,1,1.0
433,1,1313.0,547.0,57.0,126.0,1,1,1.0
434,1,1314.0,547.0,58.0,126.0,1,1,1.0
435,1,1315.0,547.0,57.0,127.0,1,1,1.0
436,1,1322.0,547.0,51.0,126.0,1,1,1.0
437,1,1329.0,548.0,46.0,126.0,1,1,1.0
438,1,1336.0,548.0,43.0,126.0,1,1,1.0
439,1,1339.0,547.0,42.0,127.0,1,1,1.0
440,1,1342.0,547.0,41.0,129.0,1,1,1.0
441,1,1344.0,548.0,43.0,129.0,1,1,1.0
442,1,1348.0,548.0,47.0,129.0,1,1,1.0
443,1,1350.0,549.0,52.0,129.0,1,1,1.0
444,1,1351.0,550.0,52.0,129.0,1,1,1.0
445,1,1353.0,551.0,53.0,129.0,1,1,1.0
446,1,1354.0,551.0,52.0,129.0,1,1,1.0
447,1,1356.0,551.0,49.0,129.0,1,1,1.0
448,1,1362.0,551.0,45.0,129.0,1,1,1.0
449,1,1372.0,551.0,39.0,129.0,1,1,1.0
450,1,1378.0,551.0,37.0,129.0,1,1,1.0
451,1,1382.0,550.0,37.0,130.0,1,1,1.0
452,1,1385.0,551.0,40.0,130.0,1,1,1.0
453,1,1387.0,552.0,44.0,130.0,1,1,1.0
454,1,1387.0,552.0,50.0,130.0,1,1,1.0
455,1,1387.0,553.0,56.0,131.0,1,1,1.0
456,1,1387.0,553.0,59.0,132.0,1,1,1.0
457,1,1388.0,554.0,61.0,132.0,1,1,1.0
458,1,1389.0,554.0,61.0,132.0,1,1,1.0
459,1,1393.0,555.0,58.0,132.0,1,1,1.0
460,1,1399.0,555.0,52.0,132.0,1,1,1.0
461,1,1407.0,555.0,46.0,132.0,1,1,1.0
462,1,1416.0,555.0,45.0,132.0,1,1,1.0
463,1,1419.0,555.0,43.0,133.0,1,1,1.0
464,1,1421.0,556.0,41.0,134.0,1,1,1.0
465,1,1424.0,556.0,45.0,134.0,1,1,1.0
466,1,1427.0,557.0,50.0,134.0,1,1,1.0
467,1,1428.0,558.0,54.0,134.0,1,1,1.0
468,1,1429.0,559.0,55.0,134.0,1,1,1.0
469,1,1430.0,559.0,58.0,134.0,1,1,1.0
470,1,1434.0,559.0,55.0,134.0,1,1,1.0
471,1,1441.0,559.0,49.0,135.0,1,1,1.0
472,1,1451.0,559.0,40.0,135.0,1,1,1.0
473,1,1457.0,559.0,37.0,135.0,1,1,1.0
474,1,1462.0,559.0,38.0,135.0,1,1,1.0
475,1,1464.0,559.0,41.0,135.0,1,1,1.0
476,1,1465.0,560.0,48.0,135.0,1,1,1.0
477,1,1465.0,561.0,56.0,135.0,1,1,1.0
478,1,1465.0,562.0,61.0,135.0,1,1,1.0
479,1,1465.0,562.0,65.0,135.0,1,1,1.0
480,1,1465.0,562.0,67.0,136.0,1,1,1.0
481,1,1466.0,562.0,67.0,136.0,1,1,1.0
482,1,1470.0,562.0,63.0,137.0,1,1,1.0
483,1,1477.0,562.0,58.0,137.0,1,1,1.0
484,1,1485.0,562.0,51.0,136.0,1,1,1.0
485,1,1495.0,562.0,46.0,136.0,1,1,1.0
486,1,1501.0,562.0,46.0,137.0,1,1,1.0
487,1,1503.0,563.0,46.0,138.0,1,1,1.0
488,1,1505.0,563.0,47.0,139.0,1,1,1.0
489,1,1508.0,563.0,51.0,139.0,1,1,1.0
490,1,1510.0,564.0,54.0,139.0,1,1,1.0
491,1,1511.0,565.0,56.0,139.0,1,1,1.0
492,1,1512.0,565.0,58.0,139.0,1,1,1.0
493,1,1515.0,566.0,57.0,139.0,1,1,1.0
494,1,1519.0,565.0,51.0,139.0,1,1,1.0
495,1,1527.0,566.0,44.0,139.0,1,1,1.0
496,1,1534.0,566.0,40.0,139.0,1,1,1.0
497,1,1540.0,566.0,38.0,139.0,1,1,1.0
498,1,1543.0,566.0,40.0,139.0,1,1,1.0
499,1,1544.0,566.0,42.0,140.0,1,1,1.0
500,1,1545.0,567.0,48.0,151.0,1,1,1.0
501,1,1545.0,568.0,55.0,143.0,1,1,1.0
502,1,1545.0,568.0,58.0,140.0,1,1,1.0
503,1,1545.0,569.0,59.0,139.0,1,1,1.0
504,1,1545.0,569.0,60.0,139.0,1,1,1.0
505,1,1546.0,568.0,60.0,140.0,1,1,1.0
506,1,1546.0,567.0,62.0,142.0,1,1,1.0
507,1,1550.0,566.0,62.0,143.0,1,1,1.0
508,1,1555.0,567.0,58.0,143.0,1,1,1.0
509,1,1560.0,567.0,61.0,142.0,1,1,1.0
510,1,1563.0,567.0,62.0,152.0,1,1,1.0
511,1,1566.0,568.0,64.0,155.0,1,1,1.0
512,1,1567.0,569.0,65.0,156.0,1,1,1.0
513,1,1568.0,569.0,64.0,157.0,1,1,1.0
514,1,1568.0,569.0,62.0,157.0,1,1,1.0
515,1,1567.0,570.0,59.0,156.0,1,1,1.0
516,1,1567.0,570.0,55.0,156.0,1,1,1.0
517,1,1567.0,570.0,53.0,156.0,1,1,1.0
518,1,1566.0,570.0,52.0,155.0,1,1,1.0
519,1,1565.0,571.0,52.0,155.0,1,1,1.0
520,1,1563.0,571.0,50.0,155.0,1,1,1.0
521,1,1563.0,571.0,50.0,154.0,1,1,1.0
522,1,1562.0,571.0,49.0,154.0,1,1,1.0
523,1,1562.0,571.0,48.0,154.0,1,1,1.0
524,1,1561.0,571.0,46.0,153.0,1,1,1.0
525,1,1560.0,571.0,47.0,153.0,1,1,1.0
526,1,1559.0,571.0,46.0,153.0,1,1,1.0
527,1,1554.0,572.0,48.0,153.0,1,1,1.0
528,1,1548.0,572.0,53.0,152.0,1,1,1.0
529,1,1544.0,573.0,55.0,152.0,1,1,1.0
530,1,1543.0,573.0,54.0,151.0,1,1,1.0
531,1,1540.0,574.0,54.0,150.0,1,1,1.0
532,1,1539.0,574.0,54.0,150.0,1,1,1.0
533,1,1537.0,574.0,53.0,149.0,1,1,1.0
534,1,1537.0,574.0,50.0,149.0,1,1,1.0
535,1,1537.0,574.0,48.0,150.0,1,1,1.0
536,1,1537.0,572.0,47.0,149.0,1,1,1.0
537,1,1534.0,572.0,48.0,148.0,1,1,1.0
538,1,1531.0,572.0,49.0,147.0,1,1,1.0
539,1,1528.0,572.0,50.0,147.0,1,1,1.0
540,1,1525.0,573.0,52.0,147.0,1,1,1.0
541,1,1522.0,573.0,53.0,146.0,1,1,1.0
542,1,1519.0,574.0,55.0,145.0,1,1,1.0
543,1,1515.0,574.0,59.0,145.0,1,1,1.0
544,1,1510.0,574.0,63.0,144.0,1,1,1.0
545,1,1507.0,574.0,65.0,145.0,1,1,1.0
546,1,1505.0,575.0,66.0,145.0,1,1,1.0
547,1,1500.0,575.0,70.0,146.0,1,1,1.0
548,1,1496.0,575.0,73.0,147.0,1,1,1.0
549,1,1492.0,575.0,74.0,148.0,1,1,1.0
550,1,1486.0,575.0,78.0,149.0,1,1,1.0
551,1,1481.0,575.0,80.0,149.0,1,1,1.0
552,1,1492.0,575.0,67.0,149.0,1,1,1.0
553,1,1496.0,574.0,59.0,150.0,1,1,1.0
554,1,1497.0,574.0,57.0,150.0,1,1,1.0
555,1,1493.0,573.0,59.0,151.0,1,1,1.0
556,1,1491.0,573.0,60.0,152.0,1,1,1.0
557,1,1489.0,574.0,60.0,151.0,1,1,1.0
558,1,1488.0,573.0,60.0,151.0,1,1,1.0
559,1,1487.0,574.0,60.0,151.0,1,1,1.0
560,1,1486.0,574.0,59.0,155.0,1,1,1.0
561,1,1485.0,573.0,58.0,158.0,1,1,1.0
562,1,1485.0,574.0,57.0,159.0,1,1,1.0
563,1,1484.0,575.0,57.0,159.0,1,1,1.0
565,1,1464.0,578.0,74.0,157.0,1,1,1.0
566,1,1462.0,576.0,75.0,158.0,1,1,1.0
567,1,1463.0,576.0,71.0,158.0,1,1,1.0
568,1,1466.0,576.0,66.0,158.0,1,1,1.0
569,1,1470.0,577.0,60.0,157.0,1,1,1.0
570,1,1470.0,578.0,59.0,156.0,1,1,1.0
571,1,1465.0,578.0,62.0,156.0,1,1,1.0
572,1,1457.0,578.0,66.0,156.0,1,1,1.0
573,1,1450.0,579.0,69.0,157.0,1,1,1.0
574,1,1445.0,580.0,72.0,156.0,1,1,1.0
575,1,1443.0,581.0,72.0,156.0,1,1,1.0
576,1,1442.0,581.0,72.0,157.0,1,1,1.0
577,1,1442.0,581.0,71.0,158.0,1,1,1.0
578,1,1441.0,581.0,69.0,158.0,1,1,1.0
579,1,1440.0,581.0,66.0,158.0,1,1,1.0
580,1,1437.0,580.0,62.0,159.0,1,1,1.0
581,1,1430.0,580.0,61.0,159.0,1,1,1.0
582,1,1422.0,580.0,64.0,159.0,1,1,1.0
583,1,1415.0,580.0,69.0,161.0,1,1,1.0
584,1,1410.0,580.0,73.0,163.0,1,1,1.0
585,1,1405.0,582.0,76.0,161.0,1,1,1.0
586,1,1401.0,583.0,77.0,160.0,1,1,1.0
587,1,1396.0,583.0,78.0,160.0,1,1,1.0
588,1,1394.0,583.0,76.0,160.0,1,1,1.0
589,1,1393.0,583.0,72.0,160.0,1,1,1.0
590,1,1392.0,583.0,67.0,160.0,1,1,1.0
591,1,1393.0,583.0,59.0,160.0,1,1,1.0
592,1,1392.0,583.0,51.0,161.0,1,1,1.0
593,1,1388.0,582.0,47.0,161.0,1,1,1.0
594,1,1382.0,582.0,48.0,161.0,1,1,1.0
595,1,1375.0,582.0,50.0,161.0,1,1,1.0
596,1,1364.0,582.0,58.0,161.0,1,1,1.0
597,1,1352.0,582.0,67.0,162.0,1,1,1.0
598,1,1343.0,582.0,74.0,162.0,1,1,1.0
599,1,1338.0,583.0,77.0,161.0,1,1,1.0
600,1,1336.0,585.0,78.0,160.0,1,1,1.0
601,1,1335.0,583.0,78.0,162.0,1,1,1.0
602,1,1335.0,583.0,75.0,162.0,1,1,1.0
603,1,1335.0,583.0,69.0,163.0,1,1,1.0
604,1,1334.0,582.0,62.0,163.0,1,1,1.0
605,1,1328.0,583.0,59.0,163.0,1,1,1.0
606,1,1321.0,582.0,62.0,163.0,1,1,1.0
607,1,1314.0,582.0,67.0,166.0,1,1,1.0
608,1,1308.0,584.0,69.0,167.0,1,1,1.0
609,1,1303.0,584.0,71.0,169.0,1,1,1.0
610,1,1299.0,585.0,72.0,169.0,1,1,1.0
611,1,1296.0,585.0,70.0,170.0,1,1,1.0
612,1,1294.0,585.0,68.0,170.0,1,1,1.0
613,1,1293.0,585.0,64.0,170.0,1,1,1.0
614,1,1293.0,585.0,58.0,171.0,1,1,1.0
615,1,1293.0,585.0,53.0,171.0,1,1,1.0
616,1,1288.0,584.0,54.0,172.0,1,1,1.0
617,1,1284.0,584.0,55.0,172.0,1,1,1.0
618,1,1277.0,584.0,59.0,171.0,1,1,1.0
619,1,1266.0,584.0,66.0,171.0,1,1,1.0
620,1,1256.0,585.0,73.0,171.0,1,1,1.0
621,1,1250.0,585.0,76.0,172.0,1,1,1.0
622,1,1248.0,586.0,77.0,172.0,1,1,1.0
623,1,1246.0,587.0,78.0,172.0,1,1,1.0
624,1,1245.0,587.0,77.0,172.0,1,1,1.0
625,1,1243.0,586.0,76.0,173.0,1,1,1.0
626,1,1239.0,585.0,75.0,174.0,1,1,1.0
627,1,1239.0,585.0,67.0,175.0,1,1,1.0
628,1,1235.0,585.0,60.0,175.0,1,1,1.0
629,1,1228.0,585.0,58.0,175.0,1,1,1.0
630,1,1222.0,585.0,58.0,177.0,1,1,1.0
631,1,1215.0,586.0,61.0,218.0,1,1,1.0
632,1,1209.0,585.0,64.0,235.0,1,1,1.0
633,1,1201.0,587.0,68.0,241.0,1,1,1.0
640,2,1185.0,589.0,54.0,170.0,1,1,1.0
642,2,1173.0,591.0,60.0,176.0,1,1,1.0
643,2,1164.0,591.0,66.0,179.0,1,1,1.0
644,2,1153.0,591.0,74.0,181.0,1,1,1.0
645,2,1144.0,592.0,78.0,183.0,1,1,1.0
646,2,1139.0,593.0,79.0,184.0,1,1,1.0
647,2,1138.0,594.0,79.0,184.0,1,1,1.0
648,2,1137.0,594.0,78.0,185.0,1,1,1.0
649,2,1137.0,594.0,78.0,185.0,1,1,1.0
650,2,1134.0,594.0,77.0,185.0,1,1,1.0
651,2,1130.0,593.0,77.0,186.0,1,1,1.0
652,2,1124.0,593.0,80.0,186.0,1,1,1.0
653,2,1118.0,593.0,82.0,186.0,1,1,1.0
654,2,1112.0,594.0,84.0,187.0,1,1,1.0
655,2,1107.0,594.0,84.0,190.0,1,1,1.0
656,2,1103.0,596.0,84.0,193.0,1,1,1.0
657,2,1101.0,597.0,82.0,194.0,1,1,1.0
658,2,1099.0,598.0,78.0,193.0,1,1,1.0
659,2,1098.0,599.0,76.0,194.0,1,1,1.0
660,2,1097.0,600.0,73.0,194.0,1,1,1.0
661,2,1096.0,600.0,68.0,195.0,1,1,1.0
662,2,1096.0,600.0,64.0,195.0,1,1,1.0
663,2,1095.0,599.0,63.0,195.0,1,1,1.0
664,2,1092.0,599.0,64.0,195.0,1,1,1.0
665,2,1087.0,599.0,65.0,195.0,1,1,1.0
666,2,1081.0,599.0,68.0,195.0,1,1,1.0
667,2,1074.0,600.0,72.0,196.0,1,1,1.0
668,2,1067.0,601.0,74.0,199.0,1,1,1.0
669,2,1059.0,602.0,78.0,201.0,1,1,1.0
670,2,1055.0,604.0,81.0,201.0,1,1,1.0
671,2,1054.0,605.0,81.0,202.0,1,1,1.0
672,2,1051.0,606.0,83.0,202.0,1,1,1.0
673,2,1049.0,606.0,83.0,202.0,1,1,1.0
674,2,1043.0,606.0,83.0,203.0,1,1,1.0
675,2,1040.0,605.0,78.0,203.0,1,1,1.0
676,2,1038.0,605.0,73.0,203.0,1,1,1.0
677,2,1030.0,605.0,77.0,204.0,1,1,1.0
678,2,1022.0,606.0,81.0,206.0,1,1,1.0
679,2,1016.0,607.0,84.0,210.0,1,1,1.0
680,2,1009.0,608.0,87.0,212.0,1,1,1.0
681,2,1003.0,609.0,89.0,213.0,1,1,1.0
682,2,999.0,611.0,87.0,213.0,1,1,1.0
683,2,995.0,613.0,85.0,213.0,1,1,1.0
684,2,994.0,615.0,82.0,213.0,1,1,1.0
685,2,994.0,616.0,75.0,212.0,1,1,1.0
686,2,993.0,616.0,63.0,212.0,1,1,1.0
687,2,986.0,616.0,58.0,212.0,1,1,1.0
688,2,978.0,616.0,58.0,211.0,1,1,1.0
689,2,970.0,617.0,61.0,211.0,1,1,1.0
690,2,957.0,617.0,71.0,211.0,1,1,1.0
691,2,941.0,618.0,86.0,211.0,1,1,1.0
692,2,927.0,620.0,100.0,212.0,1,1,1.0
693,2,919.0,622.0,107.0,213.0,1,1,1.0
694,2,916.0,624.0,109.0,213.0,1,1,1.0
695,2,914.0,625.0,110.0,213.0,1,1,1.0
696,2,913.0,625.0,105.0,214.0,1,1,1.0
697,2,911.0,624.0,97.0,214.0,1,1,1.0
698,2,905.0,624.0,88.0,215.0,1,1,1.0
699,2,901.0,623.0,78.0,215.0,1,1,1.0
700,2,891.0,623.0,80.0,218.0,1,1,1.0
701,2,879.0,625.0,90.0,223.0,1,1,1.0
702,2,867.0,626.0,100.0,227.0,1,1,1.0
703,2,856.0,628.0,109.0,228.0,1,1,1.0
704,2,849.0,630.0,113.0,227.0,1,1,1.0
705,2,843.0,633.0,114.0,227.0,1,1,1.0
706,2,839.0,634.0,110.0,227.0,1,1,1.0
707,2,838.0,635.0,98.0,226.0,1,1,1.0
708,2,840.0,636.0,84.0,226.0,1,1,1.0
709,2,843.0,636.0,66.0,225.0,1,1,1.0
710,2,834.0,636.0,65.0,225.0,1,1,1.0
711,2,828.0,636.0,65.0,225.0,1,1,1.0
712,2,817.0,637.0,71.0,224.0,1,1,1.0
713,2,802.0,638.0,85.0,227.0,1,1,1.0
714,2,788.0,640.0,98.0,228.0,1,1,1.0
715,2,782.0,642.0,104.0,230.0,1,1,1.0
716,2,778.0,643.0,109.0,232.0,1,1,1.0
717,2,776.0,645.0,110.0,232.0,1,1,1.0
718,2,775.0,645.0,106.0,233.0,1,1,1.0
719,2,770.0,645.0,102.0,233.0,1,1,1.0
720,2,765.0,645.0,96.0,233.0,1,1,1.0
721,2,758.0,644.0,89.0,233.0,1,1,1.0
722,2,746.0,645.0,87.0,234.0,1,1,1.0
723,2,736.0,646.0,93.0,239.0,1,1,1.0
724,2,726.0,648.0,100.0,244.0,1,1,1.0
725,2,719.0,650.0,106.0,246.0,1,1,1.0
726,2,711.0,652.0,110.0,247.0,1,1,1.0
727,2,706.0,654.0,112.0,247.0,1,1,1.0
728,2,701.0,656.0,110.0,248.0,1,1,1.0
729,2,700.0,657.0,104.0,247.0,1,1,1.0
730,2,702.0,658.0,92.0,247.0,1,1,1.0
731,2,703.0,658.0,78.0,247.0,1,1,1.0
732,2,692.0,658.0,72.0,247.0,1,1,1.0
733,2,683.0,658.0,73.0,247.0,1,1,1.0
734,2,674.0,658.0,79.0,245.0,1,1,1.0
735,2,657.0,660.0,96.0,244.0,1,1,1.0
736,2,640.0,662.0,112.0,245.0,1,1,1.0
737,2,625.0,664.0,127.0,244.0,1,1,1.0
738,2,617.0,666.0,134.0,245.0,1,1,1.0
739,2,613.0,667.0,136.0,245.0,1,1,1.0
740,2,612.0,668.0,132.0,245.0,1,1,1.0
741,2,610.0,668.0,120.0,245.0,1,1,1.0
742,2,604.0,667.0,108.0,246.0,1,1,1.0
743,2,601.0,667.0,92.0,247.0,1,1,1.0
744,2,594.0,667.0,78.0,249.0,1,1,1.0
745,2,581.0,667.0,82.0,254.0,1,1,1.0
746,2,567.0,668.0,93.0,256.0,1,1,1.0
747,2,550.0,670.0,106.0,255.0,1,1,1.0
748,2,535.0,672.0,118.0,255.0,1,1,1.0
749,2,526.0,675.0,125.0,255.0,1,1,1.0
750,2,522.0,677.0,128.0,255.0,1,1,1.0
751,2,520.0,678.0,126.0,255.0,1,1,1.0
752,2,520.0,679.0,114.0,254.0,1,1,1.0
753,2,520.0,679.0,98.0,254.0,1,1,1.0
754,2,513.0,679.0,86.0,254.0,1,1,1.0
755,2,504.0,680.0,74.0,253.0,1,1,1.0
756,2,488.0,681.0,79.0,252.0,1,1,1.0
757,2,474.0,682.0,90.0,250.0,1,1,1.0
758,2,458.0,684.0,105.0,249.0,1,1,1.0
759,2,444.0,686.0,119.0,248.0,1,1,1.0
760,2,435.0,687.0,128.0,248.0,1,1,1.0
761,2,430.0,689.0,134.0,250.0,1,1,1.0
762,2,428.0,690.0,135.0,251.0,1,1,1.0
763,2,427.0,690.0,128.0,252.0,1,1,1.0
764,2,425.0,690.0,118.0,252.0,1,1,1.0
765,2,419.0,690.0,106.0,252.0,1,1,1.0
766,2,412.0,689.0,94.0,252.0,1,1,1.0
767,2,403.0,690.0,84.0,256.0,1,1,1.0
768,2,389.0,690.0,89.0,261.0,1,1,1.0
769,2,376.0,692.0,98.0,265.0,1,1,1.0
770,2,366.0,694.0,105.0,265.0,1,1,1.0
771,2,357.0,696.0,113.0,265.0,1,1,1.0
772,2,350.0,698.0,120.0,265.0,1,1,1.0
773,2,346.0,700.0,122.0,265.0,1,1,1.0
774,2,345.0,701.0,115.0,265.0,1,1,1.0
775,2,343.0,701.0,103.0,265.0,1,1,1.0
776,2,337.0,701.0,94.0,264.0,1,1,1.0
777,2,331.0,702.0,83.0,264.0,1,1,1.0
778,2,323.0,703.0,78.0,263.0,1,1,1.0
779,2,314.0,703.0,83.0,262.0,1,1,1.0
780,2,301.0,705.0,95.0,262.0,1,1,1.0
781,2,282.0,707.0,113.0,262.0,1,1,1.0
782,2,268.0,708.0,127.0,263.0,1,1,1.0
783,2,258.0,710.0,137.0,263.0,1,1,1.0
784,2,255.0,712.0,140.0,264.0,1,1,1.0
785,2,253.0,713.0,138.0,265.0,1,1,1.0
786,2,252.0,713.0,130.0,265.0,1,1,1.0
787,2,248.0,712.0,119.0,266.0,1,1,1.0
788,2,243.0,711.0,105.0,267.0,1,1,1.0
789,2,238.0,710.0,91.0,268.0,1,1,1.0
790,2,228.0,709.0,85.0,269.0,1,1,1.0
791,2,216.0,709.0,85.0,268.0,1,1,1.0
792,2,206.0,710.0,92.0,268.0,1,1,1.0
793,2,197.0,710.0,99.0,268.0,1,1,1.0
794,2,190.0,711.0,106.0,267.0,1,1,1.0
795,2,183.0,712.0,114.0,266.0,1,1,1.0
796,2,171.0,713.0,125.0,265.0,1,1,1.0
797,2,163.0,715.0,134.0,263.0,1,1,1.0
798,2,159.0,717.0,139.0,264.0,1,1,1.0
799,2,161.0,720.0,137.0,265.0,1,1,1.0
800,2,166.0,723.0,132.0,268.0,1,1,1.0
801,2,166.0,726.0,132.0,267.0,1,1,1.0
802,2,162.0,730.0,136.0,265.0,1,1,1.0
803,2,152.0,733.0,145.0,262.0,1,1,1.0
804,2,142.0,736.0,155.0,259.0,1,1,1.0
805,2,135.0,737.0,164.0,258.0,1,1,1.0
806,2,129.0,737.0,171.0,257.0,1,1,1.0
807,2,121.0,735.0,180.0,259.0,1,1,1.0
808,2,117.0,735.0,181.0,259.0,1,1,1.0
809,2,113.0,736.0,179.0,258.0,1,1,1.0
810,2,110.0,736.0,173.0,258.0,1,1,1.0
