1,1,1754.0,115.0,44.0,123.0,1,1,1.0
2,1,1753.0,118.0,42.0,121.0,1,1,1.0
3,1,1750.0,110.0,43.0,128.0,1,1,1.0
7,1,1754.0,111.0,35.0,125.0,1,1,1.0
13,1,1744.0,104.0,32.0,126.0,1,1,1.0
14,1,1744.0,103.0,28.0,127.0,1,1,1.0
15,1,1743.0,103.0,27.0,127.0,1,1,1.0
16,2,1719.0,101.0,33.0,119.0,1,1,1.0
16,1,1742.0,103.0,27.0,127.0,1,1,1.0
20,2,1712.0,99.0,39.0,118.0,1,1,1.0
21,2,1710.0,99.0,43.0,118.0,1,1,1.0
22,2,1708.0,99.0,44.0,117.0,1,1,1.0
22,1,1729.0,100.0,32.0,123.0,1,1,1.0
23,2,1707.0,98.0,41.0,119.0,1,1,1.0
23,1,1729.0,100.0,30.0,122.0,1,1,1.0
25,2,1700.0,98.0,43.0,123.0,1,1,1.0
25,1,1726.0,101.0,30.0,122.0,1,1,1.0
26,1,1720.0,100.0,35.0,122.0,1,1,1.0
28,2,1681.0,96.0,51.0,123.0,1,1,1.0
28,1,1716.0,99.0,37.0,123.0,1,1,1.0
29,2,1680.0,96.0,50.0,122.0,1,1,1.0
29,1,1715.0,98.0,37.0,124.0,1,1,1.0
31,2,1678.0,94.0,52.0,126.0,1,1,1.0
32,2,1678.0,94.0,54.0,128.0,1,1,1.0
34,2,1676.0,95.0,47.0,124.0,1,1,1.0
34,1,1706.0,100.0,35.0,123.0,1,1,1.0
35,2,1675.0,93.0,39.0,123.0,1,1,1.0
35,1,1699.0,99.0,39.0,125.0,1,1,1.0
36,2,1673.0,92.0,37.0,126.0,1,1,1.0
36,1,1700.0,98.0,36.0,126.0,1,1,1.0
37,2,1671.0,91.0,36.0,128.0,1,1,1.0
37,1,1699.0,97.0,35.0,126.0,1,1,1.0
38,2,1670.0,91.0,34.0,127.0,1,1,1.0
38,1,1691.0,98.0,43.0,126.0,1,1,1.0
39,2,1667.0,91.0,34.0,128.0,1,1,1.0
39,1,1687.0,97.0,45.0,126.0,1,1,1.0
40,2,1659.0,90.0,39.0,128.0,1,1,1.0
40,1,1682.0,96.0,50.0,128.0,1,1,1.0
41,2,1654.0,90.0,42.0,128.0,1,1,1.0
41,1,1679.0,98.0,51.0,125.0,1,1,1.0
42,2,1651.0,90.0,44.0,128.0,1,1,1.0
42,1,1678.0,99.0,50.0,124.0,1,1,1.0
43,2,1649.0,90.0,46.0,127.0,1,1,1.0
43,1,1677.0,95.0,45.0,127.0,1,1,1.0
44,2,1649.0,91.0,42.0,124.0,1,1,1.0
44,1,1676.0,96.0,40.0,126.0,1,1,1.0
45,2,1648.0,90.0,39.0,124.0,1,1,1.0
45,1,1676.0,94.0,36.0,128.0,1,1,1.0
46,2,1647.0,89.0,36.0,125.0,1,1,1.0
46,1,1676.0,93.0,33.0,129.0,1,1,1.0
47,2,1644.0,89.0,36.0,125.0,1,1,1.0
47,1,1674.0,92.0,32.0,130.0,1,1,1.0
48,2,1639.0,88.0,39.0,125.0,1,1,1.0
48,1,1670.0,93.0,33.0,128.0,1,1,1.0
49,2,1634.0,88.0,41.0,126.0,1,1,1.0
49,1,1668.0,93.0,34.0,128.0,1,1,1.0
50,2,1628.0,88.0,46.0,129.0,1,1,1.0
50,1,1658.0,93.0,41.0,128.0,1,1,1.0
51,2,1620.0,88.0,51.0,131.0,1,1,1.0
51,1,1653.0,93.0,44.0,128.0,1,1,1.0
52,2,1615.0,88.0,55.0,133.0,1,1,1.0
52,1,1656.0,93.0,41.0,127.0,1,1,1.0
53,2,1613.0,87.0,54.0,133.0,1,1,1.0
53,1,1656.0,92.0,39.0,127.0,1,1,1.0
54,2,1611.0,87.0,54.0,132.0,1,1,1.0
54,1,1653.0,92.0,39.0,128.0,1,1,1.0
55,2,1611.0,86.0,53.0,129.0,1,1,1.0
55,1,1649.0,91.0,38.0,129.0,1,1,1.0
56,2,1611.0,86.0,51.0,128.0,1,1,1.0
56,1,1648.0,90.0,36.0,131.0,1,1,1.0
57,2,1610.0,86.0,47.0,126.0,1,1,1.0
57,1,1647.0,89.0,34.0,132.0,1,1,1.0
58,2,1609.0,86.0,44.0,126.0,1,1,1.0
58,1,1642.0,89.0,36.0,133.0,1,1,1.0
59,2,1608.0,86.0,40.0,126.0,1,1,1.0
59,1,1637.0,89.0,39.0,133.0,1,1,1.0
60,2,1606.0,85.0,41.0,127.0,1,1,1.0
60,1,1632.0,89.0,42.0,133.0,1,1,1.0
61,1,1629.0,89.0,43.0,134.0,1,1,1.0
62,2,1599.0,84.0,41.0,132.0,1,1,1.0
62,1,1623.0,89.0,47.0,133.0,1,1,1.0
63,2,1592.0,83.0,45.0,134.0,1,1,1.0
63,1,1618.0,89.0,50.0,133.0,1,1,1.0
64,2,1586.0,82.0,51.0,135.0,1,1,1.0
64,1,1614.0,86.0,54.0,136.0,1,1,1.0
65,2,1583.0,82.0,49.0,133.0,1,1,1.0
65,1,1613.0,90.0,54.0,132.0,1,1,1.0
66,2,1583.0,82.0,47.0,133.0,1,1,1.0
66,1,1613.0,91.0,51.0,131.0,1,1,1.0
67,2,1581.0,82.0,46.0,131.0,1,1,1.0
67,1,1613.0,92.0,46.0,130.0,1,1,1.0
68,2,1581.0,83.0,41.0,130.0,1,1,1.0
68,1,1613.0,92.0,40.0,130.0,1,1,1.0
69,2,1580.0,83.0,38.0,130.0,1,1,1.0
69,1,1612.0,89.0,36.0,133.0,1,1,1.0
70,2,1577.0,83.0,39.0,130.0,1,1,1.0
70,1,1610.0,87.0,34.0,136.0,1,1,1.0
71,2,1573.0,82.0,40.0,130.0,1,1,1.0
71,1,1605.0,86.0,37.0,138.0,1,1,1.0
72,2,1569.0,81.0,42.0,131.0,1,1,1.0
72,1,1600.0,85.0,39.0,137.0,1,1,1.0
73,2,1561.0,81.0,47.0,134.0,1,1,1.0
73,1,1601.0,87.0,35.0,134.0,1,1,1.0
74,2,1553.0,81.0,52.0,137.0,1,1,1.0
75,2,1546.0,81.0,57.0,139.0,1,1,1.0
75,1,1589.0,87.0,43.0,134.0,1,1,1.0
76,2,1543.0,81.0,57.0,141.0,1,1,1.0
77,2,1542.0,81.0,56.0,139.0,1,1,1.0
77,1,1583.0,86.0,46.0,136.0,1,1,1.0
78,2,1541.0,80.0,54.0,136.0,1,1,1.0
78,1,1581.0,85.0,45.0,136.0,1,1,1.0
79,2,1541.0,80.0,54.0,135.0,1,1,1.0
79,1,1578.0,86.0,43.0,136.0,1,1,1.0
80,2,1540.0,79.0,50.0,134.0,1,1,1.0
80,1,1577.0,86.0,39.0,136.0,1,1,1.0
81,2,1537.0,78.0,48.0,134.0,1,1,1.0
81,1,1575.0,85.0,38.0,137.0,1,1,1.0
82,2,1533.0,79.0,48.0,134.0,1,1,1.0
82,1,1572.0,84.0,39.0,139.0,1,1,1.0
83,2,1534.0,78.0,42.0,135.0,1,1,1.0
83,1,1565.0,83.0,43.0,139.0,1,1,1.0
84,1,1558.0,83.0,48.0,139.0,1,1,1.0
85,2,1528.0,77.0,43.0,139.0,1,1,1.0
85,1,1557.0,84.0,46.0,139.0,1,1,1.0
86,2,1520.0,78.0,48.0,139.0,1,1,1.0
86,1,1551.0,84.0,50.0,139.0,1,1,1.0
87,2,1515.0,79.0,50.0,137.0,1,1,1.0
87,1,1547.0,85.0,51.0,138.0,1,1,1.0
88,2,1511.0,80.0,51.0,136.0,1,1,1.0
88,1,1546.0,84.0,52.0,139.0,1,1,1.0
89,2,1510.0,79.0,48.0,136.0,1,1,1.0
89,1,1545.0,82.0,51.0,142.0,1,1,1.0
90,2,1509.0,79.0,47.0,136.0,1,1,1.0
90,1,1545.0,82.0,48.0,142.0,1,1,1.0
91,2,1507.0,79.0,44.0,136.0,1,1,1.0
91,1,1545.0,81.0,44.0,143.0,1,1,1.0
92,2,1506.0,77.0,41.0,137.0,1,1,1.0
92,1,1543.0,80.0,39.0,144.0,1,1,1.0
93,2,1501.0,77.0,43.0,138.0,1,1,1.0
93,1,1542.0,80.0,36.0,146.0,1,1,1.0
94,2,1498.0,77.0,44.0,137.0,1,1,1.0
94,1,1539.0,80.0,36.0,147.0,1,1,1.0
95,2,1493.0,75.0,46.0,139.0,1,1,1.0
95,1,1535.0,80.0,38.0,146.0,1,1,1.0
96,2,1482.0,75.0,54.0,140.0,1,1,1.0
96,1,1528.0,80.0,42.0,146.0,1,1,1.0
97,2,1475.0,75.0,59.0,141.0,1,1,1.0
97,1,1521.0,80.0,47.0,145.0,1,1,1.0
98,2,1470.0,76.0,61.0,141.0,1,1,1.0
98,1,1516.0,80.0,50.0,145.0,1,1,1.0
99,2,1468.0,76.0,61.0,141.0,1,1,1.0
99,1,1514.0,81.0,52.0,144.0,1,1,1.0
100,2,1467.0,76.0,60.0,140.0,1,1,1.0
100,1,1512.0,85.0,51.0,141.0,1,1,1.0
101,2,1467.0,76.0,59.0,140.0,1,1,1.0
101,1,1510.0,82.0,50.0,145.0,1,1,1.0
102,2,1467.0,76.0,57.0,140.0,1,1,1.0
102,1,1508.0,80.0,46.0,147.0,1,1,1.0
103,2,1466.0,76.0,52.0,139.0,1,1,1.0
103,1,1508.0,79.0,41.0,149.0,1,1,1.0
104,2,1463.0,77.0,48.0,138.0,1,1,1.0
104,1,1506.0,78.0,38.0,149.0,1,1,1.0
105,2,1454.0,77.0,53.0,139.0,1,1,1.0
105,1,1501.0,77.0,40.0,150.0,1,1,1.0
106,2,1446.0,76.0,57.0,140.0,1,1,1.0
106,1,1492.0,76.0,47.0,151.0,1,1,1.0
107,2,1431.0,76.0,69.0,143.0,1,1,1.0
107,1,1482.0,76.0,54.0,151.0,1,1,1.0
108,2,1432.0,75.0,64.0,146.0,1,1,1.0
108,1,1471.0,78.0,62.0,150.0,1,1,1.0
109,2,1429.0,75.0,64.0,144.0,1,1,1.0
109,1,1465.0,79.0,68.0,150.0,1,1,1.0
110,2,1426.0,76.0,63.0,144.0,1,1,1.0
110,1,1461.0,79.0,71.0,149.0,1,1,1.0
111,2,1424.0,76.0,62.0,146.0,1,1,1.0
111,1,1461.0,79.0,71.0,149.0,1,1,1.0
112,2,1423.0,76.0,62.0,145.0,1,1,1.0
112,1,1459.0,78.0,70.0,150.0,1,1,1.0
113,2,1423.0,76.0,56.0,144.0,1,1,1.0
113,1,1459.0,77.0,66.0,150.0,1,1,1.0
114,2,1426.0,76.0,48.0,143.0,1,1,1.0
114,1,1459.0,77.0,59.0,151.0,1,1,1.0
115,2,1426.0,75.0,44.0,143.0,1,1,1.0
115,1,1458.0,76.0,51.0,151.0,1,1,1.0
116,2,1422.0,77.0,44.0,141.0,1,1,1.0
116,1,1458.0,76.0,43.0,151.0,1,1,1.0
117,2,1417.0,76.0,46.0,142.0,1,1,1.0
117,1,1456.0,76.0,39.0,153.0,1,1,1.0
118,2,1410.0,74.0,49.0,143.0,1,1,1.0
118,1,1452.0,74.0,39.0,156.0,1,1,1.0
119,2,1400.0,73.0,56.0,144.0,1,1,1.0
119,1,1441.0,75.0,46.0,154.0,1,1,1.0
120,2,1389.0,73.0,64.0,146.0,1,1,1.0
120,1,1430.0,78.0,54.0,152.0,1,1,1.0
121,2,1382.0,73.0,68.0,151.0,1,1,1.0
121,1,1424.0,77.0,58.0,152.0,1,1,1.0
122,2,1379.0,73.0,67.0,149.0,1,1,1.0
122,1,1421.0,77.0,60.0,153.0,1,1,1.0
123,2,1379.0,73.0,66.0,151.0,1,1,1.0
123,1,1419.0,76.0,62.0,153.0,1,1,1.0
124,2,1378.0,73.0,62.0,148.0,1,1,1.0
124,1,1419.0,76.0,59.0,153.0,1,1,1.0
125,2,1378.0,72.0,59.0,148.0,1,1,1.0
125,1,1418.0,76.0,55.0,153.0,1,1,1.0
126,2,1378.0,71.0,57.0,147.0,1,1,1.0
126,1,1418.0,76.0,49.0,154.0,1,1,1.0
127,2,1376.0,72.0,54.0,147.0,1,1,1.0
127,1,1416.0,74.0,42.0,156.0,1,1,1.0
128,2,1368.0,71.0,55.0,147.0,1,1,1.0
128,1,1410.0,74.0,44.0,156.0,1,1,1.0
129,2,1363.0,70.0,55.0,149.0,1,1,1.0
129,1,1404.0,73.0,45.0,156.0,1,1,1.0
130,2,1362.0,69.0,55.0,155.0,1,1,1.0
130,1,1396.0,73.0,50.0,157.0,1,1,1.0
131,2,1361.0,69.0,51.0,157.0,1,1,1.0
131,1,1390.0,75.0,54.0,156.0,1,1,1.0
132,2,1351.0,69.0,60.0,154.0,1,1,1.0
132,1,1383.0,75.0,59.0,156.0,1,1,1.0
133,2,1345.0,70.0,59.0,155.0,1,1,1.0
133,1,1378.0,73.0,64.0,157.0,1,1,1.0
134,2,1338.0,71.0,62.0,153.0,1,1,1.0
134,1,1369.0,74.0,72.0,157.0,1,1,1.0
135,2,1335.0,72.0,64.0,152.0,1,1,1.0
135,1,1364.0,75.0,76.0,156.0,1,1,1.0
136,2,1335.0,72.0,63.0,152.0,1,1,1.0
136,1,1363.0,74.0,73.0,156.0,1,1,1.0
137,2,1335.0,71.0,54.0,152.0,1,1,1.0
137,1,1362.0,73.0,67.0,157.0,1,1,1.0
138,2,1337.0,71.0,44.0,152.0,1,1,1.0
138,1,1362.0,72.0,58.0,158.0,1,1,1.0
139,2,1335.0,70.0,40.0,153.0,1,1,1.0
139,1,1360.0,71.0,48.0,159.0,1,1,1.0
140,2,1329.0,69.0,42.0,154.0,1,1,1.0
140,1,1356.0,70.0,46.0,161.0,1,1,1.0
141,2,1324.0,68.0,43.0,152.0,1,1,1.0
141,1,1353.0,70.0,44.0,163.0,1,1,1.0
142,2,1314.0,68.0,48.0,152.0,1,1,1.0
142,1,1343.0,71.0,50.0,160.0,1,1,1.0
143,2,1300.0,69.0,59.0,152.0,1,1,1.0
143,1,1333.0,72.0,56.0,160.0,1,1,1.0
144,2,1290.0,72.0,67.0,149.0,1,1,1.0
144,1,1325.0,75.0,62.0,158.0,1,1,1.0
145,2,1283.0,74.0,77.0,148.0,1,1,1.0
145,1,1319.0,76.0,68.0,157.0,1,1,1.0
146,2,1279.0,74.0,81.0,147.0,1,1,1.0
146,1,1316.0,76.0,70.0,156.0,1,1,1.0
147,2,1277.0,74.0,82.0,147.0,1,1,1.0
147,1,1317.0,77.0,67.0,154.0,1,1,1.0
148,1,1316.0,75.0,65.0,158.0,1,1,1.0
149,1,1315.0,75.0,59.0,158.0,1,1,1.0
150,2,1278.0,70.0,57.0,150.0,1,1,1.0
150,1,1315.0,75.0,51.0,159.0,1,1,1.0
151,2,1274.0,69.0,51.0,152.0,1,1,1.0
151,1,1312.0,75.0,44.0,160.0,1,1,1.0
152,2,1264.0,69.0,53.0,152.0,1,1,1.0
152,1,1309.0,74.0,41.0,161.0,1,1,1.0
153,2,1254.0,68.0,57.0,155.0,1,1,1.0
153,1,1302.0,75.0,43.0,160.0,1,1,1.0
154,2,1246.0,68.0,61.0,156.0,1,1,1.0
154,1,1289.0,71.0,53.0,163.0,1,1,1.0
155,2,1239.0,67.0,64.0,158.0,1,1,1.0
155,1,1276.0,72.0,64.0,163.0,1,1,1.0
156,2,1232.0,68.0,71.0,157.0,1,1,1.0
156,1,1265.0,72.0,74.0,163.0,1,1,1.0
157,2,1227.0,68.0,75.0,156.0,1,1,1.0
157,1,1259.0,71.0,80.0,164.0,1,1,1.0
158,2,1225.0,69.0,77.0,156.0,1,1,1.0
158,1,1257.0,72.0,82.0,163.0,1,1,1.0
159,2,1224.0,69.0,76.0,156.0,1,1,1.0
159,1,1256.0,72.0,81.0,163.0,1,1,1.0
160,1,1256.0,70.0,77.0,165.0,1,1,1.0
161,2,1225.0,67.0,52.0,157.0,1,1,1.0
161,1,1256.0,69.0,70.0,166.0,1,1,1.0
162,2,1226.0,67.0,43.0,157.0,1,1,1.0
162,1,1256.0,68.0,60.0,166.0,1,1,1.0
163,2,1220.0,66.0,43.0,158.0,1,1,1.0
163,1,1256.0,68.0,48.0,167.0,1,1,1.0
164,2,1213.0,66.0,45.0,158.0,1,1,1.0
164,1,1251.0,68.0,43.0,169.0,1,1,1.0
165,2,1202.0,66.0,52.0,157.0,1,1,1.0
165,1,1245.0,68.0,42.0,171.0,1,1,1.0
166,2,1186.0,67.0,63.0,158.0,1,1,1.0
166,1,1232.0,69.0,53.0,169.0,1,1,1.0
167,2,1177.0,67.0,73.0,158.0,1,1,1.0
167,1,1218.0,70.0,65.0,168.0,1,1,1.0
168,2,1171.0,67.0,78.0,157.0,1,1,1.0
168,1,1209.0,71.0,74.0,167.0,1,1,1.0
169,2,1169.0,68.0,82.0,158.0,1,1,1.0
169,1,1203.0,72.0,79.0,165.0,1,1,1.0
170,2,1168.0,68.0,82.0,158.0,1,1,1.0
170,1,1205.0,73.0,77.0,162.0,1,1,1.0
171,2,1167.0,66.0,80.0,159.0,1,1,1.0
171,1,1201.0,71.0,77.0,166.0,1,1,1.0
172,1,1199.0,70.0,72.0,169.0,1,1,1.0
173,2,1167.0,65.0,54.0,160.0,1,1,1.0
173,1,1198.0,69.0,64.0,170.0,1,1,1.0
174,2,1168.0,65.0,48.0,160.0,1,1,1.0
174,1,1197.0,68.0,54.0,172.0,1,1,1.0
175,2,1167.0,65.0,40.0,161.0,1,1,1.0
175,1,1190.0,68.0,48.0,171.0,1,1,1.0
176,1,1186.0,68.0,45.0,172.0,1,1,1.0
177,2,1148.0,64.0,52.0,166.0,1,1,1.0
177,1,1176.0,67.0,51.0,172.0,1,1,1.0
178,2,1131.0,65.0,67.0,166.0,1,1,1.0
178,1,1160.0,68.0,66.0,171.0,1,1,1.0
179,2,1121.0,66.0,74.0,164.0,1,1,1.0
179,1,1146.0,70.0,79.0,170.0,1,1,1.0
180,2,1116.0,67.0,78.0,163.0,1,1,1.0
180,1,1142.0,72.0,83.0,168.0,1,1,1.0
182,1,1133.0,72.0,89.0,167.0,1,1,1.0
183,2,1113.0,68.0,58.0,166.0,1,1,1.0
183,1,1134.0,71.0,85.0,168.0,1,1,1.0
184,2,1116.0,68.0,49.0,165.0,1,1,1.0
184,1,1132.0,70.0,78.0,169.0,1,1,1.0
185,2,1113.0,67.0,46.0,165.0,1,1,1.0
185,1,1132.0,69.0,68.0,170.0,1,1,1.0
186,2,1107.0,67.0,47.0,164.0,1,1,1.0
186,1,1133.0,68.0,55.0,171.0,1,1,1.0
187,2,1101.0,66.0,47.0,164.0,1,1,1.0
187,1,1129.0,67.0,45.0,172.0,1,1,1.0
188,2,1091.0,66.0,50.0,163.0,1,1,1.0
188,1,1123.0,68.0,44.0,174.0,1,1,1.0
189,2,1076.0,66.0,60.0,163.0,1,1,1.0
192,2,1057.0,69.0,81.0,163.0,1,1,1.0
195,1,1077.0,69.0,75.0,173.0,1,1,1.0
196,2,1053.0,70.0,47.0,163.0,1,1,1.0
196,1,1074.0,69.0,72.0,174.0,1,1,1.0
197,2,1052.0,70.0,39.0,163.0,1,1,1.0
197,1,1073.0,70.0,65.0,173.0,1,1,1.0
198,2,1040.0,68.0,47.0,164.0,1,1,1.0
198,1,1068.0,70.0,56.0,172.0,1,1,1.0
199,2,1027.0,68.0,56.0,166.0,1,1,1.0
199,1,1061.0,69.0,53.0,174.0,1,1,1.0
200,2,1017.0,69.0,62.0,168.0,1,1,1.0
200,1,1054.0,69.0,53.0,174.0,1,1,1.0
201,2,1008.0,69.0,70.0,169.0,1,1,1.0
201,1,1045.0,69.0,58.0,175.0,1,1,1.0
202,2,1001.0,70.0,78.0,168.0,1,1,1.0
202,1,1034.0,69.0,69.0,175.0,1,1,1.0
203,2,996.0,71.0,84.0,168.0,1,1,1.0
204,2,993.0,71.0,87.0,169.0,1,1,1.0
205,1,1033.0,73.0,67.0,171.0,1,1,1.0
207,1,1016.0,72.0,78.0,173.0,1,1,1.0
208,1,1013.0,71.0,74.0,175.0,1,1,1.0
209,2,987.0,71.0,52.0,170.0,1,1,1.0
209,1,1010.0,70.0,67.0,175.0,1,1,1.0
210,1,1004.0,70.0,60.0,175.0,1,1,1.0
211,2,975.0,74.0,44.0,166.0,1,1,1.0
211,1,998.0,70.0,54.0,178.0,1,1,1.0
212,2,960.0,75.0,56.0,166.0,1,1,1.0
212,1,991.0,70.0,53.0,175.0,1,1,1.0
213,2,948.0,75.0,63.0,166.0,1,1,1.0
216,2,938.0,76.0,82.0,168.0,1,1,1.0
216,1,959.0,76.0,81.0,177.0,1,1,1.0
217,2,937.0,75.0,84.0,169.0,1,1,1.0
217,1,955.0,77.0,84.0,177.0,1,1,1.0
218,1,953.0,77.0,85.0,178.0,1,1,1.0
219,1,952.0,77.0,81.0,178.0,1,1,1.0
220,1,952.0,77.0,73.0,178.0,1,1,1.0
221,2,919.0,75.0,56.0,170.0,1,1,1.0
221,1,951.0,75.0,65.0,181.0,1,1,1.0
222,2,905.0,76.0,61.0,170.0,1,1,1.0
222,1,948.0,75.0,51.0,182.0,1,1,1.0
224,2,888.0,77.0,71.0,171.0,1,1,1.0
224,1,938.0,75.0,47.0,181.0,1,1,1.0
225,2,880.0,77.0,75.0,174.0,1,1,1.0
225,1,927.0,75.0,56.0,181.0,1,1,1.0
226,2,874.0,79.0,85.0,171.0,1,1,1.0
226,1,912.0,76.0,70.0,181.0,1,1,1.0
227,2,883.0,79.0,89.0,177.0,1,1,1.0
227,1,884.0,81.0,85.0,171.0,1,1,1.0
228,2,873.0,82.0,92.0,171.0,1,1,1.0
228,1,883.0,80.0,92.0,176.0,1,1,1.0
229,2,880.0,81.0,96.0,177.0,1,1,1.0
229,1,874.0,85.0,88.0,167.0,1,1,1.0
230,2,882.0,80.0,96.0,180.0,1,1,1.0
230,1,872.0,85.0,77.0,166.0,1,1,1.0
231,2,883.0,80.0,92.0,182.0,1,1,1.0
232,2,883.0,80.0,85.0,182.0,1,1,1.0
233,2,884.0,80.0,74.0,182.0,1,1,1.0
234,2,882.0,80.0,63.0,182.0,1,1,1.0
234,1,854.0,80.0,50.0,171.0,1,1,1.0
235,1,840.0,79.0,59.0,171.0,1,1,1.0
236,2,872.0,80.0,48.0,184.0,1,1,1.0
236,1,828.0,79.0,63.0,173.0,1,1,1.0
238,2,845.0,82.0,69.0,182.0,1,1,1.0
238,1,815.0,82.0,77.0,172.0,1,1,1.0
239,2,832.0,84.0,81.0,181.0,1,1,1.0
240,2,818.0,85.0,85.0,174.0,1,1,1.0
242,2,817.0,86.0,90.0,178.0,1,1,1.0
242,1,810.0,85.0,74.0,172.0,1,1,1.0
243,2,820.0,86.0,84.0,179.0,1,1,1.0
246,1,777.0,85.0,76.0,177.0,1,1,1.0
248,1,759.0,86.0,85.0,179.0,1,1,1.0
250,2,756.0,88.0,92.0,181.0,1,1,1.0
251,2,750.0,88.0,97.0,182.0,1,1,1.0
252,2,751.0,90.0,96.0,181.0,1,1,1.0
253,2,751.0,90.0,91.0,181.0,1,1,1.0
254,2,751.0,90.0,83.0,182.0,1,1,1.0
255,2,750.0,89.0,73.0,183.0,1,1,1.0
256,2,746.0,89.0,65.0,182.0,1,1,1.0
257,2,739.0,89.0,57.0,183.0,1,1,1.0
258,1,731.0,89.0,57.0,185.0,1,1,1.0
259,1,719.0,91.0,68.0,187.0,1,1,1.0
260,1,713.0,93.0,73.0,187.0,1,1,1.0
261,1,699.0,95.0,86.0,185.0,1,1,1.0
263,1,695.0,97.0,88.0,187.0,1,1,1.0
264,1,693.0,98.0,89.0,189.0,1,1,1.0
265,1,691.0,98.0,88.0,189.0,1,1,1.0
266,1,688.0,97.0,81.0,189.0,1,1,1.0
267,1,685.0,97.0,74.0,189.0,1,1,1.0
268,1,673.0,97.0,74.0,189.0,1,1,1.0
269,1,660.0,97.0,72.0,189.0,1,1,1.0
270,1,648.0,97.0,77.0,189.0,1,1,1.0
271,1,648.0,98.0,74.0,189.0,1,1,1.0
272,1,636.0,98.0,86.0,189.0,1,1,1.0
273,1,628.0,100.0,94.0,188.0,1,1,1.0
274,1,623.0,102.0,99.0,188.0,1,1,1.0
275,1,621.0,104.0,101.0,188.0,1,1,1.0
276,1,621.0,105.0,99.0,186.0,1,1,1.0
277,1,620.0,106.0,93.0,183.0,1,1,1.0
278,1,620.0,105.0,83.0,185.0,1,1,1.0
279,1,617.0,104.0,74.0,189.0,1,1,1.0
280,1,612.0,103.0,64.0,190.0,1,1,1.0
281,1,605.0,103.0,55.0,191.0,1,1,1.0
282,1,599.0,106.0,55.0,191.0,1,1,1.0
284,1,572.0,108.0,80.0,192.0,1,1,1.0
285,1,560.0,110.0,92.0,191.0,1,1,1.0
286,1,553.0,112.0,99.0,190.0,1,1,1.0
287,1,549.0,112.0,102.0,191.0,1,1,1.0
288,1,548.0,112.0,102.0,192.0,1,1,1.0
289,1,548.0,113.0,95.0,192.0,1,1,1.0
290,1,548.0,113.0,85.0,191.0,1,1,1.0
291,1,544.0,113.0,77.0,192.0,1,1,1.0
292,1,538.0,113.0,67.0,193.0,1,1,1.0
293,1,529.0,114.0,61.0,193.0,1,1,1.0
294,1,519.0,115.0,67.0,191.0,1,1,1.0
295,1,515.0,115.0,68.0,191.0,1,1,1.0
296,1,502.0,117.0,80.0,191.0,1,1,1.0
297,1,491.0,119.0,91.0,191.0,1,1,1.0
298,1,483.0,120.0,99.0,191.0,1,1,1.0
299,1,479.0,122.0,103.0,190.0,1,1,1.0
300,1,477.0,123.0,103.0,192.0,1,1,1.0
301,1,477.0,123.0,99.0,193.0,1,1,1.0
302,1,477.0,122.0,89.0,194.0,1,1,1.0
303,1,475.0,123.0,80.0,193.0,1,1,1.0
304,1,470.0,123.0,70.0,193.0,1,1,1.0
305,1,464.0,124.0,60.0,192.0,1,1,1.0
307,1,451.0,127.0,61.0,192.0,1,1,1.0
308,1,435.0,128.0,74.0,193.0,1,1,1.0
310,1,414.0,131.0,93.0,194.0,1,1,1.0
312,1,408.0,132.0,101.0,198.0,1,1,1.0
313,1,407.0,132.0,95.0,198.0,1,1,1.0
314,1,407.0,133.0,85.0,199.0,1,1,1.0
315,1,405.0,133.0,75.0,199.0,1,1,1.0
316,1,400.0,132.0,67.0,199.0,1,1,1.0
318,1,389.0,137.0,55.0,193.0,1,1,1.0
319,1,381.0,140.0,59.0,191.0,1,1,1.0
320,1,367.0,141.0,72.0,191.0,1,1,1.0
321,1,355.0,141.0,84.0,193.0,1,1,1.0
322,1,346.0,145.0,93.0,191.0,1,1,1.0
323,1,341.0,146.0,98.0,191.0,1,1,1.0
324,1,339.0,148.0,99.0,191.0,1,1,1.0
325,1,339.0,147.0,99.0,193.0,1,1,1.0
327,1,333.0,148.0,76.0,192.0,1,1,1.0
328,1,327.0,148.0,75.0,192.0,1,1,1.0
330,1,318.0,152.0,59.0,192.0,1,1,1.0
331,1,314.0,154.0,58.0,190.0,1,1,1.0
333,1,308.0,152.0,74.0,180.0,1,1,1.0
334,1,286.0,156.0,89.0,188.0,1,1,1.0
335,1,293.0,155.0,89.0,185.0,1,1,1.0
338,1,291.0,157.0,73.0,183.0,1,1,1.0
339,1,290.0,157.0,62.0,182.0,1,1,1.0
340,1,286.0,158.0,55.0,179.0,1,1,1.0
343,1,270.0,160.0,55.0,176.0,1,1,1.0
348,1,213.0,175.0,87.0,187.0,1,1,1.0
349,1,208.0,177.0,83.0,188.0,1,1,1.0
350,1,205.0,178.0,80.0,188.0,1,1,1.0
351,1,200.0,178.0,74.0,188.0,1,1,1.0
352,1,194.0,178.0,65.0,188.0,1,1,1.0
354,1,185.0,181.0,55.0,189.0,1,1,1.0
355,3,206.0,173.0,58.0,178.0,1,1,1.0
355,1,181.0,182.0,56.0,191.0,1,1,1.0
356,3,196.0,175.0,68.0,176.0,1,1,1.0
356,1,169.0,184.0,67.0,192.0,1,1,1.0
357,3,187.0,178.0,77.0,176.0,1,1,1.0
357,1,157.0,187.0,79.0,190.0,1,1,1.0
358,3,180.0,180.0,84.0,177.0,1,1,1.0
358,1,148.0,190.0,88.0,189.0,1,1,1.0
359,3,177.0,182.0,86.0,179.0,1,1,1.0
359,1,144.0,191.0,91.0,190.0,1,1,1.0
360,3,176.0,183.0,86.0,180.0,1,1,1.0
360,1,143.0,192.0,89.0,190.0,1,1,1.0
361,3,175.0,183.0,81.0,180.0,1,1,1.0
361,1,142.0,192.0,76.0,191.0,1,1,1.0
362,3,171.0,184.0,74.0,176.0,1,1,1.0
362,1,140.0,193.0,71.0,191.0,1,1,1.0
363,3,166.0,185.0,68.0,178.0,1,1,1.0
363,1,135.0,193.0,53.0,190.0,1,1,1.0
364,3,159.0,185.0,62.0,176.0,1,1,1.0
364,1,131.0,195.0,59.0,189.0,1,1,1.0
365,3,156.0,186.0,55.0,177.0,1,1,1.0
365,1,126.0,196.0,54.0,183.0,1,1,1.0
366,3,152.0,187.0,55.0,178.0,1,1,1.0
366,1,121.0,197.0,53.0,184.0,1,1,1.0
367,3,147.0,188.0,59.0,179.0,1,1,1.0
367,1,118.0,197.0,53.0,185.0,1,1,1.0
368,3,138.0,189.0,67.0,177.0,1,1,1.0
368,1,111.0,199.0,58.0,184.0,1,1,1.0
369,3,128.0,190.0,77.0,176.0,1,1,1.0
369,1,102.0,202.0,68.0,183.0,1,1,1.0
370,3,123.0,192.0,82.0,178.0,1,1,1.0
370,1,95.0,205.0,75.0,182.0,1,1,1.0
371,3,121.0,195.0,84.0,177.0,1,1,1.0
371,1,91.0,206.0,80.0,183.0,1,1,1.0
372,3,117.0,196.0,87.0,178.0,1,1,1.0
372,1,89.0,207.0,82.0,183.0,1,1,1.0
373,3,114.0,197.0,84.0,177.0,1,1,1.0
373,1,88.0,209.0,78.0,182.0,1,1,1.0
374,3,110.0,197.0,60.0,183.0,1,1,1.0
376,3,98.0,198.0,64.0,175.0,1,1,1.0
377,3,92.0,200.0,65.0,174.0,1,1,1.0
378,3,90.0,200.0,64.0,173.0,1,1,1.0
378,1,68.0,214.0,52.0,182.0,1,1,1.0
379,3,89.0,200.0,64.0,173.0,1,1,1.0
379,1,63.0,214.0,53.0,185.0,1,1,1.0
380,3,85.0,202.0,67.0,172.0,1,1,1.0
380,1,54.0,218.0,61.0,183.0,1,1,1.0
381,3,80.0,203.0,71.0,172.0,1,1,1.0
381,1,44.0,217.0,70.0,185.0,1,1,1.0
382,3,77.0,207.0,73.0,170.0,1,1,1.0
382,1,36.0,219.0,77.0,184.0,1,1,1.0
383,3,74.0,206.0,75.0,173.0,1,1,1.0
383,1,33.0,222.0,80.0,182.0,1,1,1.0
384,3,71.0,210.0,78.0,170.0,1,1,1.0
384,1,32.0,223.0,79.0,183.0,1,1,1.0
385,3,66.0,211.0,81.0,169.0,1,1,1.0
385,1,31.0,221.0,74.0,185.0,1,1,1.0
386,3,63.0,210.0,79.0,174.0,1,1,1.0
386,1,29.0,217.0,62.0,190.0,1,1,1.0
387,3,59.0,211.0,75.0,176.0,1,1,1.0
387,1,27.0,221.0,55.0,186.0,1,1,1.0
388,3,56.0,212.0,67.0,170.0,1,1,1.0
388,1,21.0,223.0,61.0,183.0,1,1,1.0
389,3,53.0,212.0,58.0,169.0,1,1,1.0
389,1,18.0,227.0,54.0,180.0,1,1,1.0
390,3,51.0,212.0,53.0,172.0,1,1,1.0
390,1,15.0,228.0,50.0,178.0,1,1,1.0
391,3,44.0,212.0,59.0,175.0,1,1,1.0
391,1,10.0,228.0,50.0,178.0,1,1,1.0
392,3,39.0,214.0,63.0,175.0,1,1,1.0
393,3,35.0,215.0,67.0,181.0,1,1,1.0
393,1,2.0,230.0,54.0,177.0,1,1,1.0
394,3,31.0,218.0,70.0,183.0,1,1,1.0
394,1,0.0,232.0,57.0,177.0,1,1,1.0
395,3,28.0,218.0,73.0,187.0,1,1,1.0
395,1,0.0,234.0,52.0,176.0,1,1,1.0
396,3,24.0,219.0,78.0,188.0,1,1,1.0
397,3,18.0,220.0,82.0,187.0,1,1,1.0
398,3,14.0,221.0,82.0,186.0,1,1,1.0
400,3,10.0,224.0,70.0,171.0,1,1,1.0
401,3,6.0,224.0,63.0,169.0,1,1,1.0
402,3,5.0,225.0,57.0,168.0,1,1,1.0
403,3,3.0,226.0,57.0,167.0,1,1,1.0
404,3,0.0,227.0,57.0,168.0,1,1,1.0
405,3,0.0,228.0,56.0,172.0,1,1,1.0
406,3,0.0,229.0,56.0,179.0,1,1,1.0
407,3,0.0,230.0,55.0,180.0,1,1,1.0
408,3,0.0,230.0,55.0,181.0,1,1,1.0
409,3,0.0,231.0,55.0,181.0,1,1,1.0
410,3,0.0,231.0,53.0,180.0,1,1,1.0
501,4,0.0,217.0,45.0,160.0,1,1,1.0
502,4,0.0,216.0,51.0,161.0,1,1,1.0
503,4,3.0,218.0,56.0,158.0,1,1,1.0
504,4,6.0,215.0,62.0,162.0,1,1,1.0
507,4,15.0,209.0,62.0,168.0,1,1,1.0
508,4,17.0,206.0,61.0,171.0,1,1,1.0
509,4,18.0,204.0,63.0,171.0,1,1,1.0
510,4,22.0,204.0,61.0,169.0,1,1,1.0
512,4,30.0,208.0,51.0,158.0,1,1,1.0
514,4,35.0,204.0,48.0,159.0,1,1,1.0
515,4,39.0,202.0,54.0,159.0,1,1,1.0
516,4,41.0,200.0,61.0,162.0,1,1,1.0
517,4,43.0,198.0,69.0,164.0,1,1,1.0
518,4,47.0,198.0,71.0,164.0,1,1,1.0
519,4,51.0,201.0,72.0,161.0,1,1,1.0
520,4,54.0,203.0,72.0,159.0,1,1,1.0
521,4,56.0,198.0,71.0,164.0,1,1,1.0
522,4,57.0,199.0,71.0,161.0,1,1,1.0
523,4,59.0,195.0,69.0,161.0,1,1,1.0
524,4,65.0,196.0,63.0,158.0,1,1,1.0
525,4,71.0,193.0,62.0,158.0,1,1,1.0
526,4,75.0,191.0,55.0,157.0,1,1,1.0
527,4,78.0,194.0,51.0,153.0,1,1,1.0
528,4,81.0,188.0,55.0,158.0,1,1,1.0
529,4,86.0,185.0,56.0,162.0,1,1,1.0
530,4,89.0,184.0,61.0,163.0,1,1,1.0
531,4,94.0,186.0,64.0,162.0,1,1,1.0
532,4,98.0,188.0,64.0,160.0,1,1,1.0
533,4,100.0,185.0,65.0,163.0,1,1,1.0
534,4,102.0,184.0,64.0,164.0,1,1,1.0
535,4,103.0,181.0,61.0,164.0,1,1,1.0
536,4,107.0,182.0,58.0,160.0,1,1,1.0
537,4,112.0,179.0,52.0,159.0,1,1,1.0
538,4,115.0,178.0,50.0,157.0,1,1,1.0
539,4,118.0,176.0,53.0,156.0,1,1,1.0
540,4,121.0,176.0,53.0,155.0,1,1,1.0
541,4,125.0,175.0,57.0,155.0,1,1,1.0
542,4,129.0,174.0,63.0,156.0,1,1,1.0
543,4,132.0,172.0,69.0,159.0,1,1,1.0
544,4,136.0,170.0,71.0,160.0,1,1,1.0
545,4,139.0,169.0,71.0,161.0,1,1,1.0
546,4,142.0,168.0,70.0,162.0,1,1,1.0
547,4,142.0,171.0,71.0,160.0,1,1,1.0
548,4,143.0,170.0,70.0,158.0,1,1,1.0
549,4,146.0,167.0,68.0,159.0,1,1,1.0
550,4,151.0,164.0,62.0,159.0,1,1,1.0
551,4,154.0,163.0,59.0,156.0,1,1,1.0
552,4,156.0,163.0,56.0,155.0,1,1,1.0
553,4,160.0,161.0,54.0,156.0,1,1,1.0
554,4,165.0,160.0,55.0,157.0,1,1,1.0
555,4,171.0,162.0,48.0,155.0,1,1,1.0
556,4,177.0,159.0,59.0,158.0,1,1,1.0
557,4,180.0,160.0,65.0,157.0,1,1,1.0
558,4,183.0,161.0,67.0,157.0,1,1,1.0
559,4,187.0,163.0,67.0,155.0,1,1,1.0
560,4,188.0,161.0,67.0,156.0,1,1,1.0
561,4,190.0,158.0,67.0,159.0,1,1,1.0
562,4,192.0,155.0,64.0,160.0,1,1,1.0
563,4,197.0,154.0,59.0,159.0,1,1,1.0
564,4,199.0,153.0,55.0,157.0,1,1,1.0
565,4,202.0,151.0,52.0,156.0,1,1,1.0
566,4,206.0,151.0,50.0,154.0,1,1,1.0
567,4,211.0,151.0,50.0,153.0,1,1,1.0
568,4,214.0,151.0,57.0,152.0,1,1,1.0
569,4,217.0,154.0,64.0,149.0,1,1,1.0
570,4,220.0,156.0,69.0,147.0,1,1,1.0
571,4,222.0,155.0,71.0,148.0,1,1,1.0
572,4,225.0,156.0,71.0,147.0,1,1,1.0
573,4,228.0,153.0,71.0,150.0,1,1,1.0
574,4,230.0,153.0,70.0,151.0,1,1,1.0
575,4,231.0,147.0,71.0,157.0,1,1,1.0
576,4,233.0,147.0,69.0,154.0,1,1,1.0
577,4,235.0,144.0,68.0,154.0,1,1,1.0
578,4,238.0,143.0,64.0,153.0,1,1,1.0
579,4,244.0,140.0,58.0,154.0,1,1,1.0
580,4,249.0,137.0,53.0,155.0,1,1,1.0
581,4,252.0,136.0,50.0,154.0,1,1,1.0
582,4,255.0,135.0,50.0,155.0,1,1,1.0
583,4,258.0,138.0,49.0,152.0,1,1,1.0
584,4,261.0,135.0,53.0,155.0,1,1,1.0
585,4,263.0,133.0,59.0,157.0,1,1,1.0
586,4,266.0,132.0,59.0,159.0,1,1,1.0
590,4,276.0,139.0,55.0,151.0,1,1,1.0
591,4,277.0,136.0,51.0,152.0,1,1,1.0
592,4,280.0,137.0,46.0,150.0,1,1,1.0
593,4,284.0,134.0,47.0,151.0,1,1,1.0
594,4,286.0,135.0,47.0,147.0,1,1,1.0
595,4,290.0,135.0,45.0,145.0,1,1,1.0
596,4,292.0,134.0,46.0,145.0,1,1,1.0
597,4,294.0,133.0,52.0,145.0,1,1,1.0
598,4,297.0,133.0,58.0,145.0,1,1,1.0
599,4,299.0,133.0,66.0,146.0,1,1,1.0
600,4,301.0,133.0,71.0,146.0,1,1,1.0
601,4,304.0,133.0,72.0,146.0,1,1,1.0
602,4,307.0,132.0,70.0,147.0,1,1,1.0
603,4,308.0,131.0,68.0,147.0,1,1,1.0
604,4,310.0,132.0,66.0,145.0,1,1,1.0
605,4,311.0,131.0,66.0,146.0,1,1,1.0
606,4,313.0,128.0,64.0,147.0,1,1,1.0
607,4,318.0,127.0,60.0,146.0,1,1,1.0
608,4,326.0,126.0,53.0,144.0,1,1,1.0
609,4,333.0,126.0,46.0,143.0,1,1,1.0
610,4,338.0,125.0,49.0,145.0,1,1,1.0
611,4,342.0,124.0,48.0,147.0,1,1,1.0
612,4,345.0,123.0,45.0,148.0,1,1,1.0
613,4,348.0,118.0,54.0,153.0,1,1,1.0
615,4,353.0,116.0,60.0,155.0,1,1,1.0
616,4,355.0,114.0,61.0,156.0,1,1,1.0
617,4,357.0,113.0,61.0,158.0,1,1,1.0
618,4,362.0,111.0,56.0,160.0,1,1,1.0
619,4,366.0,110.0,50.0,160.0,1,1,1.0
620,4,370.0,110.0,48.0,152.0,1,1,1.0
621,4,374.0,109.0,46.0,149.0,1,1,1.0
622,4,377.0,109.0,47.0,148.0,1,1,1.0
623,4,379.0,108.0,52.0,147.0,1,1,1.0
624,4,381.0,109.0,60.0,146.0,1,1,1.0
625,4,385.0,109.0,65.0,145.0,1,1,1.0
626,4,388.0,110.0,69.0,145.0,1,1,1.0
627,4,391.0,110.0,70.0,144.0,1,1,1.0
628,4,393.0,110.0,69.0,145.0,1,1,1.0
629,4,394.0,109.0,70.0,146.0,1,1,1.0
630,4,393.0,107.0,70.0,146.0,1,1,1.0
631,4,396.0,106.0,67.0,146.0,1,1,1.0
632,4,402.0,105.0,62.0,144.0,1,1,1.0
633,4,410.0,104.0,53.0,143.0,1,1,1.0
634,4,417.0,103.0,49.0,143.0,1,1,1.0
635,4,420.0,101.0,55.0,143.0,1,1,1.0
636,4,422.0,103.0,59.0,142.0,1,1,1.0
637,4,424.0,102.0,59.0,143.0,1,1,1.0
638,4,429.0,102.0,58.0,143.0,1,1,1.0
639,4,432.0,101.0,60.0,143.0,1,1,1.0
640,4,434.0,101.0,62.0,143.0,1,1,1.0
641,4,438.0,101.0,60.0,143.0,1,1,1.0
642,4,439.0,99.0,59.0,144.0,1,1,1.0
643,4,439.0,97.0,60.0,144.0,1,1,1.0
644,4,442.0,95.0,57.0,144.0,1,1,1.0
645,4,447.0,95.0,52.0,142.0,1,1,1.0
646,4,451.0,95.0,50.0,141.0,1,1,1.0
647,4,452.0,95.0,53.0,140.0,1,1,1.0
648,4,454.0,94.0,58.0,138.0,1,1,1.0
649,4,459.0,94.0,62.0,139.0,1,1,1.0
650,4,464.0,93.0,66.0,139.0,1,1,1.0
651,4,469.0,94.0,67.0,139.0,1,1,1.0
652,4,474.0,96.0,66.0,137.0,1,1,1.0
653,4,475.0,98.0,66.0,135.0,1,1,1.0
656,4,475.0,94.0,68.0,135.0,1,1,1.0
659,4,493.0,93.0,60.0,132.0,1,1,1.0
660,4,498.0,94.0,52.0,130.0,1,1,1.0
661,4,503.0,91.0,57.0,133.0,1,1,1.0
662,4,505.0,89.0,60.0,134.0,1,1,1.0
663,4,507.0,88.0,63.0,136.0,1,1,1.0
664,4,509.0,87.0,64.0,137.0,1,1,1.0
665,4,514.0,88.0,61.0,136.0,1,1,1.0
666,4,512.0,87.0,63.0,135.0,1,1,1.0
667,4,513.0,86.0,63.0,135.0,1,1,1.0
668,4,515.0,85.0,61.0,134.0,1,1,1.0
669,4,520.0,83.0,59.0,134.0,1,1,1.0
670,4,526.0,82.0,56.0,133.0,1,1,1.0
671,4,533.0,81.0,54.0,133.0,1,1,1.0
672,4,536.0,80.0,59.0,133.0,1,1,1.0
673,4,542.0,79.0,64.0,134.0,1,1,1.0
674,4,546.0,78.0,68.0,135.0,1,1,1.0
675,4,550.0,78.0,70.0,135.0,1,1,1.0
676,4,551.0,79.0,72.0,134.0,1,1,1.0
677,4,552.0,79.0,72.0,133.0,1,1,1.0
679,4,553.0,78.0,72.0,133.0,1,1,1.0
682,4,569.0,75.0,58.0,130.0,1,1,1.0
684,4,587.0,76.0,43.0,129.0,1,1,1.0
685,4,592.0,76.0,45.0,129.0,1,1,1.0
687,4,600.0,75.0,55.0,129.0,1,1,1.0
688,4,602.0,75.0,59.0,129.0,1,1,1.0
689,4,602.0,75.0,61.0,130.0,1,1,1.0
690,4,603.0,75.0,62.0,130.0,1,1,1.0
691,4,606.0,75.0,60.0,129.0,1,1,1.0
696,4,622.0,72.0,48.0,129.0,1,1,1.0
697,4,623.0,73.0,51.0,129.0,1,1,1.0
698,4,624.0,72.0,57.0,128.0,1,1,1.0
699,4,627.0,71.0,58.0,129.0,1,1,1.0
700,4,629.0,70.0,58.0,129.0,1,1,1.0
701,4,632.0,70.0,58.0,131.0,1,1,1.0
702,4,635.0,70.0,57.0,131.0,1,1,1.0
703,4,638.0,69.0,53.0,132.0,1,1,1.0
704,4,640.0,69.0,51.0,132.0,1,1,1.0
705,4,643.0,69.0,49.0,133.0,1,1,1.0
706,4,647.0,70.0,47.0,132.0,1,1,1.0
707,4,650.0,69.0,46.0,132.0,1,1,1.0
708,4,653.0,69.0,47.0,132.0,1,1,1.0
709,4,654.0,70.0,48.0,131.0,1,1,1.0
710,4,656.0,71.0,47.0,130.0,1,1,1.0
711,4,658.0,71.0,48.0,130.0,1,1,1.0
712,4,660.0,72.0,52.0,130.0,1,1,1.0
713,4,662.0,73.0,55.0,128.0,1,1,1.0
714,4,664.0,74.0,55.0,128.0,1,1,1.0
714,5,683.0,67.0,53.0,125.0,1,1,1.0
715,4,665.0,73.0,55.0,129.0,1,1,1.0
716,4,668.0,71.0,54.0,132.0,1,1,1.0
716,5,693.0,66.0,46.0,125.0,1,1,1.0
717,4,670.0,71.0,52.0,131.0,1,1,1.0
718,4,671.0,72.0,52.0,131.0,1,1,1.0
719,4,674.0,71.0,50.0,132.0,1,1,1.0
719,5,705.0,65.0,34.0,122.0,1,1,1.0
720,4,676.0,72.0,49.0,131.0,1,1,1.0
720,5,707.0,64.0,35.0,125.0,1,1,1.0
721,4,677.0,71.0,49.0,132.0,1,1,1.0
721,5,709.0,64.0,37.0,127.0,1,1,1.0
722,4,679.0,70.0,49.0,133.0,1,1,1.0
722,5,711.0,64.0,41.0,128.0,1,1,1.0
723,4,680.0,71.0,49.0,134.0,1,1,1.0
723,5,714.0,64.0,44.0,130.0,1,1,1.0
724,4,683.0,71.0,48.0,135.0,1,1,1.0
724,5,717.0,64.0,45.0,131.0,1,1,1.0
725,4,685.0,69.0,48.0,136.0,1,1,1.0
725,5,718.0,65.0,47.0,131.0,1,1,1.0
726,4,687.0,69.0,48.0,136.0,1,1,1.0
726,5,719.0,65.0,49.0,130.0,1,1,1.0
727,4,689.0,70.0,47.0,136.0,1,1,1.0
727,5,721.0,66.0,49.0,131.0,1,1,1.0
728,4,692.0,71.0,46.0,135.0,1,1,1.0
728,5,724.0,66.0,47.0,131.0,1,1,1.0
729,4,696.0,72.0,45.0,135.0,1,1,1.0
729,5,725.0,65.0,45.0,132.0,1,1,1.0
730,4,698.0,71.0,43.0,136.0,1,1,1.0
730,5,728.0,65.0,43.0,133.0,1,1,1.0
731,4,700.0,70.0,44.0,137.0,1,1,1.0
731,5,729.0,64.0,42.0,133.0,1,1,1.0
732,4,703.0,70.0,42.0,136.0,1,1,1.0
732,5,730.0,64.0,42.0,134.0,1,1,1.0
733,4,705.0,71.0,42.0,136.0,1,1,1.0
733,5,732.0,64.0,43.0,133.0,1,1,1.0
734,4,708.0,70.0,44.0,137.0,1,1,1.0
734,5,734.0,64.0,43.0,133.0,1,1,1.0
735,4,710.0,69.0,45.0,137.0,1,1,1.0
735,5,736.0,64.0,45.0,133.0,1,1,1.0
736,4,712.0,69.0,50.0,138.0,1,1,1.0
736,5,738.0,64.0,49.0,132.0,1,1,1.0
737,4,713.0,69.0,56.0,138.0,1,1,1.0
737,5,741.0,65.0,51.0,133.0,1,1,1.0
738,4,715.0,69.0,59.0,137.0,1,1,1.0
738,5,744.0,66.0,47.0,131.0,1,1,1.0
739,4,717.0,70.0,62.0,137.0,1,1,1.0
739,5,747.0,65.0,48.0,134.0,1,1,1.0
740,4,720.0,70.0,61.0,137.0,1,1,1.0
740,5,746.0,65.0,51.0,135.0,1,1,1.0
741,4,722.0,71.0,60.0,137.0,1,1,1.0
741,5,746.0,65.0,53.0,136.0,1,1,1.0
742,4,723.0,70.0,60.0,137.0,1,1,1.0
742,5,747.0,64.0,52.0,137.0,1,1,1.0
743,4,725.0,69.0,57.0,139.0,1,1,1.0
743,5,757.0,63.0,43.0,138.0,1,1,1.0
744,4,729.0,69.0,54.0,139.0,1,1,1.0
744,5,762.0,63.0,38.0,138.0,1,1,1.0
745,4,733.0,68.0,49.0,140.0,1,1,1.0
745,5,767.0,62.0,37.0,138.0,1,1,1.0
746,4,735.0,69.0,51.0,140.0,1,1,1.0
746,5,770.0,62.0,39.0,139.0,1,1,1.0
747,4,736.0,68.0,57.0,141.0,1,1,1.0
747,5,773.0,63.0,40.0,140.0,1,1,1.0
748,4,737.0,69.0,60.0,142.0,1,1,1.0
748,5,775.0,63.0,42.0,140.0,1,1,1.0
749,4,738.0,69.0,62.0,144.0,1,1,1.0
749,5,777.0,64.0,44.0,139.0,1,1,1.0
750,4,742.0,69.0,62.0,143.0,1,1,1.0
750,5,778.0,64.0,46.0,139.0,1,1,1.0
751,4,746.0,70.0,60.0,142.0,1,1,1.0
751,5,781.0,64.0,47.0,140.0,1,1,1.0
752,4,750.0,71.0,57.0,142.0,1,1,1.0
752,5,783.0,64.0,46.0,140.0,1,1,1.0
753,4,755.0,71.0,54.0,142.0,1,1,1.0
753,5,785.0,64.0,46.0,141.0,1,1,1.0
754,4,758.0,71.0,50.0,143.0,1,1,1.0
754,5,788.0,64.0,43.0,142.0,1,1,1.0
755,4,761.0,70.0,48.0,145.0,1,1,1.0
755,5,792.0,64.0,41.0,142.0,1,1,1.0
756,4,765.0,69.0,44.0,145.0,1,1,1.0
756,5,795.0,63.0,42.0,143.0,1,1,1.0
757,4,769.0,69.0,42.0,146.0,1,1,1.0
757,5,798.0,63.0,42.0,142.0,1,1,1.0
758,4,772.0,69.0,43.0,145.0,1,1,1.0
758,5,801.0,63.0,42.0,142.0,1,1,1.0
759,4,774.0,69.0,47.0,145.0,1,1,1.0
759,5,803.0,63.0,47.0,142.0,1,1,1.0
760,4,777.0,69.0,49.0,145.0,1,1,1.0
760,5,807.0,64.0,52.0,141.0,1,1,1.0
761,4,779.0,69.0,51.0,145.0,1,1,1.0
761,5,809.0,64.0,58.0,141.0,1,1,1.0
762,4,781.0,70.0,57.0,145.0,1,1,1.0
762,5,812.0,63.0,62.0,143.0,1,1,1.0
763,4,783.0,70.0,62.0,145.0,1,1,1.0
763,5,815.0,63.0,61.0,143.0,1,1,1.0
764,4,786.0,71.0,64.0,145.0,1,1,1.0
764,5,813.0,64.0,64.0,143.0,1,1,1.0
765,4,788.0,71.0,64.0,145.0,1,1,1.0
765,5,815.0,64.0,63.0,143.0,1,1,1.0
766,4,789.0,71.0,63.0,145.0,1,1,1.0
766,5,823.0,64.0,56.0,143.0,1,1,1.0
767,4,790.0,71.0,63.0,145.0,1,1,1.0
767,5,831.0,62.0,48.0,145.0,1,1,1.0
768,4,793.0,70.0,60.0,146.0,1,1,1.0
768,5,837.0,62.0,41.0,145.0,1,1,1.0
769,4,798.0,69.0,55.0,147.0,1,1,1.0
769,5,840.0,61.0,40.0,145.0,1,1,1.0
770,4,803.0,69.0,51.0,147.0,1,1,1.0
770,5,844.0,61.0,41.0,146.0,1,1,1.0
771,4,807.0,69.0,52.0,148.0,1,1,1.0
771,5,847.0,61.0,44.0,148.0,1,1,1.0
772,4,809.0,69.0,56.0,150.0,1,1,1.0
772,5,849.0,62.0,47.0,148.0,1,1,1.0
773,4,811.0,69.0,59.0,151.0,1,1,1.0
773,5,852.0,63.0,49.0,147.0,1,1,1.0
774,4,814.0,70.0,61.0,151.0,1,1,1.0
774,5,854.0,64.0,52.0,147.0,1,1,1.0
775,4,817.0,71.0,62.0,150.0,1,1,1.0
775,5,857.0,64.0,53.0,147.0,1,1,1.0
776,4,822.0,72.0,61.0,149.0,1,1,1.0
776,5,860.0,65.0,52.0,147.0,1,1,1.0
777,4,826.0,72.0,59.0,149.0,1,1,1.0
777,5,863.0,65.0,50.0,147.0,1,1,1.0
778,4,829.0,72.0,57.0,150.0,1,1,1.0
778,5,865.0,64.0,48.0,148.0,1,1,1.0
779,4,832.0,71.0,55.0,151.0,1,1,1.0
779,5,867.0,63.0,47.0,150.0,1,1,1.0
780,4,837.0,71.0,50.0,152.0,1,1,1.0
780,5,870.0,62.0,47.0,151.0,1,1,1.0
781,4,844.0,70.0,44.0,152.0,1,1,1.0
781,5,873.0,61.0,47.0,152.0,1,1,1.0
782,4,847.0,70.0,44.0,153.0,1,1,1.0
782,5,875.0,61.0,48.0,151.0,1,1,1.0
783,4,850.0,70.0,47.0,153.0,1,1,1.0
783,5,879.0,62.0,49.0,150.0,1,1,1.0
784,4,854.0,70.0,50.0,152.0,1,1,1.0
784,5,881.0,62.0,55.0,152.0,1,1,1.0
785,4,856.0,70.0,58.0,153.0,1,1,1.0
785,5,883.0,62.0,62.0,150.0,1,1,1.0
786,4,859.0,70.0,65.0,153.0,1,1,1.0
786,5,886.0,63.0,67.0,151.0,1,1,1.0
787,4,861.0,71.0,70.0,153.0,1,1,1.0
787,5,888.0,64.0,69.0,151.0,1,1,1.0
788,4,862.0,72.0,72.0,153.0,1,1,1.0
788,5,888.0,65.0,70.0,151.0,1,1,1.0
789,4,863.0,72.0,72.0,153.0,1,1,1.0
789,5,886.0,65.0,73.0,151.0,1,1,1.0
790,4,863.0,71.0,73.0,154.0,1,1,1.0
790,5,890.0,63.0,70.0,154.0,1,1,1.0
791,4,866.0,70.0,71.0,155.0,1,1,1.0
791,5,896.0,61.0,64.0,155.0,1,1,1.0
792,4,871.0,70.0,65.0,155.0,1,1,1.0
792,5,910.0,60.0,49.0,156.0,1,1,1.0
793,4,879.0,69.0,57.0,156.0,1,1,1.0
793,5,919.0,60.0,40.0,156.0,1,1,1.0
794,4,886.0,69.0,52.0,157.0,1,1,1.0
794,5,924.0,60.0,40.0,156.0,1,1,1.0
795,4,889.0,68.0,57.0,157.0,1,1,1.0
795,5,929.0,60.0,39.0,157.0,1,1,1.0
796,4,893.0,68.0,59.0,160.0,1,1,1.0
796,5,932.0,61.0,37.0,158.0,1,1,1.0
797,4,897.0,68.0,61.0,161.0,1,1,1.0
797,5,932.0,62.0,45.0,158.0,1,1,1.0
798,4,900.0,69.0,65.0,160.0,1,1,1.0
799,4,903.0,69.0,68.0,159.0,1,1,1.0
800,4,908.0,70.0,68.0,159.0,1,1,1.0
800,5,932.0,64.0,62.0,157.0,1,1,1.0
801,4,909.0,70.0,69.0,160.0,1,1,1.0
801,5,935.0,65.0,62.0,157.0,1,1,1.0
802,4,911.0,70.0,68.0,160.0,1,1,1.0
803,4,916.0,69.0,64.0,161.0,1,1,1.0
804,4,925.0,69.0,55.0,161.0,1,1,1.0
804,5,955.0,63.0,48.0,159.0,1,1,1.0
805,4,933.0,69.0,47.0,161.0,1,1,1.0
805,5,960.0,63.0,46.0,159.0,1,1,1.0
806,4,937.0,68.0,48.0,162.0,1,1,1.0
806,5,963.0,63.0,46.0,159.0,1,1,1.0
807,4,940.0,69.0,50.0,161.0,1,1,1.0
807,5,967.0,62.0,45.0,159.0,1,1,1.0
808,4,943.0,69.0,54.0,162.0,1,1,1.0
808,5,971.0,62.0,48.0,160.0,1,1,1.0
809,4,946.0,69.0,61.0,162.0,1,1,1.0
809,5,975.0,63.0,56.0,159.0,1,1,1.0
810,4,949.0,69.0,67.0,163.0,1,1,1.0
810,5,976.0,64.0,66.0,158.0,1,1,1.0
811,4,952.0,69.0,72.0,163.0,1,1,1.0
811,5,977.0,65.0,72.0,159.0,1,1,1.0
812,4,953.0,70.0,73.0,163.0,1,1,1.0
812,5,976.0,65.0,75.0,159.0,1,1,1.0
813,4,954.0,71.0,73.0,163.0,1,1,1.0
813,5,975.0,65.0,78.0,160.0,1,1,1.0
814,4,954.0,72.0,74.0,163.0,1,1,1.0
814,5,976.0,64.0,78.0,161.0,1,1,1.0
815,4,955.0,72.0,72.0,163.0,1,1,1.0
816,4,962.0,71.0,66.0,164.0,1,1,1.0
817,4,970.0,70.0,64.0,166.0,1,1,1.0
818,4,978.0,67.0,60.0,168.0,1,1,1.0
819,4,982.0,68.0,55.0,168.0,1,1,1.0
819,6,1017.0,60.0,38.0,165.0,1,1,1.0
820,4,986.0,68.0,50.0,169.0,1,1,1.0
820,6,1020.0,62.0,40.0,166.0,1,1,1.0
821,4,988.0,68.0,56.0,171.0,1,1,1.0
821,6,1024.0,61.0,43.0,168.0,1,1,1.0
822,4,989.0,68.0,65.0,172.0,1,1,1.0
823,4,991.0,69.0,71.0,172.0,1,1,1.0
824,4,992.0,70.0,76.0,172.0,1,1,1.0
825,4,996.0,71.0,74.0,171.0,1,1,1.0
825,5,1021.0,67.0,68.0,165.0,1,1,1.0
826,4,1001.0,73.0,70.0,171.0,1,1,1.0
827,4,1005.0,73.0,68.0,171.0,1,1,1.0
828,4,1011.0,73.0,63.0,171.0,1,1,1.0
828,6,1051.0,65.0,43.0,168.0,1,1,1.0
829,4,1023.0,73.0,50.0,171.0,1,1,1.0
829,6,1054.0,64.0,43.0,168.0,1,1,1.0
830,4,1029.0,72.0,48.0,172.0,1,1,1.0
831,4,1033.0,72.0,48.0,173.0,1,1,1.0
831,6,1061.0,64.0,43.0,168.0,1,1,1.0
832,4,1036.0,71.0,52.0,173.0,1,1,1.0
832,5,1057.0,64.0,51.0,167.0,1,1,1.0
833,4,1039.0,73.0,57.0,172.0,1,1,1.0
833,5,1065.0,64.0,54.0,170.0,1,1,1.0
834,4,1042.0,73.0,68.0,173.0,1,1,1.0
834,5,1067.0,65.0,63.0,170.0,1,1,1.0
835,4,1044.0,74.0,73.0,173.0,1,1,1.0
835,5,1069.0,65.0,69.0,170.0,1,1,1.0
836,4,1044.0,75.0,79.0,173.0,1,1,1.0
836,5,1068.0,67.0,77.0,167.0,1,1,1.0
837,4,1044.0,76.0,84.0,174.0,1,1,1.0
837,5,1068.0,68.0,81.0,168.0,1,1,1.0
838,4,1044.0,76.0,86.0,175.0,1,1,1.0
838,5,1069.0,69.0,82.0,169.0,1,1,1.0
840,4,1053.0,76.0,79.0,175.0,1,1,1.0
841,4,1063.0,76.0,69.0,174.0,1,1,1.0
841,6,1109.0,68.0,42.0,171.0,1,1,1.0
842,4,1074.0,76.0,58.0,174.0,1,1,1.0
842,6,1113.0,68.0,39.0,171.0,1,1,1.0
843,4,1080.0,76.0,55.0,176.0,1,1,1.0
843,6,1117.0,68.0,36.0,171.0,1,1,1.0
844,4,1084.0,76.0,56.0,179.0,1,1,1.0
844,6,1121.0,68.0,35.0,172.0,1,1,1.0
845,4,1086.0,77.0,62.0,181.0,1,1,1.0
846,4,1091.0,78.0,69.0,182.0,1,1,1.0
846,5,1099.0,70.0,72.0,180.0,1,1,1.0
847,4,1098.0,74.0,78.0,180.0,1,1,1.0
847,5,1097.0,76.0,80.0,182.0,1,1,1.0
848,4,1100.0,78.0,79.0,181.0,1,1,1.0
848,5,1106.0,74.0,83.0,179.0,1,1,1.0
849,4,1102.0,81.0,80.0,181.0,1,1,1.0
849,5,1107.0,75.0,89.0,176.0,1,1,1.0
851,4,1105.0,83.0,80.0,180.0,1,1,1.0
852,4,1116.0,83.0,69.0,180.0,1,1,1.0
855,4,1147.0,82.0,49.0,182.0,1,1,1.0
855,6,1173.0,74.0,40.0,176.0,1,1,1.0
856,4,1152.0,83.0,53.0,180.0,1,1,1.0
856,6,1178.0,74.0,40.0,175.0,1,1,1.0
857,4,1153.0,83.0,65.0,182.0,1,1,1.0
857,6,1178.0,74.0,45.0,177.0,1,1,1.0
858,4,1154.0,84.0,78.0,182.0,1,1,1.0
858,6,1177.0,74.0,54.0,180.0,1,1,1.0
859,4,1155.0,85.0,88.0,182.0,1,1,1.0
859,6,1177.0,76.0,67.0,178.0,1,1,1.0
860,4,1155.0,84.0,94.0,185.0,1,1,1.0
861,4,1154.0,84.0,98.0,186.0,1,1,1.0
861,6,1181.0,81.0,81.0,176.0,1,1,1.0
862,4,1157.0,84.0,95.0,186.0,1,1,1.0
863,4,1163.0,84.0,90.0,186.0,1,1,1.0
864,4,1174.0,84.0,79.0,186.0,1,1,1.0
865,4,1188.0,84.0,70.0,186.0,1,1,1.0
865,6,1217.0,82.0,55.0,179.0,1,1,1.0
866,4,1202.0,83.0,70.0,188.0,1,1,1.0
868,4,1217.0,84.0,59.0,191.0,1,1,1.0
869,4,1220.0,83.0,72.0,194.0,1,1,1.0
870,4,1220.0,86.0,83.0,192.0,1,1,1.0
871,4,1221.0,84.0,91.0,196.0,1,1,1.0
872,4,1222.0,88.0,92.0,193.0,1,1,1.0
872,6,1235.0,86.0,84.0,180.0,1,1,1.0
873,4,1223.0,91.0,92.0,192.0,1,1,1.0
873,6,1240.0,87.0,85.0,180.0,1,1,1.0
877,4,1267.0,89.0,60.0,195.0,1,1,1.0
879,4,1278.0,88.0,62.0,196.0,1,1,1.0
880,4,1279.0,88.0,75.0,197.0,1,1,1.0
881,4,1280.0,89.0,86.0,198.0,1,1,1.0
882,4,1281.0,92.0,94.0,196.0,1,1,1.0
883,4,1281.0,92.0,97.0,198.0,1,1,1.0
884,4,1281.0,93.0,98.0,198.0,1,1,1.0
885,4,1287.0,96.0,93.0,195.0,1,1,1.0
887,4,1306.0,99.0,76.0,192.0,1,1,1.0
888,4,1320.0,100.0,68.0,192.0,1,1,1.0
889,4,1332.0,101.0,61.0,194.0,1,1,1.0
890,4,1339.0,102.0,57.0,196.0,1,1,1.0
891,4,1341.0,104.0,71.0,197.0,1,1,1.0
892,4,1345.0,102.0,78.0,200.0,1,1,1.0
893,4,1346.0,106.0,84.0,199.0,1,1,1.0
894,4,1355.0,101.0,81.0,193.0,1,1,1.0
894,7,1347.0,107.0,84.0,194.0,1,1,1.0
895,4,1351.0,109.0,87.0,194.0,1,1,1.0
895,7,1362.0,100.0,75.0,188.0,1,1,1.0
896,4,1351.0,111.0,87.0,195.0,1,1,1.0
897,4,1355.0,112.0,84.0,196.0,1,1,1.0
899,4,1375.0,112.0,66.0,197.0,1,1,1.0
899,7,1399.0,102.0,56.0,192.0,1,1,1.0
900,4,1388.0,111.0,60.0,198.0,1,1,1.0
