1,1,805.0,0.0,43.0,92.0,1,1,1.0
2,1,806.0,0.0,40.0,92.0,1,1,1.0
3,1,806.0,0.0,39.0,92.0,1,1,1.0
4,1,804.0,0.0,39.0,92.0,1,1,1.0
5,1,803.0,0.0,38.0,92.0,1,1,1.0
6,1,803.0,0.0,37.0,92.0,1,1,1.0
7,1,802.0,0.0,38.0,93.0,1,1,1.0
8,1,801.0,0.0,37.0,93.0,1,1,1.0
9,1,801.0,0.0,36.0,94.0,1,1,1.0
10,1,799.0,0.0,38.0,95.0,1,1,1.0
11,1,798.0,0.0,38.0,96.0,1,1,1.0
12,1,796.0,0.0,39.0,97.0,1,1,1.0
13,1,796.0,0.0,41.0,98.0,1,1,1.0
14,1,795.0,0.0,42.0,98.0,1,1,1.0
15,1,795.0,0.0,43.0,99.0,1,1,1.0
16,1,795.0,0.0,42.0,99.0,1,1,1.0
17,1,795.0,0.0,42.0,99.0,1,1,1.0
18,1,795.0,0.0,42.0,99.0,1,1,1.0
19,1,795.0,0.0,42.0,99.0,1,1,1.0
20,1,794.0,0.0,42.0,100.0,1,1,1.0
21,1,794.0,0.0,42.0,101.0,1,1,1.0
22,1,794.0,0.0,42.0,102.0,1,1,1.0
23,1,794.0,0.0,41.0,103.0,1,1,1.0
24,1,794.0,0.0,41.0,104.0,1,1,1.0
25,1,794.0,0.0,41.0,104.0,1,1,1.0
26,1,793.0,0.0,41.0,104.0,1,1,1.0
27,1,792.0,0.0,42.0,104.0,1,1,1.0
28,1,791.0,0.0,42.0,104.0,1,1,1.0
29,1,790.0,0.0,42.0,104.0,1,1,1.0
30,1,790.0,0.0,44.0,104.0,1,1,1.0
31,1,789.0,0.0,44.0,104.0,1,1,1.0
32,1,789.0,0.0,44.0,105.0,1,1,1.0
33,1,789.0,0.0,43.0,107.0,1,1,1.0
34,1,789.0,0.0,43.0,108.0,1,1,1.0
35,1,789.0,0.0,42.0,109.0,1,1,1.0
36,1,789.0,0.0,42.0,110.0,1,1,1.0
37,1,789.0,0.0,42.0,110.0,1,1,1.0
38,1,789.0,0.0,43.0,111.0,1,1,1.0
39,1,788.0,0.0,43.0,111.0,1,1,1.0
40,1,788.0,0.0,44.0,111.0,1,1,1.0
41,1,788.0,0.0,46.0,111.0,1,1,1.0
42,1,788.0,0.0,46.0,111.0,1,1,1.0
43,1,788.0,0.0,46.0,112.0,1,1,1.0
44,1,788.0,0.0,45.0,113.0,1,1,1.0
45,1,787.0,0.0,44.0,115.0,1,1,1.0
46,1,786.0,0.0,45.0,116.0,1,1,1.0
47,1,785.0,0.0,44.0,116.0,1,1,1.0
48,1,783.0,0.0,43.0,117.0,1,1,1.0
51,1,779.0,0.0,44.0,117.0,1,1,1.0
52,1,778.0,0.0,44.0,117.0,1,1,1.0
53,1,777.0,0.0,45.0,117.0,1,1,1.0
54,1,776.0,0.0,45.0,118.0,1,1,1.0
55,1,775.0,0.0,45.0,119.0,1,1,1.0
56,1,774.0,0.0,46.0,120.0,1,1,1.0
57,1,773.0,1.0,46.0,121.0,1,1,1.0
58,1,773.0,1.0,45.0,121.0,1,1,1.0
59,1,772.0,2.0,45.0,122.0,1,1,1.0
60,1,771.0,2.0,46.0,122.0,1,1,1.0
61,1,770.0,2.0,47.0,123.0,1,1,1.0
62,1,769.0,2.0,48.0,123.0,1,1,1.0
63,1,767.0,1.0,49.0,123.0,1,1,1.0
64,1,766.0,1.0,49.0,123.0,1,1,1.0
65,1,766.0,1.0,47.0,123.0,1,1,1.0
66,1,766.0,1.0,46.0,124.0,1,1,1.0
67,1,765.0,3.0,46.0,125.0,1,1,1.0
68,1,764.0,4.0,46.0,126.0,1,1,1.0
69,1,760.0,5.0,48.0,126.0,1,1,1.0
70,1,759.0,6.0,49.0,126.0,1,1,1.0
71,1,758.0,6.0,49.0,125.0,1,1,1.0
72,1,756.0,6.0,49.0,123.0,1,1,1.0
73,1,755.0,6.0,49.0,125.0,1,1,1.0
74,1,754.0,6.0,50.0,126.0,1,1,1.0
75,1,753.0,5.0,50.0,127.0,1,1,1.0
76,1,753.0,5.0,50.0,127.0,1,1,1.0
77,1,753.0,5.0,50.0,128.0,1,1,1.0
78,1,752.0,6.0,51.0,129.0,1,1,1.0
79,1,752.0,7.0,51.0,130.0,1,1,1.0
80,1,752.0,8.0,51.0,130.0,1,1,1.0
81,1,752.0,9.0,51.0,131.0,1,1,1.0
82,1,752.0,9.0,51.0,131.0,1,1,1.0
83,1,752.0,9.0,51.0,131.0,1,1,1.0
84,1,752.0,9.0,52.0,131.0,1,1,1.0
85,1,751.0,8.0,52.0,132.0,1,1,1.0
86,1,752.0,7.0,52.0,132.0,1,1,1.0
87,1,752.0,7.0,52.0,133.0,1,1,1.0
88,1,752.0,7.0,52.0,135.0,1,1,1.0
89,1,752.0,7.0,51.0,137.0,1,1,1.0
90,1,753.0,8.0,50.0,138.0,1,1,1.0
91,1,753.0,9.0,49.0,138.0,1,1,1.0
92,1,752.0,10.0,50.0,138.0,1,1,1.0
93,1,752.0,11.0,50.0,138.0,1,1,1.0
94,1,752.0,11.0,52.0,138.0,1,1,1.0
95,1,751.0,11.0,53.0,138.0,1,1,1.0
96,1,750.0,11.0,53.0,138.0,1,1,1.0
97,1,750.0,11.0,52.0,139.0,1,1,1.0
98,1,750.0,10.0,52.0,138.0,1,1,1.0
99,1,750.0,10.0,51.0,139.0,1,1,1.0
100,1,751.0,10.0,51.0,140.0,1,1,1.0
101,1,751.0,11.0,51.0,141.0,1,1,1.0
102,1,752.0,13.0,51.0,141.0,1,1,1.0
103,1,752.0,14.0,51.0,141.0,1,1,1.0
104,1,752.0,15.0,52.0,142.0,1,1,1.0
105,1,754.0,15.0,51.0,142.0,1,1,1.0
106,1,755.0,16.0,50.0,142.0,1,1,1.0
107,1,756.0,15.0,50.0,142.0,1,1,1.0
108,1,756.0,15.0,51.0,143.0,1,1,1.0
109,1,755.0,15.0,52.0,143.0,1,1,1.0
110,1,756.0,15.0,53.0,143.0,1,1,1.0
111,1,756.0,16.0,53.0,145.0,1,1,1.0
112,1,756.0,17.0,53.0,147.0,1,1,1.0
113,1,756.0,18.0,54.0,148.0,1,1,1.0
114,1,754.0,19.0,55.0,147.0,1,1,1.0
115,1,753.0,20.0,56.0,148.0,1,1,1.0
116,1,753.0,20.0,56.0,148.0,1,1,1.0
117,1,752.0,20.0,55.0,148.0,1,1,1.0
118,1,752.0,20.0,54.0,148.0,1,1,1.0
119,1,751.0,20.0,54.0,148.0,1,1,1.0
120,1,751.0,19.0,54.0,149.0,1,1,1.0
121,1,751.0,19.0,54.0,149.0,1,1,1.0
122,1,749.0,19.0,55.0,152.0,1,1,1.0
123,1,749.0,20.0,55.0,153.0,1,1,1.0
124,1,750.0,22.0,55.0,153.0,1,1,1.0
125,1,750.0,24.0,54.0,153.0,1,1,1.0
126,1,751.0,26.0,54.0,153.0,1,1,1.0
127,1,751.0,26.0,54.0,153.0,1,1,1.0
128,1,751.0,26.0,55.0,153.0,1,1,1.0
129,1,752.0,27.0,56.0,153.0,1,1,1.0
130,1,752.0,27.0,58.0,152.0,1,1,1.0
131,1,751.0,27.0,58.0,152.0,1,1,1.0
132,1,751.0,26.0,58.0,153.0,1,1,1.0
133,1,750.0,26.0,57.0,156.0,1,1,1.0
134,1,750.0,27.0,55.0,159.0,1,1,1.0
135,1,750.0,28.0,54.0,159.0,1,1,1.0
136,1,749.0,30.0,53.0,160.0,1,1,1.0
137,1,749.0,30.0,53.0,161.0,1,1,1.0
138,1,747.0,31.0,54.0,162.0,1,1,1.0
139,1,744.0,31.0,55.0,162.0,1,1,1.0
140,1,743.0,31.0,55.0,162.0,1,1,1.0
141,1,742.0,31.0,55.0,163.0,1,1,1.0
142,1,742.0,31.0,55.0,163.0,1,1,1.0
143,1,741.0,31.0,55.0,163.0,1,1,1.0
144,1,741.0,31.0,55.0,164.0,1,1,1.0
145,1,741.0,31.0,54.0,167.0,1,1,1.0
146,1,741.0,32.0,55.0,168.0,1,1,1.0
147,1,741.0,34.0,55.0,169.0,1,1,1.0
148,1,741.0,35.0,56.0,169.0,1,1,1.0
149,1,742.0,36.0,55.0,169.0,1,1,1.0
150,1,742.0,37.0,56.0,169.0,1,1,1.0
151,1,742.0,37.0,56.0,169.0,1,1,1.0
152,1,743.0,36.0,56.0,169.0,1,1,1.0
153,1,743.0,36.0,56.0,169.0,1,1,1.0
154,1,743.0,36.0,56.0,169.0,1,1,1.0
155,1,743.0,36.0,56.0,171.0,1,1,1.0
156,1,743.0,36.0,55.0,175.0,1,1,1.0
157,1,743.0,38.0,55.0,176.0,1,1,1.0
158,1,742.0,39.0,55.0,178.0,1,1,1.0
159,1,742.0,41.0,54.0,179.0,1,1,1.0
160,1,742.0,42.0,54.0,180.0,1,1,1.0
161,1,741.0,43.0,54.0,180.0,1,1,1.0
162,1,740.0,43.0,55.0,180.0,1,1,1.0
163,1,739.0,43.0,55.0,181.0,1,1,1.0
164,1,739.0,42.0,57.0,181.0,1,1,1.0
165,1,738.0,42.0,58.0,181.0,1,1,1.0
166,1,738.0,42.0,60.0,182.0,1,1,1.0
167,1,738.0,42.0,61.0,185.0,1,1,1.0
168,1,738.0,44.0,63.0,188.0,1,1,1.0
169,1,739.0,47.0,64.0,187.0,1,1,1.0
170,1,740.0,48.0,65.0,187.0,1,1,1.0
171,1,741.0,51.0,66.0,187.0,1,1,1.0
172,1,743.0,52.0,66.0,187.0,1,1,1.0
173,1,745.0,52.0,66.0,187.0,1,1,1.0
174,1,746.0,51.0,66.0,188.0,1,1,1.0
175,1,747.0,51.0,65.0,188.0,1,1,1.0
176,1,748.0,50.0,64.0,189.0,1,1,1.0
177,1,749.0,50.0,64.0,191.0,1,1,1.0
178,1,751.0,52.0,63.0,195.0,1,1,1.0
179,1,751.0,53.0,63.0,196.0,1,1,1.0
180,1,752.0,55.0,63.0,197.0,1,1,1.0
181,1,752.0,57.0,64.0,199.0,1,1,1.0
182,1,752.0,58.0,64.0,200.0,1,1,1.0
183,1,751.0,59.0,64.0,200.0,1,1,1.0
184,1,750.0,58.0,64.0,202.0,1,1,1.0
185,1,749.0,57.0,64.0,203.0,1,1,1.0
186,1,748.0,57.0,66.0,203.0,1,1,1.0
187,1,748.0,57.0,69.0,204.0,1,1,1.0
188,1,747.0,57.0,70.0,204.0,1,1,1.0
189,1,747.0,57.0,71.0,203.0,1,1,1.0
190,1,746.0,59.0,71.0,206.0,1,1,1.0
191,1,746.0,62.0,72.0,208.0,1,1,1.0
192,1,746.0,63.0,71.0,210.0,1,1,1.0
193,1,746.0,65.0,70.0,211.0,1,1,1.0
194,1,749.0,67.0,68.0,212.0,1,1,1.0
195,1,750.0,68.0,67.0,212.0,1,1,1.0
196,1,752.0,68.0,66.0,213.0,1,1,1.0
197,1,753.0,68.0,68.0,213.0,1,1,1.0
198,1,753.0,68.0,70.0,213.0,1,1,1.0
199,1,753.0,68.0,73.0,213.0,1,1,1.0
200,1,753.0,68.0,73.0,215.0,1,1,1.0
201,1,753.0,69.0,73.0,220.0,1,1,1.0
202,1,753.0,71.0,74.0,221.0,1,1,1.0
203,1,753.0,72.0,74.0,223.0,1,1,1.0
204,1,752.0,74.0,75.0,227.0,1,1,1.0
205,1,752.0,77.0,75.0,227.0,1,1,1.0
206,1,752.0,78.0,75.0,227.0,1,1,1.0
207,1,752.0,80.0,74.0,227.0,1,1,1.0
208,1,751.0,81.0,74.0,226.0,1,1,1.0
209,1,752.0,81.0,75.0,226.0,1,1,1.0
210,1,752.0,81.0,75.0,226.0,1,1,1.0
211,1,753.0,81.0,75.0,226.0,1,1,1.0
212,1,753.0,82.0,76.0,226.0,1,1,1.0
213,1,754.0,83.0,77.0,231.0,1,1,1.0
214,1,755.0,84.0,79.0,232.0,1,1,1.0
215,1,756.0,86.0,79.0,233.0,1,1,1.0
216,1,759.0,88.0,77.0,234.0,1,1,1.0
217,1,762.0,90.0,75.0,237.0,1,1,1.0
218,1,764.0,91.0,76.0,238.0,1,1,1.0
219,1,766.0,92.0,76.0,238.0,1,1,1.0
220,1,767.0,92.0,79.0,239.0,1,1,1.0
221,1,769.0,92.0,81.0,239.0,1,1,1.0
222,1,770.0,92.0,83.0,240.0,1,1,1.0
223,1,771.0,92.0,82.0,241.0,1,1,1.0
224,1,772.0,93.0,82.0,245.0,1,1,1.0
225,1,773.0,95.0,83.0,249.0,1,1,1.0
226,1,774.0,97.0,83.0,253.0,1,1,1.0
227,1,774.0,99.0,85.0,250.0,1,1,1.0
228,1,774.0,102.0,86.0,254.0,1,1,1.0
229,1,774.0,103.0,87.0,255.0,1,1,1.0
230,1,775.0,104.0,87.0,255.0,1,1,1.0
231,1,775.0,105.0,88.0,255.0,1,1,1.0
232,1,775.0,105.0,88.0,255.0,1,1,1.0
233,1,775.0,105.0,89.0,255.0,1,1,1.0
234,1,776.0,106.0,88.0,255.0,1,1,1.0
235,1,776.0,107.0,88.0,253.0,1,1,1.0
236,1,777.0,109.0,89.0,256.0,1,1,1.0
237,1,778.0,111.0,90.0,260.0,1,1,1.0
238,1,781.0,114.0,90.0,263.0,1,1,1.0
239,1,782.0,116.0,89.0,266.0,1,1,1.0
240,1,784.0,119.0,87.0,269.0,1,1,1.0
241,1,786.0,120.0,88.0,271.0,1,1,1.0
242,1,789.0,121.0,89.0,271.0,1,1,1.0
243,1,791.0,121.0,92.0,271.0,1,1,1.0
244,1,793.0,121.0,94.0,271.0,1,1,1.0
245,1,794.0,121.0,99.0,271.0,1,1,1.0
246,1,794.0,122.0,103.0,271.0,1,1,1.0
247,1,793.0,124.0,105.0,279.0,1,1,1.0
248,1,792.0,126.0,105.0,281.0,1,1,1.0
249,1,793.0,129.0,105.0,286.0,1,1,1.0
250,1,793.0,133.0,102.0,286.0,1,1,1.0
251,1,793.0,136.0,100.0,287.0,1,1,1.0
252,1,791.0,139.0,100.0,292.0,1,1,1.0
253,1,790.0,141.0,101.0,293.0,1,1,1.0
254,1,788.0,142.0,103.0,293.0,1,1,1.0
255,1,786.0,142.0,105.0,293.0,1,1,1.0
256,1,784.0,142.0,104.0,292.0,1,1,1.0
257,1,783.0,143.0,103.0,291.0,1,1,1.0
258,1,782.0,145.0,102.0,295.0,1,1,1.0
259,1,781.0,147.0,101.0,301.0,1,1,1.0
260,1,782.0,151.0,99.0,308.0,1,1,1.0
261,1,781.0,155.0,100.0,309.0,1,1,1.0
262,1,781.0,158.0,101.0,316.0,1,1,1.0
263,1,782.0,161.0,102.0,318.0,1,1,1.0
264,1,782.0,164.0,104.0,318.0,1,1,1.0
265,1,783.0,165.0,106.0,317.0,1,1,1.0
266,1,783.0,166.0,109.0,316.0,1,1,1.0
267,1,782.0,167.0,111.0,316.0,1,1,1.0
268,1,782.0,167.0,110.0,315.0,1,1,1.0
269,1,782.0,169.0,109.0,322.0,1,1,1.0
270,1,781.0,171.0,110.0,334.0,1,1,1.0
271,1,779.0,174.0,112.0,336.0,1,1,1.0
272,1,777.0,178.0,114.0,337.0,1,1,1.0
273,1,775.0,183.0,114.0,338.0,1,1,1.0
274,1,773.0,187.0,114.0,343.0,1,1,1.0
275,1,770.0,191.0,115.0,344.0,1,1,1.0
276,1,768.0,192.0,117.0,343.0,1,1,1.0
277,1,766.0,194.0,118.0,342.0,1,1,1.0
278,1,763.0,195.0,120.0,341.0,1,1,1.0
279,1,760.0,196.0,122.0,340.0,1,1,1.0
280,1,759.0,199.0,122.0,338.0,1,1,1.0
281,1,759.0,202.0,123.0,346.0,1,1,1.0
282,1,758.0,206.0,122.0,354.0,1,1,1.0
283,1,759.0,210.0,120.0,358.0,1,1,1.0
284,1,759.0,214.0,119.0,361.0,1,1,1.0
285,1,760.0,219.0,118.0,370.0,1,1,1.0
286,1,761.0,222.0,118.0,374.0,1,1,1.0
287,1,763.0,224.0,119.0,375.0,1,1,1.0
288,1,763.0,226.0,122.0,374.0,1,1,1.0
289,1,763.0,227.0,126.0,373.0,1,1,1.0
290,1,762.0,228.0,132.0,372.0,1,1,1.0
291,1,761.0,230.0,136.0,370.0,1,1,1.0
292,1,760.0,232.0,137.0,375.0,1,1,1.0
293,1,760.0,236.0,137.0,387.0,1,1,1.0
294,1,760.0,240.0,136.0,394.0,1,1,1.0
295,1,760.0,245.0,136.0,400.0,1,1,1.0
296,1,758.0,251.0,138.0,398.0,1,1,1.0
297,1,756.0,257.0,141.0,409.0,1,1,1.0
298,1,754.0,262.0,145.0,412.0,1,1,1.0
299,1,752.0,266.0,147.0,411.0,1,1,1.0
300,1,751.0,269.0,148.0,409.0,1,1,1.0
301,1,751.0,271.0,148.0,407.0,1,1,1.0
302,1,750.0,274.0,147.0,405.0,1,1,1.0
303,1,750.0,277.0,148.0,400.0,1,1,1.0
304,1,749.0,282.0,150.0,411.0,1,1,1.0
305,1,749.0,287.0,153.0,428.0,1,1,1.0
306,1,750.0,293.0,154.0,431.0,1,1,1.0
307,1,752.0,300.0,151.0,436.0,1,1,1.0
308,1,753.0,306.0,149.0,446.0,1,1,1.0
309,1,756.0,313.0,151.0,452.0,1,1,1.0
310,1,758.0,317.0,154.0,452.0,1,1,1.0
311,1,760.0,321.0,159.0,450.0,1,1,1.0
312,1,760.0,324.0,164.0,447.0,1,1,1.0
313,1,760.0,326.0,170.0,445.0,1,1,1.0
314,1,760.0,330.0,175.0,442.0,1,1,1.0
315,1,759.0,334.0,177.0,460.0,1,1,1.0
316,1,759.0,339.0,177.0,483.0,1,1,1.0
317,1,759.0,347.0,176.0,490.0,1,1,1.0
318,1,757.0,356.0,177.0,491.0,1,1,1.0
319,1,753.0,365.0,181.0,497.0,1,1,1.0
320,1,750.0,373.0,185.0,503.0,1,1,1.0
321,1,747.0,379.0,187.0,502.0,1,1,1.0
322,1,742.0,383.0,186.0,499.0,1,1,1.0
323,1,738.0,387.0,185.0,496.0,1,1,1.0
324,1,736.0,391.0,184.0,492.0,1,1,1.0
325,1,733.0,396.0,184.0,486.0,1,1,1.0
326,1,732.0,402.0,186.0,483.0,1,1,1.0
327,1,732.0,405.0,184.0,500.0,1,1,1.0
328,1,731.0,416.0,183.0,520.0,1,1,1.0
329,1,732.0,427.0,182.0,530.0,1,1,1.0
330,1,732.0,436.0,180.0,537.0,1,1,1.0
331,1,733.0,445.0,180.0,550.0,1,1,1.0
332,1,735.0,454.0,182.0,554.0,1,1,1.0
333,1,736.0,461.0,188.0,551.0,1,1,1.0
334,1,738.0,468.0,197.0,546.0,1,1,1.0
335,1,738.0,473.0,207.0,540.0,1,1,1.0
336,1,739.0,478.0,212.0,535.0,1,1,1.0
337,1,740.0,484.0,217.0,528.0,1,1,1.0
338,1,740.0,490.0,222.0,540.0,1,1,1.0
339,1,741.0,497.0,221.0,558.0,1,1,1.0
340,1,743.0,504.0,220.0,569.0,1,1,1.0
341,1,744.0,509.0,222.0,572.0,1,1,1.0
342,1,744.0,525.0,226.0,558.0,1,1,1.0
343,1,743.0,538.0,228.0,545.0,1,1,1.0
344,1,740.0,551.0,224.0,532.0,1,1,1.0
345,1,738.0,562.0,224.0,520.0,1,1,1.0
346,1,735.0,573.0,227.0,509.0,1,1,1.0
347,1,734.0,581.0,230.0,500.0,1,1,1.0
348,1,731.0,590.0,242.0,491.0,1,1,1.0
349,1,729.0,599.0,254.0,482.0,1,1,1.0
350,1,727.0,609.0,259.0,471.0,1,1,1.0
351,1,728.0,621.0,259.0,459.0,1,1,1.0
352,1,731.0,633.0,257.0,447.0,1,1,1.0
353,1,733.0,647.0,254.0,433.0,1,1,1.0
354,1,737.0,661.0,248.0,418.0,1,1,1.0
355,1,742.0,674.0,245.0,405.0,1,1,1.0
356,1,748.0,687.0,239.0,392.0,1,1,1.0
357,1,753.0,698.0,239.0,381.0,1,1,1.0
358,1,760.0,708.0,244.0,371.0,1,1,1.0
359,1,765.0,717.0,255.0,362.0,1,1,1.0
360,1,769.0,727.0,268.0,352.0,1,1,1.0
361,1,773.0,738.0,281.0,341.0,1,1,1.0
362,1,776.0,750.0,290.0,329.0,1,1,1.0
363,1,779.0,762.0,294.0,317.0,1,1,1.0
364,1,781.0,773.0,297.0,306.0,1,1,1.0
365,1,783.0,786.0,299.0,293.0,1,1,1.0
366,1,783.0,800.0,302.0,279.0,1,1,1.0
367,1,783.0,807.0,305.0,271.0,1,1,1.0
368,1,779.0,814.0,307.0,265.0,1,1,1.0
369,1,776.0,811.0,304.0,268.0,1,1,1.0
370,1,770.0,853.0,301.0,225.0,1,1,1.0
371,1,768.0,865.0,297.0,214.0,1,1,1.0
372,1,766.0,893.0,294.0,186.0,1,1,1.0
373,1,763.0,912.0,291.0,167.0,1,1,1.0
374,1,758.0,928.0,287.0,150.0,1,1,1.0
375,1,748.0,946.0,289.0,133.0,1,1,1.0
376,1,739.0,961.0,283.0,117.0,1,1,1.0
424,2,100.0,919.0,237.0,159.0,1,1,1.0
425,2,101.0,907.0,240.0,172.0,1,1,1.0
426,2,100.0,890.0,239.0,189.0,1,1,1.0
427,2,99.0,870.0,235.0,208.0,1,1,1.0
428,2,97.0,853.0,231.0,225.0,1,1,1.0
429,2,94.0,837.0,227.0,241.0,1,1,1.0
430,2,91.0,823.0,225.0,256.0,1,1,1.0
431,2,88.0,810.0,224.0,269.0,1,1,1.0
432,2,84.0,797.0,228.0,281.0,1,1,1.0
433,2,82.0,788.0,232.0,290.0,1,1,1.0
434,2,79.0,780.0,233.0,298.0,1,1,1.0
435,2,76.0,772.0,234.0,307.0,1,1,1.0
436,2,72.0,764.0,238.0,314.0,1,1,1.0
437,2,68.0,755.0,242.0,324.0,1,1,1.0
438,2,64.0,747.0,246.0,332.0,1,1,1.0
439,2,59.0,737.0,251.0,341.0,1,1,1.0
440,2,54.0,726.0,257.0,352.0,1,1,1.0
441,2,49.0,715.0,256.0,363.0,1,1,1.0
442,2,45.0,704.0,258.0,374.0,1,1,1.0
443,2,43.0,692.0,257.0,386.0,1,1,1.0
444,2,42.0,682.0,257.0,396.0,1,1,1.0
445,2,39.0,673.0,269.0,405.0,1,1,1.0
446,2,38.0,665.0,272.0,413.0,1,1,1.0
447,2,38.0,658.0,267.0,420.0,1,1,1.0
448,2,40.0,650.0,258.0,428.0,1,1,1.0
449,2,42.0,643.0,253.0,435.0,1,1,1.0
450,2,49.0,636.0,245.0,442.0,1,1,1.0
451,2,55.0,627.0,239.0,451.0,1,1,1.0
452,2,59.0,617.0,235.0,461.0,1,1,1.0
453,2,62.0,607.0,232.0,471.0,1,1,1.0
454,2,63.0,596.0,231.0,482.0,1,1,1.0
455,2,64.0,587.0,230.0,490.0,1,1,1.0
456,2,64.0,579.0,231.0,487.0,1,1,1.0
457,2,64.0,572.0,231.0,490.0,1,1,1.0
458,2,64.0,567.0,230.0,493.0,1,1,1.0
459,2,64.0,563.0,230.0,496.0,1,1,1.0
460,2,65.0,558.0,229.0,500.0,1,1,1.0
461,2,64.0,554.0,229.0,504.0,1,1,1.0
462,2,62.0,549.0,229.0,507.0,1,1,1.0
463,2,58.0,544.0,228.0,495.0,1,1,1.0
464,2,55.0,536.0,227.0,484.0,1,1,1.0
465,2,53.0,527.0,224.0,466.0,1,1,1.0
466,2,51.0,519.0,222.0,453.0,1,1,1.0
467,2,49.0,512.0,221.0,449.0,1,1,1.0
468,2,49.0,506.0,219.0,452.0,1,1,1.0
469,2,49.0,501.0,211.0,456.0,1,1,1.0
470,2,52.0,497.0,200.0,459.0,1,1,1.0
471,2,54.0,493.0,192.0,464.0,1,1,1.0
472,2,57.0,490.0,185.0,465.0,1,1,1.0
473,2,61.0,486.0,179.0,469.0,1,1,1.0
474,2,65.0,480.0,175.0,472.0,1,1,1.0
475,2,67.0,473.0,172.0,461.0,1,1,1.0
476,2,67.0,465.0,173.0,453.0,1,1,1.0
477,2,66.0,457.0,174.0,438.0,1,1,1.0
478,2,67.0,449.0,173.0,420.0,1,1,1.0
479,2,70.0,442.0,170.0,411.0,1,1,1.0
480,2,73.0,436.0,167.0,409.0,1,1,1.0
481,2,76.0,432.0,165.0,411.0,1,1,1.0
482,2,77.0,430.0,163.0,413.0,1,1,1.0
483,2,77.0,428.0,163.0,414.0,1,1,1.0
484,2,77.0,427.0,163.0,416.0,1,1,1.0
485,2,76.0,424.0,163.0,418.0,1,1,1.0
486,2,74.0,421.0,165.0,416.0,1,1,1.0
487,2,71.0,418.0,166.0,408.0,1,1,1.0
488,2,69.0,414.0,166.0,398.0,1,1,1.0
489,2,68.0,408.0,166.0,387.0,1,1,1.0
490,2,67.0,403.0,166.0,376.0,1,1,1.0
491,2,66.0,398.0,165.0,374.0,1,1,1.0
492,2,65.0,394.0,162.0,376.0,1,1,1.0
493,2,65.0,390.0,155.0,379.0,1,1,1.0
494,2,65.0,388.0,147.0,382.0,1,1,1.0
495,2,65.0,387.0,139.0,384.0,1,1,1.0
496,2,66.0,385.0,134.0,385.0,1,1,1.0
497,2,67.0,383.0,132.0,387.0,1,1,1.0
498,2,68.0,379.0,131.0,389.0,1,1,1.0
499,2,69.0,375.0,129.0,384.0,1,1,1.0
500,2,69.0,370.0,129.0,377.0,1,1,1.0
501,2,69.0,365.0,129.0,369.0,1,1,1.0
502,2,69.0,362.0,129.0,357.0,1,1,1.0
503,2,68.0,359.0,130.0,349.0,1,1,1.0
504,2,68.0,356.0,130.0,347.0,1,1,1.0
505,2,67.0,353.0,131.0,342.0,1,1,1.0
506,2,66.0,352.0,132.0,341.0,1,1,1.0
507,2,65.0,352.0,133.0,341.0,1,1,1.0
508,2,64.0,352.0,135.0,342.0,1,1,1.0
509,2,61.0,352.0,136.0,342.0,1,1,1.0
510,2,58.0,351.0,139.0,343.0,1,1,1.0
511,2,56.0,349.0,140.0,340.0,1,1,1.0
512,2,53.0,347.0,141.0,332.0,1,1,1.0
513,2,49.0,343.0,141.0,326.0,1,1,1.0
514,2,46.0,340.0,140.0,322.0,1,1,1.0
515,2,44.0,337.0,138.0,323.0,1,1,1.0
516,2,43.0,334.0,135.0,324.0,1,1,1.0
517,2,43.0,331.0,132.0,326.0,1,1,1.0
518,2,43.0,330.0,130.0,329.0,1,1,1.0
519,2,43.0,329.0,126.0,331.0,1,1,1.0
520,2,43.0,328.0,122.0,331.0,1,1,1.0
521,2,45.0,326.0,119.0,331.0,1,1,1.0
522,2,48.0,324.0,116.0,333.0,1,1,1.0
523,2,51.0,321.0,113.0,330.0,1,1,1.0
524,2,55.0,317.0,109.0,320.0,1,1,1.0
525,2,57.0,313.0,108.0,305.0,1,1,1.0
526,2,58.0,309.0,107.0,294.0,1,1,1.0
527,2,58.0,305.0,107.0,291.0,1,1,1.0
528,2,57.0,302.0,107.0,293.0,1,1,1.0
529,2,56.0,299.0,109.0,295.0,1,1,1.0
530,2,55.0,298.0,110.0,296.0,1,1,1.0
531,2,52.0,296.0,113.0,299.0,1,1,1.0
532,2,51.0,295.0,113.0,300.0,1,1,1.0
533,2,52.0,295.0,112.0,299.0,1,1,1.0
534,2,51.0,295.0,112.0,297.0,1,1,1.0
535,2,49.0,294.0,112.0,291.0,1,1,1.0
536,2,46.0,293.0,113.0,281.0,1,1,1.0
537,2,43.0,291.0,115.0,278.0,1,1,1.0
538,2,41.0,289.0,115.0,275.0,1,1,1.0
539,2,38.0,287.0,113.0,276.0,1,1,1.0
540,2,37.0,286.0,110.0,278.0,1,1,1.0
541,2,36.0,285.0,108.0,279.0,1,1,1.0
542,2,37.0,284.0,103.0,280.0,1,1,1.0
543,2,37.0,284.0,100.0,280.0,1,1,1.0
544,2,38.0,283.0,98.0,282.0,1,1,1.0
545,2,38.0,281.0,98.0,282.0,1,1,1.0
546,2,38.0,279.0,98.0,280.0,1,1,1.0
547,2,39.0,276.0,97.0,277.0,1,1,1.0
548,2,39.0,273.0,97.0,268.0,1,1,1.0
549,2,40.0,269.0,95.0,262.0,1,1,1.0
550,2,40.0,267.0,96.0,257.0,1,1,1.0
551,2,39.0,264.0,96.0,257.0,1,1,1.0
552,2,38.0,262.0,97.0,257.0,1,1,1.0
553,2,36.0,261.0,100.0,258.0,1,1,1.0
554,2,33.0,260.0,103.0,258.0,1,1,1.0
555,2,30.0,260.0,105.0,259.0,1,1,1.0
556,2,29.0,261.0,105.0,258.0,1,1,1.0
557,2,29.0,261.0,105.0,258.0,1,1,1.0
558,2,26.0,260.0,107.0,257.0,1,1,1.0
559,2,24.0,259.0,106.0,252.0,1,1,1.0
560,2,23.0,257.0,104.0,248.0,1,1,1.0
561,2,21.0,254.0,102.0,248.0,1,1,1.0
562,2,21.0,251.0,98.0,249.0,1,1,1.0
563,2,21.0,250.0,94.0,250.0,1,1,1.0
564,2,21.0,249.0,89.0,251.0,1,1,1.0
565,2,22.0,248.0,84.0,253.0,1,1,1.0
566,2,23.0,248.0,79.0,253.0,1,1,1.0
567,2,23.0,248.0,77.0,253.0,1,1,1.0
570,2,25.0,246.0,75.0,247.0,1,1,1.0
571,2,28.0,243.0,73.0,243.0,1,1,1.0
572,2,33.0,240.0,69.0,238.0,1,1,1.0
573,2,36.0,238.0,66.0,235.0,1,1,1.0
574,2,37.0,237.0,66.0,234.0,1,1,1.0
575,2,38.0,236.0,67.0,235.0,1,1,1.0
576,2,39.0,235.0,67.0,236.0,1,1,1.0
577,2,40.0,234.0,69.0,237.0,1,1,1.0
578,2,42.0,233.0,74.0,238.0,1,1,1.0
579,2,44.0,232.0,79.0,239.0,1,1,1.0
580,2,46.0,231.0,81.0,240.0,1,1,1.0
581,2,45.0,230.0,84.0,241.0,1,1,1.0
582,2,48.0,228.0,81.0,242.0,1,1,1.0
583,2,54.0,226.0,75.0,243.0,1,1,1.0
584,2,59.0,224.0,70.0,243.0,1,1,1.0
585,2,63.0,223.0,66.0,238.0,1,1,1.0
586,2,66.0,220.0,64.0,234.0,1,1,1.0
587,2,70.0,218.0,66.0,232.0,1,1,1.0
588,2,72.0,217.0,70.0,230.0,1,1,1.0
589,2,74.0,215.0,78.0,231.0,1,1,1.0
590,2,81.0,214.0,85.0,231.0,1,1,1.0
591,2,87.0,213.0,91.0,232.0,1,1,1.0
592,2,91.0,212.0,96.0,233.0,1,1,1.0
593,2,93.0,211.0,99.0,235.0,1,1,1.0
594,2,94.0,210.0,101.0,235.0,1,1,1.0
595,2,96.0,207.0,100.0,232.0,1,1,1.0
596,2,101.0,205.0,94.0,231.0,1,1,1.0
597,2,109.0,203.0,86.0,224.0,1,1,1.0
598,2,119.0,201.0,75.0,220.0,1,1,1.0
599,2,127.0,199.0,67.0,219.0,1,1,1.0
600,2,132.0,196.0,64.0,221.0,1,1,1.0
601,2,136.0,194.0,68.0,223.0,1,1,1.0
602,2,142.0,193.0,82.0,225.0,1,1,1.0
603,2,146.0,191.0,95.0,227.0,1,1,1.0
604,2,152.0,190.0,102.0,229.0,1,1,1.0
605,2,157.0,189.0,104.0,230.0,1,1,1.0
606,2,160.0,188.0,105.0,231.0,1,1,1.0
607,2,163.0,185.0,104.0,230.0,1,1,1.0
608,2,169.0,181.0,97.0,228.0,1,1,1.0
609,2,179.0,177.0,87.0,229.0,1,1,1.0
610,2,190.0,175.0,76.0,224.0,1,1,1.0
611,2,198.0,172.0,68.0,220.0,1,1,1.0
612,2,204.0,171.0,67.0,224.0,1,1,1.0
613,2,210.0,169.0,73.0,223.0,1,1,1.0
614,2,215.0,168.0,86.0,222.0,1,1,1.0
615,2,221.0,167.0,98.0,222.0,1,1,1.0
616,2,227.0,167.0,104.0,222.0,1,1,1.0
617,2,230.0,167.0,109.0,222.0,1,1,1.0
618,2,232.0,166.0,113.0,220.0,1,1,1.0
619,2,234.0,165.0,113.0,219.0,1,1,1.0
620,2,242.0,163.0,106.0,219.0,1,1,1.0
621,2,254.0,160.0,93.0,221.0,1,1,1.0
622,2,267.0,157.0,79.0,223.0,1,1,1.0
623,2,275.0,155.0,72.0,225.0,1,1,1.0
624,2,281.0,153.0,73.0,227.0,1,1,1.0
625,2,286.0,152.0,83.0,228.0,1,1,1.0
626,2,291.0,152.0,99.0,228.0,1,1,1.0
627,2,298.0,151.0,111.0,228.0,1,1,1.0
628,2,305.0,150.0,116.0,229.0,1,1,1.0
629,2,309.0,150.0,119.0,229.0,1,1,1.0
630,2,311.0,148.0,120.0,230.0,1,1,1.0
631,2,315.0,146.0,117.0,231.0,1,1,1.0
632,2,325.0,144.0,107.0,231.0,1,1,1.0
633,2,338.0,142.0,94.0,228.0,1,1,1.0
634,2,348.0,141.0,83.0,227.0,1,1,1.0
635,2,357.0,139.0,75.0,229.0,1,1,1.0
636,2,362.0,137.0,82.0,228.0,1,1,1.0
637,2,368.0,135.0,97.0,228.0,1,1,1.0
638,2,376.0,136.0,110.0,227.0,1,1,1.0
639,2,384.0,136.0,118.0,227.0,1,1,1.0
640,2,390.0,135.0,121.0,228.0,1,1,1.0
641,2,393.0,135.0,124.0,228.0,1,1,1.0
642,2,394.0,134.0,126.0,227.0,1,1,1.0
643,2,397.0,132.0,124.0,226.0,1,1,1.0
644,2,406.0,130.0,115.0,225.0,1,1,1.0
645,2,419.0,128.0,101.0,225.0,1,1,1.0
646,2,433.0,126.0,86.0,226.0,1,1,1.0
647,2,441.0,124.0,77.0,228.0,1,1,1.0
648,2,447.0,122.0,74.0,229.0,1,1,1.0
649,2,452.0,121.0,86.0,230.0,1,1,1.0
650,2,458.0,121.0,100.0,230.0,1,1,1.0
651,2,464.0,120.0,112.0,231.0,1,1,1.0
652,2,472.0,119.0,115.0,232.0,1,1,1.0
653,2,479.0,118.0,116.0,232.0,1,1,1.0
654,2,481.0,117.0,118.0,232.0,1,1,1.0
655,2,485.0,115.0,116.0,231.0,1,1,1.0
656,2,497.0,112.0,105.0,231.0,1,1,1.0
657,2,510.0,110.0,91.0,228.0,1,1,1.0
658,2,521.0,107.0,79.0,225.0,1,1,1.0
659,2,529.0,106.0,73.0,225.0,1,1,1.0
660,2,536.0,104.0,77.0,225.0,1,1,1.0
661,2,543.0,103.0,89.0,225.0,1,1,1.0
662,2,549.0,102.0,102.0,226.0,1,1,1.0
663,2,555.0,101.0,111.0,227.0,1,1,1.0
664,2,560.0,100.0,116.0,228.0,1,1,1.0
665,2,561.0,100.0,119.0,228.0,1,1,1.0
666,2,562.0,99.0,120.0,227.0,1,1,1.0
667,2,566.0,97.0,117.0,225.0,1,1,1.0
668,2,576.0,95.0,107.0,222.0,1,1,1.0
669,2,589.0,93.0,93.0,218.0,1,1,1.0
670,2,604.0,90.0,78.0,218.0,1,1,1.0
671,2,610.0,88.0,74.0,218.0,1,1,1.0
672,2,613.0,87.0,83.0,219.0,1,1,1.0
673,2,617.0,86.0,89.0,220.0,1,1,1.0
674,2,621.0,86.0,94.0,220.0,1,1,1.0
675,2,626.0,86.0,104.0,221.0,1,1,1.0
676,2,633.0,86.0,107.0,221.0,1,1,1.0
677,2,641.0,85.0,104.0,222.0,1,1,1.0
678,2,647.0,84.0,100.0,221.0,1,1,1.0
679,2,655.0,82.0,95.0,220.0,1,1,1.0
680,2,665.0,80.0,88.0,218.0,1,1,1.0
681,2,674.0,78.0,80.0,215.0,1,1,1.0
682,2,680.0,77.0,78.0,214.0,1,1,1.0
683,2,685.0,75.0,79.0,214.0,1,1,1.0
684,2,692.0,74.0,85.0,213.0,1,1,1.0
685,2,699.0,74.0,95.0,212.0,1,1,1.0
687,2,708.0,74.0,107.0,211.0,1,1,1.0
688,2,711.0,74.0,109.0,211.0,1,1,1.0
689,2,714.0,72.0,108.0,212.0,1,1,1.0
690,2,719.0,71.0,103.0,211.0,1,1,1.0
691,2,731.0,68.0,92.0,209.0,1,1,1.0
692,2,745.0,66.0,77.0,209.0,1,1,1.0
693,2,761.0,65.0,68.0,210.0,1,1,1.0
694,2,767.0,65.0,74.0,210.0,1,1,1.0
695,2,769.0,65.0,83.0,210.0,1,1,1.0
696,2,771.0,64.0,91.0,210.0,1,1,1.0
697,2,774.0,65.0,100.0,210.0,1,1,1.0
698,2,779.0,65.0,105.0,210.0,1,1,1.0
699,2,783.0,64.0,105.0,210.0,1,1,1.0
700,2,790.0,63.0,100.0,210.0,1,1,1.0
701,2,801.0,62.0,89.0,209.0,1,1,1.0
702,2,812.0,61.0,77.0,205.0,1,1,1.0
703,2,826.0,59.0,64.0,202.0,1,1,1.0
704,2,835.0,58.0,62.0,203.0,1,1,1.0
705,2,841.0,56.0,64.0,204.0,1,1,1.0
706,2,846.0,54.0,72.0,204.0,1,1,1.0
707,2,851.0,54.0,85.0,203.0,1,1,1.0
708,2,853.0,55.0,96.0,203.0,1,1,1.0
709,2,855.0,56.0,102.0,202.0,1,1,1.0
710,2,856.0,55.0,105.0,202.0,1,1,1.0
711,2,858.0,54.0,106.0,203.0,1,1,1.0
712,2,859.0,53.0,105.0,202.0,1,1,1.0
713,2,866.0,51.0,98.0,201.0,1,1,1.0
714,2,876.0,50.0,87.0,200.0,1,1,1.0
715,2,889.0,49.0,73.0,201.0,1,1,1.0
716,2,893.0,48.0,69.0,201.0,1,1,1.0
717,2,894.0,47.0,70.0,202.0,1,1,1.0
718,2,897.0,47.0,72.0,202.0,1,1,1.0
719,2,900.0,47.0,81.0,202.0,1,1,1.0
720,2,905.0,48.0,88.0,201.0,1,1,1.0
721,2,912.0,49.0,90.0,199.0,1,1,1.0
722,2,919.0,50.0,88.0,199.0,1,1,1.0
723,2,927.0,51.0,83.0,197.0,1,1,1.0
724,2,932.0,50.0,78.0,196.0,1,1,1.0
725,2,941.0,50.0,70.0,197.0,1,1,1.0
726,2,951.0,48.0,60.0,194.0,1,1,1.0
727,2,962.0,46.0,55.0,192.0,1,1,1.0
728,2,967.0,45.0,56.0,194.0,1,1,1.0
729,2,969.0,45.0,61.0,193.0,1,1,1.0
730,2,975.0,44.0,62.0,192.0,1,1,1.0
731,2,978.0,44.0,68.0,193.0,1,1,1.0
732,2,979.0,43.0,76.0,192.0,1,1,1.0
733,2,980.0,44.0,80.0,192.0,1,1,1.0
734,2,981.0,45.0,83.0,191.0,1,1,1.0
735,2,983.0,45.0,85.0,189.0,1,1,1.0
736,2,988.0,45.0,84.0,188.0,1,1,1.0
737,2,998.0,44.0,79.0,186.0,1,1,1.0
738,2,1011.0,44.0,70.0,181.0,1,1,1.0
739,2,1019.0,43.0,64.0,176.0,1,1,1.0
740,2,1022.0,44.0,65.0,173.0,1,1,1.0
741,2,1024.0,43.0,67.0,172.0,1,1,1.0
742,2,1028.0,43.0,68.0,172.0,1,1,1.0
743,2,1032.0,42.0,72.0,176.0,1,1,1.0
744,2,1037.0,44.0,73.0,174.0,1,1,1.0
745,2,1045.0,44.0,69.0,175.0,1,1,1.0
746,2,1050.0,46.0,68.0,174.0,1,1,1.0
747,2,1058.0,44.0,66.0,176.0,1,1,1.0
748,2,1067.0,43.0,59.0,176.0,1,1,1.0
749,2,1076.0,42.0,55.0,177.0,1,1,1.0
751,2,1088.0,41.0,56.0,181.0,1,1,1.0
752,2,1093.0,40.0,60.0,182.0,1,1,1.0
753,2,1097.0,40.0,67.0,182.0,1,1,1.0
754,2,1098.0,39.0,74.0,181.0,1,1,1.0
755,2,1099.0,39.0,78.0,180.0,1,1,1.0
756,2,1100.0,40.0,78.0,180.0,1,1,1.0
757,2,1103.0,41.0,77.0,178.0,1,1,1.0
758,2,1105.0,41.0,76.0,178.0,1,1,1.0
759,2,1111.0,41.0,72.0,176.0,1,1,1.0
760,2,1119.0,39.0,67.0,176.0,1,1,1.0
761,2,1127.0,37.0,61.0,177.0,1,1,1.0
762,2,1132.0,37.0,58.0,178.0,1,1,1.0
763,2,1134.0,36.0,59.0,178.0,1,1,1.0
764,2,1134.0,36.0,62.0,178.0,1,1,1.0
765,2,1136.0,36.0,64.0,179.0,1,1,1.0
766,2,1138.0,37.0,67.0,178.0,1,1,1.0
767,2,1141.0,38.0,68.0,177.0,1,1,1.0
768,2,1146.0,39.0,65.0,175.0,1,1,1.0
769,2,1153.0,39.0,62.0,173.0,1,1,1.0
770,2,1160.0,39.0,61.0,173.0,1,1,1.0
771,2,1168.0,37.0,57.0,172.0,1,1,1.0
772,2,1173.0,36.0,57.0,172.0,1,1,1.0
773,2,1176.0,35.0,60.0,171.0,1,1,1.0
774,2,1181.0,34.0,60.0,171.0,1,1,1.0
775,2,1183.0,33.0,67.0,171.0,1,1,1.0
776,2,1184.0,34.0,78.0,170.0,1,1,1.0
777,2,1184.0,34.0,86.0,170.0,1,1,1.0
778,2,1185.0,37.0,90.0,166.0,1,1,1.0
779,2,1186.0,39.0,92.0,164.0,1,1,1.0
780,2,1187.0,40.0,92.0,163.0,1,1,1.0
781,2,1194.0,40.0,86.0,162.0,1,1,1.0
782,2,1203.0,40.0,78.0,162.0,1,1,1.0
783,2,1214.0,38.0,68.0,164.0,1,1,1.0
784,2,1226.0,36.0,58.0,165.0,1,1,1.0
785,2,1233.0,35.0,54.0,166.0,1,1,1.0
786,2,1235.0,35.0,55.0,167.0,1,1,1.0
787,2,1238.0,36.0,56.0,166.0,1,1,1.0
788,2,1240.0,36.0,60.0,165.0,1,1,1.0
789,2,1244.0,37.0,62.0,165.0,1,1,1.0
790,2,1248.0,38.0,62.0,164.0,1,1,1.0
791,2,1252.0,38.0,61.0,164.0,1,1,1.0
792,2,1255.0,37.0,59.0,164.0,1,1,1.0
793,2,1262.0,37.0,54.0,163.0,1,1,1.0
794,2,1269.0,36.0,51.0,161.0,1,1,1.0
795,2,1275.0,36.0,51.0,160.0,1,1,1.0
796,2,1278.0,35.0,51.0,161.0,1,1,1.0
797,2,1283.0,35.0,50.0,160.0,1,1,1.0
798,2,1286.0,35.0,53.0,160.0,1,1,1.0
799,2,1288.0,35.0,61.0,160.0,1,1,1.0
800,2,1288.0,36.0,67.0,159.0,1,1,1.0
