1,1,1535.0,475.0,51.0,140.0,1,1,1.0
2,1,1523.0,477.0,60.0,139.0,1,1,1.0
3,1,1516.0,478.0,64.0,137.0,1,1,1.0
4,1,1511.0,479.0,66.0,137.0,1,1,1.0
5,1,1509.0,479.0,63.0,137.0,1,1,1.0
6,1,1508.0,479.0,61.0,138.0,1,1,1.0
7,1,1509.0,478.0,57.0,138.0,1,1,1.0
8,1,1508.0,477.0,50.0,140.0,1,1,1.0
9,1,1507.0,476.0,46.0,141.0,1,1,1.0
10,1,1502.0,476.0,47.0,141.0,1,1,1.0
11,1,1497.0,475.0,49.0,141.0,1,1,1.0
12,1,1487.0,475.0,53.0,141.0,1,1,1.0
13,1,1475.0,476.0,61.0,140.0,1,1,1.0
15,1,1461.0,478.0,69.0,139.0,1,1,1.0
16,1,1458.0,478.0,71.0,139.0,1,1,1.0
17,1,1457.0,478.0,70.0,138.0,1,1,1.0
18,1,1456.0,477.0,65.0,139.0,1,1,1.0
19,1,1456.0,476.0,57.0,139.0,1,1,1.0
20,1,1456.0,476.0,48.0,139.0,1,1,1.0
21,1,1455.0,475.0,43.0,141.0,1,1,1.0
22,1,1452.0,475.0,41.0,142.0,1,1,1.0
23,1,1444.0,475.0,45.0,143.0,1,1,1.0
24,1,1432.0,476.0,52.0,143.0,1,1,1.0
25,1,1424.0,477.0,57.0,142.0,1,1,1.0
26,1,1418.0,478.0,60.0,141.0,1,1,1.0
27,1,1416.0,478.0,61.0,142.0,1,1,1.0
28,1,1415.0,478.0,60.0,142.0,1,1,1.0
29,1,1414.0,478.0,55.0,142.0,1,1,1.0
30,1,1414.0,477.0,50.0,143.0,1,1,1.0
31,1,1412.0,476.0,48.0,144.0,1,1,1.0
32,1,1408.0,475.0,49.0,144.0,1,1,1.0
33,1,1403.0,475.0,51.0,144.0,1,1,1.0
34,1,1392.0,475.0,60.0,145.0,1,1,1.0
35,1,1380.0,475.0,68.0,145.0,1,1,1.0
36,1,1371.0,476.0,73.0,145.0,1,1,1.0
37,1,1367.0,476.0,74.0,145.0,1,1,1.0
38,1,1364.0,477.0,75.0,144.0,1,1,1.0
39,1,1363.0,477.0,75.0,145.0,1,1,1.0
40,1,1363.0,477.0,73.0,145.0,1,1,1.0
41,1,1362.0,476.0,69.0,146.0,1,1,1.0
42,1,1362.0,475.0,62.0,147.0,1,1,1.0
43,1,1362.0,475.0,57.0,148.0,1,1,1.0
44,1,1360.0,475.0,52.0,149.0,1,1,1.0
45,1,1357.0,475.0,50.0,151.0,1,1,1.0
46,1,1351.0,475.0,50.0,153.0,1,1,1.0
47,1,1341.0,476.0,57.0,153.0,1,1,1.0
48,1,1332.0,478.0,62.0,152.0,1,1,1.0
49,1,1326.0,479.0,67.0,151.0,1,1,1.0
50,1,1323.0,480.0,68.0,151.0,1,1,1.0
51,1,1322.0,480.0,65.0,150.0,1,1,1.0
52,1,1322.0,480.0,59.0,151.0,1,1,1.0
53,1,1321.0,480.0,53.0,151.0,1,1,1.0
54,1,1318.0,479.0,51.0,152.0,1,1,1.0
55,1,1313.0,479.0,53.0,152.0,1,1,1.0
56,1,1307.0,479.0,55.0,151.0,1,1,1.0
57,1,1296.0,479.0,59.0,151.0,1,1,1.0
58,1,1284.0,480.0,68.0,151.0,1,1,1.0
59,1,1272.0,481.0,78.0,151.0,1,1,1.0
60,1,1266.0,482.0,82.0,150.0,1,1,1.0
61,1,1263.0,482.0,84.0,150.0,1,1,1.0
62,1,1262.0,481.0,83.0,150.0,1,1,1.0
63,1,1261.0,480.0,77.0,151.0,1,1,1.0
64,1,1261.0,480.0,68.0,152.0,1,1,1.0
65,1,1260.0,479.0,58.0,152.0,1,1,1.0
66,1,1256.0,479.0,53.0,153.0,1,1,1.0
67,1,1251.0,479.0,53.0,155.0,1,1,1.0
68,1,1245.0,479.0,57.0,156.0,1,1,1.0
69,1,1231.0,480.0,69.0,156.0,1,1,1.0
70,1,1220.0,481.0,73.0,155.0,1,1,1.0
71,1,1214.0,483.0,79.0,154.0,1,1,1.0
72,1,1210.0,483.0,78.0,154.0,1,1,1.0
73,1,1209.0,483.0,76.0,154.0,1,1,1.0
74,1,1208.0,483.0,70.0,154.0,1,1,1.0
75,1,1208.0,482.0,60.0,155.0,1,1,1.0
76,1,1206.0,482.0,53.0,156.0,1,1,1.0
77,1,1202.0,481.0,50.0,156.0,1,1,1.0
78,1,1196.0,482.0,51.0,156.0,1,1,1.0
79,1,1183.0,482.0,58.0,155.0,1,1,1.0
80,1,1169.0,482.0,69.0,155.0,1,1,1.0
81,1,1157.0,483.0,79.0,155.0,1,1,1.0
82,1,1151.0,483.0,85.0,154.0,1,1,1.0
83,1,1148.0,484.0,87.0,154.0,1,1,1.0
84,1,1147.0,484.0,87.0,154.0,1,1,1.0
85,1,1146.0,483.0,84.0,154.0,1,1,1.0
86,1,1146.0,482.0,74.0,155.0,1,1,1.0
87,1,1146.0,481.0,63.0,156.0,1,1,1.0
88,1,1145.0,480.0,51.0,157.0,1,1,1.0
89,1,1142.0,480.0,45.0,159.0,1,1,1.0
90,1,1135.0,480.0,47.0,160.0,1,1,1.0
91,1,1121.0,481.0,55.0,160.0,1,1,1.0
92,1,1108.0,482.0,65.0,160.0,1,1,1.0
93,1,1099.0,483.0,73.0,160.0,1,1,1.0
94,1,1094.0,483.0,78.0,160.0,1,1,1.0
95,1,1092.0,484.0,79.0,160.0,1,1,1.0
96,1,1091.0,484.0,76.0,160.0,1,1,1.0
97,1,1091.0,484.0,67.0,160.0,1,1,1.0
98,1,1090.0,484.0,56.0,160.0,1,1,1.0
99,1,1085.0,483.0,50.0,161.0,1,1,1.0
100,1,1079.0,482.0,49.0,161.0,1,1,1.0
101,1,1070.0,482.0,54.0,161.0,1,1,1.0
102,1,1055.0,483.0,68.0,161.0,1,1,1.0
103,1,1042.0,483.0,79.0,161.0,1,1,1.0
104,1,1033.0,484.0,88.0,160.0,1,1,1.0
105,1,1029.0,485.0,92.0,160.0,1,1,1.0
106,1,1027.0,486.0,93.0,160.0,1,1,1.0
107,1,1026.0,486.0,90.0,160.0,1,1,1.0
108,1,1026.0,485.0,80.0,161.0,1,1,1.0
109,1,1026.0,484.0,68.0,162.0,1,1,1.0
110,1,1026.0,484.0,56.0,162.0,1,1,1.0
111,1,1024.0,484.0,46.0,164.0,1,1,1.0
112,1,1014.0,484.0,50.0,167.0,1,1,1.0
113,1,1003.0,485.0,55.0,169.0,1,1,1.0
114,1,990.0,486.0,66.0,169.0,1,1,1.0
115,1,980.0,488.0,74.0,167.0,1,1,1.0
116,1,974.0,489.0,79.0,167.0,1,1,1.0
117,1,971.0,490.0,81.0,167.0,1,1,1.0
118,1,970.0,491.0,80.0,167.0,1,1,1.0
119,1,970.0,491.0,72.0,167.0,1,1,1.0
120,1,970.0,490.0,62.0,167.0,1,1,1.0
121,1,969.0,490.0,53.0,168.0,1,1,1.0
122,1,962.0,489.0,52.0,168.0,1,1,1.0
123,1,956.0,490.0,52.0,167.0,1,1,1.0
124,1,943.0,490.0,59.0,167.0,1,1,1.0
125,1,928.0,491.0,73.0,166.0,1,1,1.0
126,1,917.0,492.0,83.0,166.0,1,1,1.0
127,1,910.0,493.0,90.0,166.0,1,1,1.0
128,1,906.0,494.0,93.0,166.0,1,1,1.0
129,1,904.0,494.0,94.0,167.0,1,1,1.0
130,1,904.0,494.0,92.0,168.0,1,1,1.0
131,1,903.0,494.0,84.0,168.0,1,1,1.0
132,1,903.0,493.0,73.0,168.0,1,1,1.0
133,1,903.0,493.0,60.0,169.0,1,1,1.0
134,1,901.0,492.0,48.0,170.0,1,1,1.0
135,1,894.0,493.0,49.0,172.0,1,1,1.0
136,1,882.0,494.0,58.0,173.0,1,1,1.0
137,1,866.0,495.0,73.0,173.0,1,1,1.0
138,1,852.0,495.0,85.0,172.0,1,1,1.0
139,1,845.0,497.0,89.0,171.0,1,1,1.0
140,1,842.0,498.0,91.0,171.0,1,1,1.0
141,1,840.0,499.0,90.0,171.0,1,1,1.0
142,1,839.0,498.0,82.0,171.0,1,1,1.0
143,1,840.0,498.0,70.0,172.0,1,1,1.0
144,1,838.0,497.0,59.0,173.0,1,1,1.0
145,1,834.0,497.0,50.0,173.0,1,1,1.0
146,1,828.0,497.0,49.0,173.0,1,1,1.0
147,1,814.0,497.0,59.0,173.0,1,1,1.0
148,1,797.0,498.0,74.0,172.0,1,1,1.0
149,1,786.0,499.0,86.0,171.0,1,1,1.0
150,1,778.0,500.0,92.0,170.0,1,1,1.0
151,1,774.0,501.0,96.0,171.0,1,1,1.0
152,1,772.0,502.0,97.0,171.0,1,1,1.0
153,1,772.0,502.0,94.0,171.0,1,1,1.0
154,1,771.0,502.0,84.0,172.0,1,1,1.0
155,1,768.0,502.0,76.0,172.0,1,1,1.0
156,1,762.0,502.0,68.0,172.0,1,1,1.0
157,1,757.0,501.0,59.0,174.0,1,1,1.0
158,1,751.0,502.0,58.0,177.0,1,1,1.0
159,1,744.0,502.0,64.0,178.0,1,1,1.0
160,1,731.0,503.0,78.0,179.0,1,1,1.0
161,1,718.0,504.0,87.0,179.0,1,1,1.0
162,1,711.0,505.0,92.0,179.0,1,1,1.0
163,1,710.0,506.0,91.0,179.0,1,1,1.0
164,1,710.0,507.0,90.0,179.0,1,1,1.0
166,1,705.0,507.0,78.0,179.0,1,1,1.0
167,1,702.0,507.0,68.0,179.0,1,1,1.0
168,1,697.0,507.0,59.0,179.0,1,1,1.0
169,1,690.0,507.0,57.0,178.0,1,1,1.0
170,1,684.0,507.0,60.0,178.0,1,1,1.0
171,1,673.0,508.0,70.0,177.0,1,1,1.0
172,1,660.0,509.0,83.0,177.0,1,1,1.0
173,1,651.0,511.0,92.0,176.0,1,1,1.0
174,1,646.0,512.0,96.0,176.0,1,1,1.0
175,1,645.0,512.0,97.0,176.0,1,1,1.0
176,1,643.0,512.0,96.0,177.0,1,1,1.0
177,1,640.0,512.0,91.0,177.0,1,1,1.0
178,1,636.0,511.0,84.0,178.0,1,1,1.0
179,1,629.0,511.0,77.0,178.0,1,1,1.0
180,1,630.0,511.0,61.0,179.0,1,1,1.0
181,1,627.0,511.0,53.0,181.0,1,1,1.0
182,1,612.0,511.0,67.0,183.0,1,1,1.0
183,1,601.0,513.0,76.0,183.0,1,1,1.0
184,1,590.0,515.0,87.0,183.0,1,1,1.0
185,1,582.0,516.0,93.0,182.0,1,1,1.0
186,1,579.0,517.0,96.0,182.0,1,1,1.0
187,1,578.0,518.0,94.0,182.0,1,1,1.0
188,1,577.0,518.0,87.0,182.0,1,1,1.0
189,1,575.0,518.0,77.0,182.0,1,1,1.0
190,1,576.0,518.0,63.0,182.0,1,1,1.0
191,1,565.0,517.0,59.0,182.0,1,1,1.0
192,1,556.0,517.0,59.0,182.0,1,1,1.0
193,1,550.0,518.0,62.0,181.0,1,1,1.0
194,1,537.0,519.0,74.0,181.0,1,1,1.0
195,1,523.0,520.0,87.0,180.0,1,1,1.0
196,1,513.0,522.0,97.0,179.0,1,1,1.0
197,1,508.0,523.0,101.0,178.0,1,1,1.0
198,1,506.0,523.0,102.0,178.0,1,1,1.0
199,1,505.0,523.0,98.0,178.0,1,1,1.0
200,1,503.0,523.0,88.0,178.0,1,1,1.0
201,1,503.0,522.0,73.0,179.0,1,1,1.0
202,1,492.0,521.0,69.0,180.0,1,1,1.0
203,1,484.0,521.0,62.0,182.0,1,1,1.0
204,1,475.0,521.0,65.0,184.0,1,1,1.0
205,1,466.0,521.0,71.0,184.0,1,1,1.0
206,1,453.0,522.0,85.0,182.0,1,1,1.0
207,1,442.0,524.0,99.0,181.0,1,1,1.0
208,1,437.0,525.0,101.0,180.0,1,1,1.0
209,1,434.0,526.0,102.0,179.0,1,1,1.0
210,1,434.0,527.0,97.0,179.0,1,1,1.0
211,1,433.0,527.0,87.0,178.0,1,1,1.0
212,1,431.0,526.0,76.0,179.0,1,1,1.0
213,1,428.0,526.0,63.0,180.0,1,1,1.0
214,1,425.0,525.0,50.0,181.0,1,1,1.0
215,1,415.0,525.0,54.0,181.0,1,1,1.0
216,1,405.0,525.0,62.0,180.0,1,1,1.0
217,1,390.0,525.0,76.0,180.0,1,1,1.0
218,1,380.0,526.0,87.0,179.0,1,1,1.0
219,1,374.0,527.0,92.0,178.0,1,1,1.0
220,1,372.0,528.0,93.0,177.0,1,1,1.0
221,1,364.0,528.0,99.0,178.0,1,1,1.0
222,1,361.0,528.0,94.0,178.0,1,1,1.0
223,1,365.0,527.0,79.0,178.0,1,1,1.0
224,1,363.0,527.0,68.0,178.0,1,1,1.0
225,1,351.0,526.0,69.0,180.0,1,1,1.0
226,1,343.0,526.0,64.0,181.0,1,1,1.0
227,1,336.0,526.0,68.0,183.0,1,1,1.0
228,1,329.0,527.0,74.0,182.0,1,1,1.0
229,1,318.0,528.0,84.0,181.0,1,1,1.0
230,1,310.0,529.0,91.0,179.0,1,1,1.0
231,1,307.0,530.0,94.0,178.0,1,1,1.0
232,1,305.0,531.0,95.0,178.0,1,1,1.0
233,1,301.0,531.0,96.0,178.0,1,1,1.0
234,1,301.0,531.0,88.0,178.0,1,1,1.0
235,1,298.0,531.0,80.0,178.0,1,1,1.0
236,1,294.0,531.0,70.0,178.0,1,1,1.0
237,1,292.0,530.0,58.0,179.0,1,1,1.0
238,1,280.0,530.0,59.0,178.0,1,1,1.0
239,1,267.0,531.0,70.0,178.0,1,1,1.0
240,1,258.0,531.0,77.0,178.0,1,1,1.0
241,1,251.0,533.0,84.0,176.0,1,1,1.0
242,1,246.0,534.0,90.0,175.0,1,1,1.0
243,1,242.0,535.0,93.0,174.0,1,1,1.0
244,1,239.0,536.0,95.0,174.0,1,1,1.0
245,1,240.0,535.0,89.0,175.0,1,1,1.0
246,1,233.0,535.0,85.0,175.0,1,1,1.0
247,1,236.0,534.0,69.0,176.0,1,1,1.0
248,1,233.0,533.0,56.0,177.0,1,1,1.0
249,1,226.0,534.0,52.0,178.0,1,1,1.0
250,1,220.0,535.0,56.0,179.0,1,1,1.0
251,1,209.0,536.0,66.0,179.0,1,1,1.0
252,1,195.0,537.0,79.0,178.0,1,1,1.0
253,1,186.0,538.0,88.0,177.0,1,1,1.0
254,1,182.0,539.0,92.0,177.0,1,1,1.0
255,1,179.0,540.0,94.0,175.0,1,1,1.0
256,1,173.0,540.0,94.0,176.0,1,1,1.0
257,1,169.0,540.0,89.0,176.0,1,1,1.0
258,1,163.0,540.0,83.0,176.0,1,1,1.0
259,1,161.0,540.0,72.0,176.0,1,1,1.0
260,1,157.0,539.0,62.0,177.0,1,1,1.0
261,1,150.0,539.0,63.0,177.0,1,1,1.0
262,1,143.0,539.0,68.0,177.0,1,1,1.0
263,1,136.0,540.0,74.0,176.0,1,1,1.0
264,1,130.0,541.0,80.0,175.0,1,1,1.0
265,1,124.0,542.0,85.0,174.0,1,1,1.0
266,1,121.0,542.0,88.0,173.0,1,1,1.0
267,1,119.0,542.0,88.0,173.0,1,1,1.0
268,1,116.0,542.0,82.0,172.0,1,1,1.0
269,1,120.0,542.0,72.0,171.0,1,1,1.0
270,1,119.0,541.0,59.0,171.0,1,1,1.0
271,1,116.0,540.0,50.0,173.0,1,1,1.0
272,1,111.0,540.0,49.0,175.0,1,1,1.0
273,1,99.0,540.0,59.0,175.0,1,1,1.0
274,1,94.0,542.0,63.0,174.0,1,1,1.0
275,1,86.0,543.0,71.0,172.0,1,1,1.0
276,1,80.0,544.0,77.0,171.0,1,1,1.0
277,1,77.0,545.0,80.0,170.0,1,1,1.0
278,1,72.0,546.0,84.0,169.0,1,1,1.0
279,1,71.0,546.0,83.0,169.0,1,1,1.0
281,1,64.0,545.0,73.0,170.0,1,1,1.0
282,1,64.0,545.0,64.0,169.0,1,1,1.0
283,1,60.0,546.0,56.0,169.0,1,1,1.0
284,1,57.0,546.0,50.0,169.0,1,1,1.0
285,1,55.0,546.0,49.0,169.0,1,1,1.0
286,1,45.0,547.0,57.0,168.0,1,1,1.0
287,1,39.0,548.0,64.0,167.0,1,1,1.0
288,1,36.0,549.0,66.0,166.0,1,1,1.0
289,1,35.0,550.0,68.0,164.0,1,1,1.0
290,1,32.0,551.0,70.0,164.0,1,1,1.0
291,1,31.0,551.0,71.0,163.0,1,1,1.0
292,1,28.0,551.0,70.0,162.0,1,1,1.0
293,1,25.0,550.0,67.0,163.0,1,1,1.0
294,1,22.0,549.0,57.0,163.0,1,1,1.0
295,1,19.0,549.0,49.0,165.0,1,1,1.0
296,1,15.0,549.0,47.0,168.0,1,1,1.0
297,1,12.0,548.0,49.0,170.0,1,1,1.0
298,1,7.0,548.0,52.0,170.0,1,1,1.0
299,1,1.0,550.0,58.0,168.0,1,1,1.0
300,1,0.0,551.0,61.0,167.0,1,1,1.0
301,1,0.0,552.0,62.0,166.0,1,1,1.0
302,1,0.0,553.0,62.0,165.0,1,1,1.0
303,1,0.0,554.0,62.0,165.0,1,1,1.0
304,1,0.0,560.0,60.0,159.0,1,1,1.0
305,1,0.0,564.0,57.0,154.0,1,1,1.0
306,1,0.0,568.0,50.0,151.0,1,1,1.0
307,1,0.0,573.0,41.0,145.0,1,1,1.0
369,2,0.0,533.0,46.0,149.0,1,1,1.0
371,2,0.0,534.0,48.0,148.0,1,1,1.0
372,2,0.0,533.0,50.0,148.0,1,1,1.0
373,2,0.0,533.0,51.0,149.0,1,1,1.0
374,2,0.0,531.0,51.0,150.0,1,1,1.0
375,2,0.0,530.0,51.0,150.0,1,1,1.0
376,2,4.0,529.0,46.0,149.0,1,1,1.0
377,2,8.0,528.0,43.0,150.0,1,1,1.0
378,2,10.0,528.0,41.0,150.0,1,1,1.0
379,2,13.0,528.0,44.0,150.0,1,1,1.0
380,2,16.0,528.0,51.0,150.0,1,1,1.0
381,2,19.0,528.0,58.0,151.0,1,1,1.0
382,2,23.0,527.0,59.0,151.0,1,1,1.0
383,2,26.0,526.0,62.0,152.0,1,1,1.0
384,2,29.0,526.0,62.0,152.0,1,1,1.0
385,2,31.0,526.0,62.0,152.0,1,1,1.0
386,2,33.0,525.0,61.0,151.0,1,1,1.0
387,2,38.0,524.0,55.0,151.0,1,1,1.0
388,2,44.0,522.0,49.0,151.0,1,1,1.0
389,2,49.0,521.0,43.0,149.0,1,1,1.0
390,2,54.0,519.0,40.0,150.0,1,1,1.0
391,2,58.0,519.0,43.0,150.0,1,1,1.0
392,2,61.0,519.0,51.0,149.0,1,1,1.0
393,2,65.0,519.0,59.0,149.0,1,1,1.0
394,2,68.0,520.0,64.0,148.0,1,1,1.0
395,2,70.0,520.0,67.0,147.0,1,1,1.0
396,2,71.0,521.0,69.0,146.0,1,1,1.0
397,2,72.0,521.0,70.0,146.0,1,1,1.0
398,2,76.0,520.0,65.0,145.0,1,1,1.0
399,2,83.0,520.0,58.0,145.0,1,1,1.0
400,2,90.0,519.0,51.0,146.0,1,1,1.0
401,2,96.0,516.0,45.0,148.0,1,1,1.0
402,2,100.0,515.0,43.0,149.0,1,1,1.0
403,2,104.0,515.0,46.0,149.0,1,1,1.0
404,2,108.0,516.0,53.0,148.0,1,1,1.0
405,2,112.0,516.0,61.0,148.0,1,1,1.0
406,2,115.0,515.0,65.0,149.0,1,1,1.0
407,2,117.0,515.0,67.0,149.0,1,1,1.0
408,2,119.0,514.0,68.0,150.0,1,1,1.0
409,2,120.0,514.0,68.0,149.0,1,1,1.0
410,2,124.0,513.0,64.0,149.0,1,1,1.0
411,2,130.0,513.0,57.0,147.0,1,1,1.0
412,2,138.0,511.0,49.0,147.0,1,1,1.0
413,2,144.0,509.0,43.0,148.0,1,1,1.0
414,2,148.0,507.0,42.0,149.0,1,1,1.0
415,2,152.0,509.0,48.0,146.0,1,1,1.0
416,2,156.0,507.0,57.0,149.0,1,1,1.0
417,2,159.0,507.0,65.0,149.0,1,1,1.0
418,2,161.0,506.0,71.0,149.0,1,1,1.0
419,2,163.0,505.0,73.0,151.0,1,1,1.0
420,2,164.0,508.0,74.0,147.0,1,1,1.0
421,2,166.0,510.0,73.0,143.0,1,1,1.0
422,2,171.0,507.0,68.0,144.0,1,1,1.0
423,2,179.0,505.0,60.0,146.0,1,1,1.0
424,2,189.0,502.0,50.0,148.0,1,1,1.0
425,2,194.0,500.0,45.0,149.0,1,1,1.0
426,2,197.0,503.0,44.0,147.0,1,1,1.0
427,2,201.0,501.0,51.0,148.0,1,1,1.0
428,2,205.0,500.0,59.0,149.0,1,1,1.0
429,2,208.0,499.0,66.0,151.0,1,1,1.0
430,2,213.0,499.0,68.0,150.0,1,1,1.0
431,2,214.0,498.0,70.0,152.0,1,1,1.0
432,2,216.0,498.0,72.0,151.0,1,1,1.0
433,2,218.0,497.0,70.0,151.0,1,1,1.0
434,2,224.0,496.0,65.0,151.0,1,1,1.0
435,2,231.0,495.0,58.0,149.0,1,1,1.0
436,2,238.0,495.0,49.0,147.0,1,1,1.0
437,2,243.0,495.0,46.0,146.0,1,1,1.0
438,2,248.0,494.0,46.0,145.0,1,1,1.0
439,2,250.0,494.0,55.0,145.0,1,1,1.0
440,2,253.0,494.0,64.0,144.0,1,1,1.0
441,2,258.0,493.0,69.0,146.0,1,1,1.0
442,2,261.0,492.0,72.0,147.0,1,1,1.0
443,2,263.0,492.0,73.0,146.0,1,1,1.0
444,2,263.0,491.0,74.0,147.0,1,1,1.0
445,2,264.0,491.0,73.0,146.0,1,1,1.0
446,2,268.0,490.0,71.0,146.0,1,1,1.0
447,2,274.0,488.0,64.0,145.0,1,1,1.0
448,2,283.0,487.0,55.0,145.0,1,1,1.0
449,2,291.0,486.0,46.0,146.0,1,1,1.0
450,2,296.0,486.0,42.0,146.0,1,1,1.0
451,2,299.0,484.0,42.0,148.0,1,1,1.0
452,2,303.0,483.0,48.0,148.0,1,1,1.0
453,2,306.0,483.0,54.0,148.0,1,1,1.0
454,2,309.0,484.0,58.0,148.0,1,1,1.0
455,2,313.0,485.0,58.0,147.0,1,1,1.0
456,2,314.0,485.0,60.0,147.0,1,1,1.0
457,2,315.0,485.0,59.0,146.0,1,1,1.0
458,2,319.0,482.0,56.0,147.0,1,1,1.0
459,2,325.0,482.0,49.0,145.0,1,1,1.0
460,2,333.0,484.0,42.0,141.0,1,1,1.0
461,2,338.0,483.0,41.0,140.0,1,1,1.0
462,2,342.0,485.0,42.0,136.0,1,1,1.0
463,2,345.0,481.0,49.0,139.0,1,1,1.0
464,2,348.0,480.0,57.0,140.0,1,1,1.0
465,2,349.0,481.0,67.0,139.0,1,1,1.0
466,2,350.0,480.0,73.0,140.0,1,1,1.0
467,2,350.0,482.0,77.0,138.0,1,1,1.0
468,2,351.0,482.0,78.0,138.0,1,1,1.0
469,2,354.0,479.0,76.0,139.0,1,1,1.0
471,2,370.0,476.0,63.0,140.0,1,1,1.0
472,2,381.0,474.0,50.0,141.0,1,1,1.0
476,2,391.0,470.0,64.0,145.0,1,1,1.0
477,2,393.0,470.0,69.0,144.0,1,1,1.0
478,2,397.0,470.0,69.0,144.0,1,1,1.0
479,2,400.0,469.0,68.0,144.0,1,1,1.0
480,2,405.0,470.0,64.0,142.0,1,1,1.0
481,2,411.0,469.0,58.0,143.0,1,1,1.0
482,2,416.0,469.0,53.0,138.0,1,1,1.0
483,2,421.0,469.0,49.0,136.0,1,1,1.0
484,2,426.0,468.0,48.0,137.0,1,1,1.0
485,2,431.0,467.0,46.0,136.0,1,1,1.0
486,2,436.0,467.0,50.0,136.0,1,1,1.0
487,2,439.0,467.0,57.0,136.0,1,1,1.0
488,2,443.0,467.0,62.0,136.0,1,1,1.0
489,2,446.0,467.0,66.0,135.0,1,1,1.0
490,2,447.0,467.0,69.0,136.0,1,1,1.0
491,2,447.0,467.0,70.0,136.0,1,1,1.0
492,2,447.0,466.0,72.0,136.0,1,1,1.0
493,2,451.0,465.0,68.0,135.0,1,1,1.0
494,2,459.0,464.0,60.0,134.0,1,1,1.0
495,2,469.0,463.0,50.0,135.0,1,1,1.0
496,2,477.0,461.0,41.0,135.0,1,1,1.0
497,2,482.0,461.0,38.0,136.0,1,1,1.0
498,2,485.0,461.0,37.0,136.0,1,1,1.0
499,2,489.0,460.0,42.0,137.0,1,1,1.0
500,2,491.0,460.0,48.0,137.0,1,1,1.0
501,2,493.0,459.0,52.0,137.0,1,1,1.0
502,2,496.0,459.0,53.0,137.0,1,1,1.0
503,2,498.0,459.0,53.0,137.0,1,1,1.0
504,2,500.0,459.0,51.0,136.0,1,1,1.0
505,2,505.0,458.0,46.0,135.0,1,1,1.0
506,2,510.0,456.0,42.0,135.0,1,1,1.0
507,2,515.0,455.0,38.0,134.0,1,1,1.0
508,2,520.0,453.0,38.0,134.0,1,1,1.0
509,2,524.0,452.0,39.0,134.0,1,1,1.0
510,2,527.0,452.0,44.0,134.0,1,1,1.0
511,2,528.0,452.0,52.0,134.0,1,1,1.0
512,2,529.0,453.0,58.0,133.0,1,1,1.0
513,2,530.0,454.0,61.0,132.0,1,1,1.0
514,2,530.0,454.0,62.0,132.0,1,1,1.0
515,2,531.0,454.0,63.0,130.0,1,1,1.0
516,2,533.0,454.0,61.0,129.0,1,1,1.0
517,2,539.0,453.0,55.0,128.0,1,1,1.0
518,2,545.0,452.0,49.0,128.0,1,1,1.0
519,2,554.0,452.0,41.0,128.0,1,1,1.0
520,2,561.0,451.0,36.0,128.0,1,1,1.0
521,2,564.0,450.0,38.0,129.0,1,1,1.0
522,2,567.0,450.0,43.0,129.0,1,1,1.0
523,2,569.0,451.0,49.0,128.0,1,1,1.0
524,2,571.0,451.0,52.0,128.0,1,1,1.0
525,2,572.0,452.0,53.0,127.0,1,1,1.0
526,2,572.0,451.0,54.0,128.0,1,1,1.0
527,2,572.0,451.0,54.0,128.0,1,1,1.0
528,2,573.0,450.0,53.0,129.0,1,1,1.0
529,2,573.0,449.0,53.0,130.0,1,1,1.0
530,2,574.0,449.0,52.0,129.0,1,1,1.0
531,2,578.0,449.0,52.0,129.0,1,1,1.0
532,2,584.0,449.0,50.0,129.0,1,1,1.0
534,2,595.0,448.0,38.0,131.0,1,1,1.0
537,2,604.0,450.0,55.0,131.0,1,1,1.0
538,2,606.0,450.0,56.0,132.0,1,1,1.0
539,2,607.0,451.0,54.0,132.0,1,1,1.0
540,2,608.0,452.0,51.0,131.0,1,1,1.0
541,2,610.0,452.0,49.0,131.0,1,1,1.0
542,2,614.0,452.0,44.0,131.0,1,1,1.0
543,2,619.0,452.0,42.0,131.0,1,1,1.0
544,2,622.0,452.0,45.0,132.0,1,1,1.0
545,2,624.0,451.0,45.0,132.0,1,1,1.0
546,2,627.0,453.0,45.0,131.0,1,1,1.0
547,2,629.0,452.0,48.0,131.0,1,1,1.0
548,2,631.0,452.0,52.0,131.0,1,1,1.0
549,2,633.0,453.0,55.0,132.0,1,1,1.0
550,2,635.0,454.0,57.0,131.0,1,1,1.0
551,2,638.0,455.0,56.0,132.0,1,1,1.0
552,2,639.0,456.0,56.0,132.0,1,1,1.0
553,2,640.0,456.0,55.0,132.0,1,1,1.0
554,2,642.0,456.0,53.0,133.0,1,1,1.0
555,2,646.0,455.0,49.0,134.0,1,1,1.0
556,2,650.0,455.0,47.0,134.0,1,1,1.0
557,2,653.0,455.0,47.0,134.0,1,1,1.0
558,2,654.0,455.0,49.0,136.0,1,1,1.0
559,2,655.0,456.0,55.0,138.0,1,1,1.0
560,2,656.0,457.0,55.0,139.0,1,1,1.0
561,2,658.0,457.0,55.0,140.0,1,1,1.0
562,2,658.0,458.0,57.0,140.0,1,1,1.0
563,2,659.0,459.0,53.0,141.0,1,1,1.0
564,2,659.0,460.0,52.0,142.0,1,1,1.0
565,2,660.0,460.0,49.0,142.0,1,1,1.0
566,2,661.0,460.0,47.0,142.0,1,1,1.0
567,2,661.0,460.0,45.0,142.0,1,1,1.0
568,2,662.0,460.0,45.0,142.0,1,1,1.0
569,2,663.0,460.0,45.0,142.0,1,1,1.0
570,2,664.0,460.0,46.0,142.0,1,1,1.0
571,2,664.0,460.0,46.0,144.0,1,1,1.0
572,2,665.0,461.0,47.0,146.0,1,1,1.0
573,2,667.0,462.0,48.0,146.0,1,1,1.0
574,2,669.0,464.0,49.0,145.0,1,1,1.0
575,2,670.0,465.0,48.0,146.0,1,1,1.0
576,2,671.0,465.0,47.0,146.0,1,1,1.0
577,2,673.0,466.0,47.0,146.0,1,1,1.0
578,2,674.0,466.0,47.0,146.0,1,1,1.0
579,2,676.0,466.0,47.0,146.0,1,1,1.0
580,2,677.0,466.0,48.0,146.0,1,1,1.0
581,2,679.0,466.0,48.0,146.0,1,1,1.0
582,2,681.0,467.0,47.0,149.0,1,1,1.0
583,2,682.0,467.0,47.0,151.0,1,1,1.0
584,2,683.0,468.0,47.0,152.0,1,1,1.0
585,2,685.0,470.0,47.0,151.0,1,1,1.0
586,2,686.0,471.0,47.0,152.0,1,1,1.0
587,2,687.0,472.0,47.0,152.0,1,1,1.0
588,2,688.0,473.0,48.0,152.0,1,1,1.0
589,2,690.0,473.0,46.0,152.0,1,1,1.0
590,2,692.0,473.0,46.0,152.0,1,1,1.0
591,2,694.0,473.0,46.0,153.0,1,1,1.0
592,2,695.0,473.0,48.0,153.0,1,1,1.0
593,2,697.0,474.0,49.0,151.0,1,1,1.0
594,2,699.0,475.0,50.0,150.0,1,1,1.0
595,2,702.0,475.0,52.0,152.0,1,1,1.0
596,2,705.0,476.0,57.0,152.0,1,1,1.0
597,2,707.0,478.0,61.0,152.0,1,1,1.0
598,2,709.0,479.0,63.0,153.0,1,1,1.0
599,2,710.0,479.0,63.0,154.0,1,1,1.0
600,2,710.0,480.0,62.0,154.0,1,1,1.0
601,2,712.0,480.0,61.0,155.0,1,1,1.0
602,2,716.0,480.0,57.0,155.0,1,1,1.0
603,2,722.0,479.0,53.0,155.0,1,1,1.0
604,2,728.0,479.0,52.0,155.0,1,1,1.0
605,2,732.0,480.0,56.0,156.0,1,1,1.0
606,2,735.0,480.0,58.0,158.0,1,1,1.0
607,2,738.0,480.0,61.0,160.0,1,1,1.0
608,2,742.0,481.0,61.0,161.0,1,1,1.0
609,2,745.0,482.0,60.0,162.0,1,1,1.0
610,2,748.0,483.0,58.0,162.0,1,1,1.0
611,2,750.0,483.0,57.0,162.0,1,1,1.0
612,2,752.0,484.0,55.0,162.0,1,1,1.0
613,2,755.0,484.0,52.0,163.0,1,1,1.0
614,2,759.0,484.0,49.0,163.0,1,1,1.0
615,2,763.0,484.0,48.0,163.0,1,1,1.0
616,2,767.0,484.0,52.0,163.0,1,1,1.0
617,2,770.0,484.0,55.0,163.0,1,1,1.0
618,2,774.0,484.0,56.0,163.0,1,1,1.0
619,2,777.0,484.0,62.0,164.0,1,1,1.0
620,2,781.0,486.0,69.0,164.0,1,1,1.0
621,2,784.0,487.0,74.0,165.0,1,1,1.0
622,2,785.0,488.0,76.0,165.0,1,1,1.0
623,2,786.0,488.0,76.0,166.0,1,1,1.0
624,2,787.0,489.0,75.0,166.0,1,1,1.0
625,2,790.0,489.0,72.0,166.0,1,1,1.0
626,2,797.0,489.0,66.0,166.0,1,1,1.0
627,2,804.0,489.0,58.0,166.0,1,1,1.0
628,2,812.0,489.0,56.0,167.0,1,1,1.0
629,2,816.0,489.0,58.0,169.0,1,1,1.0
630,2,817.0,490.0,64.0,172.0,1,1,1.0
631,2,819.0,492.0,66.0,173.0,1,1,1.0
632,2,819.0,494.0,70.0,173.0,1,1,1.0
633,2,821.0,495.0,68.0,174.0,1,1,1.0
634,2,826.0,497.0,65.0,173.0,1,1,1.0
635,2,830.0,497.0,60.0,173.0,1,1,1.0
636,2,837.0,497.0,57.0,174.0,1,1,1.0
637,2,840.0,496.0,52.0,174.0,1,1,1.0
638,2,844.0,497.0,52.0,173.0,1,1,1.0
639,2,847.0,497.0,54.0,173.0,1,1,1.0
640,2,849.0,498.0,56.0,172.0,1,1,1.0
641,2,851.0,500.0,60.0,172.0,1,1,1.0
642,2,854.0,501.0,67.0,174.0,1,1,1.0
643,2,857.0,502.0,72.0,174.0,1,1,1.0
644,2,859.0,503.0,73.0,176.0,1,1,1.0
645,2,859.0,504.0,74.0,178.0,1,1,1.0
646,2,861.0,504.0,73.0,178.0,1,1,1.0
647,2,865.0,504.0,69.0,179.0,1,1,1.0
648,2,871.0,503.0,63.0,180.0,1,1,1.0
649,2,879.0,503.0,59.0,180.0,1,1,1.0
650,2,886.0,503.0,61.0,181.0,1,1,1.0
651,2,890.0,503.0,65.0,184.0,1,1,1.0
652,2,894.0,504.0,67.0,185.0,1,1,1.0
653,2,897.0,506.0,64.0,186.0,1,1,1.0
654,2,901.0,507.0,63.0,187.0,1,1,1.0
655,2,904.0,508.0,60.0,189.0,1,1,1.0
656,2,905.0,510.0,64.0,189.0,1,1,1.0
657,2,908.0,511.0,61.0,189.0,1,1,1.0
658,2,911.0,511.0,61.0,189.0,1,1,1.0
659,2,915.0,512.0,56.0,189.0,1,1,1.0
660,2,919.0,512.0,54.0,189.0,1,1,1.0
661,2,922.0,512.0,57.0,190.0,1,1,1.0
662,2,926.0,512.0,59.0,189.0,1,1,1.0
663,2,929.0,512.0,61.0,188.0,1,1,1.0
664,2,930.0,514.0,65.0,187.0,1,1,1.0
665,2,930.0,516.0,76.0,188.0,1,1,1.0
666,2,932.0,518.0,83.0,189.0,1,1,1.0
667,2,934.0,519.0,87.0,189.0,1,1,1.0
668,2,936.0,521.0,89.0,190.0,1,1,1.0
669,2,937.0,522.0,89.0,192.0,1,1,1.0
670,2,939.0,522.0,88.0,192.0,1,1,1.0
671,2,945.0,522.0,81.0,192.0,1,1,1.0
672,2,953.0,522.0,74.0,192.0,1,1,1.0
673,2,963.0,522.0,65.0,192.0,1,1,1.0
674,2,971.0,523.0,72.0,193.0,1,1,1.0
677,2,988.0,525.0,58.0,204.0,1,1,1.0
678,2,993.0,528.0,58.0,205.0,1,1,1.0
679,2,994.0,531.0,60.0,205.0,1,1,1.0
680,2,996.0,533.0,71.0,204.0,1,1,1.0
681,2,997.0,535.0,74.0,203.0,1,1,1.0
682,2,1004.0,536.0,67.0,202.0,1,1,1.0
683,2,1011.0,537.0,59.0,201.0,1,1,1.0
684,2,1017.0,537.0,58.0,200.0,1,1,1.0
685,2,1020.0,537.0,61.0,201.0,1,1,1.0
686,2,1022.0,539.0,65.0,199.0,1,1,1.0
687,2,1024.0,540.0,69.0,199.0,1,1,1.0
688,2,1025.0,542.0,80.0,202.0,1,1,1.0
689,2,1025.0,544.0,90.0,203.0,1,1,1.0
690,2,1026.0,547.0,95.0,204.0,1,1,1.0
691,2,1027.0,549.0,97.0,205.0,1,1,1.0
692,2,1029.0,550.0,96.0,205.0,1,1,1.0
693,2,1034.0,551.0,92.0,205.0,1,1,1.0
694,2,1043.0,551.0,87.0,205.0,1,1,1.0
695,2,1055.0,551.0,80.0,205.0,1,1,1.0
696,2,1068.0,551.0,80.0,206.0,1,1,1.0
697,2,1082.0,552.0,79.0,209.0,1,1,1.0
698,2,1089.0,553.0,84.0,214.0,1,1,1.0
699,2,1091.0,554.0,90.0,215.0,1,1,1.0
700,2,1092.0,556.0,94.0,215.0,1,1,1.0
701,2,1092.0,559.0,97.0,215.0,1,1,1.0
702,2,1092.0,561.0,99.0,214.0,1,1,1.0
703,2,1093.0,562.0,99.0,215.0,1,1,1.0
704,2,1100.0,564.0,95.0,214.0,1,1,1.0
705,2,1112.0,565.0,85.0,213.0,1,1,1.0
706,2,1126.0,565.0,74.0,213.0,1,1,1.0
707,2,1141.0,565.0,65.0,213.0,1,1,1.0
708,2,1150.0,565.0,66.0,212.0,1,1,1.0
709,2,1154.0,566.0,72.0,211.0,1,1,1.0
710,2,1155.0,568.0,85.0,211.0,1,1,1.0
711,2,1155.0,570.0,101.0,212.0,1,1,1.0
712,2,1156.0,572.0,111.0,213.0,1,1,1.0
713,2,1155.0,575.0,116.0,214.0,1,1,1.0
714,2,1155.0,576.0,119.0,215.0,1,1,1.0
715,2,1161.0,577.0,114.0,215.0,1,1,1.0
716,2,1171.0,577.0,107.0,214.0,1,1,1.0
717,2,1183.0,577.0,100.0,215.0,1,1,1.0
718,2,1197.0,577.0,90.0,215.0,1,1,1.0
719,2,1213.0,578.0,79.0,219.0,1,1,1.0
720,2,1229.0,579.0,68.0,224.0,1,1,1.0
721,2,1235.0,582.0,86.0,229.0,1,1,1.0
722,2,1238.0,584.0,96.0,231.0,1,1,1.0
723,2,1239.0,587.0,104.0,232.0,1,1,1.0
724,2,1240.0,590.0,110.0,233.0,1,1,1.0
725,2,1241.0,592.0,112.0,233.0,1,1,1.0
726,2,1244.0,595.0,108.0,231.0,1,1,1.0
727,2,1252.0,596.0,96.0,230.0,1,1,1.0
728,2,1263.0,596.0,81.0,230.0,1,1,1.0
729,2,1275.0,597.0,72.0,229.0,1,1,1.0
730,2,1281.0,598.0,70.0,229.0,1,1,1.0
731,2,1284.0,599.0,73.0,227.0,1,1,1.0
732,2,1285.0,601.0,79.0,228.0,1,1,1.0
733,2,1285.0,603.0,89.0,228.0,1,1,1.0
734,2,1285.0,606.0,103.0,230.0,1,1,1.0
735,2,1285.0,609.0,109.0,232.0,1,1,1.0
736,2,1286.0,611.0,112.0,233.0,1,1,1.0
737,2,1287.0,612.0,114.0,234.0,1,1,1.0
738,2,1290.0,613.0,115.0,234.0,1,1,1.0
739,2,1300.0,613.0,106.0,234.0,1,1,1.0
740,2,1313.0,614.0,97.0,233.0,1,1,1.0
741,2,1328.0,614.0,96.0,233.0,1,1,1.0
742,2,1342.0,614.0,96.0,235.0,1,1,1.0
743,2,1355.0,612.0,96.0,244.0,1,1,1.0
744,2,1359.0,614.0,104.0,248.0,1,1,1.0
745,2,1360.0,619.0,112.0,247.0,1,1,1.0
746,2,1360.0,623.0,122.0,246.0,1,1,1.0
747,2,1360.0,627.0,125.0,245.0,1,1,1.0
750,2,1380.0,633.0,109.0,242.0,1,1,1.0
751,2,1393.0,634.0,99.0,241.0,1,1,1.0
752,2,1407.0,634.0,94.0,241.0,1,1,1.0
753,2,1423.0,635.0,86.0,240.0,1,1,1.0
754,2,1429.0,636.0,88.0,239.0,1,1,1.0
755,2,1430.0,638.0,92.0,237.0,1,1,1.0
756,2,1431.0,640.0,105.0,236.0,1,1,1.0
757,2,1430.0,642.0,119.0,236.0,1,1,1.0
758,2,1430.0,643.0,126.0,237.0,1,1,1.0
759,2,1431.0,645.0,129.0,239.0,1,1,1.0
760,2,1433.0,646.0,130.0,240.0,1,1,1.0
761,2,1439.0,646.0,133.0,240.0,1,1,1.0
762,2,1453.0,646.0,128.0,241.0,1,1,1.0
763,2,1471.0,646.0,115.0,241.0,1,1,1.0
764,2,1489.0,645.0,106.0,243.0,1,1,1.0
765,2,1508.0,646.0,90.0,244.0,1,1,1.0
766,2,1515.0,647.0,96.0,250.0,1,1,1.0
767,2,1518.0,648.0,106.0,252.0,1,1,1.0
768,2,1520.0,650.0,114.0,253.0,1,1,1.0
769,2,1520.0,653.0,122.0,251.0,1,1,1.0
770,2,1521.0,655.0,126.0,250.0,1,1,1.0
771,2,1521.0,657.0,130.0,250.0,1,1,1.0
772,2,1522.0,659.0,132.0,249.0,1,1,1.0
773,2,1527.0,660.0,133.0,249.0,1,1,1.0
774,2,1540.0,660.0,124.0,248.0,1,1,1.0
775,2,1554.0,660.0,118.0,248.0,1,1,1.0
776,2,1569.0,660.0,109.0,248.0,1,1,1.0
777,2,1587.0,660.0,96.0,248.0,1,1,1.0
778,2,1597.0,660.0,92.0,248.0,1,1,1.0
779,2,1600.0,661.0,96.0,246.0,1,1,1.0
780,2,1601.0,662.0,102.0,245.0,1,1,1.0
