1,1,1631.0,479.0,54.0,133.0,1,1,1.0
1,2,1673.0,484.0,44.0,134.0,1,1,1.0
2,1,1631.0,478.0,50.0,134.0,1,1,1.0
2,2,1669.0,484.0,45.0,134.0,1,1,1.0
3,1,1631.0,477.0,47.0,137.0,1,1,1.0
3,2,1667.0,484.0,44.0,135.0,1,1,1.0
4,1,1631.0,477.0,45.0,136.0,1,1,1.0
4,2,1666.0,483.0,43.0,135.0,1,1,1.0
5,1,1630.0,476.0,41.0,134.0,1,1,1.0
5,2,1662.0,483.0,45.0,138.0,1,1,1.0
6,1,1630.0,476.0,39.0,134.0,1,1,1.0
6,2,1660.0,483.0,43.0,140.0,1,1,1.0
7,1,1624.0,476.0,43.0,135.0,1,1,1.0
7,2,1660.0,482.0,40.0,140.0,1,1,1.0
8,1,1618.0,476.0,46.0,137.0,1,1,1.0
8,2,1659.0,481.0,38.0,141.0,1,1,1.0
9,1,1613.0,477.0,48.0,138.0,1,1,1.0
9,2,1658.0,481.0,37.0,142.0,1,1,1.0
10,1,1609.0,478.0,50.0,138.0,1,1,1.0
10,2,1656.0,482.0,36.0,144.0,1,1,1.0
11,1,1604.0,478.0,53.0,138.0,1,1,1.0
11,2,1650.0,483.0,39.0,144.0,1,1,1.0
12,1,1602.0,479.0,52.0,137.0,1,1,1.0
12,2,1643.0,484.0,43.0,140.0,1,1,1.0
13,1,1601.0,480.0,50.0,137.0,1,1,1.0
13,2,1636.0,485.0,47.0,140.0,1,1,1.0
14,1,1601.0,479.0,48.0,137.0,1,1,1.0
14,2,1632.0,486.0,48.0,139.0,1,1,1.0
15,1,1601.0,479.0,44.0,138.0,1,1,1.0
15,2,1633.0,486.0,45.0,139.0,1,1,1.0
16,1,1601.0,479.0,42.0,138.0,1,1,1.0
16,2,1631.0,485.0,43.0,142.0,1,1,1.0
17,1,1599.0,478.0,41.0,139.0,1,1,1.0
17,2,1630.0,485.0,40.0,143.0,1,1,1.0
18,1,1595.0,478.0,42.0,139.0,1,1,1.0
18,2,1629.0,484.0,39.0,144.0,1,1,1.0
19,1,1588.0,478.0,47.0,139.0,1,1,1.0
19,2,1628.0,484.0,37.0,144.0,1,1,1.0
20,1,1578.0,479.0,53.0,139.0,1,1,1.0
20,2,1624.0,484.0,39.0,144.0,1,1,1.0
21,1,1569.0,479.0,60.0,140.0,1,1,1.0
21,2,1613.0,484.0,47.0,145.0,1,1,1.0
22,1,1562.0,480.0,63.0,140.0,1,1,1.0
22,2,1603.0,485.0,53.0,144.0,1,1,1.0
23,1,1560.0,481.0,63.0,138.0,1,1,1.0
23,2,1605.0,485.0,49.0,143.0,1,1,1.0
24,1,1559.0,481.0,64.0,138.0,1,1,1.0
24,2,1593.0,486.0,58.0,143.0,1,1,1.0
25,1,1559.0,480.0,63.0,140.0,1,1,1.0
25,2,1588.0,487.0,60.0,142.0,1,1,1.0
26,1,1559.0,480.0,59.0,140.0,1,1,1.0
26,2,1586.0,486.0,61.0,143.0,1,1,1.0
27,1,1559.0,479.0,51.0,139.0,1,1,1.0
27,2,1585.0,485.0,60.0,144.0,1,1,1.0
28,1,1559.0,479.0,46.0,140.0,1,1,1.0
28,2,1585.0,485.0,56.0,144.0,1,1,1.0
29,1,1555.0,479.0,46.0,139.0,1,1,1.0
29,2,1585.0,484.0,50.0,145.0,1,1,1.0
30,1,1550.0,479.0,49.0,141.0,1,1,1.0
30,2,1585.0,484.0,45.0,146.0,1,1,1.0
31,1,1545.0,479.0,50.0,142.0,1,1,1.0
31,2,1585.0,483.0,40.0,147.0,1,1,1.0
32,1,1539.0,479.0,53.0,142.0,1,1,1.0
32,2,1585.0,484.0,38.0,149.0,1,1,1.0
33,1,1534.0,480.0,55.0,143.0,1,1,1.0
33,2,1578.0,484.0,42.0,150.0,1,1,1.0
34,1,1531.0,481.0,55.0,143.0,1,1,1.0
34,2,1570.0,485.0,47.0,149.0,1,1,1.0
35,1,1528.0,482.0,55.0,142.0,1,1,1.0
35,2,1563.0,486.0,51.0,144.0,1,1,1.0
36,1,1526.0,482.0,54.0,142.0,1,1,1.0
36,2,1560.0,488.0,51.0,142.0,1,1,1.0
37,1,1525.0,482.0,52.0,142.0,1,1,1.0
37,2,1556.0,488.0,52.0,146.0,1,1,1.0
38,1,1525.0,482.0,49.0,142.0,1,1,1.0
38,2,1555.0,488.0,51.0,145.0,1,1,1.0
39,1,1525.0,481.0,46.0,143.0,1,1,1.0
39,2,1554.0,487.0,48.0,148.0,1,1,1.0
40,1,1523.0,481.0,45.0,144.0,1,1,1.0
40,2,1554.0,487.0,45.0,150.0,1,1,1.0
41,1,1519.0,481.0,46.0,144.0,1,1,1.0
41,2,1554.0,486.0,42.0,151.0,1,1,1.0
42,1,1513.0,480.0,49.0,144.0,1,1,1.0
42,2,1553.0,486.0,40.0,151.0,1,1,1.0
43,1,1504.0,481.0,54.0,145.0,1,1,1.0
43,2,1548.0,486.0,41.0,151.0,1,1,1.0
44,1,1492.0,481.0,63.0,144.0,1,1,1.0
44,2,1537.0,486.0,48.0,151.0,1,1,1.0
45,1,1484.0,482.0,68.0,148.0,1,1,1.0
45,2,1534.0,486.0,48.0,151.0,1,1,1.0
46,1,1480.0,482.0,70.0,146.0,1,1,1.0
46,2,1519.0,487.0,60.0,150.0,1,1,1.0
47,1,1479.0,483.0,69.0,146.0,1,1,1.0
47,2,1510.0,488.0,66.0,150.0,1,1,1.0
48,1,1478.0,482.0,69.0,145.0,1,1,1.0
48,2,1505.0,489.0,69.0,149.0,1,1,1.0
49,1,1478.0,481.0,67.0,146.0,1,1,1.0
49,2,1503.0,489.0,70.0,149.0,1,1,1.0
50,1,1478.0,482.0,62.0,145.0,1,1,1.0
50,2,1502.0,488.0,71.0,150.0,1,1,1.0
51,1,1478.0,481.0,52.0,146.0,1,1,1.0
51,2,1501.0,488.0,67.0,150.0,1,1,1.0
52,1,1477.0,481.0,47.0,146.0,1,1,1.0
52,2,1501.0,488.0,62.0,151.0,1,1,1.0
53,1,1470.0,481.0,51.0,147.0,1,1,1.0
53,2,1502.0,487.0,53.0,152.0,1,1,1.0
54,1,1463.0,481.0,53.0,149.0,1,1,1.0
54,2,1502.0,486.0,46.0,153.0,1,1,1.0
55,1,1460.0,481.0,52.0,149.0,1,1,1.0
55,2,1501.0,486.0,41.0,155.0,1,1,1.0
56,1,1453.0,482.0,55.0,150.0,1,1,1.0
56,2,1497.0,486.0,42.0,157.0,1,1,1.0
57,1,1446.0,483.0,58.0,150.0,1,1,1.0
57,2,1489.0,487.0,46.0,153.0,1,1,1.0
58,1,1442.0,484.0,59.0,149.0,1,1,1.0
58,2,1477.0,489.0,54.0,154.0,1,1,1.0
59,1,1439.0,484.0,58.0,149.0,1,1,1.0
59,2,1469.0,490.0,58.0,152.0,1,1,1.0
60,1,1438.0,484.0,55.0,150.0,1,1,1.0
60,2,1465.0,491.0,60.0,153.0,1,1,1.0
61,1,1438.0,484.0,51.0,150.0,1,1,1.0
61,2,1462.0,490.0,61.0,153.0,1,1,1.0
62,1,1438.0,483.0,47.0,150.0,1,1,1.0
62,2,1463.0,490.0,57.0,153.0,1,1,1.0
63,1,1437.0,483.0,44.0,151.0,1,1,1.0
63,2,1466.0,490.0,50.0,151.0,1,1,1.0
64,1,1432.0,482.0,44.0,151.0,1,1,1.0
64,2,1463.0,489.0,46.0,154.0,1,1,1.0
65,1,1427.0,482.0,46.0,151.0,1,1,1.0
65,2,1462.0,488.0,43.0,156.0,1,1,1.0
66,1,1415.0,482.0,54.0,151.0,1,1,1.0
66,2,1458.0,488.0,42.0,157.0,1,1,1.0
67,1,1403.0,483.0,63.0,151.0,1,1,1.0
67,2,1455.0,488.0,42.0,157.0,1,1,1.0
68,1,1392.0,483.0,70.0,151.0,1,1,1.0
69,1,1387.0,484.0,75.0,150.0,1,1,1.0
69,2,1427.0,489.0,62.0,156.0,1,1,1.0
70,1,1384.0,484.0,78.0,150.0,1,1,1.0
71,1,1383.0,484.0,78.0,149.0,1,1,1.0
71,2,1412.0,492.0,73.0,154.0,1,1,1.0
72,1,1383.0,484.0,74.0,150.0,1,1,1.0
72,2,1408.0,492.0,75.0,154.0,1,1,1.0
73,1,1383.0,483.0,62.0,150.0,1,1,1.0
73,2,1407.0,492.0,76.0,154.0,1,1,1.0
74,1,1383.0,482.0,52.0,151.0,1,1,1.0
74,2,1406.0,491.0,74.0,156.0,1,1,1.0
75,1,1383.0,481.0,48.0,151.0,1,1,1.0
75,2,1406.0,490.0,68.0,156.0,1,1,1.0
76,1,1371.0,480.0,55.0,153.0,1,1,1.0
76,2,1407.0,489.0,58.0,157.0,1,1,1.0
77,1,1363.0,481.0,58.0,155.0,1,1,1.0
77,2,1407.0,489.0,48.0,158.0,1,1,1.0
78,1,1356.0,481.0,61.0,155.0,1,1,1.0
78,2,1406.0,488.0,42.0,161.0,1,1,1.0
79,1,1350.0,482.0,64.0,155.0,1,1,1.0
79,2,1402.0,489.0,40.0,163.0,1,1,1.0
80,1,1345.0,483.0,64.0,155.0,1,1,1.0
80,2,1392.0,489.0,47.0,163.0,1,1,1.0
81,1,1340.0,484.0,64.0,154.0,1,1,1.0
82,1,1338.0,484.0,66.0,155.0,1,1,1.0
82,2,1371.0,492.0,61.0,161.0,1,1,1.0
83,1,1336.0,485.0,63.0,154.0,1,1,1.0
83,2,1366.0,493.0,65.0,161.0,1,1,1.0
84,1,1338.0,485.0,55.0,154.0,1,1,1.0
84,2,1363.0,493.0,67.0,161.0,1,1,1.0
85,1,1338.0,485.0,49.0,155.0,1,1,1.0
85,2,1363.0,493.0,64.0,161.0,1,1,1.0
86,2,1365.0,492.0,55.0,157.0,1,1,1.0
87,1,1331.0,484.0,47.0,156.0,1,1,1.0
87,2,1362.0,492.0,50.0,162.0,1,1,1.0
88,1,1330.0,484.0,45.0,156.0,1,1,1.0
88,2,1359.0,491.0,45.0,164.0,1,1,1.0
89,1,1317.0,483.0,54.0,156.0,1,1,1.0
89,2,1349.0,491.0,49.0,163.0,1,1,1.0
90,1,1305.0,484.0,62.0,156.0,1,1,1.0
90,2,1342.0,491.0,50.0,164.0,1,1,1.0
91,1,1296.0,484.0,70.0,156.0,1,1,1.0
91,2,1329.0,491.0,60.0,163.0,1,1,1.0
92,1,1288.0,485.0,76.0,156.0,1,1,1.0
92,2,1315.0,493.0,73.0,162.0,1,1,1.0
93,1,1285.0,485.0,79.0,156.0,1,1,1.0
94,1,1283.0,486.0,79.0,156.0,1,1,1.0
94,2,1305.0,494.0,81.0,161.0,1,1,1.0
95,1,1283.0,485.0,76.0,156.0,1,1,1.0
95,2,1304.0,493.0,81.0,162.0,1,1,1.0
96,1,1283.0,485.0,69.0,156.0,1,1,1.0
96,2,1303.0,492.0,77.0,163.0,1,1,1.0
97,1,1284.0,485.0,57.0,157.0,1,1,1.0
97,2,1303.0,490.0,69.0,163.0,1,1,1.0
98,1,1284.0,484.0,48.0,157.0,1,1,1.0
98,2,1304.0,489.0,59.0,164.0,1,1,1.0
99,1,1283.0,484.0,44.0,157.0,1,1,1.0
101,1,1263.0,484.0,55.0,161.0,1,1,1.0
101,2,1293.0,490.0,48.0,166.0,1,1,1.0
102,1,1260.0,484.0,54.0,161.0,1,1,1.0
102,2,1289.0,491.0,47.0,162.0,1,1,1.0
103,1,1251.0,485.0,61.0,161.0,1,1,1.0
103,2,1273.0,490.0,58.0,166.0,1,1,1.0
105,1,1243.0,488.0,68.0,158.0,1,1,1.0
105,2,1258.0,494.0,72.0,162.0,1,1,1.0
106,1,1240.0,489.0,70.0,158.0,1,1,1.0
106,2,1254.0,493.0,74.0,164.0,1,1,1.0
107,1,1239.0,490.0,70.0,157.0,1,1,1.0
107,2,1253.0,493.0,73.0,164.0,1,1,1.0
108,2,1252.0,492.0,69.0,165.0,1,1,1.0
111,2,1249.0,490.0,48.0,168.0,1,1,1.0
112,1,1226.0,488.0,47.0,159.0,1,1,1.0
112,2,1244.0,491.0,46.0,167.0,1,1,1.0
113,1,1216.0,487.0,51.0,159.0,1,1,1.0
113,2,1234.0,491.0,51.0,168.0,1,1,1.0
114,1,1203.0,488.0,62.0,158.0,1,1,1.0
114,2,1221.0,492.0,62.0,167.0,1,1,1.0
115,1,1188.0,488.0,71.0,158.0,1,1,1.0
115,2,1207.0,493.0,72.0,166.0,1,1,1.0
116,1,1180.0,489.0,77.0,158.0,1,1,1.0
116,2,1198.0,494.0,80.0,167.0,1,1,1.0
117,1,1175.0,490.0,81.0,157.0,1,1,1.0
117,2,1193.0,495.0,85.0,166.0,1,1,1.0
118,2,1190.0,496.0,87.0,166.0,1,1,1.0
119,1,1173.0,488.0,81.0,158.0,1,1,1.0
119,2,1189.0,496.0,86.0,166.0,1,1,1.0
120,1,1173.0,486.0,76.0,160.0,1,1,1.0
120,2,1189.0,495.0,81.0,167.0,1,1,1.0
121,1,1173.0,485.0,70.0,161.0,1,1,1.0
121,2,1189.0,494.0,72.0,167.0,1,1,1.0
122,1,1173.0,484.0,51.0,161.0,1,1,1.0
122,2,1190.0,493.0,61.0,168.0,1,1,1.0
123,1,1173.0,483.0,42.0,162.0,1,1,1.0
123,2,1190.0,493.0,49.0,170.0,1,1,1.0
125,1,1159.0,483.0,44.0,164.0,1,1,1.0
125,2,1178.0,494.0,49.0,173.0,1,1,1.0
126,1,1145.0,484.0,56.0,164.0,1,1,1.0
126,2,1163.0,495.0,57.0,172.0,1,1,1.0
127,2,1151.0,495.0,68.0,171.0,1,1,1.0
128,1,1127.0,485.0,74.0,162.0,1,1,1.0
128,2,1141.0,496.0,76.0,170.0,1,1,1.0
129,1,1120.0,487.0,79.0,161.0,1,1,1.0
129,2,1137.0,498.0,80.0,169.0,1,1,1.0
130,1,1117.0,488.0,76.0,160.0,1,1,1.0
130,2,1135.0,497.0,80.0,169.0,1,1,1.0
131,2,1135.0,496.0,77.0,171.0,1,1,1.0
132,2,1135.0,495.0,70.0,173.0,1,1,1.0
133,2,1135.0,494.0,61.0,174.0,1,1,1.0
134,1,1116.0,486.0,48.0,162.0,1,1,1.0
134,2,1134.0,494.0,49.0,175.0,1,1,1.0
136,1,1107.0,485.0,44.0,162.0,1,1,1.0
137,1,1095.0,486.0,56.0,161.0,1,1,1.0
137,2,1102.0,488.0,65.0,181.0,1,1,1.0
138,1,1082.0,487.0,68.0,161.0,1,1,1.0
138,2,1087.0,487.0,78.0,182.0,1,1,1.0
139,1,1071.0,488.0,78.0,161.0,1,1,1.0
141,1,1071.0,490.0,87.0,174.0,1,1,1.0
142,1,1063.0,491.0,86.0,167.0,1,1,1.0
142,2,1073.0,489.0,83.0,178.0,1,1,1.0
145,2,1068.0,487.0,61.0,179.0,1,1,1.0
146,2,1062.0,486.0,57.0,178.0,1,1,1.0
147,2,1054.0,486.0,56.0,180.0,1,1,1.0
148,2,1044.0,486.0,60.0,181.0,1,1,1.0
149,2,1035.0,486.0,67.0,182.0,1,1,1.0
150,1,1024.0,488.0,81.0,179.0,1,1,1.0
151,1,1017.0,488.0,85.0,180.0,1,1,1.0
152,1,1010.0,489.0,91.0,180.0,1,1,1.0
153,1,1007.0,490.0,93.0,178.0,1,1,1.0
156,1,1001.0,491.0,79.0,176.0,1,1,1.0
157,2,1001.0,491.0,65.0,178.0,1,1,1.0
158,2,1000.0,490.0,57.0,179.0,1,1,1.0
159,2,996.0,490.0,52.0,178.0,1,1,1.0
160,2,989.0,490.0,56.0,179.0,1,1,1.0
161,2,976.0,490.0,67.0,179.0,1,1,1.0
162,1,961.0,491.0,84.0,179.0,1,1,1.0
163,1,953.0,491.0,90.0,179.0,1,1,1.0
163,2,951.0,492.0,79.0,169.0,1,1,1.0
164,1,949.0,491.0,94.0,179.0,1,1,1.0
165,1,947.0,496.0,94.0,175.0,1,1,1.0
166,1,947.0,494.0,89.0,177.0,1,1,1.0
167,1,947.0,493.0,81.0,178.0,1,1,1.0
168,1,946.0,493.0,73.0,178.0,1,1,1.0
169,2,938.0,491.0,65.0,180.0,1,1,1.0
170,2,936.0,491.0,57.0,181.0,1,1,1.0
171,2,930.0,490.0,53.0,185.0,1,1,1.0
172,2,920.0,490.0,59.0,186.0,1,1,1.0
173,1,907.0,491.0,73.0,185.0,1,1,1.0
174,1,896.0,492.0,81.0,184.0,1,1,1.0
175,1,887.0,493.0,89.0,183.0,1,1,1.0
176,1,885.0,494.0,89.0,183.0,1,1,1.0
176,2,881.0,495.0,79.0,169.0,1,1,1.0
177,1,885.0,495.0,89.0,182.0,1,1,1.0
178,1,885.0,497.0,85.0,181.0,1,1,1.0
180,1,879.0,496.0,74.0,182.0,1,1,1.0
181,2,875.0,494.0,61.0,182.0,1,1,1.0
182,2,872.0,494.0,51.0,183.0,1,1,1.0
183,2,866.0,494.0,51.0,184.0,1,1,1.0
184,2,855.0,494.0,60.0,184.0,1,1,1.0
186,1,822.0,495.0,95.0,182.0,1,1,1.0
187,1,817.0,496.0,97.0,181.0,1,1,1.0
188,1,815.0,497.0,99.0,181.0,1,1,1.0
189,1,814.0,497.0,97.0,180.0,1,1,1.0
190,1,814.0,497.0,89.0,180.0,1,1,1.0
191,2,817.0,496.0,73.0,182.0,1,1,1.0
192,2,814.0,495.0,67.0,182.0,1,1,1.0
193,2,812.0,495.0,59.0,183.0,1,1,1.0
194,2,805.0,495.0,51.0,184.0,1,1,1.0
195,2,794.0,495.0,55.0,187.0,1,1,1.0
196,1,777.0,495.0,73.0,186.0,1,1,1.0
197,1,765.0,496.0,81.0,186.0,1,1,1.0
198,1,756.0,497.0,89.0,185.0,1,1,1.0
199,1,752.0,499.0,91.0,184.0,1,1,1.0
200,1,749.0,500.0,94.0,183.0,1,1,1.0
201,1,748.0,501.0,92.0,182.0,1,1,1.0
202,1,748.0,501.0,87.0,182.0,1,1,1.0
203,1,748.0,501.0,77.0,183.0,1,1,1.0
204,2,750.0,499.0,60.0,185.0,1,1,1.0
205,2,746.0,499.0,53.0,186.0,1,1,1.0
206,2,740.0,498.0,47.0,187.0,1,1,1.0
207,2,734.0,499.0,51.0,186.0,1,1,1.0
208,2,719.0,499.0,64.0,186.0,1,1,1.0
209,1,700.0,500.0,84.0,185.0,1,1,1.0
210,1,691.0,504.0,90.0,182.0,1,1,1.0
211,1,685.0,509.0,93.0,176.0,1,1,1.0
212,1,682.0,506.0,95.0,180.0,1,1,1.0
213,1,681.0,504.0,94.0,181.0,1,1,1.0
214,1,681.0,503.0,91.0,182.0,1,1,1.0
215,1,681.0,503.0,81.0,182.0,1,1,1.0
216,2,683.0,501.0,65.0,185.0,1,1,1.0
217,2,679.0,501.0,57.0,186.0,1,1,1.0
218,2,670.0,501.0,51.0,187.0,1,1,1.0
219,2,661.0,502.0,53.0,188.0,1,1,1.0
220,1,644.0,504.0,73.0,186.0,1,1,1.0
221,1,632.0,509.0,82.0,181.0,1,1,1.0
222,1,623.0,509.0,89.0,180.0,1,1,1.0
223,1,618.0,507.0,93.0,183.0,1,1,1.0
224,1,616.0,507.0,97.0,184.0,1,1,1.0
225,1,615.0,507.0,94.0,185.0,1,1,1.0
226,1,614.0,506.0,88.0,186.0,1,1,1.0
227,2,617.0,505.0,71.0,188.0,1,1,1.0
228,2,614.0,505.0,65.0,188.0,1,1,1.0
229,2,611.0,505.0,55.0,188.0,1,1,1.0
230,2,606.0,505.0,49.0,188.0,1,1,1.0
231,2,597.0,505.0,57.0,177.0,1,1,1.0
232,2,584.0,511.0,64.0,177.0,1,1,1.0
233,1,567.0,513.0,82.0,179.0,1,1,1.0
234,1,557.0,513.0,90.0,180.0,1,1,1.0
235,1,553.0,511.0,95.0,182.0,1,1,1.0
236,1,551.0,512.0,95.0,181.0,1,1,1.0
237,1,549.0,510.0,98.0,183.0,1,1,1.0
239,2,550.0,515.0,65.0,178.0,1,1,1.0
242,2,534.0,514.0,48.0,184.0,1,1,1.0
243,2,526.0,515.0,50.0,180.0,1,1,1.0
244,2,517.0,516.0,59.0,177.0,1,1,1.0
245,1,493.0,517.0,89.0,183.0,1,1,1.0
245,2,517.0,512.0,64.0,173.0,1,1,1.0
246,1,485.0,518.0,93.0,181.0,1,1,1.0
247,1,482.0,519.0,95.0,181.0,1,1,1.0
247,2,510.0,512.0,73.0,171.0,1,1,1.0
248,1,481.0,519.0,94.0,182.0,1,1,1.0
248,2,507.0,513.0,78.0,174.0,1,1,1.0
249,1,480.0,518.0,86.0,183.0,1,1,1.0
249,2,506.0,513.0,79.0,175.0,1,1,1.0
254,1,469.0,517.0,46.0,183.0,1,1,1.0
254,2,487.0,513.0,47.0,173.0,1,1,1.0
255,1,461.0,518.0,50.0,183.0,1,1,1.0
255,2,482.0,513.0,49.0,172.0,1,1,1.0
256,1,447.0,518.0,63.0,183.0,1,1,1.0
256,2,471.0,513.0,57.0,171.0,1,1,1.0
257,1,433.0,520.0,77.0,182.0,1,1,1.0
257,2,460.0,514.0,66.0,172.0,1,1,1.0
258,1,423.0,521.0,87.0,180.0,1,1,1.0
258,2,448.0,514.0,76.0,172.0,1,1,1.0
259,1,418.0,523.0,92.0,179.0,1,1,1.0
259,2,445.0,515.0,79.0,172.0,1,1,1.0
260,1,429.0,519.0,89.0,175.0,1,1,1.0
260,2,426.0,520.0,89.0,177.0,1,1,1.0
261,1,420.0,521.0,89.0,177.0,1,1,1.0
261,2,432.0,518.0,87.0,178.0,1,1,1.0
262,1,432.0,518.0,84.0,174.0,1,1,1.0
262,2,421.0,521.0,83.0,179.0,1,1,1.0
263,1,437.0,517.0,75.0,173.0,1,1,1.0
263,2,417.0,522.0,72.0,180.0,1,1,1.0
266,1,431.0,515.0,49.0,175.0,1,1,1.0
266,2,405.0,522.0,46.0,185.0,1,1,1.0
267,1,425.0,515.0,42.0,174.0,1,1,1.0
267,2,398.0,522.0,49.0,186.0,1,1,1.0
268,1,420.0,515.0,46.0,174.0,1,1,1.0
270,1,392.0,517.0,73.0,174.0,1,1,1.0
270,2,360.0,525.0,86.0,183.0,1,1,1.0
271,1,385.0,518.0,80.0,174.0,1,1,1.0
271,2,352.0,527.0,93.0,182.0,1,1,1.0
272,1,378.0,519.0,87.0,174.0,1,1,1.0
272,2,349.0,528.0,95.0,181.0,1,1,1.0
273,1,375.0,519.0,88.0,177.0,1,1,1.0
273,2,348.0,527.0,94.0,182.0,1,1,1.0
274,2,348.0,527.0,90.0,183.0,1,1,1.0
275,1,373.0,520.0,76.0,177.0,1,1,1.0
275,2,348.0,527.0,80.0,183.0,1,1,1.0
276,1,374.0,520.0,65.0,176.0,1,1,1.0
278,1,369.0,520.0,44.0,175.0,1,1,1.0
279,1,365.0,520.0,43.0,175.0,1,1,1.0
280,1,359.0,520.0,47.0,174.0,1,1,1.0
281,2,320.0,528.0,62.0,182.0,1,1,1.0
282,1,334.0,523.0,70.0,172.0,1,1,1.0
282,2,308.0,529.0,72.0,182.0,1,1,1.0
283,1,324.0,524.0,80.0,172.0,1,1,1.0
283,2,298.0,530.0,80.0,181.0,1,1,1.0
284,1,318.0,524.0,86.0,171.0,1,1,1.0
284,2,292.0,531.0,86.0,180.0,1,1,1.0
285,1,315.0,525.0,88.0,171.0,1,1,1.0
285,2,289.0,532.0,89.0,179.0,1,1,1.0
286,1,314.0,525.0,87.0,171.0,1,1,1.0
286,2,287.0,533.0,89.0,179.0,1,1,1.0
287,1,314.0,524.0,78.0,172.0,1,1,1.0
288,1,312.0,524.0,69.0,173.0,1,1,1.0
288,2,284.0,530.0,77.0,182.0,1,1,1.0
289,1,295.0,523.0,76.0,184.0,1,1,1.0
292,1,295.0,524.0,55.0,173.0,1,1,1.0
292,2,267.0,531.0,53.0,186.0,1,1,1.0
293,1,288.0,525.0,59.0,171.0,1,1,1.0
293,2,262.0,532.0,55.0,186.0,1,1,1.0
294,1,282.0,526.0,63.0,171.0,1,1,1.0
294,2,249.0,534.0,67.0,184.0,1,1,1.0
296,1,263.0,528.0,80.0,171.0,1,1,1.0
298,1,257.0,529.0,79.0,172.0,1,1,1.0
298,2,225.0,538.0,87.0,181.0,1,1,1.0
300,1,252.0,529.0,64.0,174.0,1,1,1.0
300,2,221.0,538.0,76.0,182.0,1,1,1.0
303,1,240.0,529.0,50.0,176.0,1,1,1.0
303,2,208.0,535.0,50.0,185.0,1,1,1.0
304,1,236.0,529.0,51.0,175.0,1,1,1.0
304,2,204.0,535.0,48.0,184.0,1,1,1.0
305,1,230.0,529.0,57.0,174.0,1,1,1.0
305,2,199.0,536.0,51.0,183.0,1,1,1.0
306,1,224.0,531.0,62.0,172.0,1,1,1.0
306,2,190.0,537.0,60.0,182.0,1,1,1.0
307,1,210.0,531.0,76.0,172.0,1,1,1.0
307,2,178.0,538.0,62.0,179.0,1,1,1.0
308,1,204.0,532.0,83.0,171.0,1,1,1.0
308,2,170.0,539.0,75.0,178.0,1,1,1.0
309,1,201.0,533.0,85.0,169.0,1,1,1.0
309,2,166.0,541.0,73.0,177.0,1,1,1.0
310,1,200.0,532.0,83.0,170.0,1,1,1.0
310,2,165.0,541.0,78.0,177.0,1,1,1.0
311,1,198.0,531.0,76.0,171.0,1,1,1.0
311,2,165.0,541.0,76.0,177.0,1,1,1.0
312,1,194.0,530.0,67.0,177.0,1,1,1.0
312,2,163.0,541.0,67.0,177.0,1,1,1.0
313,1,190.0,530.0,59.0,184.0,1,1,1.0
313,2,159.0,540.0,46.0,178.0,1,1,1.0
315,1,177.0,531.0,54.0,176.0,1,1,1.0
316,1,176.0,531.0,53.0,173.0,1,1,1.0
316,2,146.0,538.0,44.0,173.0,1,1,1.0
317,1,168.0,533.0,60.0,171.0,1,1,1.0
317,2,140.0,539.0,52.0,180.0,1,1,1.0
318,1,155.0,535.0,73.0,168.0,1,1,1.0
318,2,129.0,540.0,62.0,181.0,1,1,1.0
319,1,146.0,536.0,81.0,168.0,1,1,1.0
319,2,119.0,541.0,73.0,180.0,1,1,1.0
320,1,142.0,538.0,85.0,167.0,1,1,1.0
320,2,112.0,543.0,80.0,178.0,1,1,1.0
321,1,143.0,538.0,83.0,166.0,1,1,1.0
321,2,109.0,544.0,82.0,177.0,1,1,1.0
322,1,142.0,538.0,79.0,164.0,1,1,1.0
322,2,108.0,544.0,82.0,177.0,1,1,1.0
323,1,138.0,538.0,73.0,167.0,1,1,1.0
323,2,107.0,545.0,79.0,177.0,1,1,1.0
324,1,133.0,537.0,69.0,169.0,1,1,1.0
324,2,106.0,544.0,73.0,178.0,1,1,1.0
325,1,129.0,537.0,63.0,175.0,1,1,1.0
325,2,103.0,543.0,65.0,178.0,1,1,1.0
328,2,96.0,538.0,72.0,174.0,1,1,1.0
329,2,91.0,538.0,77.0,171.0,1,1,1.0
330,1,103.0,539.0,66.0,169.0,1,1,1.0
330,2,82.0,543.0,64.0,174.0,1,1,1.0
331,1,95.0,540.0,72.0,168.0,1,1,1.0
332,1,93.0,541.0,75.0,170.0,1,1,1.0
332,2,65.0,545.0,59.0,172.0,1,1,1.0
333,1,92.0,541.0,74.0,169.0,1,1,1.0
333,2,61.0,547.0,59.0,172.0,1,1,1.0
334,1,89.0,540.0,71.0,176.0,1,1,1.0
334,2,60.0,548.0,64.0,171.0,1,1,1.0
335,1,85.0,540.0,70.0,171.0,1,1,1.0
335,2,58.0,547.0,62.0,172.0,1,1,1.0
336,2,55.0,546.0,59.0,173.0,1,1,1.0
339,1,69.0,540.0,51.0,170.0,1,1,1.0
340,1,64.0,540.0,54.0,170.0,1,1,1.0
341,1,55.0,541.0,62.0,167.0,1,1,1.0
341,2,36.0,546.0,48.0,177.0,1,1,1.0
342,1,48.0,541.0,68.0,168.0,1,1,1.0
342,2,27.0,547.0,56.0,176.0,1,1,1.0
343,1,45.0,543.0,71.0,168.0,1,1,1.0
343,2,17.0,549.0,65.0,174.0,1,1,1.0
344,1,43.0,544.0,73.0,167.0,1,1,1.0
344,2,11.0,551.0,71.0,171.0,1,1,1.0
345,1,42.0,545.0,72.0,168.0,1,1,1.0
345,2,8.0,551.0,74.0,171.0,1,1,1.0
346,1,40.0,545.0,71.0,166.0,1,1,1.0
346,2,7.0,551.0,73.0,171.0,1,1,1.0
347,1,37.0,545.0,70.0,170.0,1,1,1.0
350,1,25.0,543.0,49.0,172.0,1,1,1.0
351,1,21.0,543.0,47.0,169.0,1,1,1.0
352,1,17.0,543.0,49.0,169.0,1,1,1.0
353,1,14.0,543.0,51.0,168.0,1,1,1.0
354,1,10.0,543.0,54.0,174.0,1,1,1.0
355,1,7.0,543.0,57.0,177.0,1,1,1.0
356,1,4.0,543.0,60.0,179.0,1,1,1.0
357,1,3.0,543.0,61.0,179.0,1,1,1.0
358,1,0.0,543.0,64.0,179.0,1,1,1.0
360,1,0.0,542.0,52.0,177.0,1,1,1.0
361,1,0.0,542.0,43.0,173.0,1,1,1.0
362,1,0.0,541.0,36.0,170.0,1,1,1.0
363,1,0.0,542.0,33.0,167.0,1,1,1.0
364,1,0.0,542.0,32.0,166.0,1,1,1.0
365,1,0.0,542.0,32.0,164.0,1,1,1.0
366,1,0.0,544.0,32.0,162.0,1,1,1.0
367,1,0.0,549.0,32.0,157.0,1,1,1.0
368,1,0.0,559.0,32.0,146.0,1,1,1.0
369,1,0.0,565.0,31.0,140.0,1,1,1.0
371,1,0.0,576.0,28.0,128.0,1,1,1.0
372,1,0.0,581.0,25.0,122.0,1,1,1.0
373,1,0.0,583.0,22.0,120.0,1,1,1.0
402,3,0.0,528.0,27.0,159.0,1,1,1.0
403,3,0.0,527.0,27.0,159.0,1,1,1.0
404,3,0.0,528.0,28.0,157.0,1,1,1.0
405,3,0.0,528.0,34.0,155.0,1,1,1.0
406,3,0.0,528.0,41.0,154.0,1,1,1.0
407,3,0.0,528.0,48.0,154.0,1,1,1.0
408,3,0.0,528.0,56.0,154.0,1,1,1.0
410,3,1.0,528.0,60.0,154.0,1,1,1.0
411,3,2.0,528.0,61.0,154.0,1,1,1.0
412,3,1.0,527.0,62.0,155.0,1,1,1.0
413,3,3.0,526.0,61.0,156.0,1,1,1.0
414,3,5.0,525.0,59.0,156.0,1,1,1.0
415,3,5.0,524.0,59.0,156.0,1,1,1.0
416,3,7.0,523.0,57.0,156.0,1,1,1.0
417,3,8.0,522.0,55.0,157.0,1,1,1.0
418,3,10.0,521.0,53.0,158.0,1,1,1.0
419,3,13.0,520.0,52.0,159.0,1,1,1.0
420,3,19.0,519.0,51.0,159.0,1,1,1.0
423,3,30.0,524.0,67.0,156.0,1,1,1.0
424,3,34.0,524.0,68.0,155.0,1,1,1.0
425,3,38.0,520.0,67.0,159.0,1,1,1.0
426,3,41.0,518.0,65.0,160.0,1,1,1.0
427,3,43.0,518.0,62.0,160.0,1,1,1.0
428,3,45.0,516.0,60.0,159.0,1,1,1.0
429,3,47.0,516.0,59.0,157.0,1,1,1.0
430,3,49.0,514.0,59.0,157.0,1,1,1.0
431,3,55.0,514.0,55.0,158.0,1,1,1.0
432,3,61.0,513.0,55.0,158.0,1,1,1.0
433,3,66.0,513.0,62.0,157.0,1,1,1.0
434,3,69.0,512.0,71.0,158.0,1,1,1.0
435,3,73.0,512.0,74.0,157.0,1,1,1.0
436,3,76.0,512.0,76.0,158.0,1,1,1.0
437,3,79.0,512.0,75.0,158.0,1,1,1.0
438,3,82.0,512.0,73.0,157.0,1,1,1.0
439,3,85.0,512.0,69.0,156.0,1,1,1.0
440,3,88.0,511.0,67.0,156.0,1,1,1.0
441,3,89.0,512.0,65.0,154.0,1,1,1.0
442,3,92.0,512.0,62.0,153.0,1,1,1.0
443,3,98.0,511.0,55.0,154.0,1,1,1.0
444,3,105.0,510.0,53.0,155.0,1,1,1.0
445,3,112.0,509.0,59.0,158.0,1,1,1.0
446,3,118.0,507.0,65.0,159.0,1,1,1.0
449,3,129.0,505.0,70.0,161.0,1,1,1.0
450,3,130.0,505.0,71.0,162.0,1,1,1.0
451,3,132.0,505.0,71.0,160.0,1,1,1.0
452,3,133.0,506.0,69.0,158.0,1,1,1.0
453,3,137.0,509.0,66.0,153.0,1,1,1.0
454,3,141.0,506.0,62.0,154.0,1,1,1.0
455,3,149.0,506.0,55.0,155.0,1,1,1.0
456,3,157.0,503.0,50.0,156.0,1,1,1.0
457,3,161.0,503.0,58.0,155.0,1,1,1.0
458,3,166.0,503.0,66.0,154.0,1,1,1.0
459,3,171.0,506.0,71.0,151.0,1,1,1.0
460,3,176.0,506.0,73.0,151.0,1,1,1.0
461,3,179.0,506.0,74.0,152.0,1,1,1.0
462,3,179.0,505.0,75.0,153.0,1,1,1.0
463,3,180.0,503.0,75.0,154.0,1,1,1.0
464,3,181.0,505.0,74.0,150.0,1,1,1.0
465,3,183.0,505.0,71.0,149.0,1,1,1.0
467,3,196.0,501.0,58.0,152.0,1,1,1.0
468,3,205.0,499.0,49.0,154.0,1,1,1.0
469,3,215.0,500.0,44.0,153.0,1,1,1.0
470,3,220.0,500.0,52.0,153.0,1,1,1.0
471,3,222.0,499.0,62.0,154.0,1,1,1.0
472,3,226.0,499.0,66.0,154.0,1,1,1.0
473,3,229.0,499.0,68.0,154.0,1,1,1.0
474,3,229.0,497.0,70.0,155.0,1,1,1.0
475,3,233.0,496.0,68.0,157.0,1,1,1.0
476,3,231.0,493.0,69.0,157.0,1,1,1.0
477,3,232.0,491.0,68.0,157.0,1,1,1.0
478,3,238.0,490.0,62.0,156.0,1,1,1.0
479,3,245.0,489.0,56.0,156.0,1,1,1.0
480,3,255.0,489.0,50.0,155.0,1,1,1.0
481,3,262.0,490.0,53.0,153.0,1,1,1.0
482,3,267.0,491.0,60.0,151.0,1,1,1.0
483,3,269.0,492.0,70.0,149.0,1,1,1.0
484,3,273.0,491.0,74.0,150.0,1,1,1.0
485,3,275.0,492.0,75.0,149.0,1,1,1.0
486,3,275.0,491.0,75.0,150.0,1,1,1.0
487,3,275.0,488.0,76.0,153.0,1,1,1.0
488,3,277.0,489.0,74.0,151.0,1,1,1.0
489,3,282.0,485.0,69.0,155.0,1,1,1.0
490,3,288.0,482.0,62.0,158.0,1,1,1.0
492,3,307.0,484.0,47.0,155.0,1,1,1.0
493,3,308.0,481.0,51.0,158.0,1,1,1.0
494,3,314.0,481.0,51.0,158.0,1,1,1.0
495,3,319.0,480.0,57.0,159.0,1,1,1.0
496,3,322.0,480.0,60.0,159.0,1,1,1.0
497,3,326.0,484.0,62.0,155.0,1,1,1.0
498,3,328.0,486.0,61.0,153.0,1,1,1.0
499,3,330.0,485.0,60.0,152.0,1,1,1.0
501,3,331.0,480.0,59.0,152.0,1,1,1.0
502,3,337.0,477.0,53.0,153.0,1,1,1.0
503,3,346.0,477.0,46.0,151.0,1,1,1.0
504,3,352.0,475.0,46.0,152.0,1,1,1.0
505,3,356.0,475.0,53.0,151.0,1,1,1.0
506,3,361.0,474.0,60.0,152.0,1,1,1.0
507,3,364.0,476.0,68.0,150.0,1,1,1.0
508,3,365.0,476.0,72.0,150.0,1,1,1.0
509,3,367.0,476.0,72.0,150.0,1,1,1.0
510,3,367.0,476.0,73.0,149.0,1,1,1.0
511,3,368.0,476.0,72.0,149.0,1,1,1.0
512,3,371.0,474.0,70.0,150.0,1,1,1.0
513,3,378.0,472.0,72.0,151.0,1,1,1.0
514,3,385.0,471.0,69.0,151.0,1,1,1.0
515,3,393.0,469.0,62.0,151.0,1,1,1.0
516,3,398.0,469.0,55.0,151.0,1,1,1.0
517,3,402.0,470.0,53.0,151.0,1,1,1.0
518,3,405.0,470.0,56.0,151.0,1,1,1.0
519,3,412.0,472.0,56.0,149.0,1,1,1.0
520,3,417.0,474.0,56.0,148.0,1,1,1.0
521,3,418.0,474.0,60.0,146.0,1,1,1.0
522,3,419.0,474.0,62.0,150.0,1,1,1.0
523,3,423.0,470.0,60.0,150.0,1,1,1.0
524,3,422.0,468.0,61.0,156.0,1,1,1.0
525,3,427.0,466.0,56.0,155.0,1,1,1.0
526,3,434.0,465.0,50.0,150.0,1,1,1.0
527,3,441.0,464.0,47.0,149.0,1,1,1.0
528,3,445.0,463.0,47.0,147.0,1,1,1.0
529,3,447.0,462.0,54.0,147.0,1,1,1.0
530,3,451.0,463.0,62.0,145.0,1,1,1.0
531,3,455.0,463.0,66.0,145.0,1,1,1.0
532,3,457.0,463.0,70.0,146.0,1,1,1.0
533,3,458.0,463.0,72.0,146.0,1,1,1.0
534,3,459.0,462.0,71.0,147.0,1,1,1.0
535,3,461.0,462.0,70.0,146.0,1,1,1.0
536,3,465.0,463.0,66.0,143.0,1,1,1.0
537,3,471.0,461.0,60.0,143.0,1,1,1.0
538,3,479.0,460.0,52.0,143.0,1,1,1.0
539,3,485.0,461.0,50.0,141.0,1,1,1.0
540,3,491.0,462.0,50.0,140.0,1,1,1.0
541,3,493.0,459.0,54.0,143.0,1,1,1.0
542,3,496.0,458.0,55.0,144.0,1,1,1.0
543,3,500.0,458.0,54.0,144.0,1,1,1.0
544,3,503.0,457.0,54.0,144.0,1,1,1.0
545,3,507.0,457.0,52.0,145.0,1,1,1.0
546,3,507.0,456.0,53.0,145.0,1,1,1.0
547,3,508.0,456.0,53.0,145.0,1,1,1.0
548,3,511.0,456.0,49.0,143.0,1,1,1.0
549,3,516.0,454.0,44.0,143.0,1,1,1.0
550,3,522.0,453.0,40.0,141.0,1,1,1.0
551,3,526.0,454.0,38.0,140.0,1,1,1.0
552,3,529.0,454.0,40.0,138.0,1,1,1.0
553,3,531.0,454.0,43.0,137.0,1,1,1.0
554,3,533.0,454.0,48.0,137.0,1,1,1.0
555,3,534.0,453.0,55.0,137.0,1,1,1.0
556,3,535.0,453.0,60.0,137.0,1,1,1.0
557,3,538.0,453.0,62.0,138.0,1,1,1.0
558,3,539.0,453.0,62.0,137.0,1,1,1.0
559,3,540.0,452.0,63.0,139.0,1,1,1.0
560,3,541.0,450.0,62.0,140.0,1,1,1.0
561,3,544.0,450.0,59.0,139.0,1,1,1.0
562,3,550.0,450.0,54.0,137.0,1,1,1.0
563,3,556.0,450.0,50.0,136.0,1,1,1.0
564,3,564.0,449.0,47.0,135.0,1,1,1.0
565,3,569.0,449.0,53.0,135.0,1,1,1.0
567,3,577.0,449.0,44.0,135.0,1,1,1.0
568,3,578.0,450.0,51.0,135.0,1,1,1.0
569,3,578.0,449.0,54.0,135.0,1,1,1.0
570,3,581.0,448.0,55.0,136.0,1,1,1.0
571,3,582.0,447.0,55.0,137.0,1,1,1.0
572,3,583.0,446.0,55.0,138.0,1,1,1.0
573,3,585.0,446.0,54.0,137.0,1,1,1.0
574,3,589.0,445.0,49.0,137.0,1,1,1.0
575,3,594.0,445.0,45.0,136.0,1,1,1.0
576,3,602.0,445.0,41.0,134.0,1,1,1.0
577,3,607.0,446.0,37.0,134.0,1,1,1.0
578,3,610.0,446.0,36.0,133.0,1,1,1.0
579,3,612.0,446.0,41.0,132.0,1,1,1.0
580,3,613.0,446.0,47.0,131.0,1,1,1.0
581,3,615.0,446.0,55.0,131.0,1,1,1.0
582,3,616.0,445.0,58.0,131.0,1,1,1.0
583,3,616.0,445.0,59.0,132.0,1,1,1.0
584,3,616.0,445.0,59.0,132.0,1,1,1.0
585,3,617.0,447.0,58.0,130.0,1,1,1.0
586,3,622.0,449.0,54.0,128.0,1,1,1.0
587,3,628.0,449.0,47.0,128.0,1,1,1.0
589,3,640.0,449.0,39.0,129.0,1,1,1.0
590,3,643.0,448.0,39.0,129.0,1,1,1.0
591,3,645.0,449.0,41.0,128.0,1,1,1.0
592,3,648.0,449.0,46.0,128.0,1,1,1.0
593,3,651.0,450.0,50.0,128.0,1,1,1.0
594,3,654.0,451.0,54.0,127.0,1,1,1.0
595,3,654.0,451.0,56.0,127.0,1,1,1.0
596,3,654.0,451.0,57.0,128.0,1,1,1.0
597,3,654.0,451.0,59.0,129.0,1,1,1.0
598,3,655.0,451.0,59.0,130.0,1,1,1.0
599,3,657.0,450.0,57.0,131.0,1,1,1.0
599,4,693.0,442.0,36.0,125.0,1,1,1.0
600,3,661.0,450.0,53.0,131.0,1,1,1.0
600,4,694.0,444.0,43.0,124.0,1,1,1.0
601,3,667.0,449.0,47.0,131.0,1,1,1.0
601,4,695.0,445.0,53.0,126.0,1,1,1.0
602,3,674.0,449.0,42.0,132.0,1,1,1.0
602,4,698.0,445.0,55.0,127.0,1,1,1.0
603,3,677.0,448.0,42.0,133.0,1,1,1.0
603,4,700.0,445.0,55.0,128.0,1,1,1.0
604,3,679.0,449.0,42.0,134.0,1,1,1.0
604,4,702.0,445.0,53.0,128.0,1,1,1.0
605,3,681.0,450.0,42.0,135.0,1,1,1.0
605,4,706.0,446.0,50.0,127.0,1,1,1.0
606,3,684.0,451.0,42.0,134.0,1,1,1.0
606,4,709.0,445.0,47.0,128.0,1,1,1.0
607,3,686.0,452.0,43.0,133.0,1,1,1.0
607,4,711.0,444.0,45.0,129.0,1,1,1.0
608,3,688.0,454.0,44.0,133.0,1,1,1.0
608,4,715.0,444.0,41.0,129.0,1,1,1.0
609,3,690.0,454.0,43.0,133.0,1,1,1.0
609,4,719.0,445.0,41.0,128.0,1,1,1.0
610,3,692.0,454.0,41.0,133.0,1,1,1.0
610,4,723.0,445.0,42.0,128.0,1,1,1.0
611,3,694.0,454.0,39.0,133.0,1,1,1.0
611,4,725.0,445.0,45.0,130.0,1,1,1.0
612,3,696.0,455.0,38.0,133.0,1,1,1.0
612,4,727.0,445.0,49.0,131.0,1,1,1.0
613,3,699.0,455.0,41.0,133.0,1,1,1.0
613,4,730.0,445.0,50.0,134.0,1,1,1.0
614,3,701.0,454.0,41.0,133.0,1,1,1.0
614,4,732.0,447.0,51.0,133.0,1,1,1.0
615,3,704.0,453.0,41.0,134.0,1,1,1.0
615,4,734.0,447.0,52.0,133.0,1,1,1.0
616,3,706.0,453.0,41.0,135.0,1,1,1.0
616,4,738.0,448.0,51.0,133.0,1,1,1.0
617,3,709.0,453.0,43.0,135.0,1,1,1.0
617,4,741.0,448.0,49.0,134.0,1,1,1.0
618,3,711.0,454.0,48.0,136.0,1,1,1.0
618,4,744.0,447.0,47.0,134.0,1,1,1.0
619,3,712.0,454.0,53.0,137.0,1,1,1.0
619,4,746.0,447.0,45.0,134.0,1,1,1.0
620,3,713.0,455.0,56.0,136.0,1,1,1.0
620,4,749.0,447.0,43.0,135.0,1,1,1.0
621,3,713.0,457.0,58.0,136.0,1,1,1.0
621,4,752.0,447.0,41.0,134.0,1,1,1.0
622,3,714.0,457.0,58.0,136.0,1,1,1.0
622,4,755.0,447.0,41.0,134.0,1,1,1.0
623,3,715.0,457.0,57.0,137.0,1,1,1.0
623,4,757.0,448.0,46.0,134.0,1,1,1.0
624,3,717.0,457.0,55.0,137.0,1,1,1.0
624,4,760.0,449.0,51.0,134.0,1,1,1.0
625,3,721.0,456.0,51.0,138.0,1,1,1.0
625,4,763.0,450.0,53.0,134.0,1,1,1.0
626,3,727.0,456.0,46.0,138.0,1,1,1.0
626,4,765.0,450.0,52.0,135.0,1,1,1.0
627,3,732.0,456.0,43.0,138.0,1,1,1.0
627,4,766.0,450.0,51.0,136.0,1,1,1.0
628,3,734.0,457.0,44.0,139.0,1,1,1.0
628,4,767.0,450.0,50.0,136.0,1,1,1.0
629,3,737.0,457.0,44.0,141.0,1,1,1.0
629,4,770.0,449.0,47.0,137.0,1,1,1.0
630,3,739.0,457.0,45.0,143.0,1,1,1.0
630,4,774.0,449.0,44.0,138.0,1,1,1.0
631,3,742.0,457.0,49.0,144.0,1,1,1.0
631,4,779.0,449.0,40.0,137.0,1,1,1.0
632,3,744.0,459.0,51.0,143.0,1,1,1.0
632,4,783.0,449.0,41.0,137.0,1,1,1.0
633,3,747.0,460.0,51.0,142.0,1,1,1.0
633,4,786.0,449.0,44.0,138.0,1,1,1.0
634,3,750.0,461.0,51.0,142.0,1,1,1.0
634,4,788.0,450.0,44.0,141.0,1,1,1.0
635,3,752.0,461.0,49.0,143.0,1,1,1.0
635,4,790.0,450.0,46.0,143.0,1,1,1.0
636,3,754.0,461.0,46.0,143.0,1,1,1.0
636,4,793.0,451.0,47.0,143.0,1,1,1.0
637,3,758.0,461.0,42.0,143.0,1,1,1.0
637,4,795.0,453.0,49.0,142.0,1,1,1.0
638,3,761.0,461.0,41.0,143.0,1,1,1.0
638,4,797.0,453.0,48.0,143.0,1,1,1.0
639,3,764.0,461.0,43.0,143.0,1,1,1.0
639,4,800.0,453.0,47.0,143.0,1,1,1.0
640,3,766.0,461.0,43.0,143.0,1,1,1.0
640,4,802.0,453.0,46.0,143.0,1,1,1.0
641,3,769.0,461.0,45.0,143.0,1,1,1.0
641,4,803.0,454.0,46.0,143.0,1,1,1.0
642,3,771.0,461.0,50.0,144.0,1,1,1.0
642,4,805.0,454.0,45.0,143.0,1,1,1.0
643,3,775.0,462.0,54.0,144.0,1,1,1.0
643,4,808.0,454.0,44.0,142.0,1,1,1.0
644,3,777.0,463.0,59.0,144.0,1,1,1.0
644,4,811.0,453.0,44.0,142.0,1,1,1.0
645,3,777.0,464.0,62.0,144.0,1,1,1.0
645,4,814.0,454.0,43.0,142.0,1,1,1.0
646,3,778.0,465.0,63.0,143.0,1,1,1.0
646,4,816.0,455.0,47.0,143.0,1,1,1.0
647,3,778.0,465.0,63.0,144.0,1,1,1.0
647,4,819.0,456.0,52.0,144.0,1,1,1.0
648,3,780.0,464.0,64.0,145.0,1,1,1.0
648,4,821.0,457.0,55.0,144.0,1,1,1.0
649,3,784.0,464.0,59.0,145.0,1,1,1.0
649,4,821.0,459.0,57.0,143.0,1,1,1.0
650,3,790.0,463.0,53.0,146.0,1,1,1.0
650,4,821.0,460.0,57.0,144.0,1,1,1.0
651,3,795.0,462.0,50.0,147.0,1,1,1.0
651,4,825.0,459.0,54.0,146.0,1,1,1.0
652,3,799.0,462.0,50.0,148.0,1,1,1.0
652,4,827.0,458.0,52.0,146.0,1,1,1.0
653,3,803.0,463.0,48.0,149.0,1,1,1.0
653,4,831.0,458.0,49.0,146.0,1,1,1.0
654,3,806.0,465.0,50.0,151.0,1,1,1.0
654,4,837.0,458.0,45.0,146.0,1,1,1.0
655,3,808.0,465.0,52.0,151.0,1,1,1.0
655,4,842.0,457.0,44.0,147.0,1,1,1.0
656,3,811.0,467.0,54.0,151.0,1,1,1.0
656,4,848.0,457.0,45.0,147.0,1,1,1.0
657,3,814.0,468.0,54.0,151.0,1,1,1.0
657,4,851.0,457.0,45.0,149.0,1,1,1.0
658,3,816.0,469.0,54.0,151.0,1,1,1.0
658,4,855.0,458.0,46.0,150.0,1,1,1.0
659,3,818.0,470.0,54.0,151.0,1,1,1.0
659,4,857.0,460.0,47.0,149.0,1,1,1.0
660,3,820.0,470.0,51.0,151.0,1,1,1.0
660,4,860.0,461.0,49.0,149.0,1,1,1.0
661,3,824.0,471.0,47.0,150.0,1,1,1.0
661,4,860.0,462.0,52.0,149.0,1,1,1.0
662,3,828.0,471.0,48.0,150.0,1,1,1.0
662,4,861.0,463.0,53.0,149.0,1,1,1.0
663,3,832.0,471.0,46.0,151.0,1,1,1.0
663,4,865.0,463.0,50.0,150.0,1,1,1.0
664,3,836.0,470.0,44.0,151.0,1,1,1.0
664,4,871.0,463.0,44.0,150.0,1,1,1.0
665,3,839.0,470.0,46.0,150.0,1,1,1.0
665,4,876.0,462.0,41.0,150.0,1,1,1.0
666,3,841.0,471.0,50.0,151.0,1,1,1.0
666,4,879.0,462.0,41.0,150.0,1,1,1.0
667,3,843.0,472.0,56.0,152.0,1,1,1.0
667,4,882.0,462.0,41.0,149.0,1,1,1.0
668,3,845.0,473.0,62.0,153.0,1,1,1.0
668,4,886.0,463.0,41.0,149.0,1,1,1.0
669,3,846.0,474.0,63.0,152.0,1,1,1.0
669,4,889.0,463.0,45.0,149.0,1,1,1.0
670,3,847.0,475.0,65.0,153.0,1,1,1.0
670,4,891.0,464.0,52.0,151.0,1,1,1.0
671,3,847.0,475.0,66.0,154.0,1,1,1.0
671,4,893.0,466.0,58.0,150.0,1,1,1.0
672,3,848.0,475.0,65.0,155.0,1,1,1.0
672,4,896.0,466.0,59.0,151.0,1,1,1.0
673,3,852.0,474.0,61.0,155.0,1,1,1.0
673,4,898.0,467.0,59.0,151.0,1,1,1.0
674,3,858.0,473.0,56.0,156.0,1,1,1.0
674,4,899.0,467.0,59.0,153.0,1,1,1.0
675,3,864.0,473.0,53.0,156.0,1,1,1.0
675,4,900.0,467.0,58.0,153.0,1,1,1.0
676,4,903.0,467.0,55.0,153.0,1,1,1.0
677,3,869.0,473.0,60.0,159.0,1,1,1.0
677,4,908.0,467.0,51.0,153.0,1,1,1.0
678,3,872.0,474.0,61.0,161.0,1,1,1.0
678,4,912.0,466.0,47.0,154.0,1,1,1.0
679,3,875.0,475.0,62.0,161.0,1,1,1.0
679,4,919.0,467.0,44.0,154.0,1,1,1.0
680,3,879.0,476.0,63.0,161.0,1,1,1.0
680,4,924.0,467.0,44.0,155.0,1,1,1.0
681,3,884.0,477.0,62.0,160.0,1,1,1.0
681,4,928.0,467.0,46.0,158.0,1,1,1.0
682,3,887.0,479.0,62.0,160.0,1,1,1.0
682,4,932.0,468.0,48.0,160.0,1,1,1.0
683,3,888.0,480.0,62.0,160.0,1,1,1.0
683,4,934.0,470.0,50.0,159.0,1,1,1.0
684,3,890.0,480.0,62.0,160.0,1,1,1.0
684,4,936.0,472.0,52.0,158.0,1,1,1.0
685,3,894.0,480.0,58.0,160.0,1,1,1.0
685,4,937.0,473.0,54.0,157.0,1,1,1.0
686,3,904.0,480.0,49.0,160.0,1,1,1.0
686,4,940.0,472.0,53.0,158.0,1,1,1.0
687,3,912.0,480.0,43.0,160.0,1,1,1.0
687,4,944.0,472.0,50.0,159.0,1,1,1.0
688,3,916.0,480.0,44.0,160.0,1,1,1.0
688,4,949.0,472.0,46.0,159.0,1,1,1.0
689,3,918.0,480.0,45.0,160.0,1,1,1.0
689,4,953.0,471.0,45.0,160.0,1,1,1.0
690,3,922.0,481.0,55.0,159.0,1,1,1.0
690,4,956.0,472.0,45.0,159.0,1,1,1.0
691,3,925.0,481.0,56.0,159.0,1,1,1.0
691,4,960.0,472.0,44.0,159.0,1,1,1.0
692,3,927.0,482.0,63.0,160.0,1,1,1.0
692,4,963.0,473.0,45.0,157.0,1,1,1.0
693,3,928.0,482.0,70.0,160.0,1,1,1.0
693,4,967.0,474.0,46.0,157.0,1,1,1.0
694,3,928.0,483.0,73.0,162.0,1,1,1.0
694,4,966.0,475.0,58.0,158.0,1,1,1.0
695,3,928.0,484.0,74.0,162.0,1,1,1.0
695,4,967.0,477.0,66.0,158.0,1,1,1.0
696,3,929.0,484.0,74.0,162.0,1,1,1.0
696,4,966.0,478.0,73.0,158.0,1,1,1.0
697,3,931.0,483.0,72.0,163.0,1,1,1.0
697,4,970.0,479.0,71.0,158.0,1,1,1.0
698,3,936.0,483.0,67.0,163.0,1,1,1.0
699,3,942.0,483.0,69.0,164.0,1,1,1.0
699,4,986.0,477.0,56.0,160.0,1,1,1.0
700,3,950.0,484.0,65.0,164.0,1,1,1.0
700,4,982.0,476.0,59.0,161.0,1,1,1.0
701,3,955.0,484.0,66.0,165.0,1,1,1.0
701,4,992.0,477.0,50.0,161.0,1,1,1.0
702,3,958.0,484.0,67.0,167.0,1,1,1.0
702,4,999.0,477.0,45.0,161.0,1,1,1.0
703,3,961.0,484.0,68.0,170.0,1,1,1.0
703,4,1007.0,477.0,40.0,161.0,1,1,1.0
704,3,966.0,485.0,68.0,171.0,1,1,1.0
705,3,971.0,486.0,66.0,171.0,1,1,1.0
705,4,1016.0,478.0,42.0,165.0,1,1,1.0
706,3,974.0,488.0,66.0,171.0,1,1,1.0
706,4,1019.0,479.0,47.0,166.0,1,1,1.0
707,3,976.0,489.0,67.0,171.0,1,1,1.0
707,4,1022.0,481.0,51.0,165.0,1,1,1.0
708,3,977.0,489.0,67.0,171.0,1,1,1.0
708,4,1024.0,482.0,53.0,164.0,1,1,1.0
709,3,979.0,490.0,66.0,171.0,1,1,1.0
709,4,1028.0,482.0,54.0,165.0,1,1,1.0
710,3,981.0,490.0,64.0,171.0,1,1,1.0
710,4,1030.0,482.0,55.0,166.0,1,1,1.0
711,3,991.0,490.0,56.0,171.0,1,1,1.0
711,4,1034.0,481.0,54.0,167.0,1,1,1.0
712,3,1002.0,490.0,48.0,171.0,1,1,1.0
712,4,1040.0,481.0,50.0,167.0,1,1,1.0
713,4,1046.0,481.0,47.0,167.0,1,1,1.0
714,3,1012.0,491.0,48.0,169.0,1,1,1.0
714,4,1050.0,481.0,45.0,168.0,1,1,1.0
715,3,1013.0,492.0,54.0,169.0,1,1,1.0
715,4,1055.0,481.0,44.0,168.0,1,1,1.0
716,3,1016.0,493.0,60.0,170.0,1,1,1.0
716,4,1059.0,482.0,46.0,167.0,1,1,1.0
717,3,1017.0,494.0,68.0,171.0,1,1,1.0
717,4,1063.0,484.0,53.0,167.0,1,1,1.0
718,3,1018.0,495.0,72.0,171.0,1,1,1.0
718,4,1066.0,486.0,61.0,167.0,1,1,1.0
719,3,1018.0,496.0,74.0,172.0,1,1,1.0
719,4,1060.0,486.0,72.0,168.0,1,1,1.0
720,3,1018.0,497.0,75.0,174.0,1,1,1.0
721,3,1019.0,498.0,75.0,174.0,1,1,1.0
722,3,1021.0,498.0,74.0,175.0,1,1,1.0
723,3,1025.0,498.0,70.0,175.0,1,1,1.0
724,3,1031.0,498.0,68.0,175.0,1,1,1.0
725,3,1040.0,498.0,69.0,174.0,1,1,1.0
725,4,1087.0,487.0,52.0,171.0,1,1,1.0
726,3,1044.0,498.0,73.0,176.0,1,1,1.0
726,4,1095.0,488.0,46.0,171.0,1,1,1.0
727,3,1047.0,498.0,76.0,179.0,1,1,1.0
727,4,1103.0,487.0,43.0,173.0,1,1,1.0
728,3,1051.0,500.0,73.0,181.0,1,1,1.0
728,4,1108.0,488.0,46.0,176.0,1,1,1.0
729,3,1055.0,501.0,70.0,182.0,1,1,1.0
729,4,1111.0,489.0,47.0,178.0,1,1,1.0
730,3,1060.0,502.0,72.0,183.0,1,1,1.0
730,4,1112.0,491.0,55.0,178.0,1,1,1.0
731,3,1063.0,504.0,73.0,182.0,1,1,1.0
731,4,1114.0,492.0,57.0,172.0,1,1,1.0
732,3,1065.0,505.0,75.0,182.0,1,1,1.0
733,3,1070.0,506.0,71.0,182.0,1,1,1.0
733,4,1122.0,495.0,62.0,177.0,1,1,1.0
734,3,1072.0,507.0,70.0,181.0,1,1,1.0
734,4,1124.0,496.0,61.0,178.0,1,1,1.0
735,3,1080.0,507.0,64.0,181.0,1,1,1.0
735,4,1128.0,496.0,62.0,179.0,1,1,1.0
736,3,1093.0,507.0,59.0,182.0,1,1,1.0
736,4,1136.0,496.0,57.0,179.0,1,1,1.0
737,3,1102.0,507.0,53.0,182.0,1,1,1.0
737,4,1139.0,497.0,53.0,178.0,1,1,1.0
738,3,1108.0,507.0,52.0,181.0,1,1,1.0
738,4,1145.0,497.0,50.0,178.0,1,1,1.0
739,3,1110.0,507.0,58.0,181.0,1,1,1.0
739,4,1150.0,497.0,49.0,177.0,1,1,1.0
740,3,1110.0,508.0,68.0,182.0,1,1,1.0
740,4,1155.0,499.0,50.0,177.0,1,1,1.0
741,3,1111.0,510.0,80.0,181.0,1,1,1.0
741,4,1154.0,500.0,63.0,178.0,1,1,1.0
742,3,1111.0,512.0,87.0,181.0,1,1,1.0
742,4,1154.0,502.0,73.0,178.0,1,1,1.0
743,3,1111.0,513.0,91.0,182.0,1,1,1.0
743,4,1154.0,504.0,80.0,178.0,1,1,1.0
744,3,1111.0,515.0,93.0,182.0,1,1,1.0
744,4,1154.0,504.0,83.0,181.0,1,1,1.0
745,3,1114.0,515.0,90.0,183.0,1,1,1.0
746,3,1121.0,515.0,86.0,183.0,1,1,1.0
747,3,1143.0,515.0,67.0,183.0,1,1,1.0
747,4,1186.0,505.0,54.0,182.0,1,1,1.0
748,3,1149.0,515.0,62.0,183.0,1,1,1.0
748,4,1196.0,505.0,44.0,182.0,1,1,1.0
749,3,1155.0,515.0,61.0,185.0,1,1,1.0
749,4,1201.0,505.0,42.0,182.0,1,1,1.0
750,3,1158.0,516.0,60.0,189.0,1,1,1.0
750,4,1203.0,505.0,44.0,182.0,1,1,1.0
751,3,1161.0,516.0,67.0,191.0,1,1,1.0
752,3,1164.0,518.0,75.0,191.0,1,1,1.0
753,3,1167.0,520.0,82.0,190.0,1,1,1.0
754,3,1168.0,522.0,87.0,190.0,1,1,1.0
755,3,1173.0,524.0,86.0,190.0,1,1,1.0
756,3,1181.0,525.0,80.0,189.0,1,1,1.0
757,3,1185.0,526.0,77.0,189.0,1,1,1.0
757,4,1239.0,514.0,53.0,185.0,1,1,1.0
758,3,1190.0,526.0,72.0,189.0,1,1,1.0
758,4,1244.0,515.0,51.0,185.0,1,1,1.0
759,3,1200.0,526.0,66.0,190.0,1,1,1.0
759,4,1251.0,515.0,49.0,185.0,1,1,1.0
760,3,1217.0,526.0,53.0,190.0,1,1,1.0
760,4,1257.0,515.0,47.0,185.0,1,1,1.0
761,3,1226.0,526.0,60.0,190.0,1,1,1.0
762,3,1230.0,526.0,60.0,189.0,1,1,1.0
763,3,1231.0,527.0,65.0,188.0,1,1,1.0
763,4,1275.0,516.0,42.0,182.0,1,1,1.0
764,3,1231.0,528.0,79.0,189.0,1,1,1.0
764,4,1277.0,517.0,50.0,183.0,1,1,1.0
765,3,1231.0,529.0,90.0,190.0,1,1,1.0
765,4,1272.0,519.0,69.0,184.0,1,1,1.0
766,3,1231.0,532.0,94.0,190.0,1,1,1.0
766,4,1268.0,521.0,84.0,184.0,1,1,1.0
767,3,1231.0,533.0,96.0,190.0,1,1,1.0
767,4,1266.0,523.0,92.0,185.0,1,1,1.0
768,3,1232.0,534.0,97.0,191.0,1,1,1.0
768,4,1266.0,524.0,95.0,186.0,1,1,1.0
769,3,1240.0,535.0,99.0,190.0,1,1,1.0
770,3,1251.0,535.0,84.0,190.0,1,1,1.0
771,3,1264.0,535.0,70.0,190.0,1,1,1.0
772,3,1276.0,535.0,59.0,191.0,1,1,1.0
772,5,1324.0,524.0,38.0,187.0,1,1,1.0
773,3,1280.0,536.0,60.0,196.0,1,1,1.0
773,5,1327.0,524.0,39.0,186.0,1,1,1.0
774,3,1281.0,537.0,64.0,199.0,1,1,1.0
774,5,1332.0,524.0,39.0,188.0,1,1,1.0
775,3,1283.0,539.0,73.0,201.0,1,1,1.0
775,5,1338.0,525.0,40.0,191.0,1,1,1.0
776,3,1289.0,541.0,79.0,201.0,1,1,1.0
777,3,1293.0,544.0,80.0,201.0,1,1,1.0
778,3,1295.0,546.0,83.0,201.0,1,1,1.0
779,3,1297.0,547.0,86.0,201.0,1,1,1.0
780,3,1302.0,547.0,83.0,200.0,1,1,1.0
781,3,1310.0,548.0,73.0,200.0,1,1,1.0
781,5,1367.0,533.0,49.0,192.0,1,1,1.0
782,5,1377.0,533.0,44.0,192.0,1,1,1.0
783,3,1333.0,548.0,60.0,199.0,1,1,1.0
784,3,1340.0,549.0,61.0,198.0,1,1,1.0
785,3,1342.0,549.0,65.0,198.0,1,1,1.0
785,4,1366.0,534.0,69.0,195.0,1,1,1.0
786,3,1343.0,550.0,75.0,198.0,1,1,1.0
787,3,1343.0,552.0,89.0,198.0,1,1,1.0
787,4,1384.0,536.0,66.0,190.0,1,1,1.0
788,3,1344.0,554.0,99.0,198.0,1,1,1.0
788,4,1386.0,538.0,79.0,190.0,1,1,1.0
789,3,1344.0,556.0,104.0,199.0,1,1,1.0
789,4,1388.0,540.0,90.0,188.0,1,1,1.0
790,3,1344.0,557.0,106.0,201.0,1,1,1.0
791,3,1346.0,558.0,105.0,201.0,1,1,1.0
792,3,1353.0,559.0,100.0,201.0,1,1,1.0
794,3,1377.0,559.0,82.0,201.0,1,1,1.0
795,3,1393.0,559.0,69.0,202.0,1,1,1.0
795,5,1452.0,543.0,40.0,192.0,1,1,1.0
796,3,1406.0,559.0,63.0,204.0,1,1,1.0
796,5,1452.0,543.0,46.0,193.0,1,1,1.0
797,3,1411.0,560.0,65.0,209.0,1,1,1.0
797,5,1458.0,544.0,46.0,195.0,1,1,1.0
798,3,1414.0,561.0,73.0,211.0,1,1,1.0
799,3,1417.0,563.0,81.0,210.0,1,1,1.0
800,3,1418.0,565.0,88.0,210.0,1,1,1.0
801,3,1419.0,568.0,93.0,209.0,1,1,1.0
801,4,1433.0,551.0,109.0,203.0,1,1,1.0
802,3,1419.0,569.0,95.0,209.0,1,1,1.0
803,3,1421.0,571.0,97.0,208.0,1,1,1.0
804,3,1429.0,572.0,88.0,207.0,1,1,1.0
804,5,1502.0,556.0,51.0,201.0,1,1,1.0
805,3,1441.0,572.0,79.0,206.0,1,1,1.0
805,5,1508.0,557.0,48.0,200.0,1,1,1.0
806,3,1454.0,572.0,71.0,207.0,1,1,1.0
806,5,1513.0,558.0,45.0,201.0,1,1,1.0
807,3,1468.0,573.0,64.0,206.0,1,1,1.0
807,5,1515.0,558.0,46.0,200.0,1,1,1.0
808,4,1478.0,572.0,68.0,205.0,1,1,1.0
809,4,1479.0,574.0,72.0,205.0,1,1,1.0
810,4,1480.0,576.0,80.0,205.0,1,1,1.0
811,4,1480.0,578.0,92.0,206.0,1,1,1.0
811,5,1519.0,562.0,66.0,197.0,1,1,1.0
812,3,1480.0,579.0,101.0,207.0,1,1,1.0
812,5,1517.0,563.0,78.0,196.0,1,1,1.0
813,3,1481.0,581.0,105.0,208.0,1,1,1.0
813,5,1517.0,565.0,90.0,196.0,1,1,1.0
814,3,1482.0,582.0,105.0,208.0,1,1,1.0
815,3,1486.0,583.0,104.0,209.0,1,1,1.0
816,3,1496.0,584.0,96.0,208.0,1,1,1.0
817,3,1508.0,584.0,91.0,208.0,1,1,1.0
819,3,1536.0,584.0,73.0,210.0,1,1,1.0
820,3,1543.0,585.0,78.0,214.0,1,1,1.0
821,3,1546.0,586.0,86.0,218.0,1,1,1.0
822,3,1549.0,588.0,92.0,217.0,1,1,1.0
822,5,1551.0,571.0,93.0,214.0,1,1,1.0
823,3,1552.0,591.0,97.0,216.0,1,1,1.0
824,3,1552.0,593.0,98.0,214.0,1,1,1.0
824,5,1567.0,574.0,95.0,211.0,1,1,1.0
825,3,1554.0,596.0,104.0,213.0,1,1,1.0
825,5,1582.0,578.0,88.0,207.0,1,1,1.0
826,3,1559.0,598.0,100.0,212.0,1,1,1.0
828,3,1584.0,599.0,81.0,212.0,1,1,1.0
829,3,1600.0,600.0,69.0,210.0,1,1,1.0
830,3,1612.0,602.0,64.0,208.0,1,1,1.0
830,5,1634.0,581.0,60.0,204.0,1,1,1.0
831,3,1615.0,604.0,66.0,207.0,1,1,1.0
832,3,1616.0,606.0,76.0,204.0,1,1,1.0
833,3,1616.0,607.0,87.0,203.0,1,1,1.0
833,5,1649.0,583.0,61.0,200.0,1,1,1.0
834,3,1616.0,609.0,96.0,204.0,1,1,1.0
834,5,1652.0,585.0,67.0,200.0,1,1,1.0
835,3,1616.0,610.0,100.0,205.0,1,1,1.0
835,5,1653.0,586.0,75.0,199.0,1,1,1.0
836,3,1616.0,610.0,102.0,207.0,1,1,1.0
836,5,1655.0,588.0,80.0,200.0,1,1,1.0
837,3,1616.0,611.0,103.0,208.0,1,1,1.0
837,5,1659.0,589.0,80.0,200.0,1,1,1.0
838,3,1619.0,611.0,103.0,208.0,1,1,1.0
838,5,1672.0,589.0,69.0,202.0,1,1,1.0
839,3,1627.0,611.0,101.0,208.0,1,1,1.0
839,5,1686.0,590.0,58.0,202.0,1,1,1.0
841,3,1650.0,612.0,86.0,207.0,1,1,1.0
841,5,1698.0,589.0,55.0,202.0,1,1,1.0
842,3,1663.0,613.0,78.0,207.0,1,1,1.0
843,3,1676.0,614.0,75.0,209.0,1,1,1.0
844,3,1681.0,615.0,80.0,212.0,1,1,1.0
844,5,1716.0,591.0,52.0,207.0,1,1,1.0
845,3,1684.0,617.0,91.0,214.0,1,1,1.0
846,3,1686.0,620.0,98.0,215.0,1,1,1.0
847,3,1685.0,621.0,103.0,214.0,1,1,1.0
849,3,1699.0,624.0,85.0,213.0,1,1,1.0
850,3,1711.0,624.0,72.0,213.0,1,1,1.0
851,3,1722.0,624.0,66.0,212.0,1,1,1.0
852,3,1726.0,624.0,66.0,212.0,1,1,1.0
853,3,1726.0,625.0,72.0,211.0,1,1,1.0
854,3,1727.0,626.0,72.0,210.0,1,1,1.0
855,3,1727.0,628.0,74.0,208.0,1,1,1.0
858,3,1728.0,635.0,103.0,202.0,1,1,1.0
859,3,1728.0,635.0,109.0,201.0,1,1,1.0
860,3,1727.0,637.0,109.0,203.0,1,1,1.0
