1,1,786.0,188.0,34.0,104.0,1,1,1.0
1,2,751.0,183.0,32.0,104.0,1,1,1.0
2,1,786.0,188.0,34.0,103.0,1,1,1.0
2,2,750.0,184.0,33.0,105.0,1,1,1.0
3,1,786.0,188.0,34.0,104.0,1,1,1.0
3,2,749.0,185.0,33.0,107.0,1,1,1.0
4,1,786.0,189.0,34.0,106.0,1,1,1.0
4,2,747.0,186.0,34.0,108.0,1,1,1.0
5,1,785.0,191.0,34.0,106.0,1,1,1.0
5,2,746.0,189.0,34.0,107.0,1,1,1.0
6,1,784.0,192.0,34.0,106.0,1,1,1.0
6,2,745.0,190.0,34.0,107.0,1,1,1.0
7,1,784.0,192.0,34.0,106.0,1,1,1.0
7,2,744.0,190.0,34.0,107.0,1,1,1.0
8,1,784.0,193.0,34.0,106.0,1,1,1.0
8,2,743.0,190.0,35.0,107.0,1,1,1.0
9,1,783.0,193.0,34.0,106.0,1,1,1.0
9,2,742.0,189.0,36.0,108.0,1,1,1.0
10,1,782.0,193.0,34.0,106.0,1,1,1.0
10,2,741.0,188.0,38.0,108.0,1,1,1.0
11,1,782.0,192.0,35.0,106.0,1,1,1.0
11,2,739.0,188.0,40.0,109.0,1,1,1.0
12,1,780.0,192.0,35.0,107.0,1,1,1.0
12,2,736.0,188.0,42.0,109.0,1,1,1.0
13,1,779.0,192.0,36.0,109.0,1,1,1.0
13,2,736.0,189.0,42.0,109.0,1,1,1.0
14,1,777.0,193.0,37.0,110.0,1,1,1.0
14,2,735.0,190.0,43.0,109.0,1,1,1.0
15,1,776.0,194.0,37.0,110.0,1,1,1.0
15,2,731.0,192.0,46.0,109.0,1,1,1.0
16,1,775.0,195.0,37.0,110.0,1,1,1.0
16,2,728.0,193.0,49.0,109.0,1,1,1.0
17,1,774.0,196.0,37.0,110.0,1,1,1.0
17,2,726.0,194.0,50.0,109.0,1,1,1.0
18,1,773.0,196.0,38.0,110.0,1,1,1.0
18,2,726.0,194.0,49.0,110.0,1,1,1.0
19,1,772.0,196.0,38.0,111.0,1,1,1.0
19,2,725.0,194.0,49.0,110.0,1,1,1.0
20,1,772.0,196.0,38.0,111.0,1,1,1.0
20,2,725.0,194.0,48.0,111.0,1,1,1.0
21,1,771.0,195.0,39.0,111.0,1,1,1.0
21,2,724.0,193.0,48.0,111.0,1,1,1.0
22,1,771.0,195.0,39.0,111.0,1,1,1.0
22,2,724.0,193.0,48.0,111.0,1,1,1.0
23,1,771.0,195.0,39.0,112.0,1,1,1.0
23,2,724.0,194.0,48.0,111.0,1,1,1.0
24,1,770.0,196.0,39.0,113.0,1,1,1.0
24,2,724.0,195.0,48.0,112.0,1,1,1.0
25,1,768.0,199.0,40.0,114.0,1,1,1.0
25,2,726.0,197.0,46.0,112.0,1,1,1.0
26,1,768.0,200.0,41.0,114.0,1,1,1.0
26,2,728.0,198.0,43.0,113.0,1,1,1.0
27,1,767.0,201.0,42.0,114.0,1,1,1.0
27,2,730.0,199.0,41.0,113.0,1,1,1.0
28,1,769.0,201.0,40.0,114.0,1,1,1.0
28,2,731.0,199.0,40.0,113.0,1,1,1.0
29,1,770.0,202.0,40.0,113.0,1,1,1.0
29,2,732.0,199.0,39.0,114.0,1,1,1.0
30,1,771.0,202.0,40.0,113.0,1,1,1.0
30,2,733.0,199.0,40.0,115.0,1,1,1.0
31,1,770.0,201.0,41.0,113.0,1,1,1.0
31,2,733.0,198.0,40.0,115.0,1,1,1.0
32,1,770.0,202.0,41.0,114.0,1,1,1.0
32,2,733.0,198.0,40.0,115.0,1,1,1.0
33,1,770.0,202.0,41.0,115.0,1,1,1.0
33,2,733.0,198.0,40.0,116.0,1,1,1.0
34,1,770.0,203.0,41.0,116.0,1,1,1.0
34,2,731.0,200.0,41.0,116.0,1,1,1.0
35,1,770.0,204.0,40.0,117.0,1,1,1.0
35,2,731.0,202.0,41.0,116.0,1,1,1.0
36,1,770.0,205.0,40.0,117.0,1,1,1.0
36,2,728.0,203.0,44.0,116.0,1,1,1.0
37,1,771.0,206.0,39.0,118.0,1,1,1.0
37,2,730.0,204.0,41.0,117.0,1,1,1.0
38,1,770.0,206.0,39.0,118.0,1,1,1.0
38,2,726.0,204.0,44.0,118.0,1,1,1.0
39,1,769.0,206.0,40.0,118.0,1,1,1.0
39,2,726.0,204.0,45.0,119.0,1,1,1.0
40,1,769.0,206.0,40.0,118.0,1,1,1.0
40,2,725.0,204.0,45.0,119.0,1,1,1.0
41,1,770.0,205.0,40.0,118.0,1,1,1.0
41,2,727.0,203.0,43.0,120.0,1,1,1.0
42,1,769.0,205.0,42.0,119.0,1,1,1.0
42,2,728.0,203.0,41.0,121.0,1,1,1.0
43,1,769.0,206.0,44.0,120.0,1,1,1.0
43,2,729.0,203.0,40.0,121.0,1,1,1.0
44,1,768.0,207.0,46.0,121.0,1,1,1.0
44,2,728.0,203.0,39.0,121.0,1,1,1.0
45,1,768.0,210.0,48.0,121.0,1,1,1.0
45,2,727.0,205.0,40.0,123.0,1,1,1.0
46,1,768.0,212.0,47.0,121.0,1,1,1.0
46,2,726.0,207.0,40.0,124.0,1,1,1.0
47,1,769.0,213.0,45.0,121.0,1,1,1.0
47,2,725.0,208.0,45.0,124.0,1,1,1.0
48,1,771.0,214.0,43.0,120.0,1,1,1.0
48,2,725.0,208.0,47.0,124.0,1,1,1.0
49,1,772.0,213.0,43.0,120.0,1,1,1.0
49,2,726.0,208.0,47.0,125.0,1,1,1.0
50,1,771.0,213.0,43.0,121.0,1,1,1.0
50,2,726.0,208.0,45.0,125.0,1,1,1.0
51,1,772.0,212.0,43.0,121.0,1,1,1.0
51,2,728.0,207.0,41.0,126.0,1,1,1.0
52,1,772.0,212.0,43.0,121.0,1,1,1.0
52,2,728.0,207.0,41.0,126.0,1,1,1.0
53,1,772.0,213.0,43.0,124.0,1,1,1.0
53,2,729.0,207.0,40.0,126.0,1,1,1.0
54,1,773.0,215.0,43.0,125.0,1,1,1.0
54,2,727.0,209.0,42.0,127.0,1,1,1.0
55,1,772.0,216.0,43.0,125.0,1,1,1.0
55,2,725.0,211.0,46.0,128.0,1,1,1.0
56,1,772.0,217.0,43.0,126.0,1,1,1.0
56,2,723.0,213.0,49.0,127.0,1,1,1.0
57,1,773.0,218.0,42.0,126.0,1,1,1.0
57,2,722.0,214.0,48.0,128.0,1,1,1.0
58,1,772.0,218.0,42.0,126.0,1,1,1.0
58,2,722.0,216.0,47.0,128.0,1,1,1.0
59,1,771.0,218.0,43.0,126.0,1,1,1.0
59,2,722.0,216.0,46.0,128.0,1,1,1.0
60,1,770.0,218.0,44.0,127.0,1,1,1.0
60,2,722.0,216.0,46.0,128.0,1,1,1.0
61,1,770.0,218.0,44.0,127.0,1,1,1.0
61,2,723.0,216.0,46.0,129.0,1,1,1.0
62,1,769.0,219.0,45.0,127.0,1,1,1.0
62,2,725.0,216.0,44.0,129.0,1,1,1.0
63,1,770.0,219.0,46.0,129.0,1,1,1.0
63,2,726.0,216.0,45.0,129.0,1,1,1.0
64,1,771.0,221.0,46.0,130.0,1,1,1.0
64,2,727.0,217.0,45.0,130.0,1,1,1.0
65,1,772.0,224.0,45.0,130.0,1,1,1.0
65,2,726.0,219.0,45.0,132.0,1,1,1.0
66,1,773.0,226.0,44.0,130.0,1,1,1.0
66,2,724.0,222.0,48.0,133.0,1,1,1.0
67,1,774.0,226.0,44.0,131.0,1,1,1.0
67,2,724.0,222.0,48.0,133.0,1,1,1.0
68,1,776.0,226.0,44.0,131.0,1,1,1.0
68,2,726.0,223.0,49.0,133.0,1,1,1.0
69,1,778.0,226.0,44.0,131.0,1,1,1.0
69,2,727.0,223.0,48.0,134.0,1,1,1.0
70,1,777.0,225.0,45.0,131.0,1,1,1.0
70,2,728.0,222.0,48.0,134.0,1,1,1.0
71,1,778.0,225.0,46.0,132.0,1,1,1.0
71,2,729.0,222.0,47.0,134.0,1,1,1.0
72,1,778.0,226.0,46.0,134.0,1,1,1.0
72,2,729.0,222.0,47.0,135.0,1,1,1.0
73,1,778.0,227.0,46.0,136.0,1,1,1.0
73,2,728.0,224.0,47.0,136.0,1,1,1.0
74,1,778.0,229.0,46.0,136.0,1,1,1.0
74,2,727.0,226.0,48.0,137.0,1,1,1.0
75,1,778.0,231.0,46.0,136.0,1,1,1.0
75,2,726.0,228.0,48.0,137.0,1,1,1.0
76,1,779.0,232.0,46.0,136.0,1,1,1.0
76,2,726.0,229.0,47.0,138.0,1,1,1.0
77,1,778.0,232.0,46.0,136.0,1,1,1.0
77,2,727.0,230.0,46.0,139.0,1,1,1.0
78,1,778.0,233.0,47.0,136.0,1,1,1.0
78,2,727.0,230.0,45.0,140.0,1,1,1.0
79,1,777.0,232.0,48.0,136.0,1,1,1.0
79,2,727.0,231.0,46.0,140.0,1,1,1.0
80,1,777.0,232.0,48.0,137.0,1,1,1.0
80,2,726.0,231.0,46.0,140.0,1,1,1.0
81,1,777.0,232.0,48.0,137.0,1,1,1.0
81,2,727.0,230.0,45.0,140.0,1,1,1.0
82,1,778.0,233.0,48.0,139.0,1,1,1.0
82,2,726.0,230.0,46.0,140.0,1,1,1.0
83,1,778.0,235.0,47.0,141.0,1,1,1.0
83,2,726.0,232.0,46.0,143.0,1,1,1.0
84,1,779.0,237.0,46.0,141.0,1,1,1.0
84,2,727.0,233.0,46.0,144.0,1,1,1.0
85,1,779.0,239.0,46.0,143.0,1,1,1.0
85,2,727.0,236.0,47.0,145.0,1,1,1.0
86,1,780.0,240.0,46.0,143.0,1,1,1.0
86,2,726.0,237.0,48.0,145.0,1,1,1.0
87,1,781.0,241.0,46.0,143.0,1,1,1.0
87,2,726.0,237.0,48.0,145.0,1,1,1.0
88,1,781.0,241.0,47.0,143.0,1,1,1.0
88,2,726.0,238.0,46.0,146.0,1,1,1.0
89,1,782.0,241.0,48.0,143.0,1,1,1.0
89,2,727.0,238.0,45.0,146.0,1,1,1.0
90,1,785.0,241.0,47.0,142.0,1,1,1.0
90,2,727.0,238.0,45.0,146.0,1,1,1.0
91,1,784.0,242.0,49.0,143.0,1,1,1.0
91,2,728.0,238.0,45.0,146.0,1,1,1.0
92,1,783.0,243.0,50.0,145.0,1,1,1.0
92,2,727.0,238.0,46.0,147.0,1,1,1.0
93,1,783.0,245.0,49.0,146.0,1,1,1.0
93,2,725.0,241.0,48.0,148.0,1,1,1.0
94,1,783.0,248.0,48.0,146.0,1,1,1.0
94,2,727.0,242.0,46.0,149.0,1,1,1.0
95,1,784.0,249.0,48.0,148.0,1,1,1.0
95,2,727.0,244.0,45.0,149.0,1,1,1.0
96,1,784.0,249.0,49.0,149.0,1,1,1.0
96,2,726.0,246.0,45.0,150.0,1,1,1.0
97,1,784.0,249.0,49.0,149.0,1,1,1.0
97,2,725.0,247.0,45.0,151.0,1,1,1.0
98,1,784.0,249.0,49.0,150.0,1,1,1.0
98,2,723.0,247.0,46.0,152.0,1,1,1.0
99,1,783.0,249.0,49.0,150.0,1,1,1.0
99,2,722.0,246.0,47.0,152.0,1,1,1.0
100,1,783.0,249.0,50.0,150.0,1,1,1.0
100,2,720.0,246.0,48.0,152.0,1,1,1.0
101,1,781.0,249.0,50.0,150.0,1,1,1.0
101,2,720.0,246.0,49.0,152.0,1,1,1.0
102,1,781.0,249.0,51.0,153.0,1,1,1.0
102,2,719.0,246.0,49.0,153.0,1,1,1.0
103,1,780.0,251.0,52.0,156.0,1,1,1.0
103,2,719.0,248.0,50.0,156.0,1,1,1.0
104,1,780.0,252.0,53.0,156.0,1,1,1.0
104,2,718.0,250.0,51.0,157.0,1,1,1.0
105,1,779.0,257.0,54.0,156.0,1,1,1.0
105,2,718.0,253.0,51.0,158.0,1,1,1.0
106,1,778.0,258.0,56.0,157.0,1,1,1.0
106,2,718.0,255.0,52.0,158.0,1,1,1.0
107,1,778.0,259.0,56.0,157.0,1,1,1.0
107,2,719.0,256.0,51.0,158.0,1,1,1.0
108,1,777.0,259.0,57.0,157.0,1,1,1.0
108,2,719.0,256.0,51.0,159.0,1,1,1.0
109,1,779.0,258.0,56.0,157.0,1,1,1.0
109,2,719.0,255.0,51.0,159.0,1,1,1.0
110,1,781.0,259.0,55.0,157.0,1,1,1.0
110,2,719.0,255.0,52.0,159.0,1,1,1.0
111,1,782.0,260.0,55.0,156.0,1,1,1.0
111,2,718.0,256.0,52.0,159.0,1,1,1.0
112,1,782.0,261.0,55.0,156.0,1,1,1.0
112,2,718.0,257.0,52.0,162.0,1,1,1.0
113,1,782.0,264.0,53.0,155.0,1,1,1.0
113,2,718.0,258.0,51.0,165.0,1,1,1.0
114,1,783.0,265.0,50.0,154.0,1,1,1.0
114,2,718.0,261.0,51.0,165.0,1,1,1.0
115,1,782.0,267.0,48.0,160.0,1,1,1.0
115,2,718.0,263.0,50.0,166.0,1,1,1.0
116,1,782.0,268.0,47.0,160.0,1,1,1.0
116,2,717.0,264.0,49.0,167.0,1,1,1.0
117,1,780.0,269.0,48.0,161.0,1,1,1.0
117,2,716.0,265.0,49.0,167.0,1,1,1.0
118,1,779.0,269.0,49.0,162.0,1,1,1.0
118,2,715.0,265.0,49.0,167.0,1,1,1.0
119,1,778.0,269.0,50.0,163.0,1,1,1.0
119,2,715.0,265.0,49.0,168.0,1,1,1.0
120,1,777.0,269.0,52.0,163.0,1,1,1.0
120,2,714.0,265.0,50.0,168.0,1,1,1.0
121,1,776.0,269.0,54.0,164.0,1,1,1.0
121,2,714.0,265.0,50.0,168.0,1,1,1.0
122,1,776.0,271.0,57.0,167.0,1,1,1.0
122,2,714.0,267.0,50.0,169.0,1,1,1.0
123,1,775.0,273.0,60.0,169.0,1,1,1.0
123,2,714.0,269.0,51.0,171.0,1,1,1.0
124,1,776.0,275.0,61.0,171.0,1,1,1.0
124,2,714.0,271.0,51.0,172.0,1,1,1.0
125,1,776.0,278.0,61.0,172.0,1,1,1.0
125,2,716.0,275.0,51.0,174.0,1,1,1.0
126,1,776.0,280.0,62.0,171.0,1,1,1.0
126,2,717.0,277.0,51.0,174.0,1,1,1.0
127,1,777.0,281.0,62.0,171.0,1,1,1.0
127,2,718.0,277.0,52.0,175.0,1,1,1.0
128,1,779.0,281.0,62.0,171.0,1,1,1.0
128,2,718.0,277.0,53.0,175.0,1,1,1.0
129,1,781.0,281.0,60.0,171.0,1,1,1.0
129,2,718.0,278.0,54.0,175.0,1,1,1.0
130,1,782.0,281.0,60.0,171.0,1,1,1.0
130,2,718.0,278.0,54.0,174.0,1,1,1.0
131,1,782.0,282.0,59.0,175.0,1,1,1.0
131,2,718.0,279.0,55.0,175.0,1,1,1.0
132,1,783.0,284.0,58.0,177.0,1,1,1.0
132,2,717.0,281.0,57.0,179.0,1,1,1.0
133,1,784.0,286.0,55.0,178.0,1,1,1.0
133,2,715.0,283.0,59.0,180.0,1,1,1.0
134,1,785.0,289.0,54.0,179.0,1,1,1.0
134,2,712.0,286.0,62.0,181.0,1,1,1.0
135,1,784.0,291.0,54.0,180.0,1,1,1.0
135,2,710.0,289.0,66.0,182.0,1,1,1.0
136,1,782.0,292.0,56.0,180.0,1,1,1.0
136,2,707.0,291.0,67.0,184.0,1,1,1.0
137,1,781.0,293.0,57.0,179.0,1,1,1.0
137,2,706.0,292.0,68.0,184.0,1,1,1.0
138,1,778.0,293.0,59.0,179.0,1,1,1.0
138,2,706.0,292.0,68.0,185.0,1,1,1.0
139,1,777.0,293.0,60.0,179.0,1,1,1.0
139,2,706.0,292.0,68.0,185.0,1,1,1.0
140,1,776.0,293.0,61.0,179.0,1,1,1.0
140,2,707.0,292.0,68.0,185.0,1,1,1.0
141,1,775.0,294.0,63.0,181.0,1,1,1.0
141,2,709.0,293.0,67.0,184.0,1,1,1.0
142,1,775.0,296.0,64.0,186.0,1,1,1.0
142,2,711.0,295.0,65.0,188.0,1,1,1.0
143,1,775.0,298.0,65.0,190.0,1,1,1.0
143,2,713.0,298.0,63.0,192.0,1,1,1.0
144,1,776.0,302.0,64.0,190.0,1,1,1.0
144,2,715.0,301.0,62.0,193.0,1,1,1.0
145,1,779.0,305.0,60.0,191.0,1,1,1.0
145,2,717.0,304.0,61.0,195.0,1,1,1.0
146,1,778.0,307.0,61.0,191.0,1,1,1.0
146,2,717.0,306.0,61.0,195.0,1,1,1.0
147,1,778.0,308.0,62.0,191.0,1,1,1.0
147,2,717.0,306.0,62.0,195.0,1,1,1.0
148,1,780.0,308.0,60.0,190.0,1,1,1.0
148,2,716.0,306.0,64.0,196.0,1,1,1.0
149,1,783.0,309.0,58.0,190.0,1,1,1.0
149,2,714.0,306.0,67.0,196.0,1,1,1.0
150,1,784.0,309.0,57.0,189.0,1,1,1.0
150,2,713.0,306.0,67.0,195.0,1,1,1.0
151,1,785.0,310.0,56.0,189.0,1,1,1.0
151,2,712.0,307.0,67.0,194.0,1,1,1.0
152,1,782.0,311.0,58.0,194.0,1,1,1.0
152,2,711.0,309.0,69.0,197.0,1,1,1.0
153,1,780.0,314.0,60.0,198.0,1,1,1.0
153,2,710.0,312.0,70.0,201.0,1,1,1.0
154,1,778.0,317.0,61.0,199.0,1,1,1.0
154,2,709.0,316.0,70.0,202.0,1,1,1.0
155,1,777.0,319.0,62.0,203.0,1,1,1.0
155,2,708.0,319.0,71.0,203.0,1,1,1.0
156,1,776.0,322.0,63.0,203.0,1,1,1.0
156,2,707.0,322.0,72.0,206.0,1,1,1.0
157,1,775.0,324.0,64.0,203.0,1,1,1.0
157,2,706.0,324.0,71.0,206.0,1,1,1.0
158,1,774.0,324.0,64.0,202.0,1,1,1.0
158,2,707.0,324.0,69.0,206.0,1,1,1.0
159,1,774.0,324.0,64.0,202.0,1,1,1.0
159,2,707.0,325.0,68.0,206.0,1,1,1.0
160,1,773.0,325.0,65.0,202.0,1,1,1.0
160,2,708.0,325.0,67.0,206.0,1,1,1.0
161,1,773.0,326.0,66.0,201.0,1,1,1.0
161,2,708.0,326.0,67.0,204.0,1,1,1.0
162,1,774.0,328.0,67.0,205.0,1,1,1.0
162,2,707.0,327.0,67.0,206.0,1,1,1.0
163,1,774.0,331.0,68.0,210.0,1,1,1.0
163,2,705.0,330.0,69.0,211.0,1,1,1.0
164,1,774.0,334.0,69.0,211.0,1,1,1.0
164,2,704.0,334.0,69.0,214.0,1,1,1.0
165,1,774.0,338.0,68.0,214.0,1,1,1.0
165,2,703.0,338.0,70.0,215.0,1,1,1.0
166,1,775.0,341.0,66.0,216.0,1,1,1.0
166,2,702.0,341.0,70.0,217.0,1,1,1.0
167,1,776.0,343.0,65.0,216.0,1,1,1.0
167,2,702.0,343.0,69.0,219.0,1,1,1.0
168,1,777.0,345.0,67.0,214.0,1,1,1.0
168,2,703.0,344.0,68.0,219.0,1,1,1.0
169,1,777.0,346.0,68.0,213.0,1,1,1.0
169,2,702.0,345.0,68.0,219.0,1,1,1.0
170,1,777.0,346.0,72.0,213.0,1,1,1.0
170,2,703.0,345.0,67.0,219.0,1,1,1.0
171,1,776.0,347.0,74.0,212.0,1,1,1.0
171,2,702.0,345.0,66.0,219.0,1,1,1.0
172,1,776.0,348.0,75.0,215.0,1,1,1.0
172,2,702.0,346.0,64.0,219.0,1,1,1.0
173,1,777.0,351.0,75.0,222.0,1,1,1.0
173,2,702.0,349.0,64.0,224.0,1,1,1.0
174,1,778.0,355.0,75.0,224.0,1,1,1.0
174,2,701.0,352.0,63.0,228.0,1,1,1.0
175,1,779.0,358.0,74.0,225.0,1,1,1.0
175,2,697.0,356.0,66.0,230.0,1,1,1.0
176,1,779.0,362.0,73.0,229.0,1,1,1.0
176,2,693.0,360.0,69.0,232.0,1,1,1.0
177,1,779.0,366.0,72.0,229.0,1,1,1.0
177,2,688.0,364.0,73.0,235.0,1,1,1.0
178,1,779.0,368.0,72.0,228.0,1,1,1.0
178,2,685.0,366.0,75.0,235.0,1,1,1.0
179,1,778.0,369.0,74.0,227.0,1,1,1.0
179,2,683.0,367.0,77.0,234.0,1,1,1.0
180,1,777.0,370.0,76.0,227.0,1,1,1.0
180,2,682.0,367.0,79.0,233.0,1,1,1.0
181,1,778.0,371.0,78.0,226.0,1,1,1.0
181,2,681.0,368.0,82.0,233.0,1,1,1.0
182,1,779.0,372.0,78.0,225.0,1,1,1.0
182,2,680.0,369.0,84.0,231.0,1,1,1.0
183,1,779.0,375.0,79.0,232.0,1,1,1.0
183,2,680.0,372.0,86.0,234.0,1,1,1.0
184,1,779.0,379.0,80.0,233.0,1,1,1.0
184,2,679.0,376.0,88.0,240.0,1,1,1.0
185,1,780.0,383.0,79.0,240.0,1,1,1.0
185,2,679.0,381.0,88.0,243.0,1,1,1.0
186,1,780.0,387.0,78.0,243.0,1,1,1.0
186,2,679.0,386.0,87.0,244.0,1,1,1.0
187,1,780.0,391.0,77.0,245.0,1,1,1.0
187,2,679.0,389.0,85.0,246.0,1,1,1.0
188,1,781.0,394.0,77.0,243.0,1,1,1.0
188,2,679.0,391.0,82.0,246.0,1,1,1.0
189,1,781.0,396.0,79.0,242.0,1,1,1.0
189,2,679.0,393.0,80.0,245.0,1,1,1.0
190,1,780.0,397.0,82.0,241.0,1,1,1.0
190,2,679.0,393.0,80.0,245.0,1,1,1.0
191,1,780.0,397.0,83.0,240.0,1,1,1.0
191,2,678.0,394.0,81.0,244.0,1,1,1.0
192,1,781.0,399.0,83.0,239.0,1,1,1.0
192,2,676.0,396.0,84.0,242.0,1,1,1.0
193,1,780.0,401.0,84.0,246.0,1,1,1.0
193,2,672.0,398.0,91.0,247.0,1,1,1.0
194,1,781.0,405.0,83.0,251.0,1,1,1.0
194,2,668.0,402.0,98.0,255.0,1,1,1.0
195,1,782.0,410.0,83.0,256.0,1,1,1.0
195,2,664.0,407.0,104.0,256.0,1,1,1.0
196,1,783.0,414.0,81.0,258.0,1,1,1.0
196,2,660.0,412.0,109.0,259.0,1,1,1.0
197,1,784.0,419.0,80.0,261.0,1,1,1.0
197,2,658.0,417.0,109.0,262.0,1,1,1.0
198,1,784.0,422.0,80.0,261.0,1,1,1.0
198,2,658.0,420.0,104.0,263.0,1,1,1.0
199,1,784.0,424.0,81.0,260.0,1,1,1.0
199,2,659.0,422.0,99.0,263.0,1,1,1.0
200,1,782.0,425.0,84.0,259.0,1,1,1.0
200,2,661.0,424.0,93.0,262.0,1,1,1.0
201,1,780.0,426.0,87.0,258.0,1,1,1.0
201,2,664.0,424.0,90.0,262.0,1,1,1.0
202,1,781.0,428.0,89.0,256.0,1,1,1.0
202,2,666.0,426.0,88.0,260.0,1,1,1.0
203,1,782.0,430.0,89.0,258.0,1,1,1.0
203,2,668.0,428.0,91.0,261.0,1,1,1.0
204,1,783.0,434.0,90.0,267.0,1,1,1.0
204,2,669.0,432.0,94.0,270.0,1,1,1.0
205,1,783.0,438.0,92.0,274.0,1,1,1.0
205,2,670.0,437.0,96.0,275.0,1,1,1.0
206,1,783.0,444.0,95.0,275.0,1,1,1.0
206,2,671.0,442.0,99.0,276.0,1,1,1.0
207,1,784.0,449.0,96.0,281.0,1,1,1.0
207,2,671.0,447.0,102.0,281.0,1,1,1.0
208,1,785.0,453.0,96.0,281.0,1,1,1.0
208,2,673.0,451.0,99.0,284.0,1,1,1.0
209,1,787.0,457.0,95.0,279.0,1,1,1.0
209,2,675.0,454.0,95.0,284.0,1,1,1.0
210,1,786.0,460.0,98.0,277.0,1,1,1.0
210,2,676.0,456.0,91.0,284.0,1,1,1.0
211,1,786.0,461.0,102.0,276.0,1,1,1.0
211,2,676.0,457.0,88.0,282.0,1,1,1.0
212,1,786.0,463.0,104.0,274.0,1,1,1.0
212,2,676.0,458.0,89.0,281.0,1,1,1.0
213,1,787.0,466.0,103.0,272.0,1,1,1.0
213,2,674.0,461.0,92.0,279.0,1,1,1.0
214,1,789.0,470.0,103.0,282.0,1,1,1.0
214,2,670.0,465.0,97.0,287.0,1,1,1.0
215,1,790.0,475.0,100.0,288.0,1,1,1.0
215,2,667.0,470.0,102.0,296.0,1,1,1.0
216,1,792.0,480.0,96.0,293.0,1,1,1.0
216,2,662.0,476.0,108.0,297.0,1,1,1.0
217,1,793.0,486.0,93.0,301.0,1,1,1.0
217,2,659.0,482.0,113.0,301.0,1,1,1.0
218,1,793.0,492.0,91.0,302.0,1,1,1.0
218,2,657.0,488.0,116.0,305.0,1,1,1.0
219,1,790.0,496.0,92.0,301.0,1,1,1.0
219,2,657.0,492.0,116.0,306.0,1,1,1.0
220,1,787.0,499.0,94.0,298.0,1,1,1.0
220,2,657.0,495.0,111.0,305.0,1,1,1.0
221,1,783.0,502.0,96.0,296.0,1,1,1.0
221,2,658.0,497.0,106.0,303.0,1,1,1.0
222,1,779.0,503.0,100.0,294.0,1,1,1.0
222,2,660.0,499.0,101.0,301.0,1,1,1.0
223,1,778.0,506.0,101.0,292.0,1,1,1.0
223,2,663.0,501.0,98.0,298.0,1,1,1.0
224,1,776.0,510.0,103.0,302.0,1,1,1.0
224,2,666.0,505.0,98.0,298.0,1,1,1.0
225,1,774.0,516.0,106.0,313.0,1,1,1.0
225,2,667.0,510.0,100.0,308.0,1,1,1.0
226,1,774.0,522.0,108.0,320.0,1,1,1.0
226,2,666.0,516.0,104.0,315.0,1,1,1.0
227,1,773.0,529.0,109.0,325.0,1,1,1.0
227,2,667.0,523.0,106.0,317.0,1,1,1.0
228,1,773.0,536.0,110.0,328.0,1,1,1.0
228,2,669.0,530.0,105.0,322.0,1,1,1.0
229,1,773.0,542.0,110.0,327.0,1,1,1.0
229,2,670.0,535.0,103.0,327.0,1,1,1.0
230,1,773.0,546.0,111.0,324.0,1,1,1.0
230,2,671.0,538.0,99.0,327.0,1,1,1.0
231,1,773.0,549.0,112.0,321.0,1,1,1.0
231,2,671.0,541.0,99.0,326.0,1,1,1.0
232,1,773.0,551.0,113.0,318.0,1,1,1.0
232,2,671.0,543.0,99.0,324.0,1,1,1.0
233,1,773.0,554.0,111.0,315.0,1,1,1.0
233,2,670.0,546.0,100.0,321.0,1,1,1.0
234,1,773.0,559.0,110.0,316.0,1,1,1.0
234,2,668.0,550.0,102.0,317.0,1,1,1.0
235,1,772.0,565.0,110.0,334.0,1,1,1.0
235,2,663.0,555.0,107.0,327.0,1,1,1.0
236,1,772.0,572.0,110.0,339.0,1,1,1.0
236,2,657.0,562.0,113.0,338.0,1,1,1.0
237,1,772.0,580.0,110.0,343.0,1,1,1.0
237,2,651.0,569.0,117.0,342.0,1,1,1.0
238,1,772.0,588.0,108.0,342.0,1,1,1.0
238,2,645.0,578.0,121.0,344.0,1,1,1.0
239,1,772.0,595.0,107.0,351.0,1,1,1.0
239,2,641.0,585.0,120.0,349.0,1,1,1.0
240,1,770.0,601.0,108.0,350.0,1,1,1.0
240,2,640.0,591.0,118.0,351.0,1,1,1.0
241,1,768.0,606.0,111.0,347.0,1,1,1.0
241,2,637.0,596.0,117.0,351.0,1,1,1.0
242,1,765.0,611.0,114.0,343.0,1,1,1.0
242,2,636.0,600.0,116.0,348.0,1,1,1.0
243,1,764.0,614.0,119.0,339.0,1,1,1.0
243,2,634.0,603.0,117.0,345.0,1,1,1.0
244,1,764.0,618.0,123.0,335.0,1,1,1.0
244,2,632.0,607.0,117.0,341.0,1,1,1.0
245,1,765.0,625.0,126.0,346.0,1,1,1.0
245,2,632.0,613.0,117.0,341.0,1,1,1.0
246,1,765.0,633.0,129.0,356.0,1,1,1.0
246,2,629.0,620.0,120.0,355.0,1,1,1.0
247,1,767.0,643.0,132.0,366.0,1,1,1.0
247,2,625.0,629.0,125.0,368.0,1,1,1.0
248,1,768.0,653.0,134.0,379.0,1,1,1.0
248,2,623.0,639.0,128.0,374.0,1,1,1.0
249,1,769.0,662.0,135.0,379.0,1,1,1.0
249,2,621.0,649.0,130.0,377.0,1,1,1.0
250,1,772.0,669.0,132.0,376.0,1,1,1.0
250,2,619.0,658.0,130.0,382.0,1,1,1.0
251,1,774.0,675.0,131.0,371.0,1,1,1.0
251,2,617.0,665.0,130.0,381.0,1,1,1.0
252,1,776.0,679.0,131.0,367.0,1,1,1.0
252,2,615.0,671.0,129.0,377.0,1,1,1.0
253,1,777.0,684.0,134.0,361.0,1,1,1.0
253,2,613.0,676.0,128.0,372.0,1,1,1.0
254,1,778.0,689.0,136.0,357.0,1,1,1.0
254,2,609.0,681.0,128.0,367.0,1,1,1.0
255,1,777.0,696.0,139.0,365.0,1,1,1.0
255,2,604.0,687.0,130.0,361.0,1,1,1.0
256,1,777.0,704.0,141.0,370.0,1,1,1.0
256,2,597.0,696.0,133.0,371.0,1,1,1.0
257,1,776.0,715.0,141.0,365.0,1,1,1.0
257,2,590.0,707.0,137.0,371.0,1,1,1.0
258,1,775.0,726.0,140.0,355.0,1,1,1.0
258,2,581.0,719.0,144.0,362.0,1,1,1.0
259,1,774.0,737.0,139.0,344.0,1,1,1.0
259,2,575.0,731.0,148.0,351.0,1,1,1.0
260,1,771.0,747.0,141.0,334.0,1,1,1.0
260,2,569.0,742.0,150.0,340.0,1,1,1.0
261,1,770.0,755.0,141.0,326.0,1,1,1.0
261,2,564.0,752.0,151.0,329.0,1,1,1.0
262,1,768.0,764.0,144.0,317.0,1,1,1.0
262,2,558.0,760.0,152.0,320.0,1,1,1.0
263,1,766.0,770.0,147.0,310.0,1,1,1.0
263,2,554.0,768.0,151.0,313.0,1,1,1.0
264,1,766.0,777.0,147.0,304.0,1,1,1.0
264,2,551.0,775.0,152.0,305.0,1,1,1.0
265,1,767.0,784.0,148.0,296.0,1,1,1.0
265,2,549.0,784.0,155.0,296.0,1,1,1.0
266,1,767.0,794.0,152.0,286.0,1,1,1.0
266,2,548.0,795.0,158.0,285.0,1,1,1.0
267,1,766.0,806.0,156.0,274.0,1,1,1.0
267,2,548.0,808.0,164.0,271.0,1,1,1.0
268,1,767.0,818.0,158.0,261.0,1,1,1.0
268,2,548.0,823.0,167.0,257.0,1,1,1.0
269,1,768.0,831.0,159.0,248.0,1,1,1.0
269,2,548.0,838.0,170.0,242.0,1,1,1.0
270,1,770.0,844.0,158.0,235.0,1,1,1.0
270,2,549.0,852.0,172.0,228.0,1,1,1.0
271,1,772.0,855.0,157.0,224.0,1,1,1.0
271,2,549.0,863.0,172.0,216.0,1,1,1.0
272,1,772.0,865.0,158.0,214.0,1,1,1.0
272,2,549.0,872.0,168.0,207.0,1,1,1.0
273,1,772.0,873.0,159.0,206.0,1,1,1.0
273,2,548.0,880.0,167.0,199.0,1,1,1.0
274,1,773.0,881.0,157.0,197.0,1,1,1.0
274,2,546.0,889.0,162.0,190.0,1,1,1.0
275,1,771.0,892.0,158.0,187.0,1,1,1.0
275,2,543.0,898.0,158.0,181.0,1,1,1.0
276,1,768.0,904.0,164.0,175.0,1,1,1.0
276,2,540.0,910.0,156.0,169.0,1,1,1.0
277,1,767.0,917.0,168.0,161.0,1,1,1.0
277,2,536.0,923.0,157.0,156.0,1,1,1.0
278,1,779.0,934.0,155.0,145.0,1,1,1.0
278,2,534.0,939.0,157.0,140.0,1,1,1.0
279,1,773.0,950.0,159.0,129.0,1,1,1.0
279,2,533.0,956.0,151.0,122.0,1,1,1.0
280,1,770.0,967.0,156.0,112.0,1,1,1.0
280,2,530.0,973.0,145.0,106.0,1,1,1.0
281,1,767.0,981.0,151.0,98.0,1,1,1.0
281,2,525.0,988.0,136.0,90.0,1,1,1.0
282,1,771.0,993.0,138.0,86.0,1,1,1.0
282,2,529.0,1000.0,116.0,79.0,1,1,1.0
283,1,786.0,1005.0,108.0,74.0,1,1,1.0
283,2,529.0,1011.0,99.0,68.0,1,1,1.0
284,1,790.0,1015.0,91.0,63.0,1,1,1.0
339,3,302.0,961.0,155.0,118.0,1,1,1.0
340,3,297.0,951.0,157.0,128.0,1,1,1.0
341,3,291.0,939.0,160.0,139.0,1,1,1.0
342,3,287.0,931.0,162.0,148.0,1,1,1.0
343,3,284.0,922.0,164.0,156.0,1,1,1.0
344,3,281.0,913.0,168.0,166.0,1,1,1.0
344,4,113.0,960.0,128.0,119.0,1,1,1.0
345,3,279.0,902.0,173.0,177.0,1,1,1.0
345,4,111.0,949.0,133.0,129.0,1,1,1.0
346,3,276.0,890.0,170.0,189.0,1,1,1.0
346,4,109.0,934.0,142.0,144.0,1,1,1.0
347,3,271.0,877.0,169.0,202.0,1,1,1.0
347,4,106.0,919.0,144.0,160.0,1,1,1.0
348,3,269.0,864.0,163.0,214.0,1,1,1.0
348,4,99.0,903.0,145.0,175.0,1,1,1.0
349,3,266.0,852.0,161.0,226.0,1,1,1.0
349,4,90.0,889.0,157.0,189.0,1,1,1.0
350,3,263.0,842.0,158.0,236.0,1,1,1.0
350,4,83.0,878.0,161.0,201.0,1,1,1.0
351,3,259.0,833.0,160.0,245.0,1,1,1.0
351,4,81.0,868.0,158.0,210.0,1,1,1.0
352,3,256.0,827.0,163.0,251.0,1,1,1.0
352,4,85.0,860.0,152.0,218.0,1,1,1.0
353,3,253.0,821.0,165.0,257.0,1,1,1.0
353,4,88.0,853.0,148.0,225.0,1,1,1.0
354,3,248.0,815.0,160.0,263.0,1,1,1.0
354,4,87.0,845.0,150.0,233.0,1,1,1.0
355,3,241.0,808.0,149.0,271.0,1,1,1.0
355,4,84.0,836.0,150.0,242.0,1,1,1.0
356,3,235.0,799.0,158.0,279.0,1,1,1.0
356,4,78.0,826.0,150.0,252.0,1,1,1.0
357,3,229.0,790.0,163.0,288.0,1,1,1.0
357,4,70.0,814.0,150.0,264.0,1,1,1.0
358,3,223.0,780.0,160.0,298.0,1,1,1.0
358,4,65.0,804.0,155.0,275.0,1,1,1.0
359,3,217.0,770.0,154.0,308.0,1,1,1.0
359,4,54.0,792.0,164.0,286.0,1,1,1.0
360,3,212.0,760.0,155.0,318.0,1,1,1.0
360,4,47.0,782.0,169.0,296.0,1,1,1.0
361,3,207.0,752.0,155.0,326.0,1,1,1.0
361,4,47.0,775.0,178.0,303.0,1,1,1.0
362,3,205.0,743.0,152.0,335.0,1,1,1.0
362,4,54.0,770.0,169.0,308.0,1,1,1.0
363,3,202.0,738.0,153.0,340.0,1,1,1.0
363,4,65.0,765.0,155.0,313.0,1,1,1.0
364,3,201.0,735.0,153.0,340.0,1,1,1.0
364,4,72.0,759.0,147.0,318.0,1,1,1.0
365,3,199.0,725.0,150.0,352.0,1,1,1.0
365,4,75.0,744.0,145.0,334.0,1,1,1.0
366,3,197.0,716.0,155.0,362.0,1,1,1.0
366,4,75.0,731.0,144.0,347.0,1,1,1.0
367,3,195.0,707.0,147.0,363.0,1,1,1.0
367,4,75.0,721.0,144.0,353.0,1,1,1.0
368,3,192.0,697.0,148.0,353.0,1,1,1.0
368,4,75.0,712.0,145.0,355.0,1,1,1.0
369,3,190.0,689.0,149.0,348.0,1,1,1.0
369,4,74.0,706.0,146.0,358.0,1,1,1.0
370,3,187.0,683.0,146.0,350.0,1,1,1.0
370,4,72.0,702.0,147.0,362.0,1,1,1.0
371,3,185.0,677.0,142.0,353.0,1,1,1.0
371,4,72.0,699.0,148.0,364.0,1,1,1.0
372,3,184.0,673.0,141.0,356.0,1,1,1.0
372,4,70.0,696.0,150.0,366.0,1,1,1.0
373,3,181.0,671.0,143.0,359.0,1,1,1.0
373,4,66.0,691.0,153.0,367.0,1,1,1.0
374,3,178.0,668.0,146.0,361.0,1,1,1.0
374,4,63.0,684.0,155.0,363.0,1,1,1.0
375,3,174.0,663.0,147.0,356.0,1,1,1.0
375,4,58.0,675.0,154.0,361.0,1,1,1.0
376,3,169.0,657.0,146.0,350.0,1,1,1.0
376,4,53.0,666.0,153.0,353.0,1,1,1.0
377,3,165.0,649.0,145.0,343.0,1,1,1.0
377,4,46.0,659.0,152.0,343.0,1,1,1.0
378,3,160.0,642.0,141.0,330.0,1,1,1.0
378,4,37.0,652.0,150.0,340.0,1,1,1.0
379,3,156.0,636.0,135.0,326.0,1,1,1.0
379,4,29.0,646.0,152.0,343.0,1,1,1.0
380,3,153.0,629.0,126.0,328.0,1,1,1.0
380,4,25.0,643.0,151.0,346.0,1,1,1.0
381,3,150.0,625.0,123.0,332.0,1,1,1.0
381,4,27.0,640.0,142.0,349.0,1,1,1.0
382,3,145.0,622.0,124.0,334.0,1,1,1.0
382,4,35.0,637.0,128.0,350.0,1,1,1.0
383,3,143.0,619.0,125.0,338.0,1,1,1.0
383,4,44.0,634.0,116.0,349.0,1,1,1.0
384,3,142.0,616.0,124.0,341.0,1,1,1.0
384,4,45.0,629.0,113.0,345.0,1,1,1.0
385,3,141.0,607.0,120.0,334.0,1,1,1.0
385,4,47.0,617.0,111.0,334.0,1,1,1.0
386,3,140.0,600.0,119.0,330.0,1,1,1.0
386,4,47.0,609.0,111.0,321.0,1,1,1.0
387,3,139.0,593.0,120.0,320.0,1,1,1.0
387,4,43.0,601.0,114.0,316.0,1,1,1.0
388,3,138.0,586.0,120.0,309.0,1,1,1.0
388,4,42.0,597.0,115.0,316.0,1,1,1.0
389,3,137.0,581.0,120.0,306.0,1,1,1.0
389,4,42.0,593.0,114.0,318.0,1,1,1.0
390,3,135.0,577.0,116.0,306.0,1,1,1.0
390,4,43.0,591.0,113.0,320.0,1,1,1.0
391,3,134.0,574.0,114.0,309.0,1,1,1.0
391,4,41.0,589.0,115.0,321.0,1,1,1.0
392,3,133.0,573.0,113.0,310.0,1,1,1.0
392,4,39.0,587.0,117.0,318.0,1,1,1.0
393,3,131.0,571.0,115.0,312.0,1,1,1.0
393,4,37.0,583.0,118.0,313.0,1,1,1.0
394,3,129.0,568.0,115.0,313.0,1,1,1.0
394,4,35.0,578.0,118.0,310.0,1,1,1.0
395,3,127.0,566.0,115.0,307.0,1,1,1.0
395,4,32.0,571.0,116.0,302.0,1,1,1.0
396,3,124.0,561.0,113.0,284.0,1,1,1.0
396,4,28.0,565.0,113.0,294.0,1,1,1.0
397,3,121.0,556.0,110.0,281.0,1,1,1.0
397,4,26.0,559.0,110.0,295.0,1,1,1.0
398,3,118.0,550.0,107.0,281.0,1,1,1.0
398,4,24.0,556.0,109.0,296.0,1,1,1.0
399,3,115.0,545.0,105.0,284.0,1,1,1.0
399,4,24.0,554.0,106.0,298.0,1,1,1.0
400,3,113.0,540.0,102.0,288.0,1,1,1.0
400,4,26.0,551.0,101.0,301.0,1,1,1.0
401,3,111.0,537.0,101.0,292.0,1,1,1.0
401,4,29.0,550.0,97.0,302.0,1,1,1.0
402,3,110.0,535.0,101.0,293.0,1,1,1.0
402,4,32.0,547.0,94.0,299.0,1,1,1.0
403,3,109.0,533.0,99.0,295.0,1,1,1.0
403,4,33.0,542.0,92.0,297.0,1,1,1.0
404,3,109.0,530.0,99.0,298.0,1,1,1.0
404,4,34.0,537.0,89.0,295.0,1,1,1.0
405,3,109.0,526.0,95.0,295.0,1,1,1.0
405,4,33.0,529.0,88.0,288.0,1,1,1.0
406,3,113.0,522.0,91.0,289.0,1,1,1.0
406,4,31.0,525.0,89.0,278.0,1,1,1.0
407,3,115.0,517.0,88.0,280.0,1,1,1.0
407,4,29.0,521.0,92.0,274.0,1,1,1.0
408,3,114.0,512.0,88.0,271.0,1,1,1.0
408,4,26.0,517.0,94.0,276.0,1,1,1.0
409,3,109.0,507.0,91.0,268.0,1,1,1.0
409,4,24.0,515.0,96.0,278.0,1,1,1.0
410,3,106.0,502.0,92.0,269.0,1,1,1.0
410,4,24.0,513.0,96.0,279.0,1,1,1.0
411,3,106.0,500.0,92.0,270.0,1,1,1.0
411,4,25.0,512.0,97.0,279.0,1,1,1.0
412,3,106.0,499.0,91.0,272.0,1,1,1.0
412,4,26.0,510.0,96.0,277.0,1,1,1.0
413,3,106.0,498.0,92.0,272.0,1,1,1.0
413,4,29.0,506.0,92.0,274.0,1,1,1.0
414,3,105.0,497.0,93.0,272.0,1,1,1.0
414,4,30.0,502.0,89.0,272.0,1,1,1.0
415,3,104.0,494.0,92.0,272.0,1,1,1.0
415,4,29.0,496.0,88.0,266.0,1,1,1.0
416,3,102.0,491.0,93.0,266.0,1,1,1.0
416,4,29.0,491.0,88.0,261.0,1,1,1.0
417,3,100.0,488.0,92.0,260.0,1,1,1.0
417,4,28.0,487.0,87.0,260.0,1,1,1.0
418,3,97.0,484.0,92.0,252.0,1,1,1.0
418,4,25.0,484.0,91.0,261.0,1,1,1.0
419,3,93.0,480.0,92.0,250.0,1,1,1.0
419,4,23.0,482.0,92.0,263.0,1,1,1.0
420,3,91.0,476.0,90.0,251.0,1,1,1.0
420,4,22.0,481.0,88.0,264.0,1,1,1.0
421,3,89.0,473.0,88.0,254.0,1,1,1.0
421,4,25.0,480.0,83.0,265.0,1,1,1.0
422,3,87.0,470.0,87.0,257.0,1,1,1.0
422,4,26.0,479.0,81.0,262.0,1,1,1.0
423,3,88.0,469.0,85.0,259.0,1,1,1.0
423,4,28.0,476.0,78.0,259.0,1,1,1.0
424,3,90.0,467.0,81.0,260.0,1,1,1.0
424,4,28.0,472.0,77.0,244.0,1,1,1.0
425,3,90.0,465.0,79.0,260.0,1,1,1.0
425,4,30.0,468.0,76.0,244.0,1,1,1.0
426,3,89.0,463.0,79.0,256.0,1,1,1.0
426,4,31.0,464.0,75.0,243.0,1,1,1.0
427,3,91.0,460.0,78.0,253.0,1,1,1.0
427,4,31.0,460.0,75.0,241.0,1,1,1.0
428,3,92.0,456.0,78.0,244.0,1,1,1.0
428,4,31.0,457.0,75.0,241.0,1,1,1.0
429,3,91.0,452.0,77.0,238.0,1,1,1.0
429,4,30.0,456.0,76.0,242.0,1,1,1.0
430,3,91.0,449.0,76.0,237.0,1,1,1.0
430,4,29.0,456.0,77.0,243.0,1,1,1.0
431,3,91.0,446.0,73.0,238.0,1,1,1.0
431,4,28.0,455.0,78.0,243.0,1,1,1.0
432,3,89.0,444.0,73.0,240.0,1,1,1.0
432,4,28.0,454.0,78.0,242.0,1,1,1.0
433,3,89.0,443.0,72.0,241.0,1,1,1.0
433,4,28.0,452.0,77.0,239.0,1,1,1.0
434,3,89.0,443.0,73.0,242.0,1,1,1.0
434,4,28.0,448.0,75.0,238.0,1,1,1.0
435,3,88.0,442.0,74.0,242.0,1,1,1.0
435,4,29.0,444.0,73.0,233.0,1,1,1.0
436,3,87.0,440.0,74.0,238.0,1,1,1.0
436,4,29.0,440.0,71.0,231.0,1,1,1.0
437,3,86.0,438.0,74.0,234.0,1,1,1.0
437,4,29.0,436.0,69.0,230.0,1,1,1.0
438,3,87.0,436.0,74.0,228.0,1,1,1.0
438,4,29.0,435.0,71.0,231.0,1,1,1.0
439,3,88.0,432.0,75.0,225.0,1,1,1.0
439,4,30.0,434.0,70.0,231.0,1,1,1.0
440,3,87.0,428.0,77.0,225.0,1,1,1.0
440,4,30.0,433.0,70.0,232.0,1,1,1.0
441,3,87.0,425.0,76.0,227.0,1,1,1.0
441,4,32.0,433.0,70.0,233.0,1,1,1.0
442,3,87.0,422.0,76.0,229.0,1,1,1.0
442,4,36.0,431.0,67.0,232.0,1,1,1.0
443,3,88.0,421.0,73.0,231.0,1,1,1.0
443,4,39.0,428.0,64.0,232.0,1,1,1.0
444,3,91.0,420.0,68.0,231.0,1,1,1.0
444,4,42.0,424.0,61.0,230.0,1,1,1.0
445,3,93.0,418.0,64.0,229.0,1,1,1.0
445,4,44.0,419.0,60.0,221.0,1,1,1.0
446,3,96.0,415.0,63.0,227.0,1,1,1.0
446,4,46.0,415.0,58.0,217.0,1,1,1.0
447,3,99.0,413.0,63.0,223.0,1,1,1.0
447,4,48.0,412.0,58.0,217.0,1,1,1.0
448,3,101.0,410.0,65.0,217.0,1,1,1.0
448,4,49.0,410.0,60.0,218.0,1,1,1.0
449,3,103.0,408.0,67.0,213.0,1,1,1.0
449,4,51.0,409.0,60.0,219.0,1,1,1.0
450,3,106.0,406.0,68.0,212.0,1,1,1.0
450,4,52.0,409.0,61.0,219.0,1,1,1.0
451,3,107.0,404.0,69.0,213.0,1,1,1.0
451,4,54.0,408.0,60.0,220.0,1,1,1.0
452,3,110.0,403.0,68.0,215.0,1,1,1.0
452,4,56.0,406.0,61.0,217.0,1,1,1.0
453,3,113.0,401.0,67.0,217.0,1,1,1.0
453,4,59.0,403.0,60.0,215.0,1,1,1.0
454,3,119.0,399.0,66.0,217.0,1,1,1.0
454,4,63.0,399.0,57.0,211.0,1,1,1.0
455,3,124.0,398.0,66.0,219.0,1,1,1.0
455,4,68.0,396.0,53.0,208.0,1,1,1.0
456,3,129.0,396.0,66.0,220.0,1,1,1.0
456,4,72.0,392.0,55.0,208.0,1,1,1.0
457,3,134.0,394.0,65.0,209.0,1,1,1.0
457,4,74.0,390.0,62.0,209.0,1,1,1.0
458,3,139.0,392.0,62.0,201.0,1,1,1.0
458,4,78.0,390.0,72.0,211.0,1,1,1.0
459,3,143.0,389.0,57.0,205.0,1,1,1.0
459,4,82.0,389.0,71.0,211.0,1,1,1.0
460,3,146.0,386.0,59.0,207.0,1,1,1.0
460,4,85.0,388.0,72.0,211.0,1,1,1.0
461,3,150.0,384.0,61.0,206.0,1,1,1.0
461,4,88.0,385.0,74.0,209.0,1,1,1.0
462,3,154.0,382.0,68.0,205.0,1,1,1.0
462,4,91.0,382.0,76.0,208.0,1,1,1.0
463,3,157.0,381.0,78.0,206.0,1,1,1.0
463,4,98.0,379.0,70.0,204.0,1,1,1.0
464,3,161.0,380.0,86.0,207.0,1,1,1.0
464,4,106.0,376.0,62.0,200.0,1,1,1.0
465,3,162.0,379.0,92.0,207.0,1,1,1.0
465,4,116.0,373.0,63.0,199.0,1,1,1.0
466,3,164.0,377.0,93.0,203.0,1,1,1.0
466,4,123.0,372.0,66.0,200.0,1,1,1.0
467,3,174.0,376.0,83.0,200.0,1,1,1.0
467,4,127.0,371.0,71.0,200.0,1,1,1.0
468,3,186.0,373.0,71.0,201.0,1,1,1.0
468,4,134.0,370.0,72.0,202.0,1,1,1.0
469,3,200.0,371.0,56.0,203.0,1,1,1.0
469,4,135.0,368.0,81.0,203.0,1,1,1.0
470,3,210.0,369.0,53.0,205.0,1,1,1.0
470,4,141.0,366.0,84.0,200.0,1,1,1.0
471,3,213.0,368.0,59.0,206.0,1,1,1.0
471,4,149.0,363.0,77.0,201.0,1,1,1.0
472,3,218.0,366.0,66.0,207.0,1,1,1.0
472,4,161.0,359.0,65.0,201.0,1,1,1.0
473,3,222.0,366.0,76.0,207.0,1,1,1.0
473,4,175.0,356.0,53.0,198.0,1,1,1.0
474,3,224.0,366.0,83.0,207.0,1,1,1.0
474,4,181.0,354.0,54.0,196.0,1,1,1.0
475,3,226.0,364.0,85.0,202.0,1,1,1.0
475,4,184.0,352.0,60.0,197.0,1,1,1.0
476,3,237.0,363.0,75.0,195.0,1,1,1.0
476,4,192.0,352.0,58.0,197.0,1,1,1.0
477,3,240.0,361.0,73.0,202.0,1,1,1.0
477,4,196.0,352.0,60.0,196.0,1,1,1.0
478,3,248.0,358.0,64.0,200.0,1,1,1.0
478,4,198.0,352.0,63.0,195.0,1,1,1.0
479,3,251.0,356.0,62.0,201.0,1,1,1.0
479,4,201.0,350.0,68.0,195.0,1,1,1.0
480,3,257.0,354.0,62.0,201.0,1,1,1.0
480,4,207.0,347.0,68.0,197.0,1,1,1.0
481,3,264.0,353.0,65.0,202.0,1,1,1.0
481,4,218.0,344.0,64.0,194.0,1,1,1.0
482,3,271.0,353.0,72.0,201.0,1,1,1.0
482,4,233.0,341.0,53.0,194.0,1,1,1.0
483,3,275.0,353.0,86.0,200.0,1,1,1.0
484,3,277.0,353.0,99.0,200.0,1,1,1.0
484,4,253.0,337.0,44.0,197.0,1,1,1.0
485,3,279.0,352.0,107.0,198.0,1,1,1.0
485,4,265.0,337.0,43.0,197.0,1,1,1.0
486,3,295.0,352.0,94.0,194.0,1,1,1.0
486,4,269.0,337.0,49.0,196.0,1,1,1.0
487,3,302.0,350.0,89.0,194.0,1,1,1.0
487,4,271.0,336.0,56.0,197.0,1,1,1.0
488,3,312.0,348.0,79.0,195.0,1,1,1.0
488,4,273.0,335.0,62.0,197.0,1,1,1.0
489,3,329.0,346.0,62.0,198.0,1,1,1.0
489,4,279.0,333.0,71.0,198.0,1,1,1.0
490,3,339.0,344.0,60.0,200.0,1,1,1.0
490,4,288.0,331.0,67.0,196.0,1,1,1.0
491,3,344.0,343.0,70.0,201.0,1,1,1.0
491,4,301.0,327.0,61.0,195.0,1,1,1.0
492,3,347.0,342.0,79.0,201.0,1,1,1.0
492,4,316.0,325.0,49.0,192.0,1,1,1.0
493,3,348.0,342.0,93.0,201.0,1,1,1.0
493,4,325.0,324.0,42.0,191.0,1,1,1.0
494,3,352.0,342.0,100.0,201.0,1,1,1.0
494,4,333.0,323.0,37.0,191.0,1,1,1.0
495,3,357.0,341.0,101.0,202.0,1,1,1.0
495,4,337.0,323.0,39.0,191.0,1,1,1.0
496,3,364.0,339.0,97.0,199.0,1,1,1.0
496,4,339.0,322.0,45.0,192.0,1,1,1.0
497,3,374.0,337.0,89.0,198.0,1,1,1.0
497,4,340.0,323.0,54.0,191.0,1,1,1.0
498,3,385.0,335.0,77.0,192.0,1,1,1.0
498,4,341.0,323.0,65.0,189.0,1,1,1.0
499,3,395.0,332.0,67.0,191.0,1,1,1.0
499,4,344.0,321.0,65.0,190.0,1,1,1.0
500,3,403.0,330.0,63.0,192.0,1,1,1.0
500,4,354.0,319.0,65.0,189.0,1,1,1.0
501,3,409.0,329.0,70.0,193.0,1,1,1.0
501,4,367.0,316.0,58.0,188.0,1,1,1.0
502,3,416.0,328.0,80.0,193.0,1,1,1.0
502,4,383.0,314.0,46.0,188.0,1,1,1.0
503,3,420.0,328.0,92.0,193.0,1,1,1.0
503,4,394.0,313.0,40.0,188.0,1,1,1.0
504,3,426.0,328.0,97.0,193.0,1,1,1.0
504,4,401.0,312.0,40.0,189.0,1,1,1.0
505,3,430.0,328.0,97.0,187.0,1,1,1.0
505,4,406.0,312.0,42.0,191.0,1,1,1.0
506,3,434.0,327.0,96.0,187.0,1,1,1.0
506,4,409.0,312.0,47.0,191.0,1,1,1.0
507,3,444.0,324.0,86.0,186.0,1,1,1.0
507,4,412.0,312.0,52.0,192.0,1,1,1.0
508,3,449.0,323.0,81.0,186.0,1,1,1.0
508,4,414.0,310.0,57.0,191.0,1,1,1.0
509,3,460.0,321.0,69.0,187.0,1,1,1.0
509,4,419.0,309.0,60.0,191.0,1,1,1.0
510,3,475.0,319.0,59.0,188.0,1,1,1.0
510,4,427.0,306.0,66.0,192.0,1,1,1.0
511,3,482.0,318.0,62.0,190.0,1,1,1.0
511,4,438.0,304.0,61.0,189.0,1,1,1.0
512,3,484.0,317.0,73.0,191.0,1,1,1.0
512,4,453.0,301.0,50.0,186.0,1,1,1.0
513,3,485.0,317.0,83.0,191.0,1,1,1.0
513,4,463.0,300.0,43.0,185.0,1,1,1.0
514,3,487.0,317.0,92.0,190.0,1,1,1.0
514,4,469.0,299.0,40.0,185.0,1,1,1.0
515,3,489.0,317.0,98.0,191.0,1,1,1.0
515,4,472.0,299.0,42.0,185.0,1,1,1.0
516,3,495.0,316.0,97.0,191.0,1,1,1.0
516,4,473.0,300.0,47.0,184.0,1,1,1.0
517,3,505.0,315.0,90.0,187.0,1,1,1.0
517,4,474.0,300.0,53.0,182.0,1,1,1.0
518,3,513.0,313.0,83.0,186.0,1,1,1.0
518,4,474.0,300.0,60.0,182.0,1,1,1.0
519,3,524.0,310.0,71.0,184.0,1,1,1.0
519,4,477.0,298.0,63.0,182.0,1,1,1.0
520,3,534.0,309.0,61.0,183.0,1,1,1.0
520,4,487.0,296.0,61.0,182.0,1,1,1.0
521,3,542.0,307.0,61.0,184.0,1,1,1.0
521,4,500.0,294.0,57.0,180.0,1,1,1.0
522,3,552.0,306.0,62.0,184.0,1,1,1.0
522,4,515.0,292.0,48.0,180.0,1,1,1.0
523,3,556.0,306.0,73.0,184.0,1,1,1.0
523,4,529.0,291.0,40.0,181.0,1,1,1.0
524,3,558.0,306.0,86.0,184.0,1,1,1.0
524,4,536.0,291.0,39.0,182.0,1,1,1.0
525,3,560.0,306.0,96.0,182.0,1,1,1.0
525,4,540.0,291.0,47.0,182.0,1,1,1.0
526,3,566.0,305.0,93.0,179.0,1,1,1.0
526,4,543.0,291.0,53.0,182.0,1,1,1.0
527,3,580.0,303.0,82.0,178.0,1,1,1.0
527,4,543.0,290.0,59.0,186.0,1,1,1.0
528,3,593.0,302.0,70.0,179.0,1,1,1.0
528,4,548.0,289.0,61.0,187.0,1,1,1.0
529,3,601.0,300.0,65.0,180.0,1,1,1.0
529,4,557.0,288.0,60.0,186.0,1,1,1.0
530,3,613.0,299.0,58.0,181.0,1,1,1.0
530,4,567.0,285.0,58.0,182.0,1,1,1.0
531,3,620.0,298.0,60.0,182.0,1,1,1.0
531,4,581.0,283.0,49.0,177.0,1,1,1.0
532,3,623.0,297.0,69.0,183.0,1,1,1.0
532,4,589.0,282.0,44.0,177.0,1,1,1.0
533,3,623.0,297.0,79.0,183.0,1,1,1.0
533,4,596.0,281.0,42.0,176.0,1,1,1.0
534,3,625.0,297.0,87.0,183.0,1,1,1.0
534,4,600.0,281.0,42.0,176.0,1,1,1.0
535,3,627.0,296.0,92.0,184.0,1,1,1.0
535,4,602.0,282.0,46.0,175.0,1,1,1.0
536,3,631.0,295.0,93.0,183.0,1,1,1.0
536,4,602.0,283.0,52.0,175.0,1,1,1.0
537,3,648.0,294.0,79.0,175.0,1,1,1.0
537,4,602.0,283.0,58.0,174.0,1,1,1.0
538,3,655.0,291.0,71.0,176.0,1,1,1.0
538,4,602.0,282.0,66.0,174.0,1,1,1.0
539,3,665.0,290.0,58.0,176.0,1,1,1.0
539,4,608.0,281.0,68.0,174.0,1,1,1.0
540,3,671.0,288.0,54.0,177.0,1,1,1.0
540,4,617.0,279.0,66.0,172.0,1,1,1.0
541,3,675.0,287.0,58.0,176.0,1,1,1.0
541,4,630.0,277.0,58.0,172.0,1,1,1.0
542,3,678.0,287.0,68.0,176.0,1,1,1.0
542,4,644.0,275.0,49.0,173.0,1,1,1.0
543,3,680.0,287.0,80.0,175.0,1,1,1.0
543,4,656.0,274.0,43.0,174.0,1,1,1.0
544,3,683.0,288.0,88.0,175.0,1,1,1.0
544,4,664.0,273.0,42.0,174.0,1,1,1.0
545,3,686.0,288.0,90.0,174.0,1,1,1.0
545,4,668.0,274.0,44.0,174.0,1,1,1.0
546,3,688.0,287.0,91.0,173.0,1,1,1.0
546,4,670.0,274.0,48.0,174.0,1,1,1.0
547,3,702.0,287.0,78.0,169.0,1,1,1.0
547,4,670.0,275.0,54.0,175.0,1,1,1.0
548,3,704.0,286.0,76.0,169.0,1,1,1.0
548,4,671.0,274.0,58.0,174.0,1,1,1.0
549,3,715.0,284.0,65.0,169.0,1,1,1.0
549,4,674.0,273.0,61.0,174.0,1,1,1.0
550,3,723.0,283.0,59.0,170.0,1,1,1.0
550,4,681.0,271.0,60.0,174.0,1,1,1.0
551,3,735.0,281.0,60.0,171.0,1,1,1.0
551,4,686.0,269.0,64.0,172.0,1,1,1.0
552,3,739.0,281.0,68.0,172.0,1,1,1.0
552,4,700.0,267.0,52.0,168.0,1,1,1.0
553,3,740.0,281.0,76.0,173.0,1,1,1.0
553,4,709.0,266.0,46.0,167.0,1,1,1.0
554,3,740.0,281.0,83.0,172.0,1,1,1.0
554,4,715.0,265.0,44.0,169.0,1,1,1.0
555,3,742.0,281.0,87.0,171.0,1,1,1.0
555,4,721.0,265.0,43.0,169.0,1,1,1.0
556,3,745.0,281.0,90.0,171.0,1,1,1.0
556,4,723.0,265.0,46.0,168.0,1,1,1.0
557,3,750.0,281.0,89.0,170.0,1,1,1.0
557,4,724.0,266.0,50.0,167.0,1,1,1.0
558,3,756.0,280.0,86.0,169.0,1,1,1.0
558,4,724.0,267.0,55.0,166.0,1,1,1.0
559,3,765.0,279.0,79.0,165.0,1,1,1.0
559,4,725.0,268.0,60.0,166.0,1,1,1.0
560,3,775.0,277.0,68.0,164.0,1,1,1.0
560,4,728.0,267.0,63.0,166.0,1,1,1.0
561,3,782.0,276.0,58.0,164.0,1,1,1.0
561,4,735.0,264.0,62.0,165.0,1,1,1.0
562,3,791.0,275.0,54.0,166.0,1,1,1.0
562,4,745.0,254.0,58.0,172.0,1,1,1.0
563,3,797.0,273.0,58.0,166.0,1,1,1.0
563,4,758.0,257.0,49.0,168.0,1,1,1.0
564,3,800.0,274.0,65.0,165.0,1,1,1.0
564,4,770.0,253.0,42.0,172.0,1,1,1.0
565,3,801.0,274.0,76.0,164.0,1,1,1.0
565,4,778.0,258.0,39.0,167.0,1,1,1.0
566,3,801.0,275.0,82.0,163.0,1,1,1.0
566,4,780.0,260.0,43.0,165.0,1,1,1.0
567,3,802.0,276.0,85.0,162.0,1,1,1.0
567,4,781.0,262.0,47.0,164.0,1,1,1.0
568,3,814.0,276.0,74.0,160.0,1,1,1.0
568,4,782.0,263.0,52.0,171.0,1,1,1.0
569,3,821.0,276.0,66.0,160.0,1,1,1.0
569,4,782.0,259.0,57.0,169.0,1,1,1.0
570,3,823.0,274.0,67.0,161.0,1,1,1.0
570,4,783.0,258.0,60.0,170.0,1,1,1.0
571,3,832.0,273.0,61.0,162.0,1,1,1.0
571,4,790.0,258.0,59.0,167.0,1,1,1.0
572,3,844.0,272.0,58.0,163.0,1,1,1.0
572,4,799.0,258.0,54.0,162.0,1,1,1.0
573,3,849.0,271.0,66.0,164.0,1,1,1.0
573,4,809.0,258.0,47.0,159.0,1,1,1.0
574,3,852.0,271.0,74.0,164.0,1,1,1.0
574,4,818.0,257.0,42.0,159.0,1,1,1.0
575,3,851.0,271.0,83.0,164.0,1,1,1.0
575,4,824.0,256.0,42.0,159.0,1,1,1.0
576,3,852.0,272.0,90.0,163.0,1,1,1.0
576,4,826.0,256.0,47.0,159.0,1,1,1.0
577,3,855.0,272.0,91.0,162.0,1,1,1.0
577,4,827.0,257.0,51.0,157.0,1,1,1.0
578,3,859.0,272.0,90.0,160.0,1,1,1.0
578,4,827.0,258.0,55.0,156.0,1,1,1.0
579,3,865.0,273.0,87.0,153.0,1,1,1.0
579,4,827.0,259.0,59.0,155.0,1,1,1.0
580,3,873.0,271.0,79.0,153.0,1,1,1.0
580,4,827.0,259.0,63.0,155.0,1,1,1.0
581,3,882.0,268.0,68.0,155.0,1,1,1.0
581,4,830.0,259.0,65.0,154.0,1,1,1.0
582,3,891.0,266.0,55.0,156.0,1,1,1.0
582,4,838.0,259.0,61.0,152.0,1,1,1.0
583,3,897.0,265.0,48.0,157.0,1,1,1.0
583,4,848.0,257.0,56.0,152.0,1,1,1.0
584,3,899.0,264.0,54.0,158.0,1,1,1.0
584,4,861.0,255.0,50.0,153.0,1,1,1.0
585,3,900.0,265.0,70.0,156.0,1,1,1.0
585,4,877.0,254.0,42.0,154.0,1,1,1.0
586,3,902.0,267.0,75.0,154.0,1,1,1.0
586,4,882.0,255.0,43.0,154.0,1,1,1.0
587,3,904.0,267.0,76.0,153.0,1,1,1.0
587,4,884.0,256.0,46.0,154.0,1,1,1.0
588,3,912.0,268.0,69.0,150.0,1,1,1.0
588,4,885.0,257.0,50.0,153.0,1,1,1.0
589,3,921.0,267.0,61.0,150.0,1,1,1.0
589,4,886.0,257.0,54.0,157.0,1,1,1.0
590,3,924.0,266.0,59.0,150.0,1,1,1.0
590,4,888.0,257.0,56.0,156.0,1,1,1.0
591,3,934.0,264.0,52.0,152.0,1,1,1.0
591,4,894.0,256.0,54.0,154.0,1,1,1.0
592,3,943.0,262.0,51.0,155.0,1,1,1.0
592,4,901.0,254.0,51.0,151.0,1,1,1.0
593,4,910.0,253.0,45.0,149.0,1,1,1.0
594,3,950.0,263.0,63.0,154.0,1,1,1.0
594,4,916.0,251.0,42.0,149.0,1,1,1.0
595,3,951.0,264.0,60.0,153.0,1,1,1.0
595,4,919.0,251.0,42.0,148.0,1,1,1.0
596,3,952.0,264.0,72.0,152.0,1,1,1.0
596,4,922.0,251.0,45.0,148.0,1,1,1.0
597,3,953.0,264.0,76.0,152.0,1,1,1.0
597,4,924.0,251.0,47.0,148.0,1,1,1.0
598,3,957.0,265.0,78.0,145.0,1,1,1.0
598,4,924.0,251.0,51.0,147.0,1,1,1.0
599,3,964.0,264.0,74.0,143.0,1,1,1.0
599,4,924.0,252.0,56.0,153.0,1,1,1.0
600,3,969.0,263.0,70.0,145.0,1,1,1.0
600,4,924.0,252.0,59.0,150.0,1,1,1.0
601,3,974.0,260.0,63.0,147.0,1,1,1.0
601,4,927.0,252.0,60.0,148.0,1,1,1.0
602,3,977.0,258.0,57.0,148.0,1,1,1.0
602,4,933.0,251.0,60.0,145.0,1,1,1.0
603,3,982.0,258.0,53.0,148.0,1,1,1.0
603,4,942.0,250.0,56.0,144.0,1,1,1.0
604,3,985.0,259.0,55.0,146.0,1,1,1.0
604,4,953.0,249.0,49.0,144.0,1,1,1.0
605,3,988.0,259.0,61.0,146.0,1,1,1.0
605,4,965.0,248.0,41.0,145.0,1,1,1.0
606,3,989.0,259.0,68.0,145.0,1,1,1.0
606,4,972.0,248.0,39.0,145.0,1,1,1.0
607,3,990.0,259.0,70.0,144.0,1,1,1.0
607,4,975.0,248.0,43.0,146.0,1,1,1.0
608,3,992.0,262.0,69.0,141.0,1,1,1.0
609,3,997.0,261.0,64.0,141.0,1,1,1.0
610,3,1000.0,261.0,62.0,141.0,1,1,1.0
611,3,1006.0,260.0,58.0,141.0,1,1,1.0
611,4,978.0,241.0,54.0,153.0,1,1,1.0
612,3,1012.0,259.0,57.0,142.0,1,1,1.0
612,4,983.0,242.0,53.0,151.0,1,1,1.0
613,3,1022.0,257.0,57.0,144.0,1,1,1.0
613,4,989.0,242.0,49.0,148.0,1,1,1.0
614,3,1031.0,257.0,58.0,144.0,1,1,1.0
615,3,1032.0,257.0,67.0,144.0,1,1,1.0
615,4,1002.0,248.0,44.0,140.0,1,1,1.0
616,4,1006.0,244.0,44.0,143.0,1,1,1.0
617,3,1035.0,258.0,75.0,143.0,1,1,1.0
617,4,1009.0,244.0,48.0,141.0,1,1,1.0
618,3,1036.0,259.0,77.0,142.0,1,1,1.0
618,4,1010.0,247.0,49.0,139.0,1,1,1.0
619,3,1038.0,259.0,79.0,142.0,1,1,1.0
619,4,1009.0,246.0,52.0,140.0,1,1,1.0
620,3,1046.0,258.0,76.0,140.0,1,1,1.0
620,4,1009.0,246.0,55.0,142.0,1,1,1.0
