1,1,1595.0,495.0,52.0,126.0,1,1,1.0
2,1,1588.0,497.0,58.0,125.0,1,1,1.0
3,1,1585.0,499.0,58.0,124.0,1,1,1.0
4,1,1584.0,499.0,54.0,124.0,1,1,1.0
5,1,1584.0,500.0,50.0,124.0,1,1,1.0
6,1,1585.0,499.0,43.0,124.0,1,1,1.0
7,1,1583.0,499.0,39.0,125.0,1,1,1.0
8,1,1581.0,500.0,39.0,124.0,1,1,1.0
9,1,1575.0,499.0,41.0,124.0,1,1,1.0
10,1,1566.0,499.0,47.0,124.0,1,1,1.0
11,1,1555.0,499.0,54.0,124.0,1,1,1.0
12,1,1544.0,499.0,60.0,124.0,1,1,1.0
13,1,1538.0,499.0,65.0,125.0,1,1,1.0
14,1,1536.0,499.0,66.0,126.0,1,1,1.0
16,1,1535.0,496.0,62.0,129.0,1,1,1.0
17,1,1535.0,494.0,55.0,131.0,1,1,1.0
18,1,1535.0,492.0,48.0,133.0,1,1,1.0
19,1,1535.0,493.0,43.0,132.0,1,1,1.0
20,1,1532.0,495.0,41.0,133.0,1,1,1.0
21,1,1524.0,498.0,46.0,131.0,1,1,1.0
22,1,1512.0,500.0,55.0,130.0,1,1,1.0
23,1,1502.0,501.0,63.0,129.0,1,1,1.0
24,1,1496.0,502.0,65.0,128.0,1,1,1.0
25,1,1493.0,503.0,64.0,128.0,1,1,1.0
26,1,1493.0,499.0,61.0,132.0,1,1,1.0
27,1,1492.0,497.0,54.0,135.0,1,1,1.0
28,1,1492.0,497.0,47.0,134.0,1,1,1.0
29,1,1491.0,497.0,45.0,134.0,1,1,1.0
30,1,1486.0,497.0,44.0,134.0,1,1,1.0
31,1,1474.0,497.0,51.0,134.0,1,1,1.0
32,1,1461.0,498.0,60.0,133.0,1,1,1.0
33,1,1449.0,499.0,67.0,132.0,1,1,1.0
34,1,1442.0,499.0,74.0,132.0,1,1,1.0
35,1,1439.0,500.0,76.0,131.0,1,1,1.0
36,1,1437.0,500.0,75.0,131.0,1,1,1.0
37,1,1437.0,501.0,71.0,131.0,1,1,1.0
38,1,1437.0,501.0,63.0,130.0,1,1,1.0
39,1,1438.0,502.0,52.0,129.0,1,1,1.0
40,1,1437.0,504.0,45.0,128.0,1,1,1.0
42,1,1425.0,505.0,49.0,130.0,1,1,1.0
43,1,1413.0,505.0,57.0,131.0,1,1,1.0
44,1,1402.0,502.0,67.0,134.0,1,1,1.0
45,1,1395.0,500.0,71.0,136.0,1,1,1.0
46,1,1392.0,498.0,71.0,139.0,1,1,1.0
47,1,1390.0,498.0,69.0,140.0,1,1,1.0
48,1,1389.0,497.0,64.0,141.0,1,1,1.0
49,1,1389.0,497.0,56.0,141.0,1,1,1.0
50,1,1389.0,497.0,49.0,141.0,1,1,1.0
51,1,1387.0,497.0,46.0,140.0,1,1,1.0
52,1,1380.0,498.0,49.0,139.0,1,1,1.0
53,1,1367.0,499.0,57.0,138.0,1,1,1.0
54,1,1352.0,500.0,68.0,138.0,1,1,1.0
55,1,1342.0,501.0,75.0,137.0,1,1,1.0
56,1,1335.0,500.0,79.0,138.0,1,1,1.0
57,1,1332.0,501.0,82.0,138.0,1,1,1.0
58,1,1331.0,502.0,81.0,136.0,1,1,1.0
59,1,1331.0,504.0,76.0,134.0,1,1,1.0
60,1,1331.0,507.0,67.0,132.0,1,1,1.0
61,1,1332.0,508.0,56.0,130.0,1,1,1.0
62,1,1331.0,510.0,42.0,129.0,1,1,1.0
63,1,1329.0,509.0,35.0,131.0,1,1,1.0
64,1,1319.0,509.0,43.0,133.0,1,1,1.0
65,1,1306.0,509.0,57.0,135.0,1,1,1.0
66,1,1296.0,510.0,67.0,135.0,1,1,1.0
67,1,1290.0,511.0,70.0,135.0,1,1,1.0
68,1,1288.0,511.0,70.0,135.0,1,1,1.0
69,1,1288.0,510.0,67.0,136.0,1,1,1.0
70,1,1288.0,509.0,60.0,138.0,1,1,1.0
71,1,1288.0,507.0,51.0,140.0,1,1,1.0
72,1,1285.0,506.0,46.0,141.0,1,1,1.0
73,1,1279.0,505.0,47.0,142.0,1,1,1.0
74,1,1270.0,504.0,50.0,142.0,1,1,1.0
75,1,1255.0,504.0,61.0,142.0,1,1,1.0
76,1,1241.0,506.0,72.0,141.0,1,1,1.0
77,1,1232.0,507.0,81.0,140.0,1,1,1.0
78,1,1228.0,509.0,84.0,139.0,1,1,1.0
79,1,1226.0,511.0,86.0,138.0,1,1,1.0
80,1,1225.0,512.0,85.0,137.0,1,1,1.0
81,1,1225.0,512.0,78.0,138.0,1,1,1.0
82,1,1225.0,512.0,67.0,138.0,1,1,1.0
83,1,1225.0,511.0,54.0,138.0,1,1,1.0
84,1,1222.0,512.0,47.0,138.0,1,1,1.0
85,1,1216.0,511.0,48.0,141.0,1,1,1.0
86,1,1202.0,511.0,59.0,143.0,1,1,1.0
87,1,1187.0,512.0,70.0,142.0,1,1,1.0
88,1,1176.0,512.0,78.0,142.0,1,1,1.0
89,1,1170.0,512.0,81.0,143.0,1,1,1.0
90,1,1168.0,512.0,82.0,144.0,1,1,1.0
91,1,1167.0,511.0,78.0,144.0,1,1,1.0
92,1,1167.0,511.0,68.0,145.0,1,1,1.0
93,1,1167.0,510.0,56.0,146.0,1,1,1.0
94,1,1166.0,510.0,48.0,145.0,1,1,1.0
95,1,1159.0,511.0,48.0,144.0,1,1,1.0
96,1,1145.0,511.0,56.0,144.0,1,1,1.0
97,1,1127.0,513.0,70.0,142.0,1,1,1.0
98,1,1114.0,514.0,83.0,141.0,1,1,1.0
99,1,1107.0,515.0,89.0,140.0,1,1,1.0
100,1,1104.0,516.0,91.0,140.0,1,1,1.0
101,1,1103.0,516.0,90.0,140.0,1,1,1.0
102,1,1103.0,515.0,83.0,140.0,1,1,1.0
103,1,1103.0,514.0,72.0,141.0,1,1,1.0
104,1,1104.0,513.0,59.0,141.0,1,1,1.0
105,1,1103.0,513.0,46.0,144.0,1,1,1.0
106,1,1098.0,512.0,43.0,147.0,1,1,1.0
107,1,1084.0,511.0,55.0,150.0,1,1,1.0
108,1,1067.0,512.0,69.0,150.0,1,1,1.0
109,1,1054.0,512.0,79.0,151.0,1,1,1.0
110,1,1047.0,512.0,84.0,152.0,1,1,1.0
111,1,1045.0,512.0,85.0,152.0,1,1,1.0
112,1,1044.0,511.0,75.0,154.0,1,1,1.0
113,1,1044.0,510.0,69.0,155.0,1,1,1.0
114,1,1044.0,507.0,60.0,157.0,1,1,1.0
115,1,1041.0,508.0,50.0,157.0,1,1,1.0
116,1,1033.0,506.0,48.0,158.0,1,1,1.0
117,1,1023.0,507.0,53.0,157.0,1,1,1.0
118,1,1005.0,508.0,69.0,156.0,1,1,1.0
119,1,990.0,509.0,83.0,155.0,1,1,1.0
120,1,980.0,511.0,92.0,154.0,1,1,1.0
121,1,975.0,513.0,97.0,152.0,1,1,1.0
122,1,973.0,518.0,98.0,148.0,1,1,1.0
123,1,972.0,520.0,91.0,146.0,1,1,1.0
124,1,973.0,522.0,79.0,145.0,1,1,1.0
125,1,973.0,521.0,65.0,146.0,1,1,1.0
126,1,972.0,520.0,50.0,148.0,1,1,1.0
127,1,967.0,519.0,45.0,151.0,1,1,1.0
128,1,953.0,520.0,55.0,151.0,1,1,1.0
129,1,936.0,521.0,70.0,152.0,1,1,1.0
130,1,922.0,523.0,81.0,152.0,1,1,1.0
131,1,914.0,524.0,88.0,151.0,1,1,1.0
132,1,910.0,525.0,91.0,150.0,1,1,1.0
133,1,909.0,526.0,90.0,150.0,1,1,1.0
134,1,908.0,524.0,80.0,152.0,1,1,1.0
135,1,909.0,523.0,68.0,154.0,1,1,1.0
136,1,906.0,521.0,57.0,155.0,1,1,1.0
137,1,900.0,521.0,49.0,155.0,1,1,1.0
138,1,892.0,522.0,51.0,154.0,1,1,1.0
139,1,874.0,522.0,67.0,154.0,1,1,1.0
140,1,857.0,523.0,82.0,154.0,1,1,1.0
141,1,846.0,524.0,93.0,153.0,1,1,1.0
142,1,839.0,525.0,99.0,153.0,1,1,1.0
143,1,837.0,524.0,101.0,153.0,1,1,1.0
144,1,836.0,525.0,99.0,154.0,1,1,1.0
145,1,835.0,525.0,87.0,153.0,1,1,1.0
146,1,836.0,524.0,74.0,154.0,1,1,1.0
147,1,834.0,524.0,60.0,154.0,1,1,1.0
148,1,829.0,523.0,48.0,156.0,1,1,1.0
149,1,822.0,523.0,49.0,158.0,1,1,1.0
150,1,803.0,524.0,65.0,159.0,1,1,1.0
151,1,786.0,524.0,81.0,158.0,1,1,1.0
152,1,773.0,524.0,92.0,159.0,1,1,1.0
153,1,768.0,524.0,99.0,160.0,1,1,1.0
154,1,765.0,524.0,101.0,161.0,1,1,1.0
155,1,764.0,524.0,97.0,162.0,1,1,1.0
156,1,764.0,524.0,85.0,162.0,1,1,1.0
157,1,765.0,524.0,71.0,162.0,1,1,1.0
158,1,763.0,524.0,56.0,162.0,1,1,1.0
159,1,752.0,524.0,52.0,162.0,1,1,1.0
160,1,743.0,525.0,56.0,160.0,1,1,1.0
161,1,727.0,528.0,70.0,158.0,1,1,1.0
162,1,711.0,529.0,84.0,157.0,1,1,1.0
163,1,701.0,531.0,94.0,155.0,1,1,1.0
164,1,696.0,532.0,100.0,155.0,1,1,1.0
165,1,693.0,531.0,102.0,156.0,1,1,1.0
166,1,692.0,531.0,98.0,156.0,1,1,1.0
167,1,692.0,529.0,86.0,158.0,1,1,1.0
168,1,692.0,528.0,72.0,158.0,1,1,1.0
169,1,687.0,528.0,59.0,159.0,1,1,1.0
170,1,680.0,527.0,51.0,161.0,1,1,1.0
171,1,670.0,528.0,56.0,161.0,1,1,1.0
172,1,651.0,530.0,73.0,160.0,1,1,1.0
173,1,635.0,532.0,88.0,159.0,1,1,1.0
174,1,626.0,534.0,98.0,157.0,1,1,1.0
175,1,621.0,535.0,102.0,156.0,1,1,1.0
176,1,620.0,537.0,101.0,155.0,1,1,1.0
177,1,620.0,537.0,93.0,155.0,1,1,1.0
178,1,620.0,538.0,82.0,155.0,1,1,1.0
179,1,619.0,537.0,66.0,156.0,1,1,1.0
180,1,615.0,536.0,50.0,157.0,1,1,1.0
181,1,603.0,536.0,53.0,157.0,1,1,1.0
182,1,589.0,536.0,64.0,157.0,1,1,1.0
183,1,575.0,536.0,77.0,157.0,1,1,1.0
184,1,562.0,537.0,89.0,157.0,1,1,1.0
185,1,555.0,539.0,97.0,155.0,1,1,1.0
186,1,550.0,541.0,102.0,154.0,1,1,1.0
187,1,547.0,542.0,102.0,153.0,1,1,1.0
188,1,546.0,542.0,95.0,154.0,1,1,1.0
189,1,546.0,541.0,82.0,155.0,1,1,1.0
190,1,545.0,541.0,66.0,155.0,1,1,1.0
191,1,540.0,539.0,54.0,157.0,1,1,1.0
192,1,533.0,539.0,52.0,160.0,1,1,1.0
193,1,521.0,539.0,61.0,161.0,1,1,1.0
194,1,503.0,540.0,77.0,162.0,1,1,1.0
195,1,490.0,541.0,91.0,160.0,1,1,1.0
196,1,482.0,542.0,99.0,160.0,1,1,1.0
197,1,478.0,542.0,103.0,160.0,1,1,1.0
198,1,476.0,542.0,102.0,160.0,1,1,1.0
199,1,476.0,542.0,95.0,161.0,1,1,1.0
200,1,476.0,541.0,80.0,161.0,1,1,1.0
201,1,474.0,540.0,68.0,162.0,1,1,1.0
202,1,470.0,541.0,52.0,162.0,1,1,1.0
203,1,458.0,541.0,54.0,161.0,1,1,1.0
204,1,446.0,542.0,64.0,160.0,1,1,1.0
205,1,433.0,544.0,76.0,158.0,1,1,1.0
206,1,422.0,545.0,87.0,157.0,1,1,1.0
207,1,413.0,547.0,95.0,156.0,1,1,1.0
208,1,407.0,548.0,102.0,156.0,1,1,1.0
209,1,403.0,549.0,104.0,155.0,1,1,1.0
210,1,401.0,549.0,96.0,155.0,1,1,1.0
211,1,402.0,549.0,82.0,155.0,1,1,1.0
212,1,401.0,549.0,66.0,155.0,1,1,1.0
213,1,395.0,548.0,56.0,157.0,1,1,1.0
214,1,388.0,549.0,56.0,160.0,1,1,1.0
215,1,376.0,549.0,66.0,161.0,1,1,1.0
216,1,360.0,550.0,81.0,160.0,1,1,1.0
217,1,348.0,554.0,93.0,158.0,1,1,1.0
218,1,342.0,555.0,100.0,157.0,1,1,1.0
219,1,339.0,556.0,102.0,157.0,1,1,1.0
220,1,338.0,557.0,96.0,156.0,1,1,1.0
222,1,336.0,556.0,72.0,157.0,1,1,1.0
223,1,333.0,554.0,55.0,159.0,1,1,1.0
224,1,326.0,554.0,50.0,159.0,1,1,1.0
225,1,314.0,553.0,58.0,160.0,1,1,1.0
226,1,302.0,553.0,68.0,159.0,1,1,1.0
227,1,291.0,553.0,79.0,159.0,1,1,1.0
228,1,282.0,554.0,87.0,158.0,1,1,1.0
229,1,275.0,554.0,94.0,158.0,1,1,1.0
230,1,271.0,554.0,99.0,159.0,1,1,1.0
231,1,268.0,554.0,95.0,159.0,1,1,1.0
232,1,267.0,553.0,82.0,160.0,1,1,1.0
233,1,268.0,551.0,67.0,161.0,1,1,1.0
234,1,264.0,550.0,57.0,163.0,1,1,1.0
235,1,258.0,548.0,53.0,165.0,1,1,1.0
236,1,251.0,548.0,56.0,167.0,1,1,1.0
237,1,238.0,549.0,69.0,166.0,1,1,1.0
238,1,224.0,550.0,81.0,165.0,1,1,1.0
239,1,216.0,552.0,90.0,164.0,1,1,1.0
240,1,212.0,553.0,94.0,163.0,1,1,1.0
241,1,211.0,554.0,93.0,162.0,1,1,1.0
243,1,206.0,553.0,77.0,163.0,1,1,1.0
244,1,204.0,552.0,64.0,164.0,1,1,1.0
245,1,199.0,550.0,54.0,166.0,1,1,1.0
246,1,190.0,550.0,53.0,167.0,1,1,1.0
247,1,179.0,551.0,60.0,165.0,1,1,1.0
248,1,169.0,553.0,69.0,163.0,1,1,1.0
249,1,161.0,555.0,78.0,160.0,1,1,1.0
250,1,154.0,557.0,86.0,159.0,1,1,1.0
251,1,148.0,558.0,92.0,158.0,1,1,1.0
252,1,145.0,559.0,92.0,156.0,1,1,1.0
254,1,144.0,559.0,73.0,155.0,1,1,1.0
255,1,143.0,558.0,59.0,156.0,1,1,1.0
256,1,139.0,556.0,51.0,158.0,1,1,1.0
257,1,133.0,554.0,51.0,162.0,1,1,1.0
258,1,127.0,554.0,56.0,163.0,1,1,1.0
259,1,115.0,556.0,68.0,161.0,1,1,1.0
260,1,106.0,558.0,77.0,159.0,1,1,1.0
261,1,102.0,560.0,80.0,157.0,1,1,1.0
262,1,101.0,561.0,81.0,156.0,1,1,1.0
263,1,100.0,562.0,77.0,154.0,1,1,1.0
264,1,97.0,562.0,74.0,154.0,1,1,1.0
265,1,94.0,561.0,67.0,155.0,1,1,1.0
266,1,91.0,561.0,60.0,155.0,1,1,1.0
267,1,84.0,561.0,54.0,155.0,1,1,1.0
268,1,75.0,561.0,55.0,155.0,1,1,1.0
269,1,65.0,561.0,61.0,155.0,1,1,1.0
270,1,58.0,562.0,67.0,154.0,1,1,1.0
271,1,51.0,564.0,75.0,153.0,1,1,1.0
272,1,45.0,566.0,80.0,150.0,1,1,1.0
273,1,41.0,567.0,84.0,149.0,1,1,1.0
275,1,39.0,568.0,72.0,146.0,1,1,1.0
276,1,41.0,567.0,61.0,146.0,1,1,1.0
277,1,40.0,566.0,51.0,147.0,1,1,1.0
278,1,36.0,566.0,47.0,148.0,1,1,1.0
280,1,26.0,568.0,54.0,149.0,1,1,1.0
281,1,17.0,569.0,61.0,148.0,1,1,1.0
282,1,9.0,570.0,69.0,147.0,1,1,1.0
283,1,6.0,571.0,73.0,146.0,1,1,1.0
284,1,5.0,573.0,70.0,146.0,1,1,1.0
332,2,0.0,560.0,56.0,133.0,1,1,1.0
333,2,5.0,559.0,51.0,132.0,1,1,1.0
335,2,15.0,552.0,42.0,132.0,1,1,1.0
336,2,19.0,550.0,40.0,134.0,1,1,1.0
337,2,22.0,548.0,48.0,136.0,1,1,1.0
342,2,36.0,548.0,61.0,134.0,1,1,1.0
343,2,38.0,548.0,62.0,133.0,1,1,1.0
344,2,43.0,548.0,59.0,131.0,1,1,1.0
345,2,51.0,548.0,52.0,128.0,1,1,1.0
347,2,62.0,547.0,41.0,128.0,1,1,1.0
348,2,65.0,546.0,40.0,129.0,1,1,1.0
349,2,69.0,545.0,37.0,130.0,1,1,1.0
350,2,71.0,544.0,53.0,131.0,1,1,1.0
351,2,73.0,544.0,61.0,131.0,1,1,1.0
352,2,76.0,543.0,64.0,132.0,1,1,1.0
353,2,79.0,544.0,64.0,130.0,1,1,1.0
354,2,84.0,542.0,61.0,130.0,1,1,1.0
355,2,91.0,541.0,53.0,129.0,1,1,1.0
356,2,98.0,539.0,46.0,129.0,1,1,1.0
357,2,103.0,536.0,42.0,127.0,1,1,1.0
358,2,106.0,533.0,44.0,129.0,1,1,1.0
359,2,111.0,531.0,50.0,130.0,1,1,1.0
362,2,120.0,530.0,67.0,131.0,1,1,1.0
363,2,121.0,530.0,69.0,131.0,1,1,1.0
364,2,122.0,530.0,71.0,131.0,1,1,1.0
365,2,125.0,529.0,69.0,130.0,1,1,1.0
366,2,132.0,529.0,63.0,128.0,1,1,1.0
367,2,141.0,526.0,54.0,128.0,1,1,1.0
368,2,148.0,526.0,46.0,127.0,1,1,1.0
369,2,155.0,525.0,40.0,128.0,1,1,1.0
370,2,160.0,526.0,43.0,127.0,1,1,1.0
371,2,161.0,526.0,55.0,127.0,1,1,1.0
372,2,163.0,525.0,63.0,128.0,1,1,1.0
380,2,205.0,518.0,43.0,126.0,1,1,1.0
381,2,208.0,518.0,48.0,126.0,1,1,1.0
382,2,213.0,515.0,56.0,128.0,1,1,1.0
383,2,216.0,517.0,65.0,126.0,1,1,1.0
385,2,219.0,521.0,74.0,122.0,1,1,1.0
389,2,231.0,483.0,79.0,155.0,1,1,1.0
394,2,264.0,507.0,62.0,129.0,1,1,1.0
395,2,268.0,512.0,65.0,125.0,1,1,1.0
396,2,270.0,513.0,69.0,124.0,1,1,1.0
398,2,272.0,486.0,79.0,150.0,1,1,1.0
400,2,286.0,499.0,61.0,133.0,1,1,1.0
401,2,296.0,502.0,48.0,128.0,1,1,1.0
402,2,303.0,501.0,42.0,127.0,1,1,1.0
403,2,308.0,501.0,41.0,125.0,1,1,1.0
404,2,311.0,501.0,47.0,125.0,1,1,1.0
405,2,314.0,502.0,56.0,124.0,1,1,1.0
406,2,318.0,502.0,64.0,125.0,1,1,1.0
407,2,319.0,503.0,60.0,123.0,1,1,1.0
408,2,320.0,504.0,67.0,123.0,1,1,1.0
409,2,321.0,505.0,70.0,120.0,1,1,1.0
410,2,323.0,504.0,69.0,120.0,1,1,1.0
411,2,330.0,502.0,62.0,120.0,1,1,1.0
412,2,339.0,501.0,53.0,118.0,1,1,1.0
413,2,349.0,500.0,43.0,118.0,1,1,1.0
414,2,353.0,499.0,39.0,119.0,1,1,1.0
415,2,355.0,498.0,40.0,120.0,1,1,1.0
416,2,357.0,497.0,41.0,121.0,1,1,1.0
418,2,362.0,500.0,60.0,118.0,1,1,1.0
419,2,366.0,500.0,67.0,118.0,1,1,1.0
420,2,369.0,501.0,66.0,118.0,1,1,1.0
421,2,372.0,500.0,63.0,117.0,1,1,1.0
422,2,379.0,498.0,56.0,117.0,1,1,1.0
425,2,400.0,494.0,50.0,115.0,1,1,1.0
426,2,406.0,492.0,45.0,116.0,1,1,1.0
427,2,410.0,492.0,50.0,117.0,1,1,1.0
432,2,422.0,493.0,62.0,112.0,1,1,1.0
436,2,447.0,488.0,41.0,113.0,1,1,1.0
437,2,449.0,486.0,41.0,115.0,1,1,1.0
438,2,450.0,485.0,45.0,116.0,1,1,1.0
439,2,452.0,483.0,51.0,118.0,1,1,1.0
440,2,454.0,483.0,61.0,118.0,1,1,1.0
441,2,458.0,482.0,65.0,119.0,1,1,1.0
442,2,462.0,483.0,63.0,118.0,1,1,1.0
443,2,466.0,484.0,60.0,116.0,1,1,1.0
444,2,474.0,484.0,53.0,114.0,1,1,1.0
445,2,482.0,484.0,44.0,112.0,1,1,1.0
447,2,492.0,481.0,41.0,112.0,1,1,1.0
449,2,498.0,479.0,57.0,114.0,1,1,1.0
450,2,502.0,479.0,62.0,114.0,1,1,1.0
451,2,504.0,478.0,66.0,114.0,1,1,1.0
452,2,505.0,479.0,66.0,113.0,1,1,1.0
456,2,521.0,477.0,52.0,110.0,1,1,1.0
457,2,528.0,476.0,44.0,110.0,1,1,1.0
458,2,534.0,475.0,39.0,111.0,1,1,1.0
459,2,534.0,473.0,40.0,113.0,1,1,1.0
460,2,535.0,472.0,44.0,114.0,1,1,1.0
461,2,536.0,473.0,53.0,113.0,1,1,1.0
462,2,539.0,473.0,59.0,113.0,1,1,1.0
463,2,542.0,473.0,61.0,113.0,1,1,1.0
464,2,546.0,474.0,61.0,112.0,1,1,1.0
465,2,551.0,474.0,58.0,111.0,1,1,1.0
466,2,555.0,474.0,54.0,110.0,1,1,1.0
467,2,562.0,473.0,47.0,110.0,1,1,1.0
468,2,568.0,471.0,42.0,109.0,1,1,1.0
469,2,574.0,469.0,39.0,110.0,1,1,1.0
470,2,576.0,468.0,41.0,110.0,1,1,1.0
471,2,577.0,467.0,47.0,110.0,1,1,1.0
472,2,582.0,466.0,53.0,110.0,1,1,1.0
473,2,585.0,467.0,60.0,110.0,1,1,1.0
474,2,586.0,467.0,65.0,109.0,1,1,1.0
475,2,587.0,467.0,66.0,109.0,1,1,1.0
476,2,588.0,468.0,66.0,108.0,1,1,1.0
478,2,599.0,463.0,56.0,111.0,1,1,1.0
479,2,608.0,462.0,47.0,111.0,1,1,1.0
480,2,619.0,461.0,37.0,112.0,1,1,1.0
481,2,624.0,461.0,37.0,113.0,1,1,1.0
482,2,629.0,460.0,39.0,113.0,1,1,1.0
483,2,630.0,460.0,50.0,114.0,1,1,1.0
485,2,633.0,461.0,64.0,113.0,1,1,1.0
486,2,633.0,463.0,67.0,111.0,1,1,1.0
487,2,634.0,464.0,67.0,110.0,1,1,1.0
488,2,637.0,464.0,65.0,110.0,1,1,1.0
489,2,643.0,463.0,59.0,110.0,1,1,1.0
490,2,652.0,462.0,50.0,112.0,1,1,1.0
491,2,661.0,460.0,42.0,114.0,1,1,1.0
493,2,655.0,458.0,67.0,119.0,1,1,1.0
494,2,665.0,458.0,65.0,121.0,1,1,1.0
495,2,672.0,458.0,64.0,121.0,1,1,1.0
496,2,676.0,458.0,63.0,122.0,1,1,1.0
497,2,679.0,458.0,63.0,123.0,1,1,1.0
498,2,682.0,458.0,60.0,124.0,1,1,1.0
499,2,685.0,459.0,55.0,124.0,1,1,1.0
500,2,689.0,459.0,49.0,124.0,1,1,1.0
501,2,692.0,459.0,45.0,124.0,1,1,1.0
502,2,695.0,459.0,41.0,124.0,1,1,1.0
503,2,698.0,458.0,39.0,124.0,1,1,1.0
504,2,701.0,458.0,40.0,124.0,1,1,1.0
505,2,703.0,457.0,45.0,125.0,1,1,1.0
506,2,705.0,456.0,52.0,128.0,1,1,1.0
507,2,706.0,456.0,57.0,130.0,1,1,1.0
508,2,706.0,456.0,57.0,131.0,1,1,1.0
509,2,707.0,456.0,56.0,131.0,1,1,1.0
510,2,708.0,456.0,55.0,132.0,1,1,1.0
511,2,712.0,456.0,51.0,132.0,1,1,1.0
512,2,718.0,456.0,48.0,132.0,1,1,1.0
513,2,725.0,456.0,48.0,132.0,1,1,1.0
514,2,728.0,457.0,49.0,133.0,1,1,1.0
515,2,731.0,457.0,51.0,135.0,1,1,1.0
516,2,734.0,458.0,52.0,136.0,1,1,1.0
517,2,737.0,461.0,51.0,134.0,1,1,1.0
518,2,740.0,465.0,50.0,132.0,1,1,1.0
519,2,743.0,468.0,50.0,129.0,1,1,1.0
520,2,745.0,469.0,50.0,129.0,1,1,1.0
521,2,747.0,470.0,48.0,128.0,1,1,1.0
522,2,749.0,468.0,47.0,130.0,1,1,1.0
523,2,752.0,466.0,45.0,131.0,1,1,1.0
524,2,755.0,467.0,44.0,131.0,1,1,1.0
525,2,757.0,471.0,42.0,127.0,1,1,1.0
526,2,759.0,476.0,44.0,122.0,1,1,1.0
527,2,761.0,481.0,50.0,119.0,1,1,1.0
528,2,762.0,481.0,57.0,119.0,1,1,1.0
529,2,762.0,484.0,61.0,119.0,1,1,1.0
530,2,762.0,485.0,62.0,119.0,1,1,1.0
531,2,764.0,485.0,62.0,120.0,1,1,1.0
532,2,767.0,482.0,59.0,123.0,1,1,1.0
533,2,773.0,482.0,53.0,123.0,1,1,1.0
534,2,780.0,481.0,46.0,124.0,1,1,1.0
535,2,786.0,482.0,43.0,124.0,1,1,1.0
536,2,791.0,483.0,41.0,125.0,1,1,1.0
538,2,797.0,487.0,41.0,125.0,1,1,1.0
539,2,800.0,489.0,43.0,125.0,1,1,1.0
540,2,802.0,489.0,45.0,126.0,1,1,1.0
541,2,805.0,490.0,47.0,126.0,1,1,1.0
542,2,808.0,492.0,45.0,125.0,1,1,1.0
543,2,812.0,491.0,46.0,126.0,1,1,1.0
544,2,815.0,491.0,43.0,126.0,1,1,1.0
545,2,819.0,491.0,43.0,126.0,1,1,1.0
546,2,822.0,491.0,43.0,126.0,1,1,1.0
547,2,824.0,494.0,45.0,123.0,1,1,1.0
548,2,826.0,494.0,54.0,124.0,1,1,1.0
549,2,827.0,497.0,63.0,121.0,1,1,1.0
550,2,827.0,497.0,69.0,123.0,1,1,1.0
551,2,827.0,496.0,71.0,125.0,1,1,1.0
552,2,828.0,497.0,71.0,125.0,1,1,1.0
553,2,832.0,494.0,68.0,128.0,1,1,1.0
554,2,849.0,496.0,51.0,126.0,1,1,1.0
555,2,855.0,494.0,47.0,127.0,1,1,1.0
557,2,864.0,493.0,52.0,131.0,1,1,1.0
559,2,872.0,491.0,55.0,137.0,1,1,1.0
560,2,875.0,491.0,59.0,137.0,1,1,1.0
561,2,876.0,492.0,64.0,137.0,1,1,1.0
562,2,876.0,495.0,67.0,135.0,1,1,1.0
563,2,878.0,498.0,67.0,132.0,1,1,1.0
564,2,885.0,501.0,60.0,130.0,1,1,1.0
565,2,895.0,503.0,51.0,127.0,1,1,1.0
566,2,902.0,505.0,44.0,126.0,1,1,1.0
567,2,906.0,506.0,44.0,125.0,1,1,1.0
568,2,910.0,507.0,46.0,124.0,1,1,1.0
569,2,915.0,509.0,52.0,122.0,1,1,1.0
570,2,918.0,511.0,61.0,122.0,1,1,1.0
571,2,919.0,509.0,68.0,124.0,1,1,1.0
572,2,920.0,510.0,72.0,126.0,1,1,1.0
573,2,920.0,507.0,74.0,130.0,1,1,1.0
574,2,921.0,507.0,73.0,131.0,1,1,1.0
575,2,924.0,507.0,71.0,132.0,1,1,1.0
576,2,931.0,505.0,64.0,134.0,1,1,1.0
577,2,940.0,505.0,55.0,134.0,1,1,1.0
578,2,950.0,506.0,56.0,134.0,1,1,1.0
579,2,957.0,505.0,48.0,136.0,1,1,1.0
580,2,961.0,505.0,56.0,139.0,1,1,1.0
581,2,964.0,507.0,60.0,139.0,1,1,1.0
582,2,967.0,510.0,61.0,138.0,1,1,1.0
583,2,969.0,512.0,63.0,136.0,1,1,1.0
584,2,970.0,514.0,65.0,136.0,1,1,1.0
585,2,972.0,519.0,62.0,132.0,1,1,1.0
586,2,977.0,518.0,56.0,133.0,1,1,1.0
587,2,988.0,519.0,46.0,132.0,1,1,1.0
588,2,995.0,519.0,43.0,132.0,1,1,1.0
589,2,1000.0,519.0,43.0,132.0,1,1,1.0
590,2,1004.0,515.0,45.0,136.0,1,1,1.0
592,2,1007.0,505.0,65.0,148.0,1,1,1.0
593,2,1008.0,503.0,76.0,152.0,1,1,1.0
594,2,1008.0,502.0,81.0,154.0,1,1,1.0
595,2,1008.0,503.0,83.0,156.0,1,1,1.0
596,2,1009.0,507.0,83.0,154.0,1,1,1.0
597,2,1013.0,509.0,80.0,152.0,1,1,1.0
598,2,1020.0,509.0,72.0,152.0,1,1,1.0
599,2,1030.0,510.0,65.0,151.0,1,1,1.0
600,2,1041.0,515.0,59.0,146.0,1,1,1.0
601,2,1043.0,518.0,64.0,144.0,1,1,1.0
602,2,1054.0,521.0,57.0,146.0,1,1,1.0
604,2,1063.0,525.0,58.0,148.0,1,1,1.0
605,2,1065.0,528.0,60.0,148.0,1,1,1.0
606,2,1066.0,527.0,62.0,150.0,1,1,1.0
607,2,1067.0,528.0,63.0,151.0,1,1,1.0
608,2,1068.0,531.0,64.0,150.0,1,1,1.0
609,2,1081.0,531.0,51.0,150.0,1,1,1.0
610,2,1088.0,530.0,44.0,151.0,1,1,1.0
611,2,1092.0,529.0,44.0,151.0,1,1,1.0
612,2,1096.0,528.0,47.0,152.0,1,1,1.0
613,2,1098.0,528.0,51.0,153.0,1,1,1.0
614,2,1099.0,526.0,61.0,155.0,1,1,1.0
615,2,1099.0,526.0,74.0,158.0,1,1,1.0
616,2,1099.0,527.0,84.0,160.0,1,1,1.0
618,2,1100.0,536.0,89.0,156.0,1,1,1.0
619,2,1103.0,539.0,87.0,153.0,1,1,1.0
620,2,1112.0,540.0,79.0,153.0,1,1,1.0
621,2,1122.0,540.0,70.0,154.0,1,1,1.0
622,2,1134.0,540.0,61.0,154.0,1,1,1.0
623,2,1148.0,539.0,55.0,156.0,1,1,1.0
624,2,1158.0,539.0,59.0,159.0,1,1,1.0
625,2,1162.0,541.0,57.0,161.0,1,1,1.0
626,2,1162.0,542.0,68.0,161.0,1,1,1.0
627,2,1163.0,546.0,76.0,159.0,1,1,1.0
628,2,1163.0,548.0,82.0,161.0,1,1,1.0
629,2,1163.0,549.0,84.0,161.0,1,1,1.0
630,2,1169.0,548.0,78.0,162.0,1,1,1.0
631,2,1181.0,547.0,69.0,163.0,1,1,1.0
632,2,1193.0,545.0,58.0,165.0,1,1,1.0
633,2,1207.0,543.0,52.0,167.0,1,1,1.0
634,2,1214.0,543.0,53.0,167.0,1,1,1.0
635,2,1215.0,543.0,61.0,167.0,1,1,1.0
636,2,1216.0,545.0,76.0,168.0,1,1,1.0
637,2,1217.0,547.0,89.0,168.0,1,1,1.0
638,2,1217.0,551.0,96.0,166.0,1,1,1.0
639,2,1218.0,556.0,99.0,163.0,1,1,1.0
640,2,1218.0,558.0,99.0,164.0,1,1,1.0
641,2,1222.0,559.0,96.0,165.0,1,1,1.0
642,2,1233.0,559.0,86.0,166.0,1,1,1.0
643,2,1245.0,558.0,74.0,166.0,1,1,1.0
644,2,1259.0,557.0,65.0,167.0,1,1,1.0
645,2,1275.0,556.0,61.0,169.0,1,1,1.0
646,2,1284.0,557.0,62.0,173.0,1,1,1.0
647,2,1287.0,559.0,70.0,175.0,1,1,1.0
648,2,1288.0,561.0,78.0,175.0,1,1,1.0
649,2,1289.0,565.0,85.0,172.0,1,1,1.0
650,2,1288.0,570.0,92.0,169.0,1,1,1.0
651,2,1288.0,572.0,96.0,168.0,1,1,1.0
652,2,1290.0,574.0,95.0,166.0,1,1,1.0
653,2,1300.0,575.0,84.0,166.0,1,1,1.0
654,2,1313.0,574.0,72.0,166.0,1,1,1.0
655,2,1328.0,574.0,62.0,166.0,1,1,1.0
656,2,1342.0,574.0,56.0,167.0,1,1,1.0
657,2,1346.0,574.0,60.0,166.0,1,1,1.0
658,2,1348.0,576.0,70.0,166.0,1,1,1.0
659,2,1348.0,580.0,87.0,164.0,1,1,1.0
660,2,1349.0,583.0,99.0,163.0,1,1,1.0
661,2,1349.0,588.0,106.0,161.0,1,1,1.0
662,2,1349.0,591.0,109.0,161.0,1,1,1.0
663,2,1354.0,594.0,105.0,159.0,1,1,1.0
664,2,1364.0,596.0,95.0,158.0,1,1,1.0
665,2,1378.0,597.0,82.0,157.0,1,1,1.0
666,2,1393.0,597.0,71.0,157.0,1,1,1.0
667,2,1409.0,595.0,65.0,160.0,1,1,1.0
668,2,1422.0,594.0,64.0,166.0,1,1,1.0
669,2,1426.0,594.0,78.0,171.0,1,1,1.0
670,2,1427.0,596.0,83.0,172.0,1,1,1.0
671,2,1427.0,597.0,92.0,172.0,1,1,1.0
672,2,1428.0,601.0,97.0,169.0,1,1,1.0
673,2,1428.0,603.0,102.0,169.0,1,1,1.0
674,2,1430.0,605.0,100.0,168.0,1,1,1.0
675,2,1441.0,606.0,89.0,167.0,1,1,1.0
676,2,1454.0,607.0,76.0,167.0,1,1,1.0
677,2,1470.0,608.0,66.0,166.0,1,1,1.0
678,2,1484.0,609.0,59.0,164.0,1,1,1.0
679,2,1489.0,610.0,61.0,163.0,1,1,1.0
680,2,1491.0,611.0,70.0,164.0,1,1,1.0
681,2,1491.0,613.0,86.0,164.0,1,1,1.0
682,2,1491.0,616.0,99.0,165.0,1,1,1.0
683,2,1491.0,619.0,104.0,165.0,1,1,1.0
684,2,1491.0,621.0,107.0,165.0,1,1,1.0
685,2,1494.0,624.0,104.0,163.0,1,1,1.0
686,2,1505.0,625.0,95.0,163.0,1,1,1.0
687,2,1517.0,623.0,87.0,164.0,1,1,1.0
688,2,1531.0,622.0,78.0,166.0,1,1,1.0
689,2,1546.0,620.0,76.0,168.0,1,1,1.0
690,2,1559.0,620.0,77.0,173.0,1,1,1.0
691,2,1563.0,620.0,85.0,175.0,1,1,1.0
692,2,1565.0,622.0,95.0,178.0,1,1,1.0
693,2,1565.0,625.0,104.0,175.0,1,1,1.0
694,2,1565.0,628.0,110.0,174.0,1,1,1.0
695,2,1565.0,630.0,103.0,174.0,1,1,1.0
696,2,1565.0,631.0,105.0,174.0,1,1,1.0
697,2,1578.0,632.0,92.0,172.0,1,1,1.0
698,2,1592.0,634.0,80.0,170.0,1,1,1.0
699,2,1616.0,635.0,61.0,170.0,1,1,1.0
700,2,1624.0,635.0,59.0,170.0,1,1,1.0
