1,1,1660.0,481.0,50.0,132.0,1,1,1.0
1,2,1637.0,474.0,47.0,129.0,1,1,1.0
2,1,1659.0,481.0,44.0,131.0,1,1,1.0
2,2,1637.0,473.0,44.0,131.0,1,1,1.0
3,1,1659.0,480.0,40.0,133.0,1,1,1.0
3,2,1637.0,473.0,41.0,131.0,1,1,1.0
4,1,1657.0,480.0,40.0,134.0,1,1,1.0
4,2,1637.0,472.0,36.0,131.0,1,1,1.0
5,1,1651.0,480.0,46.0,137.0,1,1,1.0
5,2,1635.0,472.0,34.0,132.0,1,1,1.0
6,1,1643.0,480.0,54.0,136.0,1,1,1.0
6,2,1633.0,472.0,33.0,135.0,1,1,1.0
7,1,1635.0,479.0,61.0,138.0,1,1,1.0
8,1,1632.0,482.0,63.0,134.0,1,1,1.0
8,2,1618.0,473.0,43.0,142.0,1,1,1.0
9,1,1626.0,483.0,65.0,135.0,1,1,1.0
9,2,1609.0,474.0,48.0,138.0,1,1,1.0
10,1,1624.0,483.0,63.0,136.0,1,1,1.0
10,2,1605.0,474.0,49.0,137.0,1,1,1.0
11,1,1623.0,483.0,58.0,136.0,1,1,1.0
11,2,1603.0,474.0,47.0,136.0,1,1,1.0
12,1,1623.0,482.0,50.0,136.0,1,1,1.0
12,2,1603.0,473.0,43.0,136.0,1,1,1.0
13,1,1623.0,482.0,45.0,137.0,1,1,1.0
13,2,1602.0,472.0,39.0,138.0,1,1,1.0
14,1,1622.0,481.0,42.0,138.0,1,1,1.0
14,2,1601.0,471.0,37.0,138.0,1,1,1.0
15,1,1617.0,481.0,44.0,138.0,1,1,1.0
15,2,1598.0,472.0,37.0,138.0,1,1,1.0
16,1,1606.0,481.0,50.0,138.0,1,1,1.0
16,2,1592.0,471.0,39.0,144.0,1,1,1.0
17,1,1604.0,482.0,50.0,137.0,1,1,1.0
17,2,1586.0,472.0,42.0,146.0,1,1,1.0
18,1,1590.0,483.0,61.0,136.0,1,1,1.0
18,2,1574.0,473.0,52.0,140.0,1,1,1.0
19,1,1586.0,484.0,62.0,136.0,1,1,1.0
19,2,1561.0,474.0,59.0,137.0,1,1,1.0
20,1,1584.0,484.0,62.0,136.0,1,1,1.0
20,2,1554.0,475.0,61.0,136.0,1,1,1.0
21,2,1551.0,476.0,58.0,137.0,1,1,1.0
22,1,1583.0,483.0,53.0,139.0,1,1,1.0
22,2,1550.0,475.0,55.0,136.0,1,1,1.0
23,1,1583.0,482.0,45.0,139.0,1,1,1.0
23,2,1549.0,474.0,54.0,137.0,1,1,1.0
24,1,1581.0,482.0,41.0,140.0,1,1,1.0
24,2,1549.0,472.0,49.0,137.0,1,1,1.0
25,1,1576.0,481.0,43.0,142.0,1,1,1.0
25,2,1549.0,471.0,45.0,138.0,1,1,1.0
26,1,1569.0,481.0,50.0,144.0,1,1,1.0
26,2,1549.0,471.0,40.0,139.0,1,1,1.0
27,1,1563.0,483.0,56.0,141.0,1,1,1.0
27,2,1544.0,470.0,42.0,141.0,1,1,1.0
28,1,1554.0,484.0,65.0,141.0,1,1,1.0
28,2,1538.0,471.0,43.0,142.0,1,1,1.0
29,1,1549.0,486.0,69.0,140.0,1,1,1.0
29,2,1529.0,473.0,50.0,142.0,1,1,1.0
30,1,1544.0,487.0,71.0,141.0,1,1,1.0
30,2,1521.0,474.0,54.0,141.0,1,1,1.0
31,1,1543.0,487.0,66.0,141.0,1,1,1.0
31,2,1516.0,475.0,55.0,141.0,1,1,1.0
32,1,1542.0,487.0,59.0,141.0,1,1,1.0
32,2,1513.0,475.0,53.0,141.0,1,1,1.0
33,1,1542.0,486.0,50.0,142.0,1,1,1.0
33,2,1513.0,475.0,48.0,141.0,1,1,1.0
34,1,1538.0,485.0,46.0,143.0,1,1,1.0
34,2,1513.0,473.0,43.0,143.0,1,1,1.0
35,1,1535.0,485.0,44.0,144.0,1,1,1.0
35,2,1512.0,473.0,39.0,143.0,1,1,1.0
36,1,1528.0,484.0,49.0,144.0,1,1,1.0
36,2,1509.0,472.0,38.0,145.0,1,1,1.0
37,1,1517.0,484.0,57.0,144.0,1,1,1.0
37,2,1502.0,471.0,42.0,148.0,1,1,1.0
38,1,1506.0,485.0,65.0,144.0,1,1,1.0
38,2,1492.0,472.0,48.0,144.0,1,1,1.0
39,1,1504.0,486.0,63.0,143.0,1,1,1.0
39,2,1479.0,474.0,56.0,150.0,1,1,1.0
40,1,1495.0,487.0,70.0,142.0,1,1,1.0
40,2,1468.0,476.0,65.0,145.0,1,1,1.0
41,1,1491.0,487.0,72.0,143.0,1,1,1.0
41,2,1463.0,477.0,63.0,143.0,1,1,1.0
42,1,1490.0,487.0,70.0,144.0,1,1,1.0
42,2,1461.0,477.0,61.0,142.0,1,1,1.0
43,1,1490.0,485.0,62.0,145.0,1,1,1.0
43,2,1460.0,476.0,56.0,142.0,1,1,1.0
44,1,1490.0,484.0,52.0,146.0,1,1,1.0
44,2,1460.0,476.0,52.0,143.0,1,1,1.0
45,1,1486.0,484.0,47.0,147.0,1,1,1.0
45,2,1461.0,474.0,46.0,145.0,1,1,1.0
46,1,1480.0,484.0,50.0,149.0,1,1,1.0
46,2,1461.0,473.0,40.0,146.0,1,1,1.0
47,1,1474.0,485.0,56.0,151.0,1,1,1.0
47,2,1460.0,473.0,37.0,147.0,1,1,1.0
48,1,1466.0,486.0,64.0,149.0,1,1,1.0
48,2,1453.0,474.0,40.0,147.0,1,1,1.0
49,1,1460.0,488.0,69.0,147.0,1,1,1.0
49,2,1443.0,475.0,46.0,155.0,1,1,1.0
50,2,1433.0,476.0,53.0,160.0,1,1,1.0
51,1,1450.0,490.0,73.0,149.0,1,1,1.0
51,2,1425.0,477.0,54.0,154.0,1,1,1.0
52,1,1449.0,491.0,68.0,149.0,1,1,1.0
52,2,1422.0,479.0,53.0,150.0,1,1,1.0
53,1,1447.0,490.0,62.0,150.0,1,1,1.0
53,2,1420.0,477.0,49.0,151.0,1,1,1.0
54,1,1447.0,489.0,52.0,151.0,1,1,1.0
54,2,1420.0,476.0,44.0,151.0,1,1,1.0
55,2,1420.0,475.0,41.0,151.0,1,1,1.0
56,1,1434.0,488.0,52.0,151.0,1,1,1.0
56,2,1413.0,475.0,42.0,151.0,1,1,1.0
57,1,1423.0,488.0,58.0,151.0,1,1,1.0
57,2,1406.0,474.0,43.0,151.0,1,1,1.0
58,1,1419.0,489.0,57.0,150.0,1,1,1.0
58,2,1393.0,475.0,50.0,158.0,1,1,1.0
59,1,1404.0,490.0,70.0,150.0,1,1,1.0
59,2,1379.0,476.0,59.0,153.0,1,1,1.0
60,1,1399.0,491.0,75.0,150.0,1,1,1.0
60,2,1368.0,477.0,64.0,151.0,1,1,1.0
61,1,1395.0,491.0,77.0,150.0,1,1,1.0
61,2,1362.0,478.0,65.0,150.0,1,1,1.0
62,1,1394.0,491.0,76.0,151.0,1,1,1.0
62,2,1359.0,479.0,61.0,150.0,1,1,1.0
63,1,1394.0,490.0,69.0,152.0,1,1,1.0
63,2,1358.0,478.0,58.0,150.0,1,1,1.0
64,1,1394.0,490.0,61.0,153.0,1,1,1.0
64,2,1358.0,477.0,56.0,151.0,1,1,1.0
65,1,1388.0,489.0,58.0,154.0,1,1,1.0
65,2,1358.0,476.0,49.0,152.0,1,1,1.0
66,1,1383.0,488.0,55.0,156.0,1,1,1.0
66,2,1358.0,475.0,44.0,152.0,1,1,1.0
67,1,1374.0,488.0,60.0,156.0,1,1,1.0
67,2,1350.0,475.0,47.0,155.0,1,1,1.0
68,1,1367.0,489.0,68.0,157.0,1,1,1.0
68,2,1345.0,476.0,47.0,160.0,1,1,1.0
69,1,1357.0,491.0,77.0,157.0,1,1,1.0
69,2,1331.0,477.0,56.0,158.0,1,1,1.0
70,1,1349.0,492.0,83.0,156.0,1,1,1.0
70,2,1321.0,478.0,61.0,157.0,1,1,1.0
71,1,1345.0,493.0,84.0,156.0,1,1,1.0
71,2,1313.0,480.0,64.0,155.0,1,1,1.0
72,1,1342.0,494.0,81.0,156.0,1,1,1.0
72,2,1309.0,480.0,62.0,155.0,1,1,1.0
73,1,1340.0,494.0,75.0,156.0,1,1,1.0
73,2,1307.0,480.0,59.0,155.0,1,1,1.0
74,1,1338.0,493.0,67.0,156.0,1,1,1.0
74,2,1307.0,479.0,52.0,156.0,1,1,1.0
75,1,1335.0,492.0,57.0,158.0,1,1,1.0
75,2,1308.0,478.0,46.0,156.0,1,1,1.0
76,1,1337.0,491.0,48.0,158.0,1,1,1.0
76,2,1307.0,477.0,41.0,157.0,1,1,1.0
77,1,1324.0,491.0,55.0,158.0,1,1,1.0
77,2,1301.0,477.0,41.0,156.0,1,1,1.0
78,1,1311.0,491.0,63.0,158.0,1,1,1.0
78,2,1291.0,477.0,46.0,155.0,1,1,1.0
79,1,1298.0,492.0,72.0,158.0,1,1,1.0
79,2,1276.0,478.0,56.0,162.0,1,1,1.0
80,1,1288.0,494.0,80.0,157.0,1,1,1.0
80,2,1262.0,480.0,64.0,157.0,1,1,1.0
81,1,1283.0,494.0,85.0,157.0,1,1,1.0
81,2,1252.0,481.0,68.0,155.0,1,1,1.0
82,1,1281.0,495.0,87.0,158.0,1,1,1.0
82,2,1248.0,481.0,66.0,155.0,1,1,1.0
83,1,1279.0,494.0,85.0,158.0,1,1,1.0
83,2,1246.0,480.0,62.0,155.0,1,1,1.0
84,1,1279.0,494.0,79.0,158.0,1,1,1.0
84,2,1246.0,480.0,57.0,158.0,1,1,1.0
85,1,1280.0,493.0,67.0,159.0,1,1,1.0
86,1,1266.0,492.0,70.0,161.0,1,1,1.0
86,2,1246.0,478.0,47.0,158.0,1,1,1.0
87,1,1263.0,492.0,65.0,163.0,1,1,1.0
87,2,1245.0,477.0,42.0,159.0,1,1,1.0
88,1,1253.0,492.0,69.0,164.0,1,1,1.0
88,2,1242.0,477.0,41.0,161.0,1,1,1.0
89,1,1246.0,493.0,74.0,164.0,1,1,1.0
89,2,1230.0,479.0,47.0,163.0,1,1,1.0
90,1,1233.0,494.0,85.0,163.0,1,1,1.0
90,2,1215.0,480.0,57.0,161.0,1,1,1.0
91,1,1226.0,495.0,90.0,162.0,1,1,1.0
91,2,1203.0,481.0,62.0,160.0,1,1,1.0
92,1,1222.0,496.0,89.0,162.0,1,1,1.0
92,2,1196.0,483.0,62.0,159.0,1,1,1.0
93,1,1220.0,496.0,85.0,162.0,1,1,1.0
93,2,1193.0,483.0,61.0,159.0,1,1,1.0
94,1,1216.0,496.0,79.0,163.0,1,1,1.0
94,2,1192.0,482.0,55.0,160.0,1,1,1.0
95,1,1216.0,496.0,67.0,163.0,1,1,1.0
95,2,1191.0,481.0,49.0,161.0,1,1,1.0
96,1,1217.0,495.0,52.0,164.0,1,1,1.0
96,2,1191.0,481.0,43.0,161.0,1,1,1.0
97,1,1212.0,495.0,48.0,164.0,1,1,1.0
97,2,1189.0,480.0,40.0,162.0,1,1,1.0
98,1,1203.0,495.0,50.0,164.0,1,1,1.0
98,2,1183.0,480.0,41.0,161.0,1,1,1.0
99,1,1186.0,495.0,64.0,163.0,1,1,1.0
99,2,1168.0,480.0,50.0,161.0,1,1,1.0
100,1,1170.0,496.0,78.0,163.0,1,1,1.0
100,2,1160.0,481.0,53.0,159.0,1,1,1.0
101,1,1158.0,497.0,89.0,162.0,1,1,1.0
101,2,1139.0,482.0,69.0,158.0,1,1,1.0
102,1,1153.0,498.0,93.0,162.0,1,1,1.0
102,2,1130.0,484.0,72.0,157.0,1,1,1.0
103,1,1151.0,498.0,92.0,161.0,1,1,1.0
103,2,1125.0,484.0,68.0,158.0,1,1,1.0
104,1,1151.0,498.0,88.0,161.0,1,1,1.0
104,2,1123.0,484.0,64.0,158.0,1,1,1.0
105,1,1149.0,497.0,78.0,162.0,1,1,1.0
105,2,1123.0,483.0,57.0,159.0,1,1,1.0
106,1,1145.0,495.0,70.0,163.0,1,1,1.0
106,2,1123.0,481.0,51.0,161.0,1,1,1.0
107,1,1139.0,494.0,65.0,167.0,1,1,1.0
107,2,1122.0,481.0,46.0,162.0,1,1,1.0
108,1,1131.0,494.0,63.0,169.0,1,1,1.0
108,2,1119.0,480.0,44.0,164.0,1,1,1.0
109,1,1122.0,495.0,64.0,171.0,1,1,1.0
109,2,1114.0,480.0,43.0,166.0,1,1,1.0
110,1,1110.0,496.0,75.0,171.0,1,1,1.0
110,2,1100.0,482.0,51.0,167.0,1,1,1.0
111,1,1100.0,498.0,84.0,169.0,1,1,1.0
111,2,1086.0,484.0,62.0,166.0,1,1,1.0
112,1,1094.0,500.0,88.0,168.0,1,1,1.0
112,2,1074.0,486.0,67.0,164.0,1,1,1.0
113,1,1091.0,501.0,88.0,167.0,1,1,1.0
113,2,1068.0,487.0,66.0,164.0,1,1,1.0
114,1,1090.0,501.0,82.0,167.0,1,1,1.0
114,2,1066.0,487.0,61.0,165.0,1,1,1.0
115,1,1090.0,501.0,71.0,168.0,1,1,1.0
115,2,1064.0,487.0,56.0,166.0,1,1,1.0
116,1,1089.0,500.0,59.0,169.0,1,1,1.0
116,2,1064.0,486.0,50.0,167.0,1,1,1.0
117,1,1084.0,499.0,53.0,170.0,1,1,1.0
117,2,1063.0,485.0,44.0,168.0,1,1,1.0
118,1,1076.0,498.0,53.0,171.0,1,1,1.0
118,2,1060.0,485.0,40.0,168.0,1,1,1.0
119,1,1063.0,498.0,60.0,170.0,1,1,1.0
119,2,1053.0,485.0,42.0,167.0,1,1,1.0
120,1,1046.0,499.0,75.0,170.0,1,1,1.0
120,2,1036.0,486.0,52.0,166.0,1,1,1.0
121,1,1034.0,500.0,85.0,169.0,1,1,1.0
121,2,1019.0,487.0,65.0,168.0,1,1,1.0
122,1,1025.0,501.0,94.0,168.0,1,1,1.0
122,2,1005.0,488.0,70.0,165.0,1,1,1.0
123,1,1020.0,502.0,99.0,167.0,1,1,1.0
123,2,997.0,490.0,71.0,164.0,1,1,1.0
124,1,1018.0,502.0,98.0,167.0,1,1,1.0
124,2,993.0,491.0,67.0,164.0,1,1,1.0
125,1,1018.0,502.0,87.0,167.0,1,1,1.0
125,2,992.0,491.0,61.0,164.0,1,1,1.0
126,1,1018.0,501.0,76.0,168.0,1,1,1.0
126,2,992.0,490.0,53.0,165.0,1,1,1.0
127,1,1014.0,499.0,66.0,170.0,1,1,1.0
127,2,992.0,489.0,47.0,166.0,1,1,1.0
128,1,1006.0,498.0,60.0,171.0,1,1,1.0
128,2,990.0,488.0,43.0,167.0,1,1,1.0
129,1,997.0,498.0,59.0,173.0,1,1,1.0
129,2,979.0,488.0,47.0,170.0,1,1,1.0
130,1,982.0,499.0,71.0,175.0,1,1,1.0
130,2,970.0,488.0,49.0,172.0,1,1,1.0
131,1,969.0,501.0,82.0,175.0,1,1,1.0
131,2,956.0,490.0,61.0,170.0,1,1,1.0
132,1,958.0,502.0,91.0,174.0,1,1,1.0
132,2,943.0,491.0,65.0,170.0,1,1,1.0
133,1,951.0,504.0,96.0,174.0,1,1,1.0
133,2,935.0,493.0,65.0,170.0,1,1,1.0
134,1,949.0,505.0,97.0,173.0,1,1,1.0
134,2,931.0,494.0,60.0,171.0,1,1,1.0
135,1,948.0,505.0,91.0,173.0,1,1,1.0
135,2,927.0,493.0,58.0,171.0,1,1,1.0
136,1,945.0,505.0,81.0,173.0,1,1,1.0
137,1,944.0,504.0,66.0,174.0,1,1,1.0
137,2,929.0,491.0,43.0,174.0,1,1,1.0
138,1,942.0,503.0,54.0,176.0,1,1,1.0
139,1,933.0,503.0,54.0,175.0,1,1,1.0
140,1,918.0,503.0,63.0,175.0,1,1,1.0
140,2,909.0,491.0,43.0,172.0,1,1,1.0
141,1,897.0,504.0,82.0,174.0,1,1,1.0
143,1,878.0,507.0,100.0,172.0,1,1,1.0
144,1,874.0,507.0,103.0,172.0,1,1,1.0
144,2,863.0,496.0,58.0,170.0,1,1,1.0
145,1,873.0,507.0,99.0,172.0,1,1,1.0
146,1,873.0,507.0,86.0,172.0,1,1,1.0
146,2,856.0,496.0,51.0,171.0,1,1,1.0
147,1,872.0,506.0,72.0,172.0,1,1,1.0
147,2,857.0,495.0,46.0,173.0,1,1,1.0
149,1,857.0,505.0,60.0,176.0,1,1,1.0
150,1,847.0,505.0,63.0,176.0,1,1,1.0
151,1,833.0,507.0,75.0,178.0,1,1,1.0
153,1,808.0,510.0,96.0,178.0,1,1,1.0
154,1,801.0,511.0,101.0,179.0,1,1,1.0
155,1,799.0,512.0,100.0,178.0,1,1,1.0
156,1,799.0,512.0,89.0,177.0,1,1,1.0
156,2,789.0,500.0,48.0,174.0,1,1,1.0
157,1,798.0,512.0,76.0,178.0,1,1,1.0
158,1,797.0,512.0,61.0,178.0,1,1,1.0
158,2,784.0,496.0,39.0,177.0,1,1,1.0
159,1,789.0,512.0,60.0,178.0,1,1,1.0
160,1,775.0,511.0,63.0,178.0,1,1,1.0
161,1,761.0,514.0,73.0,176.0,1,1,1.0
162,1,744.0,515.0,86.0,176.0,1,1,1.0
163,1,732.0,515.0,95.0,176.0,1,1,1.0
164,1,723.0,517.0,105.0,175.0,1,1,1.0
165,1,718.0,518.0,107.0,175.0,1,1,1.0
166,1,715.0,517.0,105.0,176.0,1,1,1.0
167,1,715.0,517.0,93.0,177.0,1,1,1.0
168,1,717.0,516.0,77.0,177.0,1,1,1.0
169,2,713.0,515.0,58.0,179.0,1,1,1.0
170,2,702.0,511.0,57.0,186.0,1,1,1.0
171,1,688.0,519.0,70.0,180.0,1,1,1.0
172,1,672.0,509.0,82.0,191.0,1,1,1.0
173,1,657.0,517.0,96.0,184.0,1,1,1.0
175,1,644.0,518.0,107.0,184.0,1,1,1.0
176,1,642.0,523.0,103.0,179.0,1,1,1.0
177,1,641.0,524.0,89.0,178.0,1,1,1.0
178,1,642.0,522.0,70.0,181.0,1,1,1.0
180,1,624.0,517.0,59.0,186.0,1,1,1.0
181,1,610.0,523.0,68.0,180.0,1,1,1.0
183,1,580.0,511.0,95.0,192.0,1,1,1.0
184,1,571.0,521.0,103.0,182.0,1,1,1.0
185,1,563.0,527.0,111.0,178.0,1,1,1.0
186,1,557.0,527.0,116.0,179.0,1,1,1.0
187,1,552.0,527.0,111.0,179.0,1,1,1.0
188,1,550.0,521.0,101.0,184.0,1,1,1.0
189,1,553.0,518.0,80.0,188.0,1,1,1.0
190,1,553.0,512.0,63.0,194.0,1,1,1.0
191,1,542.0,520.0,62.0,189.0,1,1,1.0
192,1,529.0,523.0,71.0,189.0,1,1,1.0
193,1,514.0,526.0,85.0,187.0,1,1,1.0
194,1,501.0,528.0,97.0,186.0,1,1,1.0
195,1,493.0,530.0,105.0,185.0,1,1,1.0
196,1,488.0,531.0,109.0,184.0,1,1,1.0
197,1,485.0,532.0,104.0,183.0,1,1,1.0
198,1,486.0,531.0,88.0,184.0,1,1,1.0
199,1,487.0,531.0,76.0,184.0,1,1,1.0
200,1,484.0,530.0,57.0,185.0,1,1,1.0
201,1,472.0,530.0,57.0,185.0,1,1,1.0
202,1,459.0,530.0,67.0,184.0,1,1,1.0
203,1,442.0,532.0,82.0,182.0,1,1,1.0
204,1,429.0,534.0,94.0,181.0,1,1,1.0
205,1,418.0,535.0,105.0,179.0,1,1,1.0
206,1,410.0,536.0,114.0,179.0,1,1,1.0
207,1,403.0,536.0,117.0,178.0,1,1,1.0
208,1,400.0,535.0,112.0,179.0,1,1,1.0
209,1,401.0,534.0,99.0,180.0,1,1,1.0
211,1,396.0,532.0,75.0,184.0,1,1,1.0
212,1,389.0,532.0,66.0,185.0,1,1,1.0
213,1,375.0,533.0,75.0,185.0,1,1,1.0
214,1,360.0,534.0,89.0,183.0,1,1,1.0
215,1,350.0,536.0,101.0,181.0,1,1,1.0
216,1,345.0,537.0,106.0,180.0,1,1,1.0
217,1,342.0,538.0,108.0,179.0,1,1,1.0
221,3,334.0,535.0,49.0,182.0,1,1,1.0
221,4,352.0,522.0,55.0,177.0,1,1,1.0
222,3,319.0,536.0,60.0,181.0,1,1,1.0
222,4,344.0,522.0,49.0,180.0,1,1,1.0
223,4,338.0,522.0,50.0,180.0,1,1,1.0
223,1,301.0,537.0,81.0,180.0,1,1,1.0
224,4,331.0,524.0,56.0,180.0,1,1,1.0
224,1,290.0,537.0,87.0,180.0,1,1,1.0
225,4,325.0,526.0,62.0,180.0,1,1,1.0
225,1,282.0,539.0,94.0,178.0,1,1,1.0
226,4,318.0,527.0,69.0,176.0,1,1,1.0
226,1,273.0,541.0,102.0,176.0,1,1,1.0
227,1,266.0,541.0,110.0,176.0,1,1,1.0
228,1,261.0,541.0,107.0,175.0,1,1,1.0
229,1,257.0,541.0,91.0,175.0,1,1,1.0
231,3,267.0,537.0,52.0,179.0,1,1,1.0
232,3,257.0,538.0,53.0,181.0,1,1,1.0
232,4,280.0,524.0,53.0,173.0,1,1,1.0
233,3,247.0,539.0,60.0,182.0,1,1,1.0
233,4,274.0,522.0,51.0,176.0,1,1,1.0
234,4,270.0,524.0,52.0,176.0,1,1,1.0
234,1,233.0,539.0,76.0,182.0,1,1,1.0
235,4,264.0,525.0,57.0,174.0,1,1,1.0
235,1,220.0,541.0,87.0,180.0,1,1,1.0
236,4,255.0,527.0,66.0,173.0,1,1,1.0
236,1,213.0,544.0,94.0,179.0,1,1,1.0
237,4,249.0,528.0,70.0,170.0,1,1,1.0
237,1,209.0,545.0,98.0,177.0,1,1,1.0
238,4,245.0,529.0,75.0,169.0,1,1,1.0
238,1,205.0,546.0,95.0,177.0,1,1,1.0
240,3,204.0,544.0,66.0,179.0,1,1,1.0
241,3,199.0,545.0,60.0,179.0,1,1,1.0
241,4,224.0,529.0,72.0,172.0,1,1,1.0
242,3,194.0,544.0,52.0,180.0,1,1,1.0
242,4,219.0,527.0,61.0,174.0,1,1,1.0
243,3,182.0,544.0,58.0,180.0,1,1,1.0
243,4,213.0,527.0,51.0,174.0,1,1,1.0
244,4,205.0,526.0,52.0,175.0,1,1,1.0
244,1,166.0,545.0,77.0,179.0,1,1,1.0
245,4,198.0,527.0,56.0,175.0,1,1,1.0
245,1,155.0,545.0,84.0,178.0,1,1,1.0
246,4,192.0,528.0,61.0,173.0,1,1,1.0
246,1,147.0,547.0,92.0,176.0,1,1,1.0
247,4,187.0,530.0,65.0,171.0,1,1,1.0
247,1,139.0,548.0,99.0,175.0,1,1,1.0
248,4,180.0,531.0,70.0,170.0,1,1,1.0
248,1,133.0,548.0,98.0,174.0,1,1,1.0
249,4,175.0,531.0,71.0,170.0,1,1,1.0
249,1,128.0,549.0,97.0,173.0,1,1,1.0
250,4,169.0,531.0,70.0,170.0,1,1,1.0
250,1,127.0,548.0,85.0,173.0,1,1,1.0
251,3,134.0,547.0,62.0,174.0,1,1,1.0
251,4,165.0,530.0,64.0,169.0,1,1,1.0
252,3,134.0,545.0,50.0,175.0,1,1,1.0
252,4,159.0,529.0,57.0,169.0,1,1,1.0
253,3,129.0,545.0,50.0,177.0,1,1,1.0
253,4,152.0,529.0,50.0,169.0,1,1,1.0
254,3,121.0,546.0,56.0,178.0,1,1,1.0
254,4,146.0,529.0,50.0,168.0,1,1,1.0
255,3,111.0,546.0,65.0,177.0,1,1,1.0
255,4,141.0,531.0,54.0,167.0,1,1,1.0
256,4,134.0,533.0,60.0,163.0,1,1,1.0
256,1,97.0,547.0,81.0,175.0,1,1,1.0
257,4,130.0,536.0,64.0,161.0,1,1,1.0
257,1,94.0,550.0,82.0,173.0,1,1,1.0
258,4,122.0,536.0,71.0,160.0,1,1,1.0
258,1,91.0,550.0,85.0,173.0,1,1,1.0
259,1,90.0,551.0,81.0,172.0,1,1,1.0
260,3,87.0,550.0,60.0,173.0,1,1,1.0
260,4,111.0,536.0,73.0,159.0,1,1,1.0
261,3,85.0,549.0,57.0,173.0,1,1,1.0
261,4,105.0,535.0,70.0,161.0,1,1,1.0
262,3,81.0,549.0,55.0,174.0,1,1,1.0
262,4,98.0,534.0,65.0,159.0,1,1,1.0
263,3,75.0,548.0,51.0,175.0,1,1,1.0
263,4,94.0,534.0,58.0,168.0,1,1,1.0
264,3,67.0,549.0,56.0,174.0,1,1,1.0
264,4,89.0,533.0,49.0,169.0,1,1,1.0
265,4,83.0,533.0,51.0,169.0,1,1,1.0
265,1,55.0,550.0,69.0,173.0,1,1,1.0
266,4,79.0,534.0,54.0,168.0,1,1,1.0
266,1,47.0,552.0,75.0,171.0,1,1,1.0
267,4,75.0,535.0,57.0,167.0,1,1,1.0
267,1,40.0,552.0,80.0,171.0,1,1,1.0
268,4,71.0,536.0,60.0,165.0,1,1,1.0
268,1,33.0,553.0,86.0,170.0,1,1,1.0
270,1,26.0,553.0,81.0,167.0,1,1,1.0
271,3,29.0,553.0,61.0,165.0,1,1,1.0
272,3,28.0,552.0,56.0,166.0,1,1,1.0
273,4,50.0,535.0,50.0,162.0,1,1,1.0
274,3,24.0,550.0,49.0,171.0,1,1,1.0
274,4,46.0,535.0,44.0,163.0,1,1,1.0
275,3,19.0,550.0,52.0,172.0,1,1,1.0
275,4,41.0,535.0,44.0,163.0,1,1,1.0
276,3,10.0,552.0,59.0,170.0,1,1,1.0
276,4,37.0,535.0,47.0,163.0,1,1,1.0
277,3,2.0,552.0,67.0,170.0,1,1,1.0
277,4,33.0,536.0,51.0,161.0,1,1,1.0
278,3,0.0,555.0,70.0,165.0,1,1,1.0
278,4,29.0,538.0,55.0,160.0,1,1,1.0
279,3,0.0,556.0,73.0,165.0,1,1,1.0
281,3,0.0,556.0,63.0,164.0,1,1,1.0
282,3,0.0,554.0,53.0,166.0,1,1,1.0
282,4,13.0,538.0,55.0,157.0,1,1,1.0
283,3,0.0,553.0,33.0,168.0,1,1,1.0
283,4,8.0,538.0,55.0,165.0,1,1,1.0
284,4,5.0,537.0,47.0,165.0,1,1,1.0
285,4,2.0,536.0,41.0,165.0,1,1,1.0
287,4,0.0,536.0,32.0,179.0,1,1,1.0
293,5,0.0,536.0,26.0,163.0,1,1,1.0
294,5,0.0,536.0,21.0,160.0,1,1,1.0
296,5,0.0,535.0,18.0,158.0,1,1,1.0
299,5,0.0,534.0,23.0,167.0,1,1,1.0
300,5,0.0,538.0,28.0,162.0,1,1,1.0
301,5,0.0,544.0,29.0,156.0,1,1,1.0
302,5,0.0,540.0,31.0,159.0,1,1,1.0
303,5,0.0,539.0,31.0,160.0,1,1,1.0
304,5,0.0,539.0,30.0,163.0,1,1,1.0
305,5,0.0,539.0,32.0,162.0,1,1,1.0
306,5,0.0,538.0,35.0,162.0,1,1,1.0
307,5,0.0,538.0,40.0,161.0,1,1,1.0
308,5,2.0,538.0,47.0,161.0,1,1,1.0
309,5,5.0,537.0,56.0,161.0,1,1,1.0
310,5,6.0,537.0,62.0,161.0,1,1,1.0
311,5,8.0,538.0,64.0,160.0,1,1,1.0
312,5,10.0,537.0,64.0,159.0,1,1,1.0
313,5,14.0,537.0,61.0,158.0,1,1,1.0
314,5,21.0,535.0,54.0,157.0,1,1,1.0
315,5,28.0,534.0,47.0,158.0,1,1,1.0
316,5,33.0,533.0,44.0,160.0,1,1,1.0
317,5,37.0,531.0,45.0,161.0,1,1,1.0
318,5,42.0,531.0,50.0,162.0,1,1,1.0
321,5,52.0,530.0,67.0,162.0,1,1,1.0
322,5,54.0,530.0,71.0,161.0,1,1,1.0
323,5,58.0,529.0,69.0,160.0,1,1,1.0
324,5,65.0,528.0,62.0,159.0,1,1,1.0
325,5,73.0,526.0,55.0,159.0,1,1,1.0
326,5,80.0,524.0,47.0,158.0,1,1,1.0
327,5,80.0,523.0,50.0,159.0,1,1,1.0
328,5,87.0,524.0,53.0,158.0,1,1,1.0
329,5,91.0,523.0,63.0,159.0,1,1,1.0
330,5,95.0,522.0,72.0,159.0,1,1,1.0
331,5,100.0,522.0,74.0,159.0,1,1,1.0
332,5,103.0,522.0,75.0,159.0,1,1,1.0
333,5,105.0,522.0,75.0,158.0,1,1,1.0
335,5,121.0,520.0,60.0,156.0,1,1,1.0
336,5,131.0,519.0,49.0,156.0,1,1,1.0
337,5,138.0,517.0,42.0,158.0,1,1,1.0
338,5,143.0,516.0,42.0,159.0,1,1,1.0
339,5,148.0,514.0,49.0,161.0,1,1,1.0
340,5,151.0,514.0,54.0,161.0,1,1,1.0
342,5,155.0,515.0,71.0,160.0,1,1,1.0
343,5,158.0,516.0,73.0,158.0,1,1,1.0
344,5,155.0,515.0,76.0,157.0,1,1,1.0
345,5,160.0,511.0,71.0,159.0,1,1,1.0
347,5,182.0,508.0,52.0,157.0,1,1,1.0
348,5,187.0,506.0,52.0,157.0,1,1,1.0
349,5,192.0,506.0,57.0,156.0,1,1,1.0
350,5,198.0,505.0,66.0,157.0,1,1,1.0
351,5,203.0,506.0,73.0,157.0,1,1,1.0
352,5,206.0,507.0,77.0,155.0,1,1,1.0
353,5,205.0,507.0,83.0,155.0,1,1,1.0
354,5,205.0,506.0,85.0,155.0,1,1,1.0
355,5,210.0,505.0,81.0,153.0,1,1,1.0
356,5,230.0,504.0,60.0,152.0,1,1,1.0
357,5,239.0,503.0,50.0,152.0,1,1,1.0
358,5,248.0,502.0,42.0,152.0,1,1,1.0
359,5,254.0,501.0,55.0,154.0,1,1,1.0
360,5,256.0,501.0,58.0,154.0,1,1,1.0
361,5,258.0,500.0,63.0,155.0,1,1,1.0
364,5,258.0,500.0,79.0,155.0,1,1,1.0
365,5,261.0,499.0,78.0,154.0,1,1,1.0
366,5,277.0,497.0,62.0,151.0,1,1,1.0
367,5,284.0,494.0,53.0,151.0,1,1,1.0
368,5,290.0,493.0,50.0,150.0,1,1,1.0
369,5,298.0,491.0,47.0,151.0,1,1,1.0
370,5,305.0,490.0,53.0,152.0,1,1,1.0
371,5,307.0,490.0,65.0,152.0,1,1,1.0
374,5,315.0,490.0,76.0,151.0,1,1,1.0
375,5,314.0,491.0,79.0,148.0,1,1,1.0
377,5,333.0,488.0,61.0,147.0,1,1,1.0
379,5,355.0,485.0,40.0,148.0,1,1,1.0
380,5,357.0,484.0,47.0,149.0,1,1,1.0
381,5,360.0,484.0,54.0,149.0,1,1,1.0
384,5,360.0,485.0,78.0,149.0,1,1,1.0
385,5,365.0,483.0,79.0,148.0,1,1,1.0
386,5,374.0,482.0,76.0,147.0,1,1,1.0
387,5,389.0,479.0,64.0,146.0,1,1,1.0
388,5,399.0,480.0,54.0,143.0,1,1,1.0
389,5,403.0,477.0,49.0,146.0,1,1,1.0
391,5,410.0,476.0,57.0,150.0,1,1,1.0
392,5,412.0,476.0,69.0,148.0,1,1,1.0
393,5,415.0,476.0,76.0,148.0,1,1,1.0
394,5,417.0,477.0,78.0,147.0,1,1,1.0
395,5,425.0,477.0,72.0,148.0,1,1,1.0
397,5,442.0,473.0,56.0,144.0,1,1,1.0
398,5,448.0,471.0,48.0,143.0,1,1,1.0
400,5,461.0,472.0,45.0,142.0,1,1,1.0
401,5,462.0,470.0,54.0,145.0,1,1,1.0
402,5,466.0,468.0,59.0,147.0,1,1,1.0
403,5,469.0,469.0,65.0,146.0,1,1,1.0
404,5,470.0,469.0,70.0,145.0,1,1,1.0
405,5,473.0,469.0,72.0,144.0,1,1,1.0
406,5,479.0,467.0,70.0,144.0,1,1,1.0
407,5,486.0,467.0,64.0,142.0,1,1,1.0
408,5,496.0,466.0,52.0,139.0,1,1,1.0
409,5,499.0,462.0,51.0,142.0,1,1,1.0
410,5,505.0,461.0,47.0,142.0,1,1,1.0
411,5,509.0,460.0,55.0,142.0,1,1,1.0
413,5,505.0,459.0,80.0,142.0,1,1,1.0
414,5,509.0,459.0,81.0,142.0,1,1,1.0
415,5,516.0,457.0,76.0,145.0,1,1,1.0
416,5,521.0,459.0,71.0,141.0,1,1,1.0
418,5,535.0,457.0,56.0,139.0,1,1,1.0
419,5,545.0,458.0,47.0,137.0,1,1,1.0
420,5,549.0,457.0,51.0,138.0,1,1,1.0
421,5,551.0,456.0,59.0,138.0,1,1,1.0
422,5,556.0,456.0,62.0,138.0,1,1,1.0
423,5,557.0,455.0,68.0,139.0,1,1,1.0
424,5,559.0,455.0,71.0,140.0,1,1,1.0
425,5,565.0,457.0,70.0,138.0,1,1,1.0
426,5,572.0,459.0,68.0,131.0,1,1,1.0
427,5,579.0,458.0,65.0,131.0,1,1,1.0
428,5,586.0,456.0,55.0,132.0,1,1,1.0
429,5,590.0,455.0,50.0,132.0,1,1,1.0
430,5,590.0,452.0,52.0,135.0,1,1,1.0
431,5,594.0,451.0,53.0,135.0,1,1,1.0
433,5,593.0,449.0,75.0,136.0,1,1,1.0
434,5,597.0,449.0,79.0,137.0,1,1,1.0
435,5,603.0,448.0,76.0,138.0,1,1,1.0
436,5,608.0,447.0,72.0,138.0,1,1,1.0
437,5,613.0,451.0,68.0,133.0,1,1,1.0
438,5,621.0,448.0,60.0,135.0,1,1,1.0
439,5,631.0,448.0,50.0,134.0,1,1,1.0
440,5,638.0,448.0,44.0,133.0,1,1,1.0
441,5,648.0,448.0,37.0,133.0,1,1,1.0
443,5,655.0,448.0,51.0,133.0,1,1,1.0
444,5,652.0,446.0,65.0,135.0,1,1,1.0
445,5,655.0,446.0,69.0,136.0,1,1,1.0
446,5,657.0,445.0,71.0,137.0,1,1,1.0
447,5,659.0,444.0,70.0,137.0,1,1,1.0
448,5,661.0,445.0,68.0,136.0,1,1,1.0
449,5,668.0,446.0,62.0,134.0,1,1,1.0
450,5,678.0,446.0,56.0,134.0,1,1,1.0
451,5,684.0,447.0,54.0,133.0,1,1,1.0
452,5,687.0,447.0,59.0,135.0,1,1,1.0
453,5,687.0,445.0,63.0,137.0,1,1,1.0
454,5,688.0,446.0,65.0,138.0,1,1,1.0
455,5,690.0,450.0,67.0,135.0,1,1,1.0
456,5,693.0,453.0,68.0,133.0,1,1,1.0
457,5,696.0,455.0,64.0,131.0,1,1,1.0
458,5,701.0,456.0,54.0,130.0,1,1,1.0
459,5,707.0,455.0,48.0,131.0,1,1,1.0
460,5,712.0,454.0,47.0,132.0,1,1,1.0
461,5,716.0,455.0,45.0,131.0,1,1,1.0
462,5,719.0,453.0,45.0,133.0,1,1,1.0
462,6,751.0,447.0,39.0,129.0,1,1,1.0
463,5,723.0,454.0,47.0,132.0,1,1,1.0
464,5,726.0,454.0,52.0,132.0,1,1,1.0
464,6,756.0,447.0,33.0,129.0,1,1,1.0
465,5,727.0,454.0,58.0,133.0,1,1,1.0
465,6,758.0,446.0,33.0,129.0,1,1,1.0
466,5,729.0,455.0,60.0,133.0,1,1,1.0
466,6,762.0,445.0,38.0,130.0,1,1,1.0
467,5,731.0,456.0,59.0,133.0,1,1,1.0
467,6,766.0,446.0,41.0,135.0,1,1,1.0
468,5,733.0,455.0,58.0,134.0,1,1,1.0
468,6,769.0,447.0,48.0,135.0,1,1,1.0
469,5,736.0,456.0,56.0,134.0,1,1,1.0
469,6,769.0,448.0,55.0,135.0,1,1,1.0
470,5,740.0,455.0,52.0,134.0,1,1,1.0
470,6,772.0,449.0,59.0,136.0,1,1,1.0
471,5,746.0,455.0,48.0,135.0,1,1,1.0
471,6,777.0,449.0,58.0,135.0,1,1,1.0
472,5,751.0,455.0,48.0,135.0,1,1,1.0
472,6,782.0,450.0,55.0,135.0,1,1,1.0
473,5,753.0,455.0,47.0,137.0,1,1,1.0
473,6,785.0,449.0,54.0,136.0,1,1,1.0
474,5,753.0,456.0,48.0,139.0,1,1,1.0
474,6,790.0,448.0,49.0,136.0,1,1,1.0
475,5,754.0,457.0,50.0,140.0,1,1,1.0
475,6,794.0,448.0,45.0,136.0,1,1,1.0
476,5,757.0,459.0,53.0,139.0,1,1,1.0
476,6,798.0,448.0,42.0,136.0,1,1,1.0
477,5,760.0,460.0,55.0,139.0,1,1,1.0
477,6,800.0,448.0,47.0,136.0,1,1,1.0
478,5,764.0,461.0,53.0,138.0,1,1,1.0
478,6,802.0,449.0,55.0,136.0,1,1,1.0
479,5,767.0,462.0,50.0,138.0,1,1,1.0
479,6,803.0,451.0,61.0,136.0,1,1,1.0
480,5,771.0,462.0,48.0,139.0,1,1,1.0
480,6,805.0,453.0,60.0,136.0,1,1,1.0
481,5,776.0,461.0,47.0,139.0,1,1,1.0
481,6,808.0,453.0,59.0,136.0,1,1,1.0
482,5,783.0,460.0,43.0,141.0,1,1,1.0
482,6,813.0,452.0,55.0,137.0,1,1,1.0
483,5,788.0,460.0,41.0,141.0,1,1,1.0
483,6,820.0,451.0,48.0,138.0,1,1,1.0
484,5,789.0,460.0,50.0,140.0,1,1,1.0
484,6,826.0,450.0,42.0,140.0,1,1,1.0
485,5,790.0,461.0,58.0,141.0,1,1,1.0
485,6,833.0,450.0,40.0,141.0,1,1,1.0
486,5,792.0,462.0,66.0,141.0,1,1,1.0
486,6,837.0,451.0,42.0,140.0,1,1,1.0
487,5,794.0,463.0,69.0,141.0,1,1,1.0
487,6,840.0,452.0,47.0,143.0,1,1,1.0
488,5,795.0,465.0,70.0,142.0,1,1,1.0
488,6,843.0,454.0,49.0,143.0,1,1,1.0
489,5,797.0,465.0,68.0,142.0,1,1,1.0
489,6,848.0,456.0,51.0,142.0,1,1,1.0
490,5,802.0,465.0,64.0,142.0,1,1,1.0
490,6,851.0,456.0,53.0,143.0,1,1,1.0
491,5,809.0,465.0,57.0,143.0,1,1,1.0
491,6,854.0,456.0,53.0,143.0,1,1,1.0
492,5,820.0,464.0,47.0,143.0,1,1,1.0
492,6,856.0,457.0,51.0,143.0,1,1,1.0
493,5,824.0,464.0,51.0,144.0,1,1,1.0
493,6,860.0,457.0,50.0,143.0,1,1,1.0
494,5,826.0,464.0,55.0,146.0,1,1,1.0
494,6,866.0,456.0,45.0,143.0,1,1,1.0
495,5,828.0,465.0,59.0,148.0,1,1,1.0
495,6,871.0,457.0,42.0,143.0,1,1,1.0
496,5,831.0,466.0,61.0,148.0,1,1,1.0
496,6,875.0,456.0,42.0,143.0,1,1,1.0
497,5,834.0,467.0,64.0,147.0,1,1,1.0
497,6,879.0,457.0,44.0,143.0,1,1,1.0
498,5,838.0,468.0,64.0,148.0,1,1,1.0
498,6,881.0,458.0,52.0,144.0,1,1,1.0
499,5,842.0,468.0,62.0,147.0,1,1,1.0
499,6,884.0,459.0,59.0,144.0,1,1,1.0
500,5,847.0,468.0,57.0,148.0,1,1,1.0
500,6,886.0,460.0,60.0,145.0,1,1,1.0
501,5,854.0,469.0,52.0,148.0,1,1,1.0
501,6,891.0,461.0,58.0,145.0,1,1,1.0
502,5,863.0,468.0,43.0,148.0,1,1,1.0
502,6,898.0,461.0,51.0,145.0,1,1,1.0
503,5,870.0,468.0,40.0,149.0,1,1,1.0
503,6,899.0,460.0,51.0,146.0,1,1,1.0
504,5,874.0,468.0,41.0,149.0,1,1,1.0
504,6,904.0,458.0,47.0,148.0,1,1,1.0
505,5,878.0,469.0,47.0,149.0,1,1,1.0
505,6,911.0,458.0,40.0,150.0,1,1,1.0
506,5,880.0,469.0,56.0,149.0,1,1,1.0
506,6,919.0,458.0,36.0,150.0,1,1,1.0
507,5,881.0,471.0,60.0,148.0,1,1,1.0
507,6,923.0,459.0,39.0,157.0,1,1,1.0
508,5,881.0,472.0,67.0,149.0,1,1,1.0
508,6,927.0,461.0,41.0,155.0,1,1,1.0
509,5,881.0,472.0,70.0,150.0,1,1,1.0
509,6,930.0,463.0,46.0,153.0,1,1,1.0
510,5,883.0,473.0,69.0,151.0,1,1,1.0
510,6,933.0,464.0,50.0,153.0,1,1,1.0
511,5,888.0,472.0,65.0,152.0,1,1,1.0
511,6,937.0,465.0,51.0,153.0,1,1,1.0
512,5,895.0,472.0,57.0,152.0,1,1,1.0
512,6,943.0,465.0,49.0,152.0,1,1,1.0
513,5,905.0,472.0,50.0,152.0,1,1,1.0
513,6,948.0,465.0,48.0,152.0,1,1,1.0
514,5,910.0,471.0,53.0,153.0,1,1,1.0
514,6,953.0,464.0,48.0,152.0,1,1,1.0
515,5,911.0,472.0,62.0,155.0,1,1,1.0
515,6,957.0,463.0,46.0,153.0,1,1,1.0
516,5,912.0,474.0,69.0,157.0,1,1,1.0
516,6,961.0,464.0,45.0,152.0,1,1,1.0
517,5,914.0,476.0,69.0,156.0,1,1,1.0
517,6,964.0,464.0,46.0,152.0,1,1,1.0
518,5,916.0,477.0,74.0,156.0,1,1,1.0
518,6,966.0,466.0,54.0,152.0,1,1,1.0
519,5,920.0,477.0,76.0,157.0,1,1,1.0
519,6,970.0,468.0,61.0,152.0,1,1,1.0
520,5,926.0,478.0,75.0,157.0,1,1,1.0
520,6,974.0,469.0,62.0,152.0,1,1,1.0
521,5,933.0,478.0,72.0,157.0,1,1,1.0
521,6,976.0,470.0,62.0,153.0,1,1,1.0
522,5,942.0,478.0,60.0,157.0,1,1,1.0
522,6,982.0,470.0,57.0,153.0,1,1,1.0
523,5,952.0,478.0,49.0,157.0,1,1,1.0
523,6,985.0,469.0,55.0,154.0,1,1,1.0
524,5,958.0,478.0,44.0,158.0,1,1,1.0
524,6,990.0,469.0,50.0,155.0,1,1,1.0
525,5,963.0,478.0,45.0,157.0,1,1,1.0
525,6,997.0,469.0,45.0,155.0,1,1,1.0
526,5,965.0,479.0,53.0,158.0,1,1,1.0
526,6,1006.0,468.0,42.0,155.0,1,1,1.0
527,5,966.0,480.0,63.0,158.0,1,1,1.0
527,6,1010.0,469.0,44.0,158.0,1,1,1.0
528,5,966.0,481.0,71.0,158.0,1,1,1.0
528,6,1015.0,470.0,47.0,160.0,1,1,1.0
529,5,967.0,483.0,76.0,159.0,1,1,1.0
529,6,1019.0,473.0,51.0,159.0,1,1,1.0
530,5,967.0,483.0,77.0,159.0,1,1,1.0
530,6,1024.0,474.0,52.0,159.0,1,1,1.0
531,5,971.0,483.0,73.0,160.0,1,1,1.0
531,6,1028.0,475.0,52.0,159.0,1,1,1.0
532,5,980.0,482.0,65.0,161.0,1,1,1.0
532,6,1030.0,477.0,52.0,159.0,1,1,1.0
533,5,990.0,482.0,55.0,161.0,1,1,1.0
533,6,1038.0,477.0,46.0,159.0,1,1,1.0
534,5,1001.0,482.0,51.0,162.0,1,1,1.0
534,6,1043.0,476.0,43.0,160.0,1,1,1.0
535,5,1004.0,483.0,60.0,163.0,1,1,1.0
535,6,1048.0,475.0,43.0,160.0,1,1,1.0
536,5,1004.0,484.0,69.0,165.0,1,1,1.0
536,6,1053.0,475.0,41.0,160.0,1,1,1.0
537,5,1006.0,485.0,76.0,166.0,1,1,1.0
537,6,1056.0,475.0,41.0,159.0,1,1,1.0
538,5,1008.0,487.0,80.0,165.0,1,1,1.0
538,6,1060.0,476.0,46.0,159.0,1,1,1.0
539,5,1012.0,489.0,79.0,165.0,1,1,1.0
539,6,1064.0,477.0,55.0,160.0,1,1,1.0
540,5,1017.0,490.0,78.0,165.0,1,1,1.0
540,6,1068.0,479.0,63.0,161.0,1,1,1.0
541,5,1022.0,490.0,84.0,165.0,1,1,1.0
541,6,1074.0,481.0,64.0,161.0,1,1,1.0
542,5,1031.0,490.0,77.0,166.0,1,1,1.0
543,5,1042.0,490.0,63.0,166.0,1,1,1.0
543,6,1088.0,481.0,54.0,163.0,1,1,1.0
544,5,1053.0,490.0,49.0,167.0,1,1,1.0
544,6,1096.0,481.0,46.0,163.0,1,1,1.0
546,5,1063.0,490.0,51.0,166.0,1,1,1.0
547,5,1066.0,491.0,59.0,165.0,1,1,1.0
547,6,1112.0,480.0,36.0,164.0,1,1,1.0
548,5,1067.0,493.0,61.0,164.0,1,1,1.0
548,6,1117.0,481.0,37.0,172.0,1,1,1.0
549,5,1067.0,494.0,77.0,166.0,1,1,1.0
549,6,1120.0,482.0,43.0,168.0,1,1,1.0
550,5,1068.0,495.0,83.0,167.0,1,1,1.0
550,6,1125.0,483.0,50.0,169.0,1,1,1.0
551,5,1068.0,496.0,86.0,169.0,1,1,1.0
551,6,1129.0,485.0,58.0,169.0,1,1,1.0
552,5,1071.0,497.0,84.0,169.0,1,1,1.0
552,6,1135.0,487.0,59.0,168.0,1,1,1.0
553,5,1078.0,497.0,77.0,170.0,1,1,1.0
553,6,1141.0,488.0,57.0,169.0,1,1,1.0
554,5,1089.0,498.0,69.0,169.0,1,1,1.0
554,6,1149.0,489.0,52.0,169.0,1,1,1.0
555,5,1101.0,497.0,60.0,170.0,1,1,1.0
555,6,1155.0,489.0,44.0,169.0,1,1,1.0
556,5,1110.0,497.0,60.0,171.0,1,1,1.0
556,6,1162.0,489.0,40.0,170.0,1,1,1.0
557,5,1112.0,498.0,71.0,175.0,1,1,1.0
557,6,1166.0,489.0,43.0,169.0,1,1,1.0
558,5,1113.0,500.0,81.0,177.0,1,1,1.0
559,5,1115.0,501.0,91.0,178.0,1,1,1.0
559,6,1173.0,490.0,49.0,168.0,1,1,1.0
560,5,1119.0,503.0,89.0,178.0,1,1,1.0
560,6,1178.0,492.0,58.0,169.0,1,1,1.0
561,5,1124.0,506.0,95.0,178.0,1,1,1.0
561,6,1185.0,494.0,65.0,169.0,1,1,1.0
562,5,1128.0,507.0,100.0,177.0,1,1,1.0
562,6,1192.0,495.0,66.0,169.0,1,1,1.0
563,5,1137.0,508.0,92.0,177.0,1,1,1.0
563,6,1199.0,497.0,63.0,170.0,1,1,1.0
564,5,1150.0,508.0,77.0,177.0,1,1,1.0
564,6,1206.0,497.0,58.0,171.0,1,1,1.0
565,5,1163.0,507.0,61.0,178.0,1,1,1.0
565,6,1215.0,498.0,50.0,171.0,1,1,1.0
566,5,1172.0,507.0,51.0,177.0,1,1,1.0
566,6,1222.0,497.0,44.0,172.0,1,1,1.0
567,5,1176.0,508.0,58.0,176.0,1,1,1.0
568,5,1178.0,510.0,67.0,176.0,1,1,1.0
568,6,1232.0,497.0,40.0,172.0,1,1,1.0
569,5,1178.0,511.0,82.0,176.0,1,1,1.0
569,6,1239.0,498.0,41.0,170.0,1,1,1.0
570,5,1178.0,513.0,93.0,177.0,1,1,1.0
570,6,1243.0,499.0,47.0,176.0,1,1,1.0
571,5,1178.0,515.0,99.0,177.0,1,1,1.0
571,6,1249.0,501.0,53.0,178.0,1,1,1.0
572,5,1182.0,516.0,97.0,178.0,1,1,1.0
572,6,1254.0,503.0,58.0,177.0,1,1,1.0
573,5,1188.0,516.0,94.0,178.0,1,1,1.0
573,6,1261.0,506.0,61.0,177.0,1,1,1.0
574,5,1199.0,516.0,83.0,178.0,1,1,1.0
574,6,1267.0,507.0,62.0,178.0,1,1,1.0
575,5,1214.0,515.0,69.0,179.0,1,1,1.0
575,6,1274.0,508.0,61.0,178.0,1,1,1.0
576,5,1231.0,516.0,56.0,179.0,1,1,1.0
576,6,1281.0,509.0,57.0,178.0,1,1,1.0
577,5,1242.0,516.0,55.0,183.0,1,1,1.0
577,6,1288.0,509.0,51.0,178.0,1,1,1.0
578,5,1243.0,517.0,67.0,186.0,1,1,1.0
578,6,1293.0,508.0,45.0,179.0,1,1,1.0
579,5,1243.0,519.0,81.0,188.0,1,1,1.0
579,6,1298.0,509.0,42.0,178.0,1,1,1.0
580,5,1244.0,522.0,93.0,187.0,1,1,1.0
580,6,1305.0,510.0,42.0,176.0,1,1,1.0
581,5,1246.0,525.0,101.0,186.0,1,1,1.0
581,6,1310.0,511.0,50.0,176.0,1,1,1.0
582,5,1250.0,526.0,106.0,186.0,1,1,1.0
582,6,1317.0,514.0,59.0,176.0,1,1,1.0
583,5,1254.0,528.0,108.0,185.0,1,1,1.0
583,6,1325.0,516.0,61.0,177.0,1,1,1.0
584,5,1263.0,529.0,101.0,185.0,1,1,1.0
584,6,1331.0,517.0,61.0,177.0,1,1,1.0
585,5,1272.0,529.0,92.0,185.0,1,1,1.0
585,6,1338.0,518.0,55.0,177.0,1,1,1.0
586,5,1289.0,529.0,70.0,185.0,1,1,1.0
586,6,1343.0,518.0,50.0,178.0,1,1,1.0
587,5,1301.0,529.0,62.0,185.0,1,1,1.0
587,6,1351.0,517.0,43.0,179.0,1,1,1.0
588,5,1307.0,529.0,64.0,185.0,1,1,1.0
588,6,1357.0,517.0,41.0,179.0,1,1,1.0
589,5,1309.0,531.0,75.0,184.0,1,1,1.0
590,5,1310.0,532.0,89.0,184.0,1,1,1.0
591,5,1310.0,535.0,99.0,184.0,1,1,1.0
591,6,1375.0,520.0,51.0,190.0,1,1,1.0
592,5,1310.0,537.0,104.0,185.0,1,1,1.0
592,6,1382.0,522.0,54.0,188.0,1,1,1.0
593,5,1312.0,538.0,104.0,185.0,1,1,1.0
593,6,1388.0,524.0,56.0,186.0,1,1,1.0
594,5,1320.0,538.0,99.0,185.0,1,1,1.0
594,6,1396.0,527.0,54.0,185.0,1,1,1.0
595,5,1332.0,538.0,87.0,185.0,1,1,1.0
595,6,1403.0,529.0,51.0,185.0,1,1,1.0
596,5,1344.0,538.0,77.0,185.0,1,1,1.0
596,6,1409.0,529.0,49.0,186.0,1,1,1.0
597,5,1363.0,538.0,62.0,186.0,1,1,1.0
597,6,1415.0,529.0,45.0,185.0,1,1,1.0
598,5,1376.0,538.0,63.0,189.0,1,1,1.0
598,6,1420.0,529.0,42.0,186.0,1,1,1.0
599,5,1378.0,539.0,76.0,193.0,1,1,1.0
600,5,1378.0,541.0,87.0,195.0,1,1,1.0
600,6,1421.0,529.0,54.0,184.0,1,1,1.0
601,5,1380.0,543.0,96.0,195.0,1,1,1.0
601,6,1433.0,530.0,46.0,183.0,1,1,1.0
602,5,1383.0,546.0,99.0,194.0,1,1,1.0
603,5,1385.0,548.0,105.0,194.0,1,1,1.0
603,6,1452.0,535.0,57.0,183.0,1,1,1.0
604,5,1389.0,550.0,97.0,193.0,1,1,1.0
604,6,1460.0,537.0,58.0,183.0,1,1,1.0
605,5,1400.0,551.0,94.0,193.0,1,1,1.0
606,5,1413.0,551.0,81.0,192.0,1,1,1.0
606,6,1475.0,539.0,48.0,185.0,1,1,1.0
607,5,1427.0,551.0,66.0,192.0,1,1,1.0
607,6,1482.0,539.0,42.0,186.0,1,1,1.0
608,5,1438.0,551.0,60.0,192.0,1,1,1.0
608,6,1489.0,539.0,37.0,186.0,1,1,1.0
609,5,1444.0,552.0,66.0,191.0,1,1,1.0
609,6,1492.0,538.0,39.0,186.0,1,1,1.0
610,5,1447.0,553.0,76.0,191.0,1,1,1.0
610,6,1499.0,539.0,39.0,186.0,1,1,1.0
611,5,1448.0,556.0,86.0,192.0,1,1,1.0
611,6,1506.0,540.0,38.0,180.0,1,1,1.0
612,5,1448.0,558.0,95.0,194.0,1,1,1.0
612,6,1512.0,542.0,40.0,189.0,1,1,1.0
613,5,1449.0,560.0,103.0,195.0,1,1,1.0
613,6,1520.0,545.0,45.0,191.0,1,1,1.0
614,5,1450.0,562.0,108.0,196.0,1,1,1.0
614,6,1525.0,547.0,52.0,192.0,1,1,1.0
615,5,1456.0,563.0,104.0,195.0,1,1,1.0
615,6,1533.0,550.0,51.0,192.0,1,1,1.0
616,5,1466.0,563.0,94.0,195.0,1,1,1.0
616,6,1541.0,552.0,46.0,192.0,1,1,1.0
617,5,1482.0,563.0,80.0,195.0,1,1,1.0
617,6,1548.0,553.0,43.0,192.0,1,1,1.0
618,5,1501.0,564.0,67.0,195.0,1,1,1.0
618,6,1555.0,554.0,38.0,191.0,1,1,1.0
619,5,1512.0,565.0,66.0,198.0,1,1,1.0
619,6,1559.0,554.0,40.0,192.0,1,1,1.0
620,5,1515.0,567.0,77.0,201.0,1,1,1.0
620,6,1562.0,554.0,43.0,191.0,1,1,1.0
621,5,1515.0,569.0,90.0,203.0,1,1,1.0
622,5,1515.0,572.0,100.0,202.0,1,1,1.0
622,6,1579.0,556.0,40.0,187.0,1,1,1.0
623,5,1516.0,574.0,110.0,202.0,1,1,1.0
623,6,1586.0,558.0,44.0,187.0,1,1,1.0
624,5,1516.0,575.0,119.0,201.0,1,1,1.0
624,6,1593.0,560.0,52.0,188.0,1,1,1.0
625,5,1523.0,577.0,115.0,201.0,1,1,1.0
625,6,1601.0,562.0,54.0,188.0,1,1,1.0
626,5,1535.0,577.0,104.0,201.0,1,1,1.0
627,5,1549.0,577.0,87.0,201.0,1,1,1.0
627,6,1614.0,565.0,52.0,190.0,1,1,1.0
628,5,1562.0,577.0,75.0,200.0,1,1,1.0
628,6,1621.0,565.0,44.0,190.0,1,1,1.0
629,5,1570.0,578.0,72.0,199.0,1,1,1.0
630,5,1576.0,579.0,75.0,198.0,1,1,1.0
630,6,1629.0,565.0,48.0,192.0,1,1,1.0
631,5,1579.0,581.0,84.0,197.0,1,1,1.0
631,6,1625.0,565.0,58.0,193.0,1,1,1.0
632,5,1580.0,583.0,96.0,197.0,1,1,1.0
633,5,1581.0,585.0,105.0,197.0,1,1,1.0
634,5,1581.0,586.0,111.0,198.0,1,1,1.0
634,6,1656.0,571.0,48.0,198.0,1,1,1.0
635,5,1581.0,588.0,113.0,198.0,1,1,1.0
635,6,1664.0,573.0,50.0,196.0,1,1,1.0
636,5,1589.0,589.0,109.0,198.0,1,1,1.0
637,5,1604.0,590.0,99.0,197.0,1,1,1.0
638,5,1620.0,590.0,87.0,198.0,1,1,1.0
638,6,1685.0,580.0,50.0,196.0,1,1,1.0
639,5,1638.0,589.0,74.0,199.0,1,1,1.0
639,6,1691.0,581.0,48.0,196.0,1,1,1.0
640,5,1653.0,590.0,66.0,202.0,1,1,1.0
640,6,1698.0,581.0,45.0,196.0,1,1,1.0
