1,1,989.0,235.0,42.0,125.0,1,1,1.0
2,1,991.0,236.0,40.0,125.0,1,1,1.0
3,1,992.0,238.0,39.0,126.0,1,1,1.0
4,1,991.0,238.0,39.0,126.0,1,1,1.0
5,1,987.0,239.0,43.0,126.0,1,1,1.0
6,1,987.0,239.0,42.0,126.0,1,1,1.0
7,1,987.0,239.0,43.0,126.0,1,1,1.0
8,1,987.0,239.0,46.0,126.0,1,1,1.0
9,1,987.0,239.0,49.0,126.0,1,1,1.0
10,1,988.0,239.0,52.0,128.0,1,1,1.0
11,1,987.0,240.0,53.0,130.0,1,1,1.0
12,1,988.0,241.0,53.0,131.0,1,1,1.0
13,1,987.0,242.0,55.0,132.0,1,1,1.0
14,1,985.0,244.0,56.0,131.0,1,1,1.0
15,1,985.0,246.0,57.0,131.0,1,1,1.0
16,1,985.0,246.0,58.0,131.0,1,1,1.0
17,1,985.0,246.0,58.0,131.0,1,1,1.0
18,1,985.0,245.0,56.0,131.0,1,1,1.0
19,1,984.0,244.0,50.0,132.0,1,1,1.0
20,1,984.0,245.0,48.0,132.0,1,1,1.0
21,1,985.0,247.0,47.0,136.0,1,1,1.0
22,1,985.0,248.0,45.0,136.0,1,1,1.0
23,1,983.0,249.0,45.0,137.0,1,1,1.0
24,1,982.0,249.0,46.0,137.0,1,1,1.0
25,1,981.0,251.0,47.0,137.0,1,1,1.0
26,1,981.0,251.0,48.0,137.0,1,1,1.0
27,1,982.0,251.0,51.0,136.0,1,1,1.0
28,1,980.0,251.0,55.0,136.0,1,1,1.0
29,1,979.0,251.0,58.0,137.0,1,1,1.0
30,1,979.0,252.0,61.0,139.0,1,1,1.0
31,1,979.0,253.0,61.0,140.0,1,1,1.0
32,1,977.0,254.0,61.0,141.0,1,1,1.0
33,1,977.0,257.0,59.0,140.0,1,1,1.0
34,1,976.0,258.0,59.0,141.0,1,1,1.0
35,1,976.0,259.0,60.0,141.0,1,1,1.0
36,1,976.0,259.0,60.0,140.0,1,1,1.0
37,1,975.0,259.0,59.0,140.0,1,1,1.0
38,1,974.0,259.0,58.0,141.0,1,1,1.0
39,1,973.0,259.0,52.0,141.0,1,1,1.0
40,1,973.0,259.0,50.0,142.0,1,1,1.0
41,1,971.0,260.0,49.0,143.0,1,1,1.0
42,1,969.0,261.0,49.0,145.0,1,1,1.0
43,1,968.0,263.0,49.0,146.0,1,1,1.0
44,1,968.0,263.0,49.0,148.0,1,1,1.0
45,1,967.0,266.0,48.0,146.0,1,1,1.0
46,1,966.0,266.0,49.0,146.0,1,1,1.0
47,1,965.0,265.0,52.0,147.0,1,1,1.0
48,1,964.0,265.0,56.0,148.0,1,1,1.0
49,1,963.0,266.0,61.0,148.0,1,1,1.0
50,1,962.0,265.0,65.0,152.0,1,1,1.0
51,1,959.0,266.0,68.0,154.0,1,1,1.0
52,1,958.0,268.0,69.0,155.0,1,1,1.0
53,1,957.0,270.0,70.0,155.0,1,1,1.0
54,1,956.0,271.0,70.0,155.0,1,1,1.0
55,1,956.0,273.0,69.0,154.0,1,1,1.0
56,1,956.0,273.0,68.0,155.0,1,1,1.0
57,1,956.0,273.0,68.0,154.0,1,1,1.0
58,1,955.0,274.0,65.0,154.0,1,1,1.0
59,1,954.0,274.0,61.0,154.0,1,1,1.0
60,1,953.0,273.0,59.0,158.0,1,1,1.0
61,1,952.0,274.0,60.0,160.0,1,1,1.0
62,1,951.0,274.0,59.0,163.0,1,1,1.0
63,1,951.0,278.0,58.0,162.0,1,1,1.0
64,1,951.0,282.0,58.0,159.0,1,1,1.0
65,1,952.0,282.0,56.0,160.0,1,1,1.0
66,1,953.0,283.0,57.0,159.0,1,1,1.0
67,1,953.0,284.0,61.0,159.0,1,1,1.0
68,1,953.0,285.0,65.0,158.0,1,1,1.0
69,1,953.0,285.0,68.0,159.0,1,1,1.0
70,1,953.0,286.0,69.0,162.0,1,1,1.0
71,1,952.0,286.0,70.0,165.0,1,1,1.0
72,1,953.0,286.0,69.0,169.0,1,1,1.0
73,1,953.0,288.0,69.0,170.0,1,1,1.0
74,1,955.0,289.0,68.0,170.0,1,1,1.0
75,1,957.0,290.0,66.0,170.0,1,1,1.0
76,1,959.0,290.0,66.0,170.0,1,1,1.0
77,1,959.0,290.0,66.0,170.0,1,1,1.0
78,1,959.0,290.0,65.0,170.0,1,1,1.0
79,1,959.0,290.0,64.0,172.0,1,1,1.0
80,1,958.0,292.0,63.0,175.0,1,1,1.0
81,1,956.0,294.0,64.0,176.0,1,1,1.0
82,1,955.0,296.0,65.0,175.0,1,1,1.0
83,1,954.0,298.0,65.0,177.0,1,1,1.0
84,1,954.0,300.0,66.0,180.0,1,1,1.0
85,1,955.0,301.0,66.0,180.0,1,1,1.0
86,1,955.0,302.0,69.0,180.0,1,1,1.0
87,1,956.0,301.0,72.0,181.0,1,1,1.0
88,1,957.0,301.0,75.0,181.0,1,1,1.0
89,1,957.0,301.0,77.0,182.0,1,1,1.0
90,1,956.0,302.0,78.0,186.0,1,1,1.0
91,1,955.0,303.0,78.0,190.0,1,1,1.0
92,1,954.0,306.0,80.0,188.0,1,1,1.0
93,1,954.0,309.0,80.0,191.0,1,1,1.0
94,1,954.0,311.0,81.0,192.0,1,1,1.0
95,1,955.0,312.0,81.0,192.0,1,1,1.0
96,1,956.0,314.0,81.0,192.0,1,1,1.0
97,1,956.0,314.0,80.0,191.0,1,1,1.0
98,1,958.0,314.0,76.0,191.0,1,1,1.0
99,1,958.0,314.0,69.0,192.0,1,1,1.0
100,1,957.0,315.0,67.0,197.0,1,1,1.0
101,1,957.0,317.0,66.0,198.0,1,1,1.0
102,1,958.0,319.0,65.0,199.0,1,1,1.0
103,1,957.0,322.0,66.0,202.0,1,1,1.0
104,1,956.0,325.0,66.0,204.0,1,1,1.0
105,1,955.0,327.0,65.0,205.0,1,1,1.0
106,1,954.0,328.0,67.0,205.0,1,1,1.0
107,1,954.0,328.0,74.0,205.0,1,1,1.0
108,1,953.0,328.0,82.0,205.0,1,1,1.0
109,1,952.0,329.0,88.0,206.0,1,1,1.0
110,1,951.0,331.0,92.0,211.0,1,1,1.0
111,1,949.0,333.0,95.0,213.0,1,1,1.0
112,1,946.0,337.0,96.0,216.0,1,1,1.0
113,1,946.0,340.0,93.0,218.0,1,1,1.0
114,1,946.0,343.0,91.0,219.0,1,1,1.0
115,1,944.0,346.0,92.0,218.0,1,1,1.0
116,1,943.0,347.0,93.0,217.0,1,1,1.0
117,1,943.0,347.0,94.0,217.0,1,1,1.0
118,1,943.0,348.0,91.0,216.0,1,1,1.0
119,1,944.0,350.0,86.0,218.0,1,1,1.0
120,1,944.0,352.0,82.0,223.0,1,1,1.0
121,1,944.0,355.0,80.0,226.0,1,1,1.0
122,1,944.0,359.0,79.0,227.0,1,1,1.0
123,1,943.0,363.0,77.0,232.0,1,1,1.0
124,1,942.0,366.0,77.0,233.0,1,1,1.0
125,1,937.0,369.0,81.0,232.0,1,1,1.0
126,1,934.0,370.0,84.0,231.0,1,1,1.0
127,1,933.0,370.0,89.0,232.0,1,1,1.0
128,1,931.0,372.0,96.0,237.0,1,1,1.0
129,1,930.0,375.0,103.0,244.0,1,1,1.0
130,1,928.0,379.0,109.0,246.0,1,1,1.0
131,1,927.0,384.0,112.0,250.0,1,1,1.0
132,1,925.0,389.0,115.0,252.0,1,1,1.0
133,1,924.0,393.0,118.0,251.0,1,1,1.0
134,1,923.0,395.0,119.0,250.0,1,1,1.0
135,1,922.0,396.0,121.0,250.0,1,1,1.0
136,1,922.0,397.0,117.0,249.0,1,1,1.0
137,1,924.0,398.0,107.0,248.0,1,1,1.0
138,1,924.0,400.0,98.0,255.0,1,1,1.0
139,1,925.0,403.0,93.0,264.0,1,1,1.0
140,1,925.0,407.0,90.0,264.0,1,1,1.0
141,1,922.0,413.0,91.0,271.0,1,1,1.0
142,1,919.0,418.0,93.0,271.0,1,1,1.0
143,1,913.0,422.0,99.0,270.0,1,1,1.0
144,1,907.0,424.0,108.0,269.0,1,1,1.0
145,1,903.0,426.0,126.0,267.0,1,1,1.0
146,1,900.0,429.0,136.0,272.0,1,1,1.0
147,1,899.0,432.0,141.0,282.0,1,1,1.0
148,1,899.0,437.0,141.0,286.0,1,1,1.0
149,1,899.0,443.0,138.0,288.0,1,1,1.0
150,1,901.0,449.0,136.0,294.0,1,1,1.0
151,1,902.0,455.0,134.0,294.0,1,1,1.0
152,1,904.0,458.0,132.0,293.0,1,1,1.0
153,1,905.0,460.0,132.0,292.0,1,1,1.0
154,1,904.0,462.0,128.0,290.0,1,1,1.0
155,1,901.0,464.0,123.0,288.0,1,1,1.0
156,1,897.0,467.0,119.0,299.0,1,1,1.0
157,1,893.0,472.0,120.0,305.0,1,1,1.0
158,1,889.0,478.0,121.0,310.0,1,1,1.0
159,1,886.0,485.0,121.0,319.0,1,1,1.0
160,1,885.0,492.0,121.0,321.0,1,1,1.0
161,1,883.0,497.0,122.0,320.0,1,1,1.0
162,1,883.0,501.0,123.0,317.0,1,1,1.0
163,1,883.0,503.0,128.0,315.0,1,1,1.0
164,1,882.0,505.0,137.0,313.0,1,1,1.0
165,1,879.0,508.0,144.0,320.0,1,1,1.0
166,1,876.0,512.0,149.0,334.0,1,1,1.0
167,1,872.0,519.0,153.0,343.0,1,1,1.0
168,1,868.0,527.0,157.0,350.0,1,1,1.0
169,1,864.0,535.0,161.0,357.0,1,1,1.0
170,1,862.0,543.0,164.0,356.0,1,1,1.0
171,1,861.0,550.0,166.0,351.0,1,1,1.0
172,1,863.0,555.0,168.0,347.0,1,1,1.0
173,1,863.0,558.0,165.0,343.0,1,1,1.0
174,1,864.0,562.0,156.0,339.0,1,1,1.0
175,1,862.0,566.0,147.0,353.0,1,1,1.0
176,1,858.0,574.0,145.0,365.0,1,1,1.0
177,1,854.0,580.0,145.0,378.0,1,1,1.0
178,1,850.0,589.0,146.0,383.0,1,1,1.0
179,1,847.0,598.0,145.0,388.0,1,1,1.0
180,1,845.0,607.0,145.0,385.0,1,1,1.0
181,1,844.0,613.0,146.0,381.0,1,1,1.0
182,1,843.0,619.0,150.0,376.0,1,1,1.0
183,1,841.0,624.0,162.0,370.0,1,1,1.0
184,1,838.0,631.0,174.0,378.0,1,1,1.0
185,1,833.0,639.0,188.0,399.0,1,1,1.0
186,1,830.0,647.0,194.0,413.0,1,1,1.0
187,1,824.0,658.0,200.0,418.0,1,1,1.0
188,1,821.0,670.0,204.0,412.0,1,1,1.0
189,1,821.0,681.0,208.0,402.0,1,1,1.0
190,1,825.0,691.0,204.0,393.0,1,1,1.0
191,1,828.0,698.0,199.0,385.0,1,1,1.0
192,1,829.0,704.0,192.0,379.0,1,1,1.0
193,1,831.0,710.0,176.0,373.0,1,1,1.0
194,1,833.0,718.0,165.0,364.0,1,1,1.0
195,1,833.0,726.0,161.0,355.0,1,1,1.0
196,1,826.0,738.0,159.0,343.0,1,1,1.0
197,1,822.0,751.0,159.0,329.0,1,1,1.0
198,1,817.0,764.0,162.0,316.0,1,1,1.0
199,1,817.0,776.0,164.0,304.0,1,1,1.0
200,1,814.0,787.0,167.0,293.0,1,1,1.0
201,1,810.0,795.0,183.0,285.0,1,1,1.0
202,1,808.0,803.0,197.0,277.0,1,1,1.0
203,1,808.0,813.0,215.0,267.0,1,1,1.0
204,1,810.0,824.0,228.0,255.0,1,1,1.0
205,1,800.0,841.0,237.0,238.0,1,1,1.0
206,1,798.0,861.0,246.0,219.0,1,1,1.0
207,1,797.0,878.0,256.0,201.0,1,1,1.0
208,1,803.0,897.0,262.0,182.0,1,1,1.0
209,1,812.0,912.0,228.0,167.0,1,1,1.0
210,1,815.0,924.0,208.0,155.0,1,1,1.0
211,1,817.0,935.0,200.0,144.0,1,1,1.0
212,1,824.0,944.0,196.0,134.0,1,1,1.0
213,1,834.0,957.0,186.0,122.0,1,1,1.0
214,1,842.0,971.0,161.0,107.0,1,1,1.0
215,1,877.0,991.0,110.0,88.0,1,1,1.0
304,2,146.0,950.0,140.0,128.0,1,1,1.0
305,2,142.0,924.0,151.0,155.0,1,1,1.0
306,2,140.0,905.0,164.0,173.0,1,1,1.0
307,2,138.0,891.0,168.0,188.0,1,1,1.0
308,2,136.0,880.0,172.0,199.0,1,1,1.0
309,2,134.0,871.0,175.0,207.0,1,1,1.0
310,2,131.0,864.0,179.0,215.0,1,1,1.0
311,2,129.0,854.0,182.0,225.0,1,1,1.0
312,2,129.0,843.0,183.0,236.0,1,1,1.0
313,2,129.0,831.0,182.0,248.0,1,1,1.0
314,2,129.0,818.0,178.0,261.0,1,1,1.0
315,2,129.0,806.0,175.0,272.0,1,1,1.0
316,2,130.0,796.0,177.0,282.0,1,1,1.0
317,2,132.0,787.0,172.0,291.0,1,1,1.0
318,2,135.0,780.0,170.0,298.0,1,1,1.0
319,2,139.0,774.0,167.0,304.0,1,1,1.0
320,2,144.0,766.0,164.0,312.0,1,1,1.0
321,2,147.0,758.0,162.0,320.0,1,1,1.0
322,2,149.0,747.0,162.0,331.0,1,1,1.0
323,2,149.0,736.0,159.0,342.0,1,1,1.0
324,2,149.0,725.0,157.0,354.0,1,1,1.0
325,2,147.0,715.0,159.0,363.0,1,1,1.0
326,2,145.0,707.0,161.0,371.0,1,1,1.0
327,2,143.0,700.0,163.0,378.0,1,1,1.0
328,2,144.0,695.0,164.0,383.0,1,1,1.0
329,2,148.0,691.0,164.0,387.0,1,1,1.0
330,2,149.0,685.0,164.0,391.0,1,1,1.0
331,2,151.0,678.0,165.0,387.0,1,1,1.0
332,2,154.0,671.0,162.0,372.0,1,1,1.0
333,2,158.0,662.0,157.0,357.0,1,1,1.0
334,2,163.0,655.0,152.0,352.0,1,1,1.0
335,2,164.0,648.0,151.0,354.0,1,1,1.0
336,2,165.0,641.0,149.0,359.0,1,1,1.0
337,2,167.0,636.0,148.0,364.0,1,1,1.0
338,2,170.0,632.0,146.0,365.0,1,1,1.0
339,2,173.0,628.0,145.0,363.0,1,1,1.0
340,2,176.0,623.0,140.0,360.0,1,1,1.0
341,2,177.0,616.0,140.0,354.0,1,1,1.0
342,2,177.0,608.0,138.0,342.0,1,1,1.0
343,2,177.0,602.0,141.0,328.0,1,1,1.0
344,2,175.0,594.0,140.0,325.0,1,1,1.0
345,2,171.0,589.0,141.0,327.0,1,1,1.0
346,2,169.0,585.0,139.0,330.0,1,1,1.0
347,2,168.0,582.0,137.0,331.0,1,1,1.0
348,2,169.0,580.0,135.0,332.0,1,1,1.0
349,2,170.0,579.0,134.0,329.0,1,1,1.0
350,2,170.0,574.0,133.0,327.0,1,1,1.0
351,2,170.0,571.0,132.0,320.0,1,1,1.0
352,2,171.0,568.0,132.0,307.0,1,1,1.0
353,2,172.0,562.0,129.0,298.0,1,1,1.0
354,2,173.0,558.0,126.0,297.0,1,1,1.0
355,2,173.0,553.0,124.0,300.0,1,1,1.0
356,2,171.0,550.0,123.0,303.0,1,1,1.0
357,2,171.0,547.0,121.0,306.0,1,1,1.0
358,2,171.0,545.0,120.0,308.0,1,1,1.0
359,2,170.0,542.0,120.0,305.0,1,1,1.0
360,2,170.0,539.0,123.0,302.0,1,1,1.0
361,2,170.0,536.0,121.0,294.0,1,1,1.0
362,2,167.0,530.0,120.0,287.0,1,1,1.0
363,2,164.0,525.0,117.0,279.0,1,1,1.0
364,2,161.0,521.0,116.0,278.0,1,1,1.0
365,2,158.0,518.0,112.0,280.0,1,1,1.0
366,2,156.0,515.0,110.0,282.0,1,1,1.0
367,2,154.0,514.0,110.0,283.0,1,1,1.0
368,2,151.0,512.0,112.0,283.0,1,1,1.0
369,2,149.0,512.0,111.0,278.0,1,1,1.0
370,2,146.0,510.0,111.0,276.0,1,1,1.0
371,2,143.0,507.0,111.0,268.0,1,1,1.0
372,2,140.0,504.0,109.0,260.0,1,1,1.0
373,2,138.0,500.0,105.0,259.0,1,1,1.0
374,2,138.0,496.0,97.0,261.0,1,1,1.0
375,2,136.0,493.0,92.0,264.0,1,1,1.0
376,2,135.0,491.0,89.0,265.0,1,1,1.0
377,2,133.0,490.0,88.0,266.0,1,1,1.0
378,2,132.0,490.0,87.0,265.0,1,1,1.0
379,2,131.0,488.0,86.0,263.0,1,1,1.0
380,2,129.0,486.0,86.0,260.0,1,1,1.0
381,2,126.0,483.0,87.0,254.0,1,1,1.0
382,2,121.0,479.0,86.0,246.0,1,1,1.0
383,2,115.0,474.0,89.0,246.0,1,1,1.0
384,2,111.0,471.0,93.0,246.0,1,1,1.0
385,2,110.0,469.0,93.0,247.0,1,1,1.0
386,2,108.0,468.0,93.0,248.0,1,1,1.0
387,2,106.0,468.0,95.0,247.0,1,1,1.0
388,2,103.0,469.0,97.0,244.0,1,1,1.0
389,2,101.0,469.0,99.0,242.0,1,1,1.0
390,2,99.0,467.0,99.0,241.0,1,1,1.0
391,2,97.0,465.0,98.0,234.0,1,1,1.0
392,2,97.0,462.0,94.0,232.0,1,1,1.0
393,2,99.0,459.0,88.0,232.0,1,1,1.0
394,2,101.0,456.0,84.0,235.0,1,1,1.0
395,2,103.0,454.0,81.0,237.0,1,1,1.0
396,2,104.0,453.0,79.0,237.0,1,1,1.0
397,2,105.0,452.0,78.0,236.0,1,1,1.0
398,2,108.0,452.0,76.0,235.0,1,1,1.0
399,2,110.0,450.0,75.0,234.0,1,1,1.0
400,2,110.0,448.0,75.0,221.0,1,1,1.0
401,2,111.0,445.0,73.0,217.0,1,1,1.0
402,2,111.0,440.0,71.0,218.0,1,1,1.0
403,2,111.0,437.0,72.0,219.0,1,1,1.0
404,2,110.0,433.0,76.0,221.0,1,1,1.0
405,2,107.0,431.0,84.0,223.0,1,1,1.0
406,2,105.0,429.0,89.0,224.0,1,1,1.0
407,2,104.0,429.0,92.0,223.0,1,1,1.0
408,2,105.0,428.0,93.0,222.0,1,1,1.0
409,2,106.0,428.0,92.0,221.0,1,1,1.0
410,2,109.0,426.0,90.0,218.0,1,1,1.0
411,2,115.0,423.0,86.0,213.0,1,1,1.0
412,2,124.0,419.0,75.0,209.0,1,1,1.0
413,2,134.0,416.0,65.0,208.0,1,1,1.0
414,2,140.0,414.0,59.0,209.0,1,1,1.0
415,2,145.0,412.0,63.0,210.0,1,1,1.0
416,2,148.0,411.0,72.0,210.0,1,1,1.0
417,2,151.0,410.0,79.0,209.0,1,1,1.0
418,2,152.0,409.0,82.0,209.0,1,1,1.0
419,2,153.0,408.0,83.0,209.0,1,1,1.0
420,2,158.0,406.0,79.0,205.0,1,1,1.0
421,2,168.0,404.0,70.0,200.0,1,1,1.0
422,2,178.0,401.0,60.0,200.0,1,1,1.0
423,2,185.0,398.0,57.0,202.0,1,1,1.0
424,2,191.0,396.0,60.0,203.0,1,1,1.0
425,2,195.0,394.0,79.0,204.0,1,1,1.0
426,2,198.0,393.0,89.0,203.0,1,1,1.0
427,2,202.0,392.0,92.0,204.0,1,1,1.0
428,2,208.0,390.0,89.0,204.0,1,1,1.0
429,2,217.0,388.0,80.0,200.0,1,1,1.0
430,2,229.0,386.0,69.0,196.0,1,1,1.0
431,2,238.0,383.0,61.0,192.0,1,1,1.0
432,2,245.0,381.0,63.0,194.0,1,1,1.0
433,2,253.0,380.0,61.0,193.0,1,1,1.0
434,2,259.0,379.0,71.0,193.0,1,1,1.0
435,2,264.0,379.0,83.0,194.0,1,1,1.0
436,2,267.0,378.0,95.0,194.0,1,1,1.0
437,2,268.0,378.0,101.0,193.0,1,1,1.0
438,2,271.0,377.0,101.0,194.0,1,1,1.0
439,2,280.0,375.0,93.0,190.0,1,1,1.0
440,2,292.0,373.0,81.0,190.0,1,1,1.0
441,2,307.0,370.0,67.0,191.0,1,1,1.0
442,2,321.0,367.0,54.0,193.0,1,1,1.0
443,2,324.0,367.0,63.0,193.0,1,1,1.0
444,2,326.0,366.0,82.0,193.0,1,1,1.0
445,2,332.0,365.0,98.0,194.0,1,1,1.0
446,2,339.0,364.0,104.0,194.0,1,1,1.0
447,2,347.0,362.0,104.0,195.0,1,1,1.0
448,2,358.0,361.0,95.0,192.0,1,1,1.0
449,2,373.0,359.0,81.0,189.0,1,1,1.0
450,2,390.0,356.0,62.0,191.0,1,1,1.0
451,2,401.0,354.0,54.0,191.0,1,1,1.0
452,2,410.0,353.0,63.0,190.0,1,1,1.0
453,2,416.0,352.0,78.0,191.0,1,1,1.0
454,2,419.0,352.0,91.0,191.0,1,1,1.0
455,2,421.0,351.0,100.0,190.0,1,1,1.0
456,2,423.0,351.0,104.0,190.0,1,1,1.0
457,2,427.0,350.0,103.0,189.0,1,1,1.0
458,2,437.0,349.0,94.0,186.0,1,1,1.0
459,2,452.0,347.0,78.0,186.0,1,1,1.0
460,2,472.0,344.0,58.0,187.0,1,1,1.0
461,2,485.0,343.0,52.0,188.0,1,1,1.0
462,2,488.0,341.0,68.0,190.0,1,1,1.0
463,2,487.0,340.0,89.0,190.0,1,1,1.0
464,2,488.0,340.0,102.0,190.0,1,1,1.0
465,2,491.0,339.0,110.0,190.0,1,1,1.0
466,2,498.0,339.0,109.0,190.0,1,1,1.0
467,2,509.0,338.0,101.0,189.0,1,1,1.0
468,2,525.0,336.0,86.0,186.0,1,1,1.0
469,2,546.0,333.0,65.0,183.0,1,1,1.0
470,2,562.0,332.0,54.0,184.0,1,1,1.0
471,2,571.0,330.0,54.0,184.0,1,1,1.0
472,2,575.0,328.0,70.0,185.0,1,1,1.0
473,2,578.0,328.0,87.0,185.0,1,1,1.0
474,2,579.0,328.0,100.0,184.0,1,1,1.0
475,2,582.0,328.0,106.0,183.0,1,1,1.0
476,2,585.0,328.0,107.0,183.0,1,1,1.0
477,2,595.0,327.0,98.0,180.0,1,1,1.0
478,2,611.0,325.0,82.0,179.0,1,1,1.0
479,2,630.0,323.0,65.0,181.0,1,1,1.0
480,2,646.0,320.0,53.0,183.0,1,1,1.0
481,2,646.0,319.0,66.0,184.0,1,1,1.0
482,2,644.0,318.0,87.0,185.0,1,1,1.0
483,2,644.0,317.0,99.0,185.0,1,1,1.0
484,2,647.0,317.0,106.0,185.0,1,1,1.0
485,2,653.0,317.0,107.0,185.0,1,1,1.0
486,2,663.0,316.0,99.0,184.0,1,1,1.0
487,2,678.0,315.0,85.0,179.0,1,1,1.0
488,2,697.0,313.0,66.0,178.0,1,1,1.0
489,2,714.0,311.0,52.0,178.0,1,1,1.0
490,2,724.0,309.0,49.0,177.0,1,1,1.0
491,2,729.0,309.0,61.0,177.0,1,1,1.0
492,2,731.0,308.0,78.0,177.0,1,1,1.0
493,2,733.0,308.0,91.0,176.0,1,1,1.0
494,2,734.0,308.0,98.0,175.0,1,1,1.0
495,2,735.0,307.0,102.0,175.0,1,1,1.0
496,2,742.0,307.0,97.0,175.0,1,1,1.0
497,2,753.0,305.0,86.0,173.0,1,1,1.0
498,2,769.0,303.0,74.0,173.0,1,1,1.0
499,2,787.0,301.0,60.0,174.0,1,1,1.0
500,2,798.0,299.0,59.0,176.0,1,1,1.0
501,2,798.0,299.0,67.0,176.0,1,1,1.0
502,2,797.0,298.0,77.0,176.0,1,1,1.0
503,2,796.0,298.0,87.0,175.0,1,1,1.0
504,2,798.0,298.0,93.0,175.0,1,1,1.0
505,2,805.0,297.0,92.0,175.0,1,1,1.0
506,2,819.0,296.0,81.0,172.0,1,1,1.0
507,2,834.0,294.0,65.0,165.0,1,1,1.0
508,2,850.0,292.0,53.0,164.0,1,1,1.0
509,2,862.0,291.0,45.0,166.0,1,1,1.0
510,2,866.0,290.0,52.0,167.0,1,1,1.0
511,2,871.0,289.0,60.0,166.0,1,1,1.0
512,2,872.0,288.0,69.0,168.0,1,1,1.0
513,2,874.0,288.0,82.0,168.0,1,1,1.0
514,2,875.0,289.0,88.0,167.0,1,1,1.0
515,2,879.0,289.0,87.0,166.0,1,1,1.0
516,2,889.0,288.0,79.0,164.0,1,1,1.0
517,2,902.0,286.0,68.0,165.0,1,1,1.0
518,2,917.0,284.0,56.0,165.0,1,1,1.0
519,2,930.0,282.0,50.0,165.0,1,1,1.0
520,2,930.0,281.0,59.0,164.0,1,1,1.0
521,2,929.0,281.0,69.0,165.0,1,1,1.0
522,2,930.0,282.0,78.0,165.0,1,1,1.0
523,2,933.0,282.0,85.0,166.0,1,1,1.0
524,2,938.0,282.0,87.0,166.0,1,1,1.0
525,2,946.0,281.0,83.0,164.0,1,1,1.0
526,2,958.0,281.0,76.0,161.0,1,1,1.0
527,2,975.0,280.0,62.0,159.0,1,1,1.0
528,2,992.0,279.0,49.0,160.0,1,1,1.0
529,2,1000.0,279.0,49.0,161.0,1,1,1.0
530,2,1002.0,277.0,63.0,161.0,1,1,1.0
531,2,1002.0,278.0,72.0,160.0,1,1,1.0
532,2,1003.0,279.0,81.0,159.0,1,1,1.0
533,2,1004.0,280.0,86.0,158.0,1,1,1.0
534,2,1009.0,280.0,84.0,157.0,1,1,1.0
535,2,1017.0,279.0,77.0,157.0,1,1,1.0
536,2,1030.0,278.0,66.0,157.0,1,1,1.0
537,2,1045.0,277.0,57.0,157.0,1,1,1.0
538,2,1057.0,276.0,52.0,158.0,1,1,1.0
539,2,1056.0,275.0,60.0,158.0,1,1,1.0
540,2,1054.0,275.0,68.0,158.0,1,1,1.0
541,2,1054.0,276.0,76.0,158.0,1,1,1.0
542,2,1057.0,276.0,82.0,158.0,1,1,1.0
543,2,1062.0,277.0,82.0,157.0,1,1,1.0
544,2,1068.0,276.0,78.0,152.0,1,1,1.0
545,2,1079.0,276.0,71.0,150.0,1,1,1.0
546,2,1094.0,276.0,60.0,148.0,1,1,1.0
547,2,1110.0,275.0,49.0,150.0,1,1,1.0
548,2,1119.0,274.0,45.0,150.0,1,1,1.0
549,2,1122.0,274.0,52.0,149.0,1,1,1.0
550,2,1122.0,274.0,62.0,149.0,1,1,1.0
551,2,1123.0,275.0,70.0,148.0,1,1,1.0
552,2,1124.0,275.0,74.0,148.0,1,1,1.0
553,2,1127.0,276.0,73.0,147.0,1,1,1.0
554,2,1134.0,275.0,69.0,146.0,1,1,1.0
555,2,1144.0,274.0,59.0,146.0,1,1,1.0
556,2,1155.0,273.0,53.0,146.0,1,1,1.0
557,2,1162.0,272.0,49.0,146.0,1,1,1.0
558,2,1161.0,272.0,57.0,147.0,1,1,1.0
559,2,1160.0,271.0,63.0,148.0,1,1,1.0
560,2,1160.0,270.0,71.0,148.0,1,1,1.0
561,2,1161.0,271.0,74.0,148.0,1,1,1.0
562,2,1173.0,271.0,66.0,147.0,1,1,1.0
564,2,1184.0,272.0,66.0,140.0,1,1,1.0
565,2,1194.0,270.0,62.0,141.0,1,1,1.0
566,2,1210.0,270.0,51.0,141.0,1,1,1.0
567,2,1217.0,268.0,49.0,143.0,1,1,1.0
568,2,1219.0,268.0,52.0,143.0,1,1,1.0
569,2,1219.0,267.0,61.0,143.0,1,1,1.0
570,2,1221.0,268.0,66.0,142.0,1,1,1.0
571,2,1221.0,269.0,70.0,141.0,1,1,1.0
572,2,1224.0,270.0,70.0,140.0,1,1,1.0
573,2,1230.0,270.0,65.0,138.0,1,1,1.0
574,2,1239.0,270.0,59.0,138.0,1,1,1.0
575,2,1250.0,270.0,52.0,138.0,1,1,1.0
576,2,1257.0,268.0,48.0,140.0,1,1,1.0
577,2,1257.0,267.0,53.0,140.0,1,1,1.0
578,2,1260.0,266.0,54.0,141.0,1,1,1.0
579,2,1255.0,266.0,63.0,142.0,1,1,1.0
580,2,1256.0,266.0,67.0,141.0,1,1,1.0
581,2,1268.0,266.0,58.0,141.0,1,1,1.0
582,2,1275.0,266.0,56.0,140.0,1,1,1.0
583,2,1282.0,266.0,50.0,138.0,1,1,1.0
584,2,1288.0,267.0,48.0,135.0,1,1,1.0
585,2,1297.0,265.0,43.0,135.0,1,1,1.0
586,2,1303.0,265.0,40.0,136.0,1,1,1.0
587,2,1304.0,264.0,43.0,136.0,1,1,1.0
588,2,1304.0,265.0,54.0,136.0,1,1,1.0
589,2,1304.0,265.0,63.0,135.0,1,1,1.0
590,2,1304.0,265.0,63.0,134.0,1,1,1.0
591,2,1306.0,265.0,63.0,135.0,1,1,1.0
592,2,1311.0,264.0,61.0,135.0,1,1,1.0
593,2,1318.0,264.0,56.0,133.0,1,1,1.0
594,2,1327.0,266.0,48.0,130.0,1,1,1.0
595,2,1335.0,263.0,45.0,132.0,1,1,1.0
596,2,1341.0,262.0,43.0,133.0,1,1,1.0
597,2,1336.0,262.0,53.0,134.0,1,1,1.0
598,2,1333.0,263.0,60.0,133.0,1,1,1.0
599,2,1332.0,263.0,65.0,132.0,1,1,1.0
600,2,1333.0,263.0,69.0,132.0,1,1,1.0
