1,1,1181.0,684.0,136.0,380.0,1,1,1.0
1,2,1030.0,681.0,151.0,383.0,1,1,1.0
2,1,1181.0,681.0,132.0,383.0,1,1,1.0
2,2,1029.0,677.0,157.0,386.0,1,1,1.0
3,1,1180.0,677.0,128.0,373.0,1,1,1.0
3,2,1028.0,670.0,162.0,390.0,1,1,1.0
4,1,1179.0,672.0,126.0,369.0,1,1,1.0
4,2,1028.0,663.0,162.0,380.0,1,1,1.0
5,1,1179.0,665.0,124.0,357.0,1,1,1.0
5,2,1029.0,654.0,159.0,371.0,1,1,1.0
6,1,1179.0,657.0,125.0,342.0,1,1,1.0
6,2,1031.0,646.0,156.0,355.0,1,1,1.0
7,1,1179.0,649.0,125.0,334.0,1,1,1.0
7,2,1034.0,639.0,155.0,346.0,1,1,1.0
8,1,1179.0,643.0,128.0,336.0,1,1,1.0
8,2,1037.0,632.0,151.0,346.0,1,1,1.0
9,1,1179.0,638.0,137.0,340.0,1,1,1.0
9,2,1040.0,627.0,144.0,350.0,1,1,1.0
10,1,1178.0,633.0,144.0,343.0,1,1,1.0
10,2,1043.0,623.0,138.0,353.0,1,1,1.0
11,1,1178.0,630.0,148.0,345.0,1,1,1.0
11,2,1045.0,621.0,133.0,356.0,1,1,1.0
12,1,1177.0,627.0,149.0,345.0,1,1,1.0
12,2,1045.0,619.0,130.0,357.0,1,1,1.0
13,1,1177.0,623.0,148.0,340.0,1,1,1.0
13,2,1044.0,616.0,128.0,360.0,1,1,1.0
14,1,1176.0,617.0,144.0,339.0,1,1,1.0
14,2,1042.0,611.0,128.0,356.0,1,1,1.0
15,1,1175.0,611.0,139.0,331.0,1,1,1.0
15,2,1039.0,605.0,130.0,352.0,1,1,1.0
16,1,1174.0,604.0,127.0,319.0,1,1,1.0
16,2,1036.0,598.0,132.0,339.0,1,1,1.0
17,1,1172.0,598.0,121.0,313.0,1,1,1.0
17,2,1033.0,592.0,134.0,325.0,1,1,1.0
18,1,1171.0,591.0,119.0,313.0,1,1,1.0
18,2,1032.0,586.0,136.0,320.0,1,1,1.0
19,1,1169.0,587.0,118.0,317.0,1,1,1.0
19,2,1032.0,581.0,135.0,322.0,1,1,1.0
20,1,1168.0,583.0,115.0,320.0,1,1,1.0
20,2,1033.0,577.0,134.0,325.0,1,1,1.0
21,1,1167.0,580.0,112.0,322.0,1,1,1.0
21,2,1036.0,575.0,131.0,326.0,1,1,1.0
22,1,1167.0,577.0,109.0,325.0,1,1,1.0
22,2,1038.0,572.0,129.0,328.0,1,1,1.0
23,1,1165.0,575.0,107.0,319.0,1,1,1.0
23,2,1041.0,570.0,125.0,328.0,1,1,1.0
24,1,1164.0,571.0,105.0,317.0,1,1,1.0
24,2,1043.0,566.0,123.0,325.0,1,1,1.0
25,1,1163.0,567.0,106.0,312.0,1,1,1.0
25,2,1044.0,561.0,122.0,321.0,1,1,1.0
26,1,1162.0,562.0,105.0,301.0,1,1,1.0
26,2,1044.0,555.0,123.0,317.0,1,1,1.0
27,1,1163.0,557.0,103.0,291.0,1,1,1.0
27,2,1045.0,550.0,125.0,307.0,1,1,1.0
28,1,1164.0,552.0,103.0,290.0,1,1,1.0
28,2,1046.0,545.0,125.0,303.0,1,1,1.0
29,1,1164.0,547.0,110.0,293.0,1,1,1.0
29,2,1049.0,540.0,123.0,301.0,1,1,1.0
30,1,1164.0,544.0,117.0,296.0,1,1,1.0
30,2,1051.0,536.0,121.0,304.0,1,1,1.0
31,1,1165.0,541.0,121.0,298.0,1,1,1.0
31,2,1052.0,534.0,120.0,306.0,1,1,1.0
32,1,1163.0,539.0,125.0,297.0,1,1,1.0
32,2,1053.0,532.0,120.0,306.0,1,1,1.0
33,1,1163.0,537.0,125.0,294.0,1,1,1.0
33,2,1053.0,531.0,118.0,307.0,1,1,1.0
34,1,1163.0,534.0,125.0,294.0,1,1,1.0
34,2,1053.0,529.0,116.0,307.0,1,1,1.0
35,1,1163.0,530.0,121.0,291.0,1,1,1.0
35,2,1052.0,526.0,114.0,304.0,1,1,1.0
36,1,1163.0,525.0,113.0,286.0,1,1,1.0
36,2,1052.0,522.0,112.0,300.0,1,1,1.0
37,1,1163.0,519.0,104.0,279.0,1,1,1.0
37,2,1050.0,517.0,112.0,289.0,1,1,1.0
38,1,1162.0,514.0,99.0,277.0,1,1,1.0
38,2,1050.0,512.0,111.0,278.0,1,1,1.0
39,1,1160.0,510.0,97.0,277.0,1,1,1.0
39,2,1049.0,507.0,111.0,277.0,1,1,1.0
40,1,1159.0,507.0,96.0,279.0,1,1,1.0
40,2,1049.0,502.0,110.0,279.0,1,1,1.0
41,1,1159.0,505.0,92.0,281.0,1,1,1.0
41,2,1051.0,500.0,109.0,280.0,1,1,1.0
42,1,1160.0,503.0,89.0,282.0,1,1,1.0
42,2,1052.0,499.0,107.0,281.0,1,1,1.0
43,1,1159.0,502.0,87.0,277.0,1,1,1.0
43,2,1055.0,497.0,104.0,282.0,1,1,1.0
44,1,1159.0,499.0,86.0,276.0,1,1,1.0
44,2,1057.0,496.0,103.0,283.0,1,1,1.0
45,1,1158.0,495.0,86.0,273.0,1,1,1.0
45,2,1058.0,493.0,103.0,281.0,1,1,1.0
46,1,1157.0,491.0,87.0,266.0,1,1,1.0
46,2,1059.0,489.0,104.0,279.0,1,1,1.0
47,1,1157.0,487.0,86.0,258.0,1,1,1.0
47,2,1060.0,484.0,104.0,275.0,1,1,1.0
48,1,1158.0,483.0,87.0,256.0,1,1,1.0
48,2,1061.0,479.0,104.0,266.0,1,1,1.0
49,1,1159.0,479.0,93.0,258.0,1,1,1.0
49,2,1061.0,475.0,104.0,263.0,1,1,1.0
50,1,1158.0,477.0,102.0,259.0,1,1,1.0
50,2,1063.0,472.0,103.0,264.0,1,1,1.0
51,1,1159.0,476.0,107.0,261.0,1,1,1.0
51,2,1064.0,470.0,101.0,265.0,1,1,1.0
52,1,1159.0,474.0,109.0,262.0,1,1,1.0
52,2,1066.0,469.0,99.0,266.0,1,1,1.0
53,1,1158.0,473.0,111.0,261.0,1,1,1.0
53,2,1067.0,468.0,98.0,266.0,1,1,1.0
54,1,1158.0,471.0,112.0,257.0,1,1,1.0
54,2,1068.0,468.0,97.0,266.0,1,1,1.0
55,1,1158.0,469.0,110.0,256.0,1,1,1.0
55,2,1067.0,466.0,94.0,266.0,1,1,1.0
56,1,1159.0,465.0,106.0,247.0,1,1,1.0
56,2,1066.0,463.0,92.0,263.0,1,1,1.0
57,1,1161.0,462.0,95.0,242.0,1,1,1.0
57,2,1064.0,460.0,92.0,257.0,1,1,1.0
58,1,1162.0,457.0,86.0,242.0,1,1,1.0
58,2,1062.0,456.0,93.0,248.0,1,1,1.0
59,1,1162.0,454.0,81.0,243.0,1,1,1.0
59,2,1058.0,452.0,95.0,242.0,1,1,1.0
60,1,1161.0,452.0,80.0,245.0,1,1,1.0
60,2,1056.0,448.0,98.0,242.0,1,1,1.0
61,1,1158.0,450.0,79.0,246.0,1,1,1.0
61,2,1055.0,445.0,98.0,243.0,1,1,1.0
62,1,1156.0,449.0,78.0,247.0,1,1,1.0
62,2,1055.0,443.0,98.0,245.0,1,1,1.0
63,1,1156.0,448.0,76.0,245.0,1,1,1.0
63,2,1057.0,442.0,96.0,245.0,1,1,1.0
64,1,1155.0,447.0,74.0,244.0,1,1,1.0
64,2,1058.0,442.0,94.0,246.0,1,1,1.0
65,1,1154.0,444.0,73.0,242.0,1,1,1.0
65,2,1059.0,441.0,93.0,246.0,1,1,1.0
66,1,1153.0,441.0,73.0,236.0,1,1,1.0
66,2,1060.0,440.0,92.0,248.0,1,1,1.0
67,1,1153.0,437.0,73.0,229.0,1,1,1.0
67,2,1061.0,437.0,92.0,246.0,1,1,1.0
68,1,1153.0,433.0,73.0,226.0,1,1,1.0
68,2,1061.0,433.0,93.0,244.0,1,1,1.0
69,1,1152.0,430.0,75.0,226.0,1,1,1.0
69,2,1062.0,430.0,93.0,233.0,1,1,1.0
70,1,1152.0,428.0,78.0,228.0,1,1,1.0
70,2,1063.0,426.0,93.0,229.0,1,1,1.0
71,1,1152.0,426.0,83.0,230.0,1,1,1.0
71,2,1064.0,423.0,92.0,230.0,1,1,1.0
72,1,1152.0,425.0,86.0,230.0,1,1,1.0
72,2,1067.0,421.0,89.0,232.0,1,1,1.0
73,1,1152.0,424.0,87.0,227.0,1,1,1.0
73,2,1070.0,419.0,87.0,233.0,1,1,1.0
74,1,1152.0,423.0,87.0,225.0,1,1,1.0
74,2,1072.0,418.0,85.0,233.0,1,1,1.0
75,1,1153.0,422.0,87.0,225.0,1,1,1.0
75,2,1073.0,418.0,83.0,233.0,1,1,1.0
76,1,1153.0,419.0,85.0,218.0,1,1,1.0
76,2,1073.0,417.0,83.0,234.0,1,1,1.0
77,1,1151.0,416.0,81.0,212.0,1,1,1.0
77,2,1072.0,416.0,83.0,231.0,1,1,1.0
78,1,1150.0,413.0,75.0,212.0,1,1,1.0
78,2,1071.0,413.0,83.0,232.0,1,1,1.0
79,1,1150.0,410.0,72.0,213.0,1,1,1.0
79,2,1070.0,411.0,84.0,225.0,1,1,1.0
80,1,1150.0,409.0,70.0,214.0,1,1,1.0
80,2,1069.0,407.0,85.0,218.0,1,1,1.0
81,1,1149.0,408.0,68.0,215.0,1,1,1.0
81,2,1068.0,405.0,85.0,215.0,1,1,1.0
82,1,1149.0,407.0,66.0,215.0,1,1,1.0
82,2,1069.0,402.0,85.0,215.0,1,1,1.0
83,1,1150.0,407.0,64.0,213.0,1,1,1.0
83,2,1069.0,400.0,85.0,216.0,1,1,1.0
84,1,1150.0,405.0,62.0,212.0,1,1,1.0
84,2,1071.0,400.0,84.0,217.0,1,1,1.0
85,1,1149.0,403.0,62.0,212.0,1,1,1.0
85,2,1073.0,399.0,82.0,217.0,1,1,1.0
86,1,1149.0,401.0,62.0,208.0,1,1,1.0
86,2,1076.0,399.0,79.0,216.0,1,1,1.0
87,1,1150.0,398.0,61.0,203.0,1,1,1.0
87,2,1078.0,397.0,78.0,216.0,1,1,1.0
88,1,1149.0,395.0,62.0,201.0,1,1,1.0
88,2,1080.0,395.0,80.0,214.0,1,1,1.0
89,1,1149.0,392.0,67.0,201.0,1,1,1.0
89,2,1082.0,393.0,80.0,209.0,1,1,1.0
90,1,1149.0,391.0,74.0,203.0,1,1,1.0
90,2,1083.0,389.0,80.0,205.0,1,1,1.0
91,1,1149.0,389.0,80.0,204.0,1,1,1.0
91,2,1083.0,386.0,80.0,206.0,1,1,1.0
92,1,1149.0,388.0,82.0,204.0,1,1,1.0
92,2,1082.0,384.0,81.0,206.0,1,1,1.0
93,1,1149.0,388.0,84.0,204.0,1,1,1.0
93,2,1082.0,383.0,82.0,207.0,1,1,1.0
94,1,1149.0,387.0,84.0,202.0,1,1,1.0
94,2,1083.0,383.0,81.0,207.0,1,1,1.0
95,1,1149.0,386.0,83.0,201.0,1,1,1.0
95,2,1083.0,383.0,81.0,207.0,1,1,1.0
96,1,1148.0,384.0,80.0,193.0,1,1,1.0
96,2,1084.0,383.0,80.0,206.0,1,1,1.0
97,1,1146.0,381.0,74.0,190.0,1,1,1.0
97,2,1083.0,382.0,80.0,207.0,1,1,1.0
98,1,1145.0,378.0,66.0,190.0,1,1,1.0
98,2,1083.0,380.0,80.0,207.0,1,1,1.0
99,1,1144.0,376.0,61.0,191.0,1,1,1.0
99,2,1083.0,377.0,78.0,193.0,1,1,1.0
100,1,1141.0,374.0,61.0,192.0,1,1,1.0
100,2,1083.0,375.0,78.0,190.0,1,1,1.0
101,1,1139.0,374.0,61.0,193.0,1,1,1.0
101,2,1083.0,372.0,77.0,191.0,1,1,1.0
102,1,1139.0,373.0,60.0,193.0,1,1,1.0
102,2,1083.0,369.0,77.0,193.0,1,1,1.0
103,1,1138.0,372.0,58.0,192.0,1,1,1.0
103,2,1083.0,368.0,76.0,194.0,1,1,1.0
104,1,1139.0,372.0,55.0,191.0,1,1,1.0
104,2,1084.0,367.0,75.0,195.0,1,1,1.0
105,1,1139.0,371.0,53.0,191.0,1,1,1.0
105,2,1088.0,367.0,71.0,195.0,1,1,1.0
106,1,1139.0,370.0,52.0,188.0,1,1,1.0
106,2,1090.0,367.0,68.0,195.0,1,1,1.0
107,1,1138.0,368.0,52.0,180.0,1,1,1.0
107,2,1091.0,367.0,67.0,195.0,1,1,1.0
108,1,1137.0,365.0,53.0,179.0,1,1,1.0
108,2,1091.0,366.0,68.0,194.0,1,1,1.0
109,1,1137.0,363.0,56.0,180.0,1,1,1.0
109,2,1091.0,364.0,67.0,192.0,1,1,1.0
110,1,1137.0,361.0,60.0,181.0,1,1,1.0
110,2,1091.0,362.0,67.0,188.0,1,1,1.0
111,1,1138.0,359.0,63.0,178.0,1,1,1.0
111,2,1091.0,360.0,67.0,186.0,1,1,1.0
112,1,1137.0,359.0,66.0,181.0,1,1,1.0
112,2,1091.0,357.0,67.0,186.0,1,1,1.0
113,1,1136.0,358.0,67.0,182.0,1,1,1.0
113,2,1089.0,355.0,68.0,187.0,1,1,1.0
114,2,1089.0,354.0,68.0,187.0,1,1,1.0
115,2,1087.0,354.0,69.0,187.0,1,1,1.0
116,1,1134.0,356.0,64.0,180.0,1,1,1.0
116,2,1086.0,354.0,69.0,187.0,1,1,1.0
117,1,1134.0,354.0,59.0,175.0,1,1,1.0
117,2,1084.0,355.0,70.0,187.0,1,1,1.0
118,1,1131.0,352.0,55.0,172.0,1,1,1.0
118,2,1083.0,355.0,68.0,187.0,1,1,1.0
119,1,1128.0,350.0,52.0,172.0,1,1,1.0
119,2,1082.0,354.0,66.0,186.0,1,1,1.0
120,1,1126.0,349.0,51.0,174.0,1,1,1.0
120,2,1080.0,353.0,65.0,185.0,1,1,1.0
121,1,1120.0,348.0,55.0,175.0,1,1,1.0
121,2,1079.0,351.0,64.0,175.0,1,1,1.0
122,1,1121.0,347.0,53.0,175.0,1,1,1.0
122,2,1077.0,349.0,63.0,173.0,1,1,1.0
123,1,1121.0,347.0,51.0,175.0,1,1,1.0
123,2,1073.0,346.0,64.0,174.0,1,1,1.0
124,1,1123.0,347.0,47.0,174.0,1,1,1.0
124,2,1072.0,344.0,64.0,176.0,1,1,1.0
125,1,1123.0,347.0,46.0,172.0,1,1,1.0
125,2,1069.0,343.0,64.0,177.0,1,1,1.0
126,1,1121.0,346.0,47.0,170.0,1,1,1.0
126,2,1069.0,343.0,63.0,177.0,1,1,1.0
127,1,1120.0,344.0,47.0,166.0,1,1,1.0
127,2,1070.0,343.0,61.0,177.0,1,1,1.0
128,1,1120.0,342.0,47.0,164.0,1,1,1.0
128,2,1069.0,343.0,60.0,177.0,1,1,1.0
129,1,1119.0,341.0,49.0,163.0,1,1,1.0
129,2,1066.0,342.0,62.0,176.0,1,1,1.0
130,1,1117.0,339.0,54.0,164.0,1,1,1.0
130,2,1061.0,341.0,66.0,176.0,1,1,1.0
131,1,1116.0,338.0,59.0,165.0,1,1,1.0
131,2,1055.0,339.0,70.0,175.0,1,1,1.0
132,1,1116.0,337.0,62.0,166.0,1,1,1.0
132,2,1050.0,337.0,74.0,170.0,1,1,1.0
133,1,1116.0,337.0,62.0,166.0,1,1,1.0
133,2,1049.0,335.0,74.0,169.0,1,1,1.0
134,1,1116.0,337.0,55.0,165.0,1,1,1.0
134,2,1051.0,334.0,72.0,169.0,1,1,1.0
135,1,1115.0,337.0,52.0,164.0,1,1,1.0
135,2,1053.0,333.0,68.0,169.0,1,1,1.0
136,1,1114.0,336.0,57.0,164.0,1,1,1.0
136,2,1056.0,332.0,64.0,170.0,1,1,1.0
137,1,1112.0,335.0,59.0,160.0,1,1,1.0
137,2,1056.0,333.0,63.0,170.0,1,1,1.0
138,1,1111.0,333.0,58.0,157.0,1,1,1.0
138,2,1054.0,333.0,62.0,169.0,1,1,1.0
139,1,1109.0,330.0,53.0,157.0,1,1,1.0
139,2,1053.0,333.0,61.0,169.0,1,1,1.0
140,1,1107.0,329.0,50.0,157.0,1,1,1.0
140,2,1052.0,332.0,57.0,167.0,1,1,1.0
141,1,1104.0,328.0,50.0,157.0,1,1,1.0
141,2,1049.0,330.0,57.0,158.0,1,1,1.0
142,1,1101.0,327.0,50.0,156.0,1,1,1.0
142,2,1045.0,328.0,60.0,159.0,1,1,1.0
143,1,1098.0,327.0,51.0,156.0,1,1,1.0
143,2,1041.0,325.0,62.0,158.0,1,1,1.0
144,1,1097.0,327.0,49.0,156.0,1,1,1.0
144,2,1037.0,323.0,64.0,159.0,1,1,1.0
145,1,1097.0,327.0,47.0,156.0,1,1,1.0
145,2,1035.0,322.0,64.0,160.0,1,1,1.0
146,1,1096.0,327.0,46.0,155.0,1,1,1.0
146,2,1033.0,322.0,65.0,160.0,1,1,1.0
147,1,1096.0,326.0,46.0,152.0,1,1,1.0
147,2,1033.0,322.0,64.0,160.0,1,1,1.0
148,1,1094.0,324.0,47.0,150.0,1,1,1.0
148,2,1033.0,321.0,63.0,160.0,1,1,1.0
149,1,1093.0,322.0,48.0,148.0,1,1,1.0
149,2,1033.0,321.0,61.0,159.0,1,1,1.0
150,1,1090.0,321.0,53.0,148.0,1,1,1.0
150,2,1034.0,321.0,60.0,160.0,1,1,1.0
151,1,1089.0,319.0,57.0,150.0,1,1,1.0
151,2,1034.0,320.0,60.0,160.0,1,1,1.0
152,1,1088.0,319.0,61.0,150.0,1,1,1.0
152,2,1034.0,318.0,59.0,157.0,1,1,1.0
153,1,1087.0,319.0,64.0,151.0,1,1,1.0
153,2,1035.0,316.0,58.0,154.0,1,1,1.0
154,1,1087.0,319.0,66.0,150.0,1,1,1.0
154,2,1034.0,315.0,58.0,154.0,1,1,1.0
155,1,1087.0,319.0,66.0,149.0,1,1,1.0
155,2,1034.0,313.0,58.0,155.0,1,1,1.0
156,1,1087.0,318.0,59.0,149.0,1,1,1.0
156,2,1033.0,312.0,57.0,155.0,1,1,1.0
157,1,1087.0,317.0,62.0,146.0,1,1,1.0
157,2,1033.0,311.0,57.0,156.0,1,1,1.0
158,1,1087.0,315.0,60.0,144.0,1,1,1.0
158,2,1033.0,312.0,56.0,156.0,1,1,1.0
159,1,1084.0,313.0,56.0,144.0,1,1,1.0
159,2,1033.0,312.0,55.0,155.0,1,1,1.0
160,1,1083.0,311.0,52.0,145.0,1,1,1.0
160,2,1033.0,312.0,53.0,155.0,1,1,1.0
161,1,1081.0,310.0,51.0,146.0,1,1,1.0
161,2,1032.0,312.0,52.0,154.0,1,1,1.0
162,1,1080.0,310.0,49.0,146.0,1,1,1.0
162,2,1030.0,311.0,52.0,153.0,1,1,1.0
163,1,1079.0,310.0,47.0,146.0,1,1,1.0
163,2,1028.0,310.0,53.0,148.0,1,1,1.0
164,1,1079.0,310.0,45.0,145.0,1,1,1.0
164,2,1026.0,308.0,54.0,146.0,1,1,1.0
165,1,1077.0,310.0,44.0,144.0,1,1,1.0
165,2,1023.0,307.0,55.0,146.0,1,1,1.0
166,1,1077.0,310.0,43.0,144.0,1,1,1.0
166,2,1021.0,305.0,56.0,147.0,1,1,1.0
167,1,1075.0,309.0,44.0,143.0,1,1,1.0
167,2,1020.0,305.0,56.0,147.0,1,1,1.0
168,1,1074.0,308.0,44.0,140.0,1,1,1.0
168,2,1020.0,304.0,55.0,147.0,1,1,1.0
169,1,1073.0,306.0,45.0,138.0,1,1,1.0
169,2,1020.0,305.0,55.0,147.0,1,1,1.0
170,1,1071.0,304.0,50.0,139.0,1,1,1.0
170,2,1021.0,305.0,54.0,146.0,1,1,1.0
171,1,1070.0,303.0,55.0,140.0,1,1,1.0
171,2,1021.0,305.0,53.0,146.0,1,1,1.0
172,1,1069.0,302.0,60.0,141.0,1,1,1.0
172,2,1021.0,304.0,53.0,146.0,1,1,1.0
173,1,1067.0,302.0,63.0,141.0,1,1,1.0
173,2,1021.0,303.0,52.0,145.0,1,1,1.0
174,1,1066.0,302.0,64.0,141.0,1,1,1.0
174,2,1021.0,301.0,52.0,142.0,1,1,1.0
175,1,1066.0,302.0,63.0,141.0,1,1,1.0
175,2,1020.0,299.0,53.0,141.0,1,1,1.0
176,1,1066.0,301.0,61.0,141.0,1,1,1.0
176,2,1019.0,298.0,53.0,142.0,1,1,1.0
177,1,1066.0,300.0,58.0,140.0,1,1,1.0
177,2,1019.0,297.0,53.0,143.0,1,1,1.0
178,1,1065.0,300.0,54.0,136.0,1,1,1.0
178,2,1019.0,296.0,53.0,143.0,1,1,1.0
179,1,1064.0,299.0,50.0,134.0,1,1,1.0
179,2,1019.0,296.0,52.0,143.0,1,1,1.0
180,1,1062.0,297.0,45.0,132.0,1,1,1.0
180,2,1018.0,297.0,51.0,142.0,1,1,1.0
181,1,1061.0,296.0,43.0,132.0,1,1,1.0
181,2,1018.0,297.0,50.0,142.0,1,1,1.0
182,1,1059.0,295.0,43.0,132.0,1,1,1.0
182,2,1018.0,297.0,49.0,141.0,1,1,1.0
183,1,1058.0,295.0,42.0,134.0,1,1,1.0
183,2,1018.0,297.0,47.0,141.0,1,1,1.0
184,1,1057.0,295.0,41.0,134.0,1,1,1.0
184,2,1017.0,296.0,46.0,141.0,1,1,1.0
185,1,1055.0,295.0,41.0,134.0,1,1,1.0
185,2,1015.0,295.0,46.0,137.0,1,1,1.0
186,1,1054.0,295.0,41.0,133.0,1,1,1.0
186,2,1014.0,293.0,47.0,135.0,1,1,1.0
187,1,1053.0,295.0,40.0,132.0,1,1,1.0
187,2,1010.0,292.0,49.0,135.0,1,1,1.0
188,1,1053.0,294.0,39.0,130.0,1,1,1.0
188,2,1007.0,290.0,52.0,136.0,1,1,1.0
189,1,1053.0,293.0,40.0,128.0,1,1,1.0
189,2,1003.0,289.0,56.0,137.0,1,1,1.0
190,1,1053.0,291.0,40.0,128.0,1,1,1.0
190,2,1001.0,289.0,58.0,137.0,1,1,1.0
191,1,1052.0,289.0,45.0,129.0,1,1,1.0
191,2,999.0,289.0,60.0,136.0,1,1,1.0
192,1,1051.0,288.0,50.0,129.0,1,1,1.0
192,2,998.0,289.0,59.0,136.0,1,1,1.0
193,1,1050.0,288.0,54.0,130.0,1,1,1.0
193,2,998.0,288.0,57.0,136.0,1,1,1.0
194,1,1050.0,288.0,54.0,130.0,1,1,1.0
194,2,999.0,288.0,55.0,136.0,1,1,1.0
195,1,1049.0,288.0,47.0,130.0,1,1,1.0
195,2,999.0,287.0,53.0,135.0,1,1,1.0
196,1,1049.0,288.0,44.0,130.0,1,1,1.0
196,2,1000.0,286.0,50.0,132.0,1,1,1.0
197,1,1049.0,287.0,44.0,128.0,1,1,1.0
197,2,1001.0,285.0,49.0,131.0,1,1,1.0
198,1,1048.0,287.0,50.0,127.0,1,1,1.0
198,2,1002.0,285.0,48.0,130.0,1,1,1.0
199,1,1048.0,286.0,49.0,126.0,1,1,1.0
199,2,1002.0,284.0,48.0,131.0,1,1,1.0
200,1,1047.0,284.0,45.0,125.0,1,1,1.0
200,2,1001.0,283.0,48.0,131.0,1,1,1.0
201,1,1046.0,283.0,42.0,126.0,1,1,1.0
201,2,1001.0,284.0,48.0,131.0,1,1,1.0
202,1,1045.0,283.0,40.0,125.0,1,1,1.0
202,2,1000.0,284.0,48.0,131.0,1,1,1.0
203,1,1043.0,282.0,40.0,125.0,1,1,1.0
203,2,999.0,284.0,48.0,130.0,1,1,1.0
204,1,1041.0,282.0,40.0,125.0,1,1,1.0
204,2,998.0,284.0,47.0,130.0,1,1,1.0
205,1,1040.0,282.0,40.0,125.0,1,1,1.0
205,2,997.0,284.0,47.0,130.0,1,1,1.0
206,1,1040.0,282.0,38.0,124.0,1,1,1.0
206,2,996.0,283.0,46.0,129.0,1,1,1.0
207,1,1039.0,283.0,37.0,123.0,1,1,1.0
207,2,995.0,281.0,46.0,127.0,1,1,1.0
208,1,1038.0,282.0,37.0,122.0,1,1,1.0
208,2,994.0,279.0,46.0,126.0,1,1,1.0
209,1,1038.0,281.0,37.0,122.0,1,1,1.0
209,2,993.0,278.0,46.0,126.0,1,1,1.0
210,1,1037.0,280.0,38.0,120.0,1,1,1.0
210,2,993.0,277.0,46.0,127.0,1,1,1.0
211,1,1036.0,278.0,38.0,120.0,1,1,1.0
211,2,992.0,277.0,47.0,127.0,1,1,1.0
212,1,1035.0,277.0,41.0,121.0,1,1,1.0
212,2,991.0,277.0,47.0,127.0,1,1,1.0
213,1,1035.0,277.0,45.0,121.0,1,1,1.0
213,2,991.0,277.0,47.0,126.0,1,1,1.0
214,1,1035.0,277.0,47.0,119.0,1,1,1.0
214,2,991.0,277.0,47.0,126.0,1,1,1.0
215,1,1035.0,277.0,44.0,118.0,1,1,1.0
215,2,991.0,277.0,47.0,125.0,1,1,1.0
216,1,1035.0,277.0,43.0,119.0,1,1,1.0
216,2,992.0,276.0,46.0,125.0,1,1,1.0
217,1,1035.0,277.0,43.0,119.0,1,1,1.0
217,2,993.0,275.0,45.0,123.0,1,1,1.0
218,1,1035.0,277.0,44.0,119.0,1,1,1.0
218,2,993.0,274.0,44.0,122.0,1,1,1.0
219,1,1035.0,277.0,44.0,117.0,1,1,1.0
219,2,993.0,273.0,44.0,122.0,1,1,1.0
220,1,1035.0,275.0,41.0,115.0,1,1,1.0
220,2,993.0,272.0,45.0,122.0,1,1,1.0
221,1,1035.0,274.0,38.0,113.0,1,1,1.0
221,2,992.0,272.0,51.0,122.0,1,1,1.0
222,1,1035.0,273.0,36.0,114.0,1,1,1.0
222,2,992.0,271.0,48.0,122.0,1,1,1.0
223,1,1034.0,273.0,36.0,115.0,1,1,1.0
223,2,992.0,271.0,47.0,122.0,1,1,1.0
224,1,1033.0,273.0,35.0,114.0,1,1,1.0
224,2,992.0,272.0,45.0,122.0,1,1,1.0
225,1,1033.0,273.0,35.0,113.0,1,1,1.0
225,2,991.0,272.0,45.0,121.0,1,1,1.0
226,1,1032.0,273.0,35.0,114.0,1,1,1.0
226,2,989.0,272.0,45.0,121.0,1,1,1.0
227,1,1031.0,273.0,34.0,114.0,1,1,1.0
227,2,988.0,272.0,45.0,121.0,1,1,1.0
228,1,1031.0,273.0,34.0,115.0,1,1,1.0
228,2,988.0,271.0,44.0,119.0,1,1,1.0
229,1,1030.0,272.0,34.0,115.0,1,1,1.0
229,2,987.0,270.0,43.0,117.0,1,1,1.0
230,1,1029.0,271.0,34.0,113.0,1,1,1.0
230,2,986.0,269.0,43.0,116.0,1,1,1.0
231,1,1029.0,270.0,35.0,113.0,1,1,1.0
231,2,985.0,267.0,44.0,118.0,1,1,1.0
232,1,1028.0,268.0,39.0,114.0,1,1,1.0
232,2,984.0,266.0,45.0,118.0,1,1,1.0
233,1,1028.0,267.0,42.0,115.0,1,1,1.0
233,2,982.0,266.0,47.0,118.0,1,1,1.0
234,1,1027.0,267.0,38.0,115.0,1,1,1.0
234,2,981.0,266.0,48.0,118.0,1,1,1.0
235,1,1027.0,267.0,36.0,115.0,1,1,1.0
235,2,980.0,267.0,48.0,117.0,1,1,1.0
236,1,1026.0,267.0,36.0,114.0,1,1,1.0
236,2,980.0,267.0,48.0,117.0,1,1,1.0
237,1,1026.0,267.0,36.0,113.0,1,1,1.0
237,2,980.0,267.0,47.0,117.0,1,1,1.0
238,1,1026.0,268.0,35.0,112.0,1,1,1.0
238,2,981.0,267.0,46.0,117.0,1,1,1.0
239,1,1026.0,267.0,36.0,112.0,1,1,1.0
239,2,981.0,266.0,45.0,116.0,1,1,1.0
240,1,1025.0,266.0,38.0,112.0,1,1,1.0
240,2,982.0,264.0,44.0,114.0,1,1,1.0
241,1,1024.0,265.0,39.0,112.0,1,1,1.0
241,2,983.0,263.0,43.0,114.0,1,1,1.0
242,1,1024.0,264.0,38.0,111.0,1,1,1.0
242,2,983.0,263.0,43.0,114.0,1,1,1.0
243,1,1023.0,264.0,36.0,110.0,1,1,1.0
243,2,983.0,262.0,42.0,114.0,1,1,1.0
244,1,1023.0,264.0,35.0,110.0,1,1,1.0
244,2,983.0,262.0,42.0,114.0,1,1,1.0
245,1,1022.0,264.0,35.0,110.0,1,1,1.0
245,2,983.0,262.0,41.0,115.0,1,1,1.0
246,1,1022.0,264.0,35.0,109.0,1,1,1.0
246,2,983.0,262.0,40.0,114.0,1,1,1.0
247,1,1021.0,264.0,34.0,108.0,1,1,1.0
247,2,983.0,262.0,40.0,114.0,1,1,1.0
248,1,1021.0,264.0,33.0,108.0,1,1,1.0
248,2,982.0,262.0,40.0,114.0,1,1,1.0
249,1,1020.0,263.0,33.0,109.0,1,1,1.0
249,2,980.0,262.0,40.0,114.0,1,1,1.0
250,1,1019.0,262.0,33.0,109.0,1,1,1.0
250,2,978.0,261.0,41.0,111.0,1,1,1.0
251,1,1019.0,261.0,33.0,107.0,1,1,1.0
251,2,977.0,261.0,42.0,109.0,1,1,1.0
252,1,1018.0,260.0,33.0,106.0,1,1,1.0
252,2,976.0,260.0,42.0,109.0,1,1,1.0
253,1,1018.0,260.0,33.0,107.0,1,1,1.0
253,2,975.0,259.0,43.0,109.0,1,1,1.0
254,1,1017.0,259.0,35.0,107.0,1,1,1.0
254,2,974.0,259.0,44.0,110.0,1,1,1.0
255,1,1017.0,258.0,33.0,107.0,1,1,1.0
255,2,973.0,259.0,44.0,110.0,1,1,1.0
256,1,1017.0,258.0,33.0,107.0,1,1,1.0
256,2,973.0,259.0,44.0,110.0,1,1,1.0
257,1,1017.0,258.0,34.0,106.0,1,1,1.0
257,2,973.0,259.0,44.0,109.0,1,1,1.0
258,1,1017.0,259.0,39.0,106.0,1,1,1.0
258,2,973.0,259.0,44.0,109.0,1,1,1.0
259,1,1017.0,259.0,38.0,105.0,1,1,1.0
259,2,974.0,259.0,43.0,109.0,1,1,1.0
260,1,1017.0,259.0,36.0,105.0,1,1,1.0
260,2,974.0,258.0,43.0,109.0,1,1,1.0
261,1,1017.0,258.0,34.0,104.0,1,1,1.0
261,2,975.0,257.0,43.0,108.0,1,1,1.0
262,1,1017.0,257.0,33.0,103.0,1,1,1.0
262,2,975.0,256.0,43.0,107.0,1,1,1.0
263,1,1017.0,256.0,33.0,102.0,1,1,1.0
263,2,976.0,255.0,42.0,108.0,1,1,1.0
264,1,1016.0,255.0,32.0,103.0,1,1,1.0
264,2,976.0,255.0,42.0,108.0,1,1,1.0
265,1,1015.0,255.0,32.0,104.0,1,1,1.0
265,2,976.0,254.0,41.0,108.0,1,1,1.0
266,1,1013.0,254.0,34.0,105.0,1,1,1.0
266,2,976.0,254.0,41.0,109.0,1,1,1.0
267,1,1013.0,254.0,33.0,103.0,1,1,1.0
267,2,975.0,254.0,41.0,109.0,1,1,1.0
268,1,1012.0,254.0,32.0,104.0,1,1,1.0
268,2,975.0,254.0,40.0,108.0,1,1,1.0
269,1,1011.0,255.0,32.0,103.0,1,1,1.0
269,2,975.0,254.0,40.0,108.0,1,1,1.0
270,1,1010.0,254.0,32.0,103.0,1,1,1.0
270,2,974.0,254.0,39.0,108.0,1,1,1.0
271,1,1010.0,254.0,32.0,103.0,1,1,1.0
271,2,973.0,253.0,40.0,106.0,1,1,1.0
272,1,1009.0,253.0,32.0,101.0,1,1,1.0
272,2,972.0,252.0,40.0,104.0,1,1,1.0
273,1,1008.0,252.0,32.0,100.0,1,1,1.0
273,2,971.0,251.0,41.0,104.0,1,1,1.0
274,1,1008.0,251.0,32.0,101.0,1,1,1.0
274,2,970.0,251.0,41.0,104.0,1,1,1.0
275,1,1008.0,251.0,32.0,100.0,1,1,1.0
275,2,969.0,250.0,42.0,105.0,1,1,1.0
276,1,1008.0,250.0,31.0,101.0,1,1,1.0
276,2,968.0,250.0,43.0,105.0,1,1,1.0
277,1,1008.0,250.0,31.0,101.0,1,1,1.0
277,2,968.0,250.0,43.0,105.0,1,1,1.0
278,1,1008.0,250.0,38.0,100.0,1,1,1.0
278,2,968.0,250.0,43.0,104.0,1,1,1.0
279,1,1009.0,250.0,40.0,100.0,1,1,1.0
279,2,968.0,250.0,43.0,104.0,1,1,1.0
280,1,1009.0,251.0,41.0,100.0,1,1,1.0
280,2,969.0,250.0,42.0,104.0,1,1,1.0
281,1,1009.0,251.0,40.0,100.0,1,1,1.0
281,2,970.0,249.0,42.0,104.0,1,1,1.0
282,1,1010.0,250.0,37.0,99.0,1,1,1.0
282,2,971.0,249.0,41.0,103.0,1,1,1.0
283,1,1010.0,250.0,33.0,98.0,1,1,1.0
283,2,972.0,248.0,41.0,103.0,1,1,1.0
284,1,1011.0,249.0,31.0,97.0,1,1,1.0
284,2,972.0,248.0,40.0,103.0,1,1,1.0
285,1,1011.0,248.0,30.0,95.0,1,1,1.0
285,2,973.0,248.0,40.0,102.0,1,1,1.0
286,1,1011.0,248.0,30.0,96.0,1,1,1.0
286,2,973.0,247.0,39.0,101.0,1,1,1.0
287,1,1011.0,248.0,29.0,97.0,1,1,1.0
287,2,973.0,247.0,39.0,101.0,1,1,1.0
288,1,1011.0,248.0,29.0,97.0,1,1,1.0
288,2,973.0,247.0,39.0,101.0,1,1,1.0
289,1,1012.0,248.0,29.0,98.0,1,1,1.0
289,2,973.0,248.0,38.0,102.0,1,1,1.0
290,1,1011.0,248.0,29.0,97.0,1,1,1.0
290,2,973.0,248.0,38.0,102.0,1,1,1.0
291,1,1011.0,248.0,29.0,97.0,1,1,1.0
291,2,972.0,248.0,38.0,101.0,1,1,1.0
292,1,1011.0,248.0,29.0,97.0,1,1,1.0
292,2,971.0,248.0,39.0,101.0,1,1,1.0
293,1,1011.0,247.0,29.0,96.0,1,1,1.0
293,2,971.0,247.0,39.0,99.0,1,1,1.0
294,1,1010.0,246.0,30.0,95.0,1,1,1.0
294,2,970.0,246.0,38.0,98.0,1,1,1.0
295,1,1010.0,245.0,31.0,95.0,1,1,1.0
295,2,970.0,246.0,38.0,98.0,1,1,1.0
296,1,1010.0,245.0,31.0,95.0,1,1,1.0
296,2,970.0,245.0,38.0,98.0,1,1,1.0
297,1,1010.0,244.0,30.0,96.0,1,1,1.0
297,2,970.0,245.0,38.0,98.0,1,1,1.0
298,1,1010.0,244.0,30.0,96.0,1,1,1.0
298,2,971.0,245.0,37.0,98.0,1,1,1.0
299,1,1011.0,244.0,30.0,96.0,1,1,1.0
299,2,972.0,245.0,37.0,98.0,1,1,1.0
300,1,1011.0,244.0,29.0,95.0,1,1,1.0
300,2,973.0,245.0,36.0,98.0,1,1,1.0
301,1,1011.0,245.0,32.0,95.0,1,1,1.0
301,2,974.0,245.0,36.0,98.0,1,1,1.0
302,1,1012.0,245.0,32.0,94.0,1,1,1.0
302,2,975.0,245.0,36.0,97.0,1,1,1.0
303,1,1012.0,246.0,31.0,93.0,1,1,1.0
303,2,976.0,245.0,36.0,97.0,1,1,1.0
304,1,1014.0,245.0,30.0,91.0,1,1,1.0
304,2,976.0,245.0,36.0,97.0,1,1,1.0
305,1,1014.0,245.0,29.0,90.0,1,1,1.0
305,2,977.0,244.0,37.0,97.0,1,1,1.0
306,1,1015.0,244.0,29.0,90.0,1,1,1.0
306,2,978.0,243.0,38.0,97.0,1,1,1.0
307,1,1015.0,244.0,29.0,90.0,1,1,1.0
307,2,978.0,243.0,38.0,96.0,1,1,1.0
308,1,1014.0,243.0,30.0,91.0,1,1,1.0
308,2,979.0,243.0,38.0,97.0,1,1,1.0
309,1,1014.0,243.0,30.0,91.0,1,1,1.0
309,2,979.0,243.0,39.0,98.0,1,1,1.0
310,1,1015.0,243.0,30.0,90.0,1,1,1.0
310,2,980.0,243.0,39.0,98.0,1,1,1.0
311,1,1015.0,243.0,30.0,90.0,1,1,1.0
311,2,980.0,243.0,39.0,98.0,1,1,1.0
312,1,1015.0,243.0,30.0,91.0,1,1,1.0
312,2,980.0,243.0,39.0,98.0,1,1,1.0
313,1,1015.0,243.0,30.0,91.0,1,1,1.0
313,2,980.0,243.0,39.0,98.0,1,1,1.0
314,1,1014.0,243.0,29.0,91.0,1,1,1.0
314,2,980.0,244.0,38.0,97.0,1,1,1.0
315,1,1014.0,243.0,29.0,91.0,1,1,1.0
315,2,981.0,244.0,37.0,97.0,1,1,1.0
316,1,1014.0,242.0,30.0,89.0,1,1,1.0
316,2,982.0,244.0,35.0,97.0,1,1,1.0
317,1,1014.0,242.0,29.0,89.0,1,1,1.0
317,2,983.0,243.0,33.0,94.0,1,1,1.0
318,1,1014.0,242.0,30.0,88.0,1,1,1.0
318,2,984.0,243.0,32.0,93.0,1,1,1.0
319,1,1014.0,241.0,31.0,88.0,1,1,1.0
319,2,985.0,242.0,31.0,92.0,1,1,1.0
320,1,1014.0,241.0,32.0,88.0,1,1,1.0
320,2,986.0,242.0,30.0,94.0,1,1,1.0
321,1,1015.0,241.0,32.0,88.0,1,1,1.0
321,2,987.0,242.0,28.0,94.0,1,1,1.0
322,1,1017.0,242.0,30.0,88.0,1,1,1.0
322,2,988.0,242.0,28.0,94.0,1,1,1.0
323,1,1019.0,242.0,30.0,88.0,1,1,1.0
323,2,988.0,242.0,32.0,93.0,1,1,1.0
324,1,1020.0,242.0,29.0,87.0,1,1,1.0
324,2,987.0,242.0,31.0,93.0,1,1,1.0
325,1,1023.0,242.0,28.0,87.0,1,1,1.0
326,1,1027.0,242.0,26.0,88.0,1,1,1.0
326,2,988.0,242.0,32.0,92.0,1,1,1.0
327,1,1029.0,241.0,25.0,88.0,1,1,1.0
327,2,990.0,242.0,32.0,92.0,1,1,1.0
328,1,1030.0,241.0,25.0,89.0,1,1,1.0
328,2,989.0,241.0,34.0,92.0,1,1,1.0
329,1,1030.0,241.0,26.0,90.0,1,1,1.0
329,2,992.0,241.0,33.0,90.0,1,1,1.0
330,1,1030.0,241.0,27.0,90.0,1,1,1.0
330,2,994.0,241.0,32.0,90.0,1,1,1.0
331,1,1030.0,241.0,28.0,90.0,1,1,1.0
331,2,997.0,241.0,31.0,91.0,1,1,1.0
332,1,1031.0,241.0,30.0,90.0,1,1,1.0
332,2,998.0,240.0,31.0,91.0,1,1,1.0
333,1,1031.0,241.0,33.0,90.0,1,1,1.0
333,2,1000.0,240.0,31.0,93.0,1,1,1.0
334,1,1032.0,240.0,35.0,90.0,1,1,1.0
334,2,1002.0,240.0,31.0,94.0,1,1,1.0
335,1,1032.0,240.0,36.0,91.0,1,1,1.0
335,2,1003.0,240.0,33.0,93.0,1,1,1.0
336,1,1032.0,240.0,35.0,91.0,1,1,1.0
336,2,1004.0,240.0,33.0,93.0,1,1,1.0
337,1,1032.0,239.0,35.0,91.0,1,1,1.0
337,2,1004.0,240.0,34.0,93.0,1,1,1.0
338,1,1033.0,239.0,33.0,91.0,1,1,1.0
338,2,1004.0,241.0,36.0,93.0,1,1,1.0
339,1,1034.0,240.0,32.0,91.0,1,1,1.0
339,2,1004.0,241.0,38.0,92.0,1,1,1.0
340,1,1034.0,239.0,30.0,91.0,1,1,1.0
340,2,1004.0,241.0,40.0,92.0,1,1,1.0
341,1,1035.0,240.0,29.0,90.0,1,1,1.0
341,2,1005.0,241.0,42.0,91.0,1,1,1.0
342,1,1036.0,240.0,28.0,90.0,1,1,1.0
342,2,1006.0,241.0,40.0,91.0,1,1,1.0
343,1,1037.0,240.0,27.0,89.0,1,1,1.0
343,2,1007.0,241.0,40.0,92.0,1,1,1.0
344,1,1038.0,241.0,26.0,88.0,1,1,1.0
344,2,1010.0,241.0,39.0,93.0,1,1,1.0
345,1,1038.0,241.0,25.0,89.0,1,1,1.0
345,2,1012.0,240.0,38.0,93.0,1,1,1.0
346,1,1040.0,241.0,24.0,88.0,1,1,1.0
346,2,1014.0,240.0,36.0,93.0,1,1,1.0
347,1,1040.0,242.0,23.0,88.0,1,1,1.0
347,2,1017.0,241.0,33.0,93.0,1,1,1.0
348,1,1041.0,242.0,23.0,88.0,1,1,1.0
348,2,1019.0,241.0,30.0,93.0,1,1,1.0
349,1,1042.0,242.0,23.0,88.0,1,1,1.0
349,2,1020.0,241.0,29.0,94.0,1,1,1.0
350,1,1041.0,242.0,25.0,88.0,1,1,1.0
350,2,1021.0,241.0,28.0,95.0,1,1,1.0
351,1,1041.0,243.0,27.0,88.0,1,1,1.0
351,2,1021.0,241.0,28.0,95.0,1,1,1.0
352,1,1039.0,243.0,33.0,90.0,1,1,1.0
352,2,1021.0,241.0,29.0,95.0,1,1,1.0
353,1,1038.0,244.0,36.0,89.0,1,1,1.0
353,2,1020.0,241.0,31.0,95.0,1,1,1.0
354,1,1037.0,245.0,40.0,88.0,1,1,1.0
354,2,1019.0,241.0,34.0,95.0,1,1,1.0
355,1,1037.0,246.0,41.0,88.0,1,1,1.0
355,2,1017.0,242.0,37.0,95.0,1,1,1.0
356,1,1038.0,247.0,39.0,85.0,1,1,1.0
356,2,1017.0,242.0,36.0,94.0,1,1,1.0
357,1,1039.0,247.0,38.0,84.0,1,1,1.0
357,2,1017.0,242.0,35.0,94.0,1,1,1.0
358,1,1041.0,247.0,37.0,84.0,1,1,1.0
358,2,1018.0,242.0,33.0,93.0,1,1,1.0
359,1,1044.0,247.0,36.0,85.0,1,1,1.0
359,2,1019.0,242.0,33.0,94.0,1,1,1.0
360,1,1048.0,247.0,35.0,86.0,1,1,1.0
360,2,1020.0,242.0,32.0,94.0,1,1,1.0
361,1,1051.0,246.0,34.0,85.0,1,1,1.0
361,2,1021.0,243.0,32.0,94.0,1,1,1.0
362,1,1056.0,246.0,33.0,86.0,1,1,1.0
362,2,1021.0,243.0,34.0,94.0,1,1,1.0
363,1,1060.0,247.0,31.0,83.0,1,1,1.0
363,2,1022.0,244.0,37.0,94.0,1,1,1.0
364,1,1063.0,247.0,30.0,83.0,1,1,1.0
364,2,1022.0,245.0,38.0,93.0,1,1,1.0
365,1,1064.0,248.0,30.0,88.0,1,1,1.0
365,2,1021.0,246.0,41.0,93.0,1,1,1.0
366,1,1066.0,248.0,30.0,90.0,1,1,1.0
366,2,1021.0,246.0,42.0,94.0,1,1,1.0
367,1,1066.0,249.0,31.0,91.0,1,1,1.0
367,2,1021.0,247.0,44.0,94.0,1,1,1.0
368,1,1067.0,249.0,32.0,92.0,1,1,1.0
368,2,1022.0,247.0,44.0,94.0,1,1,1.0
369,1,1069.0,250.0,33.0,92.0,1,1,1.0
369,2,1025.0,247.0,45.0,95.0,1,1,1.0
370,1,1072.0,250.0,32.0,91.0,1,1,1.0
370,2,1028.0,247.0,44.0,95.0,1,1,1.0
371,1,1076.0,250.0,29.0,89.0,1,1,1.0
371,2,1031.0,246.0,43.0,95.0,1,1,1.0
372,1,1080.0,250.0,28.0,89.0,1,1,1.0
372,2,1036.0,246.0,41.0,95.0,1,1,1.0
373,1,1082.0,250.0,27.0,91.0,1,1,1.0
373,2,1039.0,246.0,41.0,95.0,1,1,1.0
374,1,1083.0,249.0,29.0,91.0,1,1,1.0
374,2,1041.0,246.0,42.0,96.0,1,1,1.0
375,1,1083.0,250.0,32.0,92.0,1,1,1.0
375,2,1043.0,247.0,42.0,97.0,1,1,1.0
376,1,1083.0,250.0,37.0,93.0,1,1,1.0
376,2,1045.0,247.0,42.0,96.0,1,1,1.0
377,1,1082.0,251.0,43.0,94.0,1,1,1.0
377,2,1048.0,248.0,42.0,96.0,1,1,1.0
378,1,1081.0,252.0,47.0,95.0,1,1,1.0
378,2,1049.0,249.0,42.0,96.0,1,1,1.0
379,1,1083.0,253.0,45.0,95.0,1,1,1.0
379,2,1051.0,249.0,42.0,97.0,1,1,1.0
380,1,1086.0,253.0,43.0,95.0,1,1,1.0
380,2,1053.0,249.0,41.0,98.0,1,1,1.0
381,1,1090.0,253.0,40.0,92.0,1,1,1.0
381,2,1055.0,249.0,40.0,99.0,1,1,1.0
382,1,1094.0,253.0,38.0,92.0,1,1,1.0
382,2,1058.0,249.0,37.0,100.0,1,1,1.0
383,1,1100.0,253.0,35.0,92.0,1,1,1.0
383,2,1062.0,249.0,34.0,100.0,1,1,1.0
384,1,1107.0,253.0,33.0,92.0,1,1,1.0
384,2,1064.0,249.0,33.0,100.0,1,1,1.0
385,1,1109.0,254.0,34.0,94.0,1,1,1.0
385,2,1067.0,250.0,32.0,99.0,1,1,1.0
386,1,1109.0,255.0,37.0,96.0,1,1,1.0
386,2,1068.0,250.0,33.0,99.0,1,1,1.0
387,1,1111.0,256.0,38.0,96.0,1,1,1.0
387,2,1069.0,251.0,36.0,100.0,1,1,1.0
388,1,1112.0,257.0,39.0,96.0,1,1,1.0
388,2,1069.0,252.0,40.0,100.0,1,1,1.0
389,1,1113.0,258.0,40.0,96.0,1,1,1.0
389,2,1069.0,253.0,42.0,100.0,1,1,1.0
390,1,1116.0,259.0,39.0,96.0,1,1,1.0
390,2,1070.0,253.0,44.0,100.0,1,1,1.0
391,1,1120.0,259.0,38.0,96.0,1,1,1.0
391,2,1072.0,254.0,43.0,100.0,1,1,1.0
392,1,1126.0,259.0,34.0,96.0,1,1,1.0
392,2,1075.0,254.0,43.0,100.0,1,1,1.0
393,1,1131.0,259.0,29.0,96.0,1,1,1.0
393,2,1078.0,254.0,42.0,101.0,1,1,1.0
394,1,1133.0,259.0,29.0,96.0,1,1,1.0
394,2,1084.0,254.0,40.0,101.0,1,1,1.0
395,1,1134.0,259.0,30.0,98.0,1,1,1.0
395,2,1088.0,254.0,40.0,100.0,1,1,1.0
396,1,1134.0,259.0,37.0,98.0,1,1,1.0
396,2,1090.0,255.0,42.0,100.0,1,1,1.0
397,1,1133.0,261.0,42.0,98.0,1,1,1.0
397,2,1091.0,256.0,44.0,102.0,1,1,1.0
398,1,1133.0,262.0,46.0,98.0,1,1,1.0
398,2,1092.0,257.0,46.0,102.0,1,1,1.0
399,1,1134.0,263.0,47.0,99.0,1,1,1.0
399,2,1094.0,258.0,47.0,102.0,1,1,1.0
400,1,1136.0,264.0,46.0,99.0,1,1,1.0
400,2,1095.0,259.0,48.0,103.0,1,1,1.0
401,1,1139.0,263.0,44.0,99.0,1,1,1.0
401,2,1097.0,259.0,47.0,104.0,1,1,1.0
402,1,1145.0,263.0,41.0,99.0,1,1,1.0
402,2,1100.0,259.0,46.0,105.0,1,1,1.0
403,1,1150.0,263.0,38.0,99.0,1,1,1.0
403,2,1102.0,259.0,44.0,105.0,1,1,1.0
404,1,1158.0,263.0,33.0,99.0,1,1,1.0
404,2,1105.0,259.0,42.0,105.0,1,1,1.0
405,1,1162.0,264.0,33.0,100.0,1,1,1.0
405,2,1109.0,259.0,39.0,105.0,1,1,1.0
406,1,1163.0,265.0,35.0,100.0,1,1,1.0
406,2,1112.0,259.0,36.0,105.0,1,1,1.0
407,1,1164.0,266.0,40.0,100.0,1,1,1.0
407,2,1114.0,260.0,36.0,105.0,1,1,1.0
408,1,1164.0,267.0,43.0,101.0,1,1,1.0
408,2,1115.0,261.0,38.0,105.0,1,1,1.0
409,1,1164.0,268.0,46.0,100.0,1,1,1.0
409,2,1115.0,262.0,42.0,105.0,1,1,1.0
410,1,1168.0,269.0,45.0,101.0,1,1,1.0
410,2,1115.0,263.0,46.0,105.0,1,1,1.0
411,1,1173.0,269.0,41.0,100.0,1,1,1.0
411,2,1116.0,264.0,46.0,105.0,1,1,1.0
412,1,1178.0,269.0,37.0,101.0,1,1,1.0
412,2,1117.0,264.0,45.0,105.0,1,1,1.0
413,1,1184.0,269.0,32.0,101.0,1,1,1.0
413,2,1119.0,264.0,44.0,105.0,1,1,1.0
414,1,1188.0,269.0,30.0,100.0,1,1,1.0
414,2,1124.0,264.0,42.0,105.0,1,1,1.0
415,1,1189.0,269.0,31.0,101.0,1,1,1.0
415,2,1129.0,264.0,41.0,105.0,1,1,1.0
416,1,1189.0,270.0,36.0,102.0,1,1,1.0
416,2,1134.0,264.0,41.0,105.0,1,1,1.0
417,1,1189.0,270.0,42.0,103.0,1,1,1.0
417,2,1137.0,265.0,43.0,106.0,1,1,1.0
418,1,1189.0,272.0,47.0,103.0,1,1,1.0
418,2,1139.0,265.0,45.0,107.0,1,1,1.0
419,1,1189.0,273.0,49.0,103.0,1,1,1.0
419,2,1140.0,266.0,47.0,108.0,1,1,1.0
420,1,1191.0,274.0,49.0,103.0,1,1,1.0
420,2,1141.0,267.0,49.0,109.0,1,1,1.0
421,1,1195.0,274.0,46.0,103.0,1,1,1.0
421,2,1142.0,268.0,49.0,109.0,1,1,1.0
422,1,1200.0,275.0,43.0,104.0,1,1,1.0
422,2,1144.0,268.0,49.0,109.0,1,1,1.0
423,1,1206.0,275.0,40.0,103.0,1,1,1.0
423,2,1147.0,268.0,46.0,109.0,1,1,1.0
424,1,1213.0,274.0,34.0,103.0,1,1,1.0
424,2,1149.0,268.0,43.0,109.0,1,1,1.0
425,1,1218.0,275.0,32.0,103.0,1,1,1.0
425,2,1153.0,268.0,39.0,108.0,1,1,1.0
426,1,1218.0,275.0,36.0,105.0,1,1,1.0
426,2,1155.0,269.0,37.0,108.0,1,1,1.0
427,1,1218.0,276.0,40.0,104.0,1,1,1.0
427,2,1156.0,270.0,38.0,108.0,1,1,1.0
428,1,1219.0,277.0,43.0,104.0,1,1,1.0
428,2,1156.0,271.0,42.0,109.0,1,1,1.0
429,1,1221.0,278.0,43.0,104.0,1,1,1.0
429,2,1156.0,272.0,47.0,108.0,1,1,1.0
430,1,1223.0,279.0,45.0,105.0,1,1,1.0
430,2,1156.0,273.0,51.0,108.0,1,1,1.0
431,1,1228.0,279.0,43.0,106.0,1,1,1.0
431,2,1156.0,274.0,54.0,109.0,1,1,1.0
432,1,1234.0,280.0,40.0,106.0,1,1,1.0
432,2,1158.0,274.0,53.0,110.0,1,1,1.0
433,1,1242.0,280.0,36.0,106.0,1,1,1.0
433,2,1161.0,274.0,49.0,112.0,1,1,1.0
434,1,1245.0,279.0,37.0,106.0,1,1,1.0
434,2,1165.0,274.0,46.0,111.0,1,1,1.0
435,1,1246.0,280.0,38.0,106.0,1,1,1.0
435,2,1172.0,274.0,42.0,110.0,1,1,1.0
436,1,1247.0,281.0,42.0,106.0,1,1,1.0
436,2,1179.0,274.0,39.0,110.0,1,1,1.0
437,1,1246.0,282.0,50.0,107.0,1,1,1.0
437,2,1183.0,275.0,40.0,111.0,1,1,1.0
438,1,1246.0,283.0,56.0,107.0,1,1,1.0
438,2,1186.0,275.0,42.0,112.0,1,1,1.0
439,1,1247.0,285.0,59.0,106.0,1,1,1.0
439,2,1188.0,276.0,45.0,113.0,1,1,1.0
440,1,1247.0,286.0,60.0,106.0,1,1,1.0
440,2,1189.0,278.0,48.0,113.0,1,1,1.0
441,1,1250.0,286.0,59.0,106.0,1,1,1.0
441,2,1190.0,278.0,50.0,113.0,1,1,1.0
442,1,1258.0,286.0,52.0,106.0,1,1,1.0
442,2,1192.0,279.0,50.0,113.0,1,1,1.0
443,1,1267.0,285.0,46.0,103.0,1,1,1.0
443,2,1195.0,279.0,48.0,112.0,1,1,1.0
444,1,1276.0,286.0,42.0,103.0,1,1,1.0
444,2,1199.0,279.0,45.0,112.0,1,1,1.0
445,1,1284.0,287.0,37.0,105.0,1,1,1.0
445,2,1203.0,279.0,41.0,112.0,1,1,1.0
446,1,1288.0,287.0,36.0,107.0,1,1,1.0
446,2,1205.0,280.0,39.0,111.0,1,1,1.0
447,1,1288.0,288.0,41.0,109.0,1,1,1.0
447,2,1206.0,281.0,39.0,111.0,1,1,1.0
448,1,1290.0,289.0,42.0,109.0,1,1,1.0
448,2,1207.0,281.0,42.0,112.0,1,1,1.0
449,1,1291.0,290.0,44.0,109.0,1,1,1.0
449,2,1207.0,282.0,45.0,123.0,1,1,1.0
450,1,1293.0,292.0,45.0,107.0,1,1,1.0
450,2,1208.0,284.0,50.0,125.0,1,1,1.0
451,1,1297.0,292.0,46.0,107.0,1,1,1.0
451,2,1208.0,285.0,54.0,125.0,1,1,1.0
452,1,1302.0,293.0,45.0,107.0,1,1,1.0
452,2,1208.0,285.0,57.0,124.0,1,1,1.0
453,1,1311.0,293.0,40.0,106.0,1,1,1.0
453,2,1211.0,285.0,56.0,125.0,1,1,1.0
454,1,1318.0,293.0,36.0,107.0,1,1,1.0
454,2,1217.0,286.0,52.0,125.0,1,1,1.0
455,1,1321.0,291.0,37.0,108.0,1,1,1.0
455,2,1224.0,285.0,48.0,121.0,1,1,1.0
456,1,1323.0,292.0,39.0,107.0,1,1,1.0
456,2,1233.0,286.0,43.0,124.0,1,1,1.0
457,1,1323.0,293.0,42.0,107.0,1,1,1.0
457,2,1238.0,286.0,43.0,125.0,1,1,1.0
458,1,1323.0,293.0,47.0,106.0,1,1,1.0
458,2,1241.0,287.0,45.0,124.0,1,1,1.0
459,1,1324.0,297.0,51.0,102.0,1,1,1.0
459,2,1243.0,287.0,48.0,124.0,1,1,1.0
460,1,1330.0,299.0,46.0,92.0,1,1,1.0
460,2,1243.0,288.0,51.0,122.0,1,1,1.0
461,1,1336.0,299.0,44.0,88.0,1,1,1.0
461,2,1244.0,290.0,54.0,122.0,1,1,1.0
462,1,1341.0,299.0,42.0,87.0,1,1,1.0
462,2,1244.0,291.0,56.0,121.0,1,1,1.0
463,1,1352.0,298.0,34.0,88.0,1,1,1.0
463,2,1245.0,291.0,56.0,120.0,1,1,1.0
464,1,1360.0,298.0,31.0,88.0,1,1,1.0
464,2,1249.0,291.0,54.0,119.0,1,1,1.0
465,1,1361.0,299.0,36.0,88.0,1,1,1.0
465,2,1259.0,291.0,45.0,119.0,1,1,1.0
466,1,1361.0,300.0,41.0,88.0,1,1,1.0
466,2,1267.0,291.0,38.0,118.0,1,1,1.0
467,1,1360.0,301.0,44.0,103.0,1,1,1.0
467,2,1272.0,291.0,35.0,119.0,1,1,1.0
468,1,1359.0,303.0,48.0,109.0,1,1,1.0
468,2,1274.0,292.0,36.0,118.0,1,1,1.0
469,1,1360.0,304.0,51.0,112.0,1,1,1.0
469,2,1275.0,293.0,40.0,118.0,1,1,1.0
470,1,1360.0,305.0,52.0,114.0,1,1,1.0
470,2,1276.0,294.0,46.0,118.0,1,1,1.0
471,1,1366.0,306.0,51.0,114.0,1,1,1.0
471,2,1276.0,295.0,53.0,117.0,1,1,1.0
472,1,1372.0,306.0,47.0,113.0,1,1,1.0
472,2,1276.0,297.0,57.0,117.0,1,1,1.0
473,1,1380.0,306.0,44.0,114.0,1,1,1.0
473,2,1277.0,298.0,59.0,118.0,1,1,1.0
474,1,1389.0,306.0,38.0,114.0,1,1,1.0
474,2,1278.0,299.0,59.0,118.0,1,1,1.0
475,1,1394.0,307.0,36.0,113.0,1,1,1.0
475,2,1282.0,299.0,56.0,119.0,1,1,1.0
476,1,1395.0,307.0,37.0,114.0,1,1,1.0
476,2,1288.0,299.0,54.0,119.0,1,1,1.0
477,1,1395.0,308.0,43.0,115.0,1,1,1.0
477,2,1295.0,299.0,51.0,119.0,1,1,1.0
478,1,1395.0,309.0,50.0,115.0,1,1,1.0
478,2,1303.0,299.0,49.0,119.0,1,1,1.0
479,1,1395.0,311.0,55.0,115.0,1,1,1.0
479,2,1309.0,300.0,47.0,119.0,1,1,1.0
480,1,1395.0,313.0,61.0,114.0,1,1,1.0
480,2,1312.0,301.0,49.0,120.0,1,1,1.0
481,1,1397.0,315.0,66.0,114.0,1,1,1.0
481,2,1315.0,301.0,51.0,122.0,1,1,1.0
482,1,1401.0,314.0,63.0,115.0,1,1,1.0
482,2,1316.0,302.0,53.0,122.0,1,1,1.0
483,1,1407.0,315.0,59.0,114.0,1,1,1.0
483,2,1317.0,304.0,55.0,122.0,1,1,1.0
484,1,1414.0,314.0,51.0,115.0,1,1,1.0
484,2,1317.0,305.0,57.0,122.0,1,1,1.0
485,1,1422.0,314.0,44.0,115.0,1,1,1.0
485,2,1318.0,306.0,58.0,122.0,1,1,1.0
486,1,1427.0,315.0,40.0,115.0,1,1,1.0
486,2,1323.0,306.0,53.0,123.0,1,1,1.0
487,1,1428.0,316.0,41.0,116.0,1,1,1.0
487,2,1331.0,306.0,47.0,123.0,1,1,1.0
488,1,1428.0,316.0,44.0,117.0,1,1,1.0
489,1,1428.0,318.0,46.0,118.0,1,1,1.0
489,2,1343.0,306.0,38.0,123.0,1,1,1.0
490,1,1428.0,319.0,50.0,118.0,1,1,1.0
490,2,1348.0,306.0,38.0,123.0,1,1,1.0
491,1,1431.0,320.0,50.0,118.0,1,1,1.0
491,2,1350.0,307.0,38.0,122.0,1,1,1.0
492,1,1433.0,322.0,50.0,118.0,1,1,1.0
492,2,1350.0,308.0,42.0,123.0,1,1,1.0
493,1,1440.0,323.0,46.0,117.0,1,1,1.0
493,2,1351.0,310.0,49.0,123.0,1,1,1.0
494,1,1445.0,324.0,42.0,116.0,1,1,1.0
494,2,1351.0,311.0,56.0,123.0,1,1,1.0
495,1,1452.0,324.0,39.0,116.0,1,1,1.0
495,2,1351.0,312.0,60.0,123.0,1,1,1.0
496,1,1457.0,324.0,36.0,116.0,1,1,1.0
496,2,1351.0,314.0,61.0,123.0,1,1,1.0
497,1,1459.0,325.0,36.0,117.0,1,1,1.0
497,2,1353.0,314.0,60.0,123.0,1,1,1.0
498,1,1460.0,326.0,37.0,119.0,1,1,1.0
498,2,1358.0,314.0,56.0,124.0,1,1,1.0
499,1,1460.0,327.0,39.0,119.0,1,1,1.0
499,2,1365.0,315.0,53.0,123.0,1,1,1.0
500,1,1460.0,328.0,41.0,120.0,1,1,1.0
500,2,1373.0,315.0,50.0,122.0,1,1,1.0
501,1,1460.0,329.0,43.0,120.0,1,1,1.0
501,2,1380.0,315.0,48.0,122.0,1,1,1.0
502,1,1461.0,330.0,46.0,121.0,1,1,1.0
502,2,1387.0,317.0,46.0,123.0,1,1,1.0
503,1,1463.0,331.0,47.0,120.0,1,1,1.0
503,2,1389.0,318.0,48.0,124.0,1,1,1.0
504,1,1466.0,331.0,47.0,120.0,1,1,1.0
504,2,1390.0,320.0,51.0,125.0,1,1,1.0
505,1,1470.0,331.0,46.0,120.0,1,1,1.0
505,2,1391.0,321.0,53.0,125.0,1,1,1.0
506,1,1473.0,330.0,42.0,121.0,1,1,1.0
506,2,1392.0,322.0,55.0,125.0,1,1,1.0
507,1,1477.0,331.0,39.0,120.0,1,1,1.0
507,2,1393.0,321.0,56.0,126.0,1,1,1.0
508,1,1478.0,332.0,40.0,121.0,1,1,1.0
508,2,1398.0,321.0,52.0,127.0,1,1,1.0
509,1,1478.0,332.0,41.0,123.0,1,1,1.0
509,2,1404.0,321.0,47.0,128.0,1,1,1.0
510,1,1479.0,333.0,42.0,123.0,1,1,1.0
510,2,1408.0,321.0,46.0,128.0,1,1,1.0
511,1,1479.0,335.0,44.0,123.0,1,1,1.0
511,2,1410.0,321.0,47.0,127.0,1,1,1.0
512,1,1478.0,337.0,45.0,123.0,1,1,1.0
512,2,1412.0,322.0,46.0,126.0,1,1,1.0
513,1,1478.0,338.0,46.0,123.0,1,1,1.0
513,2,1411.0,323.0,49.0,126.0,1,1,1.0
514,1,1479.0,338.0,47.0,123.0,1,1,1.0
514,2,1412.0,325.0,52.0,127.0,1,1,1.0
515,1,1479.0,338.0,50.0,123.0,1,1,1.0
515,2,1413.0,325.0,56.0,128.0,1,1,1.0
516,2,1414.0,326.0,58.0,129.0,1,1,1.0
517,1,1490.0,339.0,44.0,122.0,1,1,1.0
517,2,1416.0,327.0,59.0,130.0,1,1,1.0
518,1,1493.0,339.0,43.0,123.0,1,1,1.0
518,2,1418.0,327.0,59.0,131.0,1,1,1.0
519,1,1495.0,339.0,42.0,127.0,1,1,1.0
519,2,1422.0,328.0,59.0,130.0,1,1,1.0
520,1,1495.0,339.0,43.0,129.0,1,1,1.0
520,2,1426.0,328.0,58.0,130.0,1,1,1.0
521,1,1496.0,340.0,43.0,131.0,1,1,1.0
521,2,1433.0,328.0,55.0,130.0,1,1,1.0
522,1,1497.0,340.0,44.0,131.0,1,1,1.0
522,2,1439.0,329.0,51.0,129.0,1,1,1.0
523,1,1497.0,341.0,45.0,131.0,1,1,1.0
523,2,1443.0,331.0,50.0,127.0,1,1,1.0
524,1,1498.0,342.0,46.0,131.0,1,1,1.0
524,2,1446.0,332.0,50.0,127.0,1,1,1.0
525,1,1499.0,342.0,47.0,130.0,1,1,1.0
525,2,1447.0,333.0,50.0,129.0,1,1,1.0
526,1,1500.0,343.0,46.0,130.0,1,1,1.0
526,2,1448.0,333.0,50.0,130.0,1,1,1.0
527,1,1501.0,343.0,45.0,129.0,1,1,1.0
527,2,1449.0,334.0,51.0,131.0,1,1,1.0
528,1,1503.0,343.0,43.0,129.0,1,1,1.0
528,2,1450.0,336.0,50.0,131.0,1,1,1.0
529,1,1503.0,344.0,43.0,129.0,1,1,1.0
529,2,1452.0,336.0,49.0,131.0,1,1,1.0
530,1,1503.0,345.0,43.0,129.0,1,1,1.0
530,2,1454.0,335.0,48.0,131.0,1,1,1.0
531,1,1501.0,346.0,45.0,129.0,1,1,1.0
531,2,1456.0,335.0,47.0,131.0,1,1,1.0
532,1,1492.0,348.0,54.0,129.0,1,1,1.0
532,2,1457.0,335.0,47.0,131.0,1,1,1.0
533,1,1488.0,349.0,58.0,129.0,1,1,1.0
533,2,1459.0,335.0,46.0,132.0,1,1,1.0
534,1,1486.0,350.0,60.0,130.0,1,1,1.0
534,2,1459.0,336.0,47.0,131.0,1,1,1.0
535,1,1484.0,350.0,59.0,130.0,1,1,1.0
535,2,1460.0,336.0,47.0,132.0,1,1,1.0
536,1,1483.0,350.0,57.0,130.0,1,1,1.0
536,2,1461.0,337.0,47.0,134.0,1,1,1.0
537,1,1482.0,350.0,57.0,130.0,1,1,1.0
537,2,1462.0,338.0,46.0,135.0,1,1,1.0
538,1,1483.0,350.0,55.0,131.0,1,1,1.0
538,2,1463.0,340.0,45.0,135.0,1,1,1.0
539,1,1485.0,350.0,52.0,131.0,1,1,1.0
539,2,1464.0,341.0,43.0,133.0,1,1,1.0
540,1,1488.0,350.0,49.0,131.0,1,1,1.0
540,2,1465.0,341.0,41.0,130.0,1,1,1.0
541,1,1488.0,349.0,52.0,132.0,1,1,1.0
541,2,1465.0,342.0,41.0,131.0,1,1,1.0
542,1,1488.0,349.0,53.0,131.0,1,1,1.0
542,2,1465.0,342.0,41.0,131.0,1,1,1.0
543,1,1488.0,350.0,54.0,131.0,1,1,1.0
543,2,1465.0,342.0,42.0,131.0,1,1,1.0
544,1,1486.0,351.0,55.0,131.0,1,1,1.0
544,2,1465.0,341.0,41.0,132.0,1,1,1.0
545,1,1484.0,352.0,55.0,135.0,1,1,1.0
545,2,1464.0,342.0,41.0,133.0,1,1,1.0
546,1,1481.0,352.0,55.0,138.0,1,1,1.0
546,2,1462.0,343.0,43.0,134.0,1,1,1.0
547,1,1478.0,353.0,53.0,138.0,1,1,1.0
547,2,1458.0,344.0,45.0,134.0,1,1,1.0
548,1,1475.0,355.0,50.0,136.0,1,1,1.0
548,2,1455.0,345.0,47.0,134.0,1,1,1.0
549,1,1473.0,356.0,49.0,135.0,1,1,1.0
551,2,1451.0,346.0,43.0,133.0,1,1,1.0
552,1,1464.0,352.0,50.0,139.0,1,1,1.0
552,2,1449.0,345.0,42.0,135.0,1,1,1.0
553,1,1461.0,353.0,51.0,138.0,1,1,1.0
553,2,1446.0,343.0,43.0,136.0,1,1,1.0
554,1,1454.0,352.0,54.0,138.0,1,1,1.0
554,2,1443.0,343.0,44.0,135.0,1,1,1.0
555,1,1448.0,354.0,57.0,137.0,1,1,1.0
555,2,1441.0,342.0,43.0,130.0,1,1,1.0
556,1,1445.0,356.0,57.0,135.0,1,1,1.0
557,1,1444.0,355.0,56.0,136.0,1,1,1.0
557,2,1436.0,342.0,43.0,121.0,1,1,1.0
558,1,1443.0,355.0,53.0,136.0,1,1,1.0
558,2,1432.0,342.0,43.0,134.0,1,1,1.0
559,1,1442.0,356.0,52.0,136.0,1,1,1.0
561,1,1440.0,354.0,48.0,138.0,1,1,1.0
563,1,1424.0,355.0,68.0,139.0,1,1,1.0
564,1,1426.0,354.0,67.0,141.0,1,1,1.0
564,2,1417.0,346.0,39.0,139.0,1,1,1.0
565,1,1422.0,355.0,71.0,141.0,1,1,1.0
565,2,1414.0,346.0,43.0,139.0,1,1,1.0
566,1,1420.0,355.0,71.0,142.0,1,1,1.0
566,2,1412.0,346.0,44.0,140.0,1,1,1.0
567,1,1415.0,356.0,73.0,142.0,1,1,1.0
567,2,1407.0,344.0,46.0,140.0,1,1,1.0
568,1,1414.0,356.0,70.0,143.0,1,1,1.0
568,2,1397.0,343.0,57.0,140.0,1,1,1.0
569,1,1414.0,356.0,64.0,144.0,1,1,1.0
569,2,1388.0,344.0,63.0,140.0,1,1,1.0
570,1,1413.0,355.0,58.0,145.0,1,1,1.0
570,2,1380.0,345.0,63.0,140.0,1,1,1.0
571,1,1411.0,355.0,52.0,145.0,1,1,1.0
571,2,1376.0,345.0,60.0,140.0,1,1,1.0
572,1,1409.0,354.0,50.0,146.0,1,1,1.0
572,2,1374.0,345.0,58.0,141.0,1,1,1.0
573,1,1405.0,354.0,50.0,145.0,1,1,1.0
573,2,1373.0,345.0,55.0,142.0,1,1,1.0
574,1,1396.0,354.0,56.0,145.0,1,1,1.0
574,2,1372.0,344.0,52.0,143.0,1,1,1.0
575,1,1387.0,355.0,62.0,145.0,1,1,1.0
575,2,1371.0,343.0,50.0,144.0,1,1,1.0
576,1,1377.0,355.0,67.0,144.0,1,1,1.0
576,2,1371.0,342.0,47.0,143.0,1,1,1.0
577,1,1375.0,357.0,66.0,143.0,1,1,1.0
577,2,1364.0,342.0,49.0,143.0,1,1,1.0
578,1,1373.0,357.0,64.0,144.0,1,1,1.0
578,2,1363.0,342.0,47.0,145.0,1,1,1.0
579,1,1372.0,357.0,61.0,145.0,1,1,1.0
579,2,1359.0,343.0,47.0,148.0,1,1,1.0
580,1,1372.0,356.0,58.0,147.0,1,1,1.0
580,2,1355.0,343.0,47.0,149.0,1,1,1.0
581,1,1372.0,356.0,54.0,146.0,1,1,1.0
582,1,1370.0,356.0,53.0,147.0,1,1,1.0
583,1,1367.0,355.0,54.0,148.0,1,1,1.0
583,2,1343.0,346.0,51.0,150.0,1,1,1.0
584,1,1364.0,354.0,59.0,152.0,1,1,1.0
584,2,1341.0,345.0,51.0,150.0,1,1,1.0
585,1,1360.0,355.0,64.0,153.0,1,1,1.0
585,2,1340.0,345.0,47.0,150.0,1,1,1.0
586,1,1358.0,356.0,67.0,153.0,1,1,1.0
586,2,1338.0,344.0,45.0,151.0,1,1,1.0
587,1,1352.0,357.0,72.0,153.0,1,1,1.0
587,2,1335.0,344.0,45.0,151.0,1,1,1.0
588,1,1348.0,359.0,74.0,153.0,1,1,1.0
589,1,1345.0,360.0,73.0,153.0,1,1,1.0
589,2,1323.0,344.0,52.0,150.0,1,1,1.0
590,1,1343.0,360.0,70.0,154.0,1,1,1.0
590,2,1311.0,345.0,70.0,149.0,1,1,1.0
591,1,1342.0,359.0,63.0,154.0,1,1,1.0
591,2,1301.0,346.0,71.0,148.0,1,1,1.0
592,1,1340.0,359.0,57.0,155.0,1,1,1.0
592,2,1295.0,346.0,70.0,148.0,1,1,1.0
593,1,1340.0,358.0,52.0,155.0,1,1,1.0
593,2,1292.0,347.0,68.0,149.0,1,1,1.0
594,1,1336.0,358.0,51.0,155.0,1,1,1.0
594,2,1290.0,347.0,64.0,150.0,1,1,1.0
595,1,1331.0,358.0,55.0,155.0,1,1,1.0
595,2,1290.0,346.0,61.0,151.0,1,1,1.0
596,1,1325.0,358.0,61.0,154.0,1,1,1.0
596,2,1290.0,345.0,57.0,151.0,1,1,1.0
597,1,1314.0,359.0,72.0,154.0,1,1,1.0
597,2,1289.0,344.0,54.0,152.0,1,1,1.0
598,1,1306.0,360.0,72.0,154.0,1,1,1.0
598,2,1283.0,344.0,56.0,152.0,1,1,1.0
599,1,1303.0,361.0,67.0,155.0,1,1,1.0
599,2,1275.0,344.0,60.0,154.0,1,1,1.0
600,1,1301.0,360.0,67.0,157.0,1,1,1.0
600,2,1270.0,344.0,62.0,157.0,1,1,1.0
601,1,1300.0,359.0,64.0,158.0,1,1,1.0
601,2,1267.0,345.0,61.0,158.0,1,1,1.0
603,1,1298.0,360.0,55.0,158.0,1,1,1.0
603,2,1257.0,349.0,60.0,156.0,1,1,1.0
604,1,1293.0,359.0,56.0,159.0,1,1,1.0
604,2,1253.0,349.0,60.0,156.0,1,1,1.0
605,1,1287.0,359.0,59.0,161.0,1,1,1.0
605,2,1251.0,349.0,60.0,157.0,1,1,1.0
606,1,1281.0,359.0,66.0,164.0,1,1,1.0
606,2,1249.0,348.0,58.0,157.0,1,1,1.0
607,1,1275.0,360.0,72.0,161.0,1,1,1.0
607,2,1247.0,346.0,56.0,159.0,1,1,1.0
609,1,1265.0,364.0,83.0,162.0,1,1,1.0
609,2,1242.0,345.0,70.0,160.0,1,1,1.0
610,1,1261.0,365.0,85.0,162.0,1,1,1.0
611,1,1258.0,365.0,82.0,163.0,1,1,1.0
612,1,1256.0,364.0,76.0,164.0,1,1,1.0
612,2,1219.0,347.0,71.0,159.0,1,1,1.0
613,1,1256.0,362.0,65.0,166.0,1,1,1.0
613,2,1210.0,348.0,71.0,158.0,1,1,1.0
614,1,1256.0,362.0,54.0,167.0,1,1,1.0
614,2,1206.0,349.0,69.0,158.0,1,1,1.0
615,1,1254.0,361.0,50.0,167.0,1,1,1.0
615,2,1203.0,349.0,67.0,160.0,1,1,1.0
616,1,1243.0,361.0,55.0,167.0,1,1,1.0
616,2,1201.0,348.0,63.0,162.0,1,1,1.0
617,1,1229.0,362.0,63.0,167.0,1,1,1.0
617,2,1201.0,347.0,59.0,163.0,1,1,1.0
618,1,1216.0,363.0,72.0,166.0,1,1,1.0
618,2,1200.0,346.0,56.0,165.0,1,1,1.0
619,1,1208.0,364.0,78.0,165.0,1,1,1.0
619,2,1195.0,346.0,58.0,165.0,1,1,1.0
620,1,1203.0,364.0,82.0,165.0,1,1,1.0
620,2,1189.0,346.0,64.0,166.0,1,1,1.0
621,1,1200.0,364.0,82.0,166.0,1,1,1.0
621,2,1183.0,346.0,69.0,165.0,1,1,1.0
622,1,1199.0,364.0,75.0,166.0,1,1,1.0
623,1,1200.0,364.0,66.0,166.0,1,1,1.0
624,1,1199.0,363.0,57.0,167.0,1,1,1.0
625,1,1195.0,362.0,55.0,170.0,1,1,1.0
626,1,1191.0,362.0,55.0,172.0,1,1,1.0
627,1,1184.0,362.0,60.0,174.0,1,1,1.0
627,2,1162.0,351.0,56.0,169.0,1,1,1.0
628,1,1177.0,363.0,67.0,174.0,1,1,1.0
628,2,1161.0,351.0,59.0,172.0,1,1,1.0
629,1,1167.0,364.0,78.0,175.0,1,1,1.0
629,2,1160.0,350.0,62.0,170.0,1,1,1.0
630,1,1160.0,363.0,85.0,175.0,1,1,1.0
630,2,1157.0,350.0,63.0,166.0,1,1,1.0
631,1,1155.0,363.0,87.0,177.0,1,1,1.0
631,2,1153.0,350.0,64.0,167.0,1,1,1.0
632,1,1151.0,364.0,86.0,177.0,1,1,1.0
632,2,1144.0,350.0,71.0,169.0,1,1,1.0
633,1,1149.0,363.0,79.0,178.0,1,1,1.0
635,1,1146.0,364.0,60.0,178.0,1,1,1.0
636,1,1143.0,363.0,54.0,178.0,1,1,1.0
637,1,1133.0,363.0,57.0,178.0,1,1,1.0
638,1,1119.0,363.0,67.0,178.0,1,1,1.0
639,1,1104.0,364.0,75.0,177.0,1,1,1.0
640,1,1094.0,365.0,83.0,176.0,1,1,1.0
641,1,1088.0,365.0,89.0,177.0,1,1,1.0
642,1,1084.0,359.0,88.0,185.0,1,1,1.0
643,1,1083.0,363.0,85.0,181.0,1,1,1.0
644,1,1083.0,365.0,79.0,179.0,1,1,1.0
645,1,1083.0,358.0,67.0,187.0,1,1,1.0
646,1,1073.0,356.0,67.0,189.0,1,1,1.0
647,1,1060.0,357.0,74.0,190.0,1,1,1.0
648,1,1053.0,357.0,81.0,193.0,1,1,1.0
649,1,1047.0,360.0,88.0,194.0,1,1,1.0
650,1,1041.0,362.0,95.0,195.0,1,1,1.0
651,1,1039.0,357.0,80.0,187.0,1,1,1.0
652,1,1032.0,369.0,95.0,186.0,1,1,1.0
653,1,1028.0,373.0,96.0,187.0,1,1,1.0
654,1,1027.0,373.0,90.0,188.0,1,1,1.0
655,1,1016.0,373.0,87.0,187.0,1,1,1.0
657,1,1016.0,362.0,65.0,200.0,1,1,1.0
658,1,1009.0,369.0,63.0,193.0,1,1,1.0
659,1,994.0,372.0,71.0,191.0,1,1,1.0
660,1,984.0,364.0,79.0,187.0,1,1,1.0
661,1,972.0,374.0,89.0,190.0,1,1,1.0
662,1,967.0,379.0,91.0,191.0,1,1,1.0
663,1,965.0,381.0,89.0,191.0,1,1,1.0
664,3,963.0,358.0,74.0,187.0,1,1,1.0
664,1,964.0,382.0,84.0,192.0,1,1,1.0
665,1,964.0,382.0,73.0,192.0,1,1,1.0
666,3,946.0,360.0,80.0,193.0,1,1,1.0
666,1,958.0,383.0,68.0,191.0,1,1,1.0
667,3,937.0,361.0,81.0,195.0,1,1,1.0
667,1,950.0,383.0,69.0,192.0,1,1,1.0
668,3,930.0,363.0,84.0,194.0,1,1,1.0
668,1,939.0,383.0,78.0,196.0,1,1,1.0
669,3,926.0,366.0,82.0,194.0,1,1,1.0
669,1,932.0,384.0,88.0,201.0,1,1,1.0
670,3,921.0,368.0,79.0,195.0,1,1,1.0
670,1,924.0,385.0,98.0,202.0,1,1,1.0
671,3,916.0,369.0,79.0,195.0,1,1,1.0
671,1,916.0,388.0,105.0,201.0,1,1,1.0
672,3,911.0,369.0,79.0,195.0,1,1,1.0
672,1,909.0,390.0,109.0,201.0,1,1,1.0
673,1,906.0,393.0,109.0,200.0,1,1,1.0
674,1,905.0,393.0,98.0,201.0,1,1,1.0
675,3,903.0,389.0,74.0,200.0,1,1,1.0
676,3,893.0,376.0,71.0,195.0,1,1,1.0
676,1,900.0,392.0,66.0,202.0,1,1,1.0
677,3,891.0,387.0,62.0,199.0,1,1,1.0
677,1,880.0,377.0,75.0,198.0,1,1,1.0
679,3,858.0,377.0,83.0,197.0,1,1,1.0
679,1,869.0,388.0,71.0,202.0,1,1,1.0
680,3,849.0,375.0,95.0,198.0,1,1,1.0
680,1,852.0,392.0,83.0,202.0,1,1,1.0
681,1,841.0,394.0,93.0,204.0,1,1,1.0
683,3,841.0,376.0,86.0,201.0,1,1,1.0
683,1,833.0,398.0,97.0,207.0,1,1,1.0
684,1,833.0,399.0,97.0,208.0,1,1,1.0
685,1,832.0,400.0,89.0,208.0,1,1,1.0
686,1,833.0,400.0,76.0,208.0,1,1,1.0
687,1,829.0,400.0,64.0,208.0,1,1,1.0
688,3,812.0,379.0,75.0,209.0,1,1,1.0
688,1,817.0,399.0,63.0,209.0,1,1,1.0
689,3,795.0,381.0,89.0,202.0,1,1,1.0
689,1,805.0,400.0,74.0,213.0,1,1,1.0
690,1,793.0,402.0,89.0,216.0,1,1,1.0
691,3,780.0,386.0,101.0,206.0,1,1,1.0
691,1,782.0,404.0,99.0,216.0,1,1,1.0
693,3,770.0,388.0,96.0,207.0,1,1,1.0
693,1,764.0,407.0,115.0,218.0,1,1,1.0
694,3,768.0,387.0,86.0,207.0,1,1,1.0
694,1,757.0,410.0,116.0,216.0,1,1,1.0
695,3,771.0,386.0,73.0,209.0,1,1,1.0
695,1,753.0,410.0,107.0,215.0,1,1,1.0
696,3,757.0,402.0,80.0,214.0,1,1,1.0
697,3,753.0,392.0,75.0,209.0,1,1,1.0
697,1,750.0,410.0,74.0,215.0,1,1,1.0
698,3,741.0,403.0,69.0,214.0,1,1,1.0
698,1,739.0,396.0,83.0,210.0,1,1,1.0
699,1,736.0,404.0,70.0,214.0,1,1,1.0
700,1,721.0,409.0,80.0,215.0,1,1,1.0
701,1,700.0,412.0,98.0,216.0,1,1,1.0
702,1,686.0,414.0,109.0,216.0,1,1,1.0
703,4,718.0,394.0,86.0,207.0,1,1,1.0
703,1,679.0,417.0,117.0,217.0,1,1,1.0
704,4,711.0,394.0,81.0,210.0,1,1,1.0
704,1,675.0,419.0,118.0,219.0,1,1,1.0
705,4,707.0,394.0,72.0,212.0,1,1,1.0
705,1,674.0,419.0,107.0,220.0,1,1,1.0
706,4,706.0,394.0,60.0,202.0,1,1,1.0
706,1,674.0,419.0,95.0,220.0,1,1,1.0
707,4,700.0,394.0,54.0,195.0,1,1,1.0
707,1,670.0,419.0,82.0,220.0,1,1,1.0
708,4,693.0,395.0,54.0,204.0,1,1,1.0
708,1,659.0,419.0,71.0,221.0,1,1,1.0
709,1,645.0,419.0,75.0,226.0,1,1,1.0
710,4,677.0,400.0,61.0,204.0,1,1,1.0
710,1,632.0,420.0,90.0,231.0,1,1,1.0
711,4,666.0,403.0,73.0,202.0,1,1,1.0
711,1,619.0,423.0,103.0,233.0,1,1,1.0
712,1,607.0,425.0,115.0,234.0,1,1,1.0
713,4,644.0,407.0,78.0,216.0,1,1,1.0
713,1,598.0,428.0,121.0,234.0,1,1,1.0
714,4,635.0,408.0,74.0,221.0,1,1,1.0
714,1,591.0,431.0,120.0,234.0,1,1,1.0
715,4,629.0,408.0,68.0,223.0,1,1,1.0
715,1,587.0,433.0,114.0,233.0,1,1,1.0
716,1,585.0,435.0,100.0,231.0,1,1,1.0
717,4,619.0,408.0,62.0,202.0,1,1,1.0
717,1,584.0,435.0,76.0,231.0,1,1,1.0
718,4,612.0,409.0,56.0,215.0,1,1,1.0
718,1,579.0,435.0,63.0,231.0,1,1,1.0
719,1,569.0,436.0,66.0,231.0,1,1,1.0
720,4,585.0,412.0,75.0,218.0,1,1,1.0
720,1,557.0,436.0,77.0,230.0,1,1,1.0
721,1,535.0,437.0,97.0,231.0,1,1,1.0
722,4,558.0,415.0,98.0,219.0,1,1,1.0
722,1,516.0,440.0,115.0,231.0,1,1,1.0
723,4,549.0,417.0,107.0,220.0,1,1,1.0
723,1,507.0,443.0,125.0,232.0,1,1,1.0
724,4,542.0,417.0,106.0,220.0,1,1,1.0
724,1,502.0,445.0,129.0,233.0,1,1,1.0
725,4,540.0,417.0,97.0,218.0,1,1,1.0
725,1,498.0,446.0,123.0,234.0,1,1,1.0
726,4,537.0,416.0,79.0,214.0,1,1,1.0
726,1,498.0,446.0,106.0,234.0,1,1,1.0
727,4,530.0,416.0,67.0,211.0,1,1,1.0
727,1,498.0,445.0,84.0,234.0,1,1,1.0
728,1,488.0,445.0,74.0,234.0,1,1,1.0
729,4,513.0,419.0,67.0,219.0,1,1,1.0
729,1,474.0,445.0,74.0,238.0,1,1,1.0
730,4,505.0,420.0,69.0,219.0,1,1,1.0
730,1,460.0,446.0,84.0,241.0,1,1,1.0
731,4,491.0,423.0,80.0,228.0,1,1,1.0
731,1,445.0,447.0,101.0,244.0,1,1,1.0
732,1,431.0,449.0,115.0,246.0,1,1,1.0
733,4,468.0,427.0,83.0,234.0,1,1,1.0
733,1,422.0,453.0,121.0,244.0,1,1,1.0
734,4,463.0,428.0,86.0,234.0,1,1,1.0
734,1,416.0,456.0,124.0,243.0,1,1,1.0
735,4,461.0,429.0,77.0,235.0,1,1,1.0
735,1,413.0,458.0,123.0,242.0,1,1,1.0
736,1,411.0,459.0,110.0,242.0,1,1,1.0
737,4,451.0,430.0,65.0,237.0,1,1,1.0
737,1,410.0,460.0,96.0,241.0,1,1,1.0
738,4,444.0,430.0,62.0,227.0,1,1,1.0
738,1,407.0,460.0,80.0,241.0,1,1,1.0
739,4,436.0,430.0,66.0,229.0,1,1,1.0
739,1,399.0,459.0,69.0,241.0,1,1,1.0
740,4,428.0,431.0,74.0,230.0,1,1,1.0
740,1,385.0,460.0,73.0,241.0,1,1,1.0
741,4,411.0,433.0,91.0,229.0,1,1,1.0
741,1,366.0,460.0,88.0,240.0,1,1,1.0
742,4,393.0,436.0,108.0,229.0,1,1,1.0
742,1,350.0,462.0,103.0,240.0,1,1,1.0
743,4,380.0,438.0,120.0,230.0,1,1,1.0
743,1,335.0,464.0,117.0,240.0,1,1,1.0
744,4,370.0,440.0,130.0,230.0,1,1,1.0
744,1,324.0,466.0,128.0,240.0,1,1,1.0
745,4,365.0,440.0,130.0,231.0,1,1,1.0
745,1,316.0,469.0,134.0,241.0,1,1,1.0
746,4,366.0,440.0,116.0,227.0,1,1,1.0
746,1,309.0,470.0,136.0,240.0,1,1,1.0
747,4,370.0,440.0,97.0,222.0,1,1,1.0
747,1,307.0,470.0,126.0,241.0,1,1,1.0
748,4,365.0,439.0,87.0,241.0,1,1,1.0
748,1,313.0,469.0,103.0,241.0,1,1,1.0
749,4,361.0,439.0,73.0,236.0,1,1,1.0
749,1,311.0,467.0,79.0,243.0,1,1,1.0
750,4,354.0,439.0,71.0,239.0,1,1,1.0
750,1,301.0,467.0,75.0,243.0,1,1,1.0
751,4,349.0,441.0,68.0,240.0,1,1,1.0
751,1,291.0,467.0,76.0,244.0,1,1,1.0
752,4,340.0,442.0,72.0,240.0,1,1,1.0
752,1,282.0,467.0,82.0,244.0,1,1,1.0
753,4,332.0,445.0,77.0,230.0,1,1,1.0
753,1,275.0,469.0,89.0,243.0,1,1,1.0
754,1,264.0,469.0,101.0,242.0,1,1,1.0
755,4,315.0,449.0,92.0,238.0,1,1,1.0
755,1,250.0,472.0,113.0,240.0,1,1,1.0
756,4,310.0,450.0,89.0,240.0,1,1,1.0
756,1,238.0,474.0,125.0,239.0,1,1,1.0
757,1,229.0,476.0,133.0,242.0,1,1,1.0
758,1,227.0,479.0,136.0,244.0,1,1,1.0
759,4,299.0,452.0,73.0,241.0,1,1,1.0
760,4,295.0,453.0,69.0,240.0,1,1,1.0
760,1,231.0,484.0,130.0,250.0,1,1,1.0
