1,1,1697.0,114.0,51.0,132.0,1,1,1.0
2,1,1696.0,114.0,50.0,133.0,1,1,1.0
3,1,1692.0,114.0,43.0,128.0,1,1,1.0
3,2,1747.0,127.0,44.0,138.0,1,1,1.0
4,1,1688.0,115.0,43.0,129.0,1,1,1.0
4,2,1745.0,127.0,42.0,138.0,1,1,1.0
5,1,1683.0,114.0,44.0,131.0,1,1,1.0
5,2,1743.0,127.0,39.0,138.0,1,1,1.0
6,1,1679.0,113.0,46.0,131.0,1,1,1.0
6,2,1739.0,125.0,39.0,140.0,1,1,1.0
7,1,1674.0,112.0,48.0,131.0,1,1,1.0
7,2,1734.0,124.0,41.0,140.0,1,1,1.0
8,1,1671.0,111.0,49.0,132.0,1,1,1.0
8,2,1726.0,124.0,47.0,140.0,1,1,1.0
9,1,1667.0,111.0,50.0,133.0,1,1,1.0
9,2,1717.0,124.0,55.0,141.0,1,1,1.0
10,1,1665.0,110.0,51.0,134.0,1,1,1.0
10,2,1711.0,124.0,59.0,141.0,1,1,1.0
11,1,1662.0,110.0,49.0,134.0,1,1,1.0
11,2,1720.0,124.0,50.0,140.0,1,1,1.0
12,1,1659.0,110.0,57.0,142.0,1,1,1.0
12,2,1721.0,125.0,48.0,140.0,1,1,1.0
14,1,1653.0,109.0,46.0,136.0,1,1,1.0
14,2,1702.0,123.0,65.0,140.0,1,1,1.0
15,1,1650.0,108.0,43.0,136.0,1,1,1.0
15,2,1698.0,122.0,65.0,139.0,1,1,1.0
16,1,1643.0,108.0,45.0,135.0,1,1,1.0
16,2,1697.0,120.0,58.0,138.0,1,1,1.0
17,1,1632.0,107.0,53.0,136.0,1,1,1.0
17,2,1697.0,117.0,52.0,138.0,1,1,1.0
18,1,1624.0,107.0,60.0,134.0,1,1,1.0
18,2,1694.0,115.0,48.0,141.0,1,1,1.0
19,1,1619.0,107.0,65.0,135.0,1,1,1.0
19,2,1690.0,113.0,48.0,142.0,1,1,1.0
20,1,1617.0,106.0,66.0,136.0,1,1,1.0
20,2,1685.0,114.0,49.0,142.0,1,1,1.0
21,1,1617.0,105.0,64.0,136.0,1,1,1.0
21,2,1680.0,114.0,50.0,142.0,1,1,1.0
22,1,1616.0,104.0,58.0,136.0,1,1,1.0
22,2,1672.0,115.0,54.0,141.0,1,1,1.0
23,1,1611.0,102.0,53.0,137.0,1,1,1.0
23,2,1664.0,115.0,57.0,141.0,1,1,1.0
24,1,1606.0,101.0,48.0,138.0,1,1,1.0
24,2,1660.0,116.0,59.0,139.0,1,1,1.0
25,1,1601.0,99.0,47.0,139.0,1,1,1.0
25,2,1658.0,116.0,59.0,140.0,1,1,1.0
26,1,1595.0,97.0,49.0,141.0,1,1,1.0
26,2,1657.0,115.0,58.0,141.0,1,1,1.0
27,1,1589.0,98.0,53.0,141.0,1,1,1.0
27,2,1656.0,114.0,51.0,142.0,1,1,1.0
28,1,1580.0,99.0,59.0,140.0,1,1,1.0
28,2,1655.0,111.0,45.0,145.0,1,1,1.0
29,1,1576.0,99.0,60.0,141.0,1,1,1.0
29,2,1653.0,111.0,41.0,145.0,1,1,1.0
30,1,1574.0,100.0,59.0,140.0,1,1,1.0
30,2,1648.0,111.0,41.0,145.0,1,1,1.0
31,1,1572.0,99.0,55.0,140.0,1,1,1.0
31,2,1641.0,111.0,43.0,145.0,1,1,1.0
32,1,1570.0,98.0,49.0,141.0,1,1,1.0
32,2,1629.0,111.0,51.0,144.0,1,1,1.0
33,1,1567.0,97.0,44.0,142.0,1,1,1.0
33,2,1617.0,111.0,60.0,144.0,1,1,1.0
34,1,1562.0,96.0,43.0,142.0,1,1,1.0
34,2,1610.0,111.0,66.0,144.0,1,1,1.0
35,1,1555.0,95.0,46.0,144.0,1,1,1.0
35,2,1606.0,110.0,69.0,145.0,1,1,1.0
36,1,1543.0,94.0,54.0,145.0,1,1,1.0
36,2,1604.0,108.0,69.0,146.0,1,1,1.0
37,1,1531.0,92.0,63.0,146.0,1,1,1.0
37,2,1603.0,107.0,65.0,146.0,1,1,1.0
38,1,1523.0,94.0,71.0,144.0,1,1,1.0
38,2,1603.0,104.0,57.0,148.0,1,1,1.0
39,1,1520.0,94.0,73.0,144.0,1,1,1.0
39,2,1602.0,102.0,51.0,150.0,1,1,1.0
40,1,1518.0,94.0,72.0,144.0,1,1,1.0
40,2,1598.0,102.0,51.0,151.0,1,1,1.0
41,1,1518.0,94.0,66.0,142.0,1,1,1.0
41,2,1591.0,103.0,55.0,150.0,1,1,1.0
42,1,1517.0,92.0,56.0,142.0,1,1,1.0
42,2,1584.0,104.0,59.0,150.0,1,1,1.0
43,1,1511.0,91.0,51.0,142.0,1,1,1.0
43,2,1577.0,104.0,63.0,151.0,1,1,1.0
44,1,1505.0,88.0,50.0,146.0,1,1,1.0
44,2,1571.0,105.0,66.0,150.0,1,1,1.0
45,1,1499.0,88.0,51.0,146.0,1,1,1.0
45,2,1566.0,105.0,67.0,151.0,1,1,1.0
46,1,1494.0,88.0,54.0,146.0,1,1,1.0
46,2,1562.0,105.0,65.0,151.0,1,1,1.0
47,1,1484.0,88.0,62.0,146.0,1,1,1.0
47,2,1560.0,105.0,62.0,152.0,1,1,1.0
48,1,1478.0,88.0,65.0,145.0,1,1,1.0
48,2,1558.0,104.0,55.0,153.0,1,1,1.0
49,1,1475.0,89.0,64.0,145.0,1,1,1.0
49,2,1557.0,101.0,49.0,156.0,1,1,1.0
50,1,1472.0,90.0,62.0,145.0,1,1,1.0
50,2,1553.0,99.0,46.0,158.0,1,1,1.0
51,1,1468.0,90.0,58.0,145.0,1,1,1.0
51,2,1546.0,99.0,47.0,158.0,1,1,1.0
52,1,1466.0,88.0,52.0,146.0,1,1,1.0
52,2,1531.0,99.0,57.0,158.0,1,1,1.0
53,1,1464.0,87.0,47.0,148.0,1,1,1.0
53,2,1517.0,100.0,68.0,157.0,1,1,1.0
54,1,1459.0,86.0,48.0,149.0,1,1,1.0
54,2,1505.0,101.0,79.0,156.0,1,1,1.0
55,1,1449.0,85.0,55.0,149.0,1,1,1.0
55,2,1499.0,101.0,85.0,155.0,1,1,1.0
56,1,1435.0,86.0,66.0,148.0,1,1,1.0
56,2,1495.0,101.0,87.0,155.0,1,1,1.0
57,1,1425.0,87.0,75.0,146.0,1,1,1.0
57,2,1494.0,99.0,83.0,155.0,1,1,1.0
58,1,1419.0,88.0,81.0,146.0,1,1,1.0
58,2,1494.0,97.0,74.0,155.0,1,1,1.0
59,1,1417.0,87.0,82.0,148.0,1,1,1.0
59,2,1494.0,96.0,62.0,155.0,1,1,1.0
60,1,1416.0,85.0,82.0,149.0,1,1,1.0
60,2,1492.0,94.0,53.0,157.0,1,1,1.0
61,1,1415.0,81.0,68.0,152.0,1,1,1.0
61,2,1485.0,93.0,54.0,158.0,1,1,1.0
62,1,1413.0,80.0,56.0,153.0,1,1,1.0
62,2,1478.0,93.0,57.0,158.0,1,1,1.0
63,1,1406.0,79.0,51.0,154.0,1,1,1.0
63,2,1468.0,94.0,63.0,158.0,1,1,1.0
64,1,1400.0,80.0,54.0,154.0,1,1,1.0
64,2,1457.0,95.0,71.0,157.0,1,1,1.0
65,1,1394.0,81.0,59.0,153.0,1,1,1.0
65,2,1449.0,97.0,77.0,156.0,1,1,1.0
66,1,1384.0,83.0,67.0,153.0,1,1,1.0
66,2,1444.0,97.0,78.0,156.0,1,1,1.0
67,1,1376.0,84.0,71.0,152.0,1,1,1.0
67,2,1441.0,97.0,75.0,157.0,1,1,1.0
68,1,1372.0,84.0,72.0,152.0,1,1,1.0
68,2,1440.0,96.0,67.0,158.0,1,1,1.0
69,1,1368.0,85.0,69.0,151.0,1,1,1.0
69,2,1439.0,94.0,59.0,159.0,1,1,1.0
70,1,1364.0,85.0,63.0,151.0,1,1,1.0
70,2,1436.0,93.0,53.0,161.0,1,1,1.0
71,1,1361.0,84.0,56.0,152.0,1,1,1.0
71,2,1429.0,92.0,52.0,162.0,1,1,1.0
72,1,1358.0,83.0,52.0,153.0,1,1,1.0
72,2,1420.0,91.0,54.0,163.0,1,1,1.0
73,1,1353.0,82.0,51.0,154.0,1,1,1.0
73,2,1403.0,91.0,65.0,163.0,1,1,1.0
74,1,1344.0,81.0,57.0,154.0,1,1,1.0
74,2,1386.0,92.0,80.0,162.0,1,1,1.0
75,1,1330.0,82.0,67.0,152.0,1,1,1.0
75,2,1375.0,92.0,90.0,161.0,1,1,1.0
76,1,1319.0,83.0,73.0,151.0,1,1,1.0
76,2,1370.0,93.0,95.0,161.0,1,1,1.0
77,1,1313.0,84.0,76.0,151.0,1,1,1.0
77,2,1367.0,93.0,98.0,161.0,1,1,1.0
78,1,1310.0,85.0,73.0,150.0,1,1,1.0
78,2,1365.0,92.0,93.0,161.0,1,1,1.0
79,1,1308.0,85.0,73.0,151.0,1,1,1.0
79,2,1365.0,90.0,84.0,161.0,1,1,1.0
80,1,1308.0,84.0,63.0,151.0,1,1,1.0
80,2,1365.0,88.0,72.0,162.0,1,1,1.0
81,1,1305.0,83.0,59.0,153.0,1,1,1.0
81,2,1364.0,86.0,60.0,164.0,1,1,1.0
82,1,1299.0,82.0,56.0,154.0,1,1,1.0
82,2,1360.0,86.0,55.0,164.0,1,1,1.0
83,1,1292.0,80.0,56.0,158.0,1,1,1.0
83,2,1353.0,86.0,55.0,164.0,1,1,1.0
84,1,1285.0,80.0,59.0,159.0,1,1,1.0
84,2,1345.0,86.0,61.0,165.0,1,1,1.0
85,1,1277.0,80.0,62.0,159.0,1,1,1.0
85,2,1335.0,87.0,70.0,164.0,1,1,1.0
86,1,1270.0,81.0,64.0,158.0,1,1,1.0
86,2,1323.0,89.0,80.0,163.0,1,1,1.0
87,1,1264.0,83.0,67.0,158.0,1,1,1.0
87,2,1316.0,90.0,84.0,164.0,1,1,1.0
88,1,1259.0,83.0,66.0,158.0,1,1,1.0
88,2,1312.0,90.0,83.0,165.0,1,1,1.0
89,1,1256.0,84.0,60.0,157.0,1,1,1.0
89,2,1310.0,90.0,79.0,166.0,1,1,1.0
90,1,1253.0,82.0,56.0,158.0,1,1,1.0
90,2,1310.0,89.0,68.0,167.0,1,1,1.0
91,1,1252.0,82.0,51.0,159.0,1,1,1.0
91,2,1308.0,87.0,59.0,169.0,1,1,1.0
92,1,1249.0,80.0,48.0,161.0,1,1,1.0
92,2,1306.0,86.0,52.0,170.0,1,1,1.0
93,1,1241.0,79.0,53.0,161.0,1,1,1.0
93,2,1299.0,85.0,51.0,171.0,1,1,1.0
94,1,1229.0,79.0,62.0,160.0,1,1,1.0
94,2,1288.0,85.0,54.0,172.0,1,1,1.0
95,1,1215.0,80.0,71.0,159.0,1,1,1.0
95,2,1270.0,85.0,67.0,171.0,1,1,1.0
96,1,1205.0,81.0,77.0,157.0,1,1,1.0
96,2,1255.0,86.0,80.0,170.0,1,1,1.0
97,1,1200.0,82.0,76.0,157.0,1,1,1.0
97,2,1245.0,87.0,90.0,169.0,1,1,1.0
98,2,1240.0,87.0,94.0,169.0,1,1,1.0
99,2,1237.0,87.0,95.0,169.0,1,1,1.0
100,1,1194.0,80.0,54.0,160.0,1,1,1.0
100,2,1236.0,86.0,90.0,169.0,1,1,1.0
101,1,1190.0,79.0,50.0,161.0,1,1,1.0
101,2,1236.0,85.0,79.0,170.0,1,1,1.0
102,1,1184.0,77.0,49.0,163.0,1,1,1.0
102,2,1235.0,83.0,67.0,172.0,1,1,1.0
103,1,1176.0,76.0,51.0,166.0,1,1,1.0
103,2,1231.0,82.0,57.0,174.0,1,1,1.0
104,1,1167.0,77.0,57.0,165.0,1,1,1.0
104,2,1225.0,82.0,55.0,175.0,1,1,1.0
105,1,1154.0,79.0,66.0,164.0,1,1,1.0
105,2,1217.0,82.0,56.0,176.0,1,1,1.0
106,1,1145.0,80.0,70.0,164.0,1,1,1.0
106,2,1206.0,83.0,61.0,175.0,1,1,1.0
107,1,1140.0,81.0,68.0,163.0,1,1,1.0
107,2,1194.0,85.0,71.0,173.0,1,1,1.0
108,1,1137.0,82.0,61.0,163.0,1,1,1.0
108,2,1186.0,87.0,78.0,172.0,1,1,1.0
109,1,1133.0,82.0,55.0,163.0,1,1,1.0
109,2,1182.0,87.0,82.0,173.0,1,1,1.0
110,1,1131.0,81.0,51.0,164.0,1,1,1.0
110,2,1179.0,87.0,81.0,174.0,1,1,1.0
111,1,1129.0,79.0,47.0,166.0,1,1,1.0
111,2,1179.0,87.0,72.0,175.0,1,1,1.0
112,1,1121.0,79.0,49.0,166.0,1,1,1.0
112,2,1177.0,86.0,63.0,176.0,1,1,1.0
113,1,1111.0,79.0,57.0,166.0,1,1,1.0
113,2,1172.0,85.0,54.0,178.0,1,1,1.0
114,1,1095.0,79.0,66.0,164.0,1,1,1.0
114,2,1164.0,84.0,52.0,178.0,1,1,1.0
115,1,1082.0,81.0,78.0,163.0,1,1,1.0
115,2,1154.0,84.0,56.0,179.0,1,1,1.0
116,1,1076.0,81.0,79.0,162.0,1,1,1.0
116,2,1138.0,84.0,70.0,178.0,1,1,1.0
117,1,1073.0,82.0,85.0,162.0,1,1,1.0
117,2,1122.0,86.0,85.0,177.0,1,1,1.0
118,1,1072.0,82.0,75.0,161.0,1,1,1.0
118,2,1112.0,86.0,95.0,176.0,1,1,1.0
119,1,1071.0,81.0,68.0,161.0,1,1,1.0
119,2,1105.0,87.0,101.0,176.0,1,1,1.0
120,1,1067.0,81.0,61.0,162.0,1,1,1.0
120,2,1103.0,87.0,102.0,175.0,1,1,1.0
121,1,1061.0,80.0,55.0,165.0,1,1,1.0
121,2,1101.0,86.0,95.0,175.0,1,1,1.0
122,1,1051.0,79.0,55.0,168.0,1,1,1.0
122,2,1102.0,85.0,83.0,176.0,1,1,1.0
123,1,1043.0,79.0,59.0,169.0,1,1,1.0
123,2,1101.0,84.0,70.0,176.0,1,1,1.0
124,1,1032.0,80.0,69.0,169.0,1,1,1.0
124,2,1098.0,82.0,58.0,178.0,1,1,1.0
125,1,1023.0,82.0,74.0,168.0,1,1,1.0
125,2,1088.0,82.0,57.0,180.0,1,1,1.0
126,1,1018.0,84.0,72.0,168.0,1,1,1.0
126,2,1079.0,83.0,59.0,181.0,1,1,1.0
127,1,1012.0,85.0,72.0,168.0,1,1,1.0
127,2,1068.0,84.0,67.0,181.0,1,1,1.0
128,1,1008.0,84.0,68.0,168.0,1,1,1.0
128,2,1057.0,86.0,77.0,179.0,1,1,1.0
129,2,1049.0,88.0,84.0,178.0,1,1,1.0
130,1,1003.0,83.0,53.0,169.0,1,1,1.0
130,2,1045.0,88.0,86.0,179.0,1,1,1.0
131,1,995.0,82.0,53.0,170.0,1,1,1.0
131,2,1042.0,88.0,85.0,180.0,1,1,1.0
132,1,986.0,82.0,58.0,169.0,1,1,1.0
132,2,1040.0,88.0,76.0,181.0,1,1,1.0
133,1,969.0,83.0,72.0,169.0,1,1,1.0
133,2,1035.0,86.0,68.0,183.0,1,1,1.0
134,1,954.0,84.0,80.0,168.0,1,1,1.0
134,2,1027.0,86.0,60.0,183.0,1,1,1.0
135,1,946.0,86.0,84.0,168.0,1,1,1.0
135,2,1021.0,85.0,57.0,183.0,1,1,1.0
136,1,942.0,87.0,81.0,168.0,1,1,1.0
136,2,1013.0,86.0,61.0,183.0,1,1,1.0
137,1,941.0,87.0,75.0,168.0,1,1,1.0
137,2,997.0,87.0,76.0,182.0,1,1,1.0
138,1,937.0,86.0,69.0,169.0,1,1,1.0
138,2,982.0,88.0,90.0,181.0,1,1,1.0
139,1,934.0,86.0,64.0,170.0,1,1,1.0
139,2,970.0,90.0,101.0,180.0,1,1,1.0
140,1,928.0,85.0,58.0,171.0,1,1,1.0
140,2,964.0,91.0,107.0,179.0,1,1,1.0
141,1,917.0,84.0,59.0,173.0,1,1,1.0
141,2,960.0,90.0,108.0,180.0,1,1,1.0
142,1,910.0,84.0,60.0,175.0,1,1,1.0
142,2,959.0,90.0,100.0,181.0,1,1,1.0
143,1,896.0,85.0,72.0,176.0,1,1,1.0
143,2,959.0,89.0,86.0,182.0,1,1,1.0
144,1,885.0,87.0,81.0,175.0,1,1,1.0
144,2,958.0,87.0,71.0,183.0,1,1,1.0
145,1,879.0,89.0,80.0,175.0,1,1,1.0
145,2,952.0,86.0,62.0,185.0,1,1,1.0
146,1,877.0,90.0,83.0,175.0,1,1,1.0
146,2,942.0,86.0,61.0,185.0,1,1,1.0
147,1,874.0,91.0,65.0,174.0,1,1,1.0
147,2,931.0,87.0,65.0,185.0,1,1,1.0
148,1,871.0,92.0,53.0,173.0,1,1,1.0
148,2,915.0,89.0,78.0,185.0,1,1,1.0
149,1,867.0,92.0,49.0,172.0,1,1,1.0
149,2,899.0,92.0,93.0,183.0,1,1,1.0
150,1,861.0,91.0,50.0,169.0,1,1,1.0
150,2,884.0,94.0,107.0,181.0,1,1,1.0
151,1,853.0,91.0,55.0,171.0,1,1,1.0
151,2,879.0,96.0,110.0,183.0,1,1,1.0
152,1,842.0,92.0,59.0,171.0,1,1,1.0
152,2,877.0,96.0,107.0,184.0,1,1,1.0
153,1,826.0,93.0,70.0,172.0,1,1,1.0
153,2,877.0,96.0,94.0,186.0,1,1,1.0
154,1,815.0,95.0,74.0,171.0,1,1,1.0
154,2,878.0,94.0,78.0,187.0,1,1,1.0
155,1,809.0,96.0,70.0,172.0,1,1,1.0
155,2,876.0,93.0,61.0,190.0,1,1,1.0
156,1,808.0,96.0,64.0,172.0,1,1,1.0
156,2,868.0,92.0,52.0,190.0,1,1,1.0
157,1,806.0,96.0,56.0,173.0,1,1,1.0
157,2,859.0,92.0,55.0,190.0,1,1,1.0
158,1,802.0,96.0,53.0,173.0,1,1,1.0
158,2,847.0,92.0,65.0,190.0,1,1,1.0
159,1,794.0,95.0,53.0,167.0,1,1,1.0
159,2,820.0,95.0,91.0,187.0,1,1,1.0
160,1,787.0,94.0,53.0,165.0,1,1,1.0
160,2,808.0,97.0,103.0,184.0,1,1,1.0
161,1,778.0,94.0,53.0,175.0,1,1,1.0
161,2,807.0,99.0,103.0,184.0,1,1,1.0
162,1,767.0,96.0,58.0,177.0,1,1,1.0
162,2,805.0,99.0,102.0,182.0,1,1,1.0
163,1,753.0,97.0,65.0,178.0,1,1,1.0
163,2,805.0,99.0,91.0,179.0,1,1,1.0
164,1,746.0,99.0,66.0,177.0,1,1,1.0
164,2,800.0,98.0,81.0,175.0,1,1,1.0
165,1,739.0,101.0,65.0,178.0,1,1,1.0
165,2,795.0,96.0,70.0,175.0,1,1,1.0
166,1,736.0,103.0,57.0,177.0,1,1,1.0
166,2,786.0,95.0,61.0,174.0,1,1,1.0
167,1,733.0,103.0,52.0,178.0,1,1,1.0
167,2,780.0,96.0,54.0,175.0,1,1,1.0
168,2,772.0,97.0,57.0,180.0,1,1,1.0
169,2,764.0,100.0,63.0,185.0,1,1,1.0
170,2,742.0,102.0,84.0,188.0,1,1,1.0
171,1,709.0,104.0,50.0,177.0,1,1,1.0
171,2,732.0,104.0,93.0,190.0,1,1,1.0
172,1,696.0,105.0,56.0,177.0,1,1,1.0
172,2,727.0,106.0,98.0,191.0,1,1,1.0
173,1,680.0,106.0,66.0,177.0,1,1,1.0
173,2,726.0,106.0,91.0,192.0,1,1,1.0
174,1,667.0,108.0,72.0,176.0,1,1,1.0
174,2,726.0,106.0,69.0,193.0,1,1,1.0
175,1,662.0,110.0,67.0,177.0,1,1,1.0
175,2,722.0,105.0,59.0,194.0,1,1,1.0
176,1,661.0,112.0,60.0,176.0,1,1,1.0
176,2,716.0,104.0,53.0,194.0,1,1,1.0
177,1,660.0,112.0,52.0,176.0,1,1,1.0
177,2,706.0,105.0,54.0,193.0,1,1,1.0
178,1,654.0,111.0,50.0,178.0,1,1,1.0
178,2,693.0,106.0,64.0,192.0,1,1,1.0
179,1,646.0,111.0,49.0,174.0,1,1,1.0
179,2,673.0,108.0,82.0,190.0,1,1,1.0
180,1,637.0,111.0,60.0,174.0,1,1,1.0
180,2,657.0,111.0,96.0,189.0,1,1,1.0
181,2,650.0,113.0,103.0,188.0,1,1,1.0
182,1,614.0,113.0,77.0,181.0,1,1,1.0
182,2,644.0,114.0,109.0,189.0,1,1,1.0
183,1,600.0,114.0,91.0,182.0,1,1,1.0
183,2,642.0,115.0,107.0,189.0,1,1,1.0
184,2,642.0,115.0,96.0,189.0,1,1,1.0
185,1,584.0,119.0,79.0,180.0,1,1,1.0
185,2,640.0,115.0,82.0,189.0,1,1,1.0
186,2,633.0,115.0,71.0,189.0,1,1,1.0
187,1,577.0,120.0,59.0,179.0,1,1,1.0
187,2,626.0,114.0,61.0,190.0,1,1,1.0
188,1,574.0,121.0,53.0,178.0,1,1,1.0
188,2,619.0,115.0,61.0,192.0,1,1,1.0
189,1,567.0,120.0,54.0,179.0,1,1,1.0
189,2,607.0,116.0,69.0,194.0,1,1,1.0
190,1,560.0,120.0,63.0,178.0,1,1,1.0
190,2,590.0,120.0,86.0,192.0,1,1,1.0
191,1,551.0,121.0,69.0,177.0,1,1,1.0
191,2,576.0,123.0,99.0,192.0,1,1,1.0
192,1,538.0,122.0,82.0,177.0,1,1,1.0
192,2,568.0,125.0,107.0,193.0,1,1,1.0
193,1,526.0,124.0,90.0,176.0,1,1,1.0
193,2,565.0,126.0,106.0,194.0,1,1,1.0
194,1,519.0,126.0,95.0,175.0,1,1,1.0
194,2,563.0,126.0,98.0,194.0,1,1,1.0
195,1,515.0,128.0,75.0,174.0,1,1,1.0
195,2,562.0,126.0,74.0,194.0,1,1,1.0
196,1,511.0,129.0,69.0,174.0,1,1,1.0
196,2,558.0,126.0,66.0,194.0,1,1,1.0
197,2,552.0,126.0,57.0,195.0,1,1,1.0
198,1,499.0,129.0,63.0,174.0,1,1,1.0
198,2,543.0,126.0,59.0,194.0,1,1,1.0
199,1,490.0,129.0,56.0,176.0,1,1,1.0
199,2,530.0,127.0,69.0,193.0,1,1,1.0
200,1,477.0,130.0,72.0,179.0,1,1,1.0
200,2,513.0,129.0,85.0,192.0,1,1,1.0
201,1,466.0,130.0,82.0,181.0,1,1,1.0
201,2,497.0,132.0,100.0,190.0,1,1,1.0
202,1,452.0,132.0,94.0,182.0,1,1,1.0
202,2,489.0,133.0,107.0,190.0,1,1,1.0
203,2,483.0,136.0,112.0,189.0,1,1,1.0
204,1,438.0,136.0,70.0,180.0,1,1,1.0
204,2,479.0,136.0,109.0,189.0,1,1,1.0
205,2,476.0,136.0,99.0,189.0,1,1,1.0
206,1,431.0,140.0,53.0,178.0,1,1,1.0
206,2,472.0,136.0,87.0,189.0,1,1,1.0
207,1,427.0,140.0,56.0,178.0,1,1,1.0
207,2,469.0,135.0,74.0,190.0,1,1,1.0
208,1,421.0,140.0,58.0,177.0,1,1,1.0
208,2,463.0,137.0,62.0,191.0,1,1,1.0
209,1,413.0,140.0,59.0,177.0,1,1,1.0
209,2,454.0,137.0,67.0,194.0,1,1,1.0
210,2,443.0,137.0,76.0,197.0,1,1,1.0
211,1,385.0,142.0,86.0,177.0,1,1,1.0
211,2,427.0,141.0,91.0,194.0,1,1,1.0
212,1,375.0,145.0,95.0,176.0,1,1,1.0
212,2,416.0,144.0,102.0,192.0,1,1,1.0
213,1,367.0,147.0,99.0,176.0,1,1,1.0
213,2,410.0,146.0,107.0,193.0,1,1,1.0
214,2,407.0,148.0,105.0,193.0,1,1,1.0
215,2,406.0,150.0,94.0,192.0,1,1,1.0
216,1,356.0,150.0,69.0,175.0,1,1,1.0
216,2,405.0,148.0,82.0,194.0,1,1,1.0
217,1,351.0,150.0,59.0,175.0,1,1,1.0
217,2,400.0,148.0,62.0,194.0,1,1,1.0
218,1,345.0,151.0,57.0,175.0,1,1,1.0
218,2,393.0,149.0,54.0,193.0,1,1,1.0
219,1,338.0,152.0,55.0,178.0,1,1,1.0
219,2,383.0,149.0,59.0,193.0,1,1,1.0
220,1,329.0,154.0,53.0,179.0,1,1,1.0
220,2,373.0,151.0,67.0,192.0,1,1,1.0
221,2,358.0,153.0,81.0,190.0,1,1,1.0
222,2,345.0,156.0,93.0,188.0,1,1,1.0
223,2,338.0,159.0,100.0,186.0,1,1,1.0
224,2,333.0,161.0,104.0,185.0,1,1,1.0
225,2,329.0,161.0,102.0,185.0,1,1,1.0
226,1,288.0,166.0,54.0,174.0,1,1,1.0
226,2,326.0,161.0,93.0,185.0,1,1,1.0
227,1,281.0,166.0,57.0,174.0,1,1,1.0
227,2,322.0,161.0,84.0,185.0,1,1,1.0
228,1,274.0,167.0,59.0,173.0,1,1,1.0
228,2,316.0,162.0,74.0,185.0,1,1,1.0
229,2,304.0,161.0,69.0,187.0,1,1,1.0
230,1,256.0,168.0,67.0,174.0,1,1,1.0
230,2,302.0,162.0,66.0,189.0,1,1,1.0
231,1,244.0,171.0,82.0,172.0,1,1,1.0
231,2,295.0,164.0,71.0,189.0,1,1,1.0
232,1,237.0,173.0,88.0,173.0,1,1,1.0
232,2,281.0,166.0,85.0,190.0,1,1,1.0
233,2,269.0,170.0,96.0,189.0,1,1,1.0
234,2,264.0,172.0,101.0,189.0,1,1,1.0
235,2,262.0,173.0,99.0,189.0,1,1,1.0
236,1,219.0,178.0,56.0,171.0,1,1,1.0
237,1,214.0,179.0,56.0,171.0,1,1,1.0
238,1,199.0,179.0,66.0,175.0,1,1,1.0
238,2,248.0,174.0,73.0,189.0,1,1,1.0
239,1,195.0,180.0,68.0,177.0,1,1,1.0
239,2,242.0,175.0,59.0,187.0,1,1,1.0
240,1,185.0,181.0,70.0,178.0,1,1,1.0
240,2,236.0,176.0,58.0,186.0,1,1,1.0
241,2,228.0,177.0,64.0,186.0,1,1,1.0
242,1,171.0,188.0,59.0,176.0,1,1,1.0
242,2,216.0,179.0,75.0,186.0,1,1,1.0
243,1,166.0,191.0,52.0,175.0,1,1,1.0
243,2,206.0,183.0,85.0,184.0,1,1,1.0
244,2,200.0,185.0,90.0,182.0,1,1,1.0
245,2,197.0,187.0,92.0,182.0,1,1,1.0
246,1,153.0,195.0,56.0,172.0,1,1,1.0
247,1,147.0,195.0,56.0,172.0,1,1,1.0
247,2,188.0,188.0,83.0,182.0,1,1,1.0
248,1,140.0,195.0,58.0,171.0,1,1,1.0
248,2,184.0,189.0,75.0,181.0,1,1,1.0
249,1,131.0,197.0,65.0,170.0,1,1,1.0
249,2,177.0,189.0,65.0,180.0,1,1,1.0
250,1,122.0,198.0,72.0,169.0,1,1,1.0
250,2,170.0,190.0,58.0,181.0,1,1,1.0
251,1,115.0,202.0,71.0,167.0,1,1,1.0
251,2,164.0,191.0,62.0,184.0,1,1,1.0
252,1,107.0,203.0,82.0,169.0,1,1,1.0
252,2,156.0,192.0,69.0,186.0,1,1,1.0
253,1,103.0,205.0,83.0,169.0,1,1,1.0
253,2,146.0,195.0,79.0,186.0,1,1,1.0
254,1,99.0,206.0,81.0,168.0,1,1,1.0
254,2,138.0,197.0,87.0,185.0,1,1,1.0
255,1,98.0,206.0,63.0,168.0,1,1,1.0
255,2,133.0,200.0,91.0,185.0,1,1,1.0
256,1,96.0,206.0,53.0,168.0,1,1,1.0
256,2,130.0,201.0,91.0,184.0,1,1,1.0
257,1,93.0,206.0,51.0,168.0,1,1,1.0
258,1,88.0,208.0,50.0,170.0,1,1,1.0
259,1,80.0,210.0,58.0,171.0,1,1,1.0
259,2,114.0,204.0,60.0,182.0,1,1,1.0
260,2,109.0,204.0,56.0,182.0,1,1,1.0
261,1,63.0,214.0,62.0,170.0,1,1,1.0
261,2,105.0,205.0,57.0,181.0,1,1,1.0
262,2,99.0,208.0,62.0,180.0,1,1,1.0
263,2,92.0,210.0,69.0,180.0,1,1,1.0
264,2,87.0,213.0,73.0,178.0,1,1,1.0
265,2,83.0,218.0,77.0,176.0,1,1,1.0
266,1,43.0,221.0,52.0,166.0,1,1,1.0
266,2,77.0,218.0,80.0,176.0,1,1,1.0
267,1,39.0,220.0,50.0,167.0,1,1,1.0
267,2,71.0,219.0,81.0,176.0,1,1,1.0
268,1,33.0,221.0,50.0,165.0,1,1,1.0
268,2,62.0,220.0,78.0,175.0,1,1,1.0
269,1,24.0,223.0,58.0,164.0,1,1,1.0
269,2,61.0,220.0,68.0,174.0,1,1,1.0
270,1,17.0,225.0,64.0,162.0,1,1,1.0
271,1,10.0,227.0,68.0,162.0,1,1,1.0
271,2,53.0,222.0,60.0,176.0,1,1,1.0
272,1,5.0,229.0,62.0,161.0,1,1,1.0
272,2,48.0,223.0,61.0,178.0,1,1,1.0
273,2,44.0,225.0,65.0,180.0,1,1,1.0
274,1,0.0,233.0,66.0,160.0,1,1,1.0
274,2,36.0,228.0,72.0,179.0,1,1,1.0
275,1,0.0,233.0,54.0,160.0,1,1,1.0
275,2,33.0,230.0,75.0,178.0,1,1,1.0
276,1,0.0,234.0,46.0,160.0,1,1,1.0
276,2,30.0,232.0,76.0,177.0,1,1,1.0
278,1,0.0,235.0,33.0,163.0,1,1,1.0
278,2,21.0,233.0,50.0,176.0,1,1,1.0
280,2,14.0,234.0,49.0,175.0,1,1,1.0
281,2,7.0,235.0,51.0,175.0,1,1,1.0
282,2,1.0,236.0,56.0,174.0,1,1,1.0
283,2,0.0,237.0,57.0,172.0,1,1,1.0
284,2,0.0,239.0,57.0,170.0,1,1,1.0
361,3,0.0,223.0,55.0,154.0,1,1,1.0
362,3,3.0,221.0,52.0,154.0,1,1,1.0
363,3,5.0,218.0,54.0,153.0,1,1,1.0
364,3,10.0,216.0,53.0,153.0,1,1,1.0
365,3,21.0,212.0,54.0,155.0,1,1,1.0
367,3,31.0,201.0,64.0,167.0,1,1,1.0
368,3,33.0,205.0,68.0,163.0,1,1,1.0
369,3,34.0,202.0,71.0,164.0,1,1,1.0
370,3,37.0,202.0,69.0,162.0,1,1,1.0
371,3,44.0,199.0,62.0,161.0,1,1,1.0
372,3,51.0,197.0,57.0,158.0,1,1,1.0
373,3,57.0,197.0,51.0,156.0,1,1,1.0
374,3,64.0,196.0,45.0,157.0,1,1,1.0
375,3,68.0,196.0,47.0,157.0,1,1,1.0
376,3,73.0,196.0,46.0,156.0,1,1,1.0
378,3,79.0,189.0,55.0,163.0,1,1,1.0
380,3,83.0,187.0,68.0,162.0,1,1,1.0
381,3,89.0,189.0,64.0,159.0,1,1,1.0
382,3,98.0,188.0,61.0,155.0,1,1,1.0
383,3,106.0,185.0,58.0,154.0,1,1,1.0
384,3,114.0,183.0,49.0,151.0,1,1,1.0
385,3,120.0,182.0,45.0,152.0,1,1,1.0
386,3,125.0,181.0,53.0,153.0,1,1,1.0
389,3,130.0,178.0,72.0,154.0,1,1,1.0
390,3,133.0,178.0,73.0,153.0,1,1,1.0
391,3,139.0,174.0,70.0,153.0,1,1,1.0
392,3,147.0,172.0,62.0,152.0,1,1,1.0
393,3,156.0,170.0,56.0,153.0,1,1,1.0
394,3,162.0,168.0,48.0,154.0,1,1,1.0
395,3,166.0,168.0,45.0,154.0,1,1,1.0
396,3,169.0,163.0,51.0,159.0,1,1,1.0
398,3,176.0,164.0,63.0,157.0,1,1,1.0
399,3,180.0,160.0,67.0,161.0,1,1,1.0
400,3,182.0,164.0,67.0,156.0,1,1,1.0
401,3,186.0,163.0,63.0,156.0,1,1,1.0
402,3,193.0,161.0,57.0,153.0,1,1,1.0
403,3,200.0,159.0,51.0,150.0,1,1,1.0
403,4,225.0,155.0,44.0,136.0,1,1,1.0
404,3,207.0,157.0,46.0,149.0,1,1,1.0
404,4,231.0,153.0,41.0,136.0,1,1,1.0
405,3,213.0,156.0,44.0,149.0,1,1,1.0
405,4,235.0,150.0,36.0,136.0,1,1,1.0
406,3,220.0,154.0,45.0,151.0,1,1,1.0
406,4,241.0,148.0,34.0,145.0,1,1,1.0
407,3,224.0,153.0,40.0,151.0,1,1,1.0
407,4,245.0,146.0,39.0,148.0,1,1,1.0
409,3,228.0,152.0,45.0,152.0,1,1,1.0
409,4,254.0,144.0,46.0,148.0,1,1,1.0
410,4,252.0,144.0,54.0,144.0,1,1,1.0
411,3,230.0,149.0,54.0,151.0,1,1,1.0
412,3,237.0,147.0,58.0,150.0,1,1,1.0
412,4,267.0,143.0,54.0,136.0,1,1,1.0
413,3,245.0,146.0,55.0,148.0,1,1,1.0
413,4,273.0,141.0,50.0,137.0,1,1,1.0
414,3,254.0,144.0,49.0,148.0,1,1,1.0
415,3,260.0,143.0,44.0,149.0,1,1,1.0
415,4,282.0,138.0,43.0,138.0,1,1,1.0
416,4,289.0,136.0,39.0,139.0,1,1,1.0
417,3,267.0,140.0,45.0,151.0,1,1,1.0
417,4,295.0,134.0,41.0,145.0,1,1,1.0
418,3,270.0,141.0,57.0,150.0,1,1,1.0
418,4,299.0,134.0,49.0,139.0,1,1,1.0
419,3,274.0,143.0,59.0,148.0,1,1,1.0
419,4,304.0,133.0,57.0,134.0,1,1,1.0
420,3,277.0,141.0,66.0,149.0,1,1,1.0
420,4,308.0,133.0,59.0,136.0,1,1,1.0
421,3,279.0,140.0,69.0,149.0,1,1,1.0
422,3,283.0,139.0,65.0,148.0,1,1,1.0
422,4,320.0,130.0,52.0,136.0,1,1,1.0
423,3,292.0,137.0,58.0,146.0,1,1,1.0
423,4,326.0,129.0,48.0,136.0,1,1,1.0
424,3,300.0,136.0,50.0,144.0,1,1,1.0
424,4,331.0,128.0,42.0,138.0,1,1,1.0
425,3,307.0,134.0,43.0,142.0,1,1,1.0
426,3,313.0,133.0,42.0,142.0,1,1,1.0
426,4,333.0,125.0,58.0,145.0,1,1,1.0
427,3,319.0,132.0,49.0,143.0,1,1,1.0
427,4,341.0,124.0,55.0,147.0,1,1,1.0
428,3,323.0,130.0,42.0,145.0,1,1,1.0
428,4,348.0,123.0,46.0,149.0,1,1,1.0
429,3,326.0,130.0,40.0,145.0,1,1,1.0
429,4,353.0,122.0,47.0,150.0,1,1,1.0
430,3,327.0,130.0,43.0,144.0,1,1,1.0
430,4,358.0,122.0,46.0,149.0,1,1,1.0
431,3,328.0,129.0,53.0,145.0,1,1,1.0
431,4,355.0,122.0,55.0,142.0,1,1,1.0
432,3,330.0,128.0,58.0,145.0,1,1,1.0
432,4,365.0,121.0,51.0,136.0,1,1,1.0
433,3,332.0,126.0,61.0,146.0,1,1,1.0
433,4,373.0,120.0,47.0,136.0,1,1,1.0
434,3,341.0,124.0,55.0,146.0,1,1,1.0
434,4,378.0,118.0,42.0,136.0,1,1,1.0
435,3,352.0,123.0,50.0,146.0,1,1,1.0
435,4,383.0,117.0,39.0,135.0,1,1,1.0
436,3,359.0,121.0,47.0,147.0,1,1,1.0
436,4,387.0,115.0,42.0,135.0,1,1,1.0
437,3,363.0,119.0,49.0,149.0,1,1,1.0
437,4,392.0,113.0,43.0,137.0,1,1,1.0
438,3,367.0,118.0,55.0,147.0,1,1,1.0
438,4,396.0,113.0,46.0,134.0,1,1,1.0
439,3,370.0,119.0,57.0,144.0,1,1,1.0
440,3,373.0,120.0,62.0,142.0,1,1,1.0
440,4,405.0,112.0,49.0,132.0,1,1,1.0
441,3,377.0,120.0,64.0,142.0,1,1,1.0
442,3,381.0,118.0,67.0,144.0,1,1,1.0
443,3,384.0,116.0,65.0,144.0,1,1,1.0
443,4,417.0,110.0,40.0,132.0,1,1,1.0
444,3,391.0,115.0,59.0,142.0,1,1,1.0
446,3,405.0,113.0,47.0,138.0,1,1,1.0
447,3,411.0,111.0,42.0,138.0,1,1,1.0
447,4,434.0,106.0,42.0,125.0,1,1,1.0
448,3,415.0,110.0,44.0,139.0,1,1,1.0
450,4,437.0,106.0,55.0,129.0,1,1,1.0
451,4,437.0,105.0,59.0,132.0,1,1,1.0
452,4,442.0,105.0,57.0,129.0,1,1,1.0
453,3,427.0,108.0,68.0,138.0,1,1,1.0
453,4,448.0,103.0,52.0,126.0,1,1,1.0
454,3,432.0,105.0,67.0,140.0,1,1,1.0
455,3,439.0,102.0,62.0,140.0,1,1,1.0
456,3,448.0,102.0,55.0,138.0,1,1,1.0
457,3,455.0,101.0,49.0,137.0,1,1,1.0
458,3,459.0,100.0,49.0,138.0,1,1,1.0
459,3,463.0,99.0,52.0,139.0,1,1,1.0
460,3,466.0,99.0,55.0,140.0,1,1,1.0
461,3,469.0,99.0,58.0,139.0,1,1,1.0
462,3,472.0,99.0,59.0,138.0,1,1,1.0
462,4,500.0,96.0,40.0,124.0,1,1,1.0
463,3,475.0,99.0,60.0,138.0,1,1,1.0
464,3,478.0,99.0,60.0,137.0,1,1,1.0
465,3,483.0,98.0,55.0,136.0,1,1,1.0
466,3,490.0,95.0,50.0,136.0,1,1,1.0
466,4,519.0,88.0,36.0,129.0,1,1,1.0
468,3,500.0,96.0,42.0,130.0,1,1,1.0
468,4,526.0,89.0,50.0,127.0,1,1,1.0
469,3,505.0,94.0,42.0,133.0,1,1,1.0
469,4,530.0,91.0,54.0,126.0,1,1,1.0
470,3,509.0,93.0,49.0,133.0,1,1,1.0
470,4,533.0,91.0,55.0,126.0,1,1,1.0
471,3,513.0,93.0,54.0,134.0,1,1,1.0
471,4,537.0,90.0,52.0,125.0,1,1,1.0
473,3,517.0,91.0,58.0,134.0,1,1,1.0
473,4,548.0,89.0,43.0,124.0,1,1,1.0
474,3,518.0,91.0,58.0,133.0,1,1,1.0
474,4,552.0,87.0,39.0,125.0,1,1,1.0
475,3,521.0,91.0,55.0,132.0,1,1,1.0
475,4,553.0,86.0,41.0,128.0,1,1,1.0
476,3,527.0,90.0,50.0,130.0,1,1,1.0
476,4,560.0,85.0,40.0,125.0,1,1,1.0
477,3,534.0,90.0,44.0,131.0,1,1,1.0
477,4,561.0,85.0,50.0,125.0,1,1,1.0
478,3,540.0,88.0,40.0,132.0,1,1,1.0
478,4,565.0,85.0,57.0,124.0,1,1,1.0
479,3,544.0,88.0,37.0,132.0,1,1,1.0
479,4,569.0,85.0,62.0,123.0,1,1,1.0
480,3,549.0,87.0,42.0,132.0,1,1,1.0
480,4,576.0,85.0,60.0,122.0,1,1,1.0
481,3,552.0,87.0,50.0,133.0,1,1,1.0
481,4,582.0,85.0,56.0,122.0,1,1,1.0
482,3,553.0,86.0,57.0,133.0,1,1,1.0
482,4,588.0,85.0,50.0,122.0,1,1,1.0
483,3,554.0,86.0,62.0,135.0,1,1,1.0
484,3,555.0,86.0,66.0,135.0,1,1,1.0
484,4,595.0,82.0,45.0,125.0,1,1,1.0
485,3,556.0,86.0,68.0,135.0,1,1,1.0
485,4,600.0,81.0,42.0,125.0,1,1,1.0
486,3,560.0,86.0,64.0,133.0,1,1,1.0
486,4,605.0,80.0,43.0,125.0,1,1,1.0
487,3,568.0,85.0,55.0,131.0,1,1,1.0
487,4,609.0,80.0,45.0,125.0,1,1,1.0
488,3,576.0,85.0,47.0,130.0,1,1,1.0
488,4,613.0,80.0,49.0,124.0,1,1,1.0
489,3,581.0,85.0,45.0,128.0,1,1,1.0
489,4,616.0,81.0,54.0,123.0,1,1,1.0
490,3,584.0,84.0,43.0,130.0,1,1,1.0
490,4,619.0,81.0,55.0,123.0,1,1,1.0
491,3,586.0,84.0,47.0,131.0,1,1,1.0
491,4,619.0,81.0,58.0,125.0,1,1,1.0
492,3,588.0,85.0,52.0,130.0,1,1,1.0
492,4,627.0,82.0,52.0,124.0,1,1,1.0
493,3,591.0,86.0,56.0,129.0,1,1,1.0
493,4,632.0,81.0,47.0,125.0,1,1,1.0
494,3,594.0,86.0,58.0,129.0,1,1,1.0
494,4,636.0,80.0,44.0,127.0,1,1,1.0
495,3,597.0,86.0,57.0,129.0,1,1,1.0
495,4,642.0,78.0,40.0,128.0,1,1,1.0
496,3,600.0,85.0,55.0,130.0,1,1,1.0
496,4,647.0,77.0,39.0,128.0,1,1,1.0
497,3,606.0,84.0,52.0,131.0,1,1,1.0
497,4,651.0,76.0,42.0,129.0,1,1,1.0
498,3,610.0,83.0,50.0,132.0,1,1,1.0
498,4,653.0,76.0,51.0,128.0,1,1,1.0
499,3,615.0,82.0,48.0,133.0,1,1,1.0
499,4,655.0,76.0,59.0,128.0,1,1,1.0
500,3,620.0,81.0,53.0,133.0,1,1,1.0
500,4,658.0,77.0,64.0,127.0,1,1,1.0
501,3,624.0,79.0,51.0,135.0,1,1,1.0
501,4,659.0,77.0,66.0,127.0,1,1,1.0
502,3,628.0,79.0,51.0,136.0,1,1,1.0
502,4,667.0,77.0,59.0,127.0,1,1,1.0
503,3,631.0,78.0,56.0,137.0,1,1,1.0
503,4,676.0,77.0,51.0,127.0,1,1,1.0
504,3,634.0,79.0,62.0,136.0,1,1,1.0
504,4,680.0,76.0,46.0,128.0,1,1,1.0
505,3,636.0,81.0,66.0,134.0,1,1,1.0
505,4,683.0,76.0,47.0,128.0,1,1,1.0
506,3,636.0,83.0,69.0,133.0,1,1,1.0
506,4,686.0,76.0,50.0,128.0,1,1,1.0
507,3,636.0,82.0,71.0,133.0,1,1,1.0
507,4,690.0,75.0,54.0,130.0,1,1,1.0
508,3,639.0,81.0,69.0,134.0,1,1,1.0
508,4,694.0,75.0,56.0,130.0,1,1,1.0
509,3,645.0,80.0,64.0,135.0,1,1,1.0
509,4,698.0,75.0,57.0,129.0,1,1,1.0
510,3,653.0,78.0,56.0,136.0,1,1,1.0
510,4,702.0,76.0,59.0,128.0,1,1,1.0
511,3,658.0,78.0,51.0,136.0,1,1,1.0
511,4,705.0,76.0,58.0,129.0,1,1,1.0
512,3,662.0,77.0,52.0,138.0,1,1,1.0
512,4,710.0,78.0,55.0,128.0,1,1,1.0
513,3,666.0,76.0,54.0,138.0,1,1,1.0
513,4,714.0,77.0,50.0,129.0,1,1,1.0
514,3,670.0,76.0,54.0,139.0,1,1,1.0
514,4,718.0,76.0,48.0,129.0,1,1,1.0
515,3,674.0,77.0,57.0,138.0,1,1,1.0
515,4,721.0,77.0,44.0,129.0,1,1,1.0
516,3,679.0,78.0,59.0,137.0,1,1,1.0
516,4,724.0,76.0,44.0,131.0,1,1,1.0
517,3,684.0,79.0,58.0,137.0,1,1,1.0
517,4,729.0,75.0,44.0,132.0,1,1,1.0
518,3,686.0,78.0,59.0,138.0,1,1,1.0
518,4,732.0,75.0,48.0,131.0,1,1,1.0
519,3,688.0,78.0,59.0,139.0,1,1,1.0
519,4,734.0,75.0,56.0,132.0,1,1,1.0
520,3,694.0,77.0,54.0,140.0,1,1,1.0
520,4,736.0,74.0,61.0,133.0,1,1,1.0
521,3,702.0,76.0,47.0,141.0,1,1,1.0
521,4,740.0,75.0,60.0,132.0,1,1,1.0
522,3,708.0,75.0,42.0,142.0,1,1,1.0
522,4,743.0,75.0,58.0,133.0,1,1,1.0
523,3,712.0,75.0,41.0,141.0,1,1,1.0
523,4,747.0,76.0,54.0,132.0,1,1,1.0
524,3,716.0,75.0,43.0,142.0,1,1,1.0
524,4,752.0,75.0,50.0,133.0,1,1,1.0
525,3,720.0,73.0,50.0,144.0,1,1,1.0
525,4,758.0,75.0,48.0,134.0,1,1,1.0
526,3,724.0,75.0,57.0,141.0,1,1,1.0
526,4,763.0,74.0,49.0,135.0,1,1,1.0
527,3,727.0,76.0,58.0,140.0,1,1,1.0
527,4,767.0,74.0,51.0,138.0,1,1,1.0
528,3,728.0,77.0,63.0,140.0,1,1,1.0
528,4,769.0,74.0,53.0,139.0,1,1,1.0
529,3,729.0,77.0,68.0,140.0,1,1,1.0
529,4,774.0,74.0,52.0,139.0,1,1,1.0
530,3,730.0,76.0,68.0,141.0,1,1,1.0
530,4,777.0,75.0,53.0,139.0,1,1,1.0
531,3,735.0,76.0,63.0,142.0,1,1,1.0
531,4,780.0,76.0,52.0,139.0,1,1,1.0
532,3,741.0,75.0,57.0,143.0,1,1,1.0
532,4,784.0,76.0,52.0,139.0,1,1,1.0
533,3,745.0,74.0,54.0,142.0,1,1,1.0
533,4,788.0,77.0,51.0,138.0,1,1,1.0
534,3,748.0,75.0,52.0,142.0,1,1,1.0
534,4,792.0,76.0,49.0,139.0,1,1,1.0
535,3,750.0,75.0,51.0,144.0,1,1,1.0
535,4,796.0,76.0,47.0,140.0,1,1,1.0
536,3,753.0,75.0,54.0,145.0,1,1,1.0
536,4,800.0,75.0,46.0,140.0,1,1,1.0
537,4,805.0,75.0,47.0,140.0,1,1,1.0
538,3,760.0,76.0,63.0,144.0,1,1,1.0
538,4,808.0,75.0,55.0,139.0,1,1,1.0
539,3,765.0,77.0,63.0,144.0,1,1,1.0
539,4,811.0,75.0,62.0,139.0,1,1,1.0
540,3,769.0,78.0,61.0,145.0,1,1,1.0
540,4,813.0,75.0,67.0,140.0,1,1,1.0
541,3,774.0,77.0,58.0,146.0,1,1,1.0
541,4,818.0,76.0,65.0,139.0,1,1,1.0
542,3,778.0,76.0,56.0,147.0,1,1,1.0
543,3,782.0,76.0,57.0,147.0,1,1,1.0
543,4,823.0,76.0,61.0,140.0,1,1,1.0
544,3,787.0,75.0,59.0,149.0,1,1,1.0
544,4,829.0,75.0,55.0,140.0,1,1,1.0
545,3,790.0,74.0,59.0,149.0,1,1,1.0
545,4,837.0,74.0,52.0,141.0,1,1,1.0
546,3,795.0,74.0,55.0,149.0,1,1,1.0
546,4,845.0,74.0,51.0,142.0,1,1,1.0
547,3,799.0,74.0,56.0,149.0,1,1,1.0
547,4,852.0,73.0,53.0,144.0,1,1,1.0
548,3,802.0,75.0,60.0,149.0,1,1,1.0
548,4,856.0,74.0,55.0,144.0,1,1,1.0
549,3,805.0,76.0,66.0,148.0,1,1,1.0
549,4,859.0,74.0,57.0,145.0,1,1,1.0
550,3,809.0,77.0,69.0,148.0,1,1,1.0
550,4,861.0,75.0,61.0,145.0,1,1,1.0
551,3,812.0,77.0,68.0,148.0,1,1,1.0
551,4,865.0,75.0,61.0,145.0,1,1,1.0
552,3,813.0,77.0,68.0,148.0,1,1,1.0
552,4,867.0,75.0,60.0,146.0,1,1,1.0
553,3,816.0,77.0,67.0,150.0,1,1,1.0
553,4,873.0,76.0,56.0,145.0,1,1,1.0
554,3,821.0,76.0,63.0,150.0,1,1,1.0
554,4,882.0,75.0,49.0,146.0,1,1,1.0
555,3,825.0,76.0,63.0,151.0,1,1,1.0
555,4,889.0,75.0,44.0,147.0,1,1,1.0
556,3,829.0,75.0,64.0,152.0,1,1,1.0
556,4,893.0,74.0,45.0,148.0,1,1,1.0
557,3,832.0,74.0,65.0,153.0,1,1,1.0
557,4,893.0,73.0,53.0,148.0,1,1,1.0
558,3,836.0,73.0,65.0,154.0,1,1,1.0
558,4,895.0,74.0,64.0,148.0,1,1,1.0
559,3,840.0,75.0,64.0,153.0,1,1,1.0
559,4,898.0,74.0,71.0,148.0,1,1,1.0
560,3,845.0,76.0,64.0,154.0,1,1,1.0
560,4,901.0,76.0,74.0,147.0,1,1,1.0
561,3,850.0,76.0,64.0,153.0,1,1,1.0
561,4,902.0,77.0,76.0,150.0,1,1,1.0
562,3,853.0,77.0,69.0,154.0,1,1,1.0
562,4,908.0,77.0,71.0,149.0,1,1,1.0
563,3,857.0,78.0,69.0,154.0,1,1,1.0
563,4,914.0,77.0,65.0,149.0,1,1,1.0
564,3,861.0,78.0,66.0,156.0,1,1,1.0
564,4,922.0,76.0,60.0,149.0,1,1,1.0
565,3,869.0,77.0,60.0,156.0,1,1,1.0
565,4,932.0,74.0,57.0,151.0,1,1,1.0
566,3,877.0,76.0,56.0,158.0,1,1,1.0
566,4,938.0,73.0,58.0,153.0,1,1,1.0
567,3,883.0,74.0,55.0,159.0,1,1,1.0
567,4,943.0,74.0,61.0,154.0,1,1,1.0
568,3,890.0,73.0,55.0,160.0,1,1,1.0
568,4,948.0,74.0,61.0,154.0,1,1,1.0
569,3,895.0,73.0,55.0,161.0,1,1,1.0
569,4,952.0,76.0,61.0,153.0,1,1,1.0
570,3,899.0,74.0,57.0,160.0,1,1,1.0
570,4,956.0,77.0,62.0,153.0,1,1,1.0
571,3,903.0,75.0,64.0,159.0,1,1,1.0
571,4,961.0,78.0,61.0,154.0,1,1,1.0
572,3,904.0,77.0,73.0,157.0,1,1,1.0
572,4,965.0,79.0,58.0,154.0,1,1,1.0
573,3,906.0,78.0,79.0,157.0,1,1,1.0
573,4,971.0,78.0,54.0,154.0,1,1,1.0
574,3,907.0,78.0,81.0,158.0,1,1,1.0
574,4,975.0,78.0,51.0,155.0,1,1,1.0
575,3,909.0,78.0,80.0,158.0,1,1,1.0
575,4,980.0,77.0,48.0,156.0,1,1,1.0
576,3,916.0,77.0,74.0,159.0,1,1,1.0
576,4,985.0,76.0,48.0,156.0,1,1,1.0
577,3,923.0,76.0,70.0,159.0,1,1,1.0
577,4,989.0,76.0,52.0,156.0,1,1,1.0
578,3,927.0,75.0,70.0,161.0,1,1,1.0
578,4,990.0,77.0,64.0,156.0,1,1,1.0
579,3,931.0,75.0,71.0,162.0,1,1,1.0
579,4,989.0,78.0,75.0,156.0,1,1,1.0
580,3,937.0,75.0,71.0,163.0,1,1,1.0
580,4,989.0,79.0,82.0,156.0,1,1,1.0
581,3,942.0,75.0,70.0,164.0,1,1,1.0
581,4,995.0,79.0,77.0,157.0,1,1,1.0
582,3,947.0,77.0,71.0,164.0,1,1,1.0
582,4,1004.0,79.0,69.0,158.0,1,1,1.0
583,3,953.0,78.0,73.0,164.0,1,1,1.0
583,4,1011.0,79.0,62.0,159.0,1,1,1.0
584,3,958.0,79.0,71.0,165.0,1,1,1.0
584,4,1018.0,78.0,58.0,160.0,1,1,1.0
585,3,961.0,80.0,70.0,167.0,1,1,1.0
585,4,1028.0,77.0,55.0,161.0,1,1,1.0
586,3,964.0,80.0,69.0,167.0,1,1,1.0
586,4,1035.0,76.0,58.0,163.0,1,1,1.0
587,3,970.0,79.0,69.0,168.0,1,1,1.0
587,4,1041.0,77.0,60.0,164.0,1,1,1.0
588,3,979.0,78.0,67.0,169.0,1,1,1.0
588,4,1045.0,77.0,64.0,165.0,1,1,1.0
589,3,987.0,77.0,65.0,171.0,1,1,1.0
589,4,1046.0,79.0,69.0,166.0,1,1,1.0
590,3,993.0,76.0,62.0,172.0,1,1,1.0
590,4,1054.0,80.0,67.0,166.0,1,1,1.0
591,3,998.0,75.0,61.0,173.0,1,1,1.0
591,4,1060.0,81.0,67.0,167.0,1,1,1.0
592,3,1002.0,75.0,60.0,173.0,1,1,1.0
592,4,1066.0,82.0,65.0,167.0,1,1,1.0
593,3,1007.0,77.0,68.0,172.0,1,1,1.0
593,4,1065.0,82.0,69.0,168.0,1,1,1.0
594,3,1009.0,79.0,78.0,171.0,1,1,1.0
594,4,1073.0,82.0,64.0,167.0,1,1,1.0
595,3,1009.0,81.0,87.0,171.0,1,1,1.0
595,4,1074.0,82.0,64.0,168.0,1,1,1.0
596,3,1009.0,82.0,90.0,171.0,1,1,1.0
596,4,1080.0,82.0,64.0,167.0,1,1,1.0
597,3,1012.0,82.0,91.0,173.0,1,1,1.0
597,4,1087.0,82.0,66.0,169.0,1,1,1.0
598,3,1017.0,83.0,88.0,173.0,1,1,1.0
598,4,1090.0,83.0,79.0,169.0,1,1,1.0
599,3,1026.0,82.0,85.0,174.0,1,1,1.0
599,4,1092.0,85.0,89.0,169.0,1,1,1.0
600,3,1038.0,81.0,79.0,175.0,1,1,1.0
600,4,1094.0,86.0,93.0,170.0,1,1,1.0
601,3,1052.0,80.0,72.0,176.0,1,1,1.0
601,4,1096.0,88.0,93.0,171.0,1,1,1.0
602,3,1061.0,80.0,67.0,178.0,1,1,1.0
602,4,1104.0,89.0,85.0,171.0,1,1,1.0
603,3,1069.0,80.0,68.0,181.0,1,1,1.0
604,3,1074.0,82.0,68.0,181.0,1,1,1.0
604,4,1128.0,88.0,69.0,171.0,1,1,1.0
605,3,1077.0,84.0,76.0,181.0,1,1,1.0
605,4,1142.0,87.0,64.0,172.0,1,1,1.0
606,3,1077.0,87.0,82.0,181.0,1,1,1.0
606,4,1153.0,87.0,63.0,175.0,1,1,1.0
607,3,1077.0,89.0,87.0,182.0,1,1,1.0
607,4,1161.0,87.0,66.0,177.0,1,1,1.0
608,3,1080.0,90.0,86.0,183.0,1,1,1.0
608,4,1163.0,89.0,73.0,178.0,1,1,1.0
609,3,1088.0,90.0,82.0,184.0,1,1,1.0
609,4,1165.0,90.0,79.0,178.0,1,1,1.0
610,3,1101.0,89.0,75.0,185.0,1,1,1.0
610,4,1165.0,92.0,88.0,178.0,1,1,1.0
611,3,1118.0,88.0,66.0,186.0,1,1,1.0
611,4,1170.0,93.0,90.0,178.0,1,1,1.0
612,3,1132.0,87.0,60.0,187.0,1,1,1.0
612,4,1178.0,94.0,87.0,178.0,1,1,1.0
613,3,1137.0,86.0,62.0,188.0,1,1,1.0
613,4,1199.0,94.0,65.0,178.0,1,1,1.0
614,3,1139.0,87.0,67.0,187.0,1,1,1.0
614,4,1212.0,94.0,54.0,179.0,1,1,1.0
615,3,1139.0,89.0,79.0,186.0,1,1,1.0
615,4,1219.0,93.0,53.0,179.0,1,1,1.0
616,3,1140.0,93.0,96.0,184.0,1,1,1.0
616,4,1227.0,93.0,56.0,180.0,1,1,1.0
617,3,1140.0,96.0,106.0,182.0,1,1,1.0
617,4,1228.0,93.0,69.0,181.0,1,1,1.0
618,3,1141.0,99.0,110.0,183.0,1,1,1.0
618,4,1230.0,95.0,82.0,181.0,1,1,1.0
619,3,1146.0,100.0,106.0,183.0,1,1,1.0
619,4,1235.0,97.0,88.0,180.0,1,1,1.0
620,4,1247.0,99.0,80.0,181.0,1,1,1.0
621,3,1169.0,98.0,90.0,186.0,1,1,1.0
621,4,1246.0,101.0,84.0,180.0,1,1,1.0
622,3,1189.0,96.0,75.0,188.0,1,1,1.0
622,4,1256.0,101.0,77.0,181.0,1,1,1.0
623,3,1208.0,95.0,65.0,190.0,1,1,1.0
623,4,1262.0,101.0,75.0,181.0,1,1,1.0
624,3,1217.0,95.0,63.0,194.0,1,1,1.0
624,4,1274.0,101.0,68.0,182.0,1,1,1.0
625,3,1220.0,97.0,68.0,196.0,1,1,1.0
625,4,1291.0,100.0,60.0,174.0,1,1,1.0
626,3,1221.0,100.0,81.0,196.0,1,1,1.0
626,4,1300.0,101.0,65.0,183.0,1,1,1.0
627,3,1222.0,102.0,91.0,196.0,1,1,1.0
627,4,1302.0,102.0,73.0,186.0,1,1,1.0
628,3,1223.0,105.0,96.0,195.0,1,1,1.0
628,4,1303.0,104.0,83.0,188.0,1,1,1.0
629,3,1229.0,106.0,94.0,196.0,1,1,1.0
629,4,1305.0,106.0,88.0,188.0,1,1,1.0
630,3,1243.0,107.0,84.0,196.0,1,1,1.0
630,4,1316.0,108.0,86.0,188.0,1,1,1.0
631,3,1267.0,105.0,65.0,198.0,1,1,1.0
631,4,1320.0,110.0,87.0,187.0,1,1,1.0
632,3,1279.0,104.0,59.0,198.0,1,1,1.0
632,4,1338.0,110.0,73.0,187.0,1,1,1.0
633,3,1286.0,104.0,60.0,198.0,1,1,1.0
633,4,1346.0,110.0,66.0,187.0,1,1,1.0
634,3,1288.0,105.0,69.0,198.0,1,1,1.0
634,4,1357.0,110.0,60.0,187.0,1,1,1.0
635,3,1290.0,107.0,83.0,197.0,1,1,1.0
635,4,1365.0,110.0,59.0,187.0,1,1,1.0
636,3,1291.0,110.0,99.0,195.0,1,1,1.0
636,4,1371.0,111.0,66.0,187.0,1,1,1.0
637,3,1291.0,113.0,110.0,194.0,1,1,1.0
637,4,1367.0,113.0,86.0,186.0,1,1,1.0
638,3,1294.0,115.0,112.0,195.0,1,1,1.0
638,4,1364.0,115.0,101.0,187.0,1,1,1.0
639,4,1373.0,117.0,99.0,188.0,1,1,1.0
641,3,1336.0,114.0,82.0,197.0,1,1,1.0
641,4,1401.0,120.0,74.0,189.0,1,1,1.0
642,3,1357.0,114.0,68.0,198.0,1,1,1.0
642,4,1401.0,120.0,74.0,189.0,1,1,1.0
643,3,1370.0,114.0,64.0,201.0,1,1,1.0
643,4,1415.0,121.0,66.0,189.0,1,1,1.0
644,3,1374.0,116.0,70.0,204.0,1,1,1.0
644,4,1427.0,122.0,61.0,188.0,1,1,1.0
645,3,1375.0,118.0,85.0,204.0,1,1,1.0
645,4,1439.0,122.0,60.0,191.0,1,1,1.0
646,3,1376.0,121.0,96.0,203.0,1,1,1.0
646,4,1449.0,122.0,63.0,196.0,1,1,1.0
647,3,1377.0,124.0,102.0,203.0,1,1,1.0
647,4,1447.0,123.0,76.0,199.0,1,1,1.0
648,3,1382.0,126.0,101.0,203.0,1,1,1.0
648,4,1447.0,126.0,85.0,198.0,1,1,1.0
650,3,1409.0,127.0,80.0,203.0,1,1,1.0
650,4,1476.0,133.0,73.0,196.0,1,1,1.0
651,3,1428.0,127.0,65.0,202.0,1,1,1.0
651,4,1489.0,135.0,64.0,195.0,1,1,1.0
652,3,1443.0,127.0,57.0,202.0,1,1,1.0
652,4,1498.0,135.0,56.0,194.0,1,1,1.0
653,3,1448.0,128.0,61.0,202.0,1,1,1.0
653,4,1505.0,135.0,52.0,194.0,1,1,1.0
654,3,1450.0,130.0,72.0,202.0,1,1,1.0
655,3,1450.0,132.0,86.0,203.0,1,1,1.0
655,4,1516.0,136.0,58.0,195.0,1,1,1.0
656,3,1451.0,134.0,95.0,202.0,1,1,1.0
656,4,1512.0,138.0,74.0,195.0,1,1,1.0
657,3,1451.0,137.0,98.0,202.0,1,1,1.0
657,4,1510.0,140.0,93.0,195.0,1,1,1.0
658,3,1459.0,139.0,93.0,202.0,1,1,1.0
659,3,1471.0,140.0,84.0,202.0,1,1,1.0
660,3,1496.0,140.0,66.0,201.0,1,1,1.0
660,4,1548.0,147.0,72.0,195.0,1,1,1.0
