1,1,1816.0,351.0,50.0,144.0,1,1,1.0
1,2,1762.0,342.0,53.0,137.0,1,1,1.0
2,1,1808.0,352.0,55.0,143.0,1,1,1.0
2,2,1760.0,341.0,52.0,140.0,1,1,1.0
3,1,1802.0,353.0,57.0,142.0,1,1,1.0
3,2,1756.0,341.0,47.0,139.0,1,1,1.0
4,1,1798.0,353.0,57.0,143.0,1,1,1.0
4,2,1750.0,339.0,45.0,140.0,1,1,1.0
5,1,1796.0,353.0,57.0,143.0,1,1,1.0
5,2,1745.0,338.0,45.0,142.0,1,1,1.0
6,1,1796.0,352.0,53.0,145.0,1,1,1.0
6,2,1741.0,338.0,45.0,142.0,1,1,1.0
7,1,1796.0,351.0,47.0,145.0,1,1,1.0
7,2,1732.0,339.0,52.0,142.0,1,1,1.0
8,1,1795.0,350.0,41.0,147.0,1,1,1.0
8,2,1724.0,339.0,57.0,141.0,1,1,1.0
9,1,1793.0,349.0,38.0,148.0,1,1,1.0
9,2,1720.0,340.0,58.0,141.0,1,1,1.0
10,1,1789.0,348.0,39.0,149.0,1,1,1.0
10,2,1718.0,340.0,56.0,141.0,1,1,1.0
11,1,1779.0,347.0,44.0,150.0,1,1,1.0
11,2,1717.0,340.0,50.0,141.0,1,1,1.0
12,1,1767.0,348.0,52.0,149.0,1,1,1.0
12,2,1716.0,338.0,44.0,143.0,1,1,1.0
13,1,1758.0,348.0,58.0,149.0,1,1,1.0
13,2,1713.0,337.0,41.0,144.0,1,1,1.0
14,1,1751.0,349.0,63.0,148.0,1,1,1.0
14,2,1708.0,336.0,41.0,145.0,1,1,1.0
15,1,1748.0,349.0,65.0,148.0,1,1,1.0
15,2,1700.0,335.0,45.0,145.0,1,1,1.0
16,1,1746.0,348.0,65.0,149.0,1,1,1.0
16,2,1687.0,335.0,54.0,146.0,1,1,1.0
17,1,1746.0,346.0,60.0,149.0,1,1,1.0
17,2,1676.0,335.0,62.0,145.0,1,1,1.0
18,1,1745.0,345.0,54.0,151.0,1,1,1.0
18,2,1670.0,336.0,66.0,144.0,1,1,1.0
19,1,1745.0,344.0,50.0,152.0,1,1,1.0
19,2,1667.0,336.0,66.0,144.0,1,1,1.0
20,1,1742.0,344.0,48.0,153.0,1,1,1.0
20,2,1665.0,336.0,64.0,142.0,1,1,1.0
21,1,1736.0,344.0,51.0,154.0,1,1,1.0
21,2,1665.0,334.0,59.0,143.0,1,1,1.0
22,1,1729.0,345.0,55.0,154.0,1,1,1.0
22,2,1665.0,332.0,51.0,145.0,1,1,1.0
23,1,1722.0,346.0,60.0,154.0,1,1,1.0
23,2,1659.0,331.0,48.0,146.0,1,1,1.0
24,1,1715.0,347.0,64.0,153.0,1,1,1.0
24,2,1654.0,330.0,47.0,148.0,1,1,1.0
25,1,1711.0,348.0,63.0,154.0,1,1,1.0
25,2,1649.0,329.0,49.0,149.0,1,1,1.0
26,1,1708.0,348.0,61.0,154.0,1,1,1.0
26,2,1640.0,330.0,55.0,149.0,1,1,1.0
27,1,1707.0,347.0,56.0,155.0,1,1,1.0
27,2,1633.0,330.0,61.0,148.0,1,1,1.0
28,1,1706.0,346.0,50.0,157.0,1,1,1.0
28,2,1627.0,331.0,64.0,148.0,1,1,1.0
29,1,1704.0,345.0,46.0,158.0,1,1,1.0
29,2,1624.0,332.0,62.0,148.0,1,1,1.0
30,1,1699.0,344.0,44.0,159.0,1,1,1.0
30,2,1622.0,332.0,58.0,148.0,1,1,1.0
31,1,1689.0,344.0,49.0,159.0,1,1,1.0
31,2,1619.0,332.0,53.0,148.0,1,1,1.0
32,1,1675.0,344.0,57.0,159.0,1,1,1.0
32,2,1617.0,331.0,49.0,149.0,1,1,1.0
33,1,1661.0,345.0,68.0,158.0,1,1,1.0
33,2,1614.0,330.0,46.0,150.0,1,1,1.0
34,1,1651.0,345.0,77.0,157.0,1,1,1.0
34,2,1608.0,330.0,48.0,150.0,1,1,1.0
35,1,1645.0,345.0,82.0,156.0,1,1,1.0
35,2,1597.0,330.0,55.0,150.0,1,1,1.0
36,1,1643.0,345.0,83.0,156.0,1,1,1.0
36,2,1583.0,330.0,64.0,150.0,1,1,1.0
37,1,1642.0,344.0,77.0,156.0,1,1,1.0
37,2,1574.0,331.0,72.0,149.0,1,1,1.0
38,1,1642.0,342.0,69.0,156.0,1,1,1.0
38,2,1569.0,331.0,76.0,149.0,1,1,1.0
39,1,1642.0,341.0,57.0,158.0,1,1,1.0
39,2,1567.0,331.0,81.0,149.0,1,1,1.0
40,1,1640.0,338.0,51.0,160.0,1,1,1.0
40,2,1566.0,330.0,72.0,149.0,1,1,1.0
41,1,1635.0,338.0,51.0,161.0,1,1,1.0
41,2,1566.0,329.0,61.0,150.0,1,1,1.0
42,1,1627.0,339.0,55.0,161.0,1,1,1.0
42,2,1564.0,328.0,52.0,151.0,1,1,1.0
43,1,1614.0,340.0,65.0,160.0,1,1,1.0
43,2,1558.0,327.0,50.0,152.0,1,1,1.0
44,1,1604.0,341.0,72.0,159.0,1,1,1.0
44,2,1553.0,327.0,52.0,153.0,1,1,1.0
45,1,1596.0,342.0,77.0,159.0,1,1,1.0
45,2,1545.0,326.0,59.0,154.0,1,1,1.0
46,1,1592.0,343.0,78.0,158.0,1,1,1.0
46,2,1534.0,327.0,67.0,154.0,1,1,1.0
47,1,1590.0,343.0,73.0,159.0,1,1,1.0
47,2,1528.0,328.0,71.0,153.0,1,1,1.0
48,1,1590.0,343.0,64.0,159.0,1,1,1.0
48,2,1524.0,329.0,70.0,152.0,1,1,1.0
49,1,1589.0,342.0,56.0,160.0,1,1,1.0
49,2,1521.0,330.0,66.0,152.0,1,1,1.0
50,1,1585.0,341.0,52.0,162.0,1,1,1.0
50,2,1518.0,330.0,59.0,152.0,1,1,1.0
51,1,1580.0,339.0,50.0,164.0,1,1,1.0
51,2,1515.0,329.0,54.0,153.0,1,1,1.0
52,1,1567.0,338.0,56.0,165.0,1,1,1.0
52,2,1512.0,328.0,52.0,154.0,1,1,1.0
53,1,1550.0,338.0,68.0,164.0,1,1,1.0
53,2,1507.0,328.0,51.0,153.0,1,1,1.0
54,1,1535.0,339.0,79.0,163.0,1,1,1.0
54,2,1493.0,327.0,60.0,154.0,1,1,1.0
55,1,1527.0,340.0,87.0,161.0,1,1,1.0
55,2,1480.0,328.0,68.0,152.0,1,1,1.0
56,1,1521.0,341.0,92.0,161.0,1,1,1.0
56,2,1471.0,328.0,74.0,152.0,1,1,1.0
57,1,1518.0,340.0,94.0,161.0,1,1,1.0
57,2,1465.0,329.0,74.0,152.0,1,1,1.0
58,1,1516.0,339.0,89.0,162.0,1,1,1.0
58,2,1463.0,329.0,70.0,152.0,1,1,1.0
59,1,1516.0,338.0,80.0,162.0,1,1,1.0
59,2,1462.0,329.0,66.0,153.0,1,1,1.0
60,1,1517.0,336.0,68.0,163.0,1,1,1.0
60,2,1462.0,328.0,57.0,153.0,1,1,1.0
61,1,1517.0,334.0,56.0,165.0,1,1,1.0
61,2,1459.0,327.0,55.0,154.0,1,1,1.0
62,1,1513.0,333.0,53.0,166.0,1,1,1.0
62,2,1453.0,326.0,54.0,156.0,1,1,1.0
63,1,1506.0,333.0,54.0,166.0,1,1,1.0
63,2,1446.0,325.0,56.0,158.0,1,1,1.0
64,1,1499.0,334.0,60.0,166.0,1,1,1.0
64,2,1439.0,325.0,58.0,158.0,1,1,1.0
65,1,1485.0,335.0,72.0,165.0,1,1,1.0
65,2,1432.0,326.0,62.0,159.0,1,1,1.0
66,1,1475.0,337.0,80.0,165.0,1,1,1.0
66,2,1424.0,328.0,65.0,158.0,1,1,1.0
67,1,1467.0,338.0,83.0,165.0,1,1,1.0
67,2,1419.0,329.0,64.0,158.0,1,1,1.0
68,1,1464.0,338.0,81.0,166.0,1,1,1.0
68,2,1413.0,329.0,67.0,158.0,1,1,1.0
69,1,1462.0,338.0,76.0,167.0,1,1,1.0
69,2,1410.0,330.0,62.0,158.0,1,1,1.0
70,1,1462.0,337.0,66.0,168.0,1,1,1.0
70,2,1409.0,329.0,55.0,158.0,1,1,1.0
71,1,1462.0,336.0,56.0,170.0,1,1,1.0
71,2,1407.0,328.0,50.0,159.0,1,1,1.0
72,1,1459.0,334.0,51.0,171.0,1,1,1.0
72,2,1403.0,328.0,48.0,160.0,1,1,1.0
73,1,1451.0,333.0,50.0,172.0,1,1,1.0
73,2,1395.0,327.0,51.0,159.0,1,1,1.0
74,1,1437.0,333.0,58.0,172.0,1,1,1.0
74,2,1380.0,327.0,62.0,158.0,1,1,1.0
75,1,1421.0,334.0,69.0,172.0,1,1,1.0
75,2,1368.0,327.0,69.0,156.0,1,1,1.0
76,1,1407.0,335.0,81.0,171.0,1,1,1.0
76,2,1359.0,328.0,74.0,156.0,1,1,1.0
77,1,1398.0,336.0,88.0,170.0,1,1,1.0
77,2,1355.0,329.0,73.0,155.0,1,1,1.0
78,1,1392.0,336.0,94.0,169.0,1,1,1.0
78,2,1353.0,328.0,68.0,156.0,1,1,1.0
79,1,1390.0,336.0,94.0,169.0,1,1,1.0
79,2,1353.0,328.0,57.0,156.0,1,1,1.0
80,1,1389.0,334.0,87.0,169.0,1,1,1.0
80,2,1351.0,327.0,51.0,157.0,1,1,1.0
81,1,1389.0,333.0,75.0,170.0,1,1,1.0
81,2,1346.0,325.0,48.0,159.0,1,1,1.0
82,1,1390.0,332.0,62.0,171.0,1,1,1.0
82,2,1340.0,324.0,48.0,162.0,1,1,1.0
83,1,1387.0,331.0,55.0,173.0,1,1,1.0
83,2,1332.0,324.0,51.0,164.0,1,1,1.0
84,1,1379.0,331.0,56.0,174.0,1,1,1.0
84,2,1320.0,324.0,61.0,165.0,1,1,1.0
85,1,1372.0,332.0,57.0,174.0,1,1,1.0
85,2,1307.0,325.0,67.0,164.0,1,1,1.0
86,1,1359.0,333.0,63.0,173.0,1,1,1.0
86,2,1298.0,326.0,73.0,164.0,1,1,1.0
87,1,1347.0,334.0,72.0,171.0,1,1,1.0
87,2,1294.0,327.0,71.0,164.0,1,1,1.0
88,1,1339.0,336.0,78.0,171.0,1,1,1.0
88,2,1292.0,328.0,64.0,163.0,1,1,1.0
89,1,1335.0,336.0,82.0,172.0,1,1,1.0
89,2,1290.0,328.0,64.0,163.0,1,1,1.0
90,1,1333.0,336.0,80.0,173.0,1,1,1.0
90,2,1289.0,327.0,55.0,163.0,1,1,1.0
91,1,1332.0,335.0,70.0,174.0,1,1,1.0
91,2,1285.0,326.0,49.0,164.0,1,1,1.0
92,1,1332.0,334.0,58.0,176.0,1,1,1.0
92,2,1277.0,326.0,49.0,164.0,1,1,1.0
93,1,1328.0,333.0,52.0,177.0,1,1,1.0
93,2,1263.0,325.0,60.0,165.0,1,1,1.0
94,1,1319.0,332.0,53.0,177.0,1,1,1.0
94,2,1248.0,325.0,75.0,165.0,1,1,1.0
95,1,1306.0,332.0,59.0,177.0,1,1,1.0
95,2,1236.0,326.0,80.0,161.0,1,1,1.0
96,1,1289.0,333.0,73.0,177.0,1,1,1.0
96,2,1231.0,327.0,80.0,160.0,1,1,1.0
97,1,1274.0,334.0,87.0,176.0,1,1,1.0
97,2,1229.0,327.0,79.0,160.0,1,1,1.0
98,1,1265.0,335.0,95.0,175.0,1,1,1.0
98,2,1228.0,327.0,80.0,160.0,1,1,1.0
99,1,1260.0,335.0,99.0,174.0,1,1,1.0
99,2,1227.0,326.0,68.0,160.0,1,1,1.0
100,1,1258.0,334.0,99.0,175.0,1,1,1.0
100,2,1223.0,325.0,59.0,162.0,1,1,1.0
101,1,1257.0,334.0,92.0,174.0,1,1,1.0
101,2,1216.0,325.0,53.0,164.0,1,1,1.0
102,1,1257.0,332.0,80.0,175.0,1,1,1.0
102,2,1208.0,324.0,53.0,165.0,1,1,1.0
103,1,1257.0,331.0,65.0,176.0,1,1,1.0
103,2,1199.0,324.0,58.0,167.0,1,1,1.0
104,1,1255.0,330.0,54.0,177.0,1,1,1.0
104,2,1186.0,325.0,69.0,167.0,1,1,1.0
105,1,1246.0,330.0,55.0,179.0,1,1,1.0
105,2,1177.0,326.0,75.0,167.0,1,1,1.0
106,1,1237.0,331.0,58.0,179.0,1,1,1.0
106,2,1173.0,328.0,72.0,166.0,1,1,1.0
107,1,1223.0,332.0,67.0,179.0,1,1,1.0
107,2,1170.0,328.0,71.0,167.0,1,1,1.0
108,1,1211.0,333.0,77.0,178.0,1,1,1.0
108,2,1167.0,327.0,62.0,167.0,1,1,1.0
109,1,1203.0,334.0,83.0,178.0,1,1,1.0
109,2,1167.0,327.0,50.0,168.0,1,1,1.0
110,1,1199.0,335.0,87.0,178.0,1,1,1.0
110,2,1163.0,326.0,46.0,169.0,1,1,1.0
111,1,1197.0,335.0,83.0,179.0,1,1,1.0
111,2,1154.0,325.0,50.0,169.0,1,1,1.0
112,1,1197.0,334.0,72.0,180.0,1,1,1.0
112,2,1139.0,326.0,63.0,168.0,1,1,1.0
113,1,1192.0,333.0,63.0,181.0,1,1,1.0
113,2,1123.0,326.0,79.0,168.0,1,1,1.0
114,1,1180.0,332.0,63.0,182.0,1,1,1.0
114,2,1109.0,327.0,89.0,167.0,1,1,1.0
115,1,1175.0,332.0,59.0,182.0,1,1,1.0
115,2,1102.0,328.0,88.0,166.0,1,1,1.0
116,1,1166.0,332.0,64.0,182.0,1,1,1.0
116,2,1099.0,329.0,83.0,166.0,1,1,1.0
117,1,1150.0,333.0,78.0,181.0,1,1,1.0
117,2,1097.0,329.0,76.0,166.0,1,1,1.0
118,1,1135.0,334.0,93.0,180.0,1,1,1.0
118,2,1096.0,328.0,66.0,167.0,1,1,1.0
119,1,1125.0,336.0,101.0,179.0,1,1,1.0
119,2,1092.0,327.0,63.0,167.0,1,1,1.0
120,1,1119.0,336.0,107.0,178.0,1,1,1.0
120,2,1085.0,325.0,58.0,169.0,1,1,1.0
121,1,1116.0,335.0,106.0,179.0,1,1,1.0
121,2,1077.0,325.0,56.0,171.0,1,1,1.0
122,1,1115.0,335.0,97.0,179.0,1,1,1.0
122,2,1066.0,325.0,63.0,172.0,1,1,1.0
123,1,1115.0,333.0,83.0,180.0,1,1,1.0
123,2,1051.0,326.0,77.0,173.0,1,1,1.0
124,1,1114.0,332.0,68.0,181.0,1,1,1.0
124,2,1041.0,328.0,86.0,173.0,1,1,1.0
125,1,1106.0,331.0,63.0,182.0,1,1,1.0
126,1,1100.0,331.0,59.0,183.0,1,1,1.0
126,2,1034.0,330.0,83.0,172.0,1,1,1.0
127,1,1087.0,331.0,67.0,183.0,1,1,1.0
127,2,1033.0,330.0,70.0,172.0,1,1,1.0
128,1,1070.0,333.0,80.0,183.0,1,1,1.0
128,2,1029.0,330.0,56.0,171.0,1,1,1.0
129,1,1053.0,336.0,96.0,180.0,1,1,1.0
129,2,1027.0,330.0,49.0,170.0,1,1,1.0
130,1,1044.0,338.0,103.0,179.0,1,1,1.0
130,2,1019.0,330.0,53.0,172.0,1,1,1.0
131,1,1039.0,339.0,107.0,180.0,1,1,1.0
131,2,1013.0,330.0,53.0,172.0,1,1,1.0
132,1,1037.0,339.0,102.0,182.0,1,1,1.0
132,2,998.0,331.0,62.0,170.0,1,1,1.0
133,1,1037.0,338.0,88.0,183.0,1,1,1.0
133,2,982.0,332.0,73.0,170.0,1,1,1.0
134,1,1037.0,337.0,73.0,185.0,1,1,1.0
134,2,972.0,333.0,77.0,170.0,1,1,1.0
135,1,1034.0,334.0,59.0,187.0,1,1,1.0
135,2,967.0,333.0,73.0,171.0,1,1,1.0
136,1,1026.0,333.0,51.0,188.0,1,1,1.0
136,2,965.0,334.0,65.0,171.0,1,1,1.0
137,1,1014.0,333.0,57.0,188.0,1,1,1.0
137,2,964.0,334.0,56.0,172.0,1,1,1.0
138,1,999.0,334.0,70.0,187.0,1,1,1.0
138,2,960.0,332.0,52.0,173.0,1,1,1.0
139,1,978.0,335.0,90.0,185.0,1,1,1.0
139,2,954.0,331.0,53.0,173.0,1,1,1.0
140,1,966.0,337.0,101.0,186.0,1,1,1.0
140,2,947.0,330.0,53.0,170.0,1,1,1.0
141,1,959.0,338.0,108.0,184.0,1,1,1.0
141,2,938.0,331.0,54.0,175.0,1,1,1.0
142,1,958.0,338.0,104.0,182.0,1,1,1.0
142,2,927.0,332.0,58.0,176.0,1,1,1.0
143,1,960.0,338.0,91.0,179.0,1,1,1.0
143,2,911.0,333.0,68.0,175.0,1,1,1.0
144,1,958.0,337.0,78.0,177.0,1,1,1.0
144,2,901.0,335.0,75.0,175.0,1,1,1.0
145,1,955.0,335.0,64.0,176.0,1,1,1.0
145,2,897.0,336.0,69.0,175.0,1,1,1.0
146,1,948.0,334.0,55.0,175.0,1,1,1.0
147,1,940.0,334.0,53.0,178.0,1,1,1.0
147,2,892.0,338.0,54.0,174.0,1,1,1.0
148,1,931.0,336.0,58.0,184.0,1,1,1.0
148,2,892.0,338.0,47.0,173.0,1,1,1.0
149,1,925.0,338.0,61.0,176.0,1,1,1.0
149,2,887.0,337.0,45.0,175.0,1,1,1.0
150,1,902.0,341.0,83.0,178.0,1,1,1.0
150,2,879.0,336.0,47.0,172.0,1,1,1.0
151,1,892.0,342.0,92.0,183.0,1,1,1.0
151,2,871.0,336.0,49.0,172.0,1,1,1.0
152,1,886.0,343.0,97.0,185.0,1,1,1.0
152,2,854.0,337.0,69.0,173.0,1,1,1.0
153,1,884.0,343.0,81.0,186.0,1,1,1.0
153,2,839.0,338.0,72.0,173.0,1,1,1.0
154,1,884.0,342.0,66.0,187.0,1,1,1.0
154,2,827.0,340.0,75.0,172.0,1,1,1.0
155,1,883.0,341.0,56.0,188.0,1,1,1.0
155,2,823.0,341.0,71.0,173.0,1,1,1.0
156,1,878.0,341.0,51.0,189.0,1,1,1.0
156,2,821.0,342.0,62.0,174.0,1,1,1.0
157,1,868.0,341.0,53.0,189.0,1,1,1.0
158,1,851.0,342.0,67.0,187.0,1,1,1.0
158,2,815.0,341.0,51.0,175.0,1,1,1.0
159,1,832.0,343.0,85.0,187.0,1,1,1.0
159,2,808.0,340.0,49.0,170.0,1,1,1.0
160,1,817.0,344.0,99.0,186.0,1,1,1.0
160,2,800.0,340.0,49.0,172.0,1,1,1.0
161,1,808.0,345.0,106.0,185.0,1,1,1.0
161,2,789.0,339.0,60.0,177.0,1,1,1.0
162,1,803.0,346.0,110.0,185.0,1,1,1.0
163,1,801.0,346.0,106.0,185.0,1,1,1.0
163,2,761.0,341.0,87.0,177.0,1,1,1.0
164,1,801.0,346.0,93.0,185.0,1,1,1.0
165,1,801.0,346.0,77.0,185.0,1,1,1.0
167,1,789.0,345.0,56.0,187.0,1,1,1.0
167,2,743.0,344.0,55.0,177.0,1,1,1.0
168,1,782.0,345.0,57.0,190.0,1,1,1.0
168,2,740.0,342.0,49.0,179.0,1,1,1.0
169,1,767.0,347.0,70.0,190.0,1,1,1.0
169,2,732.0,342.0,48.0,177.0,1,1,1.0
170,1,749.0,349.0,87.0,189.0,1,1,1.0
171,1,735.0,352.0,100.0,188.0,1,1,1.0
171,2,714.0,343.0,65.0,177.0,1,1,1.0
172,1,728.0,353.0,106.0,188.0,1,1,1.0
172,2,697.0,345.0,83.0,176.0,1,1,1.0
173,1,725.0,354.0,105.0,188.0,1,1,1.0
173,2,687.0,346.0,94.0,175.0,1,1,1.0
174,1,723.0,354.0,92.0,189.0,1,1,1.0
174,2,681.0,348.0,76.0,172.0,1,1,1.0
175,1,723.0,353.0,77.0,190.0,1,1,1.0
175,2,678.0,349.0,65.0,170.0,1,1,1.0
176,1,722.0,352.0,65.0,191.0,1,1,1.0
176,2,676.0,349.0,62.0,170.0,1,1,1.0
177,1,715.0,351.0,56.0,192.0,1,1,1.0
177,2,671.0,348.0,61.0,172.0,1,1,1.0
178,1,706.0,351.0,56.0,192.0,1,1,1.0
178,2,663.0,347.0,57.0,173.0,1,1,1.0
179,1,689.0,352.0,70.0,191.0,1,1,1.0
180,1,670.0,354.0,87.0,189.0,1,1,1.0
180,2,641.0,348.0,72.0,175.0,1,1,1.0
181,1,657.0,355.0,99.0,187.0,1,1,1.0
181,2,627.0,349.0,84.0,176.0,1,1,1.0
182,1,650.0,357.0,106.0,186.0,1,1,1.0
182,2,613.0,351.0,97.0,175.0,1,1,1.0
183,1,646.0,357.0,108.0,186.0,1,1,1.0
184,1,645.0,357.0,102.0,186.0,1,1,1.0
184,2,601.0,354.0,98.0,173.0,1,1,1.0
185,1,644.0,357.0,89.0,186.0,1,1,1.0
185,2,598.0,355.0,75.0,172.0,1,1,1.0
187,1,635.0,355.0,69.0,188.0,1,1,1.0
187,2,591.0,354.0,58.0,174.0,1,1,1.0
188,1,626.0,355.0,59.0,190.0,1,1,1.0
188,2,584.0,352.0,56.0,175.0,1,1,1.0
189,1,618.0,355.0,63.0,192.0,1,1,1.0
189,2,576.0,352.0,56.0,174.0,1,1,1.0
190,1,603.0,357.0,76.0,192.0,1,1,1.0
190,2,563.0,352.0,58.0,173.0,1,1,1.0
191,1,586.0,359.0,92.0,190.0,1,1,1.0
191,2,545.0,353.0,84.0,174.0,1,1,1.0
192,1,575.0,361.0,103.0,189.0,1,1,1.0
192,2,536.0,354.0,92.0,173.0,1,1,1.0
193,1,569.0,363.0,107.0,188.0,1,1,1.0
193,2,529.0,356.0,97.0,172.0,1,1,1.0
194,1,567.0,364.0,105.0,188.0,1,1,1.0
194,2,524.0,357.0,93.0,172.0,1,1,1.0
195,1,566.0,364.0,93.0,189.0,1,1,1.0
196,1,566.0,363.0,79.0,190.0,1,1,1.0
196,2,519.0,356.0,68.0,173.0,1,1,1.0
197,1,563.0,362.0,65.0,190.0,1,1,1.0
197,2,515.0,355.0,55.0,174.0,1,1,1.0
198,1,557.0,362.0,52.0,191.0,1,1,1.0
198,2,508.0,354.0,53.0,176.0,1,1,1.0
199,1,546.0,363.0,57.0,190.0,1,1,1.0
199,2,501.0,355.0,58.0,178.0,1,1,1.0
200,1,533.0,363.0,67.0,189.0,1,1,1.0
200,2,487.0,355.0,72.0,179.0,1,1,1.0
201,1,516.0,365.0,83.0,188.0,1,1,1.0
202,1,504.0,366.0,95.0,186.0,1,1,1.0
202,2,464.0,360.0,94.0,177.0,1,1,1.0
203,1,497.0,367.0,101.0,185.0,1,1,1.0
204,1,492.0,368.0,105.0,184.0,1,1,1.0
204,2,452.0,364.0,92.0,173.0,1,1,1.0
205,1,490.0,368.0,101.0,184.0,1,1,1.0
206,1,488.0,367.0,89.0,184.0,1,1,1.0
206,2,448.0,364.0,60.0,174.0,1,1,1.0
207,1,486.0,366.0,78.0,185.0,1,1,1.0
207,2,443.0,364.0,52.0,175.0,1,1,1.0
208,1,480.0,365.0,67.0,185.0,1,1,1.0
208,2,437.0,363.0,54.0,175.0,1,1,1.0
209,1,471.0,364.0,61.0,188.0,1,1,1.0
209,2,428.0,363.0,61.0,174.0,1,1,1.0
210,1,465.0,365.0,62.0,189.0,1,1,1.0
210,2,416.0,364.0,66.0,173.0,1,1,1.0
211,1,452.0,366.0,74.0,190.0,1,1,1.0
211,2,402.0,366.0,83.0,171.0,1,1,1.0
212,1,437.0,368.0,88.0,188.0,1,1,1.0
212,2,395.0,367.0,91.0,171.0,1,1,1.0
213,1,425.0,370.0,99.0,186.0,1,1,1.0
213,2,389.0,368.0,92.0,171.0,1,1,1.0
214,1,420.0,372.0,103.0,185.0,1,1,1.0
214,2,385.0,369.0,90.0,171.0,1,1,1.0
215,2,383.0,369.0,66.0,170.0,1,1,1.0
216,2,378.0,368.0,57.0,172.0,1,1,1.0
217,1,415.0,372.0,77.0,187.0,1,1,1.0
217,2,372.0,367.0,55.0,173.0,1,1,1.0
218,1,410.0,371.0,65.0,188.0,1,1,1.0
218,2,365.0,366.0,59.0,176.0,1,1,1.0
219,1,403.0,370.0,57.0,189.0,1,1,1.0
219,2,355.0,367.0,67.0,177.0,1,1,1.0
220,1,397.0,371.0,56.0,188.0,1,1,1.0
220,2,339.0,370.0,71.0,176.0,1,1,1.0
221,1,386.0,371.0,64.0,188.0,1,1,1.0
222,1,374.0,374.0,74.0,185.0,1,1,1.0
222,2,323.0,373.0,63.0,175.0,1,1,1.0
223,1,361.0,376.0,87.0,183.0,1,1,1.0
224,1,355.0,377.0,92.0,182.0,1,1,1.0
225,1,352.0,378.0,94.0,181.0,1,1,1.0
225,2,314.0,377.0,47.0,172.0,1,1,1.0
226,1,348.0,377.0,91.0,182.0,1,1,1.0
226,2,308.0,377.0,56.0,171.0,1,1,1.0
227,2,301.0,376.0,54.0,172.0,1,1,1.0
228,1,338.0,376.0,76.0,183.0,1,1,1.0
228,2,294.0,375.0,57.0,173.0,1,1,1.0
229,1,333.0,375.0,65.0,184.0,1,1,1.0
229,2,284.0,376.0,66.0,172.0,1,1,1.0
230,1,327.0,374.0,58.0,186.0,1,1,1.0
230,2,274.0,377.0,76.0,170.0,1,1,1.0
231,1,320.0,376.0,61.0,186.0,1,1,1.0
231,2,265.0,378.0,73.0,169.0,1,1,1.0
232,1,311.0,378.0,70.0,185.0,1,1,1.0
232,2,260.0,379.0,83.0,168.0,1,1,1.0
233,1,298.0,379.0,82.0,184.0,1,1,1.0
233,2,253.0,381.0,89.0,168.0,1,1,1.0
234,1,289.0,382.0,90.0,182.0,1,1,1.0
234,2,250.0,381.0,84.0,168.0,1,1,1.0
235,1,284.0,384.0,94.0,181.0,1,1,1.0
235,2,249.0,381.0,65.0,167.0,1,1,1.0
236,1,282.0,384.0,91.0,181.0,1,1,1.0
236,2,247.0,381.0,55.0,167.0,1,1,1.0
237,1,279.0,384.0,94.0,181.0,1,1,1.0
237,2,242.0,381.0,51.0,168.0,1,1,1.0
238,1,275.0,383.0,65.0,183.0,1,1,1.0
238,2,236.0,381.0,55.0,169.0,1,1,1.0
239,2,228.0,381.0,63.0,170.0,1,1,1.0
240,1,262.0,383.0,56.0,182.0,1,1,1.0
240,2,215.0,382.0,74.0,170.0,1,1,1.0
241,1,258.0,384.0,57.0,181.0,1,1,1.0
241,2,206.0,383.0,72.0,169.0,1,1,1.0
242,1,250.0,386.0,64.0,179.0,1,1,1.0
242,2,203.0,386.0,82.0,167.0,1,1,1.0
243,1,242.0,388.0,71.0,178.0,1,1,1.0
244,1,234.0,389.0,78.0,177.0,1,1,1.0
245,1,227.0,388.0,84.0,179.0,1,1,1.0
245,2,193.0,385.0,60.0,168.0,1,1,1.0
246,1,223.0,390.0,85.0,178.0,1,1,1.0
246,2,188.0,385.0,56.0,168.0,1,1,1.0
247,1,221.0,390.0,80.0,177.0,1,1,1.0
247,2,184.0,385.0,52.0,168.0,1,1,1.0
248,1,217.0,390.0,73.0,178.0,1,1,1.0
248,2,175.0,384.0,55.0,169.0,1,1,1.0
250,1,205.0,390.0,59.0,177.0,1,1,1.0
250,2,159.0,387.0,68.0,166.0,1,1,1.0
251,1,200.0,391.0,59.0,178.0,1,1,1.0
251,2,151.0,388.0,75.0,164.0,1,1,1.0
252,1,196.0,390.0,61.0,181.0,1,1,1.0
253,1,187.0,392.0,70.0,180.0,1,1,1.0
253,2,141.0,390.0,76.0,162.0,1,1,1.0
254,1,178.0,393.0,78.0,179.0,1,1,1.0
254,2,138.0,390.0,65.0,161.0,1,1,1.0
255,1,174.0,395.0,81.0,178.0,1,1,1.0
255,2,137.0,390.0,55.0,160.0,1,1,1.0
256,1,172.0,395.0,80.0,178.0,1,1,1.0
256,2,137.0,390.0,49.0,161.0,1,1,1.0
257,2,135.0,389.0,44.0,163.0,1,1,1.0
258,1,165.0,396.0,53.0,178.0,1,1,1.0
258,2,131.0,389.0,48.0,164.0,1,1,1.0
259,1,159.0,395.0,58.0,178.0,1,1,1.0
259,2,124.0,389.0,56.0,164.0,1,1,1.0
260,1,155.0,395.0,52.0,179.0,1,1,1.0
260,2,115.0,390.0,66.0,163.0,1,1,1.0
262,1,143.0,395.0,57.0,178.0,1,1,1.0
262,2,105.0,394.0,56.0,160.0,1,1,1.0
263,1,133.0,396.0,66.0,177.0,1,1,1.0
263,2,104.0,395.0,51.0,159.0,1,1,1.0
264,1,130.0,397.0,67.0,175.0,1,1,1.0
264,2,101.0,396.0,47.0,158.0,1,1,1.0
265,1,127.0,397.0,69.0,175.0,1,1,1.0
266,2,92.0,395.0,42.0,159.0,1,1,1.0
268,1,119.0,397.0,59.0,173.0,1,1,1.0
268,2,80.0,394.0,47.0,161.0,1,1,1.0
269,1,116.0,397.0,55.0,174.0,1,1,1.0
269,2,75.0,394.0,52.0,160.0,1,1,1.0
270,1,112.0,398.0,58.0,174.0,1,1,1.0
270,2,69.0,395.0,57.0,159.0,1,1,1.0
271,1,109.0,399.0,61.0,175.0,1,1,1.0
271,2,64.0,395.0,60.0,159.0,1,1,1.0
272,1,105.0,399.0,64.0,175.0,1,1,1.0
272,2,60.0,396.0,58.0,156.0,1,1,1.0
273,1,100.0,401.0,69.0,174.0,1,1,1.0
273,2,57.0,397.0,55.0,154.0,1,1,1.0
274,1,97.0,402.0,71.0,173.0,1,1,1.0
274,2,55.0,398.0,52.0,153.0,1,1,1.0
275,1,93.0,403.0,69.0,173.0,1,1,1.0
275,2,54.0,398.0,50.0,153.0,1,1,1.0
276,1,89.0,403.0,64.0,173.0,1,1,1.0
276,2,51.0,399.0,49.0,153.0,1,1,1.0
277,1,85.0,403.0,49.0,173.0,1,1,1.0
277,2,49.0,398.0,48.0,155.0,1,1,1.0
278,1,82.0,403.0,47.0,173.0,1,1,1.0
278,2,46.0,397.0,48.0,157.0,1,1,1.0
279,1,77.0,403.0,48.0,173.0,1,1,1.0
279,2,42.0,398.0,49.0,158.0,1,1,1.0
280,1,72.0,403.0,51.0,172.0,1,1,1.0
280,2,37.0,398.0,53.0,158.0,1,1,1.0
281,1,66.0,403.0,55.0,172.0,1,1,1.0
281,2,31.0,399.0,59.0,157.0,1,1,1.0
282,1,62.0,404.0,60.0,172.0,1,1,1.0
282,2,28.0,401.0,60.0,155.0,1,1,1.0
283,1,57.0,404.0,62.0,170.0,1,1,1.0
283,2,26.0,403.0,61.0,155.0,1,1,1.0
288,1,51.0,404.0,49.0,168.0,1,1,1.0
288,2,10.0,402.0,53.0,155.0,1,1,1.0
289,1,49.0,404.0,50.0,169.0,1,1,1.0
289,2,8.0,402.0,47.0,156.0,1,1,1.0
290,1,47.0,404.0,51.0,170.0,1,1,1.0
290,2,8.0,402.0,43.0,156.0,1,1,1.0
291,1,44.0,405.0,54.0,170.0,1,1,1.0
291,2,7.0,402.0,41.0,155.0,1,1,1.0
292,1,42.0,406.0,55.0,170.0,1,1,1.0
292,2,6.0,403.0,40.0,153.0,1,1,1.0
293,1,39.0,407.0,58.0,170.0,1,1,1.0
293,2,7.0,403.0,39.0,152.0,1,1,1.0
294,1,34.0,408.0,61.0,170.0,1,1,1.0
294,2,6.0,404.0,38.0,149.0,1,1,1.0
295,1,30.0,407.0,62.0,170.0,1,1,1.0
295,2,6.0,403.0,37.0,148.0,1,1,1.0
296,1,26.0,407.0,63.0,171.0,1,1,1.0
296,2,6.0,403.0,35.0,148.0,1,1,1.0
297,1,22.0,407.0,58.0,171.0,1,1,1.0
297,2,6.0,402.0,34.0,148.0,1,1,1.0
298,1,19.0,406.0,53.0,170.0,1,1,1.0
298,2,5.0,401.0,33.0,148.0,1,1,1.0
299,1,15.0,405.0,53.0,170.0,1,1,1.0
299,2,4.0,401.0,34.0,148.0,1,1,1.0
300,1,14.0,404.0,53.0,170.0,1,1,1.0
300,2,3.0,402.0,34.0,148.0,1,1,1.0
301,1,14.0,404.0,53.0,170.0,1,1,1.0
301,2,2.0,402.0,35.0,147.0,1,1,1.0
302,1,12.0,404.0,54.0,170.0,1,1,1.0
302,2,2.0,403.0,36.0,147.0,1,1,1.0
303,1,15.0,405.0,52.0,169.0,1,1,1.0
303,2,1.0,402.0,36.0,148.0,1,1,1.0
304,1,17.0,405.0,50.0,168.0,1,1,1.0
304,2,0.0,402.0,36.0,148.0,1,1,1.0
305,1,20.0,404.0,48.0,163.0,1,1,1.0
305,2,1.0,402.0,35.0,148.0,1,1,1.0
306,1,21.0,404.0,47.0,161.0,1,1,1.0
306,2,1.0,402.0,35.0,148.0,1,1,1.0
307,1,20.0,403.0,49.0,162.0,1,1,1.0
307,2,1.0,402.0,36.0,148.0,1,1,1.0
308,1,20.0,402.0,50.0,162.0,1,1,1.0
309,1,16.0,401.0,54.0,163.0,1,1,1.0
311,1,11.0,401.0,63.0,163.0,1,1,1.0
312,1,9.0,401.0,67.0,163.0,1,1,1.0
313,1,22.0,400.0,56.0,163.0,1,1,1.0
315,1,27.0,398.0,56.0,164.0,1,1,1.0
316,1,31.0,396.0,59.0,163.0,1,1,1.0
317,1,36.0,396.0,56.0,158.0,1,1,1.0
318,1,38.0,395.0,53.0,158.0,1,1,1.0
319,1,41.0,393.0,51.0,159.0,1,1,1.0
320,1,43.0,391.0,53.0,158.0,1,1,1.0
321,1,44.0,391.0,53.0,157.0,1,1,1.0
322,1,47.0,390.0,58.0,158.0,1,1,1.0
325,1,55.0,388.0,56.0,161.0,1,1,1.0
328,1,70.0,385.0,70.0,163.0,1,1,1.0
329,1,74.0,381.0,71.0,165.0,1,1,1.0
330,1,79.0,380.0,67.0,163.0,1,1,1.0
331,1,87.0,381.0,59.0,160.0,1,1,1.0
332,1,92.0,382.0,56.0,157.0,1,1,1.0
333,1,93.0,382.0,55.0,157.0,1,1,1.0
334,1,96.0,381.0,55.0,158.0,1,1,1.0
335,1,101.0,380.0,57.0,159.0,1,1,1.0
336,1,110.0,379.0,59.0,159.0,1,1,1.0
337,1,117.0,378.0,64.0,161.0,1,1,1.0
338,1,121.0,376.0,51.0,162.0,1,1,1.0
339,1,123.0,375.0,66.0,164.0,1,1,1.0
340,1,124.0,376.0,73.0,162.0,1,1,1.0
341,1,126.0,375.0,73.0,161.0,1,1,1.0
342,1,134.0,375.0,67.0,158.0,1,1,1.0
343,1,141.0,375.0,62.0,156.0,1,1,1.0
344,1,146.0,374.0,60.0,154.0,1,1,1.0
345,1,154.0,373.0,55.0,153.0,1,1,1.0
346,1,162.0,372.0,50.0,154.0,1,1,1.0
347,1,169.0,369.0,56.0,157.0,1,1,1.0
348,1,173.0,369.0,64.0,158.0,1,1,1.0
349,1,175.0,365.0,70.0,161.0,1,1,1.0
350,1,176.0,365.0,75.0,160.0,1,1,1.0
351,1,177.0,365.0,77.0,160.0,1,1,1.0
352,1,181.0,364.0,74.0,159.0,1,1,1.0
353,1,190.0,364.0,66.0,156.0,1,1,1.0
354,1,196.0,364.0,61.0,155.0,1,1,1.0
355,1,204.0,361.0,55.0,157.0,1,1,1.0
356,1,212.0,361.0,48.0,157.0,1,1,1.0
357,1,219.0,361.0,48.0,157.0,1,1,1.0
358,1,224.0,359.0,57.0,159.0,1,1,1.0
359,1,227.0,357.0,65.0,161.0,1,1,1.0
360,1,228.0,357.0,72.0,160.0,1,1,1.0
361,1,229.0,357.0,76.0,160.0,1,1,1.0
362,1,232.0,358.0,76.0,157.0,1,1,1.0
363,1,239.0,357.0,71.0,156.0,1,1,1.0
364,1,248.0,356.0,67.0,155.0,1,1,1.0
365,1,258.0,354.0,60.0,154.0,1,1,1.0
367,1,273.0,348.0,49.0,157.0,1,1,1.0
369,1,279.0,345.0,69.0,159.0,1,1,1.0
370,1,281.0,351.0,77.0,153.0,1,1,1.0
371,1,283.0,352.0,79.0,153.0,1,1,1.0
372,1,285.0,351.0,79.0,152.0,1,1,1.0
373,1,293.0,350.0,72.0,152.0,1,1,1.0
374,1,301.0,349.0,62.0,152.0,1,1,1.0
375,1,312.0,347.0,52.0,153.0,1,1,1.0
376,1,318.0,345.0,51.0,155.0,1,1,1.0
377,1,322.0,345.0,51.0,155.0,1,1,1.0
381,1,336.0,345.0,68.0,155.0,1,1,1.0
382,1,338.0,344.0,70.0,155.0,1,1,1.0
383,1,343.0,341.0,72.0,156.0,1,1,1.0
386,1,365.0,338.0,53.0,150.0,1,1,1.0
387,1,374.0,337.0,46.0,151.0,1,1,1.0
388,1,381.0,336.0,48.0,151.0,1,1,1.0
390,3,406.0,329.0,58.0,141.0,1,1,1.0
390,1,385.0,336.0,67.0,150.0,1,1,1.0
392,1,388.0,336.0,74.0,149.0,1,1,1.0
393,1,391.0,335.0,72.0,148.0,1,1,1.0
394,3,420.0,329.0,62.0,139.0,1,1,1.0
394,1,398.0,334.0,65.0,147.0,1,1,1.0
395,3,432.0,328.0,52.0,139.0,1,1,1.0
395,1,407.0,334.0,57.0,146.0,1,1,1.0
396,1,416.0,332.0,51.0,147.0,1,1,1.0
397,3,447.0,326.0,40.0,139.0,1,1,1.0
397,1,423.0,331.0,45.0,149.0,1,1,1.0
398,3,454.0,323.0,39.0,143.0,1,1,1.0
398,1,427.0,329.0,49.0,150.0,1,1,1.0
399,3,458.0,323.0,42.0,142.0,1,1,1.0
399,1,430.0,329.0,51.0,150.0,1,1,1.0
400,3,459.0,322.0,54.0,142.0,1,1,1.0
400,1,433.0,329.0,59.0,150.0,1,1,1.0
401,3,461.0,323.0,57.0,143.0,1,1,1.0
401,1,436.0,330.0,61.0,149.0,1,1,1.0
402,3,464.0,323.0,60.0,143.0,1,1,1.0
402,1,438.0,329.0,68.0,149.0,1,1,1.0
403,1,440.0,329.0,71.0,148.0,1,1,1.0
404,3,482.0,321.0,52.0,136.0,1,1,1.0
404,1,446.0,328.0,66.0,147.0,1,1,1.0
408,3,496.0,317.0,58.0,149.0,1,1,1.0
408,1,477.0,325.0,44.0,144.0,1,1,1.0
409,3,507.0,317.0,53.0,151.0,1,1,1.0
409,1,484.0,324.0,47.0,144.0,1,1,1.0
410,3,514.0,317.0,45.0,152.0,1,1,1.0
410,1,488.0,324.0,41.0,143.0,1,1,1.0
412,3,515.0,318.0,53.0,143.0,1,1,1.0
412,1,489.0,325.0,49.0,142.0,1,1,1.0
413,3,527.0,318.0,49.0,140.0,1,1,1.0
413,1,489.0,324.0,59.0,144.0,1,1,1.0
414,1,491.0,323.0,62.0,146.0,1,1,1.0
415,3,540.0,316.0,41.0,139.0,1,1,1.0
415,1,497.0,322.0,65.0,145.0,1,1,1.0
416,3,546.0,314.0,38.0,135.0,1,1,1.0
416,1,507.0,321.0,61.0,145.0,1,1,1.0
417,3,550.0,313.0,38.0,135.0,1,1,1.0
417,1,517.0,319.0,53.0,147.0,1,1,1.0
418,3,554.0,312.0,41.0,133.0,1,1,1.0
418,1,524.0,318.0,50.0,150.0,1,1,1.0
419,3,558.0,311.0,43.0,130.0,1,1,1.0
419,1,529.0,317.0,50.0,147.0,1,1,1.0
420,3,561.0,310.0,47.0,137.0,1,1,1.0
420,1,532.0,316.0,50.0,147.0,1,1,1.0
421,1,536.0,316.0,58.0,146.0,1,1,1.0
422,3,571.0,311.0,47.0,129.0,1,1,1.0
422,1,538.0,316.0,62.0,146.0,1,1,1.0
424,3,573.0,309.0,50.0,131.0,1,1,1.0
424,1,546.0,317.0,66.0,142.0,1,1,1.0
425,3,583.0,308.0,42.0,130.0,1,1,1.0
425,1,548.0,316.0,67.0,142.0,1,1,1.0
426,3,589.0,307.0,35.0,129.0,1,1,1.0
426,1,556.0,315.0,59.0,140.0,1,1,1.0
427,1,566.0,313.0,50.0,139.0,1,1,1.0
428,3,597.0,305.0,34.0,129.0,1,1,1.0
428,1,573.0,311.0,44.0,139.0,1,1,1.0
429,3,602.0,304.0,39.0,129.0,1,1,1.0
429,1,579.0,310.0,40.0,138.0,1,1,1.0
430,1,584.0,309.0,43.0,139.0,1,1,1.0
434,3,608.0,302.0,53.0,130.0,1,1,1.0
434,1,590.0,310.0,67.0,138.0,1,1,1.0
435,1,593.0,310.0,69.0,137.0,1,1,1.0
436,1,597.0,307.0,67.0,138.0,1,1,1.0
437,1,605.0,306.0,60.0,136.0,1,1,1.0
438,1,615.0,306.0,52.0,136.0,1,1,1.0
439,1,623.0,304.0,45.0,137.0,1,1,1.0
440,1,628.0,304.0,46.0,137.0,1,1,1.0
441,4,654.0,301.0,48.0,130.0,1,1,1.0
441,1,632.0,304.0,53.0,137.0,1,1,1.0
442,4,661.0,301.0,44.0,124.0,1,1,1.0
442,1,634.0,304.0,57.0,137.0,1,1,1.0
443,4,667.0,301.0,38.0,121.0,1,1,1.0
443,1,637.0,304.0,56.0,137.0,1,1,1.0
444,4,671.0,301.0,35.0,121.0,1,1,1.0
444,1,639.0,304.0,59.0,136.0,1,1,1.0
445,1,642.0,303.0,61.0,137.0,1,1,1.0
446,4,680.0,297.0,30.0,125.0,1,1,1.0
446,1,644.0,302.0,60.0,137.0,1,1,1.0
447,4,683.0,297.0,30.0,126.0,1,1,1.0
447,1,650.0,302.0,54.0,135.0,1,1,1.0
448,4,688.0,296.0,33.0,126.0,1,1,1.0
448,1,657.0,302.0,50.0,133.0,1,1,1.0
449,4,691.0,296.0,39.0,125.0,1,1,1.0
449,1,664.0,301.0,44.0,132.0,1,1,1.0
450,4,688.0,297.0,53.0,128.0,1,1,1.0
450,1,669.0,299.0,41.0,132.0,1,1,1.0
451,4,692.0,297.0,57.0,128.0,1,1,1.0
451,1,675.0,299.0,40.0,133.0,1,1,1.0
452,1,678.0,299.0,48.0,133.0,1,1,1.0
453,1,680.0,299.0,53.0,133.0,1,1,1.0
454,4,711.0,298.0,44.0,124.0,1,1,1.0
454,1,681.0,299.0,57.0,133.0,1,1,1.0
455,4,717.0,297.0,37.0,124.0,1,1,1.0
455,1,682.0,299.0,58.0,132.0,1,1,1.0
456,4,722.0,296.0,35.0,124.0,1,1,1.0
456,1,682.0,299.0,58.0,131.0,1,1,1.0
457,4,726.0,295.0,36.0,125.0,1,1,1.0
457,1,687.0,298.0,54.0,129.0,1,1,1.0
458,4,728.0,294.0,38.0,125.0,1,1,1.0
458,1,693.0,297.0,48.0,128.0,1,1,1.0
459,4,730.0,293.0,47.0,124.0,1,1,1.0
459,1,701.0,297.0,41.0,128.0,1,1,1.0
460,4,731.0,294.0,57.0,122.0,1,1,1.0
460,1,709.0,296.0,40.0,129.0,1,1,1.0
461,4,736.0,295.0,60.0,122.0,1,1,1.0
461,1,713.0,296.0,40.0,130.0,1,1,1.0
462,4,743.0,294.0,57.0,122.0,1,1,1.0
462,1,716.0,295.0,43.0,130.0,1,1,1.0
463,4,751.0,294.0,51.0,122.0,1,1,1.0
463,1,718.0,296.0,51.0,130.0,1,1,1.0
464,4,756.0,294.0,46.0,122.0,1,1,1.0
464,1,719.0,296.0,58.0,132.0,1,1,1.0
465,4,761.0,293.0,42.0,124.0,1,1,1.0
465,1,719.0,296.0,55.0,132.0,1,1,1.0
466,4,764.0,293.0,39.0,125.0,1,1,1.0
466,1,719.0,296.0,62.0,132.0,1,1,1.0
467,4,768.0,293.0,42.0,124.0,1,1,1.0
467,1,721.0,296.0,65.0,131.0,1,1,1.0
468,4,772.0,292.0,43.0,125.0,1,1,1.0
468,1,726.0,296.0,60.0,130.0,1,1,1.0
469,4,776.0,292.0,46.0,125.0,1,1,1.0
469,1,735.0,295.0,52.0,130.0,1,1,1.0
470,4,779.0,293.0,50.0,124.0,1,1,1.0
470,1,743.0,295.0,45.0,130.0,1,1,1.0
471,4,783.0,293.0,52.0,124.0,1,1,1.0
471,1,749.0,294.0,43.0,130.0,1,1,1.0
472,4,786.0,293.0,54.0,124.0,1,1,1.0
472,1,752.0,294.0,43.0,130.0,1,1,1.0
473,4,792.0,294.0,50.0,124.0,1,1,1.0
473,1,754.0,295.0,46.0,130.0,1,1,1.0
474,4,796.0,295.0,47.0,124.0,1,1,1.0
474,1,756.0,296.0,49.0,129.0,1,1,1.0
475,4,801.0,295.0,43.0,125.0,1,1,1.0
475,1,759.0,297.0,53.0,130.0,1,1,1.0
476,4,803.0,294.0,42.0,125.0,1,1,1.0
476,1,762.0,298.0,55.0,129.0,1,1,1.0
477,4,809.0,293.0,39.0,125.0,1,1,1.0
477,1,764.0,298.0,54.0,130.0,1,1,1.0
478,4,814.0,292.0,39.0,126.0,1,1,1.0
478,1,767.0,297.0,54.0,131.0,1,1,1.0
479,4,817.0,292.0,42.0,126.0,1,1,1.0
479,1,773.0,297.0,50.0,132.0,1,1,1.0
480,4,818.0,291.0,51.0,127.0,1,1,1.0
480,1,778.0,296.0,48.0,133.0,1,1,1.0
481,4,820.0,292.0,58.0,126.0,1,1,1.0
481,1,783.0,296.0,47.0,133.0,1,1,1.0
482,4,817.0,293.0,68.0,126.0,1,1,1.0
482,1,788.0,295.0,48.0,134.0,1,1,1.0
483,1,791.0,295.0,46.0,134.0,1,1,1.0
484,4,836.0,293.0,52.0,127.0,1,1,1.0
484,1,795.0,295.0,49.0,134.0,1,1,1.0
485,4,844.0,294.0,44.0,127.0,1,1,1.0
485,1,798.0,295.0,55.0,135.0,1,1,1.0
486,4,849.0,294.0,39.0,127.0,1,1,1.0
486,1,800.0,296.0,61.0,133.0,1,1,1.0
487,4,851.0,295.0,42.0,126.0,1,1,1.0
487,1,800.0,298.0,65.0,132.0,1,1,1.0
488,4,854.0,294.0,47.0,127.0,1,1,1.0
488,1,800.0,299.0,68.0,131.0,1,1,1.0
489,4,857.0,294.0,52.0,129.0,1,1,1.0
489,1,801.0,299.0,69.0,132.0,1,1,1.0
490,4,861.0,294.0,54.0,129.0,1,1,1.0
490,1,804.0,297.0,67.0,134.0,1,1,1.0
491,4,864.0,294.0,55.0,130.0,1,1,1.0
491,1,810.0,297.0,61.0,135.0,1,1,1.0
492,4,868.0,297.0,55.0,127.0,1,1,1.0
492,1,818.0,296.0,55.0,136.0,1,1,1.0
493,4,872.0,298.0,54.0,127.0,1,1,1.0
493,1,825.0,295.0,53.0,137.0,1,1,1.0
494,4,875.0,298.0,54.0,127.0,1,1,1.0
494,1,829.0,294.0,51.0,138.0,1,1,1.0
495,4,879.0,298.0,48.0,127.0,1,1,1.0
495,1,833.0,295.0,51.0,138.0,1,1,1.0
496,4,883.0,298.0,45.0,128.0,1,1,1.0
496,1,837.0,295.0,51.0,139.0,1,1,1.0
497,4,887.0,298.0,43.0,129.0,1,1,1.0
497,1,841.0,297.0,54.0,137.0,1,1,1.0
498,4,891.0,297.0,42.0,129.0,1,1,1.0
498,1,846.0,300.0,56.0,135.0,1,1,1.0
499,4,893.0,297.0,43.0,130.0,1,1,1.0
499,1,848.0,300.0,57.0,136.0,1,1,1.0
500,4,895.0,297.0,49.0,131.0,1,1,1.0
500,1,850.0,300.0,57.0,137.0,1,1,1.0
501,4,899.0,297.0,54.0,131.0,1,1,1.0
501,1,852.0,300.0,57.0,137.0,1,1,1.0
502,4,901.0,297.0,57.0,132.0,1,1,1.0
502,1,859.0,299.0,52.0,138.0,1,1,1.0
503,4,903.0,298.0,58.0,133.0,1,1,1.0
503,1,868.0,298.0,45.0,139.0,1,1,1.0
504,4,906.0,299.0,56.0,133.0,1,1,1.0
504,1,874.0,297.0,41.0,140.0,1,1,1.0
505,4,910.0,299.0,52.0,133.0,1,1,1.0
505,1,879.0,297.0,40.0,140.0,1,1,1.0
506,4,915.0,299.0,50.0,134.0,1,1,1.0
506,1,883.0,297.0,42.0,140.0,1,1,1.0
507,4,923.0,298.0,48.0,134.0,1,1,1.0
507,1,887.0,298.0,48.0,140.0,1,1,1.0
508,4,927.0,298.0,49.0,136.0,1,1,1.0
508,1,889.0,299.0,55.0,140.0,1,1,1.0
509,4,931.0,297.0,50.0,138.0,1,1,1.0
509,1,890.0,300.0,59.0,139.0,1,1,1.0
510,4,936.0,298.0,51.0,138.0,1,1,1.0
510,1,890.0,300.0,64.0,139.0,1,1,1.0
511,4,940.0,299.0,51.0,138.0,1,1,1.0
511,1,890.0,301.0,67.0,140.0,1,1,1.0
512,4,942.0,300.0,52.0,138.0,1,1,1.0
512,1,894.0,301.0,65.0,140.0,1,1,1.0
513,4,946.0,300.0,53.0,140.0,1,1,1.0
513,1,900.0,300.0,60.0,142.0,1,1,1.0
514,4,949.0,301.0,53.0,140.0,1,1,1.0
514,1,906.0,299.0,54.0,142.0,1,1,1.0
515,4,952.0,301.0,52.0,140.0,1,1,1.0
515,1,910.0,299.0,51.0,143.0,1,1,1.0
516,4,956.0,301.0,49.0,140.0,1,1,1.0
516,1,912.0,298.0,49.0,144.0,1,1,1.0
517,4,960.0,301.0,46.0,140.0,1,1,1.0
517,1,915.0,299.0,50.0,145.0,1,1,1.0
518,4,966.0,301.0,44.0,139.0,1,1,1.0
518,1,918.0,300.0,53.0,146.0,1,1,1.0
519,4,970.0,302.0,45.0,138.0,1,1,1.0
519,1,921.0,302.0,61.0,145.0,1,1,1.0
520,4,973.0,303.0,53.0,138.0,1,1,1.0
520,1,926.0,304.0,61.0,144.0,1,1,1.0
521,4,976.0,304.0,59.0,138.0,1,1,1.0
521,1,930.0,305.0,61.0,144.0,1,1,1.0
522,4,983.0,305.0,57.0,138.0,1,1,1.0
522,1,934.0,305.0,58.0,145.0,1,1,1.0
523,4,987.0,305.0,55.0,139.0,1,1,1.0
523,1,937.0,304.0,56.0,146.0,1,1,1.0
524,4,987.0,305.0,56.0,139.0,1,1,1.0
524,1,943.0,303.0,54.0,148.0,1,1,1.0
525,4,987.0,305.0,57.0,139.0,1,1,1.0
525,1,947.0,302.0,56.0,149.0,1,1,1.0
526,4,993.0,304.0,54.0,140.0,1,1,1.0
526,1,951.0,301.0,57.0,150.0,1,1,1.0
527,4,1000.0,304.0,53.0,140.0,1,1,1.0
527,1,955.0,301.0,55.0,150.0,1,1,1.0
528,4,1008.0,303.0,51.0,143.0,1,1,1.0
528,1,959.0,302.0,51.0,149.0,1,1,1.0
529,4,1015.0,303.0,51.0,144.0,1,1,1.0
529,1,963.0,303.0,52.0,148.0,1,1,1.0
530,4,1020.0,305.0,50.0,143.0,1,1,1.0
530,1,967.0,305.0,57.0,147.0,1,1,1.0
531,4,1021.0,306.0,54.0,144.0,1,1,1.0
531,1,971.0,307.0,63.0,146.0,1,1,1.0
532,4,1023.0,308.0,57.0,143.0,1,1,1.0
532,1,972.0,308.0,67.0,146.0,1,1,1.0
533,4,1026.0,309.0,59.0,144.0,1,1,1.0
533,1,973.0,309.0,68.0,147.0,1,1,1.0
534,4,1029.0,309.0,59.0,143.0,1,1,1.0
534,1,974.0,309.0,68.0,147.0,1,1,1.0
535,4,1035.0,309.0,55.0,144.0,1,1,1.0
535,1,977.0,309.0,64.0,148.0,1,1,1.0
536,4,1045.0,308.0,48.0,145.0,1,1,1.0
536,1,984.0,309.0,62.0,149.0,1,1,1.0
537,4,1052.0,308.0,44.0,146.0,1,1,1.0
537,1,988.0,308.0,63.0,150.0,1,1,1.0
538,4,1054.0,307.0,46.0,146.0,1,1,1.0
538,1,993.0,307.0,62.0,150.0,1,1,1.0
539,4,1055.0,306.0,53.0,147.0,1,1,1.0
539,1,997.0,307.0,63.0,151.0,1,1,1.0
540,4,1056.0,308.0,64.0,146.0,1,1,1.0
540,1,1000.0,306.0,64.0,152.0,1,1,1.0
541,4,1057.0,308.0,71.0,147.0,1,1,1.0
541,1,1004.0,307.0,63.0,154.0,1,1,1.0
542,4,1064.0,310.0,69.0,147.0,1,1,1.0
542,1,1009.0,308.0,63.0,154.0,1,1,1.0
543,4,1066.0,311.0,70.0,148.0,1,1,1.0
543,1,1013.0,310.0,63.0,154.0,1,1,1.0
544,4,1069.0,312.0,68.0,148.0,1,1,1.0
544,1,1015.0,311.0,66.0,155.0,1,1,1.0
545,4,1076.0,311.0,62.0,148.0,1,1,1.0
545,1,1018.0,312.0,66.0,156.0,1,1,1.0
546,4,1082.0,311.0,63.0,148.0,1,1,1.0
546,1,1022.0,312.0,64.0,156.0,1,1,1.0
547,4,1092.0,311.0,58.0,149.0,1,1,1.0
547,1,1031.0,311.0,60.0,157.0,1,1,1.0
548,4,1100.0,310.0,56.0,152.0,1,1,1.0
548,1,1040.0,310.0,55.0,158.0,1,1,1.0
549,4,1106.0,311.0,57.0,153.0,1,1,1.0
549,1,1047.0,310.0,54.0,159.0,1,1,1.0
550,4,1110.0,312.0,57.0,153.0,1,1,1.0
550,1,1053.0,309.0,55.0,160.0,1,1,1.0
551,4,1114.0,314.0,58.0,153.0,1,1,1.0
551,1,1057.0,309.0,56.0,160.0,1,1,1.0
552,4,1119.0,315.0,58.0,154.0,1,1,1.0
552,1,1061.0,310.0,57.0,159.0,1,1,1.0
553,4,1124.0,317.0,57.0,153.0,1,1,1.0
553,1,1063.0,312.0,65.0,158.0,1,1,1.0
554,4,1128.0,317.0,56.0,153.0,1,1,1.0
554,1,1064.0,314.0,74.0,156.0,1,1,1.0
555,4,1133.0,317.0,52.0,154.0,1,1,1.0
555,1,1064.0,315.0,78.0,156.0,1,1,1.0
556,4,1137.0,316.0,49.0,155.0,1,1,1.0
556,1,1065.0,316.0,80.0,157.0,1,1,1.0
557,4,1142.0,316.0,46.0,155.0,1,1,1.0
557,1,1075.0,316.0,71.0,157.0,1,1,1.0
558,4,1147.0,316.0,46.0,154.0,1,1,1.0
558,1,1082.0,316.0,66.0,158.0,1,1,1.0
559,4,1150.0,316.0,50.0,155.0,1,1,1.0
559,1,1086.0,314.0,67.0,159.0,1,1,1.0
560,4,1147.0,317.0,66.0,155.0,1,1,1.0
560,1,1090.0,313.0,68.0,161.0,1,1,1.0
561,4,1146.0,319.0,76.0,155.0,1,1,1.0
561,1,1094.0,313.0,69.0,162.0,1,1,1.0
562,4,1148.0,320.0,80.0,156.0,1,1,1.0
562,1,1099.0,314.0,69.0,164.0,1,1,1.0
563,4,1156.0,320.0,74.0,158.0,1,1,1.0
563,1,1104.0,315.0,68.0,165.0,1,1,1.0
564,4,1164.0,321.0,67.0,158.0,1,1,1.0
564,1,1110.0,317.0,68.0,164.0,1,1,1.0
565,4,1168.0,320.0,63.0,159.0,1,1,1.0
565,1,1115.0,319.0,68.0,164.0,1,1,1.0
566,4,1176.0,320.0,60.0,159.0,1,1,1.0
566,1,1119.0,321.0,68.0,164.0,1,1,1.0
567,4,1188.0,320.0,56.0,159.0,1,1,1.0
567,1,1121.0,322.0,69.0,165.0,1,1,1.0
568,4,1196.0,320.0,57.0,162.0,1,1,1.0
568,1,1125.0,322.0,68.0,166.0,1,1,1.0
569,4,1202.0,320.0,60.0,164.0,1,1,1.0
569,1,1132.0,321.0,68.0,167.0,1,1,1.0
570,4,1205.0,321.0,63.0,165.0,1,1,1.0
570,1,1141.0,320.0,65.0,168.0,1,1,1.0
571,4,1205.0,323.0,70.0,166.0,1,1,1.0
571,1,1148.0,319.0,63.0,170.0,1,1,1.0
572,4,1211.0,325.0,70.0,166.0,1,1,1.0
572,1,1154.0,318.0,59.0,170.0,1,1,1.0
573,4,1218.0,326.0,67.0,166.0,1,1,1.0
573,1,1159.0,318.0,59.0,170.0,1,1,1.0
574,4,1218.0,327.0,76.0,166.0,1,1,1.0
574,1,1163.0,318.0,60.0,171.0,1,1,1.0
575,4,1220.0,328.0,76.0,166.0,1,1,1.0
575,1,1166.0,321.0,68.0,171.0,1,1,1.0
576,4,1225.0,328.0,73.0,166.0,1,1,1.0
576,1,1166.0,323.0,78.0,170.0,1,1,1.0
577,4,1230.0,327.0,70.0,166.0,1,1,1.0
577,1,1166.0,325.0,84.0,170.0,1,1,1.0
578,4,1236.0,328.0,66.0,166.0,1,1,1.0
578,1,1166.0,327.0,88.0,170.0,1,1,1.0
579,4,1243.0,328.0,69.0,168.0,1,1,1.0
579,1,1169.0,328.0,88.0,172.0,1,1,1.0
580,4,1248.0,329.0,78.0,170.0,1,1,1.0
581,4,1250.0,332.0,86.0,169.0,1,1,1.0
582,4,1253.0,333.0,88.0,170.0,1,1,1.0
582,1,1196.0,327.0,79.0,174.0,1,1,1.0
583,1,1212.0,326.0,69.0,175.0,1,1,1.0
584,4,1263.0,335.0,81.0,171.0,1,1,1.0
584,1,1222.0,326.0,66.0,178.0,1,1,1.0
585,4,1290.0,336.0,58.0,170.0,1,1,1.0
585,1,1229.0,328.0,63.0,180.0,1,1,1.0
586,4,1292.0,336.0,61.0,170.0,1,1,1.0
586,1,1231.0,330.0,67.0,181.0,1,1,1.0
587,4,1303.0,336.0,60.0,170.0,1,1,1.0
587,1,1233.0,332.0,76.0,181.0,1,1,1.0
588,4,1310.0,336.0,63.0,175.0,1,1,1.0
588,1,1233.0,335.0,83.0,181.0,1,1,1.0
589,4,1315.0,337.0,69.0,177.0,1,1,1.0
589,1,1233.0,338.0,85.0,182.0,1,1,1.0
590,4,1317.0,339.0,77.0,178.0,1,1,1.0
590,1,1237.0,339.0,83.0,183.0,1,1,1.0
591,4,1318.0,340.0,83.0,178.0,1,1,1.0
592,4,1322.0,342.0,87.0,179.0,1,1,1.0
592,1,1274.0,339.0,60.0,184.0,1,1,1.0
593,4,1333.0,344.0,81.0,178.0,1,1,1.0
593,1,1284.0,337.0,59.0,186.0,1,1,1.0
594,4,1338.0,345.0,80.0,178.0,1,1,1.0
594,1,1289.0,336.0,60.0,186.0,1,1,1.0
595,4,1353.0,345.0,66.0,178.0,1,1,1.0
595,1,1292.0,337.0,65.0,185.0,1,1,1.0
596,4,1367.0,345.0,55.0,178.0,1,1,1.0
596,1,1293.0,338.0,70.0,185.0,1,1,1.0
597,4,1373.0,344.0,56.0,178.0,1,1,1.0
597,1,1293.0,341.0,80.0,184.0,1,1,1.0
598,4,1380.0,345.0,58.0,179.0,1,1,1.0
598,1,1293.0,345.0,90.0,183.0,1,1,1.0
599,4,1389.0,346.0,65.0,180.0,1,1,1.0
599,1,1293.0,348.0,102.0,182.0,1,1,1.0
600,4,1390.0,348.0,76.0,180.0,1,1,1.0
600,1,1294.0,350.0,107.0,183.0,1,1,1.0
601,4,1393.0,350.0,83.0,180.0,1,1,1.0
601,1,1301.0,352.0,102.0,184.0,1,1,1.0
602,4,1396.0,353.0,82.0,180.0,1,1,1.0
603,4,1402.0,354.0,79.0,180.0,1,1,1.0
604,4,1412.0,354.0,72.0,180.0,1,1,1.0
604,1,1344.0,349.0,76.0,188.0,1,1,1.0
605,4,1421.0,354.0,69.0,181.0,1,1,1.0
605,1,1365.0,348.0,64.0,190.0,1,1,1.0
606,4,1431.0,354.0,64.0,182.0,1,1,1.0
606,1,1371.0,349.0,65.0,195.0,1,1,1.0
607,4,1445.0,353.0,60.0,185.0,1,1,1.0
607,1,1373.0,351.0,70.0,197.0,1,1,1.0
608,4,1454.0,354.0,63.0,188.0,1,1,1.0
608,1,1373.0,354.0,83.0,197.0,1,1,1.0
609,4,1452.0,355.0,76.0,189.0,1,1,1.0
609,1,1374.0,358.0,90.0,196.0,1,1,1.0
610,4,1455.0,358.0,83.0,189.0,1,1,1.0
610,1,1375.0,360.0,94.0,196.0,1,1,1.0
611,4,1459.0,361.0,86.0,189.0,1,1,1.0
612,4,1470.0,363.0,83.0,189.0,1,1,1.0
613,4,1475.0,364.0,84.0,188.0,1,1,1.0
613,1,1427.0,361.0,59.0,198.0,1,1,1.0
614,4,1492.0,364.0,69.0,188.0,1,1,1.0
614,1,1436.0,360.0,57.0,198.0,1,1,1.0
615,4,1500.0,363.0,63.0,190.0,1,1,1.0
615,1,1439.0,360.0,61.0,198.0,1,1,1.0
616,4,1509.0,364.0,58.0,188.0,1,1,1.0
616,1,1440.0,361.0,70.0,197.0,1,1,1.0
