1,1,1582.0,95.0,66.0,132.0,1,1,1.0
2,1,1578.0,95.0,68.0,133.0,1,1,1.0
3,1,1577.0,95.0,65.0,133.0,1,1,1.0
4,1,1572.0,95.0,64.0,131.0,1,1,1.0
5,1,1568.0,94.0,51.0,132.0,1,1,1.0
6,1,1562.0,92.0,48.0,134.0,1,1,1.0
7,1,1558.0,91.0,46.0,135.0,1,1,1.0
8,1,1551.0,90.0,48.0,136.0,1,1,1.0
9,1,1541.0,90.0,56.0,136.0,1,1,1.0
10,1,1533.0,90.0,63.0,136.0,1,1,1.0
11,1,1530.0,89.0,65.0,137.0,1,1,1.0
12,1,1529.0,89.0,64.0,137.0,1,1,1.0
13,1,1528.0,89.0,60.0,136.0,1,1,1.0
14,1,1526.0,88.0,53.0,136.0,1,1,1.0
15,1,1524.0,86.0,46.0,138.0,1,1,1.0
16,1,1520.0,86.0,46.0,139.0,1,1,1.0
17,1,1516.0,85.0,50.0,140.0,1,1,1.0
18,1,1507.0,85.0,60.0,140.0,1,1,1.0
19,1,1498.0,85.0,69.0,140.0,1,1,1.0
20,1,1492.0,87.0,73.0,139.0,1,1,1.0
21,1,1490.0,86.0,71.0,140.0,1,1,1.0
22,1,1488.0,87.0,66.0,140.0,1,1,1.0
23,1,1485.0,86.0,59.0,141.0,1,1,1.0
24,1,1482.0,85.0,49.0,141.0,1,1,1.0
25,1,1478.0,85.0,45.0,141.0,1,1,1.0
26,1,1472.0,84.0,46.0,143.0,1,1,1.0
27,1,1461.0,83.0,52.0,144.0,1,1,1.0
28,1,1449.0,84.0,62.0,143.0,1,1,1.0
29,1,1440.0,84.0,70.0,143.0,1,1,1.0
30,1,1436.0,85.0,74.0,143.0,1,1,1.0
31,1,1433.0,84.0,74.0,143.0,1,1,1.0
32,1,1426.0,85.0,76.0,143.0,1,1,1.0
33,1,1429.0,83.0,67.0,144.0,1,1,1.0
35,1,1423.0,80.0,55.0,148.0,1,1,1.0
36,1,1419.0,79.0,58.0,149.0,1,1,1.0
37,1,1413.0,78.0,66.0,150.0,1,1,1.0
39,1,1397.0,83.0,78.0,146.0,1,1,1.0
40,1,1393.0,84.0,79.0,146.0,1,1,1.0
41,1,1392.0,85.0,74.0,145.0,1,1,1.0
42,1,1390.0,85.0,66.0,146.0,1,1,1.0
43,1,1388.0,85.0,55.0,146.0,1,1,1.0
44,1,1383.0,82.0,46.0,148.0,1,1,1.0
45,1,1376.0,82.0,46.0,148.0,1,1,1.0
46,1,1365.0,81.0,53.0,149.0,1,1,1.0
47,1,1350.0,81.0,66.0,149.0,1,1,1.0
48,1,1340.0,83.0,75.0,147.0,1,1,1.0
49,1,1335.0,84.0,79.0,147.0,1,1,1.0
50,1,1332.0,84.0,81.0,148.0,1,1,1.0
51,1,1331.0,84.0,75.0,148.0,1,1,1.0
52,1,1330.0,84.0,66.0,148.0,1,1,1.0
53,1,1328.0,83.0,55.0,150.0,1,1,1.0
54,1,1320.0,82.0,55.0,152.0,1,1,1.0
55,1,1315.0,81.0,56.0,153.0,1,1,1.0
56,1,1305.0,82.0,66.0,153.0,1,1,1.0
57,1,1295.0,82.0,75.0,154.0,1,1,1.0
58,1,1289.0,83.0,79.0,154.0,1,1,1.0
59,1,1285.0,83.0,79.0,154.0,1,1,1.0
60,1,1283.0,84.0,72.0,154.0,1,1,1.0
61,1,1282.0,83.0,62.0,154.0,1,1,1.0
62,1,1277.0,83.0,54.0,154.0,1,1,1.0
63,1,1268.0,82.0,54.0,156.0,1,1,1.0
64,1,1261.0,82.0,54.0,156.0,1,1,1.0
65,1,1249.0,82.0,63.0,156.0,1,1,1.0
66,1,1234.0,82.0,77.0,155.0,1,1,1.0
67,1,1225.0,83.0,85.0,155.0,1,1,1.0
68,1,1220.0,83.0,89.0,155.0,1,1,1.0
69,1,1218.0,83.0,87.0,155.0,1,1,1.0
70,1,1218.0,82.0,78.0,156.0,1,1,1.0
71,1,1215.0,81.0,67.0,158.0,1,1,1.0
72,1,1211.0,81.0,57.0,158.0,1,1,1.0
73,1,1205.0,80.0,55.0,160.0,1,1,1.0
74,1,1195.0,79.0,64.0,162.0,1,1,1.0
75,1,1181.0,78.0,79.0,163.0,1,1,1.0
76,1,1169.0,81.0,89.0,161.0,1,1,1.0
77,1,1162.0,82.0,92.0,161.0,1,1,1.0
78,1,1159.0,83.0,88.0,161.0,1,1,1.0
79,1,1157.0,83.0,79.0,162.0,1,1,1.0
80,1,1156.0,83.0,67.0,162.0,1,1,1.0
81,1,1152.0,82.0,56.0,164.0,1,1,1.0
82,1,1145.0,81.0,52.0,165.0,1,1,1.0
83,1,1129.0,80.0,61.0,165.0,1,1,1.0
84,1,1116.0,80.0,72.0,165.0,1,1,1.0
85,1,1101.0,81.0,86.0,164.0,1,1,1.0
86,1,1092.0,82.0,95.0,163.0,1,1,1.0
87,1,1087.0,83.0,100.0,162.0,1,1,1.0
88,1,1085.0,83.0,96.0,161.0,1,1,1.0
89,1,1084.0,82.0,86.0,161.0,1,1,1.0
90,1,1080.0,81.0,75.0,162.0,1,1,1.0
91,1,1076.0,79.0,63.0,164.0,1,1,1.0
92,1,1071.0,79.0,57.0,166.0,1,1,1.0
93,1,1061.0,79.0,64.0,167.0,1,1,1.0
94,1,1045.0,80.0,86.0,167.0,1,1,1.0
95,1,1032.0,81.0,93.0,167.0,1,1,1.0
96,1,1026.0,83.0,93.0,166.0,1,1,1.0
97,1,1023.0,85.0,90.0,164.0,1,1,1.0
98,1,1022.0,86.0,80.0,164.0,1,1,1.0
99,1,1019.0,85.0,71.0,164.0,1,1,1.0
100,1,1014.0,85.0,64.0,165.0,1,1,1.0
101,1,1005.0,84.0,63.0,166.0,1,1,1.0
102,1,996.0,84.0,63.0,166.0,1,1,1.0
103,1,980.0,84.0,74.0,166.0,1,1,1.0
104,1,964.0,84.0,88.0,167.0,1,1,1.0
105,1,955.0,85.0,96.0,167.0,1,1,1.0
106,1,949.0,86.0,100.0,166.0,1,1,1.0
107,1,946.0,86.0,97.0,167.0,1,1,1.0
108,1,945.0,86.0,87.0,167.0,1,1,1.0
109,1,942.0,85.0,75.0,167.0,1,1,1.0
110,1,936.0,84.0,65.0,169.0,1,1,1.0
111,1,928.0,84.0,61.0,171.0,1,1,1.0
112,1,918.0,84.0,69.0,173.0,1,1,1.0
113,1,902.0,85.0,83.0,173.0,1,1,1.0
114,1,890.0,87.0,93.0,172.0,1,1,1.0
115,1,883.0,89.0,95.0,172.0,1,1,1.0
116,1,880.0,91.0,93.0,172.0,1,1,1.0
117,1,878.0,92.0,83.0,171.0,1,1,1.0
118,1,875.0,92.0,72.0,171.0,1,1,1.0
119,1,869.0,91.0,61.0,172.0,1,1,1.0
120,1,858.0,90.0,59.0,173.0,1,1,1.0
121,1,847.0,90.0,65.0,173.0,1,1,1.0
122,1,832.0,91.0,79.0,173.0,1,1,1.0
123,1,816.0,93.0,93.0,171.0,1,1,1.0
124,1,807.0,95.0,101.0,170.0,1,1,1.0
125,1,799.0,96.0,108.0,171.0,1,1,1.0
126,1,792.0,97.0,106.0,172.0,1,1,1.0
127,1,793.0,97.0,93.0,173.0,1,1,1.0
128,1,792.0,96.0,77.0,173.0,1,1,1.0
129,1,786.0,96.0,68.0,174.0,1,1,1.0
130,1,778.0,97.0,63.0,175.0,1,1,1.0
131,1,768.0,99.0,69.0,175.0,1,1,1.0
132,1,750.0,101.0,86.0,173.0,1,1,1.0
133,1,737.0,105.0,97.0,171.0,1,1,1.0
134,1,730.0,108.0,102.0,170.0,1,1,1.0
135,1,726.0,109.0,100.0,171.0,1,1,1.0
136,1,722.0,110.0,92.0,171.0,1,1,1.0
137,1,716.0,111.0,74.0,170.0,1,1,1.0
138,1,709.0,112.0,68.0,169.0,1,1,1.0
139,1,701.0,112.0,64.0,169.0,1,1,1.0
140,1,690.0,112.0,69.0,169.0,1,1,1.0
141,1,676.0,111.0,80.0,170.0,1,1,1.0
142,1,659.0,112.0,97.0,171.0,1,1,1.0
143,1,650.0,114.0,105.0,171.0,1,1,1.0
144,1,643.0,114.0,111.0,172.0,1,1,1.0
145,1,635.0,116.0,113.0,171.0,1,1,1.0
146,1,635.0,118.0,101.0,170.0,1,1,1.0
147,1,632.0,118.0,87.0,169.0,1,1,1.0
148,1,625.0,117.0,77.0,170.0,1,1,1.0
149,1,616.0,116.0,71.0,173.0,1,1,1.0
150,1,607.0,118.0,73.0,174.0,1,1,1.0
151,1,591.0,120.0,87.0,174.0,1,1,1.0
152,1,577.0,121.0,99.0,174.0,1,1,1.0
153,1,570.0,124.0,104.0,173.0,1,1,1.0
154,1,566.0,124.0,104.0,174.0,1,1,1.0
155,1,562.0,126.0,97.0,173.0,1,1,1.0
156,1,556.0,127.0,87.0,172.0,1,1,1.0
157,1,548.0,128.0,78.0,171.0,1,1,1.0
158,1,540.0,126.0,73.0,173.0,1,1,1.0
159,1,530.0,126.0,72.0,173.0,1,1,1.0
160,1,513.0,127.0,86.0,172.0,1,1,1.0
161,1,499.0,129.0,98.0,172.0,1,1,1.0
162,1,488.0,132.0,108.0,172.0,1,1,1.0
163,1,480.0,133.0,114.0,173.0,1,1,1.0
164,1,473.0,134.0,114.0,173.0,1,1,1.0
165,1,472.0,136.0,101.0,171.0,1,1,1.0
166,1,471.0,136.0,84.0,171.0,1,1,1.0
167,1,466.0,136.0,73.0,172.0,1,1,1.0
168,1,457.0,136.0,71.0,175.0,1,1,1.0
169,1,447.0,136.0,76.0,178.0,1,1,1.0
170,1,430.0,139.0,92.0,178.0,1,1,1.0
171,1,417.0,142.0,102.0,177.0,1,1,1.0
172,1,411.0,143.0,106.0,178.0,1,1,1.0
173,1,408.0,145.0,104.0,177.0,1,1,1.0
174,1,405.0,147.0,96.0,176.0,1,1,1.0
175,1,398.0,148.0,87.0,174.0,1,1,1.0
176,1,391.0,150.0,77.0,173.0,1,1,1.0
177,1,381.0,150.0,69.0,172.0,1,1,1.0
178,1,371.0,150.0,73.0,172.0,1,1,1.0
179,1,359.0,151.0,81.0,172.0,1,1,1.0
180,1,348.0,153.0,92.0,172.0,1,1,1.0
181,1,338.0,155.0,100.0,172.0,1,1,1.0
182,1,329.0,157.0,107.0,173.0,1,1,1.0
183,1,325.0,158.0,104.0,173.0,1,1,1.0
184,1,322.0,160.0,95.0,172.0,1,1,1.0
185,1,320.0,160.0,82.0,171.0,1,1,1.0
186,1,314.0,161.0,79.0,170.0,1,1,1.0
187,1,306.0,161.0,73.0,173.0,1,1,1.0
188,1,298.0,163.0,76.0,175.0,1,1,1.0
189,1,285.0,165.0,86.0,176.0,1,1,1.0
190,1,274.0,167.0,96.0,176.0,1,1,1.0
191,1,267.0,170.0,100.0,176.0,1,1,1.0
192,1,263.0,172.0,99.0,175.0,1,1,1.0
193,1,257.0,175.0,95.0,173.0,1,1,1.0
194,1,251.0,176.0,86.0,172.0,1,1,1.0
195,1,244.0,177.0,77.0,171.0,1,1,1.0
196,1,238.0,176.0,65.0,171.0,1,1,1.0
197,1,225.0,177.0,72.0,171.0,1,1,1.0
198,1,215.0,178.0,79.0,171.0,1,1,1.0
199,1,205.0,179.0,90.0,171.0,1,1,1.0
200,1,195.0,183.0,98.0,171.0,1,1,1.0
201,1,186.0,184.0,104.0,172.0,1,1,1.0
202,1,180.0,186.0,106.0,171.0,1,1,1.0
203,1,177.0,188.0,100.0,170.0,1,1,1.0
204,1,178.0,189.0,82.0,169.0,1,1,1.0
205,1,175.0,189.0,69.0,169.0,1,1,1.0
206,1,169.0,189.0,65.0,171.0,1,1,1.0
207,1,163.0,191.0,67.0,175.0,1,1,1.0
208,1,150.0,193.0,78.0,176.0,1,1,1.0
209,1,139.0,196.0,88.0,176.0,1,1,1.0
210,1,133.0,199.0,92.0,176.0,1,1,1.0
211,1,130.0,203.0,90.0,173.0,1,1,1.0
212,1,126.0,205.0,84.0,171.0,1,1,1.0
213,1,120.0,206.0,77.0,170.0,1,1,1.0
214,1,113.0,206.0,69.0,170.0,1,1,1.0
215,1,107.0,207.0,64.0,170.0,1,1,1.0
216,1,98.0,207.0,65.0,169.0,1,1,1.0
217,1,86.0,208.0,73.0,170.0,1,1,1.0
218,1,76.0,211.0,82.0,168.0,1,1,1.0
219,1,68.0,214.0,89.0,168.0,1,1,1.0
220,1,61.0,215.0,94.0,168.0,1,1,1.0
291,2,30.0,203.0,38.0,144.0,1,1,1.0
292,2,35.0,201.0,45.0,145.0,1,1,1.0
293,2,39.0,201.0,59.0,145.0,1,1,1.0
299,2,64.0,195.0,49.0,138.0,1,1,1.0
300,2,71.0,192.0,44.0,139.0,1,1,1.0
303,2,87.0,186.0,68.0,145.0,1,1,1.0
304,2,90.0,183.0,74.0,147.0,1,1,1.0
305,2,92.0,183.0,75.0,147.0,1,1,1.0
306,2,96.0,183.0,72.0,145.0,1,1,1.0
307,2,104.0,182.0,63.0,141.0,1,1,1.0
310,2,130.0,176.0,45.0,140.0,1,1,1.0
311,2,137.0,175.0,51.0,140.0,1,1,1.0
312,2,141.0,172.0,61.0,142.0,1,1,1.0
314,2,144.0,171.0,72.0,143.0,1,1,1.0
315,2,146.0,170.0,75.0,142.0,1,1,1.0
318,2,171.0,164.0,51.0,140.0,1,1,1.0
319,2,180.0,160.0,41.0,143.0,1,1,1.0
320,2,187.0,158.0,37.0,144.0,1,1,1.0
324,2,196.0,156.0,71.0,143.0,1,1,1.0
325,2,199.0,155.0,74.0,143.0,1,1,1.0
326,2,207.0,153.0,66.0,139.0,1,1,1.0
327,2,218.0,149.0,55.0,142.0,1,1,1.0
328,2,227.0,149.0,47.0,139.0,1,1,1.0
329,2,235.0,145.0,43.0,141.0,1,1,1.0
330,2,241.0,144.0,49.0,142.0,1,1,1.0
331,2,245.0,143.0,60.0,142.0,1,1,1.0
333,2,249.0,143.0,74.0,141.0,1,1,1.0
334,2,251.0,143.0,75.0,140.0,1,1,1.0
335,2,258.0,142.0,71.0,139.0,1,1,1.0
336,2,268.0,140.0,62.0,137.0,1,1,1.0
337,2,279.0,138.0,50.0,136.0,1,1,1.0
338,2,289.0,135.0,40.0,138.0,1,1,1.0
339,2,296.0,133.0,39.0,140.0,1,1,1.0
343,2,306.0,130.0,50.0,141.0,1,1,1.0
347,2,337.0,125.0,56.0,139.0,1,1,1.0
349,2,348.0,122.0,58.0,138.0,1,1,1.0
350,2,352.0,121.0,64.0,138.0,1,1,1.0
353,2,358.0,121.0,58.0,136.0,1,1,1.0
356,2,382.0,116.0,45.0,134.0,1,1,1.0
357,2,391.0,114.0,39.0,133.0,1,1,1.0
358,2,395.0,113.0,39.0,134.0,1,1,1.0
359,2,396.0,112.0,44.0,135.0,1,1,1.0
361,2,397.0,111.0,69.0,135.0,1,1,1.0
362,2,401.0,110.0,72.0,136.0,1,1,1.0
363,2,407.0,109.0,68.0,136.0,1,1,1.0
364,2,414.0,108.0,63.0,134.0,1,1,1.0
365,2,423.0,107.0,60.0,132.0,1,1,1.0
366,2,432.0,106.0,47.0,131.0,1,1,1.0
367,2,440.0,105.0,42.0,130.0,1,1,1.0
368,2,446.0,104.0,44.0,130.0,1,1,1.0
369,2,449.0,102.0,53.0,131.0,1,1,1.0
370,2,452.0,102.0,63.0,132.0,1,1,1.0
371,2,454.0,100.0,69.0,133.0,1,1,1.0
372,2,455.0,101.0,73.0,131.0,1,1,1.0
375,2,479.0,98.0,52.0,128.0,1,1,1.0
376,2,489.0,97.0,43.0,128.0,1,1,1.0
377,2,497.0,96.0,40.0,129.0,1,1,1.0
378,2,501.0,95.0,45.0,130.0,1,1,1.0
379,2,504.0,92.0,56.0,132.0,1,1,1.0
380,2,506.0,92.0,65.0,133.0,1,1,1.0
381,2,507.0,92.0,70.0,131.0,1,1,1.0
382,2,508.0,92.0,71.0,130.0,1,1,1.0
383,2,512.0,92.0,68.0,131.0,1,1,1.0
384,2,521.0,91.0,60.0,130.0,1,1,1.0
385,2,530.0,91.0,51.0,128.0,1,1,1.0
386,2,539.0,90.0,48.0,128.0,1,1,1.0
387,2,546.0,89.0,49.0,129.0,1,1,1.0
388,2,552.0,90.0,54.0,126.0,1,1,1.0
389,2,556.0,91.0,59.0,125.0,1,1,1.0
390,2,558.0,91.0,63.0,126.0,1,1,1.0
391,2,560.0,91.0,69.0,126.0,1,1,1.0
392,2,563.0,90.0,69.0,127.0,1,1,1.0
393,2,571.0,91.0,63.0,125.0,1,1,1.0
394,2,581.0,91.0,51.0,125.0,1,1,1.0
395,2,587.0,90.0,44.0,127.0,1,1,1.0
396,2,593.0,89.0,43.0,127.0,1,1,1.0
397,2,596.0,89.0,50.0,127.0,1,1,1.0
398,2,598.0,89.0,61.0,126.0,1,1,1.0
399,2,600.0,90.0,70.0,126.0,1,1,1.0
400,2,601.0,89.0,75.0,127.0,1,1,1.0
401,2,603.0,89.0,77.0,127.0,1,1,1.0
402,2,608.0,89.0,73.0,126.0,1,1,1.0
403,2,615.0,90.0,66.0,125.0,1,1,1.0
404,2,628.0,89.0,53.0,125.0,1,1,1.0
405,2,635.0,88.0,52.0,126.0,1,1,1.0
406,2,640.0,88.0,53.0,126.0,1,1,1.0
407,2,644.0,88.0,60.0,127.0,1,1,1.0
408,2,648.0,86.0,64.0,128.0,1,1,1.0
409,2,652.0,87.0,67.0,127.0,1,1,1.0
410,2,656.0,87.0,69.0,129.0,1,1,1.0
411,2,659.0,87.0,68.0,129.0,1,1,1.0
412,2,665.0,86.0,65.0,130.0,1,1,1.0
413,2,671.0,85.0,60.0,131.0,1,1,1.0
414,2,676.0,84.0,51.0,132.0,1,1,1.0
415,2,681.0,83.0,46.0,133.0,1,1,1.0
416,2,683.0,82.0,50.0,134.0,1,1,1.0
417,2,687.0,83.0,57.0,134.0,1,1,1.0
418,2,689.0,83.0,65.0,134.0,1,1,1.0
419,2,693.0,83.0,66.0,135.0,1,1,1.0
420,2,694.0,83.0,67.0,135.0,1,1,1.0
421,2,698.0,82.0,64.0,137.0,1,1,1.0
422,2,708.0,82.0,54.0,136.0,1,1,1.0
423,2,713.0,81.0,51.0,137.0,1,1,1.0
424,2,718.0,79.0,53.0,140.0,1,1,1.0
425,2,722.0,79.0,56.0,141.0,1,1,1.0
426,2,726.0,80.0,60.0,142.0,1,1,1.0
427,2,731.0,81.0,61.0,141.0,1,1,1.0
428,2,735.0,82.0,63.0,141.0,1,1,1.0
429,2,740.0,83.0,62.0,141.0,1,1,1.0
430,2,744.0,84.0,61.0,141.0,1,1,1.0
431,2,749.0,83.0,62.0,142.0,1,1,1.0
432,2,755.0,82.0,59.0,144.0,1,1,1.0
433,2,760.0,80.0,55.0,146.0,1,1,1.0
434,2,763.0,79.0,52.0,146.0,1,1,1.0
435,2,768.0,79.0,54.0,146.0,1,1,1.0
436,2,774.0,81.0,59.0,144.0,1,1,1.0
437,2,779.0,82.0,63.0,144.0,1,1,1.0
438,2,779.0,83.0,69.0,144.0,1,1,1.0
439,2,780.0,84.0,70.0,144.0,1,1,1.0
440,2,793.0,84.0,59.0,144.0,1,1,1.0
441,2,798.0,83.0,54.0,145.0,1,1,1.0
442,2,804.0,83.0,49.0,146.0,1,1,1.0
443,2,808.0,81.0,50.0,148.0,1,1,1.0
444,2,813.0,81.0,53.0,149.0,1,1,1.0
445,2,817.0,81.0,57.0,151.0,1,1,1.0
446,2,821.0,81.0,62.0,152.0,1,1,1.0
447,2,826.0,82.0,65.0,152.0,1,1,1.0
448,2,831.0,83.0,65.0,153.0,1,1,1.0
449,2,833.0,84.0,72.0,153.0,1,1,1.0
450,2,840.0,84.0,69.0,153.0,1,1,1.0
451,2,844.0,83.0,66.0,154.0,1,1,1.0
452,2,844.0,82.0,64.0,155.0,1,1,1.0
454,2,853.0,81.0,63.0,157.0,1,1,1.0
455,2,856.0,81.0,73.0,156.0,1,1,1.0
456,2,859.0,83.0,80.0,155.0,1,1,1.0
457,2,862.0,84.0,84.0,155.0,1,1,1.0
458,2,865.0,84.0,84.0,155.0,1,1,1.0
459,2,871.0,84.0,78.0,155.0,1,1,1.0
460,2,882.0,83.0,69.0,155.0,1,1,1.0
461,2,893.0,82.0,62.0,158.0,1,1,1.0
462,2,905.0,80.0,53.0,159.0,1,1,1.0
463,2,911.0,80.0,63.0,161.0,1,1,1.0
464,2,915.0,79.0,69.0,163.0,1,1,1.0
465,2,919.0,79.0,77.0,163.0,1,1,1.0
466,2,922.0,81.0,82.0,163.0,1,1,1.0
467,2,925.0,82.0,85.0,164.0,1,1,1.0
469,2,940.0,82.0,80.0,164.0,1,1,1.0
470,2,953.0,81.0,66.0,165.0,1,1,1.0
471,2,963.0,80.0,55.0,166.0,1,1,1.0
472,2,970.0,79.0,52.0,167.0,1,1,1.0
473,2,966.0,79.0,69.0,167.0,1,1,1.0
474,2,968.0,80.0,84.0,166.0,1,1,1.0
475,2,972.0,81.0,93.0,166.0,1,1,1.0
476,2,975.0,82.0,97.0,166.0,1,1,1.0
479,2,1018.0,83.0,57.0,167.0,1,1,1.0
481,2,1033.0,81.0,58.0,170.0,1,1,1.0
482,2,1040.0,81.0,63.0,172.0,1,1,1.0
483,2,1046.0,82.0,67.0,174.0,1,1,1.0
484,2,1046.0,83.0,74.0,176.0,1,1,1.0
485,2,1047.0,84.0,88.0,176.0,1,1,1.0
486,2,1047.0,86.0,96.0,177.0,1,1,1.0
487,2,1052.0,88.0,99.0,176.0,1,1,1.0
490,2,1084.0,88.0,68.0,177.0,1,1,1.0
491,2,1096.0,87.0,60.0,178.0,1,1,1.0
492,2,1100.0,87.0,65.0,178.0,1,1,1.0
493,2,1101.0,89.0,81.0,177.0,1,1,1.0
494,2,1103.0,90.0,94.0,177.0,1,1,1.0
495,2,1105.0,93.0,99.0,178.0,1,1,1.0
497,2,1144.0,95.0,65.0,177.0,1,1,1.0
499,2,1152.0,95.0,63.0,178.0,1,1,1.0
500,2,1163.0,94.0,64.0,180.0,1,1,1.0
501,2,1173.0,94.0,69.0,185.0,1,1,1.0
502,2,1177.0,95.0,76.0,186.0,1,1,1.0
503,2,1177.0,97.0,89.0,187.0,1,1,1.0
504,2,1175.0,99.0,102.0,187.0,1,1,1.0
505,2,1177.0,101.0,109.0,188.0,1,1,1.0
506,2,1185.0,103.0,106.0,187.0,1,1,1.0
507,2,1198.0,103.0,94.0,187.0,1,1,1.0
508,2,1221.0,102.0,72.0,187.0,1,1,1.0
509,2,1234.0,102.0,60.0,187.0,1,1,1.0
510,2,1240.0,102.0,61.0,188.0,1,1,1.0
511,2,1241.0,103.0,75.0,187.0,1,1,1.0
512,2,1239.0,104.0,94.0,187.0,1,1,1.0
513,2,1242.0,107.0,106.0,186.0,1,1,1.0
514,2,1242.0,109.0,112.0,186.0,1,1,1.0
515,2,1247.0,111.0,109.0,186.0,1,1,1.0
516,2,1281.0,112.0,75.0,185.0,1,1,1.0
517,2,1301.0,112.0,56.0,185.0,1,1,1.0
519,2,1314.0,111.0,67.0,187.0,1,1,1.0
520,2,1321.0,112.0,72.0,191.0,1,1,1.0
521,2,1322.0,113.0,80.0,193.0,1,1,1.0
522,2,1323.0,114.0,89.0,194.0,1,1,1.0
523,2,1325.0,117.0,97.0,194.0,1,1,1.0
524,2,1328.0,119.0,101.0,194.0,1,1,1.0
525,2,1336.0,121.0,97.0,194.0,1,1,1.0
526,2,1350.0,121.0,87.0,193.0,1,1,1.0
527,2,1367.0,121.0,73.0,193.0,1,1,1.0
528,2,1382.0,120.0,63.0,194.0,1,1,1.0
529,2,1392.0,120.0,61.0,194.0,1,1,1.0
530,2,1394.0,121.0,74.0,195.0,1,1,1.0
531,2,1395.0,123.0,91.0,195.0,1,1,1.0
532,2,1396.0,125.0,103.0,195.0,1,1,1.0
533,2,1398.0,128.0,109.0,195.0,1,1,1.0
534,2,1405.0,130.0,105.0,193.0,1,1,1.0
536,2,1433.0,132.0,81.0,192.0,1,1,1.0
537,2,1454.0,132.0,66.0,192.0,1,1,1.0
538,2,1469.0,133.0,63.0,196.0,1,1,1.0
539,2,1474.0,133.0,73.0,199.0,1,1,1.0
