1,1,930.0,296.0,217.0,482.0,1,1,1.0
2,1,949.0,290.0,202.0,462.0,1,1,1.0
3,1,972.0,283.0,182.0,444.0,1,1,1.0
4,1,994.0,275.0,166.0,436.0,1,1,1.0
5,1,1005.0,268.0,158.0,439.0,1,1,1.0
6,1,1012.0,263.0,154.0,442.0,1,1,1.0
7,1,1020.0,260.0,149.0,444.0,1,1,1.0
8,1,1027.0,259.0,144.0,441.0,1,1,1.0
9,1,1026.0,257.0,149.0,434.0,1,1,1.0
10,1,1027.0,255.0,151.0,429.0,1,1,1.0
11,1,1037.0,251.0,144.0,417.0,1,1,1.0
12,1,1040.0,245.0,144.0,402.0,1,1,1.0
13,1,1032.0,238.0,153.0,394.0,1,1,1.0
14,1,1022.0,232.0,166.0,395.0,1,1,1.0
15,1,1012.0,227.0,178.0,398.0,1,1,1.0
16,1,1008.0,224.0,184.0,400.0,1,1,1.0
17,1,1007.0,223.0,186.0,402.0,1,1,1.0
18,1,1006.0,222.0,188.0,394.0,1,1,1.0
19,1,1012.0,220.0,184.0,390.0,1,1,1.0
20,1,1020.0,217.0,178.0,383.0,1,1,1.0
21,1,1029.0,212.0,170.0,369.0,1,1,1.0
22,1,1042.0,206.0,160.0,360.0,1,1,1.0
23,1,1055.0,201.0,149.0,358.0,1,1,1.0
24,1,1056.0,197.0,151.0,360.0,1,1,1.0
25,1,1055.0,194.0,153.0,362.0,1,1,1.0
26,1,1063.0,193.0,147.0,362.0,1,1,1.0
27,1,1071.0,192.0,141.0,356.0,1,1,1.0
28,1,1077.0,191.0,138.0,351.0,1,1,1.0
29,1,1085.0,189.0,131.0,344.0,1,1,1.0
30,1,1095.0,185.0,123.0,332.0,1,1,1.0
31,1,1097.0,180.0,122.0,325.0,1,1,1.0
32,1,1093.0,175.0,126.0,326.0,1,1,1.0
33,1,1088.0,171.0,131.0,328.0,1,1,1.0
34,1,1085.0,168.0,134.0,330.0,1,1,1.0
35,1,1083.0,167.0,135.0,331.0,1,1,1.0
36,1,1082.0,167.0,135.0,327.0,1,1,1.0
37,1,1082.0,166.0,134.0,324.0,1,1,1.0
38,1,1083.0,165.0,132.0,320.0,1,1,1.0
39,1,1084.0,162.0,131.0,310.0,1,1,1.0
40,1,1085.0,158.0,128.0,300.0,1,1,1.0
41,1,1092.0,154.0,122.0,297.0,1,1,1.0
42,1,1100.0,150.0,114.0,298.0,1,1,1.0
43,1,1104.0,148.0,108.0,300.0,1,1,1.0
44,1,1106.0,147.0,105.0,301.0,1,1,1.0
45,1,1108.0,147.0,101.0,300.0,1,1,1.0
46,1,1109.0,147.0,97.0,297.0,1,1,1.0
47,1,1109.0,146.0,96.0,294.0,1,1,1.0
48,1,1107.0,143.0,97.0,288.0,1,1,1.0
49,1,1103.0,139.0,98.0,280.0,1,1,1.0
50,1,1097.0,135.0,103.0,276.0,1,1,1.0
51,1,1090.0,131.0,107.0,277.0,1,1,1.0
52,1,1084.0,128.0,111.0,278.0,1,1,1.0
53,1,1079.0,127.0,113.0,279.0,1,1,1.0
54,1,1075.0,127.0,115.0,277.0,1,1,1.0
55,1,1071.0,127.0,115.0,274.0,1,1,1.0
56,1,1069.0,127.0,114.0,271.0,1,1,1.0
57,1,1066.0,126.0,113.0,268.0,1,1,1.0
58,1,1064.0,124.0,112.0,258.0,1,1,1.0
59,1,1063.0,121.0,110.0,252.0,1,1,1.0
60,1,1067.0,118.0,105.0,252.0,1,1,1.0
61,1,1072.0,116.0,98.0,254.0,1,1,1.0
62,1,1074.0,114.0,93.0,255.0,1,1,1.0
63,1,1075.0,114.0,89.0,256.0,1,1,1.0
64,1,1075.0,113.0,87.0,256.0,1,1,1.0
65,1,1074.0,113.0,86.0,256.0,1,1,1.0
66,1,1072.0,113.0,84.0,253.0,1,1,1.0
67,1,1069.0,111.0,84.0,250.0,1,1,1.0
68,1,1064.0,109.0,87.0,241.0,1,1,1.0
69,1,1055.0,106.0,91.0,238.0,1,1,1.0
70,1,1047.0,104.0,97.0,238.0,1,1,1.0
71,1,1039.0,102.0,103.0,239.0,1,1,1.0
72,1,1035.0,101.0,105.0,240.0,1,1,1.0
73,1,1033.0,100.0,104.0,240.0,1,1,1.0
74,1,1033.0,101.0,102.0,237.0,1,1,1.0
75,1,1034.0,101.0,98.0,236.0,1,1,1.0
76,1,1034.0,100.0,95.0,235.0,1,1,1.0
77,1,1033.0,97.0,92.0,229.0,1,1,1.0
78,1,1032.0,95.0,91.0,224.0,1,1,1.0
79,1,1033.0,93.0,90.0,222.0,1,1,1.0
80,1,1035.0,91.0,87.0,223.0,1,1,1.0
81,1,1037.0,90.0,84.0,223.0,1,1,1.0
82,1,1039.0,89.0,82.0,224.0,1,1,1.0
83,1,1038.0,89.0,82.0,224.0,1,1,1.0
84,1,1037.0,89.0,82.0,223.0,1,1,1.0
85,1,1037.0,89.0,81.0,221.0,1,1,1.0
86,1,1036.0,88.0,81.0,218.0,1,1,1.0
87,1,1034.0,86.0,82.0,212.0,1,1,1.0
88,1,1034.0,84.0,82.0,209.0,1,1,1.0
89,1,1032.0,82.0,83.0,210.0,1,1,1.0
90,1,1030.0,80.0,85.0,211.0,1,1,1.0
91,1,1029.0,79.0,86.0,212.0,1,1,1.0
92,1,1028.0,78.0,86.0,212.0,1,1,1.0
93,1,1029.0,79.0,85.0,210.0,1,1,1.0
94,1,1029.0,78.0,84.0,209.0,1,1,1.0
95,1,1028.0,78.0,84.0,208.0,1,1,1.0
96,1,1028.0,76.0,84.0,203.0,1,1,1.0
97,1,1028.0,74.0,83.0,199.0,1,1,1.0
98,1,1029.0,72.0,82.0,198.0,1,1,1.0
99,1,1033.0,70.0,80.0,198.0,1,1,1.0
100,1,1036.0,69.0,78.0,200.0,1,1,1.0
101,1,1038.0,68.0,76.0,200.0,1,1,1.0
102,1,1039.0,68.0,74.0,200.0,1,1,1.0
103,1,1042.0,69.0,72.0,199.0,1,1,1.0
104,1,1043.0,69.0,70.0,196.0,1,1,1.0
105,1,1044.0,69.0,70.0,193.0,1,1,1.0
106,1,1044.0,68.0,69.0,187.0,1,1,1.0
107,1,1044.0,65.0,69.0,188.0,1,1,1.0
108,1,1043.0,64.0,69.0,187.0,1,1,1.0
109,1,1043.0,63.0,70.0,188.0,1,1,1.0
110,1,1042.0,63.0,70.0,188.0,1,1,1.0
111,1,1042.0,63.0,70.0,188.0,1,1,1.0
112,1,1041.0,63.0,69.0,187.0,1,1,1.0
113,1,1041.0,64.0,68.0,186.0,1,1,1.0
114,1,1040.0,64.0,67.0,184.0,1,1,1.0
115,1,1039.0,63.0,66.0,179.0,1,1,1.0
116,1,1038.0,61.0,66.0,176.0,1,1,1.0
117,1,1036.0,60.0,67.0,176.0,1,1,1.0
118,1,1035.0,58.0,68.0,176.0,1,1,1.0
119,1,1034.0,57.0,68.0,177.0,1,1,1.0
120,1,1034.0,56.0,67.0,177.0,1,1,1.0
121,1,1034.0,56.0,65.0,177.0,1,1,1.0
122,1,1033.0,56.0,64.0,177.0,1,1,1.0
123,1,1033.0,57.0,63.0,175.0,1,1,1.0
124,1,1032.0,57.0,63.0,173.0,1,1,1.0
125,1,1031.0,57.0,62.0,170.0,1,1,1.0
126,1,1030.0,56.0,61.0,167.0,1,1,1.0
127,1,1028.0,54.0,61.0,167.0,1,1,1.0
128,1,1026.0,52.0,61.0,168.0,1,1,1.0
129,1,1025.0,52.0,60.0,168.0,1,1,1.0
130,1,1023.0,51.0,59.0,169.0,1,1,1.0
131,1,1021.0,52.0,59.0,168.0,1,1,1.0
132,1,1019.0,52.0,59.0,167.0,1,1,1.0
133,1,1017.0,52.0,59.0,165.0,1,1,1.0
134,1,1014.0,51.0,59.0,162.0,1,1,1.0
135,1,1012.0,50.0,59.0,159.0,1,1,1.0
136,1,1010.0,49.0,60.0,159.0,1,1,1.0
137,1,1008.0,47.0,60.0,160.0,1,1,1.0
138,1,1006.0,46.0,60.0,161.0,1,1,1.0
139,1,1005.0,46.0,61.0,161.0,1,1,1.0
140,1,1004.0,46.0,60.0,161.0,1,1,1.0
141,1,1003.0,47.0,60.0,160.0,1,1,1.0
142,1,1002.0,48.0,59.0,158.0,1,1,1.0
143,1,1000.0,48.0,59.0,157.0,1,1,1.0
144,1,996.0,46.0,62.0,153.0,1,1,1.0
145,1,992.0,45.0,65.0,151.0,1,1,1.0
146,1,989.0,44.0,66.0,152.0,1,1,1.0
147,1,987.0,42.0,67.0,153.0,1,1,1.0
148,1,986.0,41.0,67.0,154.0,1,1,1.0
149,1,985.0,41.0,66.0,154.0,1,1,1.0
150,1,985.0,42.0,65.0,153.0,1,1,1.0
151,1,986.0,43.0,62.0,152.0,1,1,1.0
152,1,985.0,43.0,61.0,150.0,1,1,1.0
153,1,984.0,43.0,61.0,148.0,1,1,1.0
154,1,982.0,43.0,62.0,145.0,1,1,1.0
155,1,981.0,42.0,62.0,145.0,1,1,1.0
156,1,982.0,40.0,61.0,146.0,1,1,1.0
157,1,983.0,39.0,58.0,147.0,1,1,1.0
158,1,984.0,39.0,57.0,146.0,1,1,1.0
159,1,985.0,39.0,55.0,146.0,1,1,1.0
160,1,984.0,39.0,55.0,145.0,1,1,1.0
161,1,982.0,40.0,56.0,144.0,1,1,1.0
162,1,982.0,40.0,56.0,143.0,1,1,1.0
163,1,982.0,40.0,56.0,141.0,1,1,1.0
164,1,981.0,39.0,55.0,139.0,1,1,1.0
165,1,979.0,38.0,57.0,140.0,1,1,1.0
166,1,976.0,36.0,59.0,141.0,1,1,1.0
167,1,975.0,35.0,60.0,141.0,1,1,1.0
168,1,974.0,35.0,61.0,141.0,1,1,1.0
169,1,974.0,36.0,60.0,141.0,1,1,1.0
170,1,974.0,37.0,59.0,139.0,1,1,1.0
171,1,974.0,38.0,58.0,138.0,1,1,1.0
172,1,973.0,38.0,57.0,137.0,1,1,1.0
173,1,972.0,37.0,57.0,134.0,1,1,1.0
174,1,971.0,36.0,58.0,133.0,1,1,1.0
175,1,971.0,35.0,56.0,134.0,1,1,1.0
176,1,973.0,34.0,55.0,134.0,1,1,1.0
177,1,974.0,33.0,53.0,135.0,1,1,1.0
178,1,974.0,33.0,52.0,135.0,1,1,1.0
179,1,975.0,33.0,51.0,135.0,1,1,1.0
180,1,975.0,33.0,50.0,135.0,1,1,1.0
181,1,976.0,33.0,49.0,134.0,1,1,1.0
182,1,975.0,34.0,49.0,133.0,1,1,1.0
183,1,974.0,33.0,50.0,130.0,1,1,1.0
184,1,971.0,32.0,53.0,130.0,1,1,1.0
185,1,966.0,31.0,58.0,130.0,1,1,1.0
186,1,963.0,30.0,60.0,129.0,1,1,1.0
187,1,963.0,30.0,60.0,130.0,1,1,1.0
188,1,963.0,30.0,60.0,131.0,1,1,1.0
189,1,964.0,30.0,59.0,130.0,1,1,1.0
190,1,965.0,31.0,57.0,130.0,1,1,1.0
191,1,966.0,31.0,55.0,128.0,1,1,1.0
192,1,966.0,31.0,54.0,127.0,1,1,1.0
193,1,966.0,31.0,54.0,124.0,1,1,1.0
194,1,966.0,31.0,54.0,123.0,1,1,1.0
195,1,965.0,30.0,55.0,123.0,1,1,1.0
196,1,969.0,29.0,50.0,124.0,1,1,1.0
197,1,971.0,28.0,48.0,125.0,1,1,1.0
198,1,972.0,28.0,47.0,125.0,1,1,1.0
199,1,973.0,28.0,46.0,124.0,1,1,1.0
200,1,973.0,28.0,46.0,124.0,1,1,1.0
201,1,973.0,29.0,46.0,123.0,1,1,1.0
202,1,974.0,29.0,46.0,122.0,1,1,1.0
203,1,974.0,28.0,45.0,120.0,1,1,1.0
204,1,973.0,27.0,47.0,120.0,1,1,1.0
205,1,971.0,26.0,49.0,120.0,1,1,1.0
206,1,970.0,25.0,50.0,121.0,1,1,1.0
207,1,969.0,25.0,50.0,121.0,1,1,1.0
208,1,970.0,25.0,50.0,121.0,1,1,1.0
209,1,971.0,26.0,48.0,120.0,1,1,1.0
210,1,971.0,26.0,47.0,119.0,1,1,1.0
211,1,970.0,26.0,47.0,119.0,1,1,1.0
212,1,969.0,27.0,47.0,118.0,1,1,1.0
213,1,967.0,26.0,49.0,116.0,1,1,1.0
214,1,967.0,25.0,49.0,116.0,1,1,1.0
215,1,968.0,24.0,48.0,116.0,1,1,1.0
216,1,969.0,23.0,46.0,117.0,1,1,1.0
217,1,970.0,23.0,45.0,117.0,1,1,1.0
218,1,971.0,23.0,43.0,117.0,1,1,1.0
219,1,972.0,23.0,43.0,116.0,1,1,1.0
220,1,973.0,24.0,42.0,116.0,1,1,1.0
221,1,973.0,24.0,42.0,114.0,1,1,1.0
222,1,972.0,25.0,42.0,113.0,1,1,1.0
223,1,970.0,24.0,44.0,112.0,1,1,1.0
224,1,968.0,23.0,45.0,112.0,1,1,1.0
225,1,966.0,22.0,47.0,112.0,1,1,1.0
226,1,966.0,21.0,47.0,113.0,1,1,1.0
227,1,966.0,21.0,47.0,114.0,1,1,1.0
228,1,966.0,20.0,47.0,114.0,1,1,1.0
229,1,966.0,21.0,46.0,113.0,1,1,1.0
230,1,965.0,22.0,46.0,112.0,1,1,1.0
231,1,964.0,22.0,46.0,111.0,1,1,1.0
232,1,963.0,22.0,47.0,109.0,1,1,1.0
233,1,962.0,21.0,47.0,109.0,1,1,1.0
234,1,962.0,20.0,47.0,109.0,1,1,1.0
235,1,964.0,20.0,45.0,110.0,1,1,1.0
236,1,965.0,19.0,42.0,110.0,1,1,1.0
237,1,966.0,19.0,41.0,110.0,1,1,1.0
238,1,967.0,19.0,40.0,109.0,1,1,1.0
239,1,967.0,20.0,40.0,109.0,1,1,1.0
240,1,967.0,20.0,40.0,108.0,1,1,1.0
241,1,967.0,20.0,41.0,108.0,1,1,1.0
242,1,966.0,19.0,42.0,107.0,1,1,1.0
243,1,965.0,19.0,42.0,106.0,1,1,1.0
244,1,964.0,18.0,43.0,106.0,1,1,1.0
245,1,963.0,17.0,44.0,106.0,1,1,1.0
246,1,962.0,17.0,44.0,106.0,1,1,1.0
247,1,962.0,17.0,43.0,107.0,1,1,1.0
248,1,962.0,17.0,42.0,106.0,1,1,1.0
249,1,962.0,18.0,41.0,105.0,1,1,1.0
250,1,961.0,19.0,41.0,104.0,1,1,1.0
251,1,960.0,19.0,42.0,103.0,1,1,1.0
252,1,958.0,18.0,43.0,102.0,1,1,1.0
253,1,957.0,17.0,43.0,102.0,1,1,1.0
254,1,956.0,16.0,43.0,102.0,1,1,1.0
255,1,957.0,16.0,42.0,102.0,1,1,1.0
256,1,958.0,16.0,41.0,102.0,1,1,1.0
257,1,959.0,15.0,40.0,103.0,1,1,1.0
258,1,959.0,15.0,40.0,103.0,1,1,1.0
259,1,959.0,16.0,39.0,102.0,1,1,1.0
260,1,958.0,16.0,39.0,101.0,1,1,1.0
261,1,956.0,16.0,39.0,101.0,1,1,1.0
262,1,954.0,16.0,41.0,99.0,1,1,1.0
263,1,952.0,15.0,42.0,99.0,1,1,1.0
264,1,951.0,14.0,42.0,99.0,1,1,1.0
265,1,951.0,14.0,43.0,99.0,1,1,1.0
266,1,950.0,14.0,43.0,99.0,1,1,1.0
267,1,950.0,14.0,43.0,99.0,1,1,1.0
268,1,950.0,14.0,43.0,99.0,1,1,1.0
269,1,950.0,15.0,43.0,98.0,1,1,1.0
270,1,949.0,15.0,43.0,97.0,1,1,1.0
271,1,947.0,15.0,43.0,97.0,1,1,1.0
272,1,946.0,15.0,44.0,96.0,1,1,1.0
273,1,947.0,14.0,43.0,96.0,1,1,1.0
274,1,947.0,13.0,42.0,96.0,1,1,1.0
275,1,948.0,13.0,40.0,97.0,1,1,1.0
276,1,950.0,12.0,39.0,97.0,1,1,1.0
277,1,951.0,11.0,38.0,98.0,1,1,1.0
278,1,951.0,12.0,37.0,98.0,1,1,1.0
279,1,952.0,12.0,37.0,98.0,1,1,1.0
280,1,952.0,13.0,37.0,96.0,1,1,1.0
281,1,953.0,14.0,37.0,95.0,1,1,1.0
282,1,952.0,14.0,38.0,93.0,1,1,1.0
283,1,952.0,13.0,38.0,93.0,1,1,1.0
284,1,952.0,12.0,39.0,92.0,1,1,1.0
285,1,951.0,12.0,41.0,92.0,1,1,1.0
286,1,951.0,11.0,42.0,93.0,1,1,1.0
287,1,951.0,10.0,43.0,94.0,1,1,1.0
288,1,951.0,10.0,44.0,94.0,1,1,1.0
289,1,952.0,11.0,45.0,94.0,1,1,1.0
290,1,953.0,11.0,45.0,93.0,1,1,1.0
291,1,954.0,12.0,46.0,92.0,1,1,1.0
292,1,957.0,13.0,46.0,92.0,1,1,1.0
293,1,961.0,13.0,43.0,90.0,1,1,1.0
297,1,966.0,11.0,47.0,90.0,1,1,1.0
309,2,999.0,12.0,48.0,90.0,1,1,1.0
310,2,999.0,13.0,47.0,89.0,1,1,1.0
312,2,1008.0,13.0,46.0,90.0,1,1,1.0
313,2,1016.0,13.0,42.0,90.0,1,1,1.0
314,2,1023.0,12.0,37.0,91.0,1,1,1.0
315,2,1030.0,12.0,35.0,91.0,1,1,1.0
316,2,1034.0,12.0,38.0,91.0,1,1,1.0
317,2,1037.0,13.0,43.0,92.0,1,1,1.0
318,2,1038.0,14.0,46.0,92.0,1,1,1.0
319,2,1038.0,15.0,50.0,91.0,1,1,1.0
320,2,1039.0,15.0,52.0,92.0,1,1,1.0
321,2,1040.0,16.0,53.0,92.0,1,1,1.0
322,2,1046.0,16.0,48.0,92.0,1,1,1.0
323,2,1052.0,16.0,42.0,92.0,1,1,1.0
324,2,1056.0,15.0,36.0,92.0,1,1,1.0
325,2,1060.0,15.0,32.0,93.0,1,1,1.0
326,2,1062.0,15.0,32.0,94.0,1,1,1.0
327,2,1063.0,15.0,38.0,94.0,1,1,1.0
328,2,1064.0,15.0,43.0,95.0,1,1,1.0
329,2,1064.0,16.0,46.0,95.0,1,1,1.0
330,2,1065.0,17.0,46.0,94.0,1,1,1.0
331,2,1067.0,18.0,45.0,94.0,1,1,1.0
332,2,1072.0,17.0,42.0,95.0,1,1,1.0
333,2,1077.0,17.0,40.0,95.0,1,1,1.0
334,2,1083.0,17.0,39.0,95.0,1,1,1.0
335,2,1088.0,17.0,40.0,95.0,1,1,1.0
336,2,1091.0,17.0,42.0,96.0,1,1,1.0
337,2,1094.0,17.0,43.0,97.0,1,1,1.0
338,2,1097.0,18.0,44.0,96.0,1,1,1.0
339,2,1098.0,19.0,45.0,96.0,1,1,1.0
340,2,1099.0,20.0,46.0,96.0,1,1,1.0
341,2,1102.0,20.0,46.0,97.0,1,1,1.0
342,2,1106.0,20.0,43.0,97.0,1,1,1.0
343,2,1111.0,20.0,39.0,97.0,1,1,1.0
344,2,1114.0,19.0,36.0,98.0,1,1,1.0
345,2,1115.0,19.0,36.0,98.0,1,1,1.0
346,2,1117.0,19.0,36.0,98.0,1,1,1.0
347,2,1119.0,20.0,41.0,99.0,1,1,1.0
348,2,1119.0,20.0,45.0,99.0,1,1,1.0
349,2,1119.0,21.0,47.0,100.0,1,1,1.0
350,2,1121.0,21.0,46.0,100.0,1,1,1.0
351,2,1124.0,21.0,44.0,100.0,1,1,1.0
353,2,1135.0,21.0,40.0,98.0,1,1,1.0
354,2,1140.0,21.0,38.0,99.0,1,1,1.0
355,2,1144.0,21.0,40.0,100.0,1,1,1.0
356,2,1147.0,21.0,41.0,101.0,1,1,1.0
357,2,1149.0,22.0,42.0,101.0,1,1,1.0
358,2,1151.0,23.0,44.0,101.0,1,1,1.0
359,2,1151.0,24.0,47.0,101.0,1,1,1.0
360,2,1153.0,25.0,48.0,101.0,1,1,1.0
361,2,1157.0,25.0,45.0,102.0,1,1,1.0
362,2,1161.0,25.0,42.0,102.0,1,1,1.0
363,2,1163.0,24.0,39.0,103.0,1,1,1.0
364,2,1165.0,23.0,37.0,103.0,1,1,1.0
365,2,1166.0,23.0,38.0,104.0,1,1,1.0
366,2,1167.0,24.0,42.0,104.0,1,1,1.0
367,2,1168.0,25.0,49.0,104.0,1,1,1.0
368,2,1169.0,26.0,52.0,104.0,1,1,1.0
369,2,1170.0,27.0,53.0,104.0,1,1,1.0
370,2,1172.0,28.0,52.0,104.0,1,1,1.0
371,2,1176.0,28.0,49.0,104.0,1,1,1.0
372,2,1182.0,28.0,45.0,103.0,1,1,1.0
374,2,1194.0,27.0,42.0,104.0,1,1,1.0
378,2,1205.0,30.0,41.0,106.0,1,1,1.0
379,2,1207.0,31.0,40.0,107.0,1,1,1.0
380,2,1210.0,31.0,38.0,114.0,1,1,1.0
381,2,1213.0,31.0,40.0,117.0,1,1,1.0
382,2,1215.0,31.0,40.0,114.0,1,1,1.0
383,2,1217.0,30.0,39.0,111.0,1,1,1.0
384,2,1219.0,30.0,39.0,110.0,1,1,1.0
385,2,1219.0,30.0,39.0,111.0,1,1,1.0
386,2,1220.0,31.0,41.0,111.0,1,1,1.0
387,2,1220.0,32.0,45.0,111.0,1,1,1.0
388,2,1220.0,33.0,47.0,113.0,1,1,1.0
389,2,1222.0,34.0,46.0,112.0,1,1,1.0
391,2,1230.0,35.0,43.0,110.0,1,1,1.0
392,2,1236.0,34.0,44.0,110.0,1,1,1.0
393,2,1241.0,33.0,46.0,111.0,1,1,1.0
394,2,1244.0,33.0,43.0,111.0,1,1,1.0
395,2,1247.0,34.0,42.0,111.0,1,1,1.0
396,2,1250.0,35.0,41.0,111.0,1,1,1.0
397,2,1252.0,36.0,42.0,112.0,1,1,1.0
398,2,1253.0,36.0,43.0,114.0,1,1,1.0
399,2,1254.0,36.0,45.0,115.0,1,1,1.0
401,2,1262.0,36.0,42.0,115.0,1,1,1.0
402,2,1266.0,36.0,41.0,115.0,1,1,1.0
403,2,1269.0,36.0,38.0,115.0,1,1,1.0
404,2,1272.0,37.0,41.0,114.0,1,1,1.0
406,2,1273.0,39.0,52.0,114.0,1,1,1.0
407,2,1274.0,41.0,57.0,114.0,1,1,1.0
408,2,1274.0,42.0,59.0,115.0,1,1,1.0
409,2,1275.0,42.0,59.0,116.0,1,1,1.0
410,2,1280.0,42.0,55.0,117.0,1,1,1.0
411,2,1287.0,41.0,51.0,118.0,1,1,1.0
412,2,1295.0,41.0,48.0,118.0,1,1,1.0
413,2,1304.0,43.0,46.0,117.0,1,1,1.0
414,2,1309.0,44.0,46.0,115.0,1,1,1.0
415,2,1313.0,44.0,44.0,115.0,1,1,1.0
416,2,1314.0,45.0,47.0,116.0,1,1,1.0
417,2,1315.0,46.0,49.0,117.0,1,1,1.0
418,2,1316.0,47.0,52.0,116.0,1,1,1.0
419,2,1320.0,48.0,51.0,117.0,1,1,1.0
420,2,1327.0,48.0,47.0,116.0,1,1,1.0
421,2,1332.0,48.0,47.0,117.0,1,1,1.0
422,2,1338.0,48.0,44.0,117.0,1,1,1.0
423,2,1341.0,48.0,44.0,118.0,1,1,1.0
424,2,1344.0,47.0,46.0,120.0,1,1,1.0
425,2,1346.0,48.0,51.0,120.0,1,1,1.0
426,2,1347.0,49.0,55.0,121.0,1,1,1.0
427,2,1349.0,51.0,55.0,121.0,1,1,1.0
428,2,1350.0,53.0,54.0,122.0,1,1,1.0
429,2,1351.0,53.0,57.0,122.0,1,1,1.0
430,2,1356.0,53.0,58.0,123.0,1,1,1.0
431,2,1362.0,54.0,57.0,122.0,1,1,1.0
432,2,1366.0,54.0,57.0,123.0,1,1,1.0
433,2,1370.0,54.0,51.0,123.0,1,1,1.0
434,2,1372.0,54.0,47.0,124.0,1,1,1.0
435,2,1376.0,54.0,43.0,124.0,1,1,1.0
436,2,1379.0,55.0,42.0,126.0,1,1,1.0
437,2,1379.0,57.0,41.0,126.0,1,1,1.0
438,2,1381.0,59.0,41.0,124.0,1,1,1.0
439,2,1382.0,61.0,42.0,124.0,1,1,1.0
440,2,1383.0,61.0,44.0,124.0,1,1,1.0
441,2,1384.0,61.0,46.0,127.0,1,1,1.0
442,2,1386.0,62.0,47.0,125.0,1,1,1.0
443,2,1387.0,62.0,48.0,125.0,1,1,1.0
444,2,1388.0,62.0,49.0,126.0,1,1,1.0
445,2,1389.0,63.0,51.0,127.0,1,1,1.0
446,2,1390.0,63.0,51.0,128.0,1,1,1.0
447,2,1390.0,63.0,52.0,128.0,1,1,1.0
448,2,1391.0,63.0,53.0,129.0,1,1,1.0
449,2,1391.0,63.0,55.0,128.0,1,1,1.0
450,2,1390.0,63.0,55.0,129.0,1,1,1.0
451,2,1390.0,63.0,53.0,129.0,1,1,1.0
452,2,1389.0,62.0,50.0,129.0,1,1,1.0
453,2,1388.0,62.0,46.0,130.0,1,1,1.0
454,2,1385.0,62.0,45.0,130.0,1,1,1.0
455,2,1383.0,62.0,45.0,131.0,1,1,1.0
456,2,1381.0,63.0,44.0,131.0,1,1,1.0
457,2,1380.0,64.0,43.0,131.0,1,1,1.0
458,2,1378.0,63.0,43.0,132.0,1,1,1.0
459,2,1375.0,63.0,44.0,132.0,1,1,1.0
460,2,1372.0,62.0,44.0,133.0,1,1,1.0
461,2,1370.0,62.0,45.0,134.0,1,1,1.0
462,2,1368.0,61.0,48.0,135.0,1,1,1.0
463,2,1365.0,61.0,52.0,137.0,1,1,1.0
464,2,1361.0,60.0,57.0,138.0,1,1,1.0
465,2,1357.0,61.0,60.0,138.0,1,1,1.0
466,2,1354.0,61.0,62.0,138.0,1,1,1.0
467,2,1351.0,62.0,63.0,137.0,1,1,1.0
468,2,1347.0,62.0,63.0,138.0,1,1,1.0
469,2,1344.0,61.0,61.0,138.0,1,1,1.0
470,2,1341.0,61.0,57.0,139.0,1,1,1.0
471,2,1337.0,59.0,52.0,141.0,1,1,1.0
472,2,1332.0,59.0,50.0,141.0,1,1,1.0
473,2,1324.0,59.0,53.0,140.0,1,1,1.0
474,2,1313.0,59.0,60.0,142.0,1,1,1.0
475,2,1307.0,59.0,64.0,142.0,1,1,1.0
476,2,1303.0,58.0,67.0,143.0,1,1,1.0
477,2,1301.0,58.0,68.0,143.0,1,1,1.0
478,2,1301.0,60.0,63.0,141.0,1,1,1.0
479,2,1300.0,59.0,57.0,142.0,1,1,1.0
480,2,1299.0,59.0,49.0,142.0,1,1,1.0
481,2,1295.0,58.0,48.0,143.0,1,1,1.0
482,2,1292.0,57.0,51.0,146.0,1,1,1.0
483,2,1288.0,57.0,55.0,145.0,1,1,1.0
484,2,1281.0,58.0,63.0,144.0,1,1,1.0
485,2,1276.0,59.0,67.0,142.0,1,1,1.0
486,2,1273.0,60.0,69.0,143.0,1,1,1.0
487,2,1270.0,61.0,68.0,144.0,1,1,1.0
488,2,1266.0,62.0,55.0,142.0,1,1,1.0
491,2,1253.0,57.0,50.0,149.0,1,1,1.0
492,2,1245.0,57.0,53.0,148.0,1,1,1.0
493,2,1234.0,57.0,59.0,147.0,1,1,1.0
494,2,1225.0,58.0,65.0,148.0,1,1,1.0
495,2,1220.0,59.0,68.0,149.0,1,1,1.0
496,2,1217.0,59.0,64.0,150.0,1,1,1.0
497,2,1216.0,59.0,66.0,150.0,1,1,1.0
498,2,1214.0,58.0,63.0,151.0,1,1,1.0
499,2,1212.0,58.0,58.0,151.0,1,1,1.0
500,2,1208.0,56.0,57.0,153.0,1,1,1.0
501,2,1204.0,55.0,63.0,155.0,1,1,1.0
502,2,1200.0,56.0,68.0,156.0,1,1,1.0
503,2,1195.0,55.0,74.0,157.0,1,1,1.0
504,2,1189.0,57.0,79.0,158.0,1,1,1.0
505,2,1185.0,59.0,80.0,156.0,1,1,1.0
506,2,1182.0,59.0,79.0,156.0,1,1,1.0
507,2,1180.0,59.0,75.0,157.0,1,1,1.0
508,2,1176.0,58.0,69.0,159.0,1,1,1.0
509,2,1172.0,56.0,61.0,161.0,1,1,1.0
510,2,1167.0,55.0,56.0,161.0,1,1,1.0
511,2,1160.0,55.0,55.0,162.0,1,1,1.0
512,2,1148.0,54.0,61.0,163.0,1,1,1.0
513,2,1138.0,55.0,69.0,163.0,1,1,1.0
514,2,1132.0,55.0,74.0,163.0,1,1,1.0
515,2,1130.0,57.0,73.0,162.0,1,1,1.0
516,2,1129.0,57.0,71.0,162.0,1,1,1.0
517,2,1128.0,57.0,66.0,162.0,1,1,1.0
518,2,1126.0,56.0,61.0,164.0,1,1,1.0
519,2,1121.0,56.0,58.0,164.0,1,1,1.0
520,2,1116.0,55.0,62.0,166.0,1,1,1.0
521,2,1113.0,54.0,68.0,168.0,1,1,1.0
522,2,1110.0,55.0,73.0,170.0,1,1,1.0
523,2,1105.0,57.0,79.0,170.0,1,1,1.0
524,2,1099.0,58.0,83.0,170.0,1,1,1.0
525,2,1096.0,60.0,84.0,169.0,1,1,1.0
526,2,1092.0,60.0,82.0,168.0,1,1,1.0
527,2,1088.0,59.0,78.0,169.0,1,1,1.0
528,2,1083.0,59.0,70.0,170.0,1,1,1.0
529,2,1078.0,57.0,63.0,172.0,1,1,1.0
530,2,1072.0,56.0,59.0,172.0,1,1,1.0
531,2,1065.0,56.0,60.0,173.0,1,1,1.0
532,2,1053.0,57.0,71.0,173.0,1,1,1.0
533,2,1044.0,58.0,79.0,173.0,1,1,1.0
534,2,1038.0,59.0,83.0,175.0,1,1,1.0
535,2,1036.0,60.0,84.0,175.0,1,1,1.0
536,2,1033.0,60.0,82.0,175.0,1,1,1.0
537,2,1031.0,60.0,76.0,176.0,1,1,1.0
538,2,1028.0,59.0,68.0,176.0,1,1,1.0
539,2,1024.0,58.0,63.0,177.0,1,1,1.0
540,2,1018.0,58.0,68.0,178.0,1,1,1.0
541,2,1013.0,59.0,76.0,178.0,1,1,1.0
542,2,1005.0,60.0,84.0,180.0,1,1,1.0
543,2,996.0,61.0,91.0,183.0,1,1,1.0
544,2,990.0,61.0,94.0,184.0,1,1,1.0
545,2,986.0,62.0,92.0,185.0,1,1,1.0
546,2,982.0,62.0,89.0,185.0,1,1,1.0
547,2,977.0,63.0,81.0,184.0,1,1,1.0
548,2,972.0,63.0,70.0,185.0,1,1,1.0
549,2,966.0,63.0,62.0,185.0,1,1,1.0
550,2,959.0,63.0,60.0,185.0,1,1,1.0
551,2,948.0,63.0,67.0,185.0,1,1,1.0
552,2,932.0,64.0,80.0,185.0,1,1,1.0
553,2,922.0,65.0,90.0,186.0,1,1,1.0
554,2,916.0,67.0,95.0,187.0,1,1,1.0
555,2,914.0,69.0,95.0,188.0,1,1,1.0
556,2,911.0,70.0,92.0,189.0,1,1,1.0
557,2,906.0,70.0,86.0,189.0,1,1,1.0
558,2,901.0,70.0,77.0,190.0,1,1,1.0
559,2,895.0,69.0,69.0,191.0,1,1,1.0
560,2,889.0,69.0,75.0,193.0,1,1,1.0
561,2,883.0,69.0,83.0,195.0,1,1,1.0
562,2,873.0,70.0,94.0,199.0,1,1,1.0
563,2,864.0,72.0,102.0,199.0,1,1,1.0
564,2,858.0,74.0,105.0,199.0,1,1,1.0
565,2,853.0,75.0,104.0,199.0,1,1,1.0
566,2,848.0,77.0,98.0,198.0,1,1,1.0
567,2,841.0,78.0,89.0,197.0,1,1,1.0
568,2,835.0,77.0,74.0,198.0,1,1,1.0
569,2,828.0,77.0,68.0,198.0,1,1,1.0
570,2,819.0,76.0,70.0,199.0,1,1,1.0
571,2,806.0,77.0,81.0,200.0,1,1,1.0
572,2,791.0,79.0,95.0,202.0,1,1,1.0
573,2,781.0,80.0,105.0,203.0,1,1,1.0
574,2,775.0,83.0,111.0,203.0,1,1,1.0
575,2,773.0,85.0,109.0,203.0,1,1,1.0
576,2,769.0,86.0,103.0,202.0,1,1,1.0
577,2,762.0,87.0,96.0,202.0,1,1,1.0
578,2,756.0,86.0,85.0,203.0,1,1,1.0
579,2,749.0,85.0,80.0,204.0,1,1,1.0
580,2,741.0,86.0,88.0,208.0,1,1,1.0
581,2,736.0,88.0,91.0,210.0,1,1,1.0
582,2,725.0,90.0,102.0,212.0,1,1,1.0
583,2,716.0,92.0,108.0,213.0,1,1,1.0
584,2,711.0,95.0,108.0,212.0,1,1,1.0
585,2,706.0,96.0,105.0,212.0,1,1,1.0
586,2,699.0,97.0,97.0,211.0,1,1,1.0
587,2,692.0,97.0,85.0,211.0,1,1,1.0
588,2,685.0,96.0,74.0,212.0,1,1,1.0
589,2,677.0,96.0,70.0,212.0,1,1,1.0
590,2,668.0,96.0,76.0,213.0,1,1,1.0
591,2,655.0,97.0,88.0,214.0,1,1,1.0
592,2,637.0,99.0,104.0,215.0,1,1,1.0
593,2,627.0,102.0,115.0,216.0,1,1,1.0
594,2,622.0,104.0,119.0,216.0,1,1,1.0
595,2,619.0,106.0,116.0,215.0,1,1,1.0
596,2,612.0,107.0,110.0,215.0,1,1,1.0
597,2,604.0,107.0,101.0,214.0,1,1,1.0
598,2,597.0,107.0,89.0,215.0,1,1,1.0
599,2,590.0,107.0,84.0,217.0,1,1,1.0
600,2,583.0,108.0,91.0,223.0,1,1,1.0
