1,1,1548.0,494.0,54.0,142.0,1,1,1.0
1,2,1626.0,506.0,60.0,144.0,1,1,1.0
1,3,1855.0,582.0,64.0,96.0,1,1,1.0
2,1,1548.0,494.0,44.0,143.0,1,1,1.0
2,2,1622.0,507.0,61.0,145.0,1,1,1.0
2,3,1855.0,581.0,64.0,96.0,1,1,1.0
3,1,1544.0,493.0,42.0,145.0,1,1,1.0
3,2,1621.0,507.0,62.0,146.0,1,1,1.0
3,3,1854.0,581.0,64.0,96.0,1,1,1.0
4,1,1537.0,492.0,43.0,147.0,1,1,1.0
4,2,1620.0,506.0,57.0,147.0,1,1,1.0
4,3,1854.0,581.0,64.0,96.0,1,1,1.0
5,1,1527.0,492.0,52.0,148.0,1,1,1.0
5,2,1620.0,505.0,51.0,148.0,1,1,1.0
5,3,1855.0,581.0,64.0,96.0,1,1,1.0
6,1,1517.0,493.0,63.0,148.0,1,1,1.0
6,2,1620.0,503.0,41.0,149.0,1,1,1.0
6,3,1854.0,581.0,64.0,96.0,1,1,1.0
7,1,1515.0,494.0,64.0,145.0,1,1,1.0
7,2,1618.0,502.0,36.0,150.0,1,1,1.0
7,3,1854.0,581.0,64.0,96.0,1,1,1.0
8,1,1506.0,494.0,71.0,146.0,1,1,1.0
8,2,1606.0,502.0,42.0,151.0,1,1,1.0
8,3,1854.0,581.0,64.0,96.0,1,1,1.0
9,1,1501.0,493.0,71.0,148.0,1,1,1.0
9,2,1590.0,502.0,54.0,150.0,1,1,1.0
9,3,1854.0,582.0,64.0,96.0,1,1,1.0
10,1,1499.0,494.0,65.0,148.0,1,1,1.0
10,2,1577.0,504.0,65.0,149.0,1,1,1.0
10,3,1854.0,582.0,64.0,96.0,1,1,1.0
11,1,1497.0,494.0,57.0,148.0,1,1,1.0
11,2,1565.0,505.0,75.0,148.0,1,1,1.0
11,3,1855.0,582.0,64.0,96.0,1,1,1.0
12,1,1496.0,494.0,48.0,148.0,1,1,1.0
12,2,1558.0,505.0,81.0,148.0,1,1,1.0
12,3,1855.0,582.0,64.0,96.0,1,1,1.0
13,1,1491.0,494.0,46.0,148.0,1,1,1.0
13,2,1553.0,505.0,83.0,147.0,1,1,1.0
13,3,1855.0,582.0,64.0,96.0,1,1,1.0
14,1,1482.0,493.0,49.0,149.0,1,1,1.0
14,2,1551.0,503.0,79.0,149.0,1,1,1.0
14,3,1855.0,582.0,64.0,96.0,1,1,1.0
15,1,1468.0,493.0,59.0,149.0,1,1,1.0
15,2,1551.0,502.0,69.0,150.0,1,1,1.0
15,3,1855.0,582.0,64.0,96.0,1,1,1.0
16,1,1456.0,493.0,69.0,150.0,1,1,1.0
16,2,1551.0,500.0,57.0,152.0,1,1,1.0
16,3,1855.0,582.0,64.0,96.0,1,1,1.0
17,1,1449.0,494.0,74.0,149.0,1,1,1.0
17,2,1548.0,500.0,51.0,153.0,1,1,1.0
17,3,1855.0,582.0,64.0,96.0,1,1,1.0
18,1,1446.0,495.0,77.0,148.0,1,1,1.0
18,2,1542.0,500.0,49.0,154.0,1,1,1.0
18,3,1855.0,582.0,64.0,96.0,1,1,1.0
19,1,1444.0,496.0,75.0,147.0,1,1,1.0
19,2,1533.0,501.0,55.0,153.0,1,1,1.0
20,1,1444.0,496.0,68.0,147.0,1,1,1.0
20,2,1521.0,503.0,62.0,152.0,1,1,1.0
20,3,1854.0,582.0,64.0,96.0,1,1,1.0
21,1,1444.0,495.0,57.0,148.0,1,1,1.0
21,2,1510.0,504.0,70.0,151.0,1,1,1.0
21,3,1855.0,582.0,63.0,97.0,1,1,1.0
22,1,1442.0,495.0,48.0,148.0,1,1,1.0
22,2,1503.0,506.0,73.0,150.0,1,1,1.0
22,3,1856.0,582.0,63.0,97.0,1,1,1.0
23,1,1436.0,495.0,48.0,149.0,1,1,1.0
23,2,1498.0,505.0,76.0,151.0,1,1,1.0
23,3,1856.0,582.0,63.0,97.0,1,1,1.0
24,1,1429.0,495.0,53.0,150.0,1,1,1.0
24,2,1496.0,505.0,71.0,152.0,1,1,1.0
24,3,1856.0,582.0,63.0,97.0,1,1,1.0
25,1,1420.0,495.0,63.0,149.0,1,1,1.0
25,2,1496.0,504.0,61.0,153.0,1,1,1.0
25,3,1856.0,582.0,63.0,97.0,1,1,1.0
26,1,1410.0,496.0,73.0,149.0,1,1,1.0
26,2,1496.0,503.0,49.0,153.0,1,1,1.0
26,3,1856.0,582.0,63.0,98.0,1,1,1.0
27,1,1407.0,498.0,73.0,145.0,1,1,1.0
27,2,1494.0,503.0,43.0,153.0,1,1,1.0
28,1,1403.0,498.0,72.0,145.0,1,1,1.0
28,2,1482.0,503.0,48.0,154.0,1,1,1.0
29,1,1399.0,499.0,68.0,147.0,1,1,1.0
29,2,1466.0,503.0,59.0,153.0,1,1,1.0
30,1,1396.0,499.0,60.0,149.0,1,1,1.0
30,2,1452.0,504.0,69.0,155.0,1,1,1.0
31,1,1393.0,498.0,50.0,150.0,1,1,1.0
31,2,1442.0,506.0,78.0,153.0,1,1,1.0
31,3,1856.0,582.0,63.0,98.0,1,1,1.0
32,1,1391.0,497.0,44.0,152.0,1,1,1.0
32,2,1436.0,506.0,82.0,153.0,1,1,1.0
32,3,1856.0,582.0,63.0,98.0,1,1,1.0
33,1,1380.0,497.0,48.0,151.0,1,1,1.0
33,2,1434.0,506.0,81.0,155.0,1,1,1.0
33,3,1856.0,582.0,63.0,98.0,1,1,1.0
34,1,1364.0,497.0,61.0,151.0,1,1,1.0
34,2,1433.0,505.0,74.0,156.0,1,1,1.0
34,3,1856.0,582.0,63.0,98.0,1,1,1.0
35,1,1349.0,497.0,74.0,151.0,1,1,1.0
35,2,1433.0,503.0,62.0,157.0,1,1,1.0
36,1,1339.0,498.0,83.0,151.0,1,1,1.0
36,2,1433.0,502.0,49.0,162.0,1,1,1.0
37,1,1334.0,499.0,86.0,151.0,1,1,1.0
37,2,1429.0,502.0,47.0,163.0,1,1,1.0
38,1,1332.0,499.0,83.0,150.0,1,1,1.0
38,2,1418.0,503.0,55.0,163.0,1,1,1.0
39,1,1332.0,498.0,77.0,150.0,1,1,1.0
39,2,1403.0,504.0,68.0,162.0,1,1,1.0
40,1,1332.0,496.0,67.0,151.0,1,1,1.0
40,2,1390.0,506.0,80.0,160.0,1,1,1.0
41,1,1332.0,495.0,55.0,153.0,1,1,1.0
41,2,1380.0,508.0,88.0,159.0,1,1,1.0
41,3,1856.0,582.0,62.0,97.0,1,1,1.0
42,1,1326.0,495.0,50.0,155.0,1,1,1.0
42,2,1375.0,509.0,86.0,158.0,1,1,1.0
42,3,1856.0,582.0,62.0,97.0,1,1,1.0
43,1,1314.0,494.0,56.0,157.0,1,1,1.0
43,2,1373.0,509.0,79.0,158.0,1,1,1.0
43,3,1856.0,582.0,62.0,97.0,1,1,1.0
44,1,1305.0,494.0,63.0,158.0,1,1,1.0
44,2,1372.0,508.0,69.0,160.0,1,1,1.0
44,3,1856.0,582.0,62.0,97.0,1,1,1.0
45,1,1296.0,495.0,71.0,157.0,1,1,1.0
45,2,1372.0,507.0,55.0,161.0,1,1,1.0
45,3,1856.0,582.0,62.0,97.0,1,1,1.0
46,1,1288.0,496.0,76.0,157.0,1,1,1.0
46,2,1371.0,505.0,47.0,162.0,1,1,1.0
46,3,1856.0,582.0,62.0,97.0,1,1,1.0
47,1,1284.0,497.0,75.0,157.0,1,1,1.0
47,2,1359.0,505.0,52.0,163.0,1,1,1.0
47,3,1856.0,582.0,62.0,97.0,1,1,1.0
48,1,1282.0,499.0,70.0,156.0,1,1,1.0
48,2,1340.0,505.0,64.0,163.0,1,1,1.0
48,3,1856.0,582.0,62.0,97.0,1,1,1.0
49,1,1281.0,499.0,59.0,156.0,1,1,1.0
49,2,1324.0,506.0,78.0,161.0,1,1,1.0
49,3,1856.0,582.0,62.0,97.0,1,1,1.0
50,1,1280.0,498.0,49.0,157.0,1,1,1.0
50,2,1313.0,507.0,89.0,160.0,1,1,1.0
50,3,1856.0,582.0,62.0,97.0,1,1,1.0
51,1,1276.0,498.0,45.0,157.0,1,1,1.0
51,2,1305.0,508.0,96.0,160.0,1,1,1.0
51,3,1856.0,582.0,62.0,97.0,1,1,1.0
52,1,1268.0,498.0,48.0,157.0,1,1,1.0
52,2,1302.0,507.0,96.0,160.0,1,1,1.0
52,3,1856.0,582.0,62.0,97.0,1,1,1.0
53,1,1252.0,497.0,59.0,157.0,1,1,1.0
53,2,1301.0,506.0,87.0,161.0,1,1,1.0
53,3,1856.0,582.0,62.0,97.0,1,1,1.0
54,1,1237.0,498.0,73.0,157.0,1,1,1.0
54,2,1300.0,505.0,75.0,162.0,1,1,1.0
55,2,1301.0,504.0,60.0,164.0,1,1,1.0
55,3,1856.0,582.0,62.0,97.0,1,1,1.0
56,1,1223.0,499.0,84.0,156.0,1,1,1.0
56,2,1296.0,503.0,52.0,167.0,1,1,1.0
57,1,1220.0,499.0,82.0,156.0,1,1,1.0
57,2,1291.0,503.0,51.0,168.0,1,1,1.0
57,3,1856.0,582.0,62.0,97.0,1,1,1.0
58,1,1219.0,499.0,65.0,155.0,1,1,1.0
58,2,1275.0,504.0,64.0,168.0,1,1,1.0
58,3,1856.0,582.0,62.0,97.0,1,1,1.0
59,1,1218.0,498.0,54.0,155.0,1,1,1.0
59,2,1261.0,506.0,78.0,167.0,1,1,1.0
59,3,1856.0,582.0,62.0,97.0,1,1,1.0
60,1,1211.0,497.0,53.0,156.0,1,1,1.0
60,2,1249.0,507.0,87.0,166.0,1,1,1.0
60,3,1856.0,582.0,62.0,97.0,1,1,1.0
61,1,1203.0,496.0,55.0,158.0,1,1,1.0
61,2,1240.0,509.0,92.0,166.0,1,1,1.0
61,3,1856.0,582.0,62.0,97.0,1,1,1.0
62,1,1194.0,495.0,60.0,161.0,1,1,1.0
62,2,1237.0,509.0,89.0,166.0,1,1,1.0
63,1,1185.0,495.0,64.0,162.0,1,1,1.0
63,2,1236.0,508.0,79.0,167.0,1,1,1.0
64,1,1178.0,496.0,68.0,161.0,1,1,1.0
64,2,1236.0,507.0,66.0,169.0,1,1,1.0
65,1,1172.0,498.0,72.0,161.0,1,1,1.0
65,2,1235.0,505.0,51.0,170.0,1,1,1.0
66,1,1166.0,500.0,74.0,159.0,1,1,1.0
66,2,1228.0,505.0,48.0,171.0,1,1,1.0
67,1,1161.0,501.0,65.0,158.0,1,1,1.0
67,2,1214.0,505.0,55.0,170.0,1,1,1.0
68,1,1158.0,501.0,57.0,159.0,1,1,1.0
68,2,1196.0,506.0,70.0,170.0,1,1,1.0
69,1,1158.0,500.0,49.0,156.0,1,1,1.0
69,2,1179.0,508.0,86.0,168.0,1,1,1.0
69,3,1856.0,582.0,62.0,97.0,1,1,1.0
70,1,1156.0,499.0,44.0,157.0,1,1,1.0
70,2,1168.0,509.0,96.0,167.0,1,1,1.0
70,3,1856.0,582.0,62.0,98.0,1,1,1.0
71,1,1147.0,498.0,48.0,157.0,1,1,1.0
71,2,1162.0,509.0,101.0,167.0,1,1,1.0
71,3,1856.0,582.0,62.0,97.0,1,1,1.0
72,1,1130.0,498.0,65.0,158.0,1,1,1.0
72,2,1160.0,509.0,100.0,167.0,1,1,1.0
73,1,1116.0,498.0,71.0,158.0,1,1,1.0
73,2,1159.0,508.0,90.0,168.0,1,1,1.0
74,1,1107.0,499.0,74.0,158.0,1,1,1.0
74,2,1159.0,506.0,77.0,170.0,1,1,1.0
75,1,1104.0,499.0,69.0,157.0,1,1,1.0
75,2,1160.0,505.0,59.0,172.0,1,1,1.0
76,1,1103.0,499.0,59.0,157.0,1,1,1.0
76,2,1157.0,504.0,47.0,175.0,1,1,1.0
77,1,1103.0,498.0,51.0,158.0,1,1,1.0
77,2,1143.0,504.0,52.0,176.0,1,1,1.0
78,1,1096.0,497.0,51.0,160.0,1,1,1.0
78,2,1123.0,506.0,69.0,174.0,1,1,1.0
79,1,1088.0,497.0,54.0,162.0,1,1,1.0
79,2,1107.0,507.0,84.0,172.0,1,1,1.0
80,1,1079.0,496.0,58.0,165.0,1,1,1.0
80,2,1096.0,509.0,95.0,170.0,1,1,1.0
80,3,1856.0,582.0,62.0,98.0,1,1,1.0
81,1,1069.0,497.0,65.0,166.0,1,1,1.0
81,2,1088.0,510.0,100.0,169.0,1,1,1.0
82,1,1060.0,497.0,72.0,166.0,1,1,1.0
82,2,1084.0,511.0,98.0,170.0,1,1,1.0
83,1,1054.0,499.0,67.0,166.0,1,1,1.0
83,2,1083.0,510.0,85.0,171.0,1,1,1.0
84,1,1050.0,500.0,63.0,166.0,1,1,1.0
84,2,1084.0,508.0,69.0,173.0,1,1,1.0
86,1,1040.0,502.0,57.0,165.0,1,1,1.0
86,2,1078.0,506.0,48.0,175.0,1,1,1.0
87,1,1038.0,502.0,52.0,166.0,1,1,1.0
88,2,1038.0,506.0,80.0,175.0,1,1,1.0
89,1,1033.0,501.0,48.0,162.0,1,1,1.0
89,2,1023.0,508.0,93.0,173.0,1,1,1.0
90,1,1022.0,501.0,60.0,164.0,1,1,1.0
90,2,1014.0,509.0,101.0,172.0,1,1,1.0
91,1,1006.0,501.0,74.0,164.0,1,1,1.0
91,2,1008.0,510.0,106.0,172.0,1,1,1.0
92,1,994.0,503.0,85.0,163.0,1,1,1.0
92,2,1006.0,509.0,104.0,173.0,1,1,1.0
92,3,1856.0,582.0,63.0,96.0,1,1,1.0
93,1,986.0,504.0,71.0,161.0,1,1,1.0
93,2,1004.0,508.0,95.0,173.0,1,1,1.0
93,3,1856.0,582.0,63.0,96.0,1,1,1.0
94,1,982.0,504.0,60.0,162.0,1,1,1.0
94,2,1005.0,506.0,80.0,175.0,1,1,1.0
94,3,1856.0,582.0,63.0,96.0,1,1,1.0
95,1,981.0,504.0,51.0,162.0,1,1,1.0
95,2,1005.0,505.0,67.0,176.0,1,1,1.0
95,3,1856.0,582.0,63.0,96.0,1,1,1.0
96,1,980.0,504.0,42.0,162.0,1,1,1.0
96,2,997.0,505.0,57.0,177.0,1,1,1.0
96,3,1856.0,582.0,63.0,96.0,1,1,1.0
97,1,981.0,503.0,35.0,163.0,1,1,1.0
97,2,990.0,505.0,56.0,178.0,1,1,1.0
98,2,975.0,506.0,69.0,178.0,1,1,1.0
99,1,960.0,502.0,50.0,164.0,1,1,1.0
99,2,958.0,508.0,86.0,177.0,1,1,1.0
100,1,947.0,502.0,62.0,165.0,1,1,1.0
100,2,945.0,511.0,98.0,176.0,1,1,1.0
101,1,934.0,502.0,76.0,166.0,1,1,1.0
101,2,936.0,512.0,104.0,175.0,1,1,1.0
102,1,923.0,504.0,87.0,165.0,1,1,1.0
102,2,932.0,512.0,105.0,176.0,1,1,1.0
103,2,932.0,512.0,97.0,176.0,1,1,1.0
104,1,910.0,506.0,62.0,167.0,1,1,1.0
104,2,931.0,511.0,76.0,177.0,1,1,1.0
105,1,908.0,507.0,49.0,166.0,1,1,1.0
105,2,932.0,510.0,54.0,178.0,1,1,1.0
107,2,926.0,508.0,42.0,181.0,1,1,1.0
113,1,844.0,509.0,50.0,165.0,1,1,1.0
115,1,840.0,508.0,38.0,165.0,1,1,1.0
115,2,857.0,508.0,63.0,179.0,1,1,1.0
115,3,1856.0,582.0,62.0,99.0,1,1,1.0
116,1,840.0,508.0,29.0,164.0,1,1,1.0
116,2,852.0,507.0,55.0,180.0,1,1,1.0
117,2,844.0,507.0,50.0,180.0,1,1,1.0
118,2,833.0,508.0,55.0,182.0,1,1,1.0
119,2,816.0,509.0,70.0,182.0,1,1,1.0
120,2,798.0,511.0,87.0,180.0,1,1,1.0
121,2,783.0,513.0,100.0,179.0,1,1,1.0
121,3,1856.0,583.0,63.0,97.0,1,1,1.0
122,2,775.0,512.0,107.0,180.0,1,1,1.0
122,3,1856.0,583.0,63.0,97.0,1,1,1.0
123,2,773.0,513.0,103.0,181.0,1,1,1.0
123,3,1856.0,583.0,63.0,97.0,1,1,1.0
124,3,1856.0,583.0,63.0,97.0,1,1,1.0
129,2,728.0,514.0,83.0,181.0,1,1,1.0
130,2,713.0,514.0,94.0,181.0,1,1,1.0
131,2,704.0,516.0,101.0,179.0,1,1,1.0
131,3,1856.0,583.0,63.0,97.0,1,1,1.0
132,2,699.0,519.0,105.0,177.0,1,1,1.0
132,3,1856.0,583.0,63.0,97.0,1,1,1.0
133,2,696.0,518.0,106.0,179.0,1,1,1.0
133,3,1856.0,583.0,63.0,97.0,1,1,1.0
134,2,692.0,518.0,103.0,180.0,1,1,1.0
134,3,1856.0,583.0,63.0,97.0,1,1,1.0
135,2,689.0,517.0,92.0,181.0,1,1,1.0
135,3,1856.0,583.0,63.0,97.0,1,1,1.0
136,2,688.0,516.0,77.0,181.0,1,1,1.0
136,3,1856.0,583.0,63.0,97.0,1,1,1.0
137,3,1856.0,583.0,63.0,97.0,1,1,1.0
138,2,662.0,516.0,74.0,171.0,1,1,1.0
139,2,665.0,518.0,64.0,180.0,1,1,1.0
139,3,1856.0,583.0,63.0,97.0,1,1,1.0
140,2,651.0,519.0,77.0,182.0,1,1,1.0
140,3,1856.0,583.0,63.0,97.0,1,1,1.0
141,2,634.0,520.0,92.0,182.0,1,1,1.0
141,3,1855.0,582.0,63.0,97.0,1,1,1.0
142,2,622.0,522.0,103.0,182.0,1,1,1.0
142,3,1855.0,582.0,64.0,98.0,1,1,1.0
143,2,616.0,522.0,108.0,183.0,1,1,1.0
143,3,1855.0,582.0,64.0,98.0,1,1,1.0
144,2,612.0,522.0,107.0,184.0,1,1,1.0
144,3,1855.0,582.0,64.0,98.0,1,1,1.0
145,2,613.0,522.0,94.0,185.0,1,1,1.0
145,3,1855.0,582.0,64.0,98.0,1,1,1.0
146,2,612.0,526.0,81.0,181.0,1,1,1.0
146,3,1855.0,582.0,64.0,98.0,1,1,1.0
147,2,605.0,523.0,70.0,183.0,1,1,1.0
147,3,1855.0,582.0,64.0,98.0,1,1,1.0
148,3,1855.0,582.0,64.0,98.0,1,1,1.0
149,3,1855.0,582.0,64.0,98.0,1,1,1.0
150,2,580.0,525.0,73.0,182.0,1,1,1.0
150,3,1855.0,582.0,64.0,98.0,1,1,1.0
151,2,563.0,525.0,89.0,182.0,1,1,1.0
151,3,1855.0,582.0,64.0,98.0,1,1,1.0
152,2,550.0,527.0,98.0,179.0,1,1,1.0
152,3,1855.0,582.0,64.0,98.0,1,1,1.0
153,2,545.0,529.0,101.0,178.0,1,1,1.0
153,3,1855.0,582.0,64.0,98.0,1,1,1.0
154,2,542.0,529.0,100.0,177.0,1,1,1.0
154,3,1855.0,582.0,64.0,98.0,1,1,1.0
155,2,542.0,528.0,91.0,177.0,1,1,1.0
155,3,1855.0,582.0,64.0,98.0,1,1,1.0
156,3,1855.0,582.0,64.0,98.0,1,1,1.0
157,3,1855.0,582.0,64.0,98.0,1,1,1.0
158,3,1855.0,582.0,64.0,98.0,1,1,1.0
160,2,484.0,527.0,100.0,172.0,1,1,1.0
160,3,1855.0,582.0,64.0,98.0,1,1,1.0
161,2,479.0,530.0,99.0,178.0,1,1,1.0
162,2,473.0,533.0,100.0,180.0,1,1,1.0
162,3,1856.0,582.0,63.0,98.0,1,1,1.0
163,2,469.0,536.0,103.0,179.0,1,1,1.0
164,2,468.0,537.0,100.0,180.0,1,1,1.0
165,2,467.0,535.0,88.0,182.0,1,1,1.0
165,3,1856.0,582.0,62.0,99.0,1,1,1.0
166,2,465.0,536.0,77.0,181.0,1,1,1.0
166,3,1856.0,582.0,62.0,99.0,1,1,1.0
167,2,462.0,531.0,64.0,186.0,1,1,1.0
167,3,1856.0,582.0,62.0,99.0,1,1,1.0
168,3,1856.0,582.0,62.0,99.0,1,1,1.0
170,2,432.0,532.0,71.0,185.0,1,1,1.0
170,3,1856.0,582.0,62.0,98.0,1,1,1.0
171,2,416.0,531.0,85.0,186.0,1,1,1.0
171,3,1856.0,582.0,62.0,99.0,1,1,1.0
172,2,404.0,535.0,95.0,182.0,1,1,1.0
173,2,398.0,536.0,100.0,181.0,1,1,1.0
173,3,1856.0,582.0,62.0,99.0,1,1,1.0
174,2,394.0,538.0,100.0,180.0,1,1,1.0
174,3,1856.0,582.0,62.0,99.0,1,1,1.0
175,2,388.0,539.0,96.0,179.0,1,1,1.0
175,3,1856.0,582.0,62.0,99.0,1,1,1.0
177,2,384.0,537.0,70.0,180.0,1,1,1.0
177,3,1856.0,582.0,62.0,99.0,1,1,1.0
180,2,360.0,544.0,71.0,178.0,1,1,1.0
181,2,343.0,544.0,86.0,181.0,1,1,1.0
182,2,331.0,542.0,96.0,183.0,1,1,1.0
183,2,324.0,545.0,100.0,181.0,1,1,1.0
184,2,321.0,545.0,101.0,182.0,1,1,1.0
184,3,1856.0,582.0,63.0,99.0,1,1,1.0
185,2,319.0,541.0,95.0,186.0,1,1,1.0
185,3,1856.0,582.0,63.0,99.0,1,1,1.0
186,2,318.0,542.0,84.0,186.0,1,1,1.0
186,3,1856.0,582.0,63.0,99.0,1,1,1.0
187,2,316.0,542.0,70.0,186.0,1,1,1.0
187,3,1856.0,582.0,63.0,99.0,1,1,1.0
189,2,284.0,538.0,83.0,173.0,1,1,1.0
190,2,277.0,539.0,86.0,168.0,1,1,1.0
191,2,272.0,539.0,85.0,167.0,1,1,1.0
192,2,262.0,542.0,91.0,177.0,1,1,1.0
193,2,251.0,545.0,101.0,179.0,1,1,1.0
194,2,243.0,546.0,107.0,180.0,1,1,1.0
195,2,239.0,546.0,106.0,180.0,1,1,1.0
196,2,245.0,545.0,89.0,180.0,1,1,1.0
196,3,1856.0,582.0,63.0,99.0,1,1,1.0
197,3,1856.0,582.0,63.0,99.0,1,1,1.0
198,2,241.0,543.0,68.0,181.0,1,1,1.0
199,2,239.0,542.0,57.0,183.0,1,1,1.0
199,3,1856.0,582.0,63.0,99.0,1,1,1.0
200,2,232.0,543.0,58.0,184.0,1,1,1.0
201,2,223.0,545.0,64.0,183.0,1,1,1.0
202,2,210.0,546.0,76.0,181.0,1,1,1.0
203,2,199.0,546.0,86.0,181.0,1,1,1.0
204,2,193.0,545.0,91.0,183.0,1,1,1.0
205,2,189.0,547.0,91.0,182.0,1,1,1.0
205,3,1856.0,582.0,63.0,99.0,1,1,1.0
206,3,1856.0,582.0,63.0,99.0,1,1,1.0
207,2,185.0,547.0,73.0,182.0,1,1,1.0
207,3,1856.0,582.0,63.0,99.0,1,1,1.0
208,3,1856.0,582.0,63.0,99.0,1,1,1.0
209,2,176.0,548.0,52.0,181.0,1,1,1.0
209,3,1856.0,582.0,63.0,98.0,1,1,1.0
210,2,166.0,547.0,56.0,181.0,1,1,1.0
210,3,1856.0,582.0,63.0,99.0,1,1,1.0
211,2,156.0,548.0,64.0,181.0,1,1,1.0
211,3,1856.0,582.0,63.0,98.0,1,1,1.0
212,2,146.0,544.0,73.0,184.0,1,1,1.0
212,3,1856.0,582.0,63.0,99.0,1,1,1.0
213,2,131.0,565.0,87.0,163.0,1,1,1.0
213,3,1856.0,582.0,63.0,98.0,1,1,1.0
214,2,125.0,574.0,92.0,155.0,1,1,1.0
214,3,1856.0,582.0,63.0,98.0,1,1,1.0
215,2,120.0,578.0,96.0,151.0,1,1,1.0
215,3,1856.0,582.0,63.0,98.0,1,1,1.0
216,2,121.0,578.0,89.0,149.0,1,1,1.0
216,3,1856.0,582.0,63.0,99.0,1,1,1.0
217,3,1856.0,582.0,63.0,99.0,1,1,1.0
218,3,1856.0,582.0,63.0,99.0,1,1,1.0
219,3,1856.0,582.0,63.0,99.0,1,1,1.0
220,3,1856.0,582.0,63.0,99.0,1,1,1.0
221,3,1856.0,583.0,63.0,98.0,1,1,1.0
222,2,97.0,552.0,70.0,176.0,1,1,1.0
222,3,1856.0,583.0,63.0,97.0,1,1,1.0
223,2,87.0,553.0,77.0,174.0,1,1,1.0
223,3,1856.0,583.0,63.0,97.0,1,1,1.0
224,3,1856.0,583.0,63.0,97.0,1,1,1.0
225,2,80.0,556.0,81.0,172.0,1,1,1.0
225,3,1856.0,583.0,63.0,97.0,1,1,1.0
226,3,1856.0,583.0,63.0,98.0,1,1,1.0
227,3,1856.0,583.0,63.0,98.0,1,1,1.0
228,3,1856.0,583.0,63.0,98.0,1,1,1.0
229,3,1856.0,583.0,63.0,98.0,1,1,1.0
230,3,1856.0,583.0,63.0,98.0,1,1,1.0
231,3,1856.0,582.0,63.0,98.0,1,1,1.0
232,2,50.0,557.0,57.0,169.0,1,1,1.0
232,3,1856.0,583.0,63.0,98.0,1,1,1.0
233,3,1856.0,583.0,63.0,98.0,1,1,1.0
234,3,1856.0,583.0,63.0,98.0,1,1,1.0
235,3,1856.0,583.0,63.0,97.0,1,1,1.0
236,3,1856.0,583.0,63.0,97.0,1,1,1.0
237,2,19.0,556.0,74.0,169.0,1,1,1.0
237,3,1856.0,583.0,63.0,97.0,1,1,1.0
238,3,1856.0,582.0,63.0,97.0,1,1,1.0
239,2,9.0,550.0,69.0,172.0,1,1,1.0
239,3,1856.0,583.0,63.0,97.0,1,1,1.0
240,3,1856.0,583.0,63.0,97.0,1,1,1.0
241,2,12.0,551.0,53.0,172.0,1,1,1.0
241,3,1856.0,582.0,63.0,97.0,1,1,1.0
242,2,13.0,553.0,50.0,172.0,1,1,1.0
242,3,1856.0,582.0,62.0,97.0,1,1,1.0
243,2,8.0,554.0,54.0,171.0,1,1,1.0
243,3,1856.0,582.0,62.0,97.0,1,1,1.0
244,2,1.0,554.0,61.0,171.0,1,1,1.0
244,3,1856.0,582.0,63.0,98.0,1,1,1.0
245,2,0.0,556.0,64.0,168.0,1,1,1.0
245,3,1856.0,582.0,63.0,98.0,1,1,1.0
246,2,0.0,557.0,64.0,168.0,1,1,1.0
246,3,1856.0,582.0,63.0,98.0,1,1,1.0
247,2,0.0,558.0,63.0,168.0,1,1,1.0
247,3,1856.0,582.0,63.0,98.0,1,1,1.0
248,3,1856.0,582.0,62.0,98.0,1,1,1.0
249,3,1856.0,582.0,62.0,98.0,1,1,1.0
250,2,0.0,563.0,41.0,163.0,1,1,1.0
250,3,1856.0,582.0,62.0,98.0,1,1,1.0
251,3,1856.0,582.0,62.0,98.0,1,1,1.0
252,3,1856.0,582.0,62.0,98.0,1,1,1.0
253,3,1856.0,582.0,62.0,98.0,1,1,1.0
254,3,1856.0,582.0,62.0,98.0,1,1,1.0
255,3,1856.0,582.0,62.0,98.0,1,1,1.0
256,3,1856.0,582.0,62.0,98.0,1,1,1.0
257,3,1856.0,582.0,62.0,98.0,1,1,1.0
258,3,1856.0,582.0,62.0,98.0,1,1,1.0
259,3,1856.0,582.0,62.0,98.0,1,1,1.0
260,3,1856.0,582.0,62.0,98.0,1,1,1.0
261,3,1856.0,582.0,62.0,98.0,1,1,1.0
262,3,1856.0,582.0,62.0,98.0,1,1,1.0
263,3,1856.0,582.0,63.0,97.0,1,1,1.0
264,3,1856.0,582.0,63.0,98.0,1,1,1.0
265,3,1856.0,582.0,62.0,98.0,1,1,1.0
266,3,1856.0,582.0,62.0,98.0,1,1,1.0
267,3,1856.0,582.0,62.0,98.0,1,1,1.0
268,3,1856.0,582.0,62.0,98.0,1,1,1.0
269,3,1856.0,582.0,62.0,98.0,1,1,1.0
270,3,1856.0,582.0,63.0,98.0,1,1,1.0
271,3,1856.0,582.0,63.0,98.0,1,1,1.0
272,3,1856.0,582.0,63.0,98.0,1,1,1.0
273,3,1856.0,582.0,62.0,98.0,1,1,1.0
274,3,1856.0,582.0,62.0,98.0,1,1,1.0
275,3,1856.0,582.0,62.0,98.0,1,1,1.0
276,3,1856.0,582.0,62.0,98.0,1,1,1.0
277,3,1856.0,582.0,62.0,98.0,1,1,1.0
278,3,1856.0,582.0,62.0,98.0,1,1,1.0
279,3,1856.0,582.0,62.0,98.0,1,1,1.0
280,3,1856.0,582.0,62.0,98.0,1,1,1.0
281,3,1856.0,582.0,62.0,98.0,1,1,1.0
282,3,1856.0,582.0,62.0,98.0,1,1,1.0
283,3,1856.0,582.0,62.0,97.0,1,1,1.0
284,3,1856.0,582.0,62.0,97.0,1,1,1.0
285,3,1856.0,582.0,62.0,97.0,1,1,1.0
286,3,1856.0,582.0,62.0,97.0,1,1,1.0
287,3,1856.0,582.0,62.0,97.0,1,1,1.0
288,3,1856.0,582.0,62.0,97.0,1,1,1.0
289,3,1856.0,582.0,62.0,97.0,1,1,1.0
290,3,1856.0,582.0,62.0,97.0,1,1,1.0
291,3,1856.0,582.0,62.0,97.0,1,1,1.0
292,3,1856.0,582.0,62.0,97.0,1,1,1.0
293,3,1856.0,582.0,62.0,97.0,1,1,1.0
294,3,1856.0,582.0,62.0,97.0,1,1,1.0
295,3,1856.0,582.0,63.0,97.0,1,1,1.0
296,3,1856.0,582.0,63.0,98.0,1,1,1.0
297,3,1856.0,582.0,63.0,98.0,1,1,1.0
298,3,1856.0,582.0,63.0,98.0,1,1,1.0
299,3,1856.0,582.0,63.0,98.0,1,1,1.0
300,3,1856.0,582.0,63.0,97.0,1,1,1.0
301,3,1856.0,582.0,62.0,100.0,1,1,1.0
302,3,1856.0,582.0,62.0,101.0,1,1,1.0
303,3,1856.0,582.0,62.0,102.0,1,1,1.0
304,3,1856.0,582.0,62.0,102.0,1,1,1.0
305,4,0.0,535.0,44.0,155.0,1,1,1.0
305,3,1856.0,582.0,62.0,102.0,1,1,1.0
306,4,0.0,534.0,44.0,156.0,1,1,1.0
306,3,1856.0,582.0,62.0,101.0,1,1,1.0
307,4,0.0,531.0,45.0,158.0,1,1,1.0
307,3,1856.0,582.0,62.0,101.0,1,1,1.0
308,4,0.0,530.0,44.0,159.0,1,1,1.0
308,3,1856.0,582.0,62.0,101.0,1,1,1.0
309,4,0.0,529.0,44.0,160.0,1,1,1.0
309,3,1857.0,582.0,62.0,101.0,1,1,1.0
310,4,0.0,529.0,45.0,160.0,1,1,1.0
310,3,1857.0,582.0,62.0,101.0,1,1,1.0
311,4,1.0,529.0,45.0,160.0,1,1,1.0
311,3,1857.0,582.0,62.0,101.0,1,1,1.0
312,3,1857.0,582.0,62.0,101.0,1,1,1.0
313,4,5.0,529.0,67.0,161.0,1,1,1.0
313,3,1856.0,582.0,62.0,101.0,1,1,1.0
314,3,1856.0,582.0,62.0,101.0,1,1,1.0
315,4,17.0,529.0,70.0,160.0,1,1,1.0
315,3,1856.0,582.0,62.0,101.0,1,1,1.0
316,4,20.0,528.0,72.0,160.0,1,1,1.0
316,3,1856.0,582.0,62.0,101.0,1,1,1.0
317,4,23.0,526.0,71.0,161.0,1,1,1.0
317,3,1856.0,582.0,62.0,101.0,1,1,1.0
318,4,30.0,524.0,65.0,160.0,1,1,1.0
318,3,1856.0,582.0,62.0,101.0,1,1,1.0
319,4,37.0,522.0,57.0,160.0,1,1,1.0
319,3,1856.0,582.0,62.0,101.0,1,1,1.0
320,4,42.0,521.0,51.0,158.0,1,1,1.0
320,3,1856.0,582.0,62.0,101.0,1,1,1.0
321,4,45.0,521.0,53.0,157.0,1,1,1.0
321,3,1856.0,582.0,63.0,99.0,1,1,1.0
322,4,46.0,521.0,56.0,156.0,1,1,1.0
322,3,1856.0,582.0,63.0,98.0,1,1,1.0
323,3,1856.0,582.0,63.0,98.0,1,1,1.0
324,4,60.0,519.0,66.0,157.0,1,1,1.0
324,3,1856.0,582.0,63.0,98.0,1,1,1.0
325,4,65.0,518.0,73.0,158.0,1,1,1.0
325,3,1856.0,582.0,63.0,98.0,1,1,1.0
326,4,69.0,518.0,75.0,158.0,1,1,1.0
326,3,1856.0,582.0,63.0,98.0,1,1,1.0
327,4,73.0,516.0,75.0,158.0,1,1,1.0
327,3,1856.0,582.0,63.0,98.0,1,1,1.0
328,4,79.0,518.0,70.0,155.0,1,1,1.0
328,3,1856.0,582.0,63.0,98.0,1,1,1.0
329,4,87.0,519.0,63.0,153.0,1,1,1.0
329,3,1856.0,582.0,63.0,98.0,1,1,1.0
330,4,98.0,518.0,52.0,153.0,1,1,1.0
330,3,1856.0,582.0,63.0,98.0,1,1,1.0
331,4,104.0,516.0,46.0,155.0,1,1,1.0
331,3,1856.0,582.0,63.0,98.0,1,1,1.0
332,3,1856.0,582.0,63.0,98.0,1,1,1.0
333,3,1856.0,582.0,63.0,98.0,1,1,1.0
334,4,117.0,515.0,61.0,156.0,1,1,1.0
334,3,1856.0,582.0,63.0,98.0,1,1,1.0
335,4,122.0,516.0,65.0,155.0,1,1,1.0
335,3,1856.0,582.0,63.0,98.0,1,1,1.0
336,4,124.0,516.0,69.0,154.0,1,1,1.0
336,3,1856.0,582.0,63.0,98.0,1,1,1.0
337,4,126.0,516.0,69.0,154.0,1,1,1.0
337,3,1856.0,582.0,63.0,98.0,1,1,1.0
338,4,131.0,514.0,65.0,154.0,1,1,1.0
338,3,1856.0,582.0,63.0,98.0,1,1,1.0
339,4,136.0,511.0,61.0,154.0,1,1,1.0
339,3,1856.0,582.0,63.0,98.0,1,1,1.0
340,3,1856.0,582.0,63.0,98.0,1,1,1.0
341,3,1856.0,582.0,62.0,97.0,1,1,1.0
342,3,1856.0,582.0,61.0,96.0,1,1,1.0
343,3,1856.0,582.0,61.0,96.0,1,1,1.0
344,3,1856.0,582.0,61.0,96.0,1,1,1.0
345,4,164.0,504.0,76.0,155.0,1,1,1.0
345,3,1856.0,582.0,62.0,96.0,1,1,1.0
346,4,169.0,505.0,76.0,154.0,1,1,1.0
346,3,1856.0,582.0,62.0,97.0,1,1,1.0
347,4,173.0,506.0,74.0,152.0,1,1,1.0
347,3,1856.0,582.0,62.0,97.0,1,1,1.0
348,4,177.0,504.0,71.0,152.0,1,1,1.0
348,3,1856.0,582.0,62.0,97.0,1,1,1.0
349,4,183.0,508.0,65.0,147.0,1,1,1.0
349,3,1856.0,582.0,62.0,97.0,1,1,1.0
350,4,194.0,506.0,54.0,148.0,1,1,1.0
350,3,1856.0,582.0,61.0,97.0,1,1,1.0
351,3,1856.0,582.0,61.0,97.0,1,1,1.0
352,3,1856.0,582.0,61.0,97.0,1,1,1.0
353,3,1856.0,582.0,61.0,97.0,1,1,1.0
354,4,216.0,499.0,55.0,155.0,1,1,1.0
354,3,1856.0,582.0,61.0,97.0,1,1,1.0
355,3,1856.0,582.0,62.0,97.0,1,1,1.0
356,4,221.0,495.0,67.0,159.0,1,1,1.0
356,3,1856.0,582.0,62.0,97.0,1,1,1.0
357,4,224.0,504.0,69.0,149.0,1,1,1.0
357,3,1856.0,582.0,62.0,97.0,1,1,1.0
358,4,226.0,503.0,70.0,150.0,1,1,1.0
358,3,1856.0,582.0,62.0,97.0,1,1,1.0
359,4,229.0,497.0,66.0,154.0,1,1,1.0
359,3,1856.0,582.0,62.0,97.0,1,1,1.0
360,4,234.0,496.0,62.0,151.0,1,1,1.0
360,3,1856.0,582.0,61.0,97.0,1,1,1.0
361,4,237.0,496.0,65.0,149.0,1,1,1.0
361,3,1856.0,582.0,63.0,98.0,1,1,1.0
362,4,239.0,496.0,64.0,147.0,1,1,1.0
362,3,1855.0,582.0,63.0,98.0,1,1,1.0
363,4,248.0,494.0,56.0,149.0,1,1,1.0
363,3,1855.0,582.0,63.0,98.0,1,1,1.0
364,4,259.0,493.0,53.0,150.0,1,1,1.0
364,3,1855.0,582.0,63.0,98.0,1,1,1.0
365,4,266.0,494.0,60.0,149.0,1,1,1.0
365,3,1855.0,582.0,63.0,98.0,1,1,1.0
366,4,270.0,490.0,67.0,153.0,1,1,1.0
366,3,1855.0,582.0,63.0,99.0,1,1,1.0
367,4,271.0,488.0,73.0,155.0,1,1,1.0
367,3,1855.0,582.0,63.0,99.0,1,1,1.0
368,4,272.0,487.0,75.0,155.0,1,1,1.0
368,3,1855.0,582.0,63.0,99.0,1,1,1.0
369,4,274.0,490.0,75.0,151.0,1,1,1.0
369,3,1855.0,582.0,63.0,99.0,1,1,1.0
370,4,277.0,489.0,73.0,150.0,1,1,1.0
370,3,1855.0,582.0,63.0,99.0,1,1,1.0
371,4,283.0,487.0,67.0,150.0,1,1,1.0
371,3,1855.0,582.0,63.0,99.0,1,1,1.0
372,4,287.0,486.0,63.0,151.0,1,1,1.0
372,3,1855.0,582.0,63.0,99.0,1,1,1.0
373,4,294.0,486.0,56.0,150.0,1,1,1.0
373,3,1855.0,582.0,63.0,99.0,1,1,1.0
374,4,304.0,487.0,46.0,149.0,1,1,1.0
374,3,1855.0,582.0,63.0,99.0,1,1,1.0
375,4,314.0,484.0,40.0,152.0,1,1,1.0
375,3,1855.0,582.0,63.0,99.0,1,1,1.0
376,4,318.0,484.0,47.0,153.0,1,1,1.0
376,3,1855.0,582.0,63.0,99.0,1,1,1.0
377,4,322.0,484.0,54.0,153.0,1,1,1.0
377,3,1855.0,582.0,63.0,98.0,1,1,1.0
378,4,324.0,483.0,61.0,153.0,1,1,1.0
378,3,1855.0,582.0,63.0,98.0,1,1,1.0
379,4,325.0,484.0,67.0,152.0,1,1,1.0
379,3,1855.0,582.0,63.0,99.0,1,1,1.0
380,4,326.0,485.0,69.0,151.0,1,1,1.0
380,3,1855.0,582.0,63.0,98.0,1,1,1.0
382,4,336.0,480.0,61.0,153.0,1,1,1.0
382,3,1856.0,582.0,63.0,97.0,1,1,1.0
383,4,344.0,479.0,54.0,151.0,1,1,1.0
383,3,1856.0,583.0,62.0,98.0,1,1,1.0
384,4,354.0,481.0,46.0,147.0,1,1,1.0
384,3,1856.0,582.0,62.0,98.0,1,1,1.0
385,4,362.0,479.0,41.0,146.0,1,1,1.0
385,3,1856.0,582.0,62.0,98.0,1,1,1.0
386,4,367.0,480.0,41.0,145.0,1,1,1.0
386,3,1856.0,582.0,62.0,98.0,1,1,1.0
387,4,370.0,481.0,50.0,145.0,1,1,1.0
388,4,372.0,482.0,60.0,144.0,1,1,1.0
389,4,373.0,481.0,70.0,145.0,1,1,1.0
390,4,373.0,482.0,76.0,144.0,1,1,1.0
391,4,375.0,482.0,76.0,144.0,1,1,1.0
391,3,1856.0,582.0,62.0,98.0,1,1,1.0
392,4,377.0,480.0,74.0,147.0,1,1,1.0
393,4,385.0,476.0,66.0,150.0,1,1,1.0
394,4,393.0,476.0,59.0,151.0,1,1,1.0
396,4,412.0,481.0,44.0,145.0,1,1,1.0
396,3,1856.0,582.0,62.0,98.0,1,1,1.0
397,4,419.0,474.0,45.0,153.0,1,1,1.0
398,4,423.0,471.0,45.0,156.0,1,1,1.0
399,4,425.0,470.0,51.0,157.0,1,1,1.0
400,4,426.0,470.0,58.0,157.0,1,1,1.0
400,3,1856.0,582.0,62.0,98.0,1,1,1.0
401,4,428.0,470.0,61.0,158.0,1,1,1.0
401,3,1856.0,582.0,63.0,100.0,1,1,1.0
402,4,431.0,469.0,61.0,159.0,1,1,1.0
402,3,1856.0,582.0,63.0,100.0,1,1,1.0
403,4,434.0,468.0,58.0,159.0,1,1,1.0
403,3,1856.0,582.0,63.0,100.0,1,1,1.0
404,4,439.0,467.0,53.0,149.0,1,1,1.0
404,3,1856.0,582.0,63.0,100.0,1,1,1.0
405,4,449.0,467.0,45.0,144.0,1,1,1.0
405,3,1856.0,582.0,63.0,101.0,1,1,1.0
406,4,457.0,466.0,42.0,142.0,1,1,1.0
406,3,1856.0,582.0,62.0,101.0,1,1,1.0
407,4,464.0,466.0,40.0,141.0,1,1,1.0
407,3,1856.0,582.0,62.0,100.0,1,1,1.0
408,4,468.0,465.0,47.0,143.0,1,1,1.0
408,3,1856.0,582.0,62.0,101.0,1,1,1.0
409,4,469.0,464.0,57.0,143.0,1,1,1.0
409,3,1856.0,582.0,62.0,101.0,1,1,1.0
410,4,470.0,465.0,66.0,142.0,1,1,1.0
410,3,1856.0,582.0,63.0,101.0,1,1,1.0
411,4,471.0,465.0,70.0,142.0,1,1,1.0
411,3,1856.0,582.0,63.0,101.0,1,1,1.0
412,4,472.0,465.0,71.0,141.0,1,1,1.0
412,3,1856.0,582.0,63.0,101.0,1,1,1.0
413,4,476.0,464.0,67.0,141.0,1,1,1.0
413,3,1856.0,582.0,63.0,101.0,1,1,1.0
414,4,483.0,463.0,60.0,139.0,1,1,1.0
414,3,1856.0,582.0,63.0,101.0,1,1,1.0
415,4,492.0,461.0,51.0,140.0,1,1,1.0
415,3,1856.0,582.0,63.0,101.0,1,1,1.0
416,4,501.0,461.0,44.0,139.0,1,1,1.0
416,3,1856.0,582.0,63.0,101.0,1,1,1.0
417,4,508.0,460.0,42.0,140.0,1,1,1.0
417,3,1856.0,582.0,63.0,101.0,1,1,1.0
418,4,513.0,458.0,45.0,142.0,1,1,1.0
418,3,1856.0,582.0,63.0,101.0,1,1,1.0
419,4,515.0,458.0,47.0,141.0,1,1,1.0
419,3,1856.0,582.0,63.0,101.0,1,1,1.0
420,4,517.0,459.0,52.0,140.0,1,1,1.0
420,3,1856.0,582.0,63.0,101.0,1,1,1.0
421,4,517.0,460.0,57.0,139.0,1,1,1.0
421,3,1856.0,582.0,62.0,98.0,1,1,1.0
422,4,520.0,461.0,59.0,138.0,1,1,1.0
422,3,1856.0,582.0,62.0,97.0,1,1,1.0
423,4,521.0,458.0,59.0,141.0,1,1,1.0
423,3,1857.0,582.0,62.0,96.0,1,1,1.0
424,4,525.0,457.0,56.0,140.0,1,1,1.0
424,3,1857.0,582.0,62.0,96.0,1,1,1.0
425,4,532.0,455.0,49.0,140.0,1,1,1.0
425,3,1857.0,582.0,62.0,96.0,1,1,1.0
426,4,540.0,454.0,42.0,138.0,1,1,1.0
426,3,1857.0,582.0,62.0,96.0,1,1,1.0
427,4,547.0,454.0,43.0,137.0,1,1,1.0
427,3,1857.0,582.0,62.0,96.0,1,1,1.0
429,4,555.0,455.0,44.0,134.0,1,1,1.0
429,3,1857.0,582.0,62.0,96.0,1,1,1.0
430,3,1857.0,582.0,62.0,96.0,1,1,1.0
431,4,555.0,455.0,60.0,133.0,1,1,1.0
432,4,559.0,455.0,60.0,134.0,1,1,1.0
432,3,1857.0,582.0,62.0,96.0,1,1,1.0
433,4,561.0,454.0,60.0,134.0,1,1,1.0
434,4,563.0,454.0,59.0,135.0,1,1,1.0
434,3,1857.0,582.0,62.0,96.0,1,1,1.0
435,4,567.0,453.0,55.0,134.0,1,1,1.0
435,3,1857.0,582.0,62.0,96.0,1,1,1.0
436,4,573.0,451.0,51.0,133.0,1,1,1.0
436,3,1857.0,582.0,62.0,96.0,1,1,1.0
437,4,580.0,452.0,48.0,132.0,1,1,1.0
437,3,1857.0,582.0,62.0,95.0,1,1,1.0
440,3,1857.0,582.0,62.0,96.0,1,1,1.0
441,4,596.0,452.0,48.0,131.0,1,1,1.0
441,3,1857.0,582.0,61.0,97.0,1,1,1.0
442,4,598.0,453.0,49.0,130.0,1,1,1.0
442,5,623.0,451.0,39.0,121.0,1,1,1.0
442,3,1857.0,583.0,60.0,98.0,1,1,1.0
443,4,599.0,453.0,52.0,130.0,1,1,1.0
443,5,626.0,451.0,37.0,122.0,1,1,1.0
443,3,1857.0,583.0,60.0,98.0,1,1,1.0
444,4,601.0,452.0,53.0,130.0,1,1,1.0
444,5,627.0,449.0,36.0,125.0,1,1,1.0
444,3,1857.0,583.0,60.0,98.0,1,1,1.0
445,4,605.0,451.0,46.0,129.0,1,1,1.0
445,5,628.0,449.0,36.0,124.0,1,1,1.0
445,3,1857.0,583.0,60.0,98.0,1,1,1.0
446,4,610.0,450.0,42.0,128.0,1,1,1.0
446,5,637.0,449.0,34.0,123.0,1,1,1.0
446,3,1857.0,583.0,60.0,98.0,1,1,1.0
447,4,617.0,449.0,38.0,128.0,1,1,1.0
447,5,640.0,448.0,39.0,123.0,1,1,1.0
447,3,1857.0,583.0,60.0,98.0,1,1,1.0
448,4,619.0,449.0,37.0,128.0,1,1,1.0
448,5,644.0,449.0,46.0,122.0,1,1,1.0
448,3,1857.0,582.0,60.0,98.0,1,1,1.0
449,4,623.0,448.0,38.0,128.0,1,1,1.0
449,5,642.0,450.0,56.0,123.0,1,1,1.0
449,3,1857.0,582.0,60.0,98.0,1,1,1.0
450,4,625.0,447.0,44.0,128.0,1,1,1.0
450,5,649.0,451.0,56.0,122.0,1,1,1.0
450,3,1857.0,582.0,60.0,98.0,1,1,1.0
451,4,626.0,448.0,51.0,127.0,1,1,1.0
451,5,657.0,452.0,51.0,120.0,1,1,1.0
451,3,1857.0,582.0,60.0,97.0,1,1,1.0
452,4,627.0,449.0,56.0,127.0,1,1,1.0
452,5,662.0,452.0,48.0,119.0,1,1,1.0
452,3,1857.0,582.0,60.0,97.0,1,1,1.0
453,4,627.0,448.0,58.0,127.0,1,1,1.0
453,5,667.0,452.0,44.0,119.0,1,1,1.0
453,3,1857.0,582.0,60.0,97.0,1,1,1.0
454,4,630.0,448.0,57.0,127.0,1,1,1.0
454,5,672.0,450.0,39.0,120.0,1,1,1.0
454,3,1857.0,583.0,60.0,97.0,1,1,1.0
455,4,635.0,448.0,52.0,127.0,1,1,1.0
455,5,675.0,450.0,36.0,121.0,1,1,1.0
455,3,1857.0,583.0,60.0,97.0,1,1,1.0
456,4,641.0,448.0,45.0,127.0,1,1,1.0
456,5,680.0,449.0,35.0,121.0,1,1,1.0
456,3,1857.0,583.0,60.0,97.0,1,1,1.0
457,4,647.0,448.0,39.0,127.0,1,1,1.0
457,5,685.0,449.0,36.0,121.0,1,1,1.0
457,3,1857.0,583.0,60.0,97.0,1,1,1.0
458,4,653.0,447.0,34.0,128.0,1,1,1.0
458,5,687.0,449.0,45.0,121.0,1,1,1.0
458,3,1857.0,583.0,60.0,97.0,1,1,1.0
459,4,656.0,446.0,32.0,129.0,1,1,1.0
459,5,688.0,450.0,54.0,121.0,1,1,1.0
459,3,1857.0,582.0,60.0,97.0,1,1,1.0
460,5,687.0,450.0,63.0,120.0,1,1,1.0
460,3,1857.0,582.0,60.0,97.0,1,1,1.0
461,4,662.0,447.0,36.0,127.0,1,1,1.0
461,5,690.0,451.0,63.0,120.0,1,1,1.0
462,4,663.0,447.0,41.0,128.0,1,1,1.0
462,5,692.0,452.0,63.0,120.0,1,1,1.0
463,4,663.0,448.0,45.0,127.0,1,1,1.0
463,5,699.0,451.0,56.0,120.0,1,1,1.0
464,4,663.0,449.0,51.0,126.0,1,1,1.0
464,5,708.0,451.0,47.0,120.0,1,1,1.0
465,4,663.0,450.0,59.0,125.0,1,1,1.0
465,5,712.0,451.0,45.0,121.0,1,1,1.0
466,4,664.0,451.0,65.0,124.0,1,1,1.0
466,5,718.0,450.0,49.0,123.0,1,1,1.0
467,4,664.0,451.0,69.0,125.0,1,1,1.0
467,5,722.0,450.0,52.0,124.0,1,1,1.0
468,4,665.0,452.0,69.0,125.0,1,1,1.0
468,5,725.0,451.0,56.0,124.0,1,1,1.0
469,4,669.0,452.0,66.0,125.0,1,1,1.0
469,5,729.0,453.0,58.0,124.0,1,1,1.0
470,4,676.0,451.0,58.0,126.0,1,1,1.0
470,5,732.0,454.0,57.0,124.0,1,1,1.0
471,4,685.0,450.0,50.0,127.0,1,1,1.0
471,5,735.0,455.0,55.0,124.0,1,1,1.0
472,4,695.0,450.0,41.0,128.0,1,1,1.0
472,5,738.0,455.0,51.0,124.0,1,1,1.0
473,4,703.0,449.0,36.0,129.0,1,1,1.0
473,5,742.0,455.0,47.0,124.0,1,1,1.0
474,4,707.0,450.0,36.0,130.0,1,1,1.0
474,5,746.0,454.0,44.0,125.0,1,1,1.0
475,4,710.0,451.0,39.0,130.0,1,1,1.0
475,5,750.0,454.0,42.0,125.0,1,1,1.0
476,4,712.0,452.0,44.0,131.0,1,1,1.0
476,5,754.0,454.0,40.0,125.0,1,1,1.0
477,4,713.0,453.0,47.0,130.0,1,1,1.0
477,5,757.0,454.0,42.0,125.0,1,1,1.0
478,4,715.0,454.0,49.0,130.0,1,1,1.0
478,5,760.0,455.0,47.0,126.0,1,1,1.0
479,4,717.0,454.0,50.0,131.0,1,1,1.0
479,5,761.0,455.0,53.0,126.0,1,1,1.0
480,4,722.0,454.0,46.0,133.0,1,1,1.0
480,5,761.0,456.0,56.0,127.0,1,1,1.0
481,4,729.0,453.0,41.0,134.0,1,1,1.0
481,5,763.0,457.0,56.0,128.0,1,1,1.0
482,4,733.0,452.0,39.0,135.0,1,1,1.0
482,5,765.0,457.0,55.0,128.0,1,1,1.0
483,4,737.0,452.0,36.0,134.0,1,1,1.0
483,5,770.0,456.0,50.0,128.0,1,1,1.0
484,4,741.0,452.0,36.0,135.0,1,1,1.0
484,5,777.0,456.0,46.0,128.0,1,1,1.0
485,4,744.0,453.0,40.0,134.0,1,1,1.0
485,5,783.0,456.0,44.0,128.0,1,1,1.0
486,4,745.0,453.0,46.0,134.0,1,1,1.0
486,5,787.0,456.0,44.0,129.0,1,1,1.0
487,4,746.0,455.0,53.0,134.0,1,1,1.0
487,5,791.0,456.0,45.0,132.0,1,1,1.0
488,4,747.0,456.0,58.0,133.0,1,1,1.0
488,5,793.0,458.0,47.0,132.0,1,1,1.0
489,4,749.0,457.0,58.0,134.0,1,1,1.0
489,5,795.0,459.0,50.0,131.0,1,1,1.0
490,4,750.0,457.0,58.0,134.0,1,1,1.0
490,5,799.0,460.0,50.0,132.0,1,1,1.0
491,4,753.0,456.0,56.0,135.0,1,1,1.0
491,5,802.0,461.0,51.0,133.0,1,1,1.0
492,4,758.0,456.0,51.0,135.0,1,1,1.0
492,5,804.0,462.0,51.0,132.0,1,1,1.0
493,4,764.0,455.0,46.0,136.0,1,1,1.0
493,5,810.0,462.0,49.0,133.0,1,1,1.0
494,4,770.0,455.0,42.0,137.0,1,1,1.0
494,5,814.0,462.0,47.0,133.0,1,1,1.0
495,4,774.0,456.0,40.0,138.0,1,1,1.0
495,5,818.0,461.0,46.0,133.0,1,1,1.0
496,4,776.0,457.0,43.0,140.0,1,1,1.0
496,5,822.0,461.0,44.0,134.0,1,1,1.0
497,4,779.0,459.0,44.0,140.0,1,1,1.0
497,5,825.0,461.0,43.0,133.0,1,1,1.0
498,4,781.0,460.0,45.0,140.0,1,1,1.0
498,5,827.0,462.0,49.0,134.0,1,1,1.0
498,3,1855.0,582.0,62.0,97.0,1,1,1.0
499,4,785.0,461.0,47.0,140.0,1,1,1.0
499,5,828.0,464.0,55.0,134.0,1,1,1.0
500,4,786.0,462.0,49.0,140.0,1,1,1.0
500,5,829.0,465.0,58.0,134.0,1,1,1.0
500,3,1855.0,581.0,62.0,98.0,1,1,1.0
501,4,789.0,463.0,49.0,140.0,1,1,1.0
501,5,830.0,466.0,58.0,135.0,1,1,1.0
502,4,793.0,462.0,48.0,141.0,1,1,1.0
502,5,832.0,467.0,56.0,135.0,1,1,1.0
503,4,796.0,462.0,47.0,142.0,1,1,1.0
503,5,837.0,467.0,53.0,135.0,1,1,1.0
504,4,800.0,462.0,44.0,142.0,1,1,1.0
504,5,843.0,467.0,53.0,136.0,1,1,1.0
505,4,804.0,462.0,42.0,141.0,1,1,1.0
505,5,851.0,467.0,50.0,136.0,1,1,1.0
506,4,806.0,462.0,44.0,141.0,1,1,1.0
506,5,856.0,467.0,51.0,137.0,1,1,1.0
507,4,809.0,464.0,48.0,141.0,1,1,1.0
507,5,859.0,467.0,54.0,139.0,1,1,1.0
508,4,812.0,466.0,54.0,142.0,1,1,1.0
508,5,860.0,468.0,57.0,140.0,1,1,1.0
509,4,814.0,468.0,58.0,141.0,1,1,1.0
509,5,863.0,470.0,60.0,140.0,1,1,1.0
510,4,814.0,470.0,62.0,140.0,1,1,1.0
510,5,866.0,471.0,62.0,141.0,1,1,1.0
511,4,815.0,470.0,64.0,141.0,1,1,1.0
511,5,869.0,471.0,61.0,141.0,1,1,1.0
512,4,817.0,470.0,63.0,142.0,1,1,1.0
512,5,874.0,472.0,58.0,141.0,1,1,1.0
513,4,823.0,470.0,60.0,143.0,1,1,1.0
513,5,881.0,472.0,54.0,141.0,1,1,1.0
514,4,830.0,469.0,53.0,144.0,1,1,1.0
514,5,887.0,471.0,49.0,143.0,1,1,1.0
515,4,839.0,469.0,45.0,144.0,1,1,1.0
515,5,894.0,470.0,44.0,143.0,1,1,1.0
516,4,845.0,469.0,43.0,146.0,1,1,1.0
516,5,897.0,470.0,43.0,144.0,1,1,1.0
517,4,847.0,470.0,47.0,148.0,1,1,1.0
517,5,899.0,470.0,48.0,144.0,1,1,1.0
518,4,852.0,472.0,47.0,149.0,1,1,1.0
518,5,899.0,471.0,58.0,145.0,1,1,1.0
519,4,856.0,474.0,50.0,148.0,1,1,1.0
519,5,902.0,472.0,63.0,146.0,1,1,1.0
520,4,856.0,476.0,55.0,148.0,1,1,1.0
520,5,903.0,474.0,65.0,146.0,1,1,1.0
521,4,857.0,477.0,60.0,149.0,1,1,1.0
521,5,904.0,475.0,66.0,146.0,1,1,1.0
522,4,859.0,477.0,60.0,151.0,1,1,1.0
522,5,910.0,475.0,61.0,146.0,1,1,1.0
523,4,870.0,477.0,50.0,151.0,1,1,1.0
523,5,916.0,475.0,57.0,146.0,1,1,1.0
524,4,878.0,477.0,44.0,152.0,1,1,1.0
524,5,925.0,474.0,54.0,146.0,1,1,1.0
525,4,881.0,476.0,43.0,152.0,1,1,1.0
525,5,935.0,474.0,50.0,148.0,1,1,1.0
526,4,886.0,476.0,43.0,152.0,1,1,1.0
526,5,941.0,474.0,51.0,151.0,1,1,1.0
527,4,890.0,477.0,45.0,152.0,1,1,1.0
527,5,944.0,476.0,54.0,151.0,1,1,1.0
528,4,893.0,478.0,51.0,152.0,1,1,1.0
528,5,945.0,477.0,58.0,151.0,1,1,1.0
529,4,893.0,479.0,63.0,152.0,1,1,1.0
529,5,949.0,479.0,61.0,152.0,1,1,1.0
530,4,893.0,481.0,71.0,153.0,1,1,1.0
530,5,951.0,480.0,62.0,151.0,1,1,1.0
531,4,894.0,482.0,74.0,153.0,1,1,1.0
531,5,954.0,481.0,62.0,151.0,1,1,1.0
532,4,895.0,483.0,74.0,155.0,1,1,1.0
532,5,961.0,481.0,58.0,151.0,1,1,1.0
533,4,900.0,482.0,70.0,156.0,1,1,1.0
533,5,971.0,481.0,50.0,150.0,1,1,1.0
534,4,906.0,482.0,64.0,157.0,1,1,1.0
534,5,978.0,482.0,45.0,150.0,1,1,1.0
535,4,916.0,481.0,56.0,158.0,1,1,1.0
535,5,984.0,481.0,42.0,151.0,1,1,1.0
536,4,927.0,481.0,51.0,158.0,1,1,1.0
536,5,986.0,483.0,49.0,150.0,1,1,1.0
537,4,933.0,481.0,54.0,160.0,1,1,1.0
537,5,986.0,484.0,59.0,150.0,1,1,1.0
538,4,938.0,482.0,59.0,162.0,1,1,1.0
538,5,987.0,486.0,67.0,149.0,1,1,1.0
539,4,943.0,483.0,60.0,162.0,1,1,1.0
539,5,987.0,488.0,70.0,150.0,1,1,1.0
540,4,945.0,485.0,65.0,163.0,1,1,1.0
540,5,993.0,489.0,67.0,151.0,1,1,1.0
541,4,946.0,487.0,69.0,163.0,1,1,1.0
541,5,995.0,489.0,65.0,152.0,1,1,1.0
542,4,947.0,487.0,74.0,164.0,1,1,1.0
542,5,1000.0,489.0,61.0,152.0,1,1,1.0
543,4,955.0,487.0,68.0,164.0,1,1,1.0
543,5,1010.0,489.0,55.0,152.0,1,1,1.0
544,4,969.0,486.0,56.0,165.0,1,1,1.0
544,5,1020.0,489.0,51.0,153.0,1,1,1.0
545,4,979.0,486.0,46.0,166.0,1,1,1.0
545,5,1027.0,489.0,52.0,155.0,1,1,1.0
546,4,985.0,485.0,43.0,166.0,1,1,1.0
546,5,1031.0,490.0,55.0,158.0,1,1,1.0
547,4,988.0,486.0,47.0,165.0,1,1,1.0
547,5,1035.0,491.0,58.0,159.0,1,1,1.0
548,4,989.0,488.0,58.0,165.0,1,1,1.0
548,5,1039.0,493.0,61.0,159.0,1,1,1.0
549,4,989.0,490.0,71.0,165.0,1,1,1.0
549,5,1044.0,494.0,61.0,161.0,1,1,1.0
550,4,989.0,491.0,80.0,165.0,1,1,1.0
550,5,1048.0,495.0,63.0,161.0,1,1,1.0
551,4,990.0,492.0,83.0,167.0,1,1,1.0
551,5,1055.0,496.0,59.0,161.0,1,1,1.0
552,4,994.0,493.0,81.0,167.0,1,1,1.0
552,5,1062.0,496.0,53.0,161.0,1,1,1.0
553,4,1001.0,493.0,75.0,168.0,1,1,1.0
553,5,1068.0,495.0,48.0,161.0,1,1,1.0
554,4,1011.0,492.0,65.0,169.0,1,1,1.0
554,5,1071.0,495.0,47.0,160.0,1,1,1.0
555,4,1024.0,491.0,53.0,169.0,1,1,1.0
555,5,1072.0,495.0,52.0,160.0,1,1,1.0
556,4,1036.0,492.0,45.0,170.0,1,1,1.0
556,5,1073.0,496.0,63.0,161.0,1,1,1.0
557,4,1041.0,493.0,45.0,172.0,1,1,1.0
557,5,1076.0,498.0,72.0,160.0,1,1,1.0
558,4,1044.0,494.0,51.0,174.0,1,1,1.0
558,5,1082.0,500.0,74.0,162.0,1,1,1.0
559,4,1047.0,497.0,60.0,174.0,1,1,1.0
559,5,1087.0,502.0,71.0,163.0,1,1,1.0
560,4,1048.0,499.0,66.0,174.0,1,1,1.0
560,5,1093.0,503.0,67.0,164.0,1,1,1.0
561,4,1049.0,501.0,69.0,174.0,1,1,1.0
561,5,1099.0,503.0,61.0,163.0,1,1,1.0
562,4,1050.0,502.0,70.0,175.0,1,1,1.0
562,5,1109.0,503.0,55.0,163.0,1,1,1.0
563,4,1056.0,502.0,68.0,176.0,1,1,1.0
563,5,1113.0,504.0,55.0,163.0,1,1,1.0
564,4,1073.0,502.0,54.0,177.0,1,1,1.0
564,5,1124.0,504.0,54.0,165.0,1,1,1.0
565,4,1084.0,502.0,46.0,177.0,1,1,1.0
565,5,1131.0,504.0,59.0,170.0,1,1,1.0
566,4,1091.0,503.0,43.0,177.0,1,1,1.0
566,5,1134.0,505.0,63.0,172.0,1,1,1.0
567,4,1094.0,503.0,45.0,176.0,1,1,1.0
567,5,1136.0,506.0,71.0,174.0,1,1,1.0
568,4,1096.0,504.0,53.0,175.0,1,1,1.0
568,5,1142.0,508.0,72.0,174.0,1,1,1.0
569,4,1096.0,505.0,66.0,176.0,1,1,1.0
569,5,1146.0,511.0,76.0,175.0,1,1,1.0
570,4,1096.0,507.0,80.0,177.0,1,1,1.0
570,5,1159.0,513.0,67.0,174.0,1,1,1.0
571,4,1096.0,510.0,88.0,177.0,1,1,1.0
571,5,1171.0,514.0,57.0,173.0,1,1,1.0
572,4,1096.0,512.0,92.0,177.0,1,1,1.0
572,5,1175.0,514.0,54.0,173.0,1,1,1.0
573,4,1100.0,514.0,90.0,178.0,1,1,1.0
573,5,1180.0,514.0,51.0,174.0,1,1,1.0
574,4,1108.0,514.0,86.0,179.0,1,1,1.0
574,5,1183.0,514.0,52.0,173.0,1,1,1.0
575,4,1119.0,513.0,76.0,179.0,1,1,1.0
575,5,1184.0,515.0,61.0,173.0,1,1,1.0
576,4,1133.0,513.0,64.0,179.0,1,1,1.0
576,5,1184.0,516.0,77.0,174.0,1,1,1.0
577,4,1148.0,513.0,55.0,180.0,1,1,1.0
577,5,1186.0,518.0,88.0,174.0,1,1,1.0
578,4,1158.0,515.0,52.0,183.0,1,1,1.0
578,5,1193.0,521.0,87.0,174.0,1,1,1.0
579,4,1159.0,516.0,60.0,186.0,1,1,1.0
579,5,1202.0,522.0,80.0,175.0,1,1,1.0
580,4,1161.0,518.0,69.0,186.0,1,1,1.0
580,5,1209.0,523.0,74.0,175.0,1,1,1.0
581,4,1161.0,521.0,77.0,187.0,1,1,1.0
581,5,1219.0,523.0,66.0,175.0,1,1,1.0
582,4,1162.0,523.0,86.0,188.0,1,1,1.0
582,5,1238.0,523.0,52.0,175.0,1,1,1.0
583,4,1165.0,524.0,89.0,188.0,1,1,1.0
583,5,1242.0,523.0,58.0,176.0,1,1,1.0
584,4,1173.0,525.0,86.0,187.0,1,1,1.0
584,5,1251.0,524.0,62.0,179.0,1,1,1.0
585,4,1184.0,525.0,76.0,188.0,1,1,1.0
585,5,1254.0,525.0,71.0,182.0,1,1,1.0
586,4,1204.0,525.0,59.0,188.0,1,1,1.0
586,5,1255.0,527.0,81.0,184.0,1,1,1.0
587,4,1211.0,525.0,65.0,188.0,1,1,1.0
587,5,1258.0,529.0,88.0,183.0,1,1,1.0
588,4,1214.0,526.0,66.0,188.0,1,1,1.0
588,5,1263.0,532.0,94.0,184.0,1,1,1.0
589,4,1215.0,527.0,74.0,187.0,1,1,1.0
589,5,1274.0,534.0,90.0,183.0,1,1,1.0
590,4,1215.0,529.0,88.0,186.0,1,1,1.0
590,5,1285.0,536.0,83.0,182.0,1,1,1.0
591,4,1216.0,532.0,98.0,186.0,1,1,1.0
591,5,1301.0,536.0,66.0,181.0,1,1,1.0
592,4,1217.0,534.0,102.0,185.0,1,1,1.0
593,4,1224.0,535.0,97.0,185.0,1,1,1.0
593,5,1314.0,537.0,56.0,180.0,1,1,1.0
594,4,1236.0,535.0,86.0,185.0,1,1,1.0
594,5,1316.0,537.0,60.0,181.0,1,1,1.0
595,4,1250.0,535.0,74.0,187.0,1,1,1.0
595,5,1316.0,538.0,74.0,182.0,1,1,1.0
596,4,1267.0,535.0,60.0,187.0,1,1,1.0
596,5,1317.0,540.0,87.0,182.0,1,1,1.0
597,5,1318.0,542.0,95.0,183.0,1,1,1.0
598,4,1284.0,537.0,81.0,192.0,1,1,1.0
598,5,1329.0,544.0,88.0,183.0,1,1,1.0
599,4,1287.0,540.0,82.0,195.0,1,1,1.0
599,5,1353.0,546.0,65.0,183.0,1,1,1.0
600,4,1288.0,543.0,86.0,194.0,1,1,1.0
600,5,1356.0,546.0,63.0,183.0,1,1,1.0
601,4,1290.0,545.0,92.0,195.0,1,1,1.0
601,5,1365.0,546.0,58.0,184.0,1,1,1.0
602,4,1291.0,546.0,98.0,196.0,1,1,1.0
602,5,1372.0,546.0,59.0,184.0,1,1,1.0
603,4,1297.0,546.0,98.0,196.0,1,1,1.0
603,5,1382.0,546.0,63.0,187.0,1,1,1.0
604,4,1308.0,547.0,91.0,197.0,1,1,1.0
604,5,1386.0,547.0,72.0,190.0,1,1,1.0
605,4,1334.0,547.0,65.0,197.0,1,1,1.0
605,5,1388.0,549.0,82.0,191.0,1,1,1.0
606,4,1344.0,547.0,55.0,197.0,1,1,1.0
606,5,1388.0,551.0,91.0,191.0,1,1,1.0
607,4,1350.0,547.0,56.0,196.0,1,1,1.0
607,5,1388.0,554.0,100.0,191.0,1,1,1.0
608,4,1351.0,549.0,62.0,195.0,1,1,1.0
608,5,1399.0,556.0,98.0,190.0,1,1,1.0
609,4,1350.0,551.0,77.0,194.0,1,1,1.0
609,5,1411.0,558.0,89.0,189.0,1,1,1.0
610,4,1349.0,553.0,95.0,194.0,1,1,1.0
610,5,1433.0,559.0,67.0,189.0,1,1,1.0
611,4,1349.0,556.0,103.0,194.0,1,1,1.0
611,5,1440.0,559.0,60.0,189.0,1,1,1.0
612,4,1351.0,557.0,106.0,194.0,1,1,1.0
612,5,1448.0,559.0,54.0,189.0,1,1,1.0
613,4,1358.0,558.0,101.0,195.0,1,1,1.0
613,5,1453.0,560.0,55.0,188.0,1,1,1.0
614,4,1370.0,558.0,90.0,195.0,1,1,1.0
614,5,1456.0,560.0,63.0,188.0,1,1,1.0
615,4,1386.0,558.0,77.0,196.0,1,1,1.0
615,5,1454.0,562.0,78.0,188.0,1,1,1.0
616,4,1402.0,558.0,65.0,195.0,1,1,1.0
616,5,1453.0,565.0,92.0,188.0,1,1,1.0
617,4,1421.0,559.0,59.0,197.0,1,1,1.0
617,5,1454.0,567.0,100.0,189.0,1,1,1.0
618,4,1424.0,560.0,68.0,201.0,1,1,1.0
618,5,1465.0,568.0,92.0,191.0,1,1,1.0
619,4,1425.0,563.0,79.0,203.0,1,1,1.0
619,5,1478.0,569.0,80.0,191.0,1,1,1.0
620,4,1425.0,565.0,89.0,204.0,1,1,1.0
620,5,1490.0,570.0,71.0,190.0,1,1,1.0
621,4,1425.0,567.0,98.0,204.0,1,1,1.0
621,5,1496.0,570.0,71.0,190.0,1,1,1.0
622,4,1428.0,569.0,104.0,203.0,1,1,1.0
622,5,1508.0,570.0,65.0,190.0,1,1,1.0
623,4,1436.0,570.0,100.0,204.0,1,1,1.0
623,5,1520.0,570.0,65.0,195.0,1,1,1.0
624,4,1449.0,570.0,88.0,204.0,1,1,1.0
624,5,1523.0,571.0,74.0,199.0,1,1,1.0
625,4,1464.0,570.0,71.0,205.0,1,1,1.0
625,5,1525.0,573.0,84.0,199.0,1,1,1.0
626,4,1480.0,571.0,58.0,204.0,1,1,1.0
626,5,1526.0,575.0,95.0,199.0,1,1,1.0
627,4,1486.0,571.0,64.0,203.0,1,1,1.0
627,5,1526.0,578.0,104.0,199.0,1,1,1.0
628,4,1488.0,573.0,68.0,202.0,1,1,1.0
628,5,1538.0,580.0,99.0,198.0,1,1,1.0
629,4,1487.0,575.0,81.0,202.0,1,1,1.0
629,5,1549.0,582.0,94.0,197.0,1,1,1.0
630,4,1487.0,578.0,93.0,202.0,1,1,1.0
630,5,1563.0,582.0,80.0,196.0,1,1,1.0
631,4,1487.0,580.0,99.0,202.0,1,1,1.0
631,5,1576.0,583.0,64.0,195.0,1,1,1.0
632,4,1489.0,583.0,99.0,202.0,1,1,1.0
632,5,1582.0,583.0,64.0,196.0,1,1,1.0
633,4,1497.0,584.0,94.0,202.0,1,1,1.0
633,5,1586.0,583.0,79.0,195.0,1,1,1.0
634,4,1509.0,584.0,86.0,202.0,1,1,1.0
634,5,1586.0,584.0,87.0,194.0,1,1,1.0
635,4,1523.0,585.0,78.0,202.0,1,1,1.0
635,5,1587.0,585.0,92.0,193.0,1,1,1.0
636,4,1538.0,585.0,71.0,202.0,1,1,1.0
636,5,1587.0,586.0,100.0,193.0,1,1,1.0
637,4,1550.0,586.0,66.0,206.0,1,1,1.0
637,5,1590.0,589.0,104.0,192.0,1,1,1.0
638,4,1554.0,586.0,70.0,210.0,1,1,1.0
638,5,1603.0,590.0,93.0,193.0,1,1,1.0
639,4,1555.0,588.0,81.0,212.0,1,1,1.0
639,5,1616.0,591.0,82.0,193.0,1,1,1.0
640,4,1556.0,591.0,92.0,212.0,1,1,1.0
640,5,1623.0,591.0,77.0,194.0,1,1,1.0
