1,1,1657.0,340.0,65.0,147.0,1,1,1.0
2,1,1657.0,341.0,60.0,146.0,1,1,1.0
3,1,1657.0,340.0,53.0,147.0,1,1,1.0
4,1,1653.0,339.0,48.0,148.0,1,1,1.0
5,1,1651.0,337.0,43.0,150.0,1,1,1.0
6,1,1647.0,336.0,42.0,152.0,1,1,1.0
7,1,1635.0,334.0,49.0,153.0,1,1,1.0
8,1,1621.0,334.0,59.0,153.0,1,1,1.0
9,1,1610.0,335.0,68.0,152.0,1,1,1.0
10,1,1605.0,336.0,72.0,151.0,1,1,1.0
11,1,1601.0,337.0,76.0,150.0,1,1,1.0
12,1,1599.0,337.0,75.0,149.0,1,1,1.0
13,1,1598.0,336.0,68.0,149.0,1,1,1.0
14,1,1599.0,335.0,59.0,149.0,1,1,1.0
16,1,1593.0,334.0,47.0,152.0,1,1,1.0
17,1,1587.0,334.0,47.0,153.0,1,1,1.0
18,1,1573.0,335.0,55.0,152.0,1,1,1.0
19,1,1563.0,337.0,61.0,150.0,1,1,1.0
20,1,1556.0,339.0,67.0,150.0,1,1,1.0
21,1,1554.0,340.0,67.0,149.0,1,1,1.0
22,1,1554.0,340.0,61.0,149.0,1,1,1.0
23,1,1550.0,339.0,55.0,150.0,1,1,1.0
24,1,1545.0,338.0,53.0,151.0,1,1,1.0
25,1,1535.0,336.0,57.0,154.0,1,1,1.0
26,1,1522.0,334.0,64.0,155.0,1,1,1.0
27,1,1510.0,334.0,72.0,155.0,1,1,1.0
28,1,1500.0,335.0,79.0,155.0,1,1,1.0
29,1,1495.0,336.0,84.0,154.0,1,1,1.0
30,1,1492.0,337.0,86.0,154.0,1,1,1.0
31,1,1490.0,338.0,84.0,153.0,1,1,1.0
32,1,1489.0,336.0,76.0,154.0,1,1,1.0
33,1,1488.0,335.0,65.0,155.0,1,1,1.0
34,1,1485.0,334.0,54.0,156.0,1,1,1.0
35,1,1481.0,333.0,49.0,158.0,1,1,1.0
36,1,1474.0,332.0,50.0,159.0,1,1,1.0
37,1,1460.0,332.0,58.0,159.0,1,1,1.0
38,1,1449.0,333.0,68.0,158.0,1,1,1.0
39,1,1441.0,334.0,74.0,157.0,1,1,1.0
40,1,1437.0,336.0,75.0,157.0,1,1,1.0
41,1,1436.0,336.0,68.0,156.0,1,1,1.0
42,1,1436.0,336.0,58.0,157.0,1,1,1.0
43,1,1434.0,334.0,51.0,158.0,1,1,1.0
44,1,1427.0,334.0,50.0,159.0,1,1,1.0
45,1,1414.0,333.0,55.0,160.0,1,1,1.0
46,1,1397.0,333.0,68.0,160.0,1,1,1.0
47,1,1383.0,333.0,80.0,159.0,1,1,1.0
48,1,1374.0,334.0,88.0,159.0,1,1,1.0
49,1,1369.0,334.0,91.0,160.0,1,1,1.0
50,1,1367.0,334.0,87.0,158.0,1,1,1.0
51,1,1367.0,332.0,76.0,159.0,1,1,1.0
52,1,1367.0,331.0,62.0,160.0,1,1,1.0
53,1,1366.0,330.0,52.0,161.0,1,1,1.0
54,1,1359.0,329.0,50.0,164.0,1,1,1.0
55,1,1343.0,329.0,59.0,164.0,1,1,1.0
56,1,1328.0,330.0,70.0,164.0,1,1,1.0
57,1,1316.0,332.0,79.0,163.0,1,1,1.0
58,1,1309.0,333.0,85.0,164.0,1,1,1.0
59,1,1305.0,333.0,85.0,164.0,1,1,1.0
60,1,1304.0,334.0,77.0,163.0,1,1,1.0
61,1,1304.0,333.0,64.0,164.0,1,1,1.0
62,1,1303.0,332.0,52.0,165.0,1,1,1.0
63,1,1293.0,331.0,55.0,167.0,1,1,1.0
64,1,1283.0,331.0,57.0,166.0,1,1,1.0
65,1,1265.0,330.0,71.0,167.0,1,1,1.0
66,1,1250.0,331.0,85.0,167.0,1,1,1.0
67,1,1240.0,331.0,94.0,166.0,1,1,1.0
68,1,1236.0,331.0,97.0,166.0,1,1,1.0
69,1,1234.0,332.0,93.0,165.0,1,1,1.0
70,1,1233.0,330.0,83.0,165.0,1,1,1.0
71,1,1234.0,329.0,69.0,166.0,1,1,1.0
72,1,1233.0,328.0,52.0,167.0,1,1,1.0
73,1,1228.0,327.0,49.0,170.0,1,1,1.0
74,1,1213.0,327.0,63.0,171.0,1,1,1.0
75,1,1196.0,328.0,78.0,171.0,1,1,1.0
76,1,1183.0,330.0,89.0,171.0,1,1,1.0
77,1,1175.0,332.0,94.0,170.0,1,1,1.0
78,1,1171.0,333.0,91.0,170.0,1,1,1.0
79,1,1170.0,333.0,82.0,169.0,1,1,1.0
80,1,1170.0,332.0,69.0,171.0,1,1,1.0
81,1,1168.0,331.0,57.0,172.0,1,1,1.0
82,1,1160.0,330.0,56.0,172.0,1,1,1.0
83,1,1150.0,329.0,56.0,173.0,1,1,1.0
84,1,1132.0,330.0,71.0,173.0,1,1,1.0
85,1,1115.0,331.0,86.0,172.0,1,1,1.0
86,1,1105.0,332.0,95.0,171.0,1,1,1.0
87,1,1099.0,333.0,99.0,172.0,1,1,1.0
88,1,1097.0,333.0,96.0,172.0,1,1,1.0
89,1,1097.0,333.0,85.0,172.0,1,1,1.0
90,1,1097.0,332.0,70.0,173.0,1,1,1.0
91,1,1093.0,331.0,58.0,174.0,1,1,1.0
92,1,1088.0,331.0,51.0,175.0,1,1,1.0
93,1,1074.0,331.0,64.0,176.0,1,1,1.0
94,1,1056.0,332.0,80.0,177.0,1,1,1.0
95,1,1043.0,334.0,92.0,177.0,1,1,1.0
96,1,1035.0,336.0,95.0,177.0,1,1,1.0
97,1,1032.0,337.0,93.0,176.0,1,1,1.0
98,1,1031.0,338.0,83.0,175.0,1,1,1.0
99,1,1030.0,337.0,71.0,176.0,1,1,1.0
100,1,1025.0,336.0,57.0,177.0,1,1,1.0
101,1,1019.0,336.0,53.0,178.0,1,1,1.0
102,1,1009.0,335.0,58.0,178.0,1,1,1.0
103,1,989.0,337.0,76.0,177.0,1,1,1.0
104,1,972.0,338.0,91.0,175.0,1,1,1.0
105,1,962.0,340.0,100.0,174.0,1,1,1.0
106,1,955.0,341.0,106.0,173.0,1,1,1.0
107,1,951.0,342.0,103.0,172.0,1,1,1.0
108,1,950.0,341.0,91.0,172.0,1,1,1.0
109,1,950.0,340.0,75.0,172.0,1,1,1.0
110,1,945.0,339.0,63.0,172.0,1,1,1.0
111,1,936.0,341.0,61.0,173.0,1,1,1.0
112,1,924.0,342.0,71.0,176.0,1,1,1.0
113,1,907.0,344.0,88.0,178.0,1,1,1.0
114,1,894.0,346.0,99.0,179.0,1,1,1.0
115,1,886.0,348.0,102.0,180.0,1,1,1.0
116,1,883.0,349.0,99.0,179.0,1,1,1.0
117,1,881.0,349.0,88.0,179.0,1,1,1.0
118,1,876.0,349.0,77.0,179.0,1,1,1.0
119,1,870.0,348.0,65.0,180.0,1,1,1.0
120,1,861.0,348.0,61.0,179.0,1,1,1.0
121,1,851.0,348.0,64.0,180.0,1,1,1.0
122,1,833.0,348.0,81.0,180.0,1,1,1.0
123,1,817.0,349.0,96.0,179.0,1,1,1.0
124,1,804.0,350.0,108.0,178.0,1,1,1.0
125,1,793.0,351.0,116.0,177.0,1,1,1.0
126,1,786.0,352.0,113.0,176.0,1,1,1.0
127,1,787.0,352.0,96.0,176.0,1,1,1.0
128,1,787.0,351.0,75.0,176.0,1,1,1.0
129,1,782.0,350.0,65.0,178.0,1,1,1.0
130,1,774.0,350.0,65.0,180.0,1,1,1.0
131,1,755.0,351.0,82.0,181.0,1,1,1.0
132,1,738.0,352.0,97.0,180.0,1,1,1.0
133,1,728.0,354.0,105.0,180.0,1,1,1.0
134,1,723.0,354.0,107.0,181.0,1,1,1.0
135,1,721.0,356.0,101.0,179.0,1,1,1.0
136,1,717.0,356.0,91.0,179.0,1,1,1.0
137,1,711.0,356.0,81.0,180.0,1,1,1.0
138,1,704.0,354.0,69.0,182.0,1,1,1.0
139,1,690.0,355.0,69.0,181.0,1,1,1.0
140,1,674.0,354.0,81.0,182.0,1,1,1.0
141,1,663.0,355.0,92.0,181.0,1,1,1.0
142,1,648.0,356.0,105.0,179.0,1,1,1.0
143,1,637.0,358.0,114.0,178.0,1,1,1.0
144,1,635.0,359.0,110.0,176.0,1,1,1.0
145,1,630.0,359.0,102.0,174.0,1,1,1.0
146,1,632.0,358.0,84.0,175.0,1,1,1.0
147,1,630.0,357.0,69.0,177.0,1,1,1.0
148,1,624.0,357.0,61.0,179.0,1,1,1.0
149,1,615.0,356.0,66.0,181.0,1,1,1.0
150,1,597.0,357.0,82.0,181.0,1,1,1.0
151,1,583.0,359.0,95.0,179.0,1,1,1.0
152,1,575.0,360.0,101.0,178.0,1,1,1.0
153,1,571.0,362.0,102.0,177.0,1,1,1.0
154,1,569.0,363.0,97.0,176.0,1,1,1.0
155,1,564.0,363.0,88.0,176.0,1,1,1.0
156,1,558.0,363.0,77.0,176.0,1,1,1.0
157,1,552.0,362.0,66.0,177.0,1,1,1.0
158,1,539.0,360.0,69.0,179.0,1,1,1.0
159,1,521.0,361.0,83.0,178.0,1,1,1.0
160,1,503.0,361.0,100.0,178.0,1,1,1.0
161,1,494.0,363.0,107.0,176.0,1,1,1.0
162,1,485.0,364.0,114.0,175.0,1,1,1.0
163,1,479.0,365.0,114.0,173.0,1,1,1.0
164,1,476.0,364.0,104.0,173.0,1,1,1.0
165,1,478.0,364.0,87.0,173.0,1,1,1.0
166,1,480.0,363.0,70.0,174.0,1,1,1.0
167,1,475.0,363.0,66.0,175.0,1,1,1.0
168,1,467.0,364.0,71.0,175.0,1,1,1.0
169,1,451.0,364.0,86.0,175.0,1,1,1.0
170,1,440.0,366.0,96.0,173.0,1,1,1.0
171,1,434.0,368.0,100.0,173.0,1,1,1.0
172,1,430.0,369.0,98.0,172.0,1,1,1.0
173,1,424.0,370.0,93.0,171.0,1,1,1.0
174,1,417.0,370.0,85.0,171.0,1,1,1.0
175,1,410.0,369.0,74.0,172.0,1,1,1.0
176,1,402.0,368.0,67.0,173.0,1,1,1.0
177,1,388.0,368.0,77.0,173.0,1,1,1.0
178,1,377.0,368.0,85.0,173.0,1,1,1.0
179,1,366.0,370.0,95.0,171.0,1,1,1.0
180,1,356.0,372.0,103.0,170.0,1,1,1.0
181,1,350.0,374.0,103.0,169.0,1,1,1.0
182,1,346.0,374.0,96.0,169.0,1,1,1.0
183,1,343.0,375.0,85.0,168.0,1,1,1.0
184,1,342.0,374.0,68.0,169.0,1,1,1.0
185,1,338.0,372.0,63.0,172.0,1,1,1.0
186,1,331.0,373.0,66.0,173.0,1,1,1.0
187,1,316.0,375.0,79.0,172.0,1,1,1.0
188,1,304.0,377.0,89.0,171.0,1,1,1.0
189,1,299.0,378.0,94.0,171.0,1,1,1.0
190,1,296.0,378.0,93.0,170.0,1,1,1.0
191,1,291.0,378.0,88.0,171.0,1,1,1.0
192,1,285.0,379.0,80.0,170.0,1,1,1.0
193,1,279.0,379.0,71.0,170.0,1,1,1.0
194,1,273.0,379.0,60.0,170.0,1,1,1.0
195,1,261.0,380.0,65.0,169.0,1,1,1.0
196,1,251.0,379.0,73.0,170.0,1,1,1.0
197,1,241.0,379.0,82.0,170.0,1,1,1.0
198,1,232.0,382.0,90.0,167.0,1,1,1.0
199,1,225.0,383.0,94.0,166.0,1,1,1.0
200,1,220.0,383.0,81.0,165.0,1,1,1.0
201,1,218.0,383.0,79.0,165.0,1,1,1.0
202,1,218.0,383.0,67.0,164.0,1,1,1.0
203,1,216.0,384.0,56.0,164.0,1,1,1.0
204,1,211.0,382.0,57.0,167.0,1,1,1.0
205,1,201.0,382.0,65.0,169.0,1,1,1.0
206,1,190.0,384.0,74.0,168.0,1,1,1.0
207,1,183.0,386.0,81.0,165.0,1,1,1.0
208,1,179.0,389.0,83.0,164.0,1,1,1.0
209,1,176.0,390.0,82.0,163.0,1,1,1.0
210,1,171.0,391.0,79.0,162.0,1,1,1.0
211,1,165.0,390.0,72.0,162.0,1,1,1.0
212,1,160.0,390.0,65.0,162.0,1,1,1.0
213,1,153.0,389.0,58.0,163.0,1,1,1.0
214,1,144.0,390.0,62.0,162.0,1,1,1.0
215,1,135.0,390.0,70.0,161.0,1,1,1.0
216,1,127.0,392.0,77.0,160.0,1,1,1.0
217,1,120.0,393.0,81.0,159.0,1,1,1.0
218,1,115.0,394.0,67.0,157.0,1,1,1.0
219,1,112.0,395.0,73.0,157.0,1,1,1.0
220,1,111.0,394.0,57.0,157.0,1,1,1.0
221,1,111.0,393.0,54.0,158.0,1,1,1.0
222,1,108.0,393.0,49.0,160.0,1,1,1.0
223,1,102.0,393.0,55.0,162.0,1,1,1.0
224,1,95.0,394.0,61.0,162.0,1,1,1.0
226,1,81.0,398.0,49.0,160.0,1,1,1.0
229,1,69.0,400.0,61.0,158.0,1,1,1.0
230,1,65.0,400.0,58.0,158.0,1,1,1.0
231,1,60.0,400.0,53.0,158.0,1,1,1.0
232,1,52.0,400.0,52.0,158.0,1,1,1.0
233,1,44.0,401.0,56.0,156.0,1,1,1.0
234,1,37.0,402.0,63.0,155.0,1,1,1.0
235,1,27.0,403.0,73.0,155.0,1,1,1.0
236,1,23.0,404.0,74.0,154.0,1,1,1.0
237,1,21.0,406.0,66.0,152.0,1,1,1.0
238,1,19.0,407.0,62.0,151.0,1,1,1.0
239,1,17.0,406.0,55.0,151.0,1,1,1.0
240,1,16.0,406.0,48.0,152.0,1,1,1.0
241,1,16.0,405.0,45.0,155.0,1,1,1.0
242,1,15.0,405.0,45.0,156.0,1,1,1.0
243,1,8.0,405.0,51.0,157.0,1,1,1.0
244,1,2.0,406.0,57.0,156.0,1,1,1.0
245,1,0.0,407.0,60.0,154.0,1,1,1.0
246,1,0.0,409.0,60.0,154.0,1,1,1.0
247,1,0.0,410.0,60.0,155.0,1,1,1.0
248,1,0.0,410.0,58.0,157.0,1,1,1.0
249,1,0.0,411.0,52.0,156.0,1,1,1.0
250,1,0.0,411.0,45.0,156.0,1,1,1.0
252,1,0.0,406.0,48.0,160.0,1,1,1.0
257,1,0.0,409.0,31.0,155.0,1,1,1.0
258,1,0.0,409.0,29.0,152.0,1,1,1.0
266,2,0.0,407.0,50.0,150.0,1,1,1.0
267,2,0.0,407.0,54.0,149.0,1,1,1.0
268,2,0.0,405.0,56.0,149.0,1,1,1.0
269,2,1.0,404.0,56.0,145.0,1,1,1.0
270,2,9.0,403.0,47.0,142.0,1,1,1.0
272,2,21.0,399.0,38.0,143.0,1,1,1.0
273,2,26.0,398.0,39.0,142.0,1,1,1.0
274,2,29.0,397.0,45.0,144.0,1,1,1.0
275,2,33.0,396.0,43.0,145.0,1,1,1.0
276,2,34.0,396.0,49.0,145.0,1,1,1.0
277,2,35.0,396.0,53.0,145.0,1,1,1.0
278,2,36.0,396.0,59.0,144.0,1,1,1.0
279,2,39.0,395.0,61.0,143.0,1,1,1.0
280,2,46.0,393.0,59.0,141.0,1,1,1.0
281,2,55.0,392.0,52.0,141.0,1,1,1.0
282,2,65.0,391.0,43.0,141.0,1,1,1.0
283,2,71.0,391.0,39.0,142.0,1,1,1.0
284,2,74.0,389.0,44.0,143.0,1,1,1.0
286,2,80.0,388.0,62.0,144.0,1,1,1.0
287,2,83.0,388.0,67.0,144.0,1,1,1.0
288,2,84.0,387.0,71.0,144.0,1,1,1.0
289,2,87.0,385.0,71.0,145.0,1,1,1.0
290,2,93.0,384.0,65.0,143.0,1,1,1.0
291,2,103.0,383.0,56.0,143.0,1,1,1.0
292,2,114.0,382.0,44.0,141.0,1,1,1.0
293,2,118.0,380.0,50.0,142.0,1,1,1.0
294,2,126.0,380.0,49.0,142.0,1,1,1.0
295,2,131.0,378.0,56.0,143.0,1,1,1.0
296,2,133.0,379.0,59.0,142.0,1,1,1.0
297,2,135.0,378.0,61.0,143.0,1,1,1.0
298,2,136.0,377.0,65.0,143.0,1,1,1.0
299,2,140.0,376.0,67.0,143.0,1,1,1.0
300,2,149.0,374.0,61.0,142.0,1,1,1.0
301,2,160.0,373.0,50.0,142.0,1,1,1.0
302,2,172.0,371.0,39.0,144.0,1,1,1.0
303,2,179.0,370.0,39.0,145.0,1,1,1.0
304,2,183.0,369.0,50.0,147.0,1,1,1.0
305,2,184.0,368.0,63.0,146.0,1,1,1.0
306,2,185.0,367.0,71.0,147.0,1,1,1.0
307,2,187.0,365.0,75.0,149.0,1,1,1.0
308,2,190.0,365.0,74.0,149.0,1,1,1.0
309,2,197.0,364.0,68.0,147.0,1,1,1.0
310,2,208.0,363.0,57.0,145.0,1,1,1.0
311,2,216.0,363.0,49.0,143.0,1,1,1.0
312,2,222.0,362.0,45.0,142.0,1,1,1.0
313,2,228.0,360.0,54.0,143.0,1,1,1.0
314,2,234.0,357.0,54.0,147.0,1,1,1.0
315,2,238.0,356.0,68.0,147.0,1,1,1.0
316,2,240.0,357.0,72.0,145.0,1,1,1.0
317,2,242.0,356.0,76.0,145.0,1,1,1.0
318,2,247.0,355.0,73.0,144.0,1,1,1.0
319,2,256.0,355.0,65.0,142.0,1,1,1.0
320,2,267.0,353.0,54.0,142.0,1,1,1.0
321,2,274.0,351.0,47.0,144.0,1,1,1.0
322,2,280.0,349.0,47.0,145.0,1,1,1.0
323,2,284.0,348.0,57.0,146.0,1,1,1.0
324,2,284.0,347.0,69.0,146.0,1,1,1.0
325,2,288.0,347.0,76.0,146.0,1,1,1.0
326,2,292.0,348.0,77.0,145.0,1,1,1.0
327,2,299.0,348.0,72.0,144.0,1,1,1.0
328,2,310.0,346.0,62.0,142.0,1,1,1.0
329,2,319.0,345.0,53.0,141.0,1,1,1.0
330,2,326.0,342.0,48.0,141.0,1,1,1.0
331,2,333.0,339.0,46.0,143.0,1,1,1.0
332,2,339.0,339.0,55.0,143.0,1,1,1.0
333,2,344.0,339.0,65.0,142.0,1,1,1.0
334,2,347.0,339.0,74.0,142.0,1,1,1.0
335,2,348.0,339.0,79.0,141.0,1,1,1.0
336,2,350.0,339.0,79.0,141.0,1,1,1.0
337,2,356.0,338.0,74.0,140.0,1,1,1.0
338,2,366.0,336.0,64.0,139.0,1,1,1.0
339,2,374.0,333.0,55.0,140.0,1,1,1.0
340,2,383.0,332.0,47.0,141.0,1,1,1.0
341,2,391.0,331.0,45.0,142.0,1,1,1.0
342,2,394.0,330.0,57.0,143.0,1,1,1.0
343,2,397.0,330.0,66.0,142.0,1,1,1.0
344,2,397.0,330.0,74.0,142.0,1,1,1.0
345,2,403.0,330.0,73.0,142.0,1,1,1.0
346,2,411.0,330.0,68.0,141.0,1,1,1.0
347,2,420.0,328.0,59.0,140.0,1,1,1.0
348,2,428.0,326.0,51.0,139.0,1,1,1.0
349,2,434.0,325.0,45.0,138.0,1,1,1.0
350,2,439.0,324.0,47.0,138.0,1,1,1.0
351,2,445.0,324.0,57.0,138.0,1,1,1.0
352,2,449.0,323.0,67.0,139.0,1,1,1.0
353,2,453.0,323.0,73.0,138.0,1,1,1.0
354,2,454.0,323.0,77.0,138.0,1,1,1.0
355,2,456.0,323.0,77.0,137.0,1,1,1.0
356,2,462.0,322.0,72.0,137.0,1,1,1.0
357,2,470.0,321.0,63.0,136.0,1,1,1.0
358,2,480.0,319.0,53.0,137.0,1,1,1.0
359,2,487.0,318.0,46.0,139.0,1,1,1.0
360,2,492.0,316.0,45.0,141.0,1,1,1.0
361,2,495.0,316.0,54.0,141.0,1,1,1.0
362,2,495.0,316.0,65.0,140.0,1,1,1.0
363,2,496.0,317.0,72.0,138.0,1,1,1.0
364,2,499.0,318.0,73.0,138.0,1,1,1.0
365,2,506.0,318.0,69.0,136.0,1,1,1.0
366,2,516.0,317.0,60.0,132.0,1,1,1.0
367,2,527.0,316.0,48.0,130.0,1,1,1.0
368,2,533.0,315.0,42.0,131.0,1,1,1.0
369,2,538.0,313.0,42.0,132.0,1,1,1.0
370,2,543.0,312.0,47.0,133.0,1,1,1.0
371,2,547.0,311.0,54.0,134.0,1,1,1.0
372,2,550.0,311.0,63.0,133.0,1,1,1.0
373,2,551.0,311.0,67.0,133.0,1,1,1.0
374,2,551.0,311.0,69.0,132.0,1,1,1.0
375,2,556.0,311.0,66.0,131.0,1,1,1.0
376,2,564.0,309.0,58.0,130.0,1,1,1.0
377,2,573.0,308.0,49.0,129.0,1,1,1.0
378,2,580.0,307.0,42.0,129.0,1,1,1.0
379,2,585.0,306.0,40.0,130.0,1,1,1.0
380,2,590.0,305.0,42.0,131.0,1,1,1.0
381,2,592.0,305.0,52.0,131.0,1,1,1.0
382,2,595.0,303.0,59.0,132.0,1,1,1.0
383,2,598.0,304.0,62.0,131.0,1,1,1.0
384,2,601.0,304.0,62.0,131.0,1,1,1.0
385,2,606.0,303.0,59.0,131.0,1,1,1.0
386,2,613.0,303.0,51.0,128.0,1,1,1.0
387,2,622.0,303.0,42.0,127.0,1,1,1.0
388,2,629.0,302.0,39.0,126.0,1,1,1.0
389,2,634.0,301.0,41.0,126.0,1,1,1.0
390,2,639.0,301.0,47.0,126.0,1,1,1.0
391,2,642.0,301.0,56.0,126.0,1,1,1.0
392,2,643.0,300.0,65.0,127.0,1,1,1.0
393,2,643.0,301.0,70.0,125.0,1,1,1.0
394,2,646.0,301.0,71.0,125.0,1,1,1.0
395,2,651.0,301.0,67.0,124.0,1,1,1.0
396,2,661.0,301.0,57.0,124.0,1,1,1.0
397,2,672.0,300.0,44.0,124.0,1,1,1.0
398,2,680.0,298.0,38.0,127.0,1,1,1.0
399,2,684.0,298.0,43.0,127.0,1,1,1.0
400,2,689.0,297.0,52.0,127.0,1,1,1.0
401,2,691.0,298.0,62.0,126.0,1,1,1.0
402,2,692.0,299.0,68.0,125.0,1,1,1.0
403,2,693.0,299.0,71.0,125.0,1,1,1.0
404,2,697.0,299.0,69.0,125.0,1,1,1.0
405,2,705.0,298.0,62.0,125.0,1,1,1.0
406,2,715.0,297.0,54.0,127.0,1,1,1.0
407,2,723.0,296.0,48.0,127.0,1,1,1.0
408,2,728.0,296.0,52.0,127.0,1,1,1.0
409,2,732.0,295.0,58.0,127.0,1,1,1.0
410,2,735.0,295.0,62.0,128.0,1,1,1.0
411,2,739.0,296.0,67.0,129.0,1,1,1.0
412,2,743.0,297.0,69.0,129.0,1,1,1.0
413,2,745.0,299.0,72.0,128.0,1,1,1.0
414,2,748.0,299.0,68.0,129.0,1,1,1.0
415,2,754.0,299.0,61.0,129.0,1,1,1.0
416,2,760.0,298.0,56.0,129.0,1,1,1.0
417,2,765.0,298.0,50.0,129.0,1,1,1.0
418,2,769.0,297.0,45.0,130.0,1,1,1.0
419,2,773.0,296.0,49.0,130.0,1,1,1.0
420,2,777.0,297.0,56.0,129.0,1,1,1.0
421,2,780.0,298.0,62.0,129.0,1,1,1.0
422,2,781.0,300.0,63.0,129.0,1,1,1.0
423,2,783.0,301.0,64.0,129.0,1,1,1.0
424,2,787.0,301.0,61.0,130.0,1,1,1.0
425,2,793.0,300.0,54.0,131.0,1,1,1.0
426,2,799.0,299.0,51.0,131.0,1,1,1.0
427,2,803.0,299.0,53.0,133.0,1,1,1.0
428,2,806.0,299.0,56.0,134.0,1,1,1.0
429,2,809.0,299.0,61.0,136.0,1,1,1.0
430,2,812.0,300.0,63.0,135.0,1,1,1.0
431,2,816.0,301.0,64.0,136.0,1,1,1.0
432,2,819.0,302.0,64.0,137.0,1,1,1.0
433,2,823.0,303.0,64.0,136.0,1,1,1.0
434,2,828.0,303.0,62.0,136.0,1,1,1.0
435,2,831.0,303.0,59.0,137.0,1,1,1.0
436,2,834.0,302.0,54.0,138.0,1,1,1.0
437,2,838.0,300.0,50.0,140.0,1,1,1.0
438,2,840.0,301.0,52.0,139.0,1,1,1.0
439,2,844.0,303.0,57.0,138.0,1,1,1.0
440,2,847.0,303.0,62.0,138.0,1,1,1.0
441,2,849.0,304.0,64.0,139.0,1,1,1.0
442,2,850.0,305.0,66.0,140.0,1,1,1.0
443,2,853.0,305.0,63.0,140.0,1,1,1.0
444,2,860.0,305.0,57.0,141.0,1,1,1.0
445,2,867.0,305.0,53.0,141.0,1,1,1.0
446,2,872.0,304.0,56.0,141.0,1,1,1.0
447,2,876.0,304.0,61.0,142.0,1,1,1.0
448,2,880.0,304.0,62.0,144.0,1,1,1.0
449,2,884.0,305.0,65.0,145.0,1,1,1.0
450,2,888.0,307.0,66.0,144.0,1,1,1.0
451,2,892.0,308.0,66.0,144.0,1,1,1.0
452,2,895.0,309.0,68.0,144.0,1,1,1.0
453,2,901.0,309.0,65.0,144.0,1,1,1.0
454,2,906.0,309.0,62.0,145.0,1,1,1.0
455,2,911.0,308.0,58.0,146.0,1,1,1.0
456,2,916.0,308.0,54.0,146.0,1,1,1.0
457,2,920.0,308.0,53.0,145.0,1,1,1.0
458,2,924.0,310.0,59.0,144.0,1,1,1.0
459,2,928.0,311.0,67.0,144.0,1,1,1.0
460,2,930.0,312.0,71.0,144.0,1,1,1.0
461,2,932.0,314.0,72.0,144.0,1,1,1.0
462,2,935.0,314.0,71.0,144.0,1,1,1.0
463,2,941.0,314.0,65.0,144.0,1,1,1.0
464,2,950.0,314.0,58.0,145.0,1,1,1.0
465,2,957.0,313.0,57.0,146.0,1,1,1.0
466,2,962.0,312.0,60.0,148.0,1,1,1.0
467,2,966.0,312.0,63.0,150.0,1,1,1.0
468,2,971.0,314.0,66.0,150.0,1,1,1.0
469,2,976.0,315.0,69.0,151.0,1,1,1.0
470,2,980.0,316.0,72.0,151.0,1,1,1.0
471,2,983.0,317.0,75.0,151.0,1,1,1.0
472,2,988.0,317.0,75.0,151.0,1,1,1.0
473,2,996.0,318.0,70.0,151.0,1,1,1.0
474,2,1003.0,317.0,63.0,152.0,1,1,1.0
475,2,1008.0,317.0,56.0,152.0,1,1,1.0
476,2,1013.0,317.0,55.0,153.0,1,1,1.0
477,2,1019.0,318.0,60.0,152.0,1,1,1.0
478,2,1022.0,319.0,71.0,151.0,1,1,1.0
479,2,1024.0,320.0,77.0,152.0,1,1,1.0
480,2,1024.0,321.0,81.0,152.0,1,1,1.0
481,2,1027.0,321.0,80.0,153.0,1,1,1.0
482,2,1034.0,322.0,74.0,153.0,1,1,1.0
483,2,1043.0,321.0,67.0,153.0,1,1,1.0
484,2,1056.0,321.0,58.0,154.0,1,1,1.0
485,2,1064.0,320.0,59.0,157.0,1,1,1.0
486,2,1070.0,320.0,63.0,159.0,1,1,1.0
487,2,1076.0,321.0,66.0,161.0,1,1,1.0
488,2,1080.0,322.0,72.0,161.0,1,1,1.0
489,2,1082.0,323.0,79.0,162.0,1,1,1.0
490,2,1085.0,324.0,85.0,162.0,1,1,1.0
491,2,1091.0,325.0,83.0,162.0,1,1,1.0
492,2,1100.0,325.0,75.0,162.0,1,1,1.0
493,2,1110.0,324.0,62.0,163.0,1,1,1.0
494,2,1118.0,324.0,54.0,163.0,1,1,1.0
495,2,1123.0,324.0,54.0,163.0,1,1,1.0
496,2,1125.0,325.0,67.0,163.0,1,1,1.0
497,2,1126.0,327.0,79.0,163.0,1,1,1.0
498,2,1126.0,328.0,87.0,164.0,1,1,1.0
499,2,1128.0,329.0,89.0,165.0,1,1,1.0
501,2,1144.0,330.0,77.0,165.0,1,1,1.0
502,2,1157.0,330.0,69.0,166.0,1,1,1.0
503,2,1172.0,330.0,59.0,166.0,1,1,1.0
504,2,1181.0,330.0,63.0,169.0,1,1,1.0
505,2,1187.0,330.0,69.0,171.0,1,1,1.0
506,2,1189.0,331.0,80.0,173.0,1,1,1.0
507,2,1190.0,332.0,89.0,173.0,1,1,1.0
508,2,1192.0,333.0,100.0,174.0,1,1,1.0
509,2,1197.0,335.0,105.0,174.0,1,1,1.0
510,2,1207.0,337.0,100.0,173.0,1,1,1.0
511,2,1221.0,338.0,86.0,173.0,1,1,1.0
512,2,1237.0,338.0,67.0,173.0,1,1,1.0
513,2,1248.0,338.0,58.0,173.0,1,1,1.0
514,2,1252.0,339.0,62.0,173.0,1,1,1.0
515,2,1253.0,340.0,78.0,174.0,1,1,1.0
516,2,1255.0,341.0,93.0,175.0,1,1,1.0
517,2,1256.0,343.0,99.0,174.0,1,1,1.0
518,2,1257.0,345.0,101.0,175.0,1,1,1.0
519,2,1266.0,346.0,94.0,175.0,1,1,1.0
520,2,1280.0,347.0,83.0,175.0,1,1,1.0
521,2,1296.0,347.0,73.0,175.0,1,1,1.0
522,2,1315.0,347.0,67.0,176.0,1,1,1.0
523,2,1325.0,347.0,72.0,180.0,1,1,1.0
524,2,1329.0,348.0,83.0,181.0,1,1,1.0
525,2,1330.0,349.0,93.0,181.0,1,1,1.0
526,2,1332.0,351.0,103.0,182.0,1,1,1.0
527,2,1335.0,353.0,110.0,183.0,1,1,1.0
528,2,1344.0,354.0,109.0,183.0,1,1,1.0
