1,1,814.0,211.0,43.0,117.0,1,1,1.0
2,1,814.0,211.0,43.0,117.0,1,1,1.0
3,1,815.0,211.0,43.0,118.0,1,1,1.0
4,1,816.0,211.0,43.0,118.0,1,1,1.0
5,1,816.0,211.0,42.0,118.0,1,1,1.0
6,1,817.0,212.0,42.0,118.0,1,1,1.0
7,1,818.0,212.0,42.0,119.0,1,1,1.0
8,1,819.0,213.0,41.0,120.0,1,1,1.0
9,1,818.0,214.0,43.0,120.0,1,1,1.0
10,1,817.0,216.0,45.0,120.0,1,1,1.0
11,1,818.0,216.0,45.0,121.0,1,1,1.0
12,1,818.0,216.0,45.0,122.0,1,1,1.0
13,1,819.0,217.0,44.0,123.0,1,1,1.0
14,1,820.0,216.0,44.0,123.0,1,1,1.0
15,1,820.0,216.0,45.0,123.0,1,1,1.0
16,1,820.0,217.0,46.0,123.0,1,1,1.0
17,1,822.0,218.0,45.0,123.0,1,1,1.0
18,1,825.0,219.0,43.0,124.0,1,1,1.0
19,1,826.0,220.0,43.0,125.0,1,1,1.0
20,1,828.0,222.0,42.0,125.0,1,1,1.0
21,1,831.0,224.0,41.0,125.0,1,1,1.0
22,1,832.0,224.0,41.0,126.0,1,1,1.0
23,1,833.0,225.0,41.0,125.0,1,1,1.0
24,1,834.0,225.0,42.0,126.0,1,1,1.0
25,1,833.0,225.0,44.0,126.0,1,1,1.0
26,1,833.0,226.0,44.0,127.0,1,1,1.0
27,1,832.0,226.0,44.0,128.0,1,1,1.0
28,1,834.0,228.0,42.0,128.0,1,1,1.0
29,1,833.0,231.0,43.0,128.0,1,1,1.0
30,1,831.0,231.0,44.0,129.0,1,1,1.0
31,1,832.0,232.0,42.0,129.0,1,1,1.0
32,1,833.0,232.0,41.0,129.0,1,1,1.0
33,1,832.0,232.0,42.0,130.0,1,1,1.0
34,1,832.0,231.0,42.0,130.0,1,1,1.0
35,1,832.0,231.0,42.0,131.0,1,1,1.0
36,1,832.0,232.0,42.0,132.0,1,1,1.0
37,1,833.0,234.0,42.0,133.0,1,1,1.0
38,1,829.0,235.0,46.0,134.0,1,1,1.0
39,1,829.0,237.0,47.0,134.0,1,1,1.0
40,1,830.0,238.0,47.0,136.0,1,1,1.0
41,1,831.0,239.0,47.0,137.0,1,1,1.0
42,1,831.0,239.0,46.0,137.0,1,1,1.0
43,1,831.0,239.0,46.0,137.0,1,1,1.0
44,1,831.0,239.0,46.0,137.0,1,1,1.0
45,1,832.0,239.0,45.0,137.0,1,1,1.0
46,1,831.0,241.0,46.0,138.0,1,1,1.0
47,1,831.0,242.0,47.0,139.0,1,1,1.0
48,1,832.0,243.0,46.0,140.0,1,1,1.0
49,1,832.0,245.0,44.0,140.0,1,1,1.0
50,1,832.0,246.0,44.0,141.0,1,1,1.0
51,1,832.0,247.0,44.0,141.0,1,1,1.0
52,1,832.0,247.0,43.0,142.0,1,1,1.0
53,1,829.0,247.0,45.0,142.0,1,1,1.0
54,1,828.0,247.0,46.0,142.0,1,1,1.0
55,1,827.0,247.0,47.0,142.0,1,1,1.0
56,1,827.0,248.0,48.0,143.0,1,1,1.0
57,1,827.0,249.0,48.0,145.0,1,1,1.0
58,1,829.0,251.0,46.0,146.0,1,1,1.0
59,1,830.0,253.0,46.0,147.0,1,1,1.0
60,1,830.0,254.0,46.0,147.0,1,1,1.0
61,1,830.0,255.0,46.0,148.0,1,1,1.0
62,1,831.0,255.0,45.0,149.0,1,1,1.0
63,1,830.0,255.0,46.0,149.0,1,1,1.0
64,1,830.0,255.0,46.0,149.0,1,1,1.0
65,1,830.0,255.0,47.0,149.0,1,1,1.0
66,1,829.0,255.0,47.0,151.0,1,1,1.0
67,1,830.0,257.0,47.0,153.0,1,1,1.0
68,1,830.0,259.0,45.0,152.0,1,1,1.0
69,1,830.0,261.0,44.0,153.0,1,1,1.0
70,1,830.0,263.0,44.0,153.0,1,1,1.0
71,1,829.0,264.0,45.0,154.0,1,1,1.0
72,1,827.0,264.0,46.0,155.0,1,1,1.0
73,1,827.0,265.0,47.0,155.0,1,1,1.0
74,1,826.0,264.0,49.0,155.0,1,1,1.0
75,1,826.0,265.0,49.0,155.0,1,1,1.0
76,1,826.0,267.0,49.0,156.0,1,1,1.0
77,1,826.0,269.0,49.0,158.0,1,1,1.0
78,1,826.0,271.0,50.0,159.0,1,1,1.0
79,1,826.0,273.0,49.0,160.0,1,1,1.0
80,1,826.0,275.0,50.0,160.0,1,1,1.0
81,1,828.0,276.0,50.0,161.0,1,1,1.0
82,1,825.0,277.0,53.0,162.0,1,1,1.0
83,1,824.0,277.0,54.0,162.0,1,1,1.0
84,1,823.0,277.0,55.0,162.0,1,1,1.0
85,1,822.0,277.0,56.0,161.0,1,1,1.0
86,1,824.0,278.0,54.0,164.0,1,1,1.0
87,1,825.0,280.0,53.0,165.0,1,1,1.0
88,1,826.0,283.0,53.0,166.0,1,1,1.0
89,1,825.0,285.0,53.0,166.0,1,1,1.0
90,1,825.0,288.0,53.0,167.0,1,1,1.0
91,1,824.0,289.0,53.0,168.0,1,1,1.0
92,1,824.0,289.0,52.0,169.0,1,1,1.0
93,1,824.0,289.0,52.0,169.0,1,1,1.0
94,1,824.0,289.0,52.0,169.0,1,1,1.0
95,1,824.0,289.0,52.0,169.0,1,1,1.0
96,1,824.0,290.0,54.0,171.0,1,1,1.0
97,1,823.0,293.0,56.0,173.0,1,1,1.0
98,1,822.0,296.0,57.0,174.0,1,1,1.0
99,1,823.0,299.0,57.0,174.0,1,1,1.0
100,1,823.0,300.0,57.0,175.0,1,1,1.0
101,1,820.0,302.0,61.0,178.0,1,1,1.0
102,1,820.0,302.0,62.0,178.0,1,1,1.0
103,1,819.0,303.0,63.0,179.0,1,1,1.0
104,1,820.0,303.0,64.0,179.0,1,1,1.0
105,1,820.0,303.0,65.0,179.0,1,1,1.0
106,1,820.0,304.0,65.0,178.0,1,1,1.0
107,1,820.0,306.0,66.0,180.0,1,1,1.0
108,1,821.0,308.0,66.0,182.0,1,1,1.0
109,1,820.0,311.0,66.0,183.0,1,1,1.0
110,1,820.0,314.0,66.0,185.0,1,1,1.0
111,1,820.0,316.0,66.0,187.0,1,1,1.0
112,1,820.0,317.0,66.0,188.0,1,1,1.0
113,1,820.0,318.0,67.0,189.0,1,1,1.0
114,1,820.0,318.0,67.0,189.0,1,1,1.0
115,1,820.0,318.0,67.0,189.0,1,1,1.0
116,1,820.0,319.0,67.0,189.0,1,1,1.0
117,1,821.0,321.0,67.0,193.0,1,1,1.0
118,1,821.0,324.0,67.0,196.0,1,1,1.0
119,1,822.0,327.0,67.0,198.0,1,1,1.0
120,1,823.0,330.0,67.0,198.0,1,1,1.0
121,1,824.0,333.0,67.0,200.0,1,1,1.0
122,1,826.0,334.0,66.0,201.0,1,1,1.0
123,1,827.0,336.0,66.0,201.0,1,1,1.0
124,1,827.0,336.0,67.0,201.0,1,1,1.0
125,1,826.0,338.0,69.0,200.0,1,1,1.0
126,1,826.0,340.0,71.0,205.0,1,1,1.0
127,1,826.0,343.0,72.0,207.0,1,1,1.0
128,1,826.0,347.0,73.0,208.0,1,1,1.0
129,1,825.0,350.0,74.0,210.0,1,1,1.0
130,1,825.0,353.0,74.0,213.0,1,1,1.0
131,1,825.0,356.0,75.0,214.0,1,1,1.0
132,1,825.0,357.0,76.0,214.0,1,1,1.0
133,1,825.0,358.0,77.0,214.0,1,1,1.0
134,1,826.0,359.0,77.0,213.0,1,1,1.0
135,1,826.0,361.0,76.0,213.0,1,1,1.0
136,1,826.0,364.0,78.0,218.0,1,1,1.0
137,1,825.0,367.0,80.0,221.0,1,1,1.0
138,1,825.0,372.0,80.0,223.0,1,1,1.0
139,1,826.0,376.0,81.0,225.0,1,1,1.0
140,1,827.0,379.0,82.0,226.0,1,1,1.0
141,1,829.0,382.0,81.0,227.0,1,1,1.0
142,1,829.0,384.0,81.0,225.0,1,1,1.0
143,1,829.0,385.0,82.0,225.0,1,1,1.0
144,1,829.0,386.0,83.0,224.0,1,1,1.0
145,1,830.0,390.0,85.0,233.0,1,1,1.0
146,1,828.0,396.0,86.0,236.0,1,1,1.0
147,1,829.0,401.0,86.0,237.0,1,1,1.0
148,1,828.0,405.0,86.0,241.0,1,1,1.0
149,1,828.0,409.0,85.0,243.0,1,1,1.0
150,1,828.0,412.0,84.0,243.0,1,1,1.0
151,1,828.0,415.0,83.0,241.0,1,1,1.0
152,1,827.0,416.0,83.0,240.0,1,1,1.0
153,1,826.0,417.0,83.0,239.0,1,1,1.0
154,1,825.0,420.0,86.0,243.0,1,1,1.0
155,1,824.0,423.0,88.0,251.0,1,1,1.0
156,1,823.0,429.0,89.0,254.0,1,1,1.0
157,1,822.0,434.0,90.0,254.0,1,1,1.0
158,1,822.0,440.0,91.0,257.0,1,1,1.0
159,1,822.0,443.0,91.0,258.0,1,1,1.0
160,1,822.0,447.0,91.0,257.0,1,1,1.0
161,1,821.0,449.0,91.0,256.0,1,1,1.0
162,1,819.0,450.0,92.0,255.0,1,1,1.0
163,1,818.0,453.0,94.0,255.0,1,1,1.0
164,1,816.0,456.0,96.0,265.0,1,1,1.0
165,1,813.0,464.0,97.0,270.0,1,1,1.0
166,1,812.0,471.0,98.0,274.0,1,1,1.0
167,1,809.0,477.0,99.0,278.0,1,1,1.0
168,1,806.0,481.0,101.0,280.0,1,1,1.0
169,1,805.0,484.0,101.0,279.0,1,1,1.0
170,1,804.0,487.0,102.0,278.0,1,1,1.0
171,1,802.0,489.0,103.0,276.0,1,1,1.0
172,1,801.0,492.0,105.0,276.0,1,1,1.0
173,1,799.0,496.0,108.0,287.0,1,1,1.0
174,1,798.0,502.0,110.0,295.0,1,1,1.0
175,1,797.0,510.0,112.0,297.0,1,1,1.0
176,1,796.0,516.0,114.0,301.0,1,1,1.0
177,1,796.0,522.0,114.0,303.0,1,1,1.0
178,1,796.0,525.0,113.0,303.0,1,1,1.0
179,1,795.0,529.0,113.0,300.0,1,1,1.0
180,1,795.0,532.0,113.0,298.0,1,1,1.0
181,1,794.0,535.0,116.0,295.0,1,1,1.0
182,1,792.0,538.0,117.0,303.0,1,1,1.0
183,1,791.0,543.0,119.0,315.0,1,1,1.0
184,1,789.0,550.0,120.0,320.0,1,1,1.0
185,1,786.0,562.0,121.0,327.0,1,1,1.0
186,1,783.0,571.0,122.0,330.0,1,1,1.0
187,1,780.0,577.0,123.0,329.0,1,1,1.0
188,1,778.0,582.0,123.0,326.0,1,1,1.0
189,1,778.0,587.0,122.0,322.0,1,1,1.0
190,1,776.0,591.0,123.0,318.0,1,1,1.0
191,1,774.0,596.0,126.0,323.0,1,1,1.0
192,1,772.0,603.0,130.0,337.0,1,1,1.0
193,1,770.0,612.0,134.0,346.0,1,1,1.0
194,1,769.0,622.0,135.0,350.0,1,1,1.0
195,1,769.0,632.0,137.0,353.0,1,1,1.0
196,1,768.0,640.0,137.0,355.0,1,1,1.0
197,1,768.0,646.0,137.0,353.0,1,1,1.0
198,1,767.0,652.0,137.0,349.0,1,1,1.0
199,1,766.0,657.0,138.0,344.0,1,1,1.0
200,1,765.0,662.0,140.0,339.0,1,1,1.0
201,1,762.0,669.0,143.0,354.0,1,1,1.0
202,1,760.0,677.0,144.0,371.0,1,1,1.0
203,1,759.0,687.0,145.0,377.0,1,1,1.0
204,1,756.0,699.0,146.0,379.0,1,1,1.0
205,1,750.0,715.0,149.0,367.0,1,1,1.0
206,1,745.0,727.0,152.0,357.0,1,1,1.0
207,1,743.0,736.0,152.0,347.0,1,1,1.0
208,1,741.0,744.0,152.0,339.0,1,1,1.0
209,1,737.0,751.0,155.0,331.0,1,1,1.0
210,1,734.0,761.0,159.0,321.0,1,1,1.0
211,1,732.0,772.0,163.0,309.0,1,1,1.0
212,1,729.0,786.0,167.0,295.0,1,1,1.0
213,1,729.0,800.0,168.0,280.0,1,1,1.0
214,1,728.0,815.0,168.0,266.0,1,1,1.0
215,1,728.0,826.0,169.0,254.0,1,1,1.0
216,1,726.0,836.0,170.0,243.0,1,1,1.0
217,1,724.0,847.0,172.0,233.0,1,1,1.0
218,1,721.0,855.0,176.0,224.0,1,1,1.0
219,1,718.0,866.0,180.0,214.0,1,1,1.0
220,1,714.0,877.0,183.0,202.0,1,1,1.0
221,1,710.0,891.0,186.0,188.0,1,1,1.0
222,1,706.0,908.0,188.0,171.0,1,1,1.0
223,1,700.0,925.0,188.0,154.0,1,1,1.0
224,1,697.0,941.0,186.0,138.0,1,1,1.0
225,1,704.0,962.0,171.0,117.0,1,1,1.0
226,1,709.0,975.0,158.0,103.0,1,1,1.0
227,1,711.0,988.0,146.0,91.0,1,1,1.0
228,1,717.0,1000.0,123.0,79.0,1,1,1.0
284,2,173.0,974.0,131.0,105.0,1,1,1.0
285,2,158.0,951.0,136.0,128.0,1,1,1.0
286,2,153.0,933.0,135.0,145.0,1,1,1.0
287,2,151.0,919.0,132.0,159.0,1,1,1.0
288,2,150.0,909.0,134.0,170.0,1,1,1.0
289,2,149.0,899.0,136.0,180.0,1,1,1.0
290,2,147.0,890.0,139.0,188.0,1,1,1.0
291,2,145.0,882.0,142.0,196.0,1,1,1.0
292,2,142.0,873.0,147.0,205.0,1,1,1.0
293,2,138.0,863.0,147.0,216.0,1,1,1.0
294,2,135.0,852.0,145.0,227.0,1,1,1.0
295,2,131.0,840.0,142.0,238.0,1,1,1.0
296,2,128.0,830.0,144.0,248.0,1,1,1.0
297,2,125.0,820.0,143.0,258.0,1,1,1.0
298,2,123.0,812.0,143.0,267.0,1,1,1.0
299,2,122.0,805.0,142.0,273.0,1,1,1.0
300,2,121.0,799.0,136.0,279.0,1,1,1.0
301,2,122.0,792.0,132.0,286.0,1,1,1.0
302,2,121.0,784.0,130.0,294.0,1,1,1.0
303,2,119.0,775.0,132.0,303.0,1,1,1.0
304,2,116.0,764.0,135.0,314.0,1,1,1.0
305,2,111.0,749.0,140.0,329.0,1,1,1.0
306,2,109.0,737.0,143.0,340.0,1,1,1.0
307,2,108.0,728.0,144.0,349.0,1,1,1.0
308,2,107.0,722.0,145.0,354.0,1,1,1.0
309,2,105.0,717.0,146.0,358.0,1,1,1.0
310,2,103.0,713.0,147.0,357.0,1,1,1.0
311,2,100.0,707.0,149.0,353.0,1,1,1.0
312,2,98.0,700.0,148.0,347.0,1,1,1.0
313,2,94.0,693.0,146.0,334.0,1,1,1.0
314,2,92.0,685.0,143.0,321.0,1,1,1.0
315,2,90.0,677.0,140.0,317.0,1,1,1.0
316,2,89.0,671.0,134.0,320.0,1,1,1.0
317,2,88.0,664.0,128.0,325.0,1,1,1.0
318,2,88.0,660.0,124.0,329.0,1,1,1.0
319,2,86.0,656.0,123.0,332.0,1,1,1.0
320,2,86.0,652.0,122.0,334.0,1,1,1.0
321,2,84.0,647.0,120.0,333.0,1,1,1.0
322,2,82.0,641.0,116.0,331.0,1,1,1.0
323,2,78.0,635.0,112.0,326.0,1,1,1.0
324,2,76.0,627.0,112.0,308.0,1,1,1.0
325,2,74.0,616.0,113.0,303.0,1,1,1.0
326,2,73.0,608.0,115.0,305.0,1,1,1.0
327,2,71.0,603.0,116.0,308.0,1,1,1.0
328,2,71.0,601.0,116.0,310.0,1,1,1.0
329,2,70.0,599.0,117.0,309.0,1,1,1.0
330,2,69.0,597.0,117.0,304.0,1,1,1.0
331,2,67.0,593.0,118.0,300.0,1,1,1.0
332,2,64.0,588.0,118.0,291.0,1,1,1.0
333,2,62.0,583.0,114.0,279.0,1,1,1.0
334,2,59.0,578.0,112.0,276.0,1,1,1.0
335,2,57.0,573.0,107.0,279.0,1,1,1.0
336,2,56.0,569.0,103.0,282.0,1,1,1.0
337,2,56.0,565.0,99.0,286.0,1,1,1.0
338,2,55.0,562.0,98.0,288.0,1,1,1.0
339,2,54.0,561.0,98.0,289.0,1,1,1.0
340,2,54.0,559.0,96.0,288.0,1,1,1.0
341,2,53.0,555.0,93.0,288.0,1,1,1.0
342,2,52.0,551.0,89.0,287.0,1,1,1.0
343,2,50.0,546.0,88.0,274.0,1,1,1.0
344,2,48.0,540.0,90.0,265.0,1,1,1.0
345,2,47.0,532.0,93.0,266.0,1,1,1.0
346,2,47.0,528.0,93.0,268.0,1,1,1.0
347,2,47.0,525.0,91.0,270.0,1,1,1.0
348,2,47.0,523.0,91.0,270.0,1,1,1.0
349,2,47.0,521.0,90.0,269.0,1,1,1.0
350,2,46.0,519.0,91.0,267.0,1,1,1.0
351,2,45.0,517.0,90.0,263.0,1,1,1.0
352,2,44.0,514.0,90.0,253.0,1,1,1.0
353,2,43.0,510.0,89.0,245.0,1,1,1.0
354,2,42.0,505.0,89.0,245.0,1,1,1.0
355,2,42.0,502.0,87.0,248.0,1,1,1.0
356,2,41.0,499.0,84.0,250.0,1,1,1.0
357,2,41.0,497.0,80.0,252.0,1,1,1.0
358,2,42.0,495.0,77.0,254.0,1,1,1.0
359,2,42.0,494.0,77.0,254.0,1,1,1.0
360,2,42.0,493.0,75.0,253.0,1,1,1.0
361,2,43.0,490.0,75.0,252.0,1,1,1.0
362,2,43.0,486.0,74.0,244.0,1,1,1.0
363,2,44.0,483.0,74.0,237.0,1,1,1.0
364,2,45.0,479.0,74.0,232.0,1,1,1.0
365,2,48.0,473.0,74.0,236.0,1,1,1.0
366,2,49.0,469.0,75.0,238.0,1,1,1.0
367,2,51.0,467.0,75.0,240.0,1,1,1.0
368,2,52.0,464.0,75.0,241.0,1,1,1.0
369,2,53.0,463.0,79.0,240.0,1,1,1.0
370,2,56.0,461.0,79.0,240.0,1,1,1.0
371,2,61.0,460.0,74.0,239.0,1,1,1.0
372,2,65.0,457.0,69.0,237.0,1,1,1.0
373,2,71.0,454.0,65.0,234.0,1,1,1.0
374,2,76.0,450.0,62.0,229.0,1,1,1.0
375,2,81.0,447.0,62.0,225.0,1,1,1.0
376,2,86.0,444.0,67.0,226.0,1,1,1.0
377,2,91.0,443.0,77.0,227.0,1,1,1.0
378,2,95.0,442.0,89.0,227.0,1,1,1.0
379,2,99.0,442.0,97.0,225.0,1,1,1.0
380,2,102.0,442.0,102.0,223.0,1,1,1.0
381,2,104.0,440.0,104.0,223.0,1,1,1.0
382,2,108.0,437.0,102.0,221.0,1,1,1.0
383,2,116.0,435.0,94.0,218.0,1,1,1.0
384,2,127.0,431.0,82.0,216.0,1,1,1.0
385,2,146.0,426.0,64.0,220.0,1,1,1.0
386,2,157.0,425.0,61.0,220.0,1,1,1.0
387,2,166.0,424.0,76.0,221.0,1,1,1.0
388,2,170.0,423.0,93.0,221.0,1,1,1.0
389,2,172.0,422.0,105.0,221.0,1,1,1.0
390,2,175.0,420.0,112.0,223.0,1,1,1.0
391,2,180.0,417.0,111.0,225.0,1,1,1.0
392,2,192.0,414.0,101.0,225.0,1,1,1.0
393,2,206.0,410.0,87.0,223.0,1,1,1.0
394,2,222.0,407.0,70.0,222.0,1,1,1.0
395,2,234.0,405.0,63.0,221.0,1,1,1.0
396,2,242.0,403.0,74.0,221.0,1,1,1.0
397,2,249.0,402.0,91.0,222.0,1,1,1.0
398,2,256.0,403.0,106.0,221.0,1,1,1.0
399,2,258.0,403.0,117.0,218.0,1,1,1.0
400,2,261.0,403.0,122.0,216.0,1,1,1.0
401,2,267.0,401.0,121.0,216.0,1,1,1.0
402,2,278.0,399.0,111.0,213.0,1,1,1.0
403,2,294.0,395.0,95.0,214.0,1,1,1.0
404,2,313.0,392.0,76.0,217.0,1,1,1.0
405,2,333.0,388.0,67.0,220.0,1,1,1.0
406,2,344.0,386.0,80.0,222.0,1,1,1.0
407,2,349.0,385.0,96.0,222.0,1,1,1.0
408,2,351.0,385.0,107.0,221.0,1,1,1.0
409,2,354.0,384.0,113.0,222.0,1,1,1.0
410,2,362.0,382.0,109.0,222.0,1,1,1.0
411,2,376.0,379.0,95.0,219.0,1,1,1.0
412,2,393.0,376.0,77.0,217.0,1,1,1.0
413,2,408.0,374.0,66.0,214.0,1,1,1.0
414,2,418.0,372.0,63.0,214.0,1,1,1.0
415,2,427.0,370.0,75.0,214.0,1,1,1.0
416,2,434.0,369.0,92.0,215.0,1,1,1.0
417,2,437.0,369.0,106.0,214.0,1,1,1.0
418,2,439.0,370.0,115.0,211.0,1,1,1.0
419,2,441.0,369.0,119.0,210.0,1,1,1.0
420,2,447.0,368.0,117.0,209.0,1,1,1.0
421,2,457.0,365.0,107.0,207.0,1,1,1.0
422,2,473.0,362.0,91.0,205.0,1,1,1.0
423,2,491.0,359.0,74.0,206.0,1,1,1.0
424,2,503.0,357.0,67.0,208.0,1,1,1.0
425,2,516.0,356.0,75.0,209.0,1,1,1.0
426,2,522.0,355.0,88.0,209.0,1,1,1.0
427,2,526.0,354.0,95.0,209.0,1,1,1.0
428,2,530.0,353.0,98.0,209.0,1,1,1.0
429,2,537.0,351.0,93.0,209.0,1,1,1.0
430,2,549.0,347.0,83.0,207.0,1,1,1.0
431,2,564.0,345.0,74.0,203.0,1,1,1.0
432,2,578.0,343.0,65.0,199.0,1,1,1.0
433,2,586.0,341.0,63.0,199.0,1,1,1.0
434,2,591.0,340.0,69.0,199.0,1,1,1.0
435,2,595.0,339.0,84.0,200.0,1,1,1.0
436,2,600.0,340.0,96.0,199.0,1,1,1.0
437,2,601.0,340.0,103.0,197.0,1,1,1.0
438,2,603.0,339.0,108.0,196.0,1,1,1.0
439,2,607.0,338.0,107.0,195.0,1,1,1.0
440,2,617.0,336.0,97.0,193.0,1,1,1.0
441,2,630.0,333.0,86.0,191.0,1,1,1.0
442,2,647.0,331.0,73.0,192.0,1,1,1.0
443,2,662.0,329.0,64.0,194.0,1,1,1.0
444,2,671.0,328.0,63.0,195.0,1,1,1.0
445,2,674.0,327.0,81.0,194.0,1,1,1.0
446,2,677.0,327.0,89.0,194.0,1,1,1.0
447,2,679.0,326.0,94.0,194.0,1,1,1.0
448,2,687.0,325.0,91.0,194.0,1,1,1.0
449,2,699.0,323.0,84.0,193.0,1,1,1.0
450,2,713.0,320.0,76.0,191.0,1,1,1.0
451,2,729.0,318.0,65.0,188.0,1,1,1.0
452,2,739.0,316.0,61.0,188.0,1,1,1.0
453,2,745.0,315.0,63.0,188.0,1,1,1.0
454,2,748.0,314.0,78.0,188.0,1,1,1.0
455,2,750.0,314.0,92.0,188.0,1,1,1.0
456,2,752.0,315.0,99.0,185.0,1,1,1.0
457,2,753.0,315.0,102.0,183.0,1,1,1.0
458,2,757.0,314.0,101.0,182.0,1,1,1.0
459,2,765.0,312.0,94.0,181.0,1,1,1.0
460,2,779.0,310.0,84.0,180.0,1,1,1.0
461,2,794.0,308.0,74.0,182.0,1,1,1.0
462,2,810.0,306.0,64.0,184.0,1,1,1.0
463,2,818.0,305.0,61.0,185.0,1,1,1.0
464,2,820.0,304.0,65.0,185.0,1,1,1.0
465,2,824.0,306.0,74.0,183.0,1,1,1.0
466,2,828.0,306.0,78.0,182.0,1,1,1.0
467,2,832.0,306.0,80.0,181.0,1,1,1.0
468,2,842.0,305.0,78.0,179.0,1,1,1.0
469,2,854.0,303.0,71.0,177.0,1,1,1.0
470,2,867.0,301.0,61.0,175.0,1,1,1.0
471,2,878.0,300.0,57.0,176.0,1,1,1.0
472,2,883.0,298.0,56.0,176.0,1,1,1.0
473,2,886.0,298.0,65.0,176.0,1,1,1.0
474,2,888.0,299.0,76.0,175.0,1,1,1.0
475,2,889.0,299.0,83.0,173.0,1,1,1.0
476,2,890.0,299.0,86.0,172.0,1,1,1.0
477,2,893.0,300.0,85.0,171.0,1,1,1.0
478,2,899.0,299.0,83.0,168.0,1,1,1.0
479,2,908.0,298.0,77.0,167.0,1,1,1.0
480,2,921.0,297.0,69.0,168.0,1,1,1.0
481,2,935.0,295.0,61.0,170.0,1,1,1.0
482,2,941.0,294.0,61.0,171.0,1,1,1.0
483,2,942.0,294.0,65.0,171.0,1,1,1.0
484,2,943.0,294.0,70.0,170.0,1,1,1.0
485,2,948.0,295.0,75.0,169.0,1,1,1.0
486,2,955.0,294.0,75.0,168.0,1,1,1.0
487,2,966.0,293.0,68.0,166.0,1,1,1.0
488,2,978.0,292.0,62.0,163.0,1,1,1.0
489,2,987.0,289.0,55.0,164.0,1,1,1.0
490,2,992.0,286.0,56.0,165.0,1,1,1.0
491,2,996.0,286.0,62.0,165.0,1,1,1.0
492,2,998.0,286.0,64.0,164.0,1,1,1.0
493,2,1000.0,287.0,67.0,164.0,1,1,1.0
494,2,1001.0,288.0,70.0,161.0,1,1,1.0
495,2,1002.0,288.0,72.0,161.0,1,1,1.0
496,2,1004.0,287.0,73.0,160.0,1,1,1.0
497,2,1009.0,287.0,73.0,157.0,1,1,1.0
498,2,1017.0,285.0,69.0,157.0,1,1,1.0
499,2,1028.0,285.0,63.0,157.0,1,1,1.0
500,2,1038.0,283.0,57.0,158.0,1,1,1.0
501,2,1043.0,281.0,57.0,160.0,1,1,1.0
502,2,1044.0,282.0,60.0,160.0,1,1,1.0
503,2,1045.0,283.0,64.0,158.0,1,1,1.0
504,2,1047.0,291.0,66.0,150.0,1,1,1.0
505,2,1055.0,288.0,64.0,151.0,1,1,1.0
506,2,1064.0,284.0,60.0,151.0,1,1,1.0
507,2,1073.0,282.0,55.0,149.0,1,1,1.0
508,2,1080.0,279.0,52.0,151.0,1,1,1.0
509,2,1084.0,277.0,52.0,152.0,1,1,1.0
510,2,1087.0,277.0,52.0,152.0,1,1,1.0
511,2,1088.0,277.0,56.0,151.0,1,1,1.0
512,2,1088.0,278.0,63.0,150.0,1,1,1.0
513,2,1089.0,279.0,67.0,148.0,1,1,1.0
514,2,1090.0,279.0,68.0,147.0,1,1,1.0
515,2,1093.0,279.0,69.0,145.0,1,1,1.0
516,2,1098.0,278.0,68.0,143.0,1,1,1.0
517,2,1106.0,277.0,65.0,144.0,1,1,1.0
518,2,1116.0,275.0,58.0,145.0,1,1,1.0
519,2,1126.0,274.0,53.0,147.0,1,1,1.0
520,2,1131.0,273.0,51.0,148.0,1,1,1.0
521,2,1133.0,273.0,54.0,148.0,1,1,1.0
522,2,1133.0,274.0,58.0,147.0,1,1,1.0
523,2,1132.0,275.0,61.0,145.0,1,1,1.0
524,2,1137.0,275.0,60.0,144.0,1,1,1.0
525,2,1148.0,273.0,55.0,142.0,1,1,1.0
526,2,1157.0,272.0,50.0,139.0,1,1,1.0
527,2,1163.0,271.0,49.0,139.0,1,1,1.0
528,2,1166.0,269.0,49.0,141.0,1,1,1.0
529,2,1167.0,269.0,51.0,140.0,1,1,1.0
530,2,1168.0,270.0,55.0,139.0,1,1,1.0
531,2,1168.0,271.0,62.0,139.0,1,1,1.0
532,2,1169.0,272.0,65.0,137.0,1,1,1.0
533,2,1171.0,272.0,66.0,136.0,1,1,1.0
534,2,1173.0,272.0,68.0,135.0,1,1,1.0
535,2,1176.0,272.0,68.0,133.0,1,1,1.0
536,2,1184.0,271.0,64.0,133.0,1,1,1.0
537,2,1193.0,269.0,59.0,133.0,1,1,1.0
538,2,1204.0,268.0,52.0,134.0,1,1,1.0
539,2,1207.0,268.0,51.0,135.0,1,1,1.0
540,2,1209.0,268.0,54.0,135.0,1,1,1.0
