1,1,876.0,0.0,32.0,87.0,1,1,1.0
2,1,876.0,0.0,32.0,87.0,1,1,1.0
3,1,876.0,0.0,32.0,87.0,1,1,1.0
3,2,856.0,0.0,25.0,81.0,1,1,1.0
4,1,876.0,0.0,32.0,87.0,1,1,1.0
4,2,854.0,0.0,27.0,81.0,1,1,1.0
5,1,875.0,0.0,32.0,87.0,1,1,1.0
5,2,852.0,0.0,29.0,82.0,1,1,1.0
6,1,874.0,0.0,33.0,87.0,1,1,1.0
6,2,850.0,0.0,31.0,82.0,1,1,1.0
7,1,872.0,0.0,34.0,87.0,1,1,1.0
7,2,848.0,0.0,33.0,81.0,1,1,1.0
8,1,872.0,0.0,34.0,88.0,1,1,1.0
8,2,845.0,0.0,34.0,80.0,1,1,1.0
9,1,871.0,0.0,35.0,87.0,1,1,1.0
9,2,843.0,0.0,35.0,81.0,1,1,1.0
10,1,870.0,0.0,35.0,87.0,1,1,1.0
10,2,842.0,0.0,36.0,82.0,1,1,1.0
11,1,869.0,0.0,36.0,87.0,1,1,1.0
11,2,841.0,0.0,37.0,83.0,1,1,1.0
12,1,869.0,0.0,36.0,87.0,1,1,1.0
12,2,840.0,0.0,38.0,83.0,1,1,1.0
13,1,868.0,0.0,39.0,87.0,1,1,1.0
13,2,840.0,0.0,38.0,83.0,1,1,1.0
14,1,869.0,0.0,38.0,87.0,1,1,1.0
14,2,840.0,0.0,38.0,83.0,1,1,1.0
15,1,870.0,0.0,36.0,87.0,1,1,1.0
15,2,840.0,0.0,38.0,82.0,1,1,1.0
16,1,869.0,0.0,36.0,87.0,1,1,1.0
16,2,840.0,0.0,37.0,81.0,1,1,1.0
17,1,869.0,0.0,36.0,87.0,1,1,1.0
17,2,840.0,0.0,37.0,81.0,1,1,1.0
18,1,869.0,0.0,35.0,87.0,1,1,1.0
18,2,839.0,0.0,37.0,81.0,1,1,1.0
19,1,867.0,0.0,36.0,88.0,1,1,1.0
19,2,837.0,0.0,38.0,81.0,1,1,1.0
20,1,866.0,0.0,37.0,88.0,1,1,1.0
20,2,836.0,0.0,38.0,82.0,1,1,1.0
21,1,866.0,0.0,36.0,89.0,1,1,1.0
21,2,836.0,0.0,37.0,83.0,1,1,1.0
22,1,865.0,0.0,36.0,89.0,1,1,1.0
22,2,835.0,0.0,38.0,83.0,1,1,1.0
23,1,864.0,0.0,36.0,89.0,1,1,1.0
23,2,835.0,0.0,38.0,85.0,1,1,1.0
24,1,864.0,0.0,37.0,89.0,1,1,1.0
24,2,832.0,0.0,39.0,86.0,1,1,1.0
25,1,863.0,0.0,38.0,89.0,1,1,1.0
25,2,832.0,0.0,39.0,86.0,1,1,1.0
26,1,862.0,0.0,39.0,89.0,1,1,1.0
26,2,832.0,0.0,39.0,86.0,1,1,1.0
27,1,861.0,0.0,39.0,89.0,1,1,1.0
27,2,830.0,0.0,40.0,87.0,1,1,1.0
28,1,861.0,0.0,40.0,89.0,1,1,1.0
28,2,829.0,0.0,42.0,87.0,1,1,1.0
29,1,861.0,0.0,41.0,91.0,1,1,1.0
29,2,827.0,0.0,43.0,88.0,1,1,1.0
30,1,862.0,0.0,40.0,92.0,1,1,1.0
30,2,825.0,0.0,43.0,88.0,1,1,1.0
31,1,863.0,0.0,39.0,93.0,1,1,1.0
31,2,823.0,0.0,44.0,87.0,1,1,1.0
32,1,864.0,0.0,38.0,93.0,1,1,1.0
32,2,820.0,0.0,45.0,88.0,1,1,1.0
33,1,863.0,0.0,37.0,93.0,1,1,1.0
33,2,818.0,0.0,47.0,89.0,1,1,1.0
34,1,862.0,0.0,38.0,93.0,1,1,1.0
34,2,817.0,0.0,47.0,90.0,1,1,1.0
35,1,861.0,0.0,38.0,93.0,1,1,1.0
35,2,816.0,0.0,48.0,91.0,1,1,1.0
36,1,861.0,0.0,37.0,93.0,1,1,1.0
36,2,815.0,0.0,48.0,92.0,1,1,1.0
37,1,861.0,0.0,36.0,93.0,1,1,1.0
37,2,815.0,0.0,48.0,94.0,1,1,1.0
38,1,860.0,0.0,36.0,94.0,1,1,1.0
38,2,815.0,0.0,47.0,94.0,1,1,1.0
39,1,859.0,0.0,36.0,94.0,1,1,1.0
39,2,815.0,0.0,46.0,94.0,1,1,1.0
40,1,858.0,0.0,36.0,94.0,1,1,1.0
40,2,816.0,0.0,45.0,94.0,1,1,1.0
41,1,857.0,0.0,37.0,95.0,1,1,1.0
41,2,816.0,0.0,44.0,95.0,1,1,1.0
42,1,856.0,0.0,37.0,96.0,1,1,1.0
43,1,855.0,0.0,37.0,97.0,1,1,1.0
43,2,816.0,0.0,41.0,96.0,1,1,1.0
44,1,853.0,0.0,38.0,97.0,1,1,1.0
44,2,817.0,0.0,40.0,96.0,1,1,1.0
45,1,851.0,0.0,39.0,97.0,1,1,1.0
45,2,816.0,0.0,39.0,97.0,1,1,1.0
46,1,849.0,0.0,40.0,97.0,1,1,1.0
46,2,815.0,0.0,39.0,98.0,1,1,1.0
47,1,848.0,0.0,40.0,97.0,1,1,1.0
47,2,815.0,0.0,40.0,99.0,1,1,1.0
48,1,846.0,0.0,41.0,97.0,1,1,1.0
48,2,814.0,0.0,40.0,100.0,1,1,1.0
49,1,846.0,0.0,41.0,98.0,1,1,1.0
49,2,812.0,0.0,41.0,101.0,1,1,1.0
50,1,846.0,0.0,41.0,99.0,1,1,1.0
50,2,810.0,0.0,43.0,101.0,1,1,1.0
51,1,845.0,0.0,41.0,100.0,1,1,1.0
51,2,808.0,0.0,44.0,101.0,1,1,1.0
52,1,845.0,0.0,42.0,100.0,1,1,1.0
52,2,806.0,0.0,44.0,101.0,1,1,1.0
53,1,844.0,0.0,43.0,101.0,1,1,1.0
53,2,805.0,0.0,44.0,100.0,1,1,1.0
54,1,843.0,0.0,44.0,103.0,1,1,1.0
54,2,803.0,0.0,44.0,100.0,1,1,1.0
55,1,842.0,0.0,45.0,103.0,1,1,1.0
55,2,801.0,0.0,47.0,101.0,1,1,1.0
56,1,842.0,0.0,44.0,104.0,1,1,1.0
56,2,799.0,0.0,49.0,104.0,1,1,1.0
57,1,842.0,0.0,43.0,104.0,1,1,1.0
57,2,797.0,0.0,49.0,104.0,1,1,1.0
58,1,842.0,0.0,42.0,104.0,1,1,1.0
58,2,797.0,0.0,49.0,105.0,1,1,1.0
59,1,842.0,0.0,41.0,104.0,1,1,1.0
59,2,796.0,0.0,49.0,106.0,1,1,1.0
60,1,842.0,0.0,41.0,105.0,1,1,1.0
60,2,796.0,0.0,49.0,107.0,1,1,1.0
61,1,842.0,0.0,40.0,106.0,1,1,1.0
61,2,796.0,0.0,49.0,107.0,1,1,1.0
62,1,841.0,0.0,39.0,107.0,1,1,1.0
62,2,796.0,0.0,48.0,107.0,1,1,1.0
63,1,840.0,0.0,39.0,108.0,1,1,1.0
63,2,796.0,0.0,47.0,107.0,1,1,1.0
64,1,839.0,0.0,40.0,109.0,1,1,1.0
64,2,797.0,0.0,47.0,107.0,1,1,1.0
65,1,837.0,0.0,41.0,110.0,1,1,1.0
65,2,797.0,0.0,46.0,108.0,1,1,1.0
66,1,836.0,0.0,41.0,110.0,1,1,1.0
66,2,797.0,0.0,45.0,109.0,1,1,1.0
67,1,835.0,0.0,41.0,110.0,1,1,1.0
67,2,797.0,0.0,44.0,110.0,1,1,1.0
68,1,834.0,0.0,41.0,110.0,1,1,1.0
68,2,796.0,0.0,43.0,111.0,1,1,1.0
69,1,834.0,0.0,41.0,110.0,1,1,1.0
69,2,795.0,0.0,43.0,112.0,1,1,1.0
70,1,834.0,0.0,42.0,111.0,1,1,1.0
71,1,833.0,0.0,43.0,112.0,1,1,1.0
72,1,832.0,0.0,45.0,112.0,1,1,1.0
72,2,790.0,0.0,46.0,114.0,1,1,1.0
73,1,831.0,0.0,46.0,114.0,1,1,1.0
73,2,788.0,0.0,48.0,114.0,1,1,1.0
74,1,831.0,0.0,45.0,115.0,1,1,1.0
74,2,787.0,0.0,49.0,114.0,1,1,1.0
75,1,831.0,0.0,45.0,116.0,1,1,1.0
75,2,786.0,0.0,50.0,114.0,1,1,1.0
76,1,830.0,0.0,46.0,116.0,1,1,1.0
76,2,784.0,0.0,50.0,114.0,1,1,1.0
77,1,828.0,0.0,47.0,116.0,1,1,1.0
77,2,783.0,0.0,51.0,116.0,1,1,1.0
78,1,827.0,0.0,48.0,117.0,1,1,1.0
78,2,781.0,0.0,51.0,117.0,1,1,1.0
79,1,829.0,0.0,45.0,117.0,1,1,1.0
79,2,781.0,0.0,52.0,118.0,1,1,1.0
80,1,830.0,0.0,43.0,117.0,1,1,1.0
80,2,780.0,0.0,53.0,120.0,1,1,1.0
81,1,831.0,0.0,40.0,119.0,1,1,1.0
81,2,779.0,0.0,53.0,121.0,1,1,1.0
82,1,832.0,0.0,39.0,119.0,1,1,1.0
82,2,779.0,0.0,53.0,122.0,1,1,1.0
83,1,831.0,1.0,39.0,119.0,1,1,1.0
83,2,780.0,0.0,52.0,122.0,1,1,1.0
84,1,831.0,1.0,40.0,121.0,1,1,1.0
84,2,780.0,0.0,52.0,121.0,1,1,1.0
85,1,831.0,1.0,40.0,122.0,1,1,1.0
85,2,780.0,0.0,51.0,121.0,1,1,1.0
86,1,830.0,1.0,41.0,122.0,1,1,1.0
86,2,780.0,0.0,51.0,121.0,1,1,1.0
87,1,829.0,1.0,42.0,123.0,1,1,1.0
87,2,780.0,0.0,50.0,122.0,1,1,1.0
88,1,829.0,1.0,41.0,123.0,1,1,1.0
88,2,780.0,0.0,49.0,124.0,1,1,1.0
89,1,829.0,1.0,41.0,123.0,1,1,1.0
89,2,780.0,0.0,49.0,125.0,1,1,1.0
90,1,829.0,1.0,42.0,123.0,1,1,1.0
90,2,779.0,0.0,50.0,127.0,1,1,1.0
91,1,829.0,1.0,42.0,124.0,1,1,1.0
91,2,777.0,0.0,52.0,128.0,1,1,1.0
92,1,829.0,2.0,43.0,124.0,1,1,1.0
92,2,776.0,0.0,51.0,129.0,1,1,1.0
93,1,827.0,4.0,46.0,123.0,1,1,1.0
93,2,773.0,0.0,51.0,129.0,1,1,1.0
94,1,827.0,5.0,47.0,124.0,1,1,1.0
94,2,771.0,0.0,53.0,129.0,1,1,1.0
95,1,827.0,6.0,47.0,124.0,1,1,1.0
95,2,767.0,0.0,56.0,129.0,1,1,1.0
96,1,827.0,6.0,47.0,125.0,1,1,1.0
96,2,766.0,0.0,55.0,130.0,1,1,1.0
97,1,827.0,6.0,47.0,125.0,1,1,1.0
97,2,765.0,0.0,55.0,130.0,1,1,1.0
98,1,826.0,6.0,46.0,126.0,1,1,1.0
98,2,764.0,0.0,56.0,132.0,1,1,1.0
99,1,826.0,5.0,46.0,126.0,1,1,1.0
99,2,763.0,0.0,56.0,132.0,1,1,1.0
100,1,826.0,5.0,45.0,126.0,1,1,1.0
100,2,762.0,0.0,58.0,132.0,1,1,1.0
101,1,826.0,5.0,45.0,128.0,1,1,1.0
101,2,761.0,0.0,59.0,134.0,1,1,1.0
102,1,826.0,6.0,46.0,129.0,1,1,1.0
102,2,761.0,0.0,60.0,136.0,1,1,1.0
103,1,827.0,7.0,46.0,128.0,1,1,1.0
103,2,762.0,0.0,58.0,137.0,1,1,1.0
104,1,828.0,8.0,45.0,128.0,1,1,1.0
104,2,763.0,0.0,58.0,138.0,1,1,1.0
105,1,828.0,9.0,44.0,129.0,1,1,1.0
105,2,764.0,0.0,58.0,138.0,1,1,1.0
106,1,827.0,9.0,45.0,130.0,1,1,1.0
106,2,766.0,0.0,56.0,138.0,1,1,1.0
107,1,826.0,9.0,45.0,130.0,1,1,1.0
107,2,768.0,0.0,55.0,138.0,1,1,1.0
108,1,825.0,8.0,46.0,131.0,1,1,1.0
108,2,768.0,0.0,55.0,139.0,1,1,1.0
109,1,823.0,8.0,48.0,131.0,1,1,1.0
109,2,769.0,0.0,55.0,141.0,1,1,1.0
110,1,823.0,8.0,48.0,131.0,1,1,1.0
110,2,769.0,0.0,56.0,142.0,1,1,1.0
111,1,823.0,8.0,49.0,132.0,1,1,1.0
111,2,767.0,1.0,57.0,143.0,1,1,1.0
112,1,824.0,9.0,50.0,133.0,1,1,1.0
112,2,766.0,1.0,57.0,144.0,1,1,1.0
113,1,823.0,11.0,51.0,133.0,1,1,1.0
113,2,765.0,2.0,57.0,145.0,1,1,1.0
114,1,822.0,12.0,53.0,133.0,1,1,1.0
114,2,764.0,2.0,57.0,145.0,1,1,1.0
115,1,821.0,12.0,54.0,135.0,1,1,1.0
115,2,764.0,2.0,58.0,146.0,1,1,1.0
116,1,821.0,12.0,53.0,136.0,1,1,1.0
116,2,763.0,1.0,59.0,146.0,1,1,1.0
117,1,821.0,12.0,53.0,136.0,1,1,1.0
117,2,762.0,0.0,60.0,147.0,1,1,1.0
118,1,821.0,12.0,53.0,137.0,1,1,1.0
118,2,761.0,0.0,60.0,147.0,1,1,1.0
119,1,821.0,12.0,53.0,138.0,1,1,1.0
119,2,760.0,1.0,61.0,149.0,1,1,1.0
120,1,821.0,11.0,53.0,138.0,1,1,1.0
120,2,759.0,2.0,62.0,149.0,1,1,1.0
121,1,822.0,11.0,52.0,139.0,1,1,1.0
121,2,759.0,4.0,62.0,146.0,1,1,1.0
122,1,823.0,13.0,50.0,140.0,1,1,1.0
122,2,758.0,5.0,62.0,148.0,1,1,1.0
123,1,824.0,15.0,50.0,139.0,1,1,1.0
123,2,758.0,6.0,62.0,150.0,1,1,1.0
124,1,824.0,16.0,49.0,139.0,1,1,1.0
124,2,758.0,7.0,62.0,153.0,1,1,1.0
125,1,824.0,17.0,48.0,140.0,1,1,1.0
125,2,759.0,7.0,62.0,153.0,1,1,1.0
126,1,823.0,17.0,48.0,141.0,1,1,1.0
126,2,760.0,7.0,61.0,154.0,1,1,1.0
127,1,822.0,18.0,48.0,141.0,1,1,1.0
127,2,760.0,7.0,60.0,154.0,1,1,1.0
128,1,821.0,18.0,48.0,142.0,1,1,1.0
128,2,760.0,6.0,59.0,154.0,1,1,1.0
129,1,820.0,17.0,47.0,142.0,1,1,1.0
129,2,760.0,6.0,59.0,154.0,1,1,1.0
130,1,820.0,17.0,47.0,143.0,1,1,1.0
130,2,760.0,7.0,59.0,154.0,1,1,1.0
131,1,819.0,17.0,49.0,143.0,1,1,1.0
131,2,760.0,7.0,59.0,155.0,1,1,1.0
132,1,818.0,17.0,51.0,145.0,1,1,1.0
132,2,759.0,8.0,60.0,156.0,1,1,1.0
133,1,818.0,18.0,52.0,146.0,1,1,1.0
133,2,758.0,10.0,60.0,157.0,1,1,1.0
134,1,817.0,19.0,53.0,146.0,1,1,1.0
134,2,757.0,11.0,60.0,157.0,1,1,1.0
135,1,818.0,21.0,54.0,147.0,1,1,1.0
135,2,757.0,11.0,60.0,158.0,1,1,1.0
136,1,819.0,22.0,53.0,148.0,1,1,1.0
136,2,756.0,11.0,61.0,159.0,1,1,1.0
137,1,820.0,22.0,52.0,148.0,1,1,1.0
137,2,754.0,11.0,63.0,159.0,1,1,1.0
138,1,819.0,21.0,51.0,149.0,1,1,1.0
138,2,753.0,10.0,63.0,160.0,1,1,1.0
139,1,819.0,21.0,51.0,149.0,1,1,1.0
139,2,751.0,9.0,64.0,161.0,1,1,1.0
140,1,819.0,21.0,52.0,149.0,1,1,1.0
140,2,750.0,9.0,65.0,161.0,1,1,1.0
141,1,818.0,21.0,53.0,150.0,1,1,1.0
141,2,749.0,9.0,66.0,162.0,1,1,1.0
142,1,818.0,22.0,53.0,152.0,1,1,1.0
142,2,747.0,10.0,67.0,162.0,1,1,1.0
143,1,817.0,23.0,54.0,153.0,1,1,1.0
143,2,746.0,12.0,67.0,162.0,1,1,1.0
144,1,817.0,25.0,53.0,153.0,1,1,1.0
144,2,746.0,14.0,67.0,163.0,1,1,1.0
145,1,817.0,27.0,51.0,153.0,1,1,1.0
145,2,745.0,14.0,68.0,165.0,1,1,1.0
146,1,816.0,28.0,51.0,154.0,1,1,1.0
146,2,745.0,15.0,68.0,166.0,1,1,1.0
147,1,815.0,28.0,50.0,154.0,1,1,1.0
147,2,746.0,15.0,67.0,167.0,1,1,1.0
148,1,813.0,28.0,51.0,155.0,1,1,1.0
148,2,746.0,15.0,66.0,168.0,1,1,1.0
149,1,812.0,28.0,52.0,155.0,1,1,1.0
149,2,747.0,14.0,65.0,168.0,1,1,1.0
150,1,810.0,28.0,53.0,155.0,1,1,1.0
150,2,748.0,13.0,64.0,169.0,1,1,1.0
151,1,808.0,28.0,54.0,155.0,1,1,1.0
151,2,748.0,13.0,63.0,169.0,1,1,1.0
152,1,807.0,28.0,56.0,157.0,1,1,1.0
152,2,747.0,14.0,63.0,171.0,1,1,1.0
153,1,805.0,30.0,57.0,158.0,1,1,1.0
153,2,747.0,15.0,62.0,172.0,1,1,1.0
154,1,805.0,31.0,58.0,159.0,1,1,1.0
154,2,746.0,17.0,63.0,173.0,1,1,1.0
155,1,804.0,33.0,59.0,159.0,1,1,1.0
155,2,745.0,19.0,63.0,173.0,1,1,1.0
156,1,804.0,34.0,59.0,159.0,1,1,1.0
156,2,744.0,20.0,64.0,175.0,1,1,1.0
157,1,803.0,35.0,59.0,160.0,1,1,1.0
157,2,743.0,20.0,65.0,176.0,1,1,1.0
158,1,803.0,34.0,58.0,160.0,1,1,1.0
158,2,742.0,20.0,65.0,176.0,1,1,1.0
159,1,803.0,34.0,57.0,161.0,1,1,1.0
159,2,739.0,19.0,67.0,177.0,1,1,1.0
160,1,803.0,34.0,57.0,162.0,1,1,1.0
160,2,736.0,18.0,69.0,179.0,1,1,1.0
161,1,802.0,33.0,58.0,162.0,1,1,1.0
161,2,734.0,17.0,70.0,180.0,1,1,1.0
162,1,801.0,33.0,59.0,164.0,1,1,1.0
162,2,732.0,17.0,70.0,181.0,1,1,1.0
163,1,801.0,34.0,58.0,167.0,1,1,1.0
163,2,731.0,18.0,70.0,182.0,1,1,1.0
164,1,800.0,36.0,56.0,168.0,1,1,1.0
164,2,729.0,20.0,71.0,182.0,1,1,1.0
165,1,799.0,38.0,55.0,167.0,1,1,1.0
165,2,728.0,22.0,71.0,180.0,1,1,1.0
166,1,797.0,39.0,56.0,168.0,1,1,1.0
166,2,728.0,23.0,71.0,183.0,1,1,1.0
167,1,794.0,40.0,57.0,169.0,1,1,1.0
167,2,727.0,24.0,71.0,185.0,1,1,1.0
168,1,792.0,41.0,58.0,170.0,1,1,1.0
168,2,726.0,25.0,70.0,187.0,1,1,1.0
169,1,790.0,41.0,60.0,170.0,1,1,1.0
169,2,726.0,26.0,70.0,187.0,1,1,1.0
170,1,788.0,40.0,62.0,171.0,1,1,1.0
170,2,726.0,25.0,69.0,188.0,1,1,1.0
171,1,785.0,40.0,63.0,171.0,1,1,1.0
171,2,726.0,24.0,68.0,189.0,1,1,1.0
172,1,783.0,39.0,63.0,172.0,1,1,1.0
172,2,725.0,24.0,68.0,189.0,1,1,1.0
173,1,782.0,40.0,64.0,173.0,1,1,1.0
173,2,725.0,24.0,69.0,190.0,1,1,1.0
174,1,781.0,41.0,66.0,175.0,1,1,1.0
174,2,723.0,26.0,69.0,192.0,1,1,1.0
175,1,781.0,43.0,67.0,174.0,1,1,1.0
175,2,722.0,28.0,69.0,193.0,1,1,1.0
176,1,781.0,45.0,68.0,177.0,1,1,1.0
176,2,720.0,30.0,70.0,194.0,1,1,1.0
177,1,782.0,47.0,67.0,178.0,1,1,1.0
177,2,718.0,32.0,72.0,196.0,1,1,1.0
178,1,784.0,48.0,65.0,179.0,1,1,1.0
178,2,716.0,33.0,74.0,196.0,1,1,1.0
179,1,785.0,48.0,63.0,180.0,1,1,1.0
179,2,713.0,34.0,76.0,196.0,1,1,1.0
180,1,786.0,48.0,61.0,180.0,1,1,1.0
180,2,710.0,34.0,78.0,196.0,1,1,1.0
181,1,786.0,48.0,61.0,180.0,1,1,1.0
181,2,707.0,34.0,78.0,196.0,1,1,1.0
182,1,786.0,48.0,61.0,180.0,1,1,1.0
182,2,704.0,34.0,79.0,196.0,1,1,1.0
183,1,786.0,48.0,61.0,182.0,1,1,1.0
183,2,701.0,33.0,81.0,197.0,1,1,1.0
184,1,786.0,50.0,60.0,185.0,1,1,1.0
184,2,698.0,33.0,81.0,201.0,1,1,1.0
185,1,785.0,52.0,59.0,186.0,1,1,1.0
185,2,696.0,34.0,82.0,203.0,1,1,1.0
186,1,785.0,54.0,59.0,187.0,1,1,1.0
186,2,693.0,37.0,84.0,201.0,1,1,1.0
187,1,784.0,55.0,60.0,189.0,1,1,1.0
187,2,692.0,41.0,84.0,202.0,1,1,1.0
188,1,783.0,55.0,60.0,191.0,1,1,1.0
188,2,690.0,44.0,85.0,203.0,1,1,1.0
189,1,782.0,56.0,61.0,192.0,1,1,1.0
189,2,688.0,46.0,85.0,205.0,1,1,1.0
190,1,781.0,56.0,62.0,193.0,1,1,1.0
190,2,687.0,47.0,85.0,205.0,1,1,1.0
191,1,780.0,56.0,63.0,193.0,1,1,1.0
191,2,687.0,47.0,85.0,205.0,1,1,1.0
192,1,779.0,56.0,64.0,194.0,1,1,1.0
192,2,688.0,46.0,84.0,206.0,1,1,1.0
193,1,777.0,56.0,65.0,193.0,1,1,1.0
193,2,688.0,46.0,83.0,207.0,1,1,1.0
194,1,776.0,56.0,67.0,197.0,1,1,1.0
194,2,688.0,47.0,82.0,209.0,1,1,1.0
195,1,775.0,59.0,70.0,197.0,1,1,1.0
195,2,688.0,47.0,82.0,212.0,1,1,1.0
196,1,775.0,62.0,72.0,198.0,1,1,1.0
196,2,688.0,46.0,82.0,215.0,1,1,1.0
197,1,774.0,65.0,74.0,199.0,1,1,1.0
197,2,686.0,49.0,83.0,216.0,1,1,1.0
198,1,774.0,66.0,75.0,200.0,1,1,1.0
198,2,685.0,52.0,84.0,217.0,1,1,1.0
199,1,775.0,67.0,73.0,201.0,1,1,1.0
199,2,683.0,55.0,85.0,219.0,1,1,1.0
200,1,775.0,67.0,69.0,202.0,1,1,1.0
200,2,681.0,56.0,86.0,220.0,1,1,1.0
201,1,775.0,68.0,67.0,202.0,1,1,1.0
201,2,678.0,57.0,88.0,220.0,1,1,1.0
202,1,775.0,68.0,66.0,202.0,1,1,1.0
202,2,677.0,57.0,88.0,220.0,1,1,1.0
203,1,774.0,68.0,68.0,202.0,1,1,1.0
203,2,676.0,57.0,88.0,220.0,1,1,1.0
204,1,772.0,69.0,70.0,206.0,1,1,1.0
204,2,675.0,56.0,88.0,220.0,1,1,1.0
205,1,771.0,71.0,70.0,208.0,1,1,1.0
205,2,673.0,57.0,89.0,222.0,1,1,1.0
206,1,771.0,74.0,69.0,209.0,1,1,1.0
206,2,672.0,58.0,90.0,226.0,1,1,1.0
207,1,770.0,77.0,68.0,210.0,1,1,1.0
207,2,672.0,61.0,91.0,224.0,1,1,1.0
208,1,770.0,79.0,67.0,212.0,1,1,1.0
208,2,671.0,64.0,92.0,223.0,1,1,1.0
209,1,768.0,80.0,68.0,214.0,1,1,1.0
209,2,672.0,66.0,92.0,227.0,1,1,1.0
210,1,766.0,81.0,70.0,215.0,1,1,1.0
210,2,673.0,68.0,92.0,230.0,1,1,1.0
211,1,763.0,81.0,71.0,216.0,1,1,1.0
211,2,673.0,69.0,91.0,230.0,1,1,1.0
212,1,761.0,81.0,73.0,216.0,1,1,1.0
212,2,674.0,69.0,90.0,230.0,1,1,1.0
213,1,759.0,81.0,76.0,216.0,1,1,1.0
213,2,676.0,68.0,90.0,231.0,1,1,1.0
214,1,757.0,81.0,78.0,217.0,1,1,1.0
214,2,676.0,68.0,89.0,231.0,1,1,1.0
215,1,756.0,83.0,81.0,221.0,1,1,1.0
215,2,677.0,68.0,88.0,235.0,1,1,1.0
216,1,755.0,85.0,83.0,222.0,1,1,1.0
216,2,676.0,69.0,88.0,240.0,1,1,1.0
217,1,754.0,89.0,85.0,223.0,1,1,1.0
217,2,675.0,72.0,89.0,242.0,1,1,1.0
218,1,755.0,91.0,86.0,225.0,1,1,1.0
218,2,674.0,74.0,91.0,243.0,1,1,1.0
219,1,756.0,93.0,85.0,228.0,1,1,1.0
219,2,673.0,76.0,91.0,247.0,1,1,1.0
220,1,758.0,94.0,82.0,229.0,1,1,1.0
220,2,672.0,78.0,92.0,249.0,1,1,1.0
221,1,761.0,95.0,79.0,229.0,1,1,1.0
221,2,670.0,80.0,95.0,249.0,1,1,1.0
222,1,763.0,95.0,76.0,230.0,1,1,1.0
222,2,667.0,80.0,98.0,249.0,1,1,1.0
223,1,764.0,95.0,75.0,230.0,1,1,1.0
223,2,664.0,79.0,100.0,250.0,1,1,1.0
224,1,764.0,96.0,76.0,230.0,1,1,1.0
224,2,662.0,78.0,102.0,252.0,1,1,1.0
225,1,764.0,97.0,76.0,235.0,1,1,1.0
225,2,660.0,77.0,102.0,252.0,1,1,1.0
226,1,764.0,100.0,77.0,237.0,1,1,1.0
226,2,657.0,78.0,104.0,256.0,1,1,1.0
227,1,764.0,103.0,77.0,238.0,1,1,1.0
227,2,655.0,79.0,105.0,260.0,1,1,1.0
228,1,763.0,107.0,78.0,240.0,1,1,1.0
228,2,654.0,82.0,107.0,261.0,1,1,1.0
229,1,762.0,110.0,80.0,243.0,1,1,1.0
229,2,653.0,85.0,107.0,263.0,1,1,1.0
230,1,762.0,111.0,81.0,245.0,1,1,1.0
230,2,652.0,87.0,108.0,267.0,1,1,1.0
231,1,762.0,112.0,81.0,245.0,1,1,1.0
231,2,652.0,89.0,109.0,269.0,1,1,1.0
232,1,761.0,112.0,82.0,246.0,1,1,1.0
232,2,653.0,90.0,109.0,269.0,1,1,1.0
233,1,761.0,112.0,83.0,246.0,1,1,1.0
233,2,655.0,90.0,108.0,270.0,1,1,1.0
234,1,760.0,112.0,85.0,247.0,1,1,1.0
234,2,658.0,89.0,105.0,271.0,1,1,1.0
235,1,756.0,111.0,90.0,251.0,1,1,1.0
235,2,661.0,88.0,102.0,271.0,1,1,1.0
236,1,753.0,113.0,95.0,256.0,1,1,1.0
236,2,662.0,89.0,100.0,275.0,1,1,1.0
237,1,751.0,116.0,98.0,259.0,1,1,1.0
237,2,663.0,91.0,100.0,281.0,1,1,1.0
238,1,751.0,121.0,99.0,260.0,1,1,1.0
238,2,664.0,93.0,101.0,283.0,1,1,1.0
239,1,751.0,124.0,100.0,263.0,1,1,1.0
239,2,663.0,97.0,102.0,284.0,1,1,1.0
240,1,752.0,126.0,99.0,266.0,1,1,1.0
240,2,663.0,100.0,102.0,289.0,1,1,1.0
241,1,754.0,128.0,97.0,267.0,1,1,1.0
241,2,661.0,103.0,105.0,291.0,1,1,1.0
242,1,755.0,130.0,94.0,267.0,1,1,1.0
242,2,660.0,105.0,108.0,291.0,1,1,1.0
243,1,756.0,130.0,89.0,267.0,1,1,1.0
243,2,658.0,106.0,112.0,290.0,1,1,1.0
244,1,757.0,130.0,87.0,267.0,1,1,1.0
244,2,655.0,106.0,112.0,291.0,1,1,1.0
245,1,757.0,131.0,87.0,270.0,1,1,1.0
245,2,653.0,105.0,113.0,291.0,1,1,1.0
246,1,758.0,133.0,87.0,275.0,1,1,1.0
246,2,650.0,105.0,115.0,290.0,1,1,1.0
247,1,758.0,135.0,88.0,276.0,1,1,1.0
247,2,648.0,107.0,117.0,293.0,1,1,1.0
248,1,758.0,139.0,87.0,277.0,1,1,1.0
248,2,645.0,109.0,118.0,302.0,1,1,1.0
249,1,757.0,144.0,88.0,278.0,1,1,1.0
249,2,643.0,112.0,119.0,305.0,1,1,1.0
250,1,755.0,149.0,88.0,280.0,1,1,1.0
250,2,642.0,116.0,119.0,305.0,1,1,1.0
251,1,753.0,153.0,90.0,280.0,1,1,1.0
251,2,641.0,119.0,119.0,310.0,1,1,1.0
252,1,752.0,155.0,91.0,279.0,1,1,1.0
252,2,642.0,122.0,118.0,313.0,1,1,1.0
253,1,748.0,156.0,94.0,279.0,1,1,1.0
253,2,642.0,123.0,117.0,313.0,1,1,1.0
254,1,746.0,157.0,97.0,279.0,1,1,1.0
254,2,642.0,124.0,116.0,313.0,1,1,1.0
255,1,744.0,158.0,102.0,278.0,1,1,1.0
255,2,642.0,123.0,116.0,314.0,1,1,1.0
256,1,742.0,159.0,106.0,279.0,1,1,1.0
256,2,643.0,124.0,116.0,313.0,1,1,1.0
257,1,740.0,161.0,109.0,286.0,1,1,1.0
257,2,643.0,125.0,116.0,314.0,1,1,1.0
258,1,739.0,163.0,112.0,291.0,1,1,1.0
258,2,642.0,127.0,117.0,321.0,1,1,1.0
259,1,738.0,167.0,114.0,293.0,1,1,1.0
259,2,642.0,131.0,117.0,326.0,1,1,1.0
260,1,739.0,172.0,115.0,294.0,1,1,1.0
260,2,641.0,135.0,118.0,328.0,1,1,1.0
261,1,740.0,176.0,115.0,297.0,1,1,1.0
261,2,640.0,140.0,120.0,332.0,1,1,1.0
262,1,742.0,178.0,114.0,300.0,1,1,1.0
262,2,638.0,143.0,124.0,336.0,1,1,1.0
263,1,744.0,179.0,111.0,301.0,1,1,1.0
263,2,635.0,145.0,130.0,336.0,1,1,1.0
264,1,744.0,180.0,110.0,301.0,1,1,1.0
264,2,632.0,147.0,132.0,336.0,1,1,1.0
265,1,745.0,181.0,108.0,300.0,1,1,1.0
265,2,628.0,147.0,131.0,336.0,1,1,1.0
266,1,747.0,181.0,105.0,300.0,1,1,1.0
266,2,624.0,147.0,131.0,336.0,1,1,1.0
267,1,749.0,182.0,102.0,302.0,1,1,1.0
267,2,621.0,147.0,132.0,335.0,1,1,1.0
268,1,750.0,183.0,103.0,312.0,1,1,1.0
268,2,618.0,148.0,134.0,337.0,1,1,1.0
269,1,749.0,185.0,103.0,317.0,1,1,1.0
269,2,615.0,150.0,136.0,344.0,1,1,1.0
270,1,748.0,188.0,102.0,321.0,1,1,1.0
270,2,612.0,154.0,137.0,347.0,1,1,1.0
271,1,747.0,192.0,102.0,323.0,1,1,1.0
271,2,611.0,157.0,138.0,347.0,1,1,1.0
272,1,745.0,196.0,104.0,327.0,1,1,1.0
272,2,610.0,161.0,138.0,352.0,1,1,1.0
273,1,743.0,198.0,104.0,331.0,1,1,1.0
273,2,610.0,165.0,138.0,360.0,1,1,1.0
274,1,740.0,199.0,105.0,333.0,1,1,1.0
274,2,611.0,168.0,138.0,363.0,1,1,1.0
275,1,737.0,200.0,109.0,333.0,1,1,1.0
275,2,613.0,170.0,137.0,363.0,1,1,1.0
276,1,731.0,201.0,115.0,333.0,1,1,1.0
276,2,616.0,171.0,135.0,362.0,1,1,1.0
277,1,726.0,203.0,122.0,331.0,1,1,1.0
277,2,618.0,171.0,133.0,362.0,1,1,1.0
278,1,722.0,205.0,128.0,331.0,1,1,1.0
278,2,620.0,171.0,132.0,362.0,1,1,1.0
279,1,721.0,208.0,132.0,340.0,1,1,1.0
279,2,622.0,173.0,131.0,363.0,1,1,1.0
280,1,721.0,212.0,135.0,346.0,1,1,1.0
280,2,622.0,175.0,131.0,374.0,1,1,1.0
281,1,724.0,217.0,135.0,351.0,1,1,1.0
281,2,622.0,178.0,131.0,382.0,1,1,1.0
282,1,727.0,223.0,134.0,353.0,1,1,1.0
282,2,620.0,183.0,133.0,384.0,1,1,1.0
283,1,730.0,227.0,133.0,359.0,1,1,1.0
283,2,619.0,188.0,134.0,388.0,1,1,1.0
284,1,731.0,228.0,133.0,363.0,1,1,1.0
284,2,617.0,192.0,136.0,393.0,1,1,1.0
285,1,732.0,230.0,132.0,363.0,1,1,1.0
285,2,614.0,196.0,138.0,394.0,1,1,1.0
286,1,733.0,232.0,131.0,362.0,1,1,1.0
286,2,611.0,200.0,142.0,392.0,1,1,1.0
287,1,735.0,234.0,130.0,361.0,1,1,1.0
287,2,607.0,202.0,151.0,390.0,1,1,1.0
288,1,737.0,235.0,131.0,359.0,1,1,1.0
288,2,604.0,203.0,152.0,389.0,1,1,1.0
289,1,740.0,237.0,131.0,367.0,1,1,1.0
289,2,600.0,205.0,153.0,388.0,1,1,1.0
290,1,742.0,240.0,131.0,380.0,1,1,1.0
290,2,597.0,206.0,154.0,387.0,1,1,1.0
291,1,743.0,244.0,129.0,384.0,1,1,1.0
291,2,595.0,209.0,156.0,398.0,1,1,1.0
292,1,743.0,249.0,128.0,385.0,1,1,1.0
292,2,593.0,212.0,158.0,409.0,1,1,1.0
293,1,742.0,255.0,130.0,389.0,1,1,1.0
293,2,592.0,218.0,159.0,411.0,1,1,1.0
294,1,740.0,259.0,131.0,396.0,1,1,1.0
294,2,592.0,223.0,160.0,415.0,1,1,1.0
295,1,737.0,263.0,133.0,399.0,1,1,1.0
295,2,593.0,229.0,160.0,423.0,1,1,1.0
296,1,734.0,266.0,136.0,398.0,1,1,1.0
296,2,595.0,234.0,160.0,425.0,1,1,1.0
297,1,732.0,270.0,138.0,397.0,1,1,1.0
297,2,598.0,237.0,159.0,424.0,1,1,1.0
298,1,730.0,272.0,140.0,395.0,1,1,1.0
298,2,601.0,239.0,158.0,422.0,1,1,1.0
299,1,727.0,274.0,144.0,393.0,1,1,1.0
299,2,604.0,240.0,157.0,422.0,1,1,1.0
300,1,723.0,277.0,150.0,394.0,1,1,1.0
300,2,606.0,240.0,156.0,423.0,1,1,1.0
301,1,720.0,281.0,155.0,408.0,1,1,1.0
301,2,607.0,241.0,155.0,422.0,1,1,1.0
302,1,719.0,287.0,158.0,422.0,1,1,1.0
302,2,607.0,244.0,157.0,437.0,1,1,1.0
303,1,720.0,293.0,160.0,426.0,1,1,1.0
303,2,606.0,248.0,159.0,451.0,1,1,1.0
304,1,721.0,301.0,163.0,431.0,1,1,1.0
304,2,604.0,254.0,162.0,458.0,1,1,1.0
305,1,724.0,306.0,161.0,435.0,1,1,1.0
305,2,603.0,259.0,165.0,468.0,1,1,1.0
306,1,731.0,310.0,155.0,436.0,1,1,1.0
306,2,600.0,265.0,166.0,472.0,1,1,1.0
307,1,734.0,314.0,151.0,434.0,1,1,1.0
307,2,597.0,269.0,170.0,471.0,1,1,1.0
308,1,734.0,318.0,150.0,431.0,1,1,1.0
308,2,593.0,273.0,174.0,468.0,1,1,1.0
309,1,736.0,322.0,152.0,427.0,1,1,1.0
309,2,589.0,275.0,178.0,466.0,1,1,1.0
310,1,738.0,325.0,155.0,424.0,1,1,1.0
310,2,585.0,276.0,181.0,465.0,1,1,1.0
311,1,739.0,330.0,159.0,433.0,1,1,1.0
311,2,581.0,277.0,184.0,463.0,1,1,1.0
312,1,739.0,336.0,163.0,451.0,1,1,1.0
312,2,578.0,279.0,187.0,461.0,1,1,1.0
313,1,737.0,344.0,168.0,463.0,1,1,1.0
313,2,576.0,281.0,190.0,475.0,1,1,1.0
314,1,735.0,353.0,171.0,466.0,1,1,1.0
314,2,574.0,285.0,192.0,490.0,1,1,1.0
315,1,735.0,362.0,172.0,474.0,1,1,1.0
315,2,573.0,291.0,193.0,496.0,1,1,1.0
316,1,735.0,370.0,172.0,480.0,1,1,1.0
316,2,574.0,298.0,195.0,505.0,1,1,1.0
317,1,733.0,376.0,171.0,480.0,1,1,1.0
317,2,575.0,304.0,196.0,513.0,1,1,1.0
318,1,732.0,382.0,172.0,479.0,1,1,1.0
318,2,577.0,310.0,196.0,517.0,1,1,1.0
319,1,730.0,387.0,172.0,475.0,1,1,1.0
319,2,579.0,315.0,194.0,516.0,1,1,1.0
320,1,728.0,393.0,173.0,469.0,1,1,1.0
320,2,582.0,319.0,190.0,514.0,1,1,1.0
321,1,726.0,399.0,178.0,463.0,1,1,1.0
321,2,584.0,322.0,187.0,511.0,1,1,1.0
322,1,723.0,405.0,185.0,473.0,1,1,1.0
322,2,586.0,325.0,185.0,507.0,1,1,1.0
323,1,720.0,411.0,190.0,497.0,1,1,1.0
323,2,586.0,327.0,185.0,504.0,1,1,1.0
324,1,720.0,419.0,193.0,512.0,1,1,1.0
324,2,587.0,331.0,186.0,505.0,1,1,1.0
325,1,721.0,430.0,195.0,517.0,1,1,1.0
325,2,587.0,337.0,191.0,525.0,1,1,1.0
326,1,724.0,440.0,196.0,524.0,1,1,1.0
326,2,587.0,342.0,193.0,545.0,1,1,1.0
327,1,731.0,450.0,192.0,526.0,1,1,1.0
327,2,587.0,350.0,193.0,555.0,1,1,1.0
328,1,734.0,459.0,188.0,521.0,1,1,1.0
328,2,587.0,358.0,194.0,563.0,1,1,1.0
329,1,733.0,466.0,188.0,516.0,1,1,1.0
329,2,586.0,365.0,195.0,570.0,1,1,1.0
330,1,729.0,473.0,193.0,510.0,1,1,1.0
330,2,584.0,373.0,197.0,570.0,1,1,1.0
331,1,725.0,481.0,202.0,502.0,1,1,1.0
331,2,582.0,381.0,199.0,564.0,1,1,1.0
332,1,722.0,488.0,211.0,495.0,1,1,1.0
332,2,578.0,385.0,203.0,559.0,1,1,1.0
333,1,722.0,496.0,217.0,513.0,1,1,1.0
333,2,574.0,388.0,207.0,556.0,1,1,1.0
334,1,723.0,504.0,217.0,537.0,1,1,1.0
334,2,570.0,391.0,209.0,553.0,1,1,1.0
335,1,723.0,514.0,215.0,549.0,1,1,1.0
335,2,566.0,395.0,214.0,549.0,1,1,1.0
336,1,723.0,525.0,215.0,553.0,1,1,1.0
336,2,562.0,400.0,220.0,562.0,1,1,1.0
337,1,721.0,535.0,216.0,547.0,1,1,1.0
337,2,558.0,407.0,225.0,583.0,1,1,1.0
338,1,720.0,547.0,217.0,537.0,1,1,1.0
338,2,555.0,414.0,227.0,597.0,1,1,1.0
339,1,714.0,556.0,220.0,528.0,1,1,1.0
339,2,554.0,422.0,226.0,608.0,1,1,1.0
340,1,710.0,564.0,220.0,520.0,1,1,1.0
340,2,554.0,430.0,225.0,614.0,1,1,1.0
341,1,707.0,571.0,220.0,512.0,1,1,1.0
341,2,554.0,439.0,223.0,617.0,1,1,1.0
342,1,704.0,579.0,224.0,504.0,1,1,1.0
342,2,556.0,445.0,224.0,614.0,1,1,1.0
343,1,703.0,585.0,230.0,497.0,1,1,1.0
343,2,558.0,451.0,223.0,609.0,1,1,1.0
344,1,698.0,594.0,241.0,488.0,1,1,1.0
344,2,559.0,455.0,223.0,607.0,1,1,1.0
345,1,690.0,605.0,252.0,476.0,1,1,1.0
345,2,560.0,459.0,225.0,603.0,1,1,1.0
346,1,685.0,619.0,258.0,462.0,1,1,1.0
346,2,560.0,463.0,229.0,555.0,1,1,1.0
347,1,684.0,635.0,260.0,446.0,1,1,1.0
347,2,560.0,469.0,238.0,561.0,1,1,1.0
348,1,685.0,650.0,259.0,430.0,1,1,1.0
348,2,559.0,476.0,238.0,585.0,1,1,1.0
349,1,684.0,666.0,261.0,415.0,1,1,1.0
349,2,558.0,484.0,249.0,590.0,1,1,1.0
350,1,681.0,684.0,262.0,396.0,1,1,1.0
350,2,556.0,493.0,247.0,586.0,1,1,1.0
351,1,680.0,699.0,263.0,381.0,1,1,1.0
351,2,553.0,504.0,247.0,578.0,1,1,1.0
352,1,680.0,714.0,266.0,366.0,1,1,1.0
352,2,549.0,515.0,250.0,566.0,1,1,1.0
353,1,681.0,727.0,270.0,352.0,1,1,1.0
353,2,542.0,526.0,254.0,555.0,1,1,1.0
354,1,678.0,737.0,275.0,342.0,1,1,1.0
354,2,534.0,536.0,259.0,545.0,1,1,1.0
355,1,675.0,756.0,277.0,323.0,1,1,1.0
355,2,525.0,545.0,280.0,536.0,1,1,1.0
356,1,671.0,765.0,277.0,314.0,1,1,1.0
356,2,516.0,551.0,279.0,529.0,1,1,1.0
357,1,668.0,781.0,275.0,298.0,1,1,1.0
357,2,508.0,558.0,279.0,522.0,1,1,1.0
358,1,662.0,800.0,273.0,279.0,1,1,1.0
358,2,500.0,564.0,286.0,515.0,1,1,1.0
359,1,656.0,817.0,268.0,262.0,1,1,1.0
359,2,493.0,572.0,296.0,508.0,1,1,1.0
360,1,649.0,834.0,262.0,244.0,1,1,1.0
360,2,488.0,580.0,304.0,499.0,1,1,1.0
361,1,640.0,849.0,255.0,230.0,1,1,1.0
361,2,484.0,590.0,309.0,489.0,1,1,1.0
362,1,628.0,865.0,253.0,214.0,1,1,1.0
362,2,481.0,602.0,312.0,477.0,1,1,1.0
363,1,617.0,879.0,251.0,200.0,1,1,1.0
363,2,481.0,616.0,314.0,463.0,1,1,1.0
364,1,599.0,879.0,257.0,199.0,1,1,1.0
364,2,484.0,631.0,316.0,448.0,1,1,1.0
365,1,581.0,888.0,266.0,190.0,1,1,1.0
365,2,488.0,644.0,317.0,435.0,1,1,1.0
366,1,575.0,897.0,259.0,182.0,1,1,1.0
366,2,494.0,654.0,316.0,424.0,1,1,1.0
367,1,563.0,904.0,251.0,175.0,1,1,1.0
367,2,499.0,661.0,315.0,417.0,1,1,1.0
368,1,554.0,912.0,237.0,166.0,1,1,1.0
368,2,505.0,667.0,313.0,411.0,1,1,1.0
369,1,541.0,922.0,229.0,157.0,1,1,1.0
369,2,510.0,673.0,311.0,406.0,1,1,1.0
370,1,527.0,933.0,222.0,146.0,1,1,1.0
370,2,513.0,676.0,310.0,403.0,1,1,1.0
371,2,514.0,681.0,309.0,398.0,1,1,1.0
372,3,1016.0,5.0,37.0,51.0,1,1,1.0
372,2,509.0,685.0,311.0,394.0,1,1,1.0
373,2,503.0,689.0,313.0,389.0,1,1,1.0
374,2,503.0,693.0,310.0,386.0,1,1,1.0
375,2,488.0,695.0,320.0,383.0,1,1,1.0
376,2,479.0,697.0,327.0,381.0,1,1,1.0
377,3,1016.0,4.0,37.0,51.0,1,1,1.0
377,2,490.0,700.0,315.0,379.0,1,1,1.0
378,3,1016.0,4.0,37.0,51.0,1,1,1.0
378,2,497.0,704.0,307.0,375.0,1,1,1.0
379,2,502.0,710.0,303.0,369.0,1,1,1.0
380,3,1016.0,4.0,37.0,51.0,1,1,1.0
380,2,508.0,717.0,299.0,361.0,1,1,1.0
381,3,1016.0,5.0,37.0,51.0,1,1,1.0
381,2,512.0,726.0,295.0,353.0,1,1,1.0
382,3,1016.0,5.0,37.0,51.0,1,1,1.0
382,2,515.0,735.0,291.0,343.0,1,1,1.0
383,3,1017.0,4.0,37.0,51.0,1,1,1.0
383,2,518.0,743.0,289.0,335.0,1,1,1.0
384,3,1017.0,4.0,37.0,51.0,1,1,1.0
384,2,518.0,753.0,288.0,325.0,1,1,1.0
385,3,1017.0,4.0,37.0,51.0,1,1,1.0
385,2,518.0,762.0,287.0,316.0,1,1,1.0
386,2,516.0,768.0,284.0,310.0,1,1,1.0
387,2,512.0,769.0,279.0,309.0,1,1,1.0
388,4,324.0,987.0,134.0,91.0,1,1,1.0
388,2,506.0,763.0,276.0,315.0,1,1,1.0
389,2,499.0,761.0,276.0,317.0,1,1,1.0
390,4,301.0,972.0,132.0,106.0,1,1,1.0
390,2,492.0,756.0,279.0,322.0,1,1,1.0
391,3,1017.0,4.0,36.0,51.0,1,1,1.0
391,4,289.0,963.0,131.0,116.0,1,1,1.0
391,2,486.0,748.0,283.0,331.0,1,1,1.0
392,4,278.0,955.0,127.0,123.0,1,1,1.0
392,2,481.0,743.0,284.0,335.0,1,1,1.0
393,4,267.0,946.0,126.0,132.0,1,1,1.0
393,2,476.0,737.0,286.0,341.0,1,1,1.0
394,3,1017.0,4.0,37.0,51.0,1,1,1.0
394,4,256.0,938.0,125.0,140.0,1,1,1.0
394,2,471.0,728.0,286.0,350.0,1,1,1.0
395,2,466.0,718.0,285.0,360.0,1,1,1.0
396,4,230.0,924.0,200.0,154.0,1,1,1.0
396,2,463.0,708.0,284.0,370.0,1,1,1.0
397,3,1017.0,4.0,37.0,51.0,1,1,1.0
397,4,215.0,914.0,222.0,163.0,1,1,1.0
397,2,461.0,697.0,280.0,381.0,1,1,1.0
398,4,199.0,903.0,240.0,174.0,1,1,1.0
398,2,462.0,684.0,275.0,394.0,1,1,1.0
399,4,183.0,891.0,256.0,186.0,1,1,1.0
399,2,462.0,665.0,269.0,413.0,1,1,1.0
400,4,171.0,878.0,269.0,199.0,1,1,1.0
400,2,462.0,665.0,264.0,413.0,1,1,1.0
401,4,162.0,867.0,276.0,210.0,1,1,1.0
401,2,463.0,659.0,256.0,419.0,1,1,1.0
402,4,156.0,855.0,277.0,222.0,1,1,1.0
402,2,463.0,653.0,250.0,425.0,1,1,1.0
403,4,152.0,843.0,273.0,234.0,1,1,1.0
403,2,461.0,650.0,246.0,429.0,1,1,1.0
404,4,149.0,833.0,270.0,245.0,1,1,1.0
404,2,459.0,646.0,244.0,433.0,1,1,1.0
405,4,147.0,821.0,266.0,256.0,1,1,1.0
405,2,452.0,641.0,245.0,437.0,1,1,1.0
406,4,146.0,811.0,262.0,266.0,1,1,1.0
406,2,442.0,638.0,248.0,440.0,1,1,1.0
407,4,147.0,802.0,258.0,275.0,1,1,1.0
407,2,430.0,634.0,253.0,444.0,1,1,1.0
408,4,149.0,791.0,254.0,287.0,1,1,1.0
408,2,417.0,632.0,260.0,447.0,1,1,1.0
409,4,151.0,777.0,249.0,301.0,1,1,1.0
409,2,402.0,628.0,270.0,450.0,1,1,1.0
410,4,148.0,763.0,252.0,315.0,1,1,1.0
410,2,386.0,625.0,280.0,453.0,1,1,1.0
411,4,146.0,747.0,250.0,331.0,1,1,1.0
411,2,370.0,621.0,292.0,457.0,1,1,1.0
412,4,144.0,732.0,249.0,346.0,1,1,1.0
412,2,354.0,615.0,303.0,463.0,1,1,1.0
413,4,138.0,719.0,247.0,359.0,1,1,1.0
413,2,339.0,610.0,311.0,468.0,1,1,1.0
414,4,137.0,708.0,238.0,370.0,1,1,1.0
414,2,326.0,602.0,315.0,476.0,1,1,1.0
415,4,137.0,699.0,233.0,379.0,1,1,1.0
415,2,313.0,592.0,320.0,486.0,1,1,1.0
416,4,137.0,692.0,233.0,386.0,1,1,1.0
416,2,302.0,584.0,321.0,494.0,1,1,1.0
417,4,134.0,683.0,235.0,395.0,1,1,1.0
417,2,293.0,577.0,322.0,501.0,1,1,1.0
418,4,131.0,678.0,237.0,400.0,1,1,1.0
418,2,286.0,570.0,323.0,508.0,1,1,1.0
419,4,128.0,671.0,239.0,407.0,1,1,1.0
419,2,281.0,563.0,316.0,515.0,1,1,1.0
420,4,124.0,665.0,241.0,412.0,1,1,1.0
420,2,278.0,555.0,310.0,523.0,1,1,1.0
421,4,119.0,658.0,239.0,420.0,1,1,1.0
421,2,275.0,547.0,304.0,531.0,1,1,1.0
422,4,113.0,648.0,243.0,430.0,1,1,1.0
422,2,273.0,539.0,298.0,539.0,1,1,1.0
423,4,109.0,637.0,246.0,441.0,1,1,1.0
423,2,272.0,530.0,292.0,548.0,1,1,1.0
424,4,105.0,627.0,244.0,451.0,1,1,1.0
424,2,272.0,521.0,284.0,558.0,1,1,1.0
425,4,102.0,619.0,243.0,459.0,1,1,1.0
425,2,272.0,509.0,274.0,569.0,1,1,1.0
426,4,100.0,612.0,251.0,467.0,1,1,1.0
426,2,273.0,499.0,265.0,580.0,1,1,1.0
427,4,99.0,604.0,250.0,474.0,1,1,1.0
427,2,274.0,485.0,255.0,593.0,1,1,1.0
428,4,98.0,598.0,246.0,480.0,1,1,1.0
428,2,274.0,475.0,247.0,603.0,1,1,1.0
429,4,100.0,594.0,236.0,484.0,1,1,1.0
429,2,273.0,461.0,245.0,614.0,1,1,1.0
430,4,100.0,588.0,227.0,490.0,1,1,1.0
430,2,271.0,454.0,246.0,620.0,1,1,1.0
431,4,102.0,583.0,222.0,495.0,1,1,1.0
431,2,269.0,447.0,247.0,626.0,1,1,1.0
432,4,104.0,576.0,219.0,502.0,1,1,1.0
432,2,267.0,445.0,250.0,627.0,1,1,1.0
433,4,104.0,567.0,218.0,511.0,1,1,1.0
433,2,264.0,445.0,252.0,626.0,1,1,1.0
434,4,106.0,557.0,218.0,521.0,1,1,1.0
434,2,260.0,445.0,255.0,621.0,1,1,1.0
435,4,109.0,547.0,214.0,516.0,1,1,1.0
435,2,256.0,446.0,257.0,610.0,1,1,1.0
436,4,110.0,538.0,214.0,505.0,1,1,1.0
436,2,251.0,443.0,256.0,591.0,1,1,1.0
437,4,110.0,531.0,214.0,488.0,1,1,1.0
437,2,247.0,439.0,253.0,572.0,1,1,1.0
438,4,112.0,523.0,213.0,484.0,1,1,1.0
438,2,242.0,430.0,250.0,551.0,1,1,1.0
439,4,114.0,516.0,211.0,487.0,1,1,1.0
439,2,238.0,421.0,246.0,545.0,1,1,1.0
440,4,115.0,510.0,209.0,490.0,1,1,1.0
440,2,235.0,417.0,241.0,544.0,1,1,1.0
441,4,116.0,506.0,208.0,493.0,1,1,1.0
441,2,233.0,411.0,241.0,550.0,1,1,1.0
442,4,116.0,503.0,207.0,494.0,1,1,1.0
442,2,232.0,407.0,243.0,554.0,1,1,1.0
443,4,116.0,498.0,206.0,493.0,1,1,1.0
443,2,231.0,405.0,245.0,556.0,1,1,1.0
444,4,114.0,492.0,208.0,483.0,1,1,1.0
444,2,232.0,401.0,243.0,560.0,1,1,1.0
445,4,111.0,486.0,209.0,476.0,1,1,1.0
445,2,233.0,398.0,238.0,563.0,1,1,1.0
446,4,109.0,479.0,204.0,458.0,1,1,1.0
446,2,233.0,395.0,233.0,566.0,1,1,1.0
447,4,107.0,473.0,201.0,441.0,1,1,1.0
447,2,235.0,392.0,227.0,564.0,1,1,1.0
448,4,104.0,466.0,196.0,435.0,1,1,1.0
448,2,236.0,386.0,220.0,560.0,1,1,1.0
449,4,102.0,459.0,188.0,437.0,1,1,1.0
449,2,238.0,379.0,213.0,552.0,1,1,1.0
450,4,99.0,454.0,187.0,440.0,1,1,1.0
450,2,240.0,373.0,205.0,547.0,1,1,1.0
451,4,98.0,449.0,183.0,444.0,1,1,1.0
451,2,241.0,364.0,197.0,534.0,1,1,1.0
452,4,98.0,445.0,177.0,446.0,1,1,1.0
452,2,243.0,357.0,190.0,514.0,1,1,1.0
453,4,99.0,442.0,174.0,449.0,1,1,1.0
453,5,1106.0,0.0,33.0,89.0,1,1,1.0
453,2,244.0,350.0,187.0,506.0,1,1,1.0
454,4,99.0,440.0,170.0,448.0,1,1,1.0
454,5,1106.0,0.0,33.0,89.0,1,1,1.0
454,2,243.0,345.0,187.0,505.0,1,1,1.0
455,4,100.0,436.0,166.0,446.0,1,1,1.0
455,5,1106.0,0.0,33.0,89.0,1,1,1.0
455,2,243.0,343.0,187.0,506.0,1,1,1.0
456,4,100.0,430.0,161.0,443.0,1,1,1.0
456,5,1106.0,0.0,33.0,89.0,1,1,1.0
456,2,242.0,340.0,188.0,508.0,1,1,1.0
457,4,100.0,422.0,158.0,443.0,1,1,1.0
457,2,240.0,342.0,191.0,506.0,1,1,1.0
458,4,101.0,416.0,157.0,437.0,1,1,1.0
458,2,237.0,343.0,194.0,504.0,1,1,1.0
459,4,101.0,410.0,157.0,415.0,1,1,1.0
459,2,234.0,344.0,197.0,497.0,1,1,1.0
460,4,100.0,405.0,159.0,408.0,1,1,1.0
460,2,230.0,340.0,200.0,486.0,1,1,1.0
461,4,100.0,401.0,159.0,408.0,1,1,1.0
461,2,226.0,340.0,200.0,473.0,1,1,1.0
462,4,100.0,398.0,159.0,409.0,1,1,1.0
462,2,222.0,336.0,198.0,462.0,1,1,1.0
463,4,100.0,398.0,160.0,409.0,1,1,1.0
463,2,218.0,328.0,197.0,453.0,1,1,1.0
464,4,100.0,397.0,160.0,408.0,1,1,1.0
464,2,215.0,322.0,192.0,449.0,1,1,1.0
465,4,99.0,396.0,160.0,406.0,1,1,1.0
465,2,211.0,318.0,191.0,451.0,1,1,1.0
466,4,98.0,393.0,161.0,401.0,1,1,1.0
466,2,208.0,317.0,191.0,452.0,1,1,1.0
467,4,97.0,389.0,162.0,395.0,1,1,1.0
467,5,1106.0,0.0,33.0,89.0,1,1,1.0
467,2,206.0,314.0,191.0,454.0,1,1,1.0
468,4,94.0,384.0,160.0,384.0,1,1,1.0
468,5,1106.0,0.0,33.0,89.0,1,1,1.0
468,2,204.0,314.0,190.0,455.0,1,1,1.0
469,4,92.0,380.0,156.0,372.0,1,1,1.0
469,2,204.0,311.0,188.0,457.0,1,1,1.0
470,4,89.0,375.0,154.0,370.0,1,1,1.0
470,5,1106.0,0.0,33.0,89.0,1,1,1.0
470,2,204.0,311.0,184.0,456.0,1,1,1.0
471,4,88.0,371.0,149.0,371.0,1,1,1.0
471,5,1106.0,0.0,33.0,89.0,1,1,1.0
471,2,205.0,308.0,179.0,453.0,1,1,1.0
472,4,88.0,368.0,142.0,373.0,1,1,1.0
472,5,1106.0,0.0,33.0,89.0,1,1,1.0
472,2,205.0,301.0,174.0,453.0,1,1,1.0
473,4,87.0,365.0,138.0,376.0,1,1,1.0
473,2,206.0,298.0,168.0,446.0,1,1,1.0
474,4,87.0,363.0,133.0,377.0,1,1,1.0
474,2,205.0,293.0,162.0,438.0,1,1,1.0
475,4,88.0,361.0,130.0,378.0,1,1,1.0
475,2,205.0,289.0,157.0,427.0,1,1,1.0
476,4,88.0,360.0,127.0,376.0,1,1,1.0
476,5,1106.0,0.0,33.0,89.0,1,1,1.0
476,2,204.0,285.0,156.0,416.0,1,1,1.0
477,4,88.0,357.0,125.0,376.0,1,1,1.0
477,5,1106.0,0.0,33.0,89.0,1,1,1.0
477,2,203.0,280.0,156.0,415.0,1,1,1.0
478,4,90.0,353.0,122.0,373.0,1,1,1.0
478,2,202.0,277.0,157.0,417.0,1,1,1.0
479,4,90.0,348.0,121.0,364.0,1,1,1.0
479,5,1106.0,0.0,33.0,89.0,1,1,1.0
479,2,200.0,277.0,159.0,416.0,1,1,1.0
480,4,90.0,344.0,121.0,361.0,1,1,1.0
480,5,1106.0,0.0,33.0,89.0,1,1,1.0
480,2,198.0,277.0,162.0,416.0,1,1,1.0
481,4,89.0,339.0,123.0,345.0,1,1,1.0
481,2,194.0,279.0,165.0,413.0,1,1,1.0
482,4,88.0,336.0,125.0,339.0,1,1,1.0
482,2,190.0,280.0,169.0,408.0,1,1,1.0
483,4,88.0,333.0,126.0,339.0,1,1,1.0
483,5,1106.0,0.0,33.0,89.0,1,1,1.0
483,2,186.0,280.0,171.0,399.0,1,1,1.0
484,4,87.0,331.0,126.0,340.0,1,1,1.0
484,5,1107.0,0.0,32.0,89.0,1,1,1.0
484,6,1017.0,4.0,36.0,52.0,1,1,1.0
484,2,181.0,279.0,171.0,384.0,1,1,1.0
485,4,88.0,330.0,125.0,341.0,1,1,1.0
485,5,1107.0,0.0,33.0,89.0,1,1,1.0
485,2,177.0,278.0,169.0,380.0,1,1,1.0
486,4,88.0,330.0,125.0,341.0,1,1,1.0
486,5,1107.0,0.0,33.0,89.0,1,1,1.0
486,2,173.0,275.0,164.0,381.0,1,1,1.0
487,4,87.0,330.0,126.0,340.0,1,1,1.0
487,5,1107.0,0.0,33.0,88.0,1,1,1.0
487,2,169.0,273.0,157.0,383.0,1,1,1.0
488,4,86.0,329.0,127.0,338.0,1,1,1.0
488,5,1107.0,0.0,33.0,89.0,1,1,1.0
488,2,166.0,271.0,152.0,385.0,1,1,1.0
489,4,84.0,328.0,129.0,333.0,1,1,1.0
489,5,1107.0,0.0,33.0,89.0,1,1,1.0
489,6,1018.0,4.0,35.0,52.0,1,1,1.0
489,2,163.0,270.0,150.0,386.0,1,1,1.0
490,4,82.0,327.0,131.0,330.0,1,1,1.0
490,5,1106.0,0.0,33.0,89.0,1,1,1.0
490,6,1018.0,3.0,35.0,53.0,1,1,1.0
490,2,162.0,269.0,150.0,387.0,1,1,1.0
491,4,79.0,325.0,131.0,322.0,1,1,1.0
491,5,1106.0,0.0,33.0,89.0,1,1,1.0
491,6,1018.0,3.0,35.0,53.0,1,1,1.0
491,2,160.0,269.0,149.0,388.0,1,1,1.0
492,4,76.0,323.0,133.0,320.0,1,1,1.0
492,5,1106.0,0.0,33.0,89.0,1,1,1.0
492,6,1018.0,3.0,35.0,53.0,1,1,1.0
492,2,160.0,269.0,147.0,389.0,1,1,1.0
493,4,73.0,321.0,129.0,312.0,1,1,1.0
493,5,1107.0,0.0,33.0,89.0,1,1,1.0
493,2,160.0,268.0,145.0,389.0,1,1,1.0
494,4,72.0,319.0,127.0,311.0,1,1,1.0
494,5,1107.0,0.0,33.0,89.0,1,1,1.0
494,2,160.0,266.0,143.0,388.0,1,1,1.0
495,4,70.0,317.0,123.0,311.0,1,1,1.0
495,5,1106.0,0.0,33.0,89.0,1,1,1.0
495,2,160.0,264.0,140.0,383.0,1,1,1.0
496,4,68.0,315.0,119.0,312.0,1,1,1.0
496,5,1107.0,0.0,33.0,89.0,1,1,1.0
496,2,160.0,261.0,137.0,368.0,1,1,1.0
497,4,67.0,314.0,113.0,313.0,1,1,1.0
497,5,1106.0,0.0,33.0,88.0,1,1,1.0
497,6,1018.0,2.0,36.0,54.0,1,1,1.0
497,2,161.0,258.0,133.0,374.0,1,1,1.0
498,4,67.0,313.0,110.0,314.0,1,1,1.0
498,5,1107.0,0.0,33.0,89.0,1,1,1.0
498,6,1018.0,2.0,35.0,54.0,1,1,1.0
498,2,162.0,254.0,129.0,374.0,1,1,1.0
499,4,67.0,312.0,109.0,314.0,1,1,1.0
499,5,1107.0,0.0,33.0,88.0,1,1,1.0
499,6,1017.0,1.0,36.0,54.0,1,1,1.0
499,2,163.0,248.0,126.0,365.0,1,1,1.0
500,4,66.0,311.0,108.0,314.0,1,1,1.0
500,5,1107.0,0.0,33.0,88.0,1,1,1.0
500,6,1017.0,1.0,36.0,54.0,1,1,1.0
500,2,163.0,245.0,125.0,359.0,1,1,1.0
501,4,65.0,310.0,106.0,314.0,1,1,1.0
501,5,1107.0,0.0,33.0,88.0,1,1,1.0
501,6,1017.0,1.0,36.0,55.0,1,1,1.0
501,2,163.0,243.0,124.0,358.0,1,1,1.0
502,4,67.0,307.0,99.0,311.0,1,1,1.0
502,5,1107.0,0.0,32.0,89.0,1,1,1.0
502,6,1017.0,1.0,36.0,55.0,1,1,1.0
502,2,163.0,243.0,124.0,357.0,1,1,1.0
503,4,67.0,304.0,96.0,307.0,1,1,1.0
503,5,1107.0,0.0,32.0,89.0,1,1,1.0
503,6,1017.0,1.0,36.0,55.0,1,1,1.0
503,2,162.0,244.0,125.0,356.0,1,1,1.0
504,4,67.0,301.0,95.0,299.0,1,1,1.0
504,5,1107.0,0.0,32.0,89.0,1,1,1.0
504,6,1017.0,0.0,36.0,55.0,1,1,1.0
504,2,159.0,245.0,127.0,355.0,1,1,1.0
505,4,66.0,299.0,95.0,295.0,1,1,1.0
505,5,1107.0,0.0,32.0,89.0,1,1,1.0
505,6,1016.0,0.0,37.0,55.0,1,1,1.0
505,2,157.0,246.0,129.0,353.0,1,1,1.0
506,4,65.0,296.0,96.0,296.0,1,1,1.0
506,5,1107.0,0.0,32.0,89.0,1,1,1.0
506,6,1016.0,0.0,37.0,55.0,1,1,1.0
506,2,155.0,247.0,131.0,349.0,1,1,1.0
507,4,65.0,295.0,96.0,298.0,1,1,1.0
507,5,1107.0,0.0,33.0,89.0,1,1,1.0
507,6,1016.0,0.0,37.0,55.0,1,1,1.0
507,2,151.0,247.0,133.0,340.0,1,1,1.0
508,4,65.0,294.0,95.0,299.0,1,1,1.0
508,5,1107.0,0.0,33.0,89.0,1,1,1.0
508,2,148.0,247.0,134.0,332.0,1,1,1.0
509,4,64.0,293.0,96.0,299.0,1,1,1.0
509,5,1106.0,0.0,33.0,89.0,1,1,1.0
509,6,1015.0,0.0,37.0,55.0,1,1,1.0
509,2,145.0,244.0,131.0,326.0,1,1,1.0
510,4,64.0,292.0,97.0,299.0,1,1,1.0
510,5,1106.0,0.0,33.0,89.0,1,1,1.0
510,6,1015.0,0.0,37.0,55.0,1,1,1.0
510,2,143.0,242.0,131.0,324.0,1,1,1.0
511,4,64.0,293.0,98.0,296.0,1,1,1.0
511,5,1106.0,0.0,33.0,89.0,1,1,1.0
511,6,1016.0,0.0,37.0,55.0,1,1,1.0
511,2,140.0,238.0,130.0,327.0,1,1,1.0
512,4,63.0,292.0,99.0,292.0,1,1,1.0
512,5,1106.0,0.0,33.0,90.0,1,1,1.0
512,6,1016.0,0.0,37.0,55.0,1,1,1.0
512,2,138.0,236.0,127.0,329.0,1,1,1.0
513,4,62.0,291.0,99.0,290.0,1,1,1.0
513,5,1106.0,0.0,33.0,90.0,1,1,1.0
513,2,136.0,235.0,126.0,331.0,1,1,1.0
514,4,61.0,288.0,98.0,283.0,1,1,1.0
514,5,1106.0,0.0,33.0,90.0,1,1,1.0
514,6,1016.0,0.0,37.0,55.0,1,1,1.0
514,2,134.0,233.0,126.0,332.0,1,1,1.0
515,4,60.0,286.0,99.0,276.0,1,1,1.0
515,5,1106.0,0.0,33.0,90.0,1,1,1.0
515,6,1016.0,1.0,37.0,55.0,1,1,1.0
515,2,134.0,231.0,125.0,334.0,1,1,1.0
516,4,59.0,283.0,101.0,274.0,1,1,1.0
516,5,1106.0,0.0,33.0,90.0,1,1,1.0
516,6,1016.0,1.0,37.0,55.0,1,1,1.0
516,2,134.0,231.0,124.0,335.0,1,1,1.0
517,4,59.0,281.0,99.0,274.0,1,1,1.0
517,5,1106.0,0.0,33.0,89.0,1,1,1.0
517,2,134.0,230.0,123.0,335.0,1,1,1.0
518,4,59.0,279.0,97.0,274.0,1,1,1.0
518,5,1106.0,0.0,33.0,89.0,1,1,1.0
518,6,1016.0,1.0,37.0,55.0,1,1,1.0
518,2,135.0,230.0,121.0,332.0,1,1,1.0
519,4,59.0,277.0,96.0,276.0,1,1,1.0
519,5,1106.0,0.0,33.0,89.0,1,1,1.0
519,6,1017.0,1.0,36.0,55.0,1,1,1.0
519,2,137.0,228.0,118.0,325.0,1,1,1.0
520,4,59.0,276.0,94.0,277.0,1,1,1.0
520,5,1106.0,0.0,33.0,89.0,1,1,1.0
520,6,1017.0,2.0,36.0,54.0,1,1,1.0
520,2,139.0,226.0,115.0,308.0,1,1,1.0
521,4,60.0,276.0,89.0,278.0,1,1,1.0
521,5,1106.0,0.0,33.0,89.0,1,1,1.0
521,6,1017.0,2.0,36.0,54.0,1,1,1.0
521,2,141.0,223.0,113.0,304.0,1,1,1.0
522,4,58.0,275.0,89.0,277.0,1,1,1.0
522,5,1106.0,0.0,33.0,89.0,1,1,1.0
522,2,142.0,220.0,111.0,303.0,1,1,1.0
523,4,59.0,274.0,87.0,277.0,1,1,1.0
523,5,1106.0,0.0,33.0,89.0,1,1,1.0
523,2,143.0,217.0,109.0,304.0,1,1,1.0
524,4,60.0,271.0,85.0,274.0,1,1,1.0
524,5,1106.0,0.0,33.0,89.0,1,1,1.0
524,2,144.0,215.0,107.0,305.0,1,1,1.0
525,4,61.0,268.0,85.0,275.0,1,1,1.0
525,5,1106.0,0.0,33.0,89.0,1,1,1.0
525,2,144.0,214.0,105.0,306.0,1,1,1.0
526,4,61.0,265.0,85.0,273.0,1,1,1.0
526,5,1106.0,0.0,33.0,89.0,1,1,1.0
526,2,144.0,213.0,104.0,307.0,1,1,1.0
527,4,60.0,262.0,87.0,262.0,1,1,1.0
527,5,1106.0,0.0,33.0,89.0,1,1,1.0
527,2,143.0,213.0,104.0,307.0,1,1,1.0
528,4,60.0,260.0,87.0,259.0,1,1,1.0
528,5,1107.0,0.0,33.0,89.0,1,1,1.0
528,2,142.0,213.0,105.0,307.0,1,1,1.0
529,4,60.0,258.0,88.0,258.0,1,1,1.0
529,5,1107.0,0.0,33.0,89.0,1,1,1.0
529,6,1016.0,0.0,37.0,55.0,1,1,1.0
529,2,140.0,214.0,107.0,306.0,1,1,1.0
530,4,60.0,257.0,88.0,258.0,1,1,1.0
530,5,1106.0,0.0,33.0,89.0,1,1,1.0
530,6,1016.0,0.0,37.0,55.0,1,1,1.0
530,2,137.0,215.0,109.0,304.0,1,1,1.0
531,4,60.0,257.0,88.0,258.0,1,1,1.0
531,5,1107.0,0.0,33.0,89.0,1,1,1.0
531,6,1016.0,0.0,37.0,56.0,1,1,1.0
531,2,135.0,215.0,111.0,299.0,1,1,1.0
532,4,60.0,256.0,89.0,258.0,1,1,1.0
532,5,1107.0,0.0,33.0,89.0,1,1,1.0
532,6,1016.0,0.0,35.0,56.0,1,1,1.0
532,2,132.0,214.0,112.0,295.0,1,1,1.0
533,4,59.0,256.0,90.0,256.0,1,1,1.0
533,5,1107.0,0.0,33.0,89.0,1,1,1.0
533,6,1015.0,0.0,35.0,56.0,1,1,1.0
533,2,130.0,213.0,112.0,288.0,1,1,1.0
534,4,58.0,256.0,90.0,252.0,1,1,1.0
534,5,1107.0,0.0,33.0,89.0,1,1,1.0
534,6,1016.0,0.0,35.0,56.0,1,1,1.0
534,2,127.0,212.0,110.0,285.0,1,1,1.0
535,4,58.0,255.0,89.0,250.0,1,1,1.0
535,5,1107.0,0.0,33.0,89.0,1,1,1.0
535,6,1016.0,0.0,35.0,56.0,1,1,1.0
535,2,124.0,210.0,109.0,284.0,1,1,1.0
536,4,57.0,254.0,89.0,248.0,1,1,1.0
536,5,1107.0,0.0,33.0,89.0,1,1,1.0
536,2,122.0,209.0,109.0,286.0,1,1,1.0
537,4,56.0,252.0,88.0,242.0,1,1,1.0
537,5,1107.0,0.0,33.0,89.0,1,1,1.0
537,6,1016.0,0.0,35.0,56.0,1,1,1.0
537,2,121.0,208.0,109.0,286.0,1,1,1.0
538,4,56.0,249.0,88.0,242.0,1,1,1.0
538,5,1107.0,0.0,33.0,89.0,1,1,1.0
538,6,1016.0,0.0,34.0,55.0,1,1,1.0
538,2,119.0,207.0,109.0,287.0,1,1,1.0
539,4,55.0,247.0,89.0,242.0,1,1,1.0
539,5,1107.0,0.0,33.0,89.0,1,1,1.0
539,6,1017.0,1.0,34.0,55.0,1,1,1.0
539,2,118.0,206.0,109.0,288.0,1,1,1.0
540,4,55.0,246.0,87.0,243.0,1,1,1.0
540,5,1107.0,0.0,33.0,89.0,1,1,1.0
540,6,1017.0,1.0,34.0,54.0,1,1,1.0
540,2,118.0,206.0,109.0,288.0,1,1,1.0
541,4,55.0,245.0,84.0,243.0,1,1,1.0
541,5,1107.0,0.0,32.0,90.0,1,1,1.0
541,2,117.0,206.0,108.0,289.0,1,1,1.0
542,4,56.0,244.0,80.0,244.0,1,1,1.0
542,5,1108.0,0.0,32.0,89.0,1,1,1.0
542,6,1017.0,2.0,34.0,53.0,1,1,1.0
542,2,118.0,205.0,107.0,289.0,1,1,1.0
543,4,56.0,244.0,78.0,244.0,1,1,1.0
543,5,1107.0,0.0,33.0,89.0,1,1,1.0
543,6,1017.0,2.0,34.0,53.0,1,1,1.0
543,2,119.0,204.0,104.0,287.0,1,1,1.0
544,4,56.0,244.0,78.0,243.0,1,1,1.0
544,5,1107.0,0.0,33.0,89.0,1,1,1.0
544,6,1017.0,3.0,34.0,52.0,1,1,1.0
544,2,121.0,202.0,102.0,278.0,1,1,1.0
545,4,58.0,243.0,76.0,244.0,1,1,1.0
545,5,1107.0,0.0,33.0,89.0,1,1,1.0
545,6,1017.0,3.0,34.0,52.0,1,1,1.0
545,2,123.0,200.0,99.0,269.0,1,1,1.0
546,4,59.0,242.0,75.0,243.0,1,1,1.0
546,5,1107.0,0.0,33.0,89.0,1,1,1.0
546,6,1018.0,3.0,33.0,52.0,1,1,1.0
546,2,124.0,197.0,97.0,269.0,1,1,1.0
547,4,62.0,239.0,72.0,243.0,1,1,1.0
547,5,1108.0,0.0,33.0,89.0,1,1,1.0
547,6,1018.0,3.0,33.0,52.0,1,1,1.0
547,2,125.0,196.0,95.0,273.0,1,1,1.0
548,4,65.0,236.0,70.0,244.0,1,1,1.0
548,5,1108.0,0.0,32.0,89.0,1,1,1.0
548,6,1018.0,3.0,33.0,52.0,1,1,1.0
548,2,125.0,194.0,94.0,272.0,1,1,1.0
549,4,67.0,234.0,68.0,240.0,1,1,1.0
549,5,1108.0,0.0,32.0,89.0,1,1,1.0
549,6,1018.0,3.0,33.0,52.0,1,1,1.0
549,2,126.0,193.0,93.0,273.0,1,1,1.0
550,4,68.0,232.0,67.0,235.0,1,1,1.0
550,5,1108.0,0.0,32.0,89.0,1,1,1.0
550,6,1018.0,4.0,33.0,52.0,1,1,1.0
550,2,125.0,192.0,93.0,273.0,1,1,1.0
551,4,69.0,230.0,65.0,234.0,1,1,1.0
551,5,1108.0,0.0,32.0,89.0,1,1,1.0
551,6,1018.0,3.0,33.0,52.0,1,1,1.0
551,2,125.0,192.0,93.0,273.0,1,1,1.0
552,4,71.0,229.0,64.0,234.0,1,1,1.0
552,5,1108.0,0.0,32.0,89.0,1,1,1.0
552,6,1018.0,3.0,33.0,52.0,1,1,1.0
552,2,124.0,192.0,94.0,273.0,1,1,1.0
553,4,72.0,228.0,64.0,235.0,1,1,1.0
553,5,1108.0,0.0,32.0,89.0,1,1,1.0
553,6,1018.0,3.0,33.0,52.0,1,1,1.0
553,2,123.0,192.0,95.0,273.0,1,1,1.0
554,4,74.0,227.0,62.0,236.0,1,1,1.0
554,5,1108.0,0.0,32.0,89.0,1,1,1.0
554,6,1018.0,3.0,33.0,52.0,1,1,1.0
554,2,121.0,193.0,97.0,272.0,1,1,1.0
555,4,74.0,226.0,65.0,237.0,1,1,1.0
555,5,1108.0,0.0,32.0,89.0,1,1,1.0
555,6,1018.0,3.0,33.0,52.0,1,1,1.0
555,2,120.0,194.0,98.0,271.0,1,1,1.0
556,4,75.0,225.0,64.0,238.0,1,1,1.0
556,5,1108.0,0.0,32.0,89.0,1,1,1.0
556,6,1018.0,3.0,33.0,52.0,1,1,1.0
556,2,118.0,194.0,99.0,271.0,1,1,1.0
557,4,79.0,225.0,63.0,236.0,1,1,1.0
557,5,1108.0,0.0,32.0,89.0,1,1,1.0
557,6,1018.0,3.0,33.0,52.0,1,1,1.0
557,2,116.0,193.0,98.0,269.0,1,1,1.0
558,4,82.0,223.0,58.0,234.0,1,1,1.0
558,5,1108.0,0.0,32.0,89.0,1,1,1.0
558,6,1018.0,3.0,33.0,52.0,1,1,1.0
558,2,116.0,192.0,96.0,265.0,1,1,1.0
559,4,85.0,220.0,57.0,234.0,1,1,1.0
559,5,1108.0,0.0,32.0,89.0,1,1,1.0
559,6,1018.0,3.0,33.0,52.0,1,1,1.0
559,2,115.0,191.0,95.0,263.0,1,1,1.0
560,4,88.0,218.0,57.0,232.0,1,1,1.0
560,5,1108.0,0.0,32.0,89.0,1,1,1.0
560,6,1018.0,3.0,33.0,52.0,1,1,1.0
560,2,115.0,191.0,95.0,261.0,1,1,1.0
561,4,92.0,216.0,55.0,229.0,1,1,1.0
561,5,1108.0,0.0,32.0,88.0,1,1,1.0
561,6,1018.0,3.0,33.0,52.0,1,1,1.0
561,2,116.0,190.0,96.0,260.0,1,1,1.0
562,4,95.0,213.0,54.0,224.0,1,1,1.0
562,5,1108.0,0.0,32.0,88.0,1,1,1.0
562,2,117.0,188.0,94.0,261.0,1,1,1.0
563,4,99.0,212.0,52.0,223.0,1,1,1.0
563,5,1108.0,0.0,32.0,88.0,1,1,1.0
563,6,1018.0,3.0,33.0,52.0,1,1,1.0
563,2,120.0,188.0,94.0,263.0,1,1,1.0
564,4,102.0,210.0,50.0,224.0,1,1,1.0
564,5,1108.0,0.0,32.0,88.0,1,1,1.0
564,2,123.0,186.0,95.0,265.0,1,1,1.0
565,4,104.0,208.0,72.0,225.0,1,1,1.0
565,5,1108.0,0.0,32.0,89.0,1,1,1.0
565,2,124.0,185.0,99.0,266.0,1,1,1.0
566,4,110.0,207.0,75.0,226.0,1,1,1.0
566,5,1108.0,0.0,32.0,89.0,1,1,1.0
566,6,1018.0,3.0,33.0,52.0,1,1,1.0
566,2,126.0,184.0,102.0,267.0,1,1,1.0
567,5,1108.0,0.0,32.0,89.0,1,1,1.0
567,6,1017.0,3.0,33.0,52.0,1,1,1.0
567,2,128.0,183.0,104.0,268.0,1,1,1.0
568,5,1108.0,0.0,32.0,89.0,1,1,1.0
568,6,1017.0,3.0,33.0,52.0,1,1,1.0
568,2,132.0,182.0,102.0,268.0,1,1,1.0
569,4,120.0,205.0,76.0,223.0,1,1,1.0
569,5,1108.0,0.0,32.0,89.0,1,1,1.0
569,6,1017.0,3.0,33.0,52.0,1,1,1.0
569,2,136.0,182.0,99.0,267.0,1,1,1.0
570,5,1108.0,0.0,32.0,89.0,1,1,1.0
570,6,1017.0,3.0,33.0,52.0,1,1,1.0
570,2,139.0,181.0,96.0,266.0,1,1,1.0
571,5,1108.0,0.0,32.0,89.0,1,1,1.0
571,6,1017.0,3.0,33.0,52.0,1,1,1.0
571,2,141.0,180.0,94.0,264.0,1,1,1.0
572,5,1108.0,0.0,32.0,89.0,1,1,1.0
572,6,1017.0,3.0,33.0,52.0,1,1,1.0
572,2,144.0,178.0,91.0,262.0,1,1,1.0
573,5,1108.0,0.0,32.0,89.0,1,1,1.0
573,6,1017.0,3.0,33.0,52.0,1,1,1.0
573,2,146.0,178.0,89.0,259.0,1,1,1.0
574,5,1108.0,0.0,32.0,89.0,1,1,1.0
574,6,1017.0,3.0,33.0,52.0,1,1,1.0
574,2,150.0,178.0,86.0,257.0,1,1,1.0
575,5,1108.0,0.0,32.0,89.0,1,1,1.0
575,6,1017.0,3.0,33.0,52.0,1,1,1.0
575,2,154.0,176.0,81.0,258.0,1,1,1.0
576,5,1108.0,0.0,32.0,89.0,1,1,1.0
576,6,1017.0,3.0,33.0,52.0,1,1,1.0
576,2,158.0,175.0,80.0,259.0,1,1,1.0
577,5,1108.0,0.0,32.0,89.0,1,1,1.0
577,6,1017.0,3.0,33.0,52.0,1,1,1.0
577,2,163.0,174.0,81.0,260.0,1,1,1.0
578,5,1108.0,0.0,32.0,89.0,1,1,1.0
578,6,1017.0,3.0,33.0,52.0,1,1,1.0
578,2,168.0,172.0,88.0,261.0,1,1,1.0
579,5,1108.0,0.0,32.0,89.0,1,1,1.0
579,6,1017.0,3.0,33.0,52.0,1,1,1.0
579,2,173.0,172.0,98.0,262.0,1,1,1.0
580,5,1108.0,0.0,32.0,89.0,1,1,1.0
580,6,1017.0,3.0,33.0,52.0,1,1,1.0
580,2,180.0,171.0,105.0,264.0,1,1,1.0
581,5,1108.0,0.0,32.0,89.0,1,1,1.0
581,6,1017.0,3.0,33.0,52.0,1,1,1.0
581,2,185.0,170.0,109.0,264.0,1,1,1.0
582,5,1108.0,0.0,32.0,89.0,1,1,1.0
582,6,1017.0,3.0,33.0,52.0,1,1,1.0
582,2,187.0,168.0,111.0,264.0,1,1,1.0
583,5,1108.0,0.0,32.0,89.0,1,1,1.0
583,6,1017.0,3.0,33.0,52.0,1,1,1.0
583,2,189.0,166.0,111.0,262.0,1,1,1.0
584,5,1108.0,0.0,32.0,89.0,1,1,1.0
584,6,1017.0,3.0,33.0,52.0,1,1,1.0
584,2,197.0,163.0,104.0,262.0,1,1,1.0
585,5,1108.0,0.0,32.0,89.0,1,1,1.0
585,6,1017.0,3.0,33.0,52.0,1,1,1.0
585,2,208.0,160.0,93.0,259.0,1,1,1.0
586,5,1108.0,0.0,32.0,89.0,1,1,1.0
586,6,1017.0,3.0,33.0,52.0,1,1,1.0
586,2,220.0,157.0,80.0,254.0,1,1,1.0
587,5,1108.0,0.0,32.0,89.0,1,1,1.0
587,6,1017.0,3.0,33.0,52.0,1,1,1.0
587,2,231.0,154.0,71.0,251.0,1,1,1.0
588,5,1108.0,0.0,32.0,89.0,1,1,1.0
588,6,1017.0,3.0,33.0,52.0,1,1,1.0
588,2,238.0,152.0,70.0,249.0,1,1,1.0
589,5,1108.0,0.0,32.0,89.0,1,1,1.0
589,6,1017.0,3.0,33.0,52.0,1,1,1.0
589,2,245.0,150.0,82.0,251.0,1,1,1.0
590,5,1108.0,0.0,32.0,89.0,1,1,1.0
590,6,1017.0,4.0,33.0,52.0,1,1,1.0
590,2,252.0,149.0,96.0,252.0,1,1,1.0
591,5,1108.0,0.0,32.0,89.0,1,1,1.0
591,6,1017.0,4.0,33.0,52.0,1,1,1.0
591,2,258.0,148.0,110.0,253.0,1,1,1.0
592,5,1108.0,0.0,32.0,89.0,1,1,1.0
592,6,1017.0,4.0,33.0,52.0,1,1,1.0
592,2,261.0,147.0,118.0,254.0,1,1,1.0
593,5,1108.0,0.0,32.0,89.0,1,1,1.0
593,6,1017.0,4.0,33.0,52.0,1,1,1.0
593,2,262.0,146.0,122.0,252.0,1,1,1.0
594,5,1108.0,0.0,32.0,89.0,1,1,1.0
594,6,1017.0,4.0,33.0,52.0,1,1,1.0
594,2,264.0,144.0,122.0,251.0,1,1,1.0
595,5,1108.0,0.0,32.0,89.0,1,1,1.0
595,6,1017.0,4.0,34.0,52.0,1,1,1.0
595,2,271.0,142.0,114.0,250.0,1,1,1.0
596,5,1108.0,0.0,32.0,89.0,1,1,1.0
596,6,1017.0,4.0,34.0,52.0,1,1,1.0
596,2,283.0,137.0,102.0,251.0,1,1,1.0
597,5,1108.0,0.0,32.0,89.0,1,1,1.0
597,6,1017.0,4.0,33.0,52.0,1,1,1.0
597,2,298.0,134.0,87.0,253.0,1,1,1.0
598,5,1108.0,0.0,32.0,88.0,1,1,1.0
598,6,1017.0,3.0,34.0,52.0,1,1,1.0
598,2,308.0,132.0,77.0,256.0,1,1,1.0
599,5,1108.0,0.0,32.0,88.0,1,1,1.0
599,6,1017.0,3.0,34.0,52.0,1,1,1.0
599,2,314.0,129.0,78.0,258.0,1,1,1.0
600,5,1108.0,0.0,32.0,89.0,1,1,1.0
600,6,1017.0,3.0,34.0,52.0,1,1,1.0
600,2,320.0,128.0,88.0,259.0,1,1,1.0
601,5,1108.0,0.0,32.0,89.0,1,1,1.0
601,6,1017.0,4.0,34.0,52.0,1,1,1.0
601,2,327.0,127.0,100.0,260.0,1,1,1.0
602,5,1108.0,0.0,32.0,89.0,1,1,1.0
602,6,1017.0,3.0,34.0,52.0,1,1,1.0
602,2,335.0,127.0,110.0,261.0,1,1,1.0
603,5,1108.0,0.0,32.0,89.0,1,1,1.0
603,6,1017.0,3.0,34.0,52.0,1,1,1.0
603,2,341.0,126.0,115.0,261.0,1,1,1.0
604,5,1108.0,0.0,32.0,89.0,1,1,1.0
604,6,1017.0,3.0,34.0,52.0,1,1,1.0
604,2,344.0,125.0,118.0,260.0,1,1,1.0
605,5,1108.0,0.0,32.0,89.0,1,1,1.0
605,6,1017.0,4.0,34.0,52.0,1,1,1.0
605,2,348.0,123.0,117.0,259.0,1,1,1.0
606,5,1108.0,0.0,32.0,89.0,1,1,1.0
606,6,1017.0,4.0,34.0,51.0,1,1,1.0
606,2,357.0,120.0,108.0,256.0,1,1,1.0
607,5,1108.0,0.0,32.0,89.0,1,1,1.0
607,6,1017.0,4.0,34.0,51.0,1,1,1.0
607,2,369.0,116.0,95.0,252.0,1,1,1.0
608,5,1108.0,0.0,32.0,88.0,1,1,1.0
608,6,1017.0,4.0,34.0,52.0,1,1,1.0
608,2,383.0,113.0,80.0,248.0,1,1,1.0
609,5,1108.0,0.0,32.0,89.0,1,1,1.0
609,6,1017.0,4.0,34.0,52.0,1,1,1.0
609,2,395.0,111.0,73.0,246.0,1,1,1.0
610,5,1108.0,0.0,32.0,89.0,1,1,1.0
610,6,1017.0,4.0,34.0,52.0,1,1,1.0
610,2,404.0,109.0,75.0,247.0,1,1,1.0
611,5,1108.0,0.0,32.0,89.0,1,1,1.0
611,6,1017.0,4.0,33.0,52.0,1,1,1.0
611,2,412.0,108.0,89.0,248.0,1,1,1.0
612,5,1108.0,0.0,32.0,88.0,1,1,1.0
612,6,1017.0,3.0,34.0,52.0,1,1,1.0
612,2,420.0,107.0,103.0,249.0,1,1,1.0
613,5,1108.0,0.0,32.0,88.0,1,1,1.0
613,6,1017.0,3.0,34.0,52.0,1,1,1.0
613,2,424.0,106.0,117.0,250.0,1,1,1.0
614,5,1108.0,0.0,32.0,89.0,1,1,1.0
614,6,1017.0,4.0,33.0,52.0,1,1,1.0
614,2,425.0,106.0,124.0,249.0,1,1,1.0
615,5,1108.0,0.0,32.0,89.0,1,1,1.0
615,6,1017.0,4.0,33.0,51.0,1,1,1.0
615,2,427.0,105.0,127.0,247.0,1,1,1.0
616,5,1108.0,0.0,32.0,89.0,1,1,1.0
616,6,1017.0,4.0,34.0,51.0,1,1,1.0
616,2,429.0,103.0,126.0,247.0,1,1,1.0
617,5,1108.0,0.0,32.0,89.0,1,1,1.0
617,6,1017.0,3.0,34.0,52.0,1,1,1.0
617,2,437.0,101.0,118.0,244.0,1,1,1.0
618,5,1108.0,0.0,32.0,89.0,1,1,1.0
618,6,1017.0,3.0,34.0,52.0,1,1,1.0
618,2,449.0,97.0,106.0,243.0,1,1,1.0
619,5,1108.0,0.0,32.0,89.0,1,1,1.0
619,6,1017.0,4.0,33.0,52.0,1,1,1.0
619,2,464.0,95.0,90.0,244.0,1,1,1.0
620,5,1108.0,0.0,32.0,89.0,1,1,1.0
620,6,1017.0,4.0,33.0,52.0,1,1,1.0
620,2,476.0,92.0,84.0,246.0,1,1,1.0
621,5,1108.0,0.0,32.0,89.0,1,1,1.0
621,6,1018.0,4.0,33.0,52.0,1,1,1.0
621,2,485.0,91.0,86.0,247.0,1,1,1.0
622,5,1108.0,0.0,32.0,89.0,1,1,1.0
622,6,1018.0,4.0,33.0,52.0,1,1,1.0
622,2,492.0,90.0,90.0,248.0,1,1,1.0
623,5,1108.0,0.0,32.0,89.0,1,1,1.0
623,6,1018.0,3.0,33.0,52.0,1,1,1.0
623,2,502.0,89.0,98.0,249.0,1,1,1.0
624,5,1108.0,0.0,32.0,89.0,1,1,1.0
624,6,1018.0,4.0,33.0,52.0,1,1,1.0
624,2,509.0,89.0,104.0,248.0,1,1,1.0
625,5,1108.0,0.0,32.0,89.0,1,1,1.0
625,6,1018.0,4.0,33.0,52.0,1,1,1.0
625,2,513.0,89.0,109.0,247.0,1,1,1.0
626,5,1107.0,0.0,32.0,89.0,1,1,1.0
626,6,1018.0,4.0,33.0,52.0,1,1,1.0
626,2,517.0,88.0,108.0,246.0,1,1,1.0
627,5,1107.0,0.0,33.0,89.0,1,1,1.0
628,5,1107.0,0.0,32.0,89.0,1,1,1.0
628,6,1018.0,4.0,33.0,52.0,1,1,1.0
628,2,528.0,83.0,98.0,242.0,1,1,1.0
629,5,1107.0,0.0,33.0,89.0,1,1,1.0
629,6,1018.0,4.0,33.0,52.0,1,1,1.0
630,5,1107.0,0.0,33.0,89.0,1,1,1.0
630,6,1018.0,4.0,33.0,52.0,1,1,1.0
630,2,560.0,77.0,73.0,239.0,1,1,1.0
631,5,1107.0,0.0,33.0,89.0,1,1,1.0
631,2,572.0,75.0,69.0,236.0,1,1,1.0
632,5,1107.0,0.0,33.0,89.0,1,1,1.0
632,6,1018.0,4.0,33.0,52.0,1,1,1.0
632,2,580.0,73.0,79.0,239.0,1,1,1.0
633,5,1107.0,0.0,33.0,89.0,1,1,1.0
633,2,586.0,72.0,96.0,239.0,1,1,1.0
634,5,1107.0,0.0,33.0,89.0,1,1,1.0
634,2,589.0,73.0,111.0,239.0,1,1,1.0
635,5,1107.0,0.0,33.0,89.0,1,1,1.0
635,2,591.0,73.0,121.0,238.0,1,1,1.0
636,5,1107.0,0.0,33.0,89.0,1,1,1.0
636,7,574.0,90.0,100.0,202.0,1,1,1.0
636,2,593.0,72.0,126.0,236.0,1,1,1.0
637,5,1107.0,0.0,33.0,89.0,1,1,1.0
637,7,576.0,88.0,103.0,199.0,1,1,1.0
637,2,595.0,72.0,126.0,235.0,1,1,1.0
638,5,1107.0,0.0,32.0,89.0,1,1,1.0
639,5,1107.0,0.0,32.0,89.0,1,1,1.0
640,5,1107.0,0.0,32.0,89.0,1,1,1.0
640,7,611.0,81.0,71.0,198.0,1,1,1.0
640,2,633.0,65.0,88.0,233.0,1,1,1.0
641,5,1107.0,0.0,32.0,89.0,1,1,1.0
641,7,626.0,79.0,54.0,200.0,1,1,1.0
641,2,643.0,63.0,79.0,234.0,1,1,1.0
642,5,1107.0,0.0,32.0,89.0,1,1,1.0
642,7,634.0,77.0,48.0,201.0,1,1,1.0
642,2,649.0,61.0,82.0,235.0,1,1,1.0
643,5,1107.0,0.0,32.0,89.0,1,1,1.0
643,2,654.0,60.0,87.0,236.0,1,1,1.0
644,5,1107.0,0.0,32.0,89.0,1,1,1.0
644,6,1017.0,3.0,33.0,52.0,1,1,1.0
644,7,645.0,75.0,70.0,203.0,1,1,1.0
644,2,660.0,60.0,92.0,237.0,1,1,1.0
645,5,1107.0,0.0,32.0,89.0,1,1,1.0
645,6,1017.0,3.0,34.0,52.0,1,1,1.0
645,7,648.0,76.0,78.0,202.0,1,1,1.0
645,2,667.0,60.0,96.0,237.0,1,1,1.0
646,5,1107.0,0.0,32.0,89.0,1,1,1.0
646,6,1017.0,3.0,34.0,52.0,1,1,1.0
646,7,652.0,75.0,85.0,201.0,1,1,1.0
646,2,674.0,60.0,97.0,236.0,1,1,1.0
647,5,1107.0,0.0,32.0,89.0,1,1,1.0
647,6,1017.0,4.0,34.0,52.0,1,1,1.0
647,7,655.0,74.0,89.0,201.0,1,1,1.0
647,2,680.0,60.0,97.0,236.0,1,1,1.0
648,5,1107.0,0.0,32.0,89.0,1,1,1.0
648,6,1017.0,4.0,34.0,52.0,1,1,1.0
648,7,659.0,73.0,90.0,200.0,1,1,1.0
648,2,685.0,57.0,95.0,237.0,1,1,1.0
649,5,1107.0,0.0,32.0,89.0,1,1,1.0
649,7,667.0,70.0,78.0,202.0,1,1,1.0
649,2,695.0,55.0,86.0,229.0,1,1,1.0
650,5,1107.0,0.0,32.0,89.0,1,1,1.0
650,2,705.0,53.0,75.0,226.0,1,1,1.0
651,5,1107.0,0.0,32.0,89.0,1,1,1.0
651,7,689.0,66.0,60.0,196.0,1,1,1.0
651,2,715.0,49.0,67.0,226.0,1,1,1.0
652,5,1107.0,0.0,32.0,89.0,1,1,1.0
652,7,696.0,64.0,52.0,196.0,1,1,1.0
652,2,722.0,47.0,68.0,227.0,1,1,1.0
653,5,1107.0,0.0,32.0,89.0,1,1,1.0
653,7,703.0,63.0,46.0,197.0,1,1,1.0
653,2,729.0,47.0,68.0,227.0,1,1,1.0
654,5,1107.0,0.0,32.0,89.0,1,1,1.0
654,2,736.0,47.0,77.0,227.0,1,1,1.0
655,5,1107.0,0.0,32.0,89.0,1,1,1.0
655,7,716.0,62.0,76.0,196.0,1,1,1.0
655,2,743.0,47.0,89.0,228.0,1,1,1.0
656,5,1107.0,0.0,32.0,88.0,1,1,1.0
656,6,1017.0,4.0,34.0,51.0,1,1,1.0
656,7,719.0,62.0,85.0,196.0,1,1,1.0
656,2,746.0,47.0,100.0,227.0,1,1,1.0
657,5,1107.0,0.0,32.0,88.0,1,1,1.0
657,7,721.0,63.0,94.0,193.0,1,1,1.0
657,2,748.0,48.0,105.0,225.0,1,1,1.0
658,5,1107.0,0.0,32.0,88.0,1,1,1.0
658,7,722.0,62.0,101.0,193.0,1,1,1.0
658,2,750.0,47.0,106.0,223.0,1,1,1.0
659,5,1107.0,0.0,32.0,88.0,1,1,1.0
659,7,724.0,61.0,100.0,192.0,1,1,1.0
659,2,753.0,46.0,104.0,222.0,1,1,1.0
660,5,1107.0,0.0,32.0,89.0,1,1,1.0
660,6,1017.0,4.0,33.0,51.0,1,1,1.0
660,7,732.0,60.0,93.0,191.0,1,1,1.0
660,2,764.0,45.0,92.0,218.0,1,1,1.0
661,5,1107.0,0.0,32.0,89.0,1,1,1.0
661,6,1017.0,4.0,33.0,52.0,1,1,1.0
661,7,743.0,57.0,82.0,190.0,1,1,1.0
661,2,774.0,43.0,82.0,218.0,1,1,1.0
662,5,1107.0,0.0,32.0,89.0,1,1,1.0
662,6,1017.0,4.0,33.0,52.0,1,1,1.0
662,7,756.0,55.0,65.0,191.0,1,1,1.0
662,2,783.0,41.0,76.0,218.0,1,1,1.0
663,5,1107.0,0.0,32.0,88.0,1,1,1.0
663,6,1017.0,3.0,34.0,52.0,1,1,1.0
663,7,769.0,53.0,54.0,190.0,1,1,1.0
663,2,790.0,39.0,78.0,219.0,1,1,1.0
664,5,1107.0,0.0,32.0,88.0,1,1,1.0
664,6,1017.0,4.0,34.0,51.0,1,1,1.0
664,7,776.0,53.0,50.0,190.0,1,1,1.0
664,2,794.0,38.0,83.0,221.0,1,1,1.0
665,5,1107.0,0.0,32.0,88.0,1,1,1.0
665,7,780.0,53.0,50.0,191.0,1,1,1.0
665,2,798.0,37.0,87.0,221.0,1,1,1.0
666,5,1107.0,0.0,32.0,89.0,1,1,1.0
666,2,804.0,37.0,89.0,221.0,1,1,1.0
667,5,1107.0,0.0,32.0,89.0,1,1,1.0
667,2,810.0,38.0,90.0,221.0,1,1,1.0
668,5,1107.0,0.0,32.0,89.0,1,1,1.0
668,2,816.0,38.0,89.0,220.0,1,1,1.0
669,5,1107.0,0.0,32.0,89.0,1,1,1.0
669,2,822.0,38.0,87.0,219.0,1,1,1.0
670,5,1107.0,0.0,33.0,89.0,1,1,1.0
670,6,1017.0,4.0,34.0,52.0,1,1,1.0
670,2,825.0,37.0,87.0,217.0,1,1,1.0
671,5,1106.0,0.0,33.0,89.0,1,1,1.0
671,6,1017.0,4.0,34.0,52.0,1,1,1.0
671,7,805.0,49.0,64.0,190.0,1,1,1.0
671,2,836.0,36.0,78.0,209.0,1,1,1.0
672,5,1106.0,0.0,34.0,88.0,1,1,1.0
672,6,1017.0,3.0,34.0,52.0,1,1,1.0
672,7,815.0,48.0,58.0,187.0,1,1,1.0
672,2,846.0,34.0,69.0,208.0,1,1,1.0
673,5,1105.0,0.0,34.0,88.0,1,1,1.0
673,6,1017.0,3.0,34.0,52.0,1,1,1.0
673,7,826.0,46.0,51.0,184.0,1,1,1.0
673,2,855.0,32.0,64.0,208.0,1,1,1.0
674,5,1104.0,0.0,35.0,88.0,1,1,1.0
674,6,1017.0,4.0,34.0,52.0,1,1,1.0
674,7,833.0,45.0,49.0,183.0,1,1,1.0
674,2,862.0,30.0,64.0,208.0,1,1,1.0
675,5,1104.0,0.0,36.0,88.0,1,1,1.0
675,6,1017.0,4.0,34.0,52.0,1,1,1.0
675,7,839.0,45.0,47.0,183.0,1,1,1.0
675,2,868.0,29.0,64.0,210.0,1,1,1.0
676,5,1103.0,0.0,37.0,88.0,1,1,1.0
676,6,1018.0,4.0,34.0,52.0,1,1,1.0
676,2,875.0,28.0,70.0,211.0,1,1,1.0
677,5,1102.0,0.0,39.0,88.0,1,1,1.0
677,6,1018.0,3.0,34.0,52.0,1,1,1.0
677,2,880.0,28.0,82.0,211.0,1,1,1.0
678,5,1102.0,0.0,40.0,89.0,1,1,1.0
678,6,1018.0,4.0,34.0,52.0,1,1,1.0
678,7,848.0,45.0,83.0,182.0,1,1,1.0
678,2,881.0,29.0,94.0,211.0,1,1,1.0
679,5,1101.0,0.0,41.0,89.0,1,1,1.0
679,6,1018.0,4.0,34.0,52.0,1,1,1.0
679,7,850.0,45.0,89.0,180.0,1,1,1.0
679,2,882.0,30.0,101.0,210.0,1,1,1.0
680,5,1101.0,0.0,42.0,89.0,1,1,1.0
680,6,1017.0,4.0,34.0,52.0,1,1,1.0
680,7,849.0,45.0,94.0,180.0,1,1,1.0
680,2,883.0,30.0,105.0,208.0,1,1,1.0
681,5,1101.0,0.0,42.0,89.0,1,1,1.0
681,6,1017.0,3.0,34.0,52.0,1,1,1.0
681,7,852.0,44.0,93.0,180.0,1,1,1.0
681,2,885.0,30.0,105.0,206.0,1,1,1.0
682,5,1102.0,0.0,42.0,89.0,1,1,1.0
682,6,1017.0,3.0,34.0,52.0,1,1,1.0
682,7,860.0,42.0,85.0,184.0,1,1,1.0
682,2,899.0,30.0,92.0,202.0,1,1,1.0
683,5,1102.0,0.0,42.0,89.0,1,1,1.0
683,6,1017.0,4.0,34.0,52.0,1,1,1.0
683,7,871.0,41.0,71.0,183.0,1,1,1.0
683,2,910.0,29.0,80.0,201.0,1,1,1.0
684,5,1103.0,0.0,42.0,89.0,1,1,1.0
684,6,1017.0,4.0,34.0,51.0,1,1,1.0
684,7,884.0,40.0,59.0,182.0,1,1,1.0
684,2,916.0,28.0,74.0,202.0,1,1,1.0
685,5,1103.0,0.0,43.0,89.0,1,1,1.0
685,6,1017.0,4.0,34.0,51.0,1,1,1.0
685,7,896.0,38.0,50.0,181.0,1,1,1.0
685,2,922.0,26.0,75.0,204.0,1,1,1.0
686,5,1103.0,0.0,43.0,89.0,1,1,1.0
686,6,1017.0,4.0,34.0,52.0,1,1,1.0
686,7,901.0,37.0,48.0,181.0,1,1,1.0
686,2,927.0,24.0,78.0,206.0,1,1,1.0
687,5,1103.0,0.0,43.0,89.0,1,1,1.0
687,6,1017.0,4.0,34.0,52.0,1,1,1.0
687,7,904.0,37.0,53.0,181.0,1,1,1.0
687,2,932.0,23.0,81.0,207.0,1,1,1.0
688,5,1104.0,0.0,43.0,89.0,1,1,1.0
688,6,1017.0,4.0,34.0,51.0,1,1,1.0
688,7,907.0,37.0,57.0,180.0,1,1,1.0
688,2,937.0,23.0,85.0,206.0,1,1,1.0
689,5,1104.0,0.0,42.0,89.0,1,1,1.0
689,2,942.0,25.0,87.0,205.0,1,1,1.0
690,5,1105.0,0.0,42.0,89.0,1,1,1.0
690,2,949.0,25.0,87.0,205.0,1,1,1.0
691,5,1105.0,0.0,42.0,89.0,1,1,1.0
691,7,917.0,38.0,61.0,178.0,1,1,1.0
691,2,954.0,26.0,85.0,203.0,1,1,1.0
692,5,1105.0,0.0,42.0,89.0,1,1,1.0
692,7,924.0,37.0,59.0,178.0,1,1,1.0
692,2,958.0,26.0,83.0,202.0,1,1,1.0
693,5,1105.0,0.0,43.0,89.0,1,1,1.0
693,7,934.0,37.0,53.0,177.0,1,1,1.0
693,2,964.0,26.0,79.0,198.0,1,1,1.0
694,5,1106.0,0.0,43.0,89.0,1,1,1.0
694,6,1019.0,4.0,32.0,51.0,1,1,1.0
694,7,946.0,35.0,50.0,176.0,1,1,1.0
694,2,974.0,27.0,70.0,193.0,1,1,1.0
695,5,1106.0,0.0,43.0,89.0,1,1,1.0
695,7,954.0,34.0,46.0,174.0,1,1,1.0
695,2,981.0,24.0,62.0,193.0,1,1,1.0
696,5,1106.0,0.0,43.0,89.0,1,1,1.0
696,7,961.0,32.0,42.0,175.0,1,1,1.0
696,2,986.0,21.0,61.0,194.0,1,1,1.0
697,5,1106.0,0.0,43.0,89.0,1,1,1.0
697,7,965.0,32.0,42.0,175.0,1,1,1.0
697,2,993.0,19.0,60.0,192.0,1,1,1.0
698,5,1106.0,0.0,43.0,90.0,1,1,1.0
698,6,1019.0,3.0,31.0,51.0,1,1,1.0
698,7,967.0,32.0,44.0,175.0,1,1,1.0
698,2,999.0,18.0,59.0,194.0,1,1,1.0
699,5,1106.0,0.0,43.0,89.0,1,1,1.0
699,7,968.0,33.0,59.0,174.0,1,1,1.0
699,2,1003.0,19.0,66.0,195.0,1,1,1.0
700,5,1106.0,0.0,42.0,90.0,1,1,1.0
700,7,969.0,34.0,72.0,172.0,1,1,1.0
700,2,1004.0,21.0,76.0,194.0,1,1,1.0
701,5,1106.0,0.0,42.0,90.0,1,1,1.0
701,7,969.0,35.0,79.0,171.0,1,1,1.0
701,2,1005.0,22.0,86.0,193.0,1,1,1.0
702,5,1106.0,0.0,42.0,90.0,1,1,1.0
702,7,972.0,35.0,80.0,170.0,1,1,1.0
702,2,1006.0,23.0,89.0,192.0,1,1,1.0
703,5,1106.0,0.0,42.0,90.0,1,1,1.0
703,7,978.0,34.0,76.0,169.0,1,1,1.0
703,2,1009.0,23.0,88.0,190.0,1,1,1.0
704,5,1106.0,0.0,42.0,90.0,1,1,1.0
704,7,987.0,34.0,67.0,170.0,1,1,1.0
704,2,1021.0,23.0,77.0,189.0,1,1,1.0
705,5,1106.0,0.0,42.0,90.0,1,1,1.0
705,7,999.0,33.0,55.0,167.0,1,1,1.0
705,2,1030.0,30.0,70.0,181.0,1,1,1.0
706,5,1105.0,0.0,42.0,90.0,1,1,1.0
706,7,1010.0,29.0,46.0,171.0,1,1,1.0
706,2,1037.0,23.0,73.0,188.0,1,1,1.0
707,5,1105.0,0.0,42.0,90.0,1,1,1.0
707,6,1016.0,3.0,30.0,56.0,1,1,1.0
707,7,1015.0,29.0,46.0,170.0,1,1,1.0
707,2,1042.0,20.0,73.0,191.0,1,1,1.0
708,5,1105.0,0.0,42.0,90.0,1,1,1.0
708,6,1016.0,3.0,30.0,56.0,1,1,1.0
708,7,1016.0,29.0,47.0,169.0,1,1,1.0
708,2,1046.0,18.0,78.0,193.0,1,1,1.0
709,5,1105.0,0.0,42.0,89.0,1,1,1.0
709,6,1016.0,3.0,30.0,56.0,1,1,1.0
709,7,1017.0,30.0,54.0,169.0,1,1,1.0
709,2,1050.0,18.0,82.0,193.0,1,1,1.0
710,7,1020.0,30.0,56.0,168.0,1,1,1.0
710,2,1055.0,18.0,83.0,192.0,1,1,1.0
711,7,1024.0,31.0,56.0,167.0,1,1,1.0
711,2,1059.0,19.0,84.0,191.0,1,1,1.0
712,7,1028.0,31.0,57.0,167.0,1,1,1.0
712,2,1065.0,20.0,83.0,190.0,1,1,1.0
713,6,1017.0,4.0,33.0,52.0,1,1,1.0
713,7,1033.0,30.0,55.0,168.0,1,1,1.0
713,2,1069.0,20.0,82.0,188.0,1,1,1.0
714,7,1041.0,30.0,51.0,167.0,1,1,1.0
714,2,1077.0,20.0,77.0,182.0,1,1,1.0
715,6,1017.0,5.0,33.0,51.0,1,1,1.0
715,7,1050.0,29.0,46.0,164.0,1,1,1.0
715,2,1082.0,21.0,71.0,179.0,1,1,1.0
716,6,1017.0,4.0,33.0,51.0,1,1,1.0
716,7,1056.0,28.0,43.0,163.0,1,1,1.0
716,2,1088.0,7.0,64.0,191.0,1,1,1.0
717,6,1017.0,4.0,33.0,51.0,1,1,1.0
717,7,1063.0,27.0,42.0,163.0,1,1,1.0
717,2,1093.0,2.0,59.0,195.0,1,1,1.0
718,7,1067.0,27.0,44.0,164.0,1,1,1.0
718,2,1098.0,0.0,57.0,193.0,1,1,1.0
719,7,1070.0,27.0,45.0,163.0,1,1,1.0
720,2,1106.0,11.0,62.0,186.0,1,1,1.0
