1,1,756.0,204.0,37.0,112.0,1,1,1.0
1,2,792.0,201.0,38.0,115.0,1,1,1.0
2,1,756.0,204.0,37.0,113.0,1,1,1.0
2,2,791.0,202.0,39.0,115.0,1,1,1.0
3,1,756.0,204.0,37.0,114.0,1,1,1.0
3,2,789.0,202.0,40.0,115.0,1,1,1.0
4,1,756.0,205.0,37.0,114.0,1,1,1.0
4,2,789.0,203.0,39.0,115.0,1,1,1.0
5,1,755.0,207.0,37.0,114.0,1,1,1.0
5,2,789.0,205.0,38.0,115.0,1,1,1.0
6,1,755.0,208.0,38.0,114.0,1,1,1.0
6,2,789.0,206.0,37.0,115.0,1,1,1.0
7,1,755.0,209.0,38.0,115.0,1,1,1.0
7,2,789.0,207.0,37.0,116.0,1,1,1.0
8,1,755.0,209.0,38.0,116.0,1,1,1.0
8,2,789.0,208.0,37.0,117.0,1,1,1.0
9,1,755.0,208.0,39.0,117.0,1,1,1.0
9,2,788.0,208.0,38.0,118.0,1,1,1.0
10,1,755.0,208.0,38.0,117.0,1,1,1.0
10,2,787.0,207.0,39.0,118.0,1,1,1.0
11,1,756.0,208.0,38.0,118.0,1,1,1.0
11,2,787.0,207.0,40.0,118.0,1,1,1.0
12,1,756.0,208.0,37.0,118.0,1,1,1.0
12,2,787.0,207.0,39.0,119.0,1,1,1.0
13,1,756.0,209.0,37.0,119.0,1,1,1.0
13,2,786.0,207.0,39.0,119.0,1,1,1.0
14,1,756.0,210.0,36.0,119.0,1,1,1.0
14,2,786.0,207.0,39.0,119.0,1,1,1.0
15,1,755.0,211.0,37.0,120.0,1,1,1.0
15,2,785.0,208.0,38.0,118.0,1,1,1.0
16,1,754.0,213.0,37.0,119.0,1,1,1.0
16,2,784.0,210.0,39.0,119.0,1,1,1.0
17,1,753.0,214.0,38.0,120.0,1,1,1.0
17,2,784.0,211.0,37.0,117.0,1,1,1.0
18,1,752.0,215.0,39.0,120.0,1,1,1.0
18,2,784.0,212.0,37.0,118.0,1,1,1.0
19,1,751.0,215.0,40.0,121.0,1,1,1.0
19,2,783.0,212.0,36.0,119.0,1,1,1.0
20,1,748.0,215.0,40.0,121.0,1,1,1.0
20,2,782.0,212.0,36.0,122.0,1,1,1.0
21,1,747.0,214.0,39.0,121.0,1,1,1.0
21,2,782.0,212.0,36.0,122.0,1,1,1.0
22,1,746.0,214.0,39.0,121.0,1,1,1.0
22,2,781.0,212.0,37.0,123.0,1,1,1.0
23,1,745.0,215.0,40.0,121.0,1,1,1.0
23,2,781.0,212.0,37.0,123.0,1,1,1.0
24,1,744.0,216.0,40.0,123.0,1,1,1.0
24,2,781.0,213.0,38.0,124.0,1,1,1.0
25,1,744.0,218.0,41.0,122.0,1,1,1.0
25,2,781.0,215.0,39.0,124.0,1,1,1.0
26,1,743.0,220.0,41.0,123.0,1,1,1.0
26,2,781.0,217.0,39.0,125.0,1,1,1.0
27,1,743.0,220.0,42.0,123.0,1,1,1.0
27,2,781.0,218.0,39.0,125.0,1,1,1.0
28,1,743.0,221.0,42.0,124.0,1,1,1.0
28,2,782.0,219.0,39.0,125.0,1,1,1.0
29,1,744.0,221.0,42.0,125.0,1,1,1.0
29,2,782.0,219.0,39.0,126.0,1,1,1.0
30,1,744.0,221.0,42.0,125.0,1,1,1.0
30,2,783.0,219.0,39.0,126.0,1,1,1.0
31,1,744.0,221.0,41.0,125.0,1,1,1.0
31,2,783.0,219.0,40.0,127.0,1,1,1.0
32,1,745.0,221.0,41.0,125.0,1,1,1.0
32,2,783.0,218.0,40.0,127.0,1,1,1.0
33,1,745.0,222.0,40.0,127.0,1,1,1.0
33,2,783.0,218.0,40.0,127.0,1,1,1.0
34,1,745.0,223.0,40.0,128.0,1,1,1.0
34,2,782.0,219.0,41.0,129.0,1,1,1.0
35,1,745.0,224.0,40.0,128.0,1,1,1.0
35,2,781.0,221.0,41.0,130.0,1,1,1.0
36,1,745.0,226.0,40.0,128.0,1,1,1.0
36,2,780.0,223.0,41.0,129.0,1,1,1.0
37,1,744.0,227.0,40.0,129.0,1,1,1.0
37,2,780.0,224.0,40.0,130.0,1,1,1.0
38,1,743.0,227.0,40.0,130.0,1,1,1.0
38,2,779.0,225.0,40.0,131.0,1,1,1.0
39,1,742.0,227.0,39.0,130.0,1,1,1.0
39,2,778.0,225.0,40.0,131.0,1,1,1.0
40,1,742.0,227.0,40.0,130.0,1,1,1.0
40,2,778.0,225.0,40.0,131.0,1,1,1.0
41,1,741.0,227.0,41.0,130.0,1,1,1.0
41,2,777.0,224.0,40.0,132.0,1,1,1.0
42,1,741.0,227.0,41.0,130.0,1,1,1.0
42,2,777.0,224.0,40.0,132.0,1,1,1.0
43,1,740.0,228.0,42.0,130.0,1,1,1.0
43,2,777.0,225.0,39.0,132.0,1,1,1.0
44,1,739.0,229.0,43.0,132.0,1,1,1.0
44,2,776.0,226.0,40.0,132.0,1,1,1.0
45,1,739.0,231.0,44.0,133.0,1,1,1.0
45,2,776.0,229.0,40.0,134.0,1,1,1.0
46,1,739.0,233.0,43.0,133.0,1,1,1.0
46,2,776.0,231.0,40.0,134.0,1,1,1.0
47,1,739.0,234.0,44.0,134.0,1,1,1.0
47,2,776.0,232.0,40.0,135.0,1,1,1.0
48,1,739.0,235.0,44.0,134.0,1,1,1.0
48,2,776.0,232.0,41.0,136.0,1,1,1.0
49,1,739.0,235.0,43.0,134.0,1,1,1.0
49,2,776.0,232.0,42.0,137.0,1,1,1.0
50,1,739.0,235.0,43.0,134.0,1,1,1.0
50,2,776.0,232.0,43.0,137.0,1,1,1.0
51,1,740.0,235.0,43.0,134.0,1,1,1.0
51,2,776.0,232.0,44.0,137.0,1,1,1.0
52,1,740.0,236.0,42.0,134.0,1,1,1.0
52,2,776.0,232.0,45.0,137.0,1,1,1.0
53,1,740.0,236.0,42.0,135.0,1,1,1.0
53,2,776.0,233.0,45.0,137.0,1,1,1.0
54,1,740.0,238.0,42.0,136.0,1,1,1.0
54,2,775.0,235.0,46.0,136.0,1,1,1.0
55,1,741.0,240.0,43.0,137.0,1,1,1.0
55,2,775.0,236.0,46.0,137.0,1,1,1.0
56,1,740.0,240.0,43.0,138.0,1,1,1.0
56,2,774.0,238.0,45.0,138.0,1,1,1.0
57,1,739.0,243.0,42.0,139.0,1,1,1.0
57,2,774.0,239.0,46.0,140.0,1,1,1.0
58,1,738.0,245.0,42.0,138.0,1,1,1.0
58,2,773.0,239.0,45.0,141.0,1,1,1.0
59,1,736.0,245.0,43.0,138.0,1,1,1.0
59,2,773.0,239.0,45.0,142.0,1,1,1.0
60,1,735.0,245.0,44.0,138.0,1,1,1.0
60,2,773.0,239.0,45.0,142.0,1,1,1.0
61,1,734.0,245.0,45.0,138.0,1,1,1.0
61,2,773.0,239.0,45.0,143.0,1,1,1.0
62,1,732.0,245.0,46.0,138.0,1,1,1.0
62,2,773.0,239.0,46.0,143.0,1,1,1.0
63,1,731.0,246.0,47.0,138.0,1,1,1.0
63,2,773.0,240.0,48.0,143.0,1,1,1.0
64,1,730.0,246.0,48.0,141.0,1,1,1.0
64,2,772.0,241.0,48.0,143.0,1,1,1.0
65,1,730.0,249.0,49.0,141.0,1,1,1.0
65,2,773.0,244.0,48.0,144.0,1,1,1.0
66,1,729.0,251.0,49.0,142.0,1,1,1.0
66,2,773.0,246.0,48.0,145.0,1,1,1.0
67,1,729.0,252.0,49.0,144.0,1,1,1.0
67,2,774.0,248.0,48.0,146.0,1,1,1.0
68,1,729.0,252.0,49.0,145.0,1,1,1.0
68,2,774.0,248.0,48.0,147.0,1,1,1.0
69,1,729.0,253.0,49.0,146.0,1,1,1.0
69,2,775.0,249.0,49.0,147.0,1,1,1.0
70,1,730.0,253.0,48.0,146.0,1,1,1.0
70,2,775.0,248.0,49.0,148.0,1,1,1.0
71,1,730.0,253.0,49.0,146.0,1,1,1.0
71,2,776.0,248.0,49.0,148.0,1,1,1.0
72,1,730.0,253.0,49.0,145.0,1,1,1.0
72,2,776.0,248.0,48.0,148.0,1,1,1.0
73,1,730.0,254.0,49.0,146.0,1,1,1.0
73,2,777.0,249.0,48.0,149.0,1,1,1.0
74,1,731.0,256.0,48.0,146.0,1,1,1.0
74,2,776.0,250.0,48.0,149.0,1,1,1.0
75,1,731.0,258.0,48.0,147.0,1,1,1.0
75,2,776.0,251.0,48.0,151.0,1,1,1.0
76,1,731.0,260.0,48.0,148.0,1,1,1.0
76,2,776.0,252.0,48.0,152.0,1,1,1.0
77,1,731.0,261.0,49.0,149.0,1,1,1.0
77,2,775.0,254.0,48.0,153.0,1,1,1.0
78,1,730.0,262.0,48.0,150.0,1,1,1.0
78,2,775.0,256.0,48.0,154.0,1,1,1.0
79,1,729.0,263.0,48.0,150.0,1,1,1.0
79,2,775.0,257.0,48.0,154.0,1,1,1.0
80,1,728.0,263.0,48.0,150.0,1,1,1.0
80,2,774.0,257.0,48.0,155.0,1,1,1.0
81,1,727.0,264.0,50.0,150.0,1,1,1.0
81,2,774.0,257.0,48.0,156.0,1,1,1.0
82,1,726.0,264.0,51.0,150.0,1,1,1.0
82,2,774.0,257.0,49.0,155.0,1,1,1.0
83,1,725.0,264.0,53.0,151.0,1,1,1.0
83,2,774.0,258.0,50.0,155.0,1,1,1.0
84,1,724.0,265.0,54.0,154.0,1,1,1.0
84,2,773.0,259.0,51.0,156.0,1,1,1.0
85,1,723.0,268.0,55.0,156.0,1,1,1.0
85,2,773.0,263.0,51.0,157.0,1,1,1.0
86,1,722.0,269.0,55.0,158.0,1,1,1.0
86,2,774.0,266.0,51.0,158.0,1,1,1.0
87,1,722.0,270.0,55.0,159.0,1,1,1.0
87,2,774.0,268.0,51.0,158.0,1,1,1.0
88,1,722.0,270.0,55.0,160.0,1,1,1.0
88,2,775.0,269.0,51.0,159.0,1,1,1.0
89,1,723.0,270.0,54.0,161.0,1,1,1.0
89,2,775.0,270.0,51.0,158.0,1,1,1.0
90,1,723.0,270.0,54.0,162.0,1,1,1.0
90,2,775.0,271.0,51.0,158.0,1,1,1.0
91,1,723.0,270.0,53.0,162.0,1,1,1.0
91,2,775.0,271.0,51.0,158.0,1,1,1.0
92,1,723.0,270.0,53.0,162.0,1,1,1.0
92,2,775.0,272.0,51.0,157.0,1,1,1.0
93,1,723.0,271.0,53.0,163.0,1,1,1.0
93,2,775.0,273.0,51.0,158.0,1,1,1.0
94,1,723.0,272.0,53.0,164.0,1,1,1.0
94,2,775.0,275.0,51.0,161.0,1,1,1.0
95,1,722.0,274.0,53.0,165.0,1,1,1.0
95,2,775.0,277.0,51.0,161.0,1,1,1.0
96,1,721.0,276.0,53.0,166.0,1,1,1.0
96,2,775.0,280.0,52.0,161.0,1,1,1.0
97,1,720.0,278.0,53.0,168.0,1,1,1.0
97,2,775.0,281.0,51.0,163.0,1,1,1.0
98,1,718.0,279.0,53.0,169.0,1,1,1.0
98,2,775.0,282.0,51.0,164.0,1,1,1.0
99,1,716.0,280.0,54.0,169.0,1,1,1.0
99,2,775.0,283.0,50.0,165.0,1,1,1.0
100,1,713.0,280.0,56.0,168.0,1,1,1.0
100,2,775.0,283.0,50.0,165.0,1,1,1.0
101,1,711.0,281.0,58.0,168.0,1,1,1.0
101,2,775.0,283.0,50.0,165.0,1,1,1.0
102,1,709.0,281.0,60.0,168.0,1,1,1.0
102,2,775.0,284.0,50.0,164.0,1,1,1.0
103,1,707.0,282.0,61.0,168.0,1,1,1.0
103,2,774.0,285.0,50.0,165.0,1,1,1.0
104,1,706.0,283.0,63.0,171.0,1,1,1.0
104,2,774.0,286.0,50.0,167.0,1,1,1.0
105,1,705.0,286.0,65.0,173.0,1,1,1.0
105,2,774.0,287.0,50.0,170.0,1,1,1.0
106,1,704.0,288.0,65.0,174.0,1,1,1.0
106,2,775.0,290.0,50.0,170.0,1,1,1.0
107,1,704.0,290.0,66.0,174.0,1,1,1.0
107,2,775.0,292.0,51.0,172.0,1,1,1.0
108,1,704.0,292.0,67.0,176.0,1,1,1.0
108,2,776.0,293.0,51.0,172.0,1,1,1.0
109,1,704.0,292.0,67.0,177.0,1,1,1.0
109,2,776.0,294.0,51.0,172.0,1,1,1.0
110,1,705.0,293.0,65.0,177.0,1,1,1.0
110,2,776.0,294.0,51.0,172.0,1,1,1.0
111,1,706.0,293.0,63.0,177.0,1,1,1.0
111,2,777.0,294.0,52.0,172.0,1,1,1.0
112,1,707.0,293.0,61.0,176.0,1,1,1.0
112,2,776.0,294.0,52.0,171.0,1,1,1.0
113,1,708.0,295.0,60.0,177.0,1,1,1.0
113,2,776.0,296.0,52.0,173.0,1,1,1.0
114,1,709.0,296.0,59.0,181.0,1,1,1.0
114,2,775.0,297.0,53.0,175.0,1,1,1.0
115,1,710.0,299.0,58.0,182.0,1,1,1.0
115,2,773.0,300.0,55.0,177.0,1,1,1.0
116,1,710.0,302.0,58.0,182.0,1,1,1.0
116,2,773.0,302.0,54.0,178.0,1,1,1.0
117,1,710.0,305.0,57.0,183.0,1,1,1.0
117,2,771.0,304.0,53.0,179.0,1,1,1.0
118,1,709.0,307.0,57.0,184.0,1,1,1.0
118,2,770.0,305.0,53.0,181.0,1,1,1.0
119,1,708.0,308.0,57.0,185.0,1,1,1.0
119,2,769.0,306.0,53.0,182.0,1,1,1.0
120,1,707.0,309.0,58.0,185.0,1,1,1.0
120,2,768.0,306.0,54.0,182.0,1,1,1.0
121,1,706.0,310.0,59.0,185.0,1,1,1.0
121,2,767.0,307.0,54.0,182.0,1,1,1.0
122,1,704.0,310.0,61.0,185.0,1,1,1.0
122,2,765.0,307.0,54.0,182.0,1,1,1.0
123,1,704.0,310.0,63.0,185.0,1,1,1.0
123,2,764.0,308.0,55.0,181.0,1,1,1.0
124,1,703.0,311.0,64.0,187.0,1,1,1.0
124,2,763.0,310.0,55.0,181.0,1,1,1.0
125,1,703.0,313.0,65.0,191.0,1,1,1.0
125,2,763.0,312.0,55.0,184.0,1,1,1.0
126,1,702.0,316.0,66.0,192.0,1,1,1.0
126,2,763.0,314.0,55.0,186.0,1,1,1.0
127,1,703.0,319.0,65.0,193.0,1,1,1.0
127,2,762.0,317.0,56.0,186.0,1,1,1.0
128,1,703.0,321.0,66.0,194.0,1,1,1.0
128,2,762.0,319.0,56.0,187.0,1,1,1.0
129,1,704.0,323.0,65.0,195.0,1,1,1.0
129,2,763.0,321.0,56.0,189.0,1,1,1.0
130,1,704.0,324.0,66.0,195.0,1,1,1.0
130,2,763.0,322.0,57.0,190.0,1,1,1.0
131,1,705.0,326.0,64.0,195.0,1,1,1.0
131,2,764.0,323.0,57.0,189.0,1,1,1.0
132,1,705.0,327.0,63.0,194.0,1,1,1.0
132,2,764.0,323.0,57.0,189.0,1,1,1.0
133,1,705.0,327.0,63.0,193.0,1,1,1.0
133,2,765.0,324.0,57.0,189.0,1,1,1.0
134,1,705.0,328.0,63.0,196.0,1,1,1.0
134,2,765.0,325.0,57.0,188.0,1,1,1.0
135,1,706.0,329.0,63.0,201.0,1,1,1.0
135,2,766.0,327.0,58.0,191.0,1,1,1.0
136,1,705.0,332.0,63.0,202.0,1,1,1.0
136,2,766.0,330.0,58.0,193.0,1,1,1.0
137,1,705.0,335.0,63.0,202.0,1,1,1.0
137,2,766.0,332.0,58.0,195.0,1,1,1.0
138,1,703.0,339.0,64.0,203.0,1,1,1.0
138,2,766.0,335.0,57.0,196.0,1,1,1.0
139,1,702.0,341.0,65.0,205.0,1,1,1.0
139,2,766.0,337.0,58.0,198.0,1,1,1.0
140,1,700.0,343.0,64.0,206.0,1,1,1.0
140,2,766.0,339.0,58.0,199.0,1,1,1.0
141,1,699.0,345.0,65.0,205.0,1,1,1.0
141,2,767.0,340.0,58.0,199.0,1,1,1.0
142,1,697.0,346.0,66.0,205.0,1,1,1.0
142,2,767.0,340.0,58.0,199.0,1,1,1.0
143,1,695.0,346.0,68.0,204.0,1,1,1.0
143,2,767.0,341.0,59.0,199.0,1,1,1.0
144,1,694.0,347.0,70.0,203.0,1,1,1.0
144,2,766.0,341.0,59.0,198.0,1,1,1.0
145,1,691.0,350.0,73.0,210.0,1,1,1.0
145,2,766.0,345.0,60.0,204.0,1,1,1.0
146,1,689.0,353.0,75.0,212.0,1,1,1.0
146,2,767.0,348.0,60.0,205.0,1,1,1.0
147,1,688.0,357.0,77.0,213.0,1,1,1.0
147,2,767.0,352.0,60.0,207.0,1,1,1.0
148,1,688.0,360.0,78.0,214.0,1,1,1.0
148,2,768.0,355.0,61.0,208.0,1,1,1.0
149,1,688.0,363.0,78.0,216.0,1,1,1.0
149,2,768.0,357.0,62.0,210.0,1,1,1.0
150,1,688.0,364.0,77.0,216.0,1,1,1.0
150,2,769.0,360.0,62.0,211.0,1,1,1.0
151,1,688.0,366.0,76.0,216.0,1,1,1.0
151,2,769.0,361.0,62.0,211.0,1,1,1.0
152,1,689.0,366.0,75.0,215.0,1,1,1.0
152,2,770.0,362.0,63.0,211.0,1,1,1.0
153,1,690.0,367.0,73.0,215.0,1,1,1.0
153,2,770.0,362.0,63.0,211.0,1,1,1.0
154,1,691.0,368.0,72.0,216.0,1,1,1.0
154,2,770.0,363.0,64.0,210.0,1,1,1.0
155,1,692.0,371.0,71.0,224.0,1,1,1.0
155,2,770.0,365.0,64.0,215.0,1,1,1.0
156,1,692.0,374.0,71.0,226.0,1,1,1.0
156,2,770.0,368.0,64.0,219.0,1,1,1.0
157,1,691.0,378.0,72.0,226.0,1,1,1.0
157,2,770.0,372.0,64.0,220.0,1,1,1.0
158,1,690.0,382.0,73.0,227.0,1,1,1.0
158,2,770.0,376.0,64.0,222.0,1,1,1.0
159,1,689.0,385.0,73.0,230.0,1,1,1.0
159,2,770.0,379.0,64.0,224.0,1,1,1.0
160,1,689.0,387.0,73.0,231.0,1,1,1.0
160,2,769.0,382.0,65.0,226.0,1,1,1.0
161,1,688.0,388.0,72.0,231.0,1,1,1.0
161,2,769.0,384.0,65.0,225.0,1,1,1.0
162,1,687.0,389.0,74.0,231.0,1,1,1.0
162,2,769.0,385.0,66.0,224.0,1,1,1.0
163,1,686.0,390.0,76.0,230.0,1,1,1.0
163,2,768.0,386.0,66.0,223.0,1,1,1.0
164,1,684.0,391.0,79.0,228.0,1,1,1.0
164,2,768.0,387.0,67.0,222.0,1,1,1.0
165,1,683.0,394.0,83.0,229.0,1,1,1.0
165,2,768.0,390.0,67.0,222.0,1,1,1.0
166,1,683.0,397.0,84.0,235.0,1,1,1.0
166,2,768.0,393.0,68.0,226.0,1,1,1.0
167,1,683.0,400.0,85.0,238.0,1,1,1.0
167,2,768.0,397.0,69.0,228.0,1,1,1.0
168,1,684.0,404.0,85.0,239.0,1,1,1.0
168,2,769.0,401.0,69.0,232.0,1,1,1.0
169,1,685.0,408.0,86.0,242.0,1,1,1.0
169,2,770.0,404.0,69.0,235.0,1,1,1.0
170,1,686.0,410.0,86.0,245.0,1,1,1.0
170,2,771.0,408.0,69.0,237.0,1,1,1.0
171,1,687.0,412.0,85.0,245.0,1,1,1.0
171,2,772.0,410.0,70.0,238.0,1,1,1.0
172,1,688.0,415.0,84.0,244.0,1,1,1.0
172,2,773.0,411.0,70.0,238.0,1,1,1.0
173,1,690.0,416.0,83.0,243.0,1,1,1.0
173,2,774.0,412.0,71.0,238.0,1,1,1.0
174,1,691.0,417.0,82.0,242.0,1,1,1.0
174,2,775.0,413.0,71.0,237.0,1,1,1.0
175,1,692.0,419.0,82.0,242.0,1,1,1.0
175,2,775.0,414.0,72.0,236.0,1,1,1.0
176,1,693.0,421.0,82.0,250.0,1,1,1.0
176,2,775.0,418.0,72.0,243.0,1,1,1.0
177,1,693.0,424.0,82.0,253.0,1,1,1.0
177,2,775.0,422.0,72.0,247.0,1,1,1.0
178,1,693.0,429.0,82.0,254.0,1,1,1.0
178,2,774.0,426.0,72.0,249.0,1,1,1.0
179,1,693.0,433.0,82.0,255.0,1,1,1.0
179,2,774.0,430.0,73.0,254.0,1,1,1.0
180,1,692.0,436.0,82.0,260.0,1,1,1.0
180,2,773.0,434.0,74.0,257.0,1,1,1.0
181,1,691.0,439.0,82.0,261.0,1,1,1.0
181,2,772.0,437.0,74.0,258.0,1,1,1.0
182,1,690.0,442.0,83.0,260.0,1,1,1.0
182,2,772.0,439.0,74.0,256.0,1,1,1.0
183,1,688.0,444.0,84.0,259.0,1,1,1.0
183,2,772.0,441.0,75.0,255.0,1,1,1.0
184,1,686.0,445.0,87.0,258.0,1,1,1.0
184,2,771.0,442.0,75.0,254.0,1,1,1.0
185,1,684.0,447.0,89.0,256.0,1,1,1.0
185,2,770.0,444.0,76.0,251.0,1,1,1.0
186,1,682.0,450.0,92.0,260.0,1,1,1.0
186,2,770.0,447.0,77.0,253.0,1,1,1.0
187,1,681.0,453.0,93.0,268.0,1,1,1.0
187,2,770.0,452.0,77.0,259.0,1,1,1.0
188,1,680.0,457.0,95.0,272.0,1,1,1.0
188,2,771.0,457.0,78.0,261.0,1,1,1.0
189,1,679.0,463.0,96.0,273.0,1,1,1.0
189,2,772.0,462.0,78.0,264.0,1,1,1.0
190,1,679.0,467.0,96.0,276.0,1,1,1.0
190,2,773.0,467.0,78.0,266.0,1,1,1.0
191,1,679.0,471.0,97.0,279.0,1,1,1.0
191,2,774.0,470.0,79.0,269.0,1,1,1.0
192,1,679.0,473.0,97.0,278.0,1,1,1.0
192,2,776.0,472.0,79.0,271.0,1,1,1.0
193,1,679.0,476.0,97.0,276.0,1,1,1.0
193,2,777.0,474.0,80.0,270.0,1,1,1.0
194,1,679.0,479.0,97.0,274.0,1,1,1.0
194,2,777.0,475.0,81.0,269.0,1,1,1.0
195,1,680.0,481.0,96.0,272.0,1,1,1.0
195,2,778.0,477.0,82.0,268.0,1,1,1.0
196,1,680.0,485.0,96.0,274.0,1,1,1.0
196,2,778.0,480.0,82.0,266.0,1,1,1.0
197,1,680.0,488.0,95.0,284.0,1,1,1.0
197,2,778.0,484.0,83.0,273.0,1,1,1.0
198,1,681.0,493.0,95.0,289.0,1,1,1.0
198,2,778.0,489.0,83.0,281.0,1,1,1.0
199,1,680.0,499.0,96.0,290.0,1,1,1.0
199,2,777.0,495.0,84.0,281.0,1,1,1.0
200,1,678.0,505.0,96.0,291.0,1,1,1.0
200,2,775.0,501.0,84.0,285.0,1,1,1.0
201,1,677.0,510.0,96.0,295.0,1,1,1.0
201,2,774.0,506.0,85.0,290.0,1,1,1.0
202,1,675.0,514.0,96.0,296.0,1,1,1.0
202,2,772.0,510.0,85.0,290.0,1,1,1.0
203,1,672.0,518.0,98.0,295.0,1,1,1.0
203,2,771.0,512.0,86.0,289.0,1,1,1.0
204,1,669.0,522.0,101.0,292.0,1,1,1.0
204,2,770.0,514.0,87.0,288.0,1,1,1.0
205,1,665.0,525.0,106.0,289.0,1,1,1.0
205,2,768.0,516.0,88.0,287.0,1,1,1.0
206,1,662.0,528.0,108.0,286.0,1,1,1.0
206,2,767.0,518.0,89.0,284.0,1,1,1.0
207,1,660.0,532.0,111.0,289.0,1,1,1.0
207,2,766.0,522.0,88.0,283.0,1,1,1.0
208,1,658.0,536.0,114.0,301.0,1,1,1.0
208,2,765.0,526.0,89.0,290.0,1,1,1.0
209,1,656.0,543.0,115.0,308.0,1,1,1.0
209,2,764.0,531.0,90.0,298.0,1,1,1.0
210,1,655.0,550.0,117.0,308.0,1,1,1.0
210,2,764.0,537.0,90.0,301.0,1,1,1.0
211,1,654.0,556.0,118.0,312.0,1,1,1.0
211,2,764.0,544.0,91.0,303.0,1,1,1.0
212,1,654.0,563.0,119.0,313.0,1,1,1.0
212,2,764.0,549.0,91.0,307.0,1,1,1.0
213,1,655.0,567.0,118.0,312.0,1,1,1.0
213,2,764.0,553.0,92.0,309.0,1,1,1.0
214,1,656.0,570.0,116.0,310.0,1,1,1.0
214,2,764.0,557.0,93.0,307.0,1,1,1.0
215,1,657.0,575.0,114.0,306.0,1,1,1.0
215,2,764.0,560.0,94.0,305.0,1,1,1.0
216,1,657.0,578.0,111.0,303.0,1,1,1.0
216,2,764.0,562.0,95.0,303.0,1,1,1.0
217,1,657.0,582.0,111.0,306.0,1,1,1.0
217,2,764.0,566.0,96.0,300.0,1,1,1.0
218,1,657.0,587.0,111.0,319.0,1,1,1.0
218,2,764.0,570.0,96.0,305.0,1,1,1.0
219,1,657.0,592.0,111.0,328.0,1,1,1.0
219,2,763.0,575.0,97.0,315.0,1,1,1.0
220,1,656.0,598.0,112.0,330.0,1,1,1.0
220,2,762.0,582.0,98.0,320.0,1,1,1.0
221,1,654.0,608.0,113.0,333.0,1,1,1.0
221,2,761.0,589.0,98.0,323.0,1,1,1.0
222,1,652.0,615.0,113.0,337.0,1,1,1.0
222,2,759.0,595.0,99.0,328.0,1,1,1.0
223,1,649.0,622.0,113.0,335.0,1,1,1.0
223,2,756.0,601.0,101.0,333.0,1,1,1.0
224,1,645.0,627.0,116.0,333.0,1,1,1.0
224,2,754.0,606.0,102.0,336.0,1,1,1.0
225,1,641.0,633.0,119.0,329.0,1,1,1.0
225,2,753.0,610.0,103.0,335.0,1,1,1.0
226,1,637.0,637.0,124.0,324.0,1,1,1.0
226,2,752.0,613.0,103.0,332.0,1,1,1.0
227,1,633.0,641.0,128.0,320.0,1,1,1.0
227,2,751.0,617.0,104.0,329.0,1,1,1.0
228,1,629.0,646.0,131.0,324.0,1,1,1.0
228,2,749.0,620.0,104.0,325.0,1,1,1.0
229,1,625.0,651.0,134.0,339.0,1,1,1.0
229,2,747.0,625.0,105.0,325.0,1,1,1.0
230,1,622.0,658.0,137.0,351.0,1,1,1.0
230,2,747.0,631.0,106.0,335.0,1,1,1.0
231,1,620.0,668.0,139.0,353.0,1,1,1.0
231,2,746.0,637.0,106.0,346.0,1,1,1.0
232,1,619.0,677.0,141.0,356.0,1,1,1.0
232,2,746.0,645.0,107.0,348.0,1,1,1.0
233,1,618.0,683.0,142.0,359.0,1,1,1.0
233,2,746.0,653.0,107.0,354.0,1,1,1.0
234,1,619.0,690.0,140.0,356.0,1,1,1.0
234,2,746.0,660.0,108.0,357.0,1,1,1.0
235,1,621.0,695.0,138.0,354.0,1,1,1.0
235,2,746.0,667.0,108.0,360.0,1,1,1.0
236,1,622.0,701.0,136.0,348.0,1,1,1.0
236,2,746.0,672.0,110.0,359.0,1,1,1.0
237,1,622.0,706.0,134.0,343.0,1,1,1.0
237,2,746.0,677.0,110.0,356.0,1,1,1.0
238,1,621.0,711.0,134.0,340.0,1,1,1.0
238,2,746.0,682.0,111.0,351.0,1,1,1.0
239,1,621.0,717.0,133.0,354.0,1,1,1.0
239,2,745.0,686.0,113.0,347.0,1,1,1.0
240,1,621.0,725.0,134.0,354.0,1,1,1.0
240,2,745.0,691.0,114.0,343.0,1,1,1.0
241,1,620.0,733.0,135.0,348.0,1,1,1.0
241,2,745.0,697.0,114.0,354.0,1,1,1.0
242,1,618.0,743.0,136.0,339.0,1,1,1.0
242,2,744.0,705.0,115.0,366.0,1,1,1.0
243,1,614.0,752.0,137.0,329.0,1,1,1.0
243,2,742.0,713.0,117.0,365.0,1,1,1.0
244,1,610.0,761.0,137.0,320.0,1,1,1.0
244,2,741.0,722.0,118.0,359.0,1,1,1.0
245,1,607.0,768.0,138.0,313.0,1,1,1.0
245,2,740.0,731.0,118.0,351.0,1,1,1.0
246,1,602.0,775.0,141.0,306.0,1,1,1.0
246,2,739.0,738.0,119.0,344.0,1,1,1.0
247,1,597.0,782.0,147.0,298.0,1,1,1.0
247,2,738.0,744.0,121.0,338.0,1,1,1.0
248,1,592.0,789.0,151.0,291.0,1,1,1.0
248,2,736.0,750.0,122.0,331.0,1,1,1.0
249,1,589.0,794.0,155.0,286.0,1,1,1.0
249,2,735.0,756.0,123.0,325.0,1,1,1.0
250,1,585.0,799.0,158.0,281.0,1,1,1.0
250,2,735.0,761.0,124.0,320.0,1,1,1.0
251,1,583.0,807.0,161.0,273.0,1,1,1.0
251,2,734.0,767.0,124.0,313.0,1,1,1.0
252,1,581.0,816.0,164.0,264.0,1,1,1.0
252,2,733.0,774.0,124.0,306.0,1,1,1.0
253,1,580.0,826.0,167.0,253.0,1,1,1.0
253,2,733.0,783.0,125.0,296.0,1,1,1.0
254,1,579.0,837.0,169.0,242.0,1,1,1.0
254,2,734.0,793.0,126.0,286.0,1,1,1.0
255,1,580.0,846.0,169.0,233.0,1,1,1.0
255,2,735.0,804.0,127.0,275.0,1,1,1.0
256,1,581.0,855.0,168.0,224.0,1,1,1.0
256,2,736.0,814.0,128.0,265.0,1,1,1.0
257,1,583.0,864.0,165.0,215.0,1,1,1.0
257,2,738.0,824.0,129.0,255.0,1,1,1.0
258,1,584.0,871.0,163.0,208.0,1,1,1.0
258,2,739.0,832.0,130.0,246.0,1,1,1.0
259,1,584.0,879.0,161.0,200.0,1,1,1.0
259,2,740.0,839.0,132.0,240.0,1,1,1.0
260,1,584.0,889.0,160.0,190.0,1,1,1.0
260,2,741.0,845.0,134.0,233.0,1,1,1.0
261,1,583.0,900.0,162.0,179.0,1,1,1.0
261,2,741.0,851.0,135.0,228.0,1,1,1.0
262,1,583.0,911.0,163.0,168.0,1,1,1.0
262,2,742.0,858.0,136.0,221.0,1,1,1.0
263,1,582.0,924.0,165.0,155.0,1,1,1.0
263,2,742.0,866.0,138.0,212.0,1,1,1.0
264,1,581.0,937.0,164.0,142.0,1,1,1.0
264,2,741.0,876.0,139.0,203.0,1,1,1.0
265,1,579.0,950.0,162.0,129.0,1,1,1.0
265,2,741.0,887.0,140.0,191.0,1,1,1.0
266,1,576.0,963.0,160.0,115.0,1,1,1.0
266,2,739.0,899.0,141.0,180.0,1,1,1.0
267,1,573.0,975.0,157.0,104.0,1,1,1.0
267,2,737.0,911.0,142.0,168.0,1,1,1.0
268,1,573.0,987.0,152.0,91.0,1,1,1.0
268,2,734.0,923.0,144.0,156.0,1,1,1.0
269,1,577.0,997.0,141.0,82.0,1,1,1.0
269,2,731.0,933.0,146.0,146.0,1,1,1.0
270,1,581.0,1007.0,130.0,72.0,1,1,1.0
270,2,728.0,941.0,148.0,137.0,1,1,1.0
271,1,581.0,1015.0,115.0,63.0,1,1,1.0
271,2,726.0,950.0,149.0,129.0,1,1,1.0
272,1,580.0,1026.0,87.0,52.0,1,1,1.0
272,2,723.0,958.0,150.0,121.0,1,1,1.0
273,2,721.0,967.0,151.0,112.0,1,1,1.0
274,2,720.0,978.0,152.0,101.0,1,1,1.0
276,2,721.0,1004.0,151.0,75.0,1,1,1.0
277,2,729.0,1020.0,143.0,60.0,1,1,1.0
279,3,985.0,234.0,41.0,58.0,1,1,1.0
280,3,985.0,233.0,41.0,58.0,1,1,1.0
281,3,984.0,233.0,42.0,60.0,1,1,1.0
282,3,984.0,233.0,42.0,61.0,1,1,1.0
283,3,984.0,233.0,43.0,61.0,1,1,1.0
284,3,984.0,233.0,42.0,61.0,1,1,1.0
285,3,984.0,233.0,42.0,60.0,1,1,1.0
286,3,984.0,233.0,42.0,60.0,1,1,1.0
287,3,984.0,233.0,42.0,60.0,1,1,1.0
288,3,984.0,233.0,43.0,61.0,1,1,1.0
289,3,984.0,233.0,43.0,61.0,1,1,1.0
290,3,984.0,233.0,43.0,61.0,1,1,1.0
291,3,984.0,233.0,43.0,61.0,1,1,1.0
292,3,984.0,233.0,43.0,61.0,1,1,1.0
293,3,984.0,233.0,43.0,60.0,1,1,1.0
294,3,984.0,233.0,43.0,60.0,1,1,1.0
295,3,984.0,233.0,43.0,60.0,1,1,1.0
296,3,984.0,233.0,42.0,60.0,1,1,1.0
297,3,984.0,233.0,42.0,60.0,1,1,1.0
298,3,984.0,233.0,42.0,60.0,1,1,1.0
299,3,984.0,233.0,42.0,59.0,1,1,1.0
300,3,984.0,233.0,42.0,59.0,1,1,1.0
301,3,984.0,233.0,42.0,60.0,1,1,1.0
302,3,984.0,233.0,42.0,61.0,1,1,1.0
303,3,984.0,233.0,42.0,61.0,1,1,1.0
304,3,984.0,233.0,42.0,61.0,1,1,1.0
305,3,984.0,233.0,42.0,61.0,1,1,1.0
306,3,984.0,233.0,42.0,61.0,1,1,1.0
307,3,984.0,233.0,42.0,61.0,1,1,1.0
308,3,984.0,233.0,42.0,61.0,1,1,1.0
309,3,984.0,233.0,42.0,61.0,1,1,1.0
310,3,984.0,233.0,42.0,60.0,1,1,1.0
311,3,984.0,233.0,42.0,60.0,1,1,1.0
312,3,984.0,233.0,42.0,60.0,1,1,1.0
313,3,984.0,233.0,42.0,60.0,1,1,1.0
314,3,984.0,233.0,42.0,60.0,1,1,1.0
315,3,984.0,233.0,42.0,60.0,1,1,1.0
316,3,984.0,233.0,42.0,60.0,1,1,1.0
317,3,984.0,233.0,42.0,60.0,1,1,1.0
318,3,983.0,233.0,42.0,60.0,1,1,1.0
319,3,983.0,233.0,42.0,60.0,1,1,1.0
320,3,983.0,232.0,42.0,60.0,1,1,1.0
321,3,984.0,233.0,42.0,59.0,1,1,1.0
322,3,984.0,233.0,42.0,59.0,1,1,1.0
323,3,984.0,233.0,42.0,59.0,1,1,1.0
324,3,985.0,233.0,42.0,59.0,1,1,1.0
325,3,985.0,233.0,42.0,59.0,1,1,1.0
326,3,985.0,233.0,42.0,59.0,1,1,1.0
327,3,984.0,233.0,42.0,59.0,1,1,1.0
328,3,984.0,233.0,42.0,59.0,1,1,1.0
329,3,984.0,233.0,42.0,59.0,1,1,1.0
330,3,984.0,233.0,42.0,59.0,1,1,1.0
331,3,984.0,233.0,42.0,59.0,1,1,1.0
332,3,984.0,233.0,42.0,58.0,1,1,1.0
333,3,984.0,233.0,42.0,58.0,1,1,1.0
334,3,984.0,233.0,42.0,59.0,1,1,1.0
335,3,984.0,233.0,42.0,59.0,1,1,1.0
336,3,984.0,233.0,42.0,59.0,1,1,1.0
337,3,984.0,233.0,42.0,59.0,1,1,1.0
338,3,984.0,233.0,42.0,59.0,1,1,1.0
339,3,984.0,233.0,42.0,59.0,1,1,1.0
340,3,984.0,233.0,42.0,59.0,1,1,1.0
341,3,984.0,233.0,42.0,60.0,1,1,1.0
342,3,984.0,233.0,42.0,60.0,1,1,1.0
343,3,984.0,233.0,41.0,60.0,1,1,1.0
344,3,984.0,233.0,42.0,60.0,1,1,1.0
345,3,984.0,233.0,41.0,60.0,1,1,1.0
346,3,984.0,233.0,41.0,60.0,1,1,1.0
347,3,984.0,233.0,41.0,60.0,1,1,1.0
348,3,984.0,233.0,41.0,60.0,1,1,1.0
349,3,984.0,233.0,41.0,60.0,1,1,1.0
350,3,984.0,233.0,42.0,60.0,1,1,1.0
351,3,984.0,233.0,42.0,60.0,1,1,1.0
352,3,984.0,233.0,42.0,60.0,1,1,1.0
353,3,984.0,233.0,42.0,60.0,1,1,1.0
354,3,984.0,233.0,42.0,60.0,1,1,1.0
355,3,984.0,233.0,42.0,60.0,1,1,1.0
356,3,984.0,233.0,42.0,60.0,1,1,1.0
357,3,984.0,233.0,42.0,59.0,1,1,1.0
358,3,984.0,233.0,42.0,59.0,1,1,1.0
359,3,984.0,233.0,42.0,59.0,1,1,1.0
360,3,984.0,233.0,42.0,59.0,1,1,1.0
361,3,984.0,233.0,42.0,59.0,1,1,1.0
362,3,984.0,233.0,42.0,59.0,1,1,1.0
363,3,984.0,233.0,42.0,59.0,1,1,1.0
364,3,984.0,233.0,42.0,59.0,1,1,1.0
365,3,984.0,233.0,41.0,59.0,1,1,1.0
366,3,984.0,233.0,41.0,59.0,1,1,1.0
367,3,984.0,233.0,42.0,59.0,1,1,1.0
368,3,984.0,233.0,42.0,59.0,1,1,1.0
369,3,984.0,233.0,42.0,59.0,1,1,1.0
370,3,984.0,233.0,42.0,59.0,1,1,1.0
371,3,984.0,233.0,42.0,59.0,1,1,1.0
373,4,334.0,971.0,126.0,108.0,1,1,1.0
374,4,327.0,964.0,132.0,114.0,1,1,1.0
375,4,315.0,957.0,140.0,121.0,1,1,1.0
376,4,306.0,948.0,146.0,130.0,1,1,1.0
377,4,297.0,939.0,150.0,140.0,1,1,1.0
378,4,289.0,930.0,152.0,148.0,1,1,1.0
378,5,165.0,1015.0,61.0,64.0,1,1,1.0
379,4,282.0,920.0,154.0,158.0,1,1,1.0
379,5,160.0,1002.0,81.0,76.0,1,1,1.0
380,4,276.0,910.0,156.0,169.0,1,1,1.0
380,5,154.0,988.0,105.0,90.0,1,1,1.0
381,4,270.0,899.0,158.0,180.0,1,1,1.0
381,5,148.0,975.0,120.0,104.0,1,1,1.0
382,4,265.0,889.0,162.0,190.0,1,1,1.0
382,5,142.0,963.0,131.0,116.0,1,1,1.0
383,4,260.0,879.0,163.0,199.0,1,1,1.0
383,5,136.0,952.0,137.0,127.0,1,1,1.0
384,4,255.0,872.0,164.0,207.0,1,1,1.0
384,5,132.0,943.0,141.0,135.0,1,1,1.0
385,4,250.0,860.0,166.0,219.0,1,1,1.0
385,5,126.0,929.0,146.0,149.0,1,1,1.0
386,4,247.0,849.0,167.0,230.0,1,1,1.0
386,5,120.0,918.0,149.0,161.0,1,1,1.0
387,4,245.0,837.0,162.0,242.0,1,1,1.0
387,5,115.0,906.0,151.0,173.0,1,1,1.0
388,4,244.0,825.0,158.0,253.0,1,1,1.0
388,5,110.0,893.0,155.0,185.0,1,1,1.0
389,4,243.0,814.0,154.0,265.0,1,1,1.0
389,5,106.0,881.0,157.0,197.0,1,1,1.0
390,4,241.0,804.0,148.0,275.0,1,1,1.0
390,5,101.0,870.0,159.0,209.0,1,1,1.0
391,4,238.0,795.0,147.0,283.0,1,1,1.0
391,5,98.0,860.0,160.0,219.0,1,1,1.0
392,4,236.0,788.0,147.0,291.0,1,1,1.0
392,5,95.0,852.0,161.0,227.0,1,1,1.0
393,4,235.0,781.0,148.0,297.0,1,1,1.0
393,5,93.0,845.0,160.0,234.0,1,1,1.0
394,4,232.0,776.0,147.0,302.0,1,1,1.0
394,5,91.0,838.0,155.0,240.0,1,1,1.0
395,4,229.0,772.0,148.0,306.0,1,1,1.0
395,5,91.0,831.0,153.0,247.0,1,1,1.0
396,4,226.0,769.0,150.0,309.0,1,1,1.0
396,5,91.0,824.0,151.0,254.0,1,1,1.0
397,4,224.0,764.0,152.0,314.0,1,1,1.0
397,5,90.0,815.0,147.0,263.0,1,1,1.0
398,4,220.0,758.0,155.0,320.0,1,1,1.0
398,5,89.0,806.0,145.0,273.0,1,1,1.0
399,4,216.0,749.0,156.0,329.0,1,1,1.0
399,5,88.0,796.0,145.0,283.0,1,1,1.0
400,4,212.0,742.0,158.0,336.0,1,1,1.0
400,5,87.0,786.0,144.0,293.0,1,1,1.0
401,4,208.0,735.0,155.0,340.0,1,1,1.0
401,5,86.0,776.0,144.0,302.0,1,1,1.0
402,4,204.0,728.0,148.0,345.0,1,1,1.0
402,5,86.0,768.0,145.0,310.0,1,1,1.0
403,4,200.0,722.0,143.0,351.0,1,1,1.0
403,5,85.0,762.0,145.0,316.0,1,1,1.0
404,4,196.0,717.0,143.0,356.0,1,1,1.0
404,5,84.0,757.0,145.0,322.0,1,1,1.0
405,4,191.0,710.0,145.0,362.0,1,1,1.0
405,5,81.0,749.0,147.0,329.0,1,1,1.0
406,4,189.0,704.0,146.0,363.0,1,1,1.0
406,5,78.0,742.0,149.0,336.0,1,1,1.0
407,4,187.0,697.0,143.0,365.0,1,1,1.0
407,5,75.0,735.0,151.0,343.0,1,1,1.0
408,4,186.0,689.0,136.0,364.0,1,1,1.0
408,5,72.0,727.0,151.0,344.0,1,1,1.0
409,4,185.0,681.0,126.0,361.0,1,1,1.0
409,5,68.0,719.0,145.0,340.0,1,1,1.0
410,4,183.0,674.0,120.0,345.0,1,1,1.0
410,5,66.0,711.0,143.0,336.0,1,1,1.0
411,4,180.0,667.0,119.0,335.0,1,1,1.0
411,5,63.0,704.0,144.0,339.0,1,1,1.0
412,4,177.0,662.0,121.0,332.0,1,1,1.0
412,5,61.0,698.0,141.0,344.0,1,1,1.0
413,4,175.0,657.0,123.0,334.0,1,1,1.0
413,5,60.0,694.0,137.0,347.0,1,1,1.0
414,4,173.0,653.0,124.0,337.0,1,1,1.0
414,5,59.0,690.0,131.0,351.0,1,1,1.0
415,4,171.0,650.0,127.0,339.0,1,1,1.0
415,5,59.0,687.0,128.0,354.0,1,1,1.0
416,4,168.0,648.0,129.0,339.0,1,1,1.0
416,5,59.0,684.0,126.0,355.0,1,1,1.0
417,4,165.0,645.0,131.0,336.0,1,1,1.0
417,5,58.0,679.0,122.0,353.0,1,1,1.0
418,4,162.0,641.0,133.0,332.0,1,1,1.0
418,5,58.0,673.0,121.0,349.0,1,1,1.0
419,4,159.0,635.0,134.0,325.0,1,1,1.0
419,5,57.0,666.0,121.0,348.0,1,1,1.0
420,4,156.0,630.0,132.0,314.0,1,1,1.0
420,5,56.0,658.0,122.0,336.0,1,1,1.0
421,4,153.0,624.0,129.0,307.0,1,1,1.0
421,5,55.0,652.0,123.0,322.0,1,1,1.0
422,4,149.0,618.0,126.0,308.0,1,1,1.0
422,5,54.0,646.0,124.0,318.0,1,1,1.0
423,4,146.0,614.0,121.0,311.0,1,1,1.0
423,5,53.0,642.0,125.0,319.0,1,1,1.0
424,4,143.0,610.0,115.0,314.0,1,1,1.0
424,5,53.0,639.0,126.0,321.0,1,1,1.0
425,4,139.0,605.0,116.0,318.0,1,1,1.0
425,5,50.0,635.0,129.0,324.0,1,1,1.0
426,4,137.0,602.0,114.0,318.0,1,1,1.0
426,5,48.0,632.0,130.0,325.0,1,1,1.0
427,4,136.0,598.0,112.0,318.0,1,1,1.0
427,5,45.0,629.0,132.0,322.0,1,1,1.0
428,4,136.0,592.0,112.0,318.0,1,1,1.0
428,5,41.0,625.0,133.0,317.0,1,1,1.0
429,4,135.0,587.0,106.0,312.0,1,1,1.0
429,5,38.0,619.0,130.0,310.0,1,1,1.0
430,4,134.0,582.0,102.0,305.0,1,1,1.0
430,5,34.0,614.0,126.0,299.0,1,1,1.0
431,4,133.0,576.0,99.0,294.0,1,1,1.0
431,5,31.0,608.0,124.0,297.0,1,1,1.0
432,4,131.0,571.0,99.0,290.0,1,1,1.0
432,5,28.0,603.0,116.0,300.0,1,1,1.0
433,4,130.0,568.0,100.0,291.0,1,1,1.0
433,5,25.0,599.0,110.0,304.0,1,1,1.0
434,4,128.0,565.0,102.0,294.0,1,1,1.0
434,5,24.0,596.0,106.0,307.0,1,1,1.0
435,4,126.0,562.0,104.0,297.0,1,1,1.0
435,5,22.0,594.0,104.0,309.0,1,1,1.0
436,4,124.0,560.0,105.0,298.0,1,1,1.0
436,5,22.0,592.0,103.0,311.0,1,1,1.0
437,4,123.0,559.0,107.0,296.0,1,1,1.0
437,5,22.0,590.0,101.0,311.0,1,1,1.0
438,4,121.0,558.0,107.0,292.0,1,1,1.0
438,5,22.0,587.0,99.0,310.0,1,1,1.0
439,4,120.0,554.0,106.0,289.0,1,1,1.0
439,5,23.0,583.0,97.0,309.0,1,1,1.0
440,4,118.0,550.0,106.0,280.0,1,1,1.0
440,5,23.0,578.0,94.0,308.0,1,1,1.0
441,4,115.0,547.0,105.0,271.0,1,1,1.0
441,5,23.0,574.0,94.0,285.0,1,1,1.0
442,4,113.0,542.0,104.0,269.0,1,1,1.0
442,5,22.0,568.0,94.0,278.0,1,1,1.0
443,4,111.0,538.0,100.0,271.0,1,1,1.0
443,5,22.0,562.0,94.0,278.0,1,1,1.0
444,4,108.0,535.0,95.0,273.0,1,1,1.0
444,5,22.0,558.0,94.0,281.0,1,1,1.0
445,4,105.0,532.0,93.0,277.0,1,1,1.0
445,5,22.0,553.0,94.0,285.0,1,1,1.0
446,4,104.0,529.0,94.0,278.0,1,1,1.0
446,5,22.0,551.0,95.0,288.0,1,1,1.0
447,4,103.0,527.0,96.0,278.0,1,1,1.0
447,5,21.0,550.0,95.0,288.0,1,1,1.0
448,4,103.0,524.0,92.0,279.0,1,1,1.0
448,5,20.0,547.0,96.0,285.0,1,1,1.0
449,4,103.0,520.0,91.0,275.0,1,1,1.0
449,5,20.0,543.0,95.0,282.0,1,1,1.0
450,4,103.0,516.0,90.0,266.0,1,1,1.0
450,5,19.0,539.0,95.0,280.0,1,1,1.0
451,4,102.0,512.0,89.0,258.0,1,1,1.0
451,5,18.0,534.0,94.0,272.0,1,1,1.0
452,4,101.0,507.0,87.0,256.0,1,1,1.0
452,5,16.0,529.0,92.0,265.0,1,1,1.0
453,4,100.0,504.0,84.0,258.0,1,1,1.0
453,5,16.0,525.0,91.0,266.0,1,1,1.0
454,4,98.0,501.0,83.0,260.0,1,1,1.0
454,5,16.0,522.0,90.0,267.0,1,1,1.0
455,4,97.0,499.0,84.0,261.0,1,1,1.0
455,5,16.0,520.0,89.0,269.0,1,1,1.0
456,4,96.0,498.0,84.0,261.0,1,1,1.0
456,5,16.0,518.0,87.0,271.0,1,1,1.0
457,4,96.0,498.0,85.0,261.0,1,1,1.0
457,5,17.0,517.0,84.0,271.0,1,1,1.0
458,4,95.0,497.0,86.0,259.0,1,1,1.0
458,5,18.0,516.0,81.0,269.0,1,1,1.0
459,4,94.0,494.0,86.0,256.0,1,1,1.0
459,5,18.0,513.0,80.0,269.0,1,1,1.0
459,6,1014.0,208.0,37.0,48.0,1,1,1.0
460,4,93.0,491.0,86.0,252.0,1,1,1.0
460,5,19.0,509.0,80.0,268.0,1,1,1.0
460,6,1014.0,208.0,37.0,49.0,1,1,1.0
460,7,987.0,233.0,39.0,59.0,1,1,1.0
461,4,90.0,488.0,85.0,243.0,1,1,1.0
461,5,19.0,505.0,79.0,249.0,1,1,1.0
461,6,1014.0,207.0,37.0,49.0,1,1,1.0
461,7,986.0,233.0,40.0,59.0,1,1,1.0
462,4,89.0,485.0,83.0,242.0,1,1,1.0
462,5,19.0,501.0,80.0,243.0,1,1,1.0
462,6,1014.0,207.0,37.0,50.0,1,1,1.0
462,7,986.0,233.0,40.0,58.0,1,1,1.0
463,4,88.0,482.0,82.0,243.0,1,1,1.0
463,5,19.0,496.0,80.0,244.0,1,1,1.0
463,6,1014.0,206.0,37.0,50.0,1,1,1.0
463,7,986.0,233.0,40.0,58.0,1,1,1.0
464,4,87.0,479.0,80.0,245.0,1,1,1.0
464,5,20.0,493.0,80.0,246.0,1,1,1.0
464,6,1014.0,206.0,37.0,51.0,1,1,1.0
465,4,86.0,475.0,80.0,249.0,1,1,1.0
465,5,20.0,490.0,80.0,249.0,1,1,1.0
465,6,1015.0,206.0,37.0,52.0,1,1,1.0
466,4,86.0,473.0,80.0,250.0,1,1,1.0
466,5,19.0,488.0,81.0,251.0,1,1,1.0
466,6,1015.0,205.0,37.0,53.0,1,1,1.0
467,4,86.0,472.0,83.0,249.0,1,1,1.0
467,5,19.0,487.0,81.0,251.0,1,1,1.0
467,6,1015.0,205.0,37.0,52.0,1,1,1.0
468,4,87.0,470.0,85.0,249.0,1,1,1.0
468,5,18.0,486.0,82.0,249.0,1,1,1.0
468,6,1015.0,205.0,37.0,51.0,1,1,1.0
469,4,88.0,468.0,84.0,247.0,1,1,1.0
469,5,17.0,483.0,82.0,247.0,1,1,1.0
469,6,1015.0,205.0,36.0,51.0,1,1,1.0
469,7,986.0,233.0,40.0,59.0,1,1,1.0
470,4,89.0,465.0,80.0,240.0,1,1,1.0
470,5,17.0,480.0,81.0,240.0,1,1,1.0
470,6,1015.0,205.0,36.0,50.0,1,1,1.0
470,7,986.0,233.0,41.0,59.0,1,1,1.0
471,4,90.0,462.0,78.0,233.0,1,1,1.0
471,5,16.0,477.0,77.0,233.0,1,1,1.0
471,6,1015.0,205.0,36.0,50.0,1,1,1.0
471,7,986.0,233.0,41.0,59.0,1,1,1.0
472,4,90.0,460.0,80.0,231.0,1,1,1.0
472,5,15.0,473.0,76.0,233.0,1,1,1.0
472,6,1014.0,205.0,36.0,50.0,1,1,1.0
473,4,90.0,457.0,82.0,232.0,1,1,1.0
473,5,15.0,470.0,76.0,234.0,1,1,1.0
473,6,1014.0,205.0,37.0,51.0,1,1,1.0
474,4,90.0,455.0,83.0,233.0,1,1,1.0
474,5,16.0,466.0,76.0,237.0,1,1,1.0
474,6,1014.0,205.0,37.0,51.0,1,1,1.0
475,4,90.0,454.0,82.0,234.0,1,1,1.0
475,5,17.0,465.0,77.0,239.0,1,1,1.0
476,4,90.0,453.0,81.0,236.0,1,1,1.0
476,5,18.0,464.0,80.0,240.0,1,1,1.0
477,4,91.0,452.0,82.0,237.0,1,1,1.0
477,5,20.0,464.0,83.0,241.0,1,1,1.0
478,4,93.0,450.0,82.0,238.0,1,1,1.0
478,5,23.0,463.0,85.0,242.0,1,1,1.0
479,4,95.0,448.0,82.0,238.0,1,1,1.0
479,5,26.0,462.0,84.0,242.0,1,1,1.0
480,4,97.0,447.0,82.0,237.0,1,1,1.0
480,5,29.0,459.0,82.0,240.0,1,1,1.0
481,4,99.0,445.0,82.0,237.0,1,1,1.0
481,5,32.0,457.0,80.0,237.0,1,1,1.0
482,4,101.0,443.0,79.0,235.0,1,1,1.0
482,5,35.0,453.0,77.0,230.0,1,1,1.0
483,4,104.0,441.0,74.0,233.0,1,1,1.0
483,5,38.0,450.0,74.0,225.0,1,1,1.0
484,4,106.0,439.0,70.0,230.0,1,1,1.0
484,5,42.0,447.0,69.0,221.0,1,1,1.0
485,4,110.0,437.0,74.0,228.0,1,1,1.0
485,5,48.0,442.0,64.0,222.0,1,1,1.0
486,4,114.0,435.0,79.0,228.0,1,1,1.0
486,5,53.0,438.0,61.0,225.0,1,1,1.0
487,4,118.0,435.0,85.0,228.0,1,1,1.0
487,5,57.0,437.0,66.0,226.0,1,1,1.0
488,4,121.0,435.0,87.0,227.0,1,1,1.0
488,5,61.0,436.0,67.0,227.0,1,1,1.0
489,4,123.0,435.0,87.0,226.0,1,1,1.0
489,5,65.0,435.0,67.0,228.0,1,1,1.0
490,4,127.0,435.0,85.0,225.0,1,1,1.0
490,5,70.0,433.0,64.0,227.0,1,1,1.0
491,4,131.0,435.0,82.0,223.0,1,1,1.0
491,5,74.0,431.0,60.0,225.0,1,1,1.0
492,4,134.0,434.0,78.0,223.0,1,1,1.0
492,5,79.0,428.0,58.0,220.0,1,1,1.0
493,4,139.0,434.0,74.0,223.0,1,1,1.0
493,5,84.0,425.0,57.0,216.0,1,1,1.0
494,4,142.0,433.0,70.0,223.0,1,1,1.0
494,5,89.0,424.0,59.0,215.0,1,1,1.0
495,4,146.0,432.0,66.0,225.0,1,1,1.0
495,5,95.0,422.0,66.0,216.0,1,1,1.0
496,4,150.0,431.0,62.0,225.0,1,1,1.0
496,5,100.0,422.0,72.0,216.0,1,1,1.0
497,4,155.0,431.0,63.0,226.0,1,1,1.0
497,5,104.0,421.0,74.0,218.0,1,1,1.0
498,4,158.0,431.0,73.0,226.0,1,1,1.0
498,5,105.0,421.0,94.0,217.0,1,1,1.0
499,4,164.0,431.0,82.0,227.0,1,1,1.0
499,5,106.0,421.0,101.0,216.0,1,1,1.0
500,4,168.0,431.0,91.0,226.0,1,1,1.0
500,5,109.0,420.0,105.0,213.0,1,1,1.0
501,4,172.0,430.0,98.0,226.0,1,1,1.0
501,5,111.0,418.0,106.0,214.0,1,1,1.0
502,4,174.0,429.0,104.0,226.0,1,1,1.0
502,5,120.0,415.0,99.0,213.0,1,1,1.0
503,4,175.0,427.0,107.0,228.0,1,1,1.0
503,5,130.0,412.0,88.0,214.0,1,1,1.0
504,4,179.0,424.0,105.0,229.0,1,1,1.0
504,5,144.0,410.0,63.0,216.0,1,1,1.0
505,4,193.0,420.0,92.0,230.0,1,1,1.0
505,5,158.0,406.0,57.0,219.0,1,1,1.0
506,4,206.0,416.0,80.0,229.0,1,1,1.0
506,5,166.0,404.0,61.0,220.0,1,1,1.0
507,4,217.0,415.0,69.0,226.0,1,1,1.0
507,5,172.0,405.0,61.0,220.0,1,1,1.0
508,4,225.0,413.0,65.0,225.0,1,1,1.0
508,5,179.0,405.0,64.0,219.0,1,1,1.0
509,4,232.0,411.0,73.0,226.0,1,1,1.0
509,5,183.0,405.0,65.0,219.0,1,1,1.0
510,4,239.0,410.0,87.0,227.0,1,1,1.0
510,5,184.0,406.0,91.0,219.0,1,1,1.0
511,4,245.0,410.0,99.0,227.0,1,1,1.0
511,5,185.0,404.0,99.0,221.0,1,1,1.0
512,4,250.0,409.0,106.0,226.0,1,1,1.0
512,5,186.0,402.0,104.0,223.0,1,1,1.0
513,4,252.0,409.0,110.0,224.0,1,1,1.0
513,5,192.0,399.0,101.0,222.0,1,1,1.0
514,4,254.0,407.0,112.0,223.0,1,1,1.0
514,5,204.0,396.0,91.0,219.0,1,1,1.0
515,4,259.0,405.0,110.0,223.0,1,1,1.0
515,5,218.0,393.0,67.0,218.0,1,1,1.0
516,4,269.0,402.0,100.0,221.0,1,1,1.0
516,5,234.0,391.0,56.0,226.0,1,1,1.0
517,4,282.0,399.0,87.0,220.0,1,1,1.0
517,5,244.0,389.0,55.0,222.0,1,1,1.0
518,4,295.0,397.0,73.0,219.0,1,1,1.0
518,5,251.0,388.0,58.0,218.0,1,1,1.0
519,4,304.0,395.0,70.0,221.0,1,1,1.0
519,5,259.0,388.0,66.0,215.0,1,1,1.0
520,4,311.0,394.0,73.0,222.0,1,1,1.0
520,5,262.0,388.0,92.0,215.0,1,1,1.0
521,4,318.0,393.0,79.0,222.0,1,1,1.0
521,5,263.0,389.0,102.0,213.0,1,1,1.0
522,4,325.0,392.0,87.0,223.0,1,1,1.0
522,5,264.0,388.0,110.0,212.0,1,1,1.0
523,4,330.0,392.0,95.0,223.0,1,1,1.0
523,5,266.0,386.0,115.0,212.0,1,1,1.0
524,4,333.0,391.0,101.0,223.0,1,1,1.0
524,5,275.0,384.0,109.0,212.0,1,1,1.0
525,4,345.0,387.0,93.0,222.0,1,1,1.0
525,5,296.0,378.0,78.0,210.0,1,1,1.0
526,4,359.0,384.0,79.0,221.0,1,1,1.0
526,5,316.0,375.0,56.0,214.0,1,1,1.0
527,4,371.0,381.0,68.0,218.0,1,1,1.0
527,5,328.0,373.0,52.0,215.0,1,1,1.0
528,4,380.0,379.0,64.0,216.0,1,1,1.0
528,5,337.0,372.0,52.0,216.0,1,1,1.0
529,4,388.0,377.0,66.0,217.0,1,1,1.0
529,5,344.0,371.0,57.0,217.0,1,1,1.0
530,4,396.0,376.0,78.0,217.0,1,1,1.0
530,5,347.0,371.0,80.0,218.0,1,1,1.0
531,4,402.0,376.0,92.0,217.0,1,1,1.0
531,5,349.0,371.0,88.0,218.0,1,1,1.0
532,4,405.0,375.0,103.0,215.0,1,1,1.0
532,5,351.0,370.0,91.0,217.0,1,1,1.0
533,4,408.0,375.0,108.0,213.0,1,1,1.0
533,5,359.0,369.0,84.0,216.0,1,1,1.0
534,4,409.0,374.0,111.0,212.0,1,1,1.0
534,5,370.0,366.0,83.0,209.0,1,1,1.0
535,4,416.0,373.0,105.0,211.0,1,1,1.0
535,5,382.0,363.0,75.0,209.0,1,1,1.0
536,4,428.0,370.0,94.0,208.0,1,1,1.0
536,5,396.0,360.0,60.0,206.0,1,1,1.0
537,4,443.0,367.0,78.0,208.0,1,1,1.0
537,5,407.0,358.0,57.0,208.0,1,1,1.0
538,4,456.0,365.0,71.0,210.0,1,1,1.0
538,5,414.0,357.0,59.0,207.0,1,1,1.0
539,4,465.0,363.0,71.0,211.0,1,1,1.0
539,5,422.0,356.0,62.0,207.0,1,1,1.0
540,4,472.0,362.0,74.0,212.0,1,1,1.0
540,5,425.0,357.0,91.0,207.0,1,1,1.0
541,4,474.0,361.0,83.0,212.0,1,1,1.0
542,4,480.0,361.0,90.0,211.0,1,1,1.0
542,5,429.0,356.0,106.0,204.0,1,1,1.0
543,4,482.0,361.0,96.0,210.0,1,1,1.0
543,5,431.0,355.0,110.0,202.0,1,1,1.0
544,4,486.0,360.0,98.0,211.0,1,1,1.0
544,5,438.0,353.0,106.0,202.0,1,1,1.0
545,4,503.0,356.0,86.0,208.0,1,1,1.0
545,5,460.0,347.0,86.0,199.0,1,1,1.0
546,4,518.0,354.0,72.0,205.0,1,1,1.0
546,5,481.0,343.0,65.0,203.0,1,1,1.0
547,4,530.0,352.0,63.0,205.0,1,1,1.0
547,5,493.0,341.0,52.0,205.0,1,1,1.0
548,4,536.0,350.0,62.0,204.0,1,1,1.0
548,5,503.0,341.0,47.0,206.0,1,1,1.0
549,4,541.0,349.0,76.0,204.0,1,1,1.0
549,5,509.0,340.0,64.0,207.0,1,1,1.0
550,4,547.0,349.0,89.0,204.0,1,1,1.0
550,5,511.0,341.0,71.0,207.0,1,1,1.0
551,4,550.0,349.0,102.0,204.0,1,1,1.0
551,5,512.0,341.0,76.0,206.0,1,1,1.0
552,4,555.0,349.0,106.0,201.0,1,1,1.0
552,5,513.0,340.0,90.0,206.0,1,1,1.0
553,4,557.0,348.0,109.0,201.0,1,1,1.0
553,5,517.0,338.0,89.0,206.0,1,1,1.0
554,4,562.0,347.0,106.0,200.0,1,1,1.0
554,5,526.0,336.0,74.0,204.0,1,1,1.0
555,4,572.0,345.0,96.0,197.0,1,1,1.0
555,5,538.0,333.0,65.0,204.0,1,1,1.0
556,4,589.0,343.0,79.0,197.0,1,1,1.0
556,5,553.0,330.0,57.0,204.0,1,1,1.0
557,4,601.0,341.0,72.0,198.0,1,1,1.0
557,5,564.0,329.0,53.0,200.0,1,1,1.0
558,4,614.0,339.0,69.0,200.0,1,1,1.0
558,5,572.0,328.0,54.0,199.0,1,1,1.0
559,4,622.0,337.0,71.0,201.0,1,1,1.0
560,4,627.0,337.0,75.0,202.0,1,1,1.0
560,5,580.0,328.0,79.0,198.0,1,1,1.0
561,4,630.0,337.0,82.0,202.0,1,1,1.0
561,5,582.0,329.0,89.0,196.0,1,1,1.0
562,4,632.0,338.0,89.0,200.0,1,1,1.0
562,5,583.0,329.0,99.0,193.0,1,1,1.0
563,4,633.0,338.0,96.0,200.0,1,1,1.0
563,5,583.0,328.0,103.0,193.0,1,1,1.0
564,4,636.0,336.0,97.0,202.0,1,1,1.0
564,5,588.0,327.0,101.0,192.0,1,1,1.0
565,4,654.0,332.0,82.0,198.0,1,1,1.0
565,5,606.0,323.0,78.0,190.0,1,1,1.0
566,4,670.0,329.0,67.0,196.0,1,1,1.0
566,5,624.0,319.0,60.0,190.0,1,1,1.0
567,4,680.0,328.0,57.0,194.0,1,1,1.0
567,5,632.0,317.0,56.0,192.0,1,1,1.0
568,4,686.0,326.0,55.0,195.0,1,1,1.0
568,5,635.0,317.0,58.0,193.0,1,1,1.0
569,4,692.0,325.0,64.0,195.0,1,1,1.0
569,5,637.0,316.0,62.0,193.0,1,1,1.0
570,4,696.0,325.0,76.0,196.0,1,1,1.0
570,5,640.0,316.0,78.0,194.0,1,1,1.0
571,4,699.0,325.0,87.0,194.0,1,1,1.0
571,5,644.0,317.0,87.0,194.0,1,1,1.0
572,4,701.0,325.0,93.0,191.0,1,1,1.0
572,5,650.0,316.0,86.0,195.0,1,1,1.0
573,4,702.0,325.0,96.0,190.0,1,1,1.0
573,5,656.0,315.0,84.0,194.0,1,1,1.0
574,4,705.0,324.0,94.0,190.0,1,1,1.0
574,5,662.0,313.0,75.0,194.0,1,1,1.0
575,4,713.0,322.0,86.0,186.0,1,1,1.0
575,5,672.0,311.0,66.0,195.0,1,1,1.0
576,4,726.0,321.0,76.0,184.0,1,1,1.0
576,5,685.0,309.0,57.0,190.0,1,1,1.0
577,4,739.0,319.0,71.0,185.0,1,1,1.0
577,5,698.0,306.0,50.0,188.0,1,1,1.0
578,4,752.0,317.0,68.0,186.0,1,1,1.0
578,5,707.0,305.0,47.0,187.0,1,1,1.0
579,4,760.0,317.0,69.0,186.0,1,1,1.0
579,5,713.0,304.0,52.0,187.0,1,1,1.0
580,4,765.0,316.0,74.0,187.0,1,1,1.0
580,5,715.0,304.0,56.0,186.0,1,1,1.0
581,4,766.0,316.0,81.0,187.0,1,1,1.0
581,5,716.0,305.0,69.0,186.0,1,1,1.0
582,4,767.0,316.0,87.0,186.0,1,1,1.0
582,5,717.0,306.0,73.0,186.0,1,1,1.0
583,4,769.0,315.0,91.0,187.0,1,1,1.0
583,5,717.0,306.0,77.0,182.0,1,1,1.0
584,4,775.0,313.0,90.0,187.0,1,1,1.0
584,5,720.0,305.0,78.0,182.0,1,1,1.0
585,4,794.0,310.0,73.0,183.0,1,1,1.0
585,5,734.0,302.0,72.0,178.0,1,1,1.0
586,4,808.0,308.0,59.0,182.0,1,1,1.0
586,5,748.0,299.0,63.0,179.0,1,1,1.0
587,4,816.0,306.0,54.0,182.0,1,1,1.0
587,5,763.0,296.0,53.0,181.0,1,1,1.0
588,4,823.0,306.0,54.0,183.0,1,1,1.0
588,5,772.0,295.0,48.0,183.0,1,1,1.0
589,4,826.0,305.0,65.0,183.0,1,1,1.0
589,5,778.0,294.0,48.0,183.0,1,1,1.0
590,4,827.0,306.0,78.0,182.0,1,1,1.0
590,5,781.0,295.0,50.0,182.0,1,1,1.0
591,4,828.0,307.0,86.0,180.0,1,1,1.0
591,5,783.0,296.0,55.0,182.0,1,1,1.0
592,4,829.0,307.0,90.0,178.0,1,1,1.0
592,5,784.0,296.0,60.0,180.0,1,1,1.0
593,4,831.0,307.0,91.0,177.0,1,1,1.0
593,5,786.0,296.0,63.0,180.0,1,1,1.0
594,4,837.0,306.0,86.0,176.0,1,1,1.0
594,5,789.0,295.0,65.0,183.0,1,1,1.0
595,4,845.0,305.0,78.0,174.0,1,1,1.0
595,5,798.0,294.0,62.0,177.0,1,1,1.0
596,4,857.0,303.0,73.0,175.0,1,1,1.0
596,5,809.0,291.0,57.0,174.0,1,1,1.0
597,4,870.0,301.0,69.0,177.0,1,1,1.0
597,5,820.0,289.0,51.0,173.0,1,1,1.0
598,4,880.0,300.0,68.0,178.0,1,1,1.0
598,5,828.0,287.0,49.0,173.0,1,1,1.0
599,4,885.0,299.0,71.0,179.0,1,1,1.0
599,5,832.0,287.0,52.0,173.0,1,1,1.0
600,4,889.0,299.0,75.0,179.0,1,1,1.0
600,5,834.0,287.0,62.0,172.0,1,1,1.0
601,4,892.0,300.0,79.0,178.0,1,1,1.0
601,5,835.0,288.0,68.0,171.0,1,1,1.0
602,4,893.0,300.0,85.0,177.0,1,1,1.0
602,5,835.0,289.0,74.0,170.0,1,1,1.0
603,4,896.0,300.0,87.0,177.0,1,1,1.0
603,5,836.0,289.0,77.0,170.0,1,1,1.0
604,4,901.0,299.0,85.0,176.0,1,1,1.0
604,5,838.0,289.0,78.0,169.0,1,1,1.0
605,4,918.0,298.0,69.0,172.0,1,1,1.0
605,5,852.0,288.0,72.0,165.0,1,1,1.0
606,4,931.0,296.0,58.0,171.0,1,1,1.0
606,5,865.0,286.0,64.0,166.0,1,1,1.0
607,4,938.0,294.0,51.0,172.0,1,1,1.0
607,5,879.0,284.0,55.0,167.0,1,1,1.0
608,4,941.0,293.0,52.0,172.0,1,1,1.0
608,5,890.0,282.0,49.0,168.0,1,1,1.0
609,4,942.0,294.0,63.0,171.0,1,1,1.0
609,5,895.0,282.0,49.0,169.0,1,1,1.0
610,4,943.0,295.0,73.0,169.0,1,1,1.0
610,5,898.0,282.0,51.0,169.0,1,1,1.0
611,4,943.0,296.0,81.0,167.0,1,1,1.0
611,5,900.0,283.0,57.0,168.0,1,1,1.0
612,4,944.0,297.0,82.0,165.0,1,1,1.0
612,5,901.0,283.0,62.0,167.0,1,1,1.0
613,4,949.0,296.0,79.0,165.0,1,1,1.0
613,5,902.0,285.0,66.0,166.0,1,1,1.0
614,4,956.0,295.0,73.0,164.0,1,1,1.0
614,5,908.0,284.0,66.0,165.0,1,1,1.0
615,4,965.0,293.0,70.0,164.0,1,1,1.0
615,5,918.0,283.0,61.0,163.0,1,1,1.0
616,4,976.0,292.0,66.0,164.0,1,1,1.0
616,5,929.0,281.0,53.0,161.0,1,1,1.0
617,4,988.0,290.0,63.0,166.0,1,1,1.0
617,5,939.0,280.0,47.0,162.0,1,1,1.0
618,4,994.0,289.0,65.0,167.0,1,1,1.0
618,5,948.0,278.0,45.0,163.0,1,1,1.0
619,4,997.0,289.0,70.0,167.0,1,1,1.0
619,5,952.0,278.0,47.0,162.0,1,1,1.0
620,4,999.0,289.0,74.0,166.0,1,1,1.0
620,5,953.0,277.0,56.0,164.0,1,1,1.0
621,4,1001.0,290.0,78.0,166.0,1,1,1.0
621,5,954.0,276.0,61.0,165.0,1,1,1.0
622,4,1004.0,290.0,79.0,166.0,1,1,1.0
622,5,954.0,275.0,66.0,165.0,1,1,1.0
623,4,1008.0,289.0,78.0,165.0,1,1,1.0
623,5,955.0,279.0,69.0,162.0,1,1,1.0
624,4,1016.0,288.0,71.0,163.0,1,1,1.0
624,5,958.0,280.0,70.0,159.0,1,1,1.0
625,4,1031.0,286.0,57.0,160.0,1,1,1.0
625,5,972.0,279.0,64.0,156.0,1,1,1.0
626,4,1039.0,285.0,49.0,160.0,1,1,1.0
626,5,985.0,278.0,56.0,156.0,1,1,1.0
627,4,1043.0,284.0,48.0,161.0,1,1,1.0
627,5,996.0,276.0,48.0,157.0,1,1,1.0
628,4,1044.0,284.0,54.0,160.0,1,1,1.0
628,5,1003.0,275.0,46.0,158.0,1,1,1.0
629,4,1044.0,285.0,65.0,159.0,1,1,1.0
629,5,1006.0,272.0,46.0,161.0,1,1,1.0
630,4,1046.0,286.0,70.0,157.0,1,1,1.0
630,5,1008.0,274.0,49.0,159.0,1,1,1.0
631,4,1046.0,287.0,74.0,155.0,1,1,1.0
631,5,1010.0,276.0,52.0,158.0,1,1,1.0
632,4,1049.0,286.0,72.0,154.0,1,1,1.0
632,5,1012.0,276.0,55.0,158.0,1,1,1.0
633,4,1054.0,285.0,69.0,152.0,1,1,1.0
633,5,1014.0,276.0,57.0,158.0,1,1,1.0
634,4,1061.0,284.0,66.0,153.0,1,1,1.0
634,5,1020.0,275.0,65.0,158.0,1,1,1.0
635,4,1071.0,283.0,61.0,153.0,1,1,1.0
635,5,1026.0,273.0,63.0,155.0,1,1,1.0
636,4,1083.0,281.0,56.0,154.0,1,1,1.0
636,5,1034.0,272.0,53.0,153.0,1,1,1.0
637,4,1090.0,280.0,56.0,155.0,1,1,1.0
637,5,1042.0,270.0,47.0,154.0,1,1,1.0
638,4,1093.0,280.0,59.0,156.0,1,1,1.0
638,5,1047.0,270.0,45.0,154.0,1,1,1.0
639,4,1096.0,280.0,63.0,155.0,1,1,1.0
639,5,1049.0,270.0,50.0,153.0,1,1,1.0
640,4,1097.0,281.0,68.0,154.0,1,1,1.0
640,5,1050.0,271.0,55.0,152.0,1,1,1.0
