1,1,953.0,220.0,40.0,113.0,1,1,1.0
2,1,953.0,220.0,41.0,113.0,1,1,1.0
3,1,952.0,222.0,42.0,113.0,1,1,1.0
4,1,952.0,223.0,43.0,113.0,1,1,1.0
5,1,953.0,224.0,44.0,113.0,1,1,1.0
6,1,953.0,226.0,45.0,113.0,1,1,1.0
7,1,954.0,226.0,44.0,114.0,1,1,1.0
8,1,954.0,227.0,44.0,115.0,1,1,1.0
9,1,955.0,227.0,44.0,115.0,1,1,1.0
10,1,956.0,226.0,44.0,116.0,1,1,1.0
11,1,956.0,226.0,43.0,116.0,1,1,1.0
12,1,957.0,226.0,42.0,116.0,1,1,1.0
13,1,958.0,226.0,42.0,117.0,1,1,1.0
14,1,958.0,227.0,41.0,118.0,1,1,1.0
15,1,959.0,228.0,41.0,118.0,1,1,1.0
16,1,959.0,229.0,41.0,118.0,1,1,1.0
17,1,959.0,230.0,40.0,119.0,1,1,1.0
18,1,959.0,230.0,41.0,120.0,1,1,1.0
19,1,959.0,230.0,42.0,121.0,1,1,1.0
20,1,959.0,231.0,43.0,121.0,1,1,1.0
21,1,958.0,230.0,44.0,121.0,1,1,1.0
22,1,958.0,230.0,44.0,121.0,1,1,1.0
23,1,958.0,230.0,45.0,122.0,1,1,1.0
24,1,958.0,230.0,45.0,123.0,1,1,1.0
25,1,959.0,231.0,44.0,123.0,1,1,1.0
26,1,960.0,233.0,44.0,123.0,1,1,1.0
27,1,960.0,235.0,44.0,123.0,1,1,1.0
28,1,961.0,236.0,44.0,123.0,1,1,1.0
29,1,961.0,236.0,44.0,124.0,1,1,1.0
30,1,961.0,236.0,44.0,125.0,1,1,1.0
31,1,962.0,236.0,45.0,125.0,1,1,1.0
32,1,963.0,236.0,45.0,126.0,1,1,1.0
33,1,963.0,236.0,45.0,126.0,1,1,1.0
34,1,964.0,236.0,44.0,128.0,1,1,1.0
35,1,965.0,238.0,44.0,128.0,1,1,1.0
36,1,966.0,239.0,44.0,128.0,1,1,1.0
37,1,965.0,240.0,44.0,128.0,1,1,1.0
38,1,963.0,241.0,48.0,129.0,1,1,1.0
39,1,962.0,241.0,50.0,130.0,1,1,1.0
40,1,961.0,241.0,51.0,130.0,1,1,1.0
41,1,963.0,241.0,49.0,131.0,1,1,1.0
42,1,965.0,240.0,48.0,132.0,1,1,1.0
43,1,966.0,240.0,48.0,132.0,1,1,1.0
44,1,967.0,241.0,48.0,132.0,1,1,1.0
45,1,968.0,242.0,48.0,133.0,1,1,1.0
46,1,968.0,244.0,49.0,134.0,1,1,1.0
47,1,969.0,246.0,49.0,134.0,1,1,1.0
48,1,970.0,247.0,50.0,134.0,1,1,1.0
49,1,971.0,247.0,50.0,136.0,1,1,1.0
50,1,972.0,247.0,50.0,137.0,1,1,1.0
51,1,972.0,247.0,50.0,138.0,1,1,1.0
52,1,973.0,248.0,50.0,138.0,1,1,1.0
53,1,974.0,247.0,50.0,138.0,1,1,1.0
54,1,975.0,247.0,49.0,139.0,1,1,1.0
55,1,976.0,249.0,48.0,138.0,1,1,1.0
56,1,977.0,251.0,48.0,138.0,1,1,1.0
57,1,977.0,253.0,48.0,138.0,1,1,1.0
58,1,977.0,256.0,48.0,138.0,1,1,1.0
59,1,977.0,257.0,49.0,137.0,1,1,1.0
60,1,976.0,258.0,50.0,137.0,1,1,1.0
61,1,977.0,259.0,50.0,137.0,1,1,1.0
62,1,977.0,260.0,50.0,136.0,1,1,1.0
63,1,978.0,260.0,50.0,136.0,1,1,1.0
64,1,978.0,260.0,50.0,137.0,1,1,1.0
65,1,978.0,260.0,51.0,139.0,1,1,1.0
66,1,979.0,261.0,51.0,140.0,1,1,1.0
67,1,981.0,262.0,50.0,141.0,1,1,1.0
68,1,983.0,263.0,50.0,143.0,1,1,1.0
69,1,984.0,263.0,49.0,144.0,1,1,1.0
70,1,986.0,263.0,47.0,144.0,1,1,1.0
71,1,988.0,263.0,46.0,145.0,1,1,1.0
72,1,988.0,262.0,46.0,146.0,1,1,1.0
73,1,989.0,262.0,45.0,146.0,1,1,1.0
74,1,990.0,262.0,45.0,149.0,1,1,1.0
75,1,989.0,263.0,45.0,150.0,1,1,1.0
76,1,989.0,265.0,46.0,151.0,1,1,1.0
77,1,989.0,267.0,46.0,151.0,1,1,1.0
78,1,989.0,268.0,46.0,152.0,1,1,1.0
79,1,990.0,269.0,45.0,153.0,1,1,1.0
80,1,990.0,269.0,45.0,154.0,1,1,1.0
81,1,990.0,269.0,44.0,154.0,1,1,1.0
82,1,990.0,269.0,44.0,155.0,1,1,1.0
83,1,991.0,268.0,45.0,155.0,1,1,1.0
84,1,991.0,268.0,45.0,156.0,1,1,1.0
85,1,991.0,269.0,46.0,159.0,1,1,1.0
86,1,992.0,271.0,47.0,159.0,1,1,1.0
87,1,992.0,273.0,47.0,160.0,1,1,1.0
88,1,993.0,276.0,48.0,160.0,1,1,1.0
89,1,994.0,277.0,48.0,161.0,1,1,1.0
90,1,995.0,277.0,47.0,162.0,1,1,1.0
91,1,995.0,277.0,47.0,162.0,1,1,1.0
92,1,995.0,277.0,47.0,163.0,1,1,1.0
93,1,995.0,277.0,48.0,163.0,1,1,1.0
94,1,995.0,277.0,49.0,164.0,1,1,1.0
95,1,994.0,277.0,50.0,167.0,1,1,1.0
96,1,993.0,279.0,50.0,168.0,1,1,1.0
97,1,993.0,281.0,51.0,168.0,1,1,1.0
98,1,992.0,282.0,51.0,170.0,1,1,1.0
99,1,992.0,284.0,52.0,171.0,1,1,1.0
100,1,991.0,284.0,52.0,172.0,1,1,1.0
101,1,991.0,284.0,52.0,173.0,1,1,1.0
102,1,990.0,284.0,52.0,173.0,1,1,1.0
103,1,991.0,284.0,52.0,173.0,1,1,1.0
104,1,991.0,284.0,52.0,174.0,1,1,1.0
105,1,991.0,285.0,52.0,177.0,1,1,1.0
106,1,991.0,288.0,53.0,177.0,1,1,1.0
107,1,991.0,291.0,53.0,177.0,1,1,1.0
108,1,991.0,294.0,54.0,177.0,1,1,1.0
109,1,991.0,295.0,54.0,179.0,1,1,1.0
110,1,991.0,296.0,54.0,180.0,1,1,1.0
111,1,991.0,296.0,54.0,181.0,1,1,1.0
112,1,991.0,296.0,55.0,181.0,1,1,1.0
113,1,991.0,296.0,55.0,181.0,1,1,1.0
114,1,990.0,296.0,55.0,181.0,1,1,1.0
115,1,989.0,298.0,56.0,182.0,1,1,1.0
116,1,988.0,300.0,56.0,183.0,1,1,1.0
117,1,986.0,304.0,57.0,179.0,1,1,1.0
118,1,984.0,307.0,58.0,184.0,1,1,1.0
119,1,983.0,309.0,59.0,187.0,1,1,1.0
120,1,982.0,310.0,60.0,188.0,1,1,1.0
121,1,981.0,310.0,62.0,189.0,1,1,1.0
122,1,979.0,310.0,64.0,190.0,1,1,1.0
123,1,978.0,309.0,65.0,190.0,1,1,1.0
124,1,978.0,310.0,66.0,190.0,1,1,1.0
125,1,978.0,311.0,65.0,192.0,1,1,1.0
126,1,979.0,313.0,64.0,196.0,1,1,1.0
127,1,980.0,316.0,63.0,198.0,1,1,1.0
128,1,981.0,319.0,63.0,199.0,1,1,1.0
129,1,982.0,321.0,63.0,200.0,1,1,1.0
130,1,983.0,322.0,64.0,201.0,1,1,1.0
131,1,983.0,323.0,64.0,202.0,1,1,1.0
132,1,983.0,323.0,65.0,202.0,1,1,1.0
133,1,984.0,323.0,66.0,202.0,1,1,1.0
134,1,984.0,324.0,66.0,202.0,1,1,1.0
135,1,984.0,325.0,66.0,206.0,1,1,1.0
136,1,984.0,328.0,67.0,208.0,1,1,1.0
137,1,984.0,331.0,67.0,210.0,1,1,1.0
138,1,984.0,334.0,67.0,211.0,1,1,1.0
139,1,984.0,338.0,67.0,213.0,1,1,1.0
140,1,983.0,340.0,67.0,214.0,1,1,1.0
141,1,983.0,341.0,68.0,214.0,1,1,1.0
142,1,983.0,341.0,68.0,215.0,1,1,1.0
143,1,983.0,341.0,69.0,215.0,1,1,1.0
144,1,984.0,342.0,69.0,214.0,1,1,1.0
145,1,984.0,343.0,70.0,217.0,1,1,1.0
146,1,984.0,345.0,71.0,223.0,1,1,1.0
147,1,985.0,349.0,72.0,225.0,1,1,1.0
148,1,986.0,353.0,72.0,226.0,1,1,1.0
149,1,987.0,357.0,73.0,228.0,1,1,1.0
150,1,988.0,359.0,73.0,228.0,1,1,1.0
151,1,989.0,360.0,73.0,228.0,1,1,1.0
152,1,989.0,361.0,74.0,228.0,1,1,1.0
153,1,989.0,361.0,74.0,228.0,1,1,1.0
154,1,989.0,362.0,74.0,227.0,1,1,1.0
155,1,989.0,363.0,74.0,232.0,1,1,1.0
156,1,989.0,366.0,74.0,239.0,1,1,1.0
157,1,988.0,369.0,75.0,241.0,1,1,1.0
158,1,988.0,373.0,77.0,242.0,1,1,1.0
159,1,987.0,378.0,78.0,243.0,1,1,1.0
160,1,987.0,380.0,79.0,245.0,1,1,1.0
161,1,987.0,383.0,78.0,245.0,1,1,1.0
162,1,987.0,384.0,78.0,245.0,1,1,1.0
163,1,987.0,384.0,77.0,244.0,1,1,1.0
164,1,988.0,385.0,78.0,243.0,1,1,1.0
165,1,987.0,387.0,79.0,247.0,1,1,1.0
166,1,988.0,390.0,79.0,253.0,1,1,1.0
167,1,988.0,394.0,81.0,255.0,1,1,1.0
168,1,988.0,399.0,82.0,256.0,1,1,1.0
169,1,989.0,403.0,83.0,260.0,1,1,1.0
170,1,989.0,406.0,84.0,261.0,1,1,1.0
171,1,989.0,408.0,84.0,261.0,1,1,1.0
172,1,989.0,410.0,85.0,260.0,1,1,1.0
173,1,989.0,412.0,87.0,258.0,1,1,1.0
174,1,988.0,414.0,88.0,256.0,1,1,1.0
175,1,986.0,417.0,89.0,263.0,1,1,1.0
176,1,984.0,420.0,90.0,270.0,1,1,1.0
177,1,981.0,425.0,92.0,273.0,1,1,1.0
178,1,978.0,430.0,95.0,275.0,1,1,1.0
179,1,976.0,436.0,96.0,278.0,1,1,1.0
180,1,975.0,440.0,96.0,279.0,1,1,1.0
181,1,975.0,442.0,95.0,279.0,1,1,1.0
182,1,976.0,444.0,94.0,278.0,1,1,1.0
183,1,977.0,445.0,92.0,278.0,1,1,1.0
184,1,979.0,446.0,90.0,276.0,1,1,1.0
185,1,980.0,449.0,89.0,281.0,1,1,1.0
186,1,981.0,452.0,88.0,291.0,1,1,1.0
187,1,982.0,458.0,88.0,293.0,1,1,1.0
188,1,983.0,464.0,88.0,297.0,1,1,1.0
189,1,983.0,469.0,90.0,302.0,1,1,1.0
190,1,984.0,473.0,91.0,302.0,1,1,1.0
191,1,985.0,477.0,93.0,300.0,1,1,1.0
192,1,985.0,480.0,94.0,297.0,1,1,1.0
193,1,987.0,483.0,94.0,295.0,1,1,1.0
194,1,988.0,486.0,94.0,294.0,1,1,1.0
195,1,987.0,488.0,95.0,307.0,1,1,1.0
196,1,986.0,492.0,98.0,320.0,1,1,1.0
197,1,984.0,499.0,100.0,322.0,1,1,1.0
198,1,983.0,505.0,102.0,326.0,1,1,1.0
199,1,981.0,511.0,106.0,330.0,1,1,1.0
200,1,980.0,515.0,110.0,330.0,1,1,1.0
201,1,978.0,518.0,112.0,329.0,1,1,1.0
202,1,977.0,520.0,113.0,328.0,1,1,1.0
203,1,976.0,522.0,122.0,327.0,1,1,1.0
204,1,975.0,524.0,130.0,326.0,1,1,1.0
205,1,973.0,528.0,136.0,339.0,1,1,1.0
206,1,971.0,534.0,141.0,351.0,1,1,1.0
207,1,969.0,542.0,144.0,354.0,1,1,1.0
208,1,967.0,550.0,147.0,357.0,1,1,1.0
209,1,967.0,557.0,149.0,364.0,1,1,1.0
210,1,967.0,563.0,147.0,364.0,1,1,1.0
211,1,969.0,568.0,143.0,361.0,1,1,1.0
212,1,971.0,573.0,137.0,358.0,1,1,1.0
213,1,974.0,577.0,130.0,354.0,1,1,1.0
214,1,977.0,581.0,127.0,355.0,1,1,1.0
215,1,977.0,587.0,127.0,371.0,1,1,1.0
216,1,976.0,596.0,129.0,384.0,1,1,1.0
217,1,975.0,608.0,133.0,385.0,1,1,1.0
218,1,972.0,619.0,136.0,389.0,1,1,1.0
219,1,970.0,628.0,139.0,394.0,1,1,1.0
220,1,967.0,636.0,140.0,394.0,1,1,1.0
221,1,964.0,643.0,141.0,391.0,1,1,1.0
222,1,961.0,649.0,144.0,386.0,1,1,1.0
223,1,960.0,654.0,149.0,381.0,1,1,1.0
224,1,958.0,659.0,156.0,377.0,1,1,1.0
225,1,956.0,666.0,161.0,394.0,1,1,1.0
226,1,955.0,674.0,165.0,401.0,1,1,1.0
227,1,954.0,684.0,169.0,396.0,1,1,1.0
228,1,953.0,695.0,173.0,387.0,1,1,1.0
229,1,951.0,706.0,176.0,376.0,1,1,1.0
230,1,951.0,715.0,177.0,367.0,1,1,1.0
231,1,952.0,723.0,177.0,359.0,1,1,1.0
232,1,954.0,732.0,175.0,350.0,1,1,1.0
233,1,957.0,740.0,171.0,341.0,1,1,1.0
234,1,961.0,748.0,166.0,332.0,1,1,1.0
235,1,965.0,757.0,163.0,323.0,1,1,1.0
236,1,966.0,769.0,163.0,312.0,1,1,1.0
237,1,964.0,783.0,165.0,297.0,1,1,1.0
238,1,963.0,799.0,168.0,281.0,1,1,1.0
239,1,961.0,813.0,169.0,267.0,1,1,1.0
240,1,957.0,826.0,171.0,254.0,1,1,1.0
241,1,953.0,836.0,173.0,244.0,1,1,1.0
242,1,950.0,845.0,176.0,234.0,1,1,1.0
243,1,945.0,855.0,183.0,224.0,1,1,1.0
244,1,940.0,865.0,191.0,214.0,1,1,1.0
245,1,935.0,878.0,201.0,202.0,1,1,1.0
246,1,933.0,892.0,208.0,187.0,1,1,1.0
247,1,932.0,910.0,211.0,169.0,1,1,1.0
248,1,934.0,929.0,211.0,150.0,1,1,1.0
249,1,938.0,947.0,204.0,132.0,1,1,1.0
250,1,948.0,965.0,187.0,114.0,1,1,1.0
251,1,957.0,980.0,165.0,99.0,1,1,1.0
252,1,970.0,994.0,131.0,85.0,1,1,1.0
292,2,205.0,984.0,77.0,94.0,1,1,1.0
293,2,200.0,972.0,111.0,106.0,1,1,1.0
294,2,192.0,956.0,144.0,122.0,1,1,1.0
295,2,185.0,942.0,168.0,136.0,1,1,1.0
296,2,183.0,927.0,180.0,151.0,1,1,1.0
297,2,181.0,912.0,184.0,166.0,1,1,1.0
298,2,181.0,898.0,185.0,180.0,1,1,1.0
299,2,181.0,886.0,185.0,192.0,1,1,1.0
300,2,181.0,877.0,185.0,202.0,1,1,1.0
301,2,183.0,868.0,183.0,210.0,1,1,1.0
302,2,184.0,859.0,181.0,220.0,1,1,1.0
303,2,187.0,848.0,178.0,231.0,1,1,1.0
304,2,189.0,834.0,177.0,244.0,1,1,1.0
305,2,191.0,821.0,176.0,257.0,1,1,1.0
306,2,190.0,809.0,175.0,270.0,1,1,1.0
307,2,189.0,795.0,174.0,283.0,1,1,1.0
308,2,187.0,784.0,171.0,294.0,1,1,1.0
309,2,187.0,774.0,166.0,304.0,1,1,1.0
310,2,187.0,767.0,164.0,311.0,1,1,1.0
311,2,187.0,761.0,161.0,317.0,1,1,1.0
312,2,187.0,756.0,160.0,323.0,1,1,1.0
313,2,186.0,748.0,160.0,330.0,1,1,1.0
314,2,185.0,741.0,160.0,338.0,1,1,1.0
315,2,185.0,730.0,158.0,348.0,1,1,1.0
316,2,185.0,720.0,161.0,359.0,1,1,1.0
317,2,184.0,710.0,168.0,368.0,1,1,1.0
318,2,184.0,701.0,167.0,377.0,1,1,1.0
319,2,183.0,694.0,162.0,384.0,1,1,1.0
320,2,184.0,688.0,155.0,390.0,1,1,1.0
321,2,185.0,684.0,146.0,395.0,1,1,1.0
322,2,187.0,679.0,140.0,398.0,1,1,1.0
323,2,189.0,673.0,137.0,397.0,1,1,1.0
324,2,191.0,664.0,136.0,392.0,1,1,1.0
325,2,192.0,655.0,134.0,378.0,1,1,1.0
326,2,192.0,647.0,134.0,365.0,1,1,1.0
327,2,192.0,639.0,134.0,357.0,1,1,1.0
328,2,191.0,632.0,136.0,358.0,1,1,1.0
329,2,190.0,626.0,136.0,361.0,1,1,1.0
330,2,190.0,623.0,136.0,364.0,1,1,1.0
331,2,189.0,620.0,136.0,365.0,1,1,1.0
332,2,189.0,617.0,137.0,363.0,1,1,1.0
333,2,189.0,613.0,138.0,359.0,1,1,1.0
334,2,187.0,606.0,136.0,355.0,1,1,1.0
335,2,186.0,599.0,133.0,344.0,1,1,1.0
336,2,185.0,593.0,130.0,331.0,1,1,1.0
337,2,184.0,587.0,130.0,327.0,1,1,1.0
338,2,183.0,581.0,129.0,329.0,1,1,1.0
339,2,182.0,576.0,125.0,333.0,1,1,1.0
340,2,182.0,573.0,120.0,336.0,1,1,1.0
341,2,183.0,571.0,114.0,337.0,1,1,1.0
342,2,184.0,568.0,111.0,337.0,1,1,1.0
343,2,186.0,565.0,109.0,335.0,1,1,1.0
344,2,188.0,560.0,108.0,330.0,1,1,1.0
345,2,189.0,554.0,107.0,326.0,1,1,1.0
346,2,189.0,549.0,107.0,307.0,1,1,1.0
347,2,188.0,544.0,106.0,302.0,1,1,1.0
348,2,188.0,538.0,105.0,303.0,1,1,1.0
349,2,188.0,534.0,105.0,306.0,1,1,1.0
350,2,186.0,532.0,106.0,307.0,1,1,1.0
351,2,186.0,531.0,106.0,308.0,1,1,1.0
352,2,186.0,530.0,107.0,306.0,1,1,1.0
353,2,186.0,529.0,107.0,303.0,1,1,1.0
354,2,186.0,525.0,106.0,299.0,1,1,1.0
355,2,185.0,520.0,104.0,288.0,1,1,1.0
356,2,184.0,516.0,105.0,280.0,1,1,1.0
357,2,184.0,511.0,105.0,278.0,1,1,1.0
358,2,183.0,507.0,105.0,280.0,1,1,1.0
359,2,182.0,504.0,103.0,282.0,1,1,1.0
360,2,182.0,501.0,100.0,284.0,1,1,1.0
361,2,183.0,500.0,95.0,285.0,1,1,1.0
362,2,183.0,499.0,93.0,285.0,1,1,1.0
363,2,185.0,497.0,90.0,284.0,1,1,1.0
364,2,186.0,494.0,89.0,280.0,1,1,1.0
365,2,187.0,490.0,88.0,278.0,1,1,1.0
366,2,188.0,486.0,87.0,261.0,1,1,1.0
367,2,189.0,482.0,87.0,258.0,1,1,1.0
368,2,188.0,478.0,86.0,259.0,1,1,1.0
369,2,186.0,474.0,86.0,261.0,1,1,1.0
370,2,185.0,472.0,87.0,263.0,1,1,1.0
371,2,184.0,471.0,88.0,264.0,1,1,1.0
372,2,184.0,471.0,88.0,263.0,1,1,1.0
373,2,184.0,471.0,89.0,260.0,1,1,1.0
374,2,183.0,469.0,89.0,257.0,1,1,1.0
375,2,182.0,467.0,88.0,255.0,1,1,1.0
376,2,182.0,464.0,87.0,249.0,1,1,1.0
377,2,181.0,460.0,86.0,245.0,1,1,1.0
378,2,181.0,457.0,85.0,245.0,1,1,1.0
379,2,181.0,454.0,84.0,246.0,1,1,1.0
380,2,181.0,452.0,81.0,247.0,1,1,1.0
381,2,182.0,451.0,79.0,248.0,1,1,1.0
382,2,183.0,451.0,78.0,248.0,1,1,1.0
383,2,185.0,450.0,77.0,248.0,1,1,1.0
384,2,187.0,448.0,76.0,248.0,1,1,1.0
385,2,189.0,447.0,74.0,244.0,1,1,1.0
386,2,190.0,444.0,75.0,231.0,1,1,1.0
387,2,192.0,441.0,74.0,226.0,1,1,1.0
388,2,194.0,437.0,73.0,227.0,1,1,1.0
389,2,197.0,434.0,71.0,229.0,1,1,1.0
390,2,200.0,432.0,70.0,231.0,1,1,1.0
391,2,203.0,429.0,69.0,232.0,1,1,1.0
392,2,206.0,427.0,69.0,234.0,1,1,1.0
393,2,211.0,425.0,73.0,235.0,1,1,1.0
394,2,215.0,425.0,77.0,235.0,1,1,1.0
395,2,216.0,424.0,82.0,235.0,1,1,1.0
396,2,220.0,423.0,84.0,235.0,1,1,1.0
397,2,224.0,421.0,85.0,235.0,1,1,1.0
398,2,228.0,418.0,82.0,235.0,1,1,1.0
399,2,238.0,416.0,74.0,233.0,1,1,1.0
400,2,247.0,413.0,66.0,228.0,1,1,1.0
401,2,255.0,411.0,64.0,223.0,1,1,1.0
402,2,261.0,409.0,67.0,221.0,1,1,1.0
403,2,267.0,407.0,80.0,220.0,1,1,1.0
404,2,273.0,407.0,96.0,221.0,1,1,1.0
405,2,276.0,407.0,110.0,220.0,1,1,1.0
406,2,276.0,405.0,120.0,218.0,1,1,1.0
407,2,280.0,406.0,124.0,217.0,1,1,1.0
408,2,284.0,403.0,123.0,217.0,1,1,1.0
409,2,294.0,400.0,115.0,216.0,1,1,1.0
410,2,309.0,398.0,101.0,214.0,1,1,1.0
411,2,324.0,395.0,84.0,215.0,1,1,1.0
412,2,340.0,392.0,68.0,217.0,1,1,1.0
413,2,352.0,393.0,66.0,217.0,1,1,1.0
414,2,360.0,391.0,77.0,219.0,1,1,1.0
415,2,367.0,390.0,93.0,220.0,1,1,1.0
416,2,370.0,390.0,107.0,219.0,1,1,1.0
417,2,372.0,388.0,116.0,220.0,1,1,1.0
418,2,377.0,386.0,118.0,221.0,1,1,1.0
419,2,389.0,384.0,111.0,222.0,1,1,1.0
420,2,403.0,380.0,96.0,220.0,1,1,1.0
421,2,422.0,377.0,77.0,218.0,1,1,1.0
422,2,434.0,375.0,67.0,217.0,1,1,1.0
423,2,444.0,372.0,69.0,216.0,1,1,1.0
424,2,453.0,372.0,85.0,216.0,1,1,1.0
425,2,460.0,373.0,101.0,215.0,1,1,1.0
426,2,463.0,372.0,113.0,213.0,1,1,1.0
427,2,466.0,372.0,121.0,212.0,1,1,1.0
428,2,470.0,372.0,123.0,212.0,1,1,1.0
429,2,479.0,370.0,116.0,210.0,1,1,1.0
430,2,493.0,367.0,101.0,207.0,1,1,1.0
431,2,513.0,364.0,81.0,208.0,1,1,1.0
432,2,529.0,360.0,70.0,210.0,1,1,1.0
433,2,540.0,359.0,68.0,212.0,1,1,1.0
434,2,549.0,358.0,76.0,212.0,1,1,1.0
435,2,553.0,356.0,91.0,212.0,1,1,1.0
436,2,557.0,358.0,103.0,211.0,1,1,1.0
437,2,560.0,357.0,110.0,212.0,1,1,1.0
438,2,565.0,354.0,109.0,213.0,1,1,1.0
439,2,579.0,352.0,97.0,212.0,1,1,1.0
440,2,595.0,349.0,81.0,208.0,1,1,1.0
441,2,611.0,347.0,66.0,206.0,1,1,1.0
442,2,622.0,345.0,62.0,205.0,1,1,1.0
443,2,632.0,343.0,67.0,206.0,1,1,1.0
444,2,639.0,342.0,83.0,206.0,1,1,1.0
445,2,642.0,343.0,99.0,205.0,1,1,1.0
446,2,645.0,344.0,109.0,202.0,1,1,1.0
447,2,647.0,345.0,116.0,200.0,1,1,1.0
448,2,651.0,343.0,115.0,199.0,1,1,1.0
449,2,660.0,343.0,107.0,196.0,1,1,1.0
450,2,674.0,341.0,92.0,194.0,1,1,1.0
451,2,692.0,339.0,74.0,195.0,1,1,1.0
452,2,708.0,337.0,66.0,196.0,1,1,1.0
453,2,718.0,335.0,67.0,197.0,1,1,1.0
454,2,726.0,335.0,70.0,197.0,1,1,1.0
455,2,729.0,336.0,84.0,196.0,1,1,1.0
456,2,731.0,336.0,94.0,195.0,1,1,1.0
457,2,733.0,336.0,100.0,196.0,1,1,1.0
458,2,738.0,334.0,98.0,196.0,1,1,1.0
459,2,749.0,333.0,88.0,195.0,1,1,1.0
460,2,764.0,331.0,75.0,192.0,1,1,1.0
461,2,780.0,329.0,64.0,190.0,1,1,1.0
462,2,790.0,328.0,60.0,188.0,1,1,1.0
463,2,796.0,327.0,65.0,189.0,1,1,1.0
464,2,800.0,327.0,80.0,188.0,1,1,1.0
465,2,804.0,328.0,93.0,187.0,1,1,1.0
466,2,807.0,329.0,102.0,185.0,1,1,1.0
467,2,809.0,329.0,107.0,183.0,1,1,1.0
468,2,813.0,329.0,107.0,181.0,1,1,1.0
469,2,821.0,328.0,100.0,179.0,1,1,1.0
470,2,834.0,326.0,88.0,178.0,1,1,1.0
471,2,849.0,324.0,77.0,180.0,1,1,1.0
472,2,860.0,321.0,72.0,181.0,1,1,1.0
473,2,866.0,320.0,73.0,183.0,1,1,1.0
474,2,872.0,319.0,76.0,184.0,1,1,1.0
475,2,877.0,318.0,82.0,184.0,1,1,1.0
476,2,883.0,318.0,86.0,184.0,1,1,1.0
477,2,888.0,316.0,89.0,186.0,1,1,1.0
478,2,893.0,313.0,88.0,187.0,1,1,1.0
479,2,904.0,311.0,81.0,187.0,1,1,1.0
480,2,918.0,308.0,69.0,185.0,1,1,1.0
481,2,931.0,305.0,58.0,184.0,1,1,1.0
482,2,940.0,305.0,55.0,183.0,1,1,1.0
483,2,950.0,301.0,61.0,183.0,1,1,1.0
484,2,947.0,300.0,74.0,184.0,1,1,1.0
485,2,956.0,303.0,87.0,183.0,1,1,1.0
486,2,955.0,302.0,96.0,181.0,1,1,1.0
487,2,959.0,299.0,100.0,180.0,1,1,1.0
488,2,964.0,302.0,99.0,180.0,1,1,1.0
489,2,969.0,299.0,93.0,179.0,1,1,1.0
490,2,979.0,299.0,82.0,178.0,1,1,1.0
491,2,997.0,298.0,70.0,178.0,1,1,1.0
492,2,1011.0,290.0,65.0,180.0,1,1,1.0
493,2,1013.0,291.0,67.0,182.0,1,1,1.0
494,2,1023.0,294.0,72.0,182.0,1,1,1.0
495,2,1024.0,294.0,77.0,181.0,1,1,1.0
496,2,1027.0,294.0,82.0,180.0,1,1,1.0
497,2,1035.0,292.0,86.0,179.0,1,1,1.0
498,2,1036.0,295.0,86.0,179.0,1,1,1.0
499,2,1045.0,293.0,79.0,178.0,1,1,1.0
500,2,1059.0,293.0,69.0,176.0,1,1,1.0
501,2,1072.0,289.0,59.0,174.0,1,1,1.0
502,2,1078.0,283.0,53.0,176.0,1,1,1.0
503,2,1088.0,288.0,53.0,175.0,1,1,1.0
504,2,1087.0,288.0,66.0,175.0,1,1,1.0
505,2,1088.0,289.0,78.0,173.0,1,1,1.0
506,2,1093.0,287.0,85.0,171.0,1,1,1.0
507,2,1089.0,291.0,87.0,169.0,1,1,1.0
508,2,1095.0,293.0,85.0,169.0,1,1,1.0
509,2,1103.0,293.0,78.0,166.0,1,1,1.0
510,2,1114.0,289.0,70.0,166.0,1,1,1.0
511,2,1129.0,288.0,63.0,166.0,1,1,1.0
512,2,1141.0,289.0,59.0,168.0,1,1,1.0
513,2,1145.0,288.0,65.0,168.0,1,1,1.0
514,2,1148.0,288.0,70.0,169.0,1,1,1.0
515,2,1153.0,288.0,74.0,167.0,1,1,1.0
516,2,1153.0,289.0,78.0,166.0,1,1,1.0
517,2,1157.0,289.0,81.0,167.0,1,1,1.0
518,2,1162.0,289.0,77.0,165.0,1,1,1.0
519,2,1172.0,287.0,69.0,162.0,1,1,1.0
520,2,1183.0,287.0,60.0,159.0,1,1,1.0
521,2,1190.0,285.0,52.0,160.0,1,1,1.0
522,2,1194.0,283.0,49.0,162.0,1,1,1.0
523,2,1198.0,283.0,54.0,163.0,1,1,1.0
524,2,1200.0,283.0,65.0,162.0,1,1,1.0
525,2,1200.0,283.0,71.0,160.0,1,1,1.0
526,2,1201.0,285.0,74.0,159.0,1,1,1.0
527,2,1203.0,285.0,73.0,157.0,1,1,1.0
528,2,1208.0,284.0,69.0,156.0,1,1,1.0
529,2,1217.0,283.0,65.0,155.0,1,1,1.0
530,2,1227.0,281.0,60.0,157.0,1,1,1.0
531,2,1238.0,279.0,56.0,158.0,1,1,1.0
532,2,1246.0,279.0,55.0,159.0,1,1,1.0
533,2,1248.0,279.0,60.0,158.0,1,1,1.0
534,2,1249.0,279.0,65.0,157.0,1,1,1.0
535,2,1252.0,280.0,72.0,157.0,1,1,1.0
536,2,1254.0,281.0,76.0,155.0,1,1,1.0
537,2,1259.0,281.0,73.0,155.0,1,1,1.0
538,2,1268.0,281.0,66.0,153.0,1,1,1.0
539,2,1275.0,278.0,59.0,151.0,1,1,1.0
540,2,1281.0,278.0,53.0,151.0,1,1,1.0
