1,1,1668.0,331.0,46.0,148.0,1,1,1.0
2,1,1650.0,330.0,60.0,148.0,1,1,1.0
3,1,1656.0,329.0,50.0,149.0,1,1,1.0
4,1,1650.0,329.0,51.0,150.0,1,1,1.0
5,1,1633.0,331.0,62.0,148.0,1,1,1.0
6,1,1624.0,331.0,68.0,148.0,1,1,1.0
7,1,1619.0,332.0,71.0,147.0,1,1,1.0
8,1,1616.0,332.0,71.0,148.0,1,1,1.0
9,1,1614.0,331.0,68.0,149.0,1,1,1.0
10,1,1614.0,330.0,60.0,150.0,1,1,1.0
11,1,1613.0,328.0,52.0,151.0,1,1,1.0
12,1,1607.0,327.0,50.0,152.0,1,1,1.0
13,1,1600.0,326.0,54.0,154.0,1,1,1.0
14,1,1595.0,327.0,59.0,154.0,1,1,1.0
15,1,1584.0,328.0,66.0,153.0,1,1,1.0
16,1,1575.0,330.0,70.0,152.0,1,1,1.0
17,1,1569.0,331.0,71.0,151.0,1,1,1.0
18,1,1567.0,331.0,69.0,152.0,1,1,1.0
19,1,1566.0,330.0,62.0,153.0,1,1,1.0
20,1,1565.0,329.0,53.0,154.0,1,1,1.0
21,1,1563.0,327.0,48.0,156.0,1,1,1.0
22,1,1559.0,326.0,45.0,157.0,1,1,1.0
23,1,1549.0,326.0,49.0,156.0,1,1,1.0
24,1,1534.0,327.0,59.0,156.0,1,1,1.0
25,1,1520.0,328.0,71.0,155.0,1,1,1.0
26,1,1510.0,329.0,78.0,154.0,1,1,1.0
27,1,1504.0,330.0,83.0,153.0,1,1,1.0
28,1,1501.0,330.0,85.0,153.0,1,1,1.0
29,1,1499.0,329.0,80.0,154.0,1,1,1.0
30,1,1499.0,328.0,71.0,155.0,1,1,1.0
31,1,1498.0,326.0,60.0,156.0,1,1,1.0
32,1,1496.0,325.0,52.0,157.0,1,1,1.0
33,1,1489.0,324.0,51.0,159.0,1,1,1.0
34,1,1483.0,324.0,53.0,159.0,1,1,1.0
35,1,1471.0,325.0,62.0,158.0,1,1,1.0
36,1,1458.0,327.0,71.0,157.0,1,1,1.0
37,1,1451.0,329.0,75.0,156.0,1,1,1.0
38,1,1447.0,329.0,76.0,157.0,1,1,1.0
39,1,1445.0,329.0,73.0,158.0,1,1,1.0
40,1,1444.0,328.0,64.0,159.0,1,1,1.0
41,1,1442.0,327.0,54.0,160.0,1,1,1.0
42,1,1436.0,326.0,50.0,161.0,1,1,1.0
43,1,1431.0,325.0,49.0,162.0,1,1,1.0
44,1,1417.0,325.0,57.0,162.0,1,1,1.0
45,1,1401.0,326.0,70.0,161.0,1,1,1.0
46,1,1388.0,327.0,81.0,160.0,1,1,1.0
47,1,1379.0,329.0,88.0,159.0,1,1,1.0
48,1,1374.0,329.0,92.0,159.0,1,1,1.0
49,1,1372.0,328.0,89.0,160.0,1,1,1.0
50,1,1371.0,327.0,81.0,160.0,1,1,1.0
51,1,1371.0,326.0,68.0,161.0,1,1,1.0
52,1,1368.0,325.0,58.0,163.0,1,1,1.0
53,1,1365.0,323.0,51.0,166.0,1,1,1.0
54,1,1359.0,323.0,52.0,167.0,1,1,1.0
55,1,1344.0,324.0,64.0,167.0,1,1,1.0
56,1,1331.0,327.0,75.0,165.0,1,1,1.0
57,1,1323.0,329.0,79.0,164.0,1,1,1.0
58,1,1317.0,330.0,82.0,164.0,1,1,1.0
59,1,1314.0,330.0,80.0,165.0,1,1,1.0
60,1,1313.0,329.0,70.0,166.0,1,1,1.0
63,1,1296.0,327.0,54.0,169.0,1,1,1.0
64,1,1285.0,326.0,58.0,169.0,1,1,1.0
65,1,1268.0,327.0,72.0,168.0,1,1,1.0
66,1,1253.0,329.0,86.0,167.0,1,1,1.0
67,1,1243.0,331.0,96.0,166.0,1,1,1.0
68,1,1237.0,331.0,99.0,166.0,1,1,1.0
69,1,1234.0,331.0,98.0,165.0,1,1,1.0
70,1,1233.0,330.0,90.0,166.0,1,1,1.0
71,1,1233.0,328.0,78.0,167.0,1,1,1.0
72,1,1230.0,327.0,65.0,169.0,1,1,1.0
73,1,1225.0,326.0,54.0,170.0,1,1,1.0
74,1,1218.0,326.0,55.0,173.0,1,1,1.0
75,1,1206.0,326.0,64.0,174.0,1,1,1.0
76,1,1189.0,328.0,77.0,172.0,1,1,1.0
77,1,1179.0,330.0,85.0,171.0,1,1,1.0
78,1,1171.0,331.0,91.0,171.0,1,1,1.0
79,1,1167.0,332.0,90.0,172.0,1,1,1.0
80,1,1165.0,331.0,81.0,172.0,1,1,1.0
81,1,1164.0,330.0,68.0,173.0,1,1,1.0
82,1,1158.0,329.0,56.0,175.0,1,1,1.0
83,1,1147.0,328.0,56.0,176.0,1,1,1.0
84,1,1137.0,327.0,59.0,176.0,1,1,1.0
85,1,1121.0,328.0,73.0,176.0,1,1,1.0
86,1,1104.0,331.0,89.0,173.0,1,1,1.0
87,1,1092.0,333.0,101.0,172.0,1,1,1.0
88,1,1084.0,334.0,108.0,171.0,1,1,1.0
89,1,1079.0,334.0,107.0,171.0,1,1,1.0
90,1,1078.0,334.0,99.0,171.0,1,1,1.0
91,1,1078.0,332.0,86.0,173.0,1,1,1.0
92,1,1077.0,331.0,70.0,174.0,1,1,1.0
93,1,1071.0,329.0,57.0,176.0,1,1,1.0
94,1,1064.0,328.0,54.0,177.0,1,1,1.0
95,1,1051.0,329.0,63.0,178.0,1,1,1.0
96,1,1033.0,332.0,79.0,177.0,1,1,1.0
97,1,1019.0,334.0,91.0,177.0,1,1,1.0
98,1,1010.0,336.0,98.0,175.0,1,1,1.0
99,1,1006.0,336.0,97.0,176.0,1,1,1.0
100,1,1004.0,336.0,87.0,177.0,1,1,1.0
101,1,1004.0,335.0,72.0,178.0,1,1,1.0
102,1,999.0,334.0,60.0,179.0,1,1,1.0
103,1,981.0,333.0,62.0,180.0,1,1,1.0
104,1,973.0,332.0,64.0,180.0,1,1,1.0
105,1,958.0,333.0,78.0,180.0,1,1,1.0
106,1,942.0,336.0,93.0,178.0,1,1,1.0
107,1,932.0,338.0,102.0,177.0,1,1,1.0
108,1,924.0,339.0,108.0,176.0,1,1,1.0
109,1,921.0,339.0,105.0,176.0,1,1,1.0
110,1,920.0,339.0,93.0,175.0,1,1,1.0
111,1,919.0,338.0,77.0,176.0,1,1,1.0
112,1,914.0,337.0,64.0,178.0,1,1,1.0
113,1,905.0,336.0,55.0,179.0,1,1,1.0
114,1,897.0,336.0,58.0,181.0,1,1,1.0
115,1,879.0,338.0,73.0,181.0,1,1,1.0
116,1,862.0,340.0,90.0,181.0,1,1,1.0
117,1,851.0,342.0,99.0,181.0,1,1,1.0
118,1,845.0,342.0,103.0,183.0,1,1,1.0
119,1,842.0,343.0,96.0,183.0,1,1,1.0
120,1,841.0,344.0,84.0,182.0,1,1,1.0
121,1,834.0,343.0,74.0,183.0,1,1,1.0
122,1,825.0,342.0,64.0,184.0,1,1,1.0
123,1,817.0,342.0,61.0,184.0,1,1,1.0
124,1,802.0,343.0,72.0,184.0,1,1,1.0
125,1,786.0,344.0,87.0,182.0,1,1,1.0
126,1,772.0,347.0,101.0,180.0,1,1,1.0
127,1,762.0,348.0,110.0,180.0,1,1,1.0
128,1,756.0,349.0,111.0,180.0,1,1,1.0
129,1,751.0,349.0,105.0,180.0,1,1,1.0
130,1,749.0,349.0,93.0,180.0,1,1,1.0
131,1,751.0,347.0,75.0,182.0,1,1,1.0
132,1,748.0,346.0,58.0,183.0,1,1,1.0
133,1,740.0,346.0,55.0,184.0,1,1,1.0
134,1,725.0,347.0,66.0,184.0,1,1,1.0
135,1,705.0,349.0,85.0,183.0,1,1,1.0
136,1,689.0,351.0,99.0,181.0,1,1,1.0
137,1,680.0,353.0,106.0,180.0,1,1,1.0
138,1,676.0,353.0,107.0,181.0,1,1,1.0
139,1,674.0,353.0,97.0,182.0,1,1,1.0
140,1,673.0,353.0,82.0,182.0,1,1,1.0
141,1,668.0,353.0,71.0,182.0,1,1,1.0
142,1,660.0,352.0,58.0,183.0,1,1,1.0
143,1,645.0,352.0,65.0,183.0,1,1,1.0
144,1,632.0,353.0,76.0,182.0,1,1,1.0
145,1,617.0,354.0,90.0,181.0,1,1,1.0
146,1,606.0,356.0,102.0,180.0,1,1,1.0
147,1,597.0,357.0,108.0,179.0,1,1,1.0
148,1,590.0,358.0,112.0,179.0,1,1,1.0
149,1,586.0,358.0,104.0,179.0,1,1,1.0
150,1,586.0,358.0,90.0,180.0,1,1,1.0
151,1,586.0,357.0,73.0,180.0,1,1,1.0
152,1,582.0,357.0,59.0,181.0,1,1,1.0
153,1,574.0,356.0,56.0,183.0,1,1,1.0
154,1,562.0,356.0,64.0,184.0,1,1,1.0
155,1,543.0,358.0,82.0,183.0,1,1,1.0
156,1,528.0,361.0,96.0,181.0,1,1,1.0
157,1,519.0,363.0,103.0,180.0,1,1,1.0
158,1,514.0,364.0,105.0,180.0,1,1,1.0
159,1,512.0,365.0,98.0,180.0,1,1,1.0
160,1,511.0,364.0,84.0,181.0,1,1,1.0
161,1,508.0,364.0,71.0,181.0,1,1,1.0
162,1,495.0,363.0,65.0,182.0,1,1,1.0
163,1,484.0,363.0,66.0,182.0,1,1,1.0
164,1,471.0,364.0,77.0,181.0,1,1,1.0
165,1,458.0,365.0,89.0,180.0,1,1,1.0
166,1,447.0,367.0,99.0,178.0,1,1,1.0
167,1,439.0,369.0,105.0,178.0,1,1,1.0
168,1,431.0,370.0,110.0,177.0,1,1,1.0
169,1,428.0,369.0,105.0,178.0,1,1,1.0
170,1,427.0,369.0,92.0,178.0,1,1,1.0
171,1,428.0,368.0,76.0,179.0,1,1,1.0
172,1,423.0,367.0,63.0,180.0,1,1,1.0
173,1,417.0,367.0,57.0,182.0,1,1,1.0
174,1,410.0,368.0,61.0,183.0,1,1,1.0
175,1,393.0,369.0,77.0,183.0,1,1,1.0
176,1,377.0,372.0,91.0,181.0,1,1,1.0
177,1,368.0,374.0,99.0,179.0,1,1,1.0
178,1,364.0,376.0,101.0,179.0,1,1,1.0
179,1,362.0,376.0,96.0,179.0,1,1,1.0
180,1,358.0,377.0,86.0,179.0,1,1,1.0
181,1,354.0,377.0,75.0,179.0,1,1,1.0
182,1,347.0,376.0,67.0,181.0,1,1,1.0
183,1,336.0,375.0,65.0,181.0,1,1,1.0
184,1,323.0,376.0,74.0,180.0,1,1,1.0
185,1,311.0,378.0,84.0,178.0,1,1,1.0
186,1,301.0,379.0,93.0,177.0,1,1,1.0
187,1,293.0,381.0,100.0,176.0,1,1,1.0
188,1,286.0,383.0,104.0,175.0,1,1,1.0
189,1,282.0,383.0,101.0,176.0,1,1,1.0
190,1,280.0,383.0,90.0,175.0,1,1,1.0
191,1,280.0,382.0,75.0,176.0,1,1,1.0
192,1,279.0,381.0,62.0,177.0,1,1,1.0
193,1,273.0,382.0,55.0,178.0,1,1,1.0
194,1,267.0,382.0,57.0,179.0,1,1,1.0
195,1,253.0,384.0,69.0,178.0,1,1,1.0
196,1,239.0,386.0,83.0,177.0,1,1,1.0
197,1,231.0,388.0,90.0,175.0,1,1,1.0
198,1,227.0,389.0,92.0,175.0,1,1,1.0
199,1,225.0,390.0,89.0,175.0,1,1,1.0
200,1,222.0,389.0,82.0,177.0,1,1,1.0
201,1,217.0,389.0,73.0,177.0,1,1,1.0
202,1,210.0,390.0,64.0,175.0,1,1,1.0
203,1,201.0,392.0,62.0,174.0,1,1,1.0
204,1,190.0,392.0,68.0,173.0,1,1,1.0
205,1,180.0,392.0,76.0,173.0,1,1,1.0
206,1,172.0,392.0,84.0,173.0,1,1,1.0
207,1,165.0,394.0,89.0,171.0,1,1,1.0
208,1,159.0,395.0,93.0,171.0,1,1,1.0
209,1,155.0,396.0,91.0,170.0,1,1,1.0
210,1,153.0,395.0,82.0,170.0,1,1,1.0
211,1,153.0,394.0,71.0,170.0,1,1,1.0
212,1,152.0,393.0,60.0,171.0,1,1,1.0
213,1,147.0,392.0,55.0,173.0,1,1,1.0
214,1,142.0,392.0,55.0,174.0,1,1,1.0
215,1,135.0,394.0,60.0,173.0,1,1,1.0
216,1,123.0,395.0,71.0,171.0,1,1,1.0
217,1,115.0,397.0,78.0,169.0,1,1,1.0
218,1,111.0,399.0,81.0,167.0,1,1,1.0
219,1,109.0,399.0,80.0,168.0,1,1,1.0
220,1,108.0,400.0,75.0,167.0,1,1,1.0
221,1,103.0,400.0,70.0,168.0,1,1,1.0
222,1,97.0,399.0,63.0,169.0,1,1,1.0
223,1,90.0,399.0,58.0,169.0,1,1,1.0
224,1,82.0,399.0,58.0,169.0,1,1,1.0
225,1,74.0,399.0,62.0,169.0,1,1,1.0
226,1,68.0,401.0,67.0,167.0,1,1,1.0
227,1,62.0,402.0,71.0,166.0,1,1,1.0
228,1,59.0,403.0,74.0,165.0,1,1,1.0
229,1,55.0,404.0,73.0,164.0,1,1,1.0
230,1,53.0,404.0,68.0,164.0,1,1,1.0
231,1,52.0,403.0,58.0,163.0,1,1,1.0
232,1,51.0,403.0,50.0,163.0,1,1,1.0
233,1,50.0,402.0,46.0,164.0,1,1,1.0
234,1,49.0,401.0,44.0,165.0,1,1,1.0
235,1,44.0,401.0,49.0,165.0,1,1,1.0
236,1,41.0,401.0,50.0,164.0,1,1,1.0
237,1,39.0,402.0,51.0,163.0,1,1,1.0
238,1,37.0,403.0,52.0,162.0,1,1,1.0
239,1,35.0,404.0,54.0,160.0,1,1,1.0
240,1,34.0,404.0,54.0,159.0,1,1,1.0
241,1,33.0,403.0,55.0,159.0,1,1,1.0
242,1,32.0,402.0,55.0,160.0,1,1,1.0
243,1,34.0,400.0,54.0,162.0,1,1,1.0
244,1,36.0,399.0,53.0,162.0,1,1,1.0
245,1,39.0,399.0,53.0,162.0,1,1,1.0
246,1,41.0,399.0,57.0,162.0,1,1,1.0
247,1,43.0,399.0,59.0,162.0,1,1,1.0
248,1,45.0,398.0,61.0,161.0,1,1,1.0
249,1,46.0,397.0,61.0,159.0,1,1,1.0
250,1,50.0,396.0,58.0,155.0,1,1,1.0
251,1,55.0,394.0,53.0,154.0,1,1,1.0
252,1,64.0,392.0,46.0,154.0,1,1,1.0
253,1,69.0,391.0,44.0,155.0,1,1,1.0
254,1,74.0,391.0,45.0,155.0,1,1,1.0
255,1,78.0,390.0,46.0,156.0,1,1,1.0
256,1,82.0,390.0,57.0,155.0,1,1,1.0
257,1,84.0,390.0,64.0,155.0,1,1,1.0
258,1,86.0,388.0,69.0,156.0,1,1,1.0
259,1,89.0,386.0,72.0,155.0,1,1,1.0
260,1,96.0,385.0,67.0,153.0,1,1,1.0
261,1,105.0,383.0,60.0,152.0,1,1,1.0
262,1,116.0,381.0,48.0,153.0,1,1,1.0
263,1,124.0,379.0,40.0,154.0,1,1,1.0
264,1,130.0,378.0,43.0,154.0,1,1,1.0
265,1,135.0,377.0,52.0,156.0,1,1,1.0
266,1,138.0,377.0,63.0,155.0,1,1,1.0
267,1,140.0,378.0,72.0,155.0,1,1,1.0
268,1,141.0,378.0,78.0,153.0,1,1,1.0
269,1,143.0,377.0,80.0,152.0,1,1,1.0
270,1,149.0,375.0,77.0,150.0,1,1,1.0
271,1,158.0,374.0,69.0,150.0,1,1,1.0
272,1,170.0,372.0,57.0,151.0,1,1,1.0
273,1,179.0,369.0,48.0,153.0,1,1,1.0
274,1,186.0,368.0,45.0,155.0,1,1,1.0
275,1,190.0,367.0,50.0,155.0,1,1,1.0
276,1,195.0,367.0,60.0,155.0,1,1,1.0
277,1,199.0,367.0,68.0,155.0,1,1,1.0
278,1,201.0,368.0,75.0,154.0,1,1,1.0
279,1,203.0,367.0,77.0,154.0,1,1,1.0
280,1,210.0,365.0,72.0,153.0,1,1,1.0
281,1,220.0,364.0,63.0,150.0,1,1,1.0
282,1,232.0,361.0,51.0,150.0,1,1,1.0
283,1,240.0,359.0,44.0,151.0,1,1,1.0
284,1,246.0,358.0,45.0,152.0,1,1,1.0
285,1,251.0,357.0,55.0,153.0,1,1,1.0
286,1,255.0,356.0,67.0,153.0,1,1,1.0
287,1,257.0,357.0,76.0,152.0,1,1,1.0
288,1,258.0,357.0,82.0,151.0,1,1,1.0
289,1,261.0,356.0,85.0,150.0,1,1,1.0
290,1,268.0,356.0,80.0,148.0,1,1,1.0
291,1,277.0,354.0,73.0,147.0,1,1,1.0
292,1,287.0,352.0,62.0,148.0,1,1,1.0
293,1,298.0,351.0,51.0,149.0,1,1,1.0
294,1,306.0,349.0,44.0,150.0,1,1,1.0
295,1,311.0,348.0,44.0,151.0,1,1,1.0
297,1,319.0,348.0,64.0,150.0,1,1,1.0
298,1,321.0,348.0,70.0,150.0,1,1,1.0
299,1,324.0,347.0,73.0,150.0,1,1,1.0
300,1,330.0,345.0,68.0,149.0,1,1,1.0
301,1,339.0,343.0,60.0,147.0,1,1,1.0
302,1,348.0,342.0,51.0,146.0,1,1,1.0
303,1,355.0,340.0,45.0,146.0,1,1,1.0
304,1,363.0,339.0,45.0,146.0,1,1,1.0
305,1,367.0,339.0,56.0,146.0,1,1,1.0
306,1,372.0,339.0,67.0,146.0,1,1,1.0
310,1,386.0,337.0,76.0,143.0,1,1,1.0
311,1,392.0,336.0,71.0,142.0,1,1,1.0
312,1,402.0,334.0,62.0,143.0,1,1,1.0
313,1,414.0,332.0,50.0,144.0,1,1,1.0
314,1,423.0,331.0,43.0,146.0,1,1,1.0
315,1,429.0,329.0,40.0,147.0,1,1,1.0
316,1,433.0,329.0,48.0,147.0,1,1,1.0
317,1,436.0,330.0,46.0,146.0,1,1,1.0
318,1,437.0,330.0,61.0,145.0,1,1,1.0
319,1,439.0,330.0,67.0,145.0,1,1,1.0
320,1,443.0,329.0,67.0,143.0,1,1,1.0
321,1,451.0,328.0,61.0,142.0,1,1,1.0
322,1,462.0,327.0,51.0,140.0,1,1,1.0
323,1,471.0,325.0,42.0,139.0,1,1,1.0
324,1,478.0,323.0,39.0,142.0,1,1,1.0
325,1,483.0,322.0,43.0,143.0,1,1,1.0
326,1,487.0,321.0,48.0,143.0,1,1,1.0
329,1,492.0,323.0,53.0,139.0,1,1,1.0
330,1,494.0,322.0,68.0,139.0,1,1,1.0
331,1,499.0,322.0,68.0,137.0,1,1,1.0
332,1,508.0,320.0,62.0,135.0,1,1,1.0
333,1,520.0,319.0,51.0,136.0,1,1,1.0
334,1,528.0,317.0,44.0,141.0,1,1,1.0
335,1,534.0,316.0,41.0,140.0,1,1,1.0
336,1,537.0,315.0,43.0,139.0,1,1,1.0
337,1,540.0,315.0,51.0,139.0,1,1,1.0
338,1,543.0,315.0,54.0,138.0,1,1,1.0
339,1,546.0,316.0,59.0,137.0,1,1,1.0
340,1,548.0,315.0,62.0,137.0,1,1,1.0
341,1,554.0,315.0,58.0,136.0,1,1,1.0
342,1,564.0,313.0,49.0,134.0,1,1,1.0
343,1,572.0,311.0,42.0,134.0,1,1,1.0
344,1,576.0,310.0,40.0,133.0,1,1,1.0
345,1,579.0,309.0,41.0,134.0,1,1,1.0
346,1,585.0,309.0,46.0,135.0,1,1,1.0
347,1,589.0,309.0,54.0,135.0,1,1,1.0
348,1,591.0,309.0,62.0,133.0,1,1,1.0
349,1,592.0,309.0,67.0,133.0,1,1,1.0
350,1,593.0,309.0,69.0,132.0,1,1,1.0
351,1,597.0,307.0,67.0,131.0,1,1,1.0
352,1,602.0,306.0,62.0,131.0,1,1,1.0
353,1,610.0,305.0,55.0,130.0,1,1,1.0
354,1,620.0,303.0,46.0,131.0,1,1,1.0
355,1,628.0,302.0,40.0,132.0,1,1,1.0
356,1,633.0,302.0,37.0,131.0,1,1,1.0
357,1,638.0,302.0,41.0,131.0,1,1,1.0
358,1,640.0,302.0,51.0,131.0,1,1,1.0
359,1,641.0,303.0,57.0,130.0,1,1,1.0
360,1,641.0,303.0,63.0,131.0,1,1,1.0
361,1,643.0,302.0,64.0,130.0,1,1,1.0
362,1,649.0,302.0,60.0,130.0,1,1,1.0
363,1,656.0,301.0,53.0,128.0,1,1,1.0
364,1,665.0,300.0,45.0,128.0,1,1,1.0
365,1,675.0,299.0,43.0,128.0,1,1,1.0
366,1,680.0,298.0,43.0,128.0,1,1,1.0
367,1,684.0,298.0,46.0,128.0,1,1,1.0
368,1,685.0,298.0,53.0,127.0,1,1,1.0
369,1,687.0,298.0,58.0,128.0,1,1,1.0
370,1,688.0,300.0,62.0,127.0,1,1,1.0
371,1,690.0,300.0,63.0,128.0,1,1,1.0
372,1,696.0,299.0,59.0,129.0,1,1,1.0
373,1,702.0,300.0,53.0,130.0,1,1,1.0
374,1,710.0,299.0,44.0,130.0,1,1,1.0
375,1,716.0,299.0,40.0,131.0,1,1,1.0
376,1,720.0,298.0,43.0,130.0,1,1,1.0
377,1,724.0,299.0,49.0,130.0,1,1,1.0
378,1,727.0,299.0,54.0,129.0,1,1,1.0
379,1,730.0,300.0,58.0,128.0,1,1,1.0
380,1,733.0,301.0,60.0,129.0,1,1,1.0
381,1,734.0,301.0,60.0,130.0,1,1,1.0
382,1,736.0,301.0,60.0,130.0,1,1,1.0
383,1,740.0,300.0,56.0,132.0,1,1,1.0
384,1,746.0,299.0,50.0,133.0,1,1,1.0
385,1,752.0,299.0,48.0,133.0,1,1,1.0
386,1,757.0,299.0,48.0,133.0,1,1,1.0
387,1,760.0,299.0,51.0,134.0,1,1,1.0
388,1,764.0,300.0,51.0,135.0,1,1,1.0
389,1,768.0,302.0,53.0,134.0,1,1,1.0
390,1,770.0,303.0,55.0,135.0,1,1,1.0
391,1,771.0,303.0,58.0,135.0,1,1,1.0
392,1,773.0,304.0,59.0,136.0,1,1,1.0
393,1,778.0,304.0,57.0,136.0,1,1,1.0
394,1,783.0,303.0,54.0,137.0,1,1,1.0
395,1,788.0,303.0,50.0,138.0,1,1,1.0
396,1,792.0,302.0,46.0,139.0,1,1,1.0
397,1,796.0,301.0,45.0,139.0,1,1,1.0
398,1,800.0,302.0,49.0,140.0,1,1,1.0
399,1,803.0,303.0,54.0,140.0,1,1,1.0
400,1,806.0,305.0,58.0,139.0,1,1,1.0
401,1,808.0,308.0,58.0,138.0,1,1,1.0
402,1,809.0,308.0,59.0,139.0,1,1,1.0
403,1,812.0,308.0,57.0,139.0,1,1,1.0
404,1,817.0,307.0,53.0,140.0,1,1,1.0
405,1,824.0,306.0,49.0,141.0,1,1,1.0
406,1,830.0,306.0,50.0,142.0,1,1,1.0
407,1,834.0,306.0,51.0,143.0,1,1,1.0
408,1,838.0,306.0,54.0,145.0,1,1,1.0
409,1,841.0,307.0,56.0,146.0,1,1,1.0
410,1,844.0,308.0,58.0,146.0,1,1,1.0
411,1,846.0,310.0,60.0,146.0,1,1,1.0
412,1,852.0,311.0,59.0,147.0,1,1,1.0
413,1,857.0,311.0,57.0,147.0,1,1,1.0
414,1,862.0,311.0,54.0,147.0,1,1,1.0
415,1,867.0,310.0,50.0,148.0,1,1,1.0
416,1,871.0,309.0,45.0,149.0,1,1,1.0
417,1,874.0,309.0,44.0,149.0,1,1,1.0
418,1,879.0,309.0,50.0,150.0,1,1,1.0
419,1,881.0,310.0,58.0,150.0,1,1,1.0
420,1,884.0,311.0,65.0,151.0,1,1,1.0
421,1,885.0,313.0,69.0,150.0,1,1,1.0
422,1,886.0,314.0,70.0,151.0,1,1,1.0
423,1,889.0,314.0,69.0,152.0,1,1,1.0
424,1,895.0,313.0,64.0,153.0,1,1,1.0
425,1,903.0,312.0,58.0,154.0,1,1,1.0
426,1,913.0,311.0,54.0,155.0,1,1,1.0
427,1,920.0,311.0,55.0,157.0,1,1,1.0
428,1,925.0,312.0,57.0,157.0,1,1,1.0
429,1,929.0,314.0,60.0,158.0,1,1,1.0
430,1,931.0,315.0,64.0,157.0,1,1,1.0
431,1,933.0,317.0,67.0,157.0,1,1,1.0
432,1,936.0,318.0,69.0,158.0,1,1,1.0
433,1,941.0,318.0,69.0,159.0,1,1,1.0
434,1,950.0,318.0,62.0,160.0,1,1,1.0
435,1,959.0,318.0,55.0,160.0,1,1,1.0
436,1,964.0,317.0,51.0,161.0,1,1,1.0
437,1,970.0,316.0,48.0,162.0,1,1,1.0
438,1,974.0,316.0,55.0,162.0,1,1,1.0
439,1,975.0,317.0,68.0,163.0,1,1,1.0
440,1,977.0,318.0,77.0,162.0,1,1,1.0
441,1,979.0,320.0,83.0,162.0,1,1,1.0
442,1,981.0,321.0,85.0,162.0,1,1,1.0
443,1,985.0,322.0,81.0,162.0,1,1,1.0
444,1,994.0,321.0,73.0,163.0,1,1,1.0
445,1,1005.0,320.0,62.0,164.0,1,1,1.0
446,1,1017.0,320.0,57.0,164.0,1,1,1.0
447,1,1025.0,319.0,57.0,168.0,1,1,1.0
448,1,1032.0,320.0,60.0,170.0,1,1,1.0
449,1,1036.0,321.0,64.0,170.0,1,1,1.0
450,1,1038.0,323.0,70.0,171.0,1,1,1.0
451,1,1039.0,325.0,76.0,170.0,1,1,1.0
452,1,1041.0,325.0,79.0,171.0,1,1,1.0
453,1,1047.0,326.0,78.0,171.0,1,1,1.0
454,1,1056.0,326.0,74.0,172.0,1,1,1.0
455,1,1064.0,324.0,66.0,174.0,1,1,1.0
456,1,1068.0,323.0,60.0,175.0,1,1,1.0
457,1,1076.0,323.0,55.0,175.0,1,1,1.0
458,1,1083.0,323.0,56.0,174.0,1,1,1.0
459,1,1086.0,325.0,68.0,175.0,1,1,1.0
460,1,1088.0,327.0,80.0,175.0,1,1,1.0
461,1,1090.0,329.0,87.0,175.0,1,1,1.0
462,1,1091.0,330.0,91.0,176.0,1,1,1.0
463,1,1095.0,331.0,89.0,176.0,1,1,1.0
465,1,1124.0,331.0,61.0,177.0,1,1,1.0
466,1,1127.0,331.0,66.0,177.0,1,1,1.0
467,1,1139.0,330.0,64.0,177.0,1,1,1.0
468,1,1147.0,331.0,66.0,180.0,1,1,1.0
469,1,1152.0,332.0,72.0,182.0,1,1,1.0
470,1,1154.0,334.0,78.0,183.0,1,1,1.0
471,1,1155.0,336.0,85.0,182.0,1,1,1.0
472,1,1157.0,339.0,90.0,182.0,1,1,1.0
473,1,1162.0,340.0,90.0,183.0,1,1,1.0
474,1,1172.0,341.0,85.0,184.0,1,1,1.0
475,1,1185.0,341.0,74.0,184.0,1,1,1.0
476,1,1196.0,340.0,63.0,185.0,1,1,1.0
477,1,1205.0,340.0,56.0,185.0,1,1,1.0
478,1,1212.0,340.0,56.0,185.0,1,1,1.0
479,1,1217.0,342.0,67.0,186.0,1,1,1.0
480,1,1219.0,344.0,81.0,187.0,1,1,1.0
481,1,1220.0,346.0,90.0,187.0,1,1,1.0
482,1,1221.0,349.0,94.0,188.0,1,1,1.0
483,1,1225.0,350.0,93.0,189.0,1,1,1.0
484,1,1244.0,350.0,75.0,189.0,1,1,1.0
485,1,1248.0,351.0,71.0,189.0,1,1,1.0
486,1,1260.0,351.0,67.0,189.0,1,1,1.0
487,1,1273.0,350.0,66.0,190.0,1,1,1.0
488,1,1281.0,351.0,70.0,192.0,1,1,1.0
489,1,1285.0,351.0,80.0,196.0,1,1,1.0
490,1,1287.0,354.0,87.0,197.0,1,1,1.0
491,1,1287.0,357.0,94.0,196.0,1,1,1.0
492,1,1289.0,359.0,101.0,197.0,1,1,1.0
493,1,1294.0,361.0,102.0,198.0,1,1,1.0
494,1,1305.0,362.0,94.0,198.0,1,1,1.0
495,1,1318.0,362.0,83.0,199.0,1,1,1.0
496,1,1334.0,362.0,67.0,199.0,1,1,1.0
497,1,1342.0,362.0,62.0,199.0,1,1,1.0
498,1,1349.0,362.0,61.0,198.0,1,1,1.0
499,1,1353.0,364.0,71.0,199.0,1,1,1.0
500,1,1355.0,366.0,87.0,200.0,1,1,1.0
501,1,1356.0,369.0,99.0,201.0,1,1,1.0
502,1,1358.0,372.0,105.0,201.0,1,1,1.0
503,1,1362.0,373.0,104.0,202.0,1,1,1.0
504,1,1386.0,374.0,81.0,202.0,1,1,1.0
505,1,1390.0,374.0,78.0,202.0,1,1,1.0
506,1,1403.0,374.0,72.0,203.0,1,1,1.0
507,1,1416.0,373.0,71.0,203.0,1,1,1.0
508,1,1425.0,374.0,76.0,208.0,1,1,1.0
509,1,1430.0,375.0,83.0,210.0,1,1,1.0
510,1,1432.0,378.0,97.0,210.0,1,1,1.0
511,1,1433.0,381.0,102.0,209.0,1,1,1.0
512,1,1434.0,385.0,109.0,209.0,1,1,1.0
513,1,1440.0,387.0,109.0,210.0,1,1,1.0
514,1,1451.0,388.0,103.0,210.0,1,1,1.0
516,1,1480.0,388.0,78.0,210.0,1,1,1.0
517,1,1496.0,387.0,66.0,211.0,1,1,1.0
518,1,1505.0,388.0,65.0,210.0,1,1,1.0
519,1,1509.0,389.0,74.0,210.0,1,1,1.0
520,1,1510.0,392.0,92.0,209.0,1,1,1.0
521,1,1511.0,395.0,105.0,209.0,1,1,1.0
522,1,1513.0,398.0,112.0,208.0,1,1,1.0
523,1,1518.0,400.0,110.0,209.0,1,1,1.0
524,1,1529.0,400.0,100.0,209.0,1,1,1.0
525,1,1546.0,400.0,88.0,209.0,1,1,1.0
527,1,1580.0,401.0,69.0,210.0,1,1,1.0
528,1,1589.0,402.0,73.0,214.0,1,1,1.0
