1,1,1121.0,210.0,132.0,367.0,1,1,1.0
2,1,1119.0,207.0,133.0,369.0,1,1,1.0
3,1,1115.0,204.0,133.0,371.0,1,1,1.0
4,1,1111.0,202.0,134.0,371.0,1,1,1.0
5,1,1106.0,200.0,135.0,367.0,1,1,1.0
6,1,1102.0,197.0,135.0,364.0,1,1,1.0
7,1,1099.0,192.0,131.0,357.0,1,1,1.0
8,1,1097.0,186.0,128.0,354.0,1,1,1.0
9,1,1095.0,181.0,125.0,345.0,1,1,1.0
10,1,1094.0,176.0,123.0,338.0,1,1,1.0
11,1,1093.0,171.0,117.0,338.0,1,1,1.0
12,1,1093.0,168.0,113.0,340.0,1,1,1.0
13,1,1091.0,167.0,111.0,341.0,1,1,1.0
14,1,1089.0,166.0,109.0,341.0,1,1,1.0
15,1,1087.0,166.0,108.0,337.0,1,1,1.0
16,1,1085.0,165.0,108.0,334.0,1,1,1.0
17,1,1084.0,162.0,106.0,332.0,1,1,1.0
18,1,1083.0,157.0,103.0,328.0,1,1,1.0
19,1,1081.0,153.0,103.0,319.0,1,1,1.0
20,1,1078.0,149.0,103.0,311.0,1,1,1.0
21,1,1075.0,145.0,103.0,310.0,1,1,1.0
22,1,1071.0,144.0,105.0,309.0,1,1,1.0
23,1,1068.0,143.0,106.0,308.0,1,1,1.0
24,1,1065.0,143.0,106.0,306.0,1,1,1.0
25,1,1062.0,143.0,105.0,304.0,1,1,1.0
26,1,1060.0,143.0,104.0,302.0,1,1,1.0
27,1,1059.0,140.0,103.0,301.0,1,1,1.0
28,1,1058.0,136.0,100.0,294.0,1,1,1.0
29,1,1057.0,132.0,96.0,286.0,1,1,1.0
30,1,1056.0,128.0,94.0,283.0,1,1,1.0
31,1,1056.0,124.0,91.0,285.0,1,1,1.0
32,1,1054.0,123.0,90.0,285.0,1,1,1.0
33,1,1053.0,123.0,89.0,285.0,1,1,1.0
34,1,1051.0,124.0,89.0,282.0,1,1,1.0
35,1,1051.0,124.0,89.0,279.0,1,1,1.0
36,1,1050.0,122.0,89.0,279.0,1,1,1.0
37,1,1049.0,120.0,89.0,276.0,1,1,1.0
38,1,1048.0,118.0,89.0,268.0,1,1,1.0
39,1,1047.0,114.0,89.0,260.0,1,1,1.0
40,1,1045.0,110.0,90.0,261.0,1,1,1.0
41,1,1042.0,108.0,90.0,262.0,1,1,1.0
42,1,1040.0,107.0,91.0,262.0,1,1,1.0
43,1,1037.0,107.0,92.0,262.0,1,1,1.0
44,1,1035.0,108.0,92.0,260.0,1,1,1.0
45,1,1032.0,108.0,92.0,257.0,1,1,1.0
46,1,1031.0,107.0,91.0,256.0,1,1,1.0
47,1,1030.0,105.0,90.0,253.0,1,1,1.0
48,1,1029.0,103.0,87.0,245.0,1,1,1.0
49,1,1029.0,100.0,86.0,241.0,1,1,1.0
50,1,1029.0,97.0,81.0,242.0,1,1,1.0
51,1,1029.0,95.0,79.0,243.0,1,1,1.0
52,1,1028.0,94.0,78.0,244.0,1,1,1.0
53,1,1027.0,94.0,76.0,243.0,1,1,1.0
54,1,1027.0,95.0,75.0,241.0,1,1,1.0
55,1,1027.0,95.0,75.0,239.0,1,1,1.0
56,1,1026.0,93.0,75.0,239.0,1,1,1.0
57,1,1026.0,92.0,74.0,233.0,1,1,1.0
58,1,1025.0,89.0,74.0,228.0,1,1,1.0
59,1,1024.0,86.0,75.0,224.0,1,1,1.0
60,1,1023.0,83.0,76.0,224.0,1,1,1.0
61,1,1020.0,82.0,78.0,225.0,1,1,1.0
62,1,1018.0,81.0,79.0,225.0,1,1,1.0
63,1,1016.0,82.0,80.0,224.0,1,1,1.0
64,1,1014.0,82.0,80.0,223.0,1,1,1.0
65,1,1012.0,83.0,80.0,221.0,1,1,1.0
66,1,1011.0,82.0,79.0,220.0,1,1,1.0
67,1,1010.0,81.0,77.0,213.0,1,1,1.0
68,1,1010.0,79.0,76.0,209.0,1,1,1.0
69,1,1010.0,77.0,73.0,208.0,1,1,1.0
70,1,1010.0,75.0,72.0,209.0,1,1,1.0
71,1,1009.0,74.0,70.0,210.0,1,1,1.0
72,1,1009.0,74.0,69.0,210.0,1,1,1.0
73,1,1008.0,74.0,69.0,209.0,1,1,1.0
74,1,1007.0,74.0,68.0,208.0,1,1,1.0
75,1,1006.0,74.0,67.0,207.0,1,1,1.0
76,1,1006.0,73.0,67.0,206.0,1,1,1.0
77,1,1005.0,71.0,67.0,203.0,1,1,1.0
78,1,1005.0,69.0,66.0,198.0,1,1,1.0
79,1,1003.0,66.0,67.0,196.0,1,1,1.0
80,1,1002.0,64.0,69.0,197.0,1,1,1.0
81,1,1000.0,63.0,69.0,198.0,1,1,1.0
82,1,998.0,63.0,70.0,198.0,1,1,1.0
83,1,996.0,63.0,70.0,197.0,1,1,1.0
84,1,994.0,64.0,70.0,195.0,1,1,1.0
85,1,992.0,64.0,71.0,194.0,1,1,1.0
86,1,990.0,63.0,71.0,193.0,1,1,1.0
87,1,989.0,62.0,71.0,189.0,1,1,1.0
88,1,989.0,61.0,69.0,184.0,1,1,1.0
89,1,989.0,60.0,66.0,183.0,1,1,1.0
90,1,989.0,58.0,64.0,184.0,1,1,1.0
91,1,988.0,57.0,63.0,184.0,1,1,1.0
92,1,987.0,57.0,61.0,184.0,1,1,1.0
93,1,987.0,59.0,60.0,183.0,1,1,1.0
94,1,986.0,60.0,60.0,181.0,1,1,1.0
95,1,986.0,59.0,60.0,180.0,1,1,1.0
96,1,985.0,58.0,60.0,181.0,1,1,1.0
97,1,985.0,57.0,61.0,177.0,1,1,1.0
98,1,984.0,55.0,62.0,173.0,1,1,1.0
99,1,982.0,53.0,62.0,173.0,1,1,1.0
100,1,981.0,51.0,63.0,174.0,1,1,1.0
101,1,980.0,50.0,65.0,174.0,1,1,1.0
102,1,978.0,50.0,66.0,175.0,1,1,1.0
103,1,977.0,51.0,67.0,174.0,1,1,1.0
104,1,975.0,51.0,67.0,173.0,1,1,1.0
105,1,974.0,51.0,66.0,172.0,1,1,1.0
106,1,973.0,50.0,64.0,171.0,1,1,1.0
107,1,972.0,49.0,63.0,168.0,1,1,1.0
108,1,972.0,48.0,61.0,166.0,1,1,1.0
109,1,972.0,46.0,59.0,165.0,1,1,1.0
110,1,972.0,45.0,59.0,166.0,1,1,1.0
111,1,972.0,45.0,58.0,166.0,1,1,1.0
112,1,971.0,45.0,58.0,166.0,1,1,1.0
113,1,971.0,45.0,58.0,165.0,1,1,1.0
114,1,971.0,46.0,57.0,163.0,1,1,1.0
115,1,971.0,46.0,57.0,162.0,1,1,1.0
116,1,971.0,46.0,57.0,161.0,1,1,1.0
117,1,971.0,44.0,57.0,158.0,1,1,1.0
118,1,971.0,43.0,57.0,156.0,1,1,1.0
119,1,971.0,41.0,57.0,158.0,1,1,1.0
120,1,970.0,40.0,57.0,158.0,1,1,1.0
121,1,968.0,39.0,58.0,159.0,1,1,1.0
122,1,967.0,39.0,58.0,158.0,1,1,1.0
123,1,966.0,40.0,58.0,158.0,1,1,1.0
124,1,965.0,41.0,57.0,156.0,1,1,1.0
125,1,964.0,41.0,57.0,155.0,1,1,1.0
126,1,962.0,41.0,57.0,154.0,1,1,1.0
127,1,962.0,39.0,57.0,151.0,1,1,1.0
128,1,961.0,39.0,56.0,150.0,1,1,1.0
129,1,961.0,37.0,55.0,150.0,1,1,1.0
130,1,962.0,37.0,54.0,151.0,1,1,1.0
131,1,962.0,36.0,52.0,151.0,1,1,1.0
132,1,962.0,37.0,51.0,150.0,1,1,1.0
133,1,962.0,38.0,50.0,149.0,1,1,1.0
134,1,962.0,38.0,50.0,148.0,1,1,1.0
135,1,962.0,38.0,49.0,147.0,1,1,1.0
136,1,963.0,37.0,49.0,145.0,1,1,1.0
137,1,963.0,36.0,49.0,142.0,1,1,1.0
138,1,962.0,35.0,50.0,143.0,1,1,1.0
139,1,962.0,34.0,51.0,144.0,1,1,1.0
140,1,961.0,33.0,51.0,145.0,1,1,1.0
141,1,960.0,32.0,52.0,145.0,1,1,1.0
142,1,959.0,33.0,53.0,144.0,1,1,1.0
143,1,958.0,34.0,54.0,142.0,1,1,1.0
144,1,957.0,35.0,54.0,142.0,1,1,1.0
145,1,956.0,34.0,54.0,141.0,1,1,1.0
146,1,956.0,33.0,54.0,138.0,1,1,1.0
147,1,957.0,32.0,53.0,137.0,1,1,1.0
148,1,958.0,31.0,50.0,138.0,1,1,1.0
149,1,960.0,30.0,48.0,138.0,1,1,1.0
150,1,961.0,29.0,47.0,138.0,1,1,1.0
151,1,960.0,30.0,46.0,138.0,1,1,1.0
152,1,961.0,31.0,46.0,136.0,1,1,1.0
153,1,961.0,32.0,45.0,135.0,1,1,1.0
154,1,962.0,32.0,45.0,134.0,1,1,1.0
155,1,962.0,31.0,45.0,132.0,1,1,1.0
156,1,962.0,31.0,46.0,130.0,1,1,1.0
157,1,962.0,30.0,46.0,129.0,1,1,1.0
158,1,962.0,28.0,46.0,131.0,1,1,1.0
159,1,962.0,27.0,46.0,132.0,1,1,1.0
160,1,961.0,27.0,47.0,132.0,1,1,1.0
161,1,961.0,27.0,47.0,132.0,1,1,1.0
162,1,960.0,28.0,47.0,131.0,1,1,1.0
163,1,961.0,29.0,46.0,130.0,1,1,1.0
164,1,961.0,29.0,45.0,129.0,1,1,1.0
165,1,961.0,28.0,45.0,128.0,1,1,1.0
166,1,962.0,28.0,45.0,126.0,1,1,1.0
167,1,963.0,27.0,44.0,126.0,1,1,1.0
168,1,963.0,26.0,43.0,126.0,1,1,1.0
169,1,963.0,25.0,42.0,127.0,1,1,1.0
170,1,963.0,25.0,42.0,127.0,1,1,1.0
171,1,963.0,26.0,43.0,126.0,1,1,1.0
172,1,962.0,26.0,43.0,125.0,1,1,1.0
173,1,963.0,27.0,42.0,124.0,1,1,1.0
174,1,962.0,27.0,42.0,124.0,1,1,1.0
175,1,963.0,26.0,42.0,122.0,1,1,1.0
176,1,963.0,26.0,42.0,120.0,1,1,1.0
177,1,964.0,24.0,42.0,121.0,1,1,1.0
178,1,964.0,22.0,42.0,122.0,1,1,1.0
179,1,963.0,21.0,43.0,123.0,1,1,1.0
180,1,963.0,22.0,44.0,123.0,1,1,1.0
181,1,962.0,22.0,43.0,122.0,1,1,1.0
182,1,962.0,22.0,44.0,122.0,1,1,1.0
183,1,962.0,23.0,43.0,121.0,1,1,1.0
184,1,961.0,22.0,43.0,121.0,1,1,1.0
185,1,961.0,22.0,44.0,119.0,1,1,1.0
186,1,961.0,21.0,43.0,118.0,1,1,1.0
187,1,962.0,20.0,43.0,118.0,1,1,1.0
188,1,962.0,20.0,42.0,118.0,1,1,1.0
189,1,962.0,19.0,43.0,118.0,1,1,1.0
190,1,962.0,19.0,42.0,119.0,1,1,1.0
191,1,962.0,20.0,43.0,118.0,1,1,1.0
192,1,961.0,20.0,43.0,117.0,1,1,1.0
193,1,962.0,21.0,42.0,116.0,1,1,1.0
194,1,962.0,21.0,42.0,115.0,1,1,1.0
195,1,962.0,21.0,42.0,113.0,1,1,1.0
196,1,963.0,21.0,42.0,111.0,1,1,1.0
197,1,963.0,20.0,42.0,112.0,1,1,1.0
198,1,962.0,19.0,43.0,113.0,1,1,1.0
199,1,961.0,18.0,43.0,113.0,1,1,1.0
200,1,960.0,18.0,44.0,113.0,1,1,1.0
201,1,960.0,19.0,45.0,113.0,1,1,1.0
202,1,959.0,19.0,45.0,112.0,1,1,1.0
203,1,958.0,20.0,46.0,111.0,1,1,1.0
204,1,958.0,20.0,46.0,110.0,1,1,1.0
205,1,958.0,19.0,46.0,109.0,1,1,1.0
206,1,959.0,19.0,45.0,108.0,1,1,1.0
207,1,960.0,17.0,43.0,109.0,1,1,1.0
208,1,960.0,17.0,43.0,110.0,1,1,1.0
209,1,961.0,16.0,43.0,110.0,1,1,1.0
210,1,960.0,16.0,43.0,110.0,1,1,1.0
211,1,960.0,17.0,43.0,110.0,1,1,1.0
212,1,960.0,17.0,43.0,109.0,1,1,1.0
213,1,961.0,18.0,42.0,108.0,1,1,1.0
214,1,961.0,18.0,43.0,107.0,1,1,1.0
215,1,961.0,17.0,42.0,106.0,1,1,1.0
216,1,961.0,16.0,40.0,105.0,1,1,1.0
217,1,961.0,15.0,40.0,105.0,1,1,1.0
218,1,961.0,15.0,41.0,105.0,1,1,1.0
219,1,960.0,14.0,41.0,106.0,1,1,1.0
220,1,959.0,14.0,42.0,105.0,1,1,1.0
221,1,959.0,15.0,41.0,105.0,1,1,1.0
222,1,958.0,15.0,41.0,105.0,1,1,1.0
223,1,958.0,15.0,41.0,104.0,1,1,1.0
224,1,957.0,15.0,41.0,103.0,1,1,1.0
225,1,957.0,15.0,41.0,102.0,1,1,1.0
226,1,958.0,15.0,41.0,101.0,1,1,1.0
227,1,958.0,14.0,38.0,102.0,1,1,1.0
228,1,959.0,13.0,38.0,103.0,1,1,1.0
229,1,960.0,12.0,36.0,103.0,1,1,1.0
230,1,960.0,12.0,36.0,103.0,1,1,1.0
231,1,961.0,12.0,34.0,103.0,1,1,1.0
232,1,961.0,13.0,34.0,102.0,1,1,1.0
233,1,963.0,13.0,32.0,101.0,1,1,1.0
234,1,964.0,14.0,31.0,100.0,1,1,1.0
235,1,965.0,14.0,31.0,99.0,1,1,1.0
236,1,965.0,13.0,32.0,98.0,1,1,1.0
237,1,965.0,13.0,36.0,98.0,1,1,1.0
238,1,966.0,12.0,38.0,99.0,1,1,1.0
239,1,966.0,11.0,38.0,99.0,1,1,1.0
240,1,965.0,11.0,39.0,99.0,1,1,1.0
241,1,964.0,12.0,40.0,99.0,1,1,1.0
242,1,964.0,12.0,40.0,99.0,1,1,1.0
243,1,965.0,12.0,40.0,99.0,1,1,1.0
244,1,966.0,12.0,40.0,98.0,1,1,1.0
245,1,968.0,12.0,39.0,98.0,1,1,1.0
246,1,970.0,12.0,37.0,97.0,1,1,1.0
247,1,971.0,12.0,36.0,96.0,1,1,1.0
248,1,974.0,11.0,33.0,96.0,1,1,1.0
249,1,976.0,11.0,31.0,96.0,1,1,1.0
250,1,977.0,11.0,30.0,97.0,1,1,1.0
251,1,979.0,10.0,29.0,97.0,1,1,1.0
252,1,980.0,10.0,29.0,98.0,1,1,1.0
253,1,981.0,10.0,30.0,97.0,1,1,1.0
254,1,981.0,11.0,34.0,96.0,1,1,1.0
255,1,981.0,11.0,36.0,96.0,1,1,1.0
256,1,981.0,12.0,40.0,96.0,1,1,1.0
257,1,982.0,12.0,40.0,96.0,1,1,1.0
258,1,986.0,12.0,38.0,95.0,1,1,1.0
259,1,992.0,12.0,35.0,95.0,1,1,1.0
260,1,998.0,12.0,31.0,94.0,1,1,1.0
261,1,1002.0,12.0,28.0,93.0,1,1,1.0
262,1,1004.0,12.0,29.0,94.0,1,1,1.0
263,1,1005.0,12.0,33.0,93.0,1,1,1.0
264,1,1005.0,12.0,37.0,94.0,1,1,1.0
265,1,1005.0,12.0,42.0,94.0,1,1,1.0
266,1,1006.0,13.0,45.0,94.0,1,1,1.0
267,1,1006.0,13.0,49.0,94.0,1,1,1.0
268,1,1008.0,13.0,50.0,95.0,1,1,1.0
269,1,1012.0,12.0,46.0,96.0,1,1,1.0
270,1,1018.0,12.0,40.0,96.0,1,1,1.0
271,1,1025.0,12.0,35.0,96.0,1,1,1.0
272,1,1032.0,12.0,30.0,95.0,1,1,1.0
273,1,1037.0,13.0,30.0,96.0,1,1,1.0
274,1,1038.0,13.0,33.0,96.0,1,1,1.0
275,1,1039.0,15.0,36.0,95.0,1,1,1.0
276,1,1039.0,15.0,41.0,95.0,1,1,1.0
277,1,1040.0,16.0,43.0,95.0,1,1,1.0
278,1,1041.0,16.0,45.0,96.0,1,1,1.0
279,1,1047.0,16.0,40.0,97.0,1,1,1.0
280,1,1052.0,15.0,36.0,98.0,1,1,1.0
281,1,1056.0,14.0,32.0,99.0,1,1,1.0
282,1,1059.0,14.0,29.0,100.0,1,1,1.0
283,1,1061.0,14.0,29.0,99.0,1,1,1.0
284,1,1064.0,14.0,30.0,99.0,1,1,1.0
285,1,1065.0,15.0,35.0,99.0,1,1,1.0
286,1,1066.0,16.0,39.0,99.0,1,1,1.0
287,1,1066.0,16.0,41.0,99.0,1,1,1.0
288,1,1067.0,17.0,41.0,99.0,1,1,1.0
289,1,1069.0,17.0,41.0,100.0,1,1,1.0
290,1,1071.0,17.0,40.0,101.0,1,1,1.0
291,1,1076.0,16.0,36.0,101.0,1,1,1.0
292,1,1081.0,16.0,34.0,101.0,1,1,1.0
293,1,1085.0,16.0,32.0,102.0,1,1,1.0
294,1,1087.0,16.0,33.0,103.0,1,1,1.0
295,1,1089.0,17.0,35.0,102.0,1,1,1.0
296,1,1091.0,18.0,37.0,101.0,1,1,1.0
297,1,1092.0,20.0,38.0,102.0,1,1,1.0
298,1,1094.0,20.0,39.0,102.0,1,1,1.0
299,1,1098.0,20.0,37.0,103.0,1,1,1.0
300,1,1102.0,20.0,36.0,104.0,1,1,1.0
301,1,1106.0,20.0,36.0,104.0,1,1,1.0
302,1,1109.0,19.0,34.0,105.0,1,1,1.0
303,1,1112.0,19.0,32.0,105.0,1,1,1.0
304,1,1115.0,19.0,33.0,105.0,1,1,1.0
305,1,1116.0,20.0,38.0,105.0,1,1,1.0
306,1,1117.0,21.0,44.0,105.0,1,1,1.0
307,1,1117.0,22.0,47.0,105.0,1,1,1.0
308,1,1118.0,22.0,49.0,105.0,1,1,1.0
309,1,1120.0,23.0,47.0,105.0,1,1,1.0
310,1,1124.0,23.0,44.0,106.0,1,1,1.0
311,1,1132.0,22.0,39.0,107.0,1,1,1.0
312,1,1137.0,22.0,37.0,108.0,1,1,1.0
313,1,1142.0,21.0,36.0,108.0,1,1,1.0
314,1,1145.0,21.0,38.0,108.0,1,1,1.0
315,1,1147.0,22.0,41.0,108.0,1,1,1.0
316,1,1148.0,23.0,43.0,108.0,1,1,1.0
317,1,1151.0,23.0,46.0,108.0,1,1,1.0
318,1,1152.0,25.0,48.0,108.0,1,1,1.0
319,1,1156.0,26.0,47.0,108.0,1,1,1.0
320,1,1161.0,26.0,44.0,109.0,1,1,1.0
321,1,1167.0,25.0,40.0,109.0,1,1,1.0
322,1,1172.0,25.0,35.0,109.0,1,1,1.0
323,1,1175.0,25.0,34.0,109.0,1,1,1.0
324,1,1178.0,25.0,34.0,109.0,1,1,1.0
325,1,1180.0,25.0,38.0,110.0,1,1,1.0
326,1,1181.0,26.0,42.0,110.0,1,1,1.0
327,1,1182.0,28.0,47.0,112.0,1,1,1.0
329,1,1184.0,29.0,49.0,119.0,1,1,1.0
330,1,1187.0,29.0,47.0,121.0,1,1,1.0
331,1,1192.0,29.0,43.0,123.0,1,1,1.0
332,1,1198.0,28.0,40.0,123.0,1,1,1.0
333,1,1205.0,28.0,37.0,124.0,1,1,1.0
334,1,1209.0,29.0,39.0,124.0,1,1,1.0
335,1,1211.0,29.0,45.0,120.0,1,1,1.0
336,1,1214.0,30.0,45.0,120.0,1,1,1.0
337,1,1215.0,31.0,45.0,120.0,1,1,1.0
338,1,1216.0,32.0,48.0,120.0,1,1,1.0
339,1,1219.0,33.0,49.0,118.0,1,1,1.0
340,1,1221.0,33.0,51.0,117.0,1,1,1.0
341,1,1228.0,33.0,45.0,116.0,1,1,1.0
342,1,1235.0,33.0,40.0,115.0,1,1,1.0
343,1,1239.0,32.0,37.0,116.0,1,1,1.0
344,1,1242.0,33.0,38.0,115.0,1,1,1.0
345,1,1244.0,33.0,43.0,116.0,1,1,1.0
346,1,1245.0,34.0,48.0,116.0,1,1,1.0
347,1,1245.0,35.0,53.0,116.0,1,1,1.0
348,1,1246.0,35.0,57.0,117.0,1,1,1.0
349,1,1247.0,37.0,57.0,117.0,1,1,1.0
350,1,1251.0,37.0,54.0,118.0,1,1,1.0
351,1,1256.0,37.0,50.0,118.0,1,1,1.0
352,1,1264.0,37.0,46.0,118.0,1,1,1.0
353,1,1272.0,36.0,43.0,116.0,1,1,1.0
354,1,1277.0,36.0,46.0,118.0,1,1,1.0
355,1,1281.0,37.0,47.0,118.0,1,1,1.0
356,1,1283.0,38.0,48.0,119.0,1,1,1.0
357,1,1284.0,40.0,51.0,119.0,1,1,1.0
358,1,1285.0,42.0,53.0,119.0,1,1,1.0
359,1,1287.0,42.0,55.0,119.0,1,1,1.0
360,1,1293.0,42.0,52.0,120.0,1,1,1.0
361,1,1299.0,42.0,49.0,120.0,1,1,1.0
362,1,1306.0,43.0,44.0,119.0,1,1,1.0
363,1,1310.0,43.0,40.0,119.0,1,1,1.0
364,1,1314.0,43.0,38.0,118.0,1,1,1.0
365,1,1317.0,44.0,38.0,120.0,1,1,1.0
366,1,1318.0,45.0,45.0,120.0,1,1,1.0
367,1,1318.0,45.0,54.0,121.0,1,1,1.0
368,1,1318.0,46.0,58.0,121.0,1,1,1.0
369,1,1319.0,48.0,60.0,122.0,1,1,1.0
370,1,1322.0,48.0,58.0,122.0,1,1,1.0
371,1,1326.0,48.0,55.0,122.0,1,1,1.0
372,1,1331.0,48.0,51.0,122.0,1,1,1.0
373,1,1339.0,48.0,48.0,123.0,1,1,1.0
374,1,1345.0,48.0,46.0,123.0,1,1,1.0
375,1,1349.0,48.0,48.0,123.0,1,1,1.0
376,1,1352.0,48.0,49.0,124.0,1,1,1.0
377,1,1354.0,49.0,50.0,124.0,1,1,1.0
378,1,1356.0,50.0,51.0,125.0,1,1,1.0
379,1,1358.0,51.0,50.0,125.0,1,1,1.0
380,1,1360.0,52.0,50.0,125.0,1,1,1.0
381,1,1363.0,52.0,48.0,126.0,1,1,1.0
382,1,1365.0,53.0,46.0,126.0,1,1,1.0
383,1,1367.0,53.0,45.0,126.0,1,1,1.0
384,1,1369.0,53.0,44.0,127.0,1,1,1.0
385,1,1370.0,53.0,44.0,126.0,1,1,1.0
386,1,1371.0,53.0,44.0,127.0,1,1,1.0
387,1,1371.0,53.0,46.0,128.0,1,1,1.0
388,1,1371.0,54.0,47.0,127.0,1,1,1.0
389,1,1371.0,56.0,48.0,126.0,1,1,1.0
390,1,1370.0,56.0,50.0,126.0,1,1,1.0
391,1,1369.0,57.0,52.0,127.0,1,1,1.0
392,1,1368.0,57.0,53.0,128.0,1,1,1.0
393,1,1367.0,56.0,53.0,129.0,1,1,1.0
394,1,1367.0,56.0,53.0,129.0,1,1,1.0
395,1,1366.0,55.0,52.0,130.0,1,1,1.0
396,1,1365.0,55.0,50.0,130.0,1,1,1.0
397,1,1365.0,55.0,48.0,130.0,1,1,1.0
398,1,1364.0,55.0,45.0,130.0,1,1,1.0
399,1,1360.0,56.0,47.0,130.0,1,1,1.0
400,1,1356.0,56.0,50.0,130.0,1,1,1.0
401,1,1354.0,56.0,50.0,131.0,1,1,1.0
402,1,1353.0,57.0,50.0,131.0,1,1,1.0
403,1,1352.0,56.0,49.0,131.0,1,1,1.0
404,1,1350.0,54.0,48.0,133.0,1,1,1.0
405,1,1347.0,54.0,46.0,134.0,1,1,1.0
406,1,1343.0,53.0,45.0,134.0,1,1,1.0
407,1,1338.0,54.0,47.0,134.0,1,1,1.0
408,1,1332.0,54.0,49.0,136.0,1,1,1.0
409,1,1327.0,53.0,54.0,136.0,1,1,1.0
410,1,1322.0,54.0,57.0,134.0,1,1,1.0
411,1,1317.0,54.0,60.0,135.0,1,1,1.0
412,1,1313.0,55.0,61.0,135.0,1,1,1.0
413,1,1309.0,54.0,60.0,137.0,1,1,1.0
414,1,1306.0,54.0,57.0,137.0,1,1,1.0
415,1,1304.0,54.0,52.0,138.0,1,1,1.0
416,1,1302.0,53.0,49.0,138.0,1,1,1.0
417,1,1300.0,52.0,46.0,139.0,1,1,1.0
418,1,1295.0,52.0,46.0,139.0,1,1,1.0
419,1,1284.0,52.0,53.0,139.0,1,1,1.0
420,1,1274.0,53.0,61.0,139.0,1,1,1.0
421,1,1267.0,54.0,65.0,139.0,1,1,1.0
422,1,1263.0,54.0,67.0,138.0,1,1,1.0
423,1,1261.0,54.0,66.0,139.0,1,1,1.0
424,1,1260.0,53.0,63.0,140.0,1,1,1.0
425,1,1260.0,52.0,56.0,141.0,1,1,1.0
426,1,1257.0,50.0,50.0,142.0,1,1,1.0
427,1,1251.0,49.0,52.0,144.0,1,1,1.0
428,1,1244.0,48.0,56.0,146.0,1,1,1.0
429,1,1236.0,49.0,62.0,144.0,1,1,1.0
430,1,1230.0,50.0,67.0,144.0,1,1,1.0
431,1,1221.0,51.0,75.0,144.0,1,1,1.0
432,1,1216.0,52.0,74.0,145.0,1,1,1.0
433,1,1214.0,51.0,71.0,147.0,1,1,1.0
434,1,1212.0,51.0,66.0,148.0,1,1,1.0
435,1,1212.0,50.0,59.0,149.0,1,1,1.0
436,1,1211.0,48.0,55.0,150.0,1,1,1.0
437,1,1209.0,48.0,50.0,151.0,1,1,1.0
438,1,1202.0,48.0,53.0,151.0,1,1,1.0
439,1,1190.0,49.0,60.0,151.0,1,1,1.0
440,1,1181.0,50.0,65.0,149.0,1,1,1.0
441,1,1176.0,52.0,68.0,149.0,1,1,1.0
442,1,1173.0,52.0,68.0,150.0,1,1,1.0
443,1,1172.0,51.0,67.0,151.0,1,1,1.0
444,1,1171.0,50.0,64.0,153.0,1,1,1.0
445,1,1170.0,49.0,59.0,154.0,1,1,1.0
446,1,1165.0,48.0,55.0,155.0,1,1,1.0
447,1,1157.0,47.0,56.0,156.0,1,1,1.0
448,1,1149.0,48.0,61.0,157.0,1,1,1.0
449,1,1140.0,49.0,69.0,157.0,1,1,1.0
450,1,1134.0,50.0,73.0,157.0,1,1,1.0
451,1,1128.0,51.0,76.0,156.0,1,1,1.0
452,1,1123.0,52.0,78.0,157.0,1,1,1.0
453,1,1119.0,51.0,74.0,157.0,1,1,1.0
454,1,1117.0,51.0,67.0,158.0,1,1,1.0
455,1,1116.0,50.0,59.0,159.0,1,1,1.0
456,1,1114.0,49.0,54.0,160.0,1,1,1.0
457,1,1112.0,48.0,50.0,160.0,1,1,1.0
458,1,1102.0,49.0,55.0,160.0,1,1,1.0
459,1,1087.0,50.0,65.0,159.0,1,1,1.0
460,1,1077.0,52.0,74.0,159.0,1,1,1.0
461,1,1071.0,52.0,79.0,159.0,1,1,1.0
462,1,1068.0,53.0,80.0,159.0,1,1,1.0
463,1,1066.0,52.0,77.0,160.0,1,1,1.0
464,1,1066.0,51.0,71.0,161.0,1,1,1.0
465,1,1065.0,50.0,61.0,162.0,1,1,1.0
466,1,1059.0,49.0,54.0,163.0,1,1,1.0
467,1,1051.0,49.0,56.0,165.0,1,1,1.0
468,1,1042.0,49.0,62.0,167.0,1,1,1.0
469,1,1033.0,50.0,69.0,167.0,1,1,1.0
470,1,1025.0,52.0,73.0,166.0,1,1,1.0
471,1,1018.0,53.0,77.0,166.0,1,1,1.0
472,1,1012.0,53.0,78.0,167.0,1,1,1.0
473,1,1009.0,52.0,74.0,169.0,1,1,1.0
474,1,1006.0,51.0,65.0,169.0,1,1,1.0
475,1,1004.0,50.0,57.0,170.0,1,1,1.0
476,1,1001.0,49.0,54.0,172.0,1,1,1.0
477,1,995.0,49.0,54.0,171.0,1,1,1.0
478,1,979.0,50.0,66.0,171.0,1,1,1.0
479,1,967.0,51.0,76.0,171.0,1,1,1.0
480,1,955.0,53.0,86.0,171.0,1,1,1.0
481,1,950.0,54.0,90.0,172.0,1,1,1.0
482,1,945.0,53.0,93.0,174.0,1,1,1.0
483,1,943.0,53.0,90.0,175.0,1,1,1.0
484,1,942.0,52.0,81.0,176.0,1,1,1.0
485,1,940.0,52.0,70.0,176.0,1,1,1.0
486,1,932.0,51.0,63.0,177.0,1,1,1.0
487,1,921.0,51.0,66.0,179.0,1,1,1.0
488,1,911.0,52.0,70.0,181.0,1,1,1.0
489,1,901.0,53.0,75.0,182.0,1,1,1.0
490,1,891.0,55.0,81.0,182.0,1,1,1.0
491,1,883.0,57.0,88.0,182.0,1,1,1.0
492,1,876.0,58.0,87.0,182.0,1,1,1.0
493,1,872.0,58.0,83.0,183.0,1,1,1.0
494,1,869.0,58.0,75.0,183.0,1,1,1.0
495,1,868.0,58.0,64.0,183.0,1,1,1.0
496,1,864.0,57.0,56.0,184.0,1,1,1.0
497,1,857.0,58.0,57.0,184.0,1,1,1.0
498,1,841.0,60.0,69.0,183.0,1,1,1.0
499,1,824.0,62.0,85.0,183.0,1,1,1.0
500,1,813.0,64.0,95.0,185.0,1,1,1.0
501,1,808.0,66.0,99.0,185.0,1,1,1.0
502,1,803.0,67.0,100.0,186.0,1,1,1.0
503,1,803.0,67.0,93.0,187.0,1,1,1.0
504,1,803.0,66.0,81.0,188.0,1,1,1.0
505,1,798.0,66.0,70.0,188.0,1,1,1.0
506,1,787.0,65.0,63.0,189.0,1,1,1.0
507,1,775.0,65.0,67.0,193.0,1,1,1.0
508,1,764.0,68.0,75.0,194.0,1,1,1.0
509,1,752.0,70.0,84.0,194.0,1,1,1.0
510,1,742.0,73.0,92.0,194.0,1,1,1.0
511,1,734.0,75.0,95.0,194.0,1,1,1.0
512,1,727.0,76.0,95.0,195.0,1,1,1.0
513,1,723.0,77.0,88.0,196.0,1,1,1.0
514,1,721.0,77.0,73.0,196.0,1,1,1.0
515,1,719.0,76.0,61.0,196.0,1,1,1.0
516,1,713.0,76.0,58.0,196.0,1,1,1.0
517,1,700.0,77.0,69.0,197.0,1,1,1.0
518,1,680.0,79.0,88.0,197.0,1,1,1.0
519,1,664.0,82.0,102.0,197.0,1,1,1.0
520,1,655.0,85.0,111.0,197.0,1,1,1.0
521,1,650.0,86.0,111.0,198.0,1,1,1.0
522,1,648.0,87.0,105.0,198.0,1,1,1.0
523,1,647.0,87.0,93.0,198.0,1,1,1.0
524,1,643.0,87.0,81.0,199.0,1,1,1.0
525,1,635.0,86.0,67.0,199.0,1,1,1.0
526,1,624.0,86.0,67.0,203.0,1,1,1.0
527,1,612.0,88.0,75.0,207.0,1,1,1.0
528,1,599.0,90.0,86.0,207.0,1,1,1.0
529,1,588.0,93.0,94.0,207.0,1,1,1.0
530,1,578.0,95.0,101.0,207.0,1,1,1.0
531,1,571.0,97.0,101.0,208.0,1,1,1.0
532,1,565.0,98.0,97.0,209.0,1,1,1.0
533,1,562.0,100.0,85.0,208.0,1,1,1.0
534,1,560.0,100.0,68.0,208.0,1,1,1.0
535,1,554.0,100.0,61.0,208.0,1,1,1.0
536,1,546.0,101.0,64.0,207.0,1,1,1.0
537,1,532.0,103.0,76.0,208.0,1,1,1.0
538,1,513.0,105.0,93.0,210.0,1,1,1.0
539,1,501.0,109.0,105.0,211.0,1,1,1.0
540,1,495.0,111.0,110.0,211.0,1,1,1.0
541,1,491.0,113.0,109.0,211.0,1,1,1.0
542,1,488.0,114.0,105.0,211.0,1,1,1.0
543,1,482.0,115.0,94.0,211.0,1,1,1.0
544,1,474.0,115.0,87.0,211.0,1,1,1.0
545,1,467.0,115.0,73.0,211.0,1,1,1.0
546,1,459.0,116.0,73.0,215.0,1,1,1.0
547,1,449.0,118.0,80.0,218.0,1,1,1.0
548,1,436.0,121.0,92.0,217.0,1,1,1.0
549,1,423.0,124.0,104.0,216.0,1,1,1.0
550,1,413.0,127.0,113.0,217.0,1,1,1.0
551,1,408.0,130.0,109.0,218.0,1,1,1.0
552,1,404.0,131.0,101.0,218.0,1,1,1.0
553,1,398.0,132.0,91.0,218.0,1,1,1.0
554,1,391.0,133.0,78.0,217.0,1,1,1.0
555,1,383.0,133.0,71.0,218.0,1,1,1.0
556,1,375.0,134.0,73.0,217.0,1,1,1.0
557,1,364.0,135.0,83.0,216.0,1,1,1.0
558,1,348.0,138.0,98.0,218.0,1,1,1.0
559,1,335.0,141.0,110.0,220.0,1,1,1.0
560,1,328.0,144.0,111.0,219.0,1,1,1.0
561,1,321.0,146.0,117.0,219.0,1,1,1.0
562,1,317.0,147.0,113.0,219.0,1,1,1.0
563,1,310.0,148.0,107.0,219.0,1,1,1.0
564,1,303.0,148.0,97.0,219.0,1,1,1.0
565,1,295.0,149.0,85.0,218.0,1,1,1.0
566,1,288.0,150.0,76.0,218.0,1,1,1.0
567,1,280.0,152.0,79.0,222.0,1,1,1.0
568,1,271.0,155.0,86.0,226.0,1,1,1.0
569,1,259.0,158.0,97.0,226.0,1,1,1.0
570,1,253.0,162.0,102.0,226.0,1,1,1.0
571,1,248.0,165.0,109.0,227.0,1,1,1.0
572,1,242.0,167.0,96.0,226.0,1,1,1.0
573,1,235.0,168.0,77.0,226.0,1,1,1.0
574,1,228.0,169.0,67.0,225.0,1,1,1.0
575,1,220.0,169.0,68.0,225.0,1,1,1.0
576,1,210.0,170.0,75.0,224.0,1,1,1.0
577,1,200.0,172.0,84.0,222.0,1,1,1.0
578,1,191.0,173.0,92.0,221.0,1,1,1.0
579,1,178.0,174.0,106.0,220.0,1,1,1.0
580,1,166.0,176.0,117.0,218.0,1,1,1.0
