1,1,1165.0,916.0,151.0,163.0,1,1,1.0
2,1,1162.0,911.0,149.0,168.0,1,1,1.0
3,1,1159.0,907.0,147.0,172.0,1,1,1.0
4,1,1155.0,903.0,146.0,176.0,1,1,1.0
5,1,1150.0,899.0,147.0,179.0,1,1,1.0
6,1,1146.0,894.0,145.0,184.0,1,1,1.0
7,1,1144.0,887.0,142.0,192.0,1,1,1.0
8,1,1143.0,878.0,139.0,200.0,1,1,1.0
9,1,1140.0,869.0,136.0,210.0,1,1,1.0
10,1,1135.0,860.0,136.0,219.0,1,1,1.0
11,1,1126.0,852.0,140.0,227.0,1,1,1.0
12,1,1116.0,845.0,144.0,234.0,1,1,1.0
13,1,1107.0,840.0,148.0,239.0,1,1,1.0
14,1,1098.0,836.0,151.0,242.0,1,1,1.0
15,1,1091.0,834.0,152.0,244.0,1,1,1.0
16,1,1084.0,832.0,153.0,246.0,1,1,1.0
17,1,1078.0,828.0,153.0,250.0,1,1,1.0
18,1,1075.0,822.0,149.0,256.0,1,1,1.0
19,1,1076.0,815.0,140.0,263.0,1,1,1.0
20,1,1080.0,807.0,133.0,271.0,1,1,1.0
21,1,1083.0,800.0,128.0,278.0,1,1,1.0
22,1,1085.0,795.0,123.0,283.0,1,1,1.0
23,1,1085.0,790.0,119.0,288.0,1,1,1.0
24,1,1082.0,787.0,119.0,291.0,1,1,1.0
25,1,1080.0,786.0,119.0,293.0,1,1,1.0
26,1,1078.0,784.0,118.0,294.0,1,1,1.0
27,1,1077.0,780.0,117.0,298.0,1,1,1.0
28,1,1075.0,776.0,115.0,303.0,1,1,1.0
29,1,1074.0,770.0,112.0,308.0,1,1,1.0
30,1,1073.0,765.0,109.0,313.0,1,1,1.0
31,1,1069.0,759.0,108.0,319.0,1,1,1.0
32,1,1063.0,753.0,111.0,323.0,1,1,1.0
33,1,1055.0,749.0,118.0,326.0,1,1,1.0
34,1,1046.0,746.0,124.0,328.0,1,1,1.0
35,1,1039.0,745.0,130.0,327.0,1,1,1.0
36,1,1033.0,745.0,128.0,324.0,1,1,1.0
37,1,1029.0,743.0,126.0,322.0,1,1,1.0
38,1,1025.0,740.0,126.0,320.0,1,1,1.0
39,1,1025.0,736.0,124.0,320.0,1,1,1.0
40,1,1026.0,732.0,117.0,311.0,1,1,1.0
41,1,1029.0,727.0,109.0,301.0,1,1,1.0
42,1,1033.0,723.0,102.0,299.0,1,1,1.0
43,1,1036.0,719.0,99.0,300.0,1,1,1.0
44,1,1035.0,716.0,99.0,301.0,1,1,1.0
45,1,1034.0,715.0,100.0,301.0,1,1,1.0
46,1,1032.0,715.0,100.0,302.0,1,1,1.0
47,1,1031.0,714.0,99.0,299.0,1,1,1.0
48,1,1029.0,712.0,98.0,298.0,1,1,1.0
49,1,1028.0,709.0,95.0,296.0,1,1,1.0
50,1,1027.0,704.0,93.0,291.0,1,1,1.0
51,1,1026.0,700.0,88.0,282.0,1,1,1.0
52,1,1024.0,696.0,88.0,275.0,1,1,1.0
53,1,1017.0,691.0,93.0,275.0,1,1,1.0
54,1,1008.0,689.0,99.0,275.0,1,1,1.0
55,1,1001.0,688.0,102.0,276.0,1,1,1.0
56,1,996.0,687.0,103.0,276.0,1,1,1.0
57,1,992.0,687.0,105.0,273.0,1,1,1.0
58,1,989.0,686.0,106.0,272.0,1,1,1.0
59,1,988.0,684.0,104.0,271.0,1,1,1.0
60,1,990.0,681.0,98.0,267.0,1,1,1.0
61,1,991.0,677.0,93.0,259.0,1,1,1.0
62,1,994.0,673.0,88.0,254.0,1,1,1.0
63,1,997.0,670.0,85.0,253.0,1,1,1.0
64,1,998.0,668.0,82.0,254.0,1,1,1.0
65,1,998.0,667.0,82.0,255.0,1,1,1.0
66,1,997.0,666.0,82.0,255.0,1,1,1.0
67,1,996.0,666.0,82.0,254.0,1,1,1.0
68,1,995.0,666.0,83.0,253.0,1,1,1.0
69,1,994.0,664.0,83.0,252.0,1,1,1.0
70,1,994.0,661.0,82.0,251.0,1,1,1.0
71,1,994.0,658.0,81.0,248.0,1,1,1.0
72,1,994.0,654.0,77.0,240.0,1,1,1.0
73,1,991.0,651.0,79.0,237.0,1,1,1.0
74,1,986.0,648.0,81.0,237.0,1,1,1.0
75,1,981.0,646.0,85.0,237.0,1,1,1.0
76,1,976.0,646.0,87.0,238.0,1,1,1.0
77,1,972.0,646.0,88.0,237.0,1,1,1.0
78,1,969.0,646.0,90.0,235.0,1,1,1.0
79,1,965.0,645.0,88.0,231.0,1,1,1.0
80,1,964.0,643.0,87.0,231.0,1,1,1.0
81,1,964.0,640.0,84.0,230.0,1,1,1.0
82,1,965.0,637.0,80.0,224.0,1,1,1.0
83,1,967.0,634.0,76.0,221.0,1,1,1.0
84,1,968.0,632.0,74.0,221.0,1,1,1.0
85,1,968.0,630.0,73.0,222.0,1,1,1.0
86,1,967.0,630.0,73.0,222.0,1,1,1.0
87,1,965.0,630.0,73.0,222.0,1,1,1.0
88,1,964.0,630.0,71.0,221.0,1,1,1.0
89,1,963.0,629.0,71.0,221.0,1,1,1.0
90,1,962.0,627.0,69.0,221.0,1,1,1.0
91,1,961.0,625.0,68.0,219.0,1,1,1.0
92,1,960.0,624.0,68.0,214.0,1,1,1.0
93,1,959.0,621.0,67.0,208.0,1,1,1.0
94,1,956.0,618.0,69.0,208.0,1,1,1.0
95,1,951.0,616.0,74.0,209.0,1,1,1.0
96,1,945.0,615.0,79.0,210.0,1,1,1.0
97,1,941.0,615.0,79.0,210.0,1,1,1.0
98,1,937.0,616.0,80.0,208.0,1,1,1.0
99,1,935.0,616.0,83.0,206.0,1,1,1.0
100,1,933.0,615.0,85.0,206.0,1,1,1.0
101,1,934.0,612.0,79.0,206.0,1,1,1.0
102,1,935.0,610.0,74.0,201.0,1,1,1.0
103,1,937.0,607.0,69.0,197.0,1,1,1.0
104,1,940.0,605.0,66.0,196.0,1,1,1.0
105,1,941.0,603.0,64.0,196.0,1,1,1.0
106,1,941.0,602.0,64.0,197.0,1,1,1.0
107,1,941.0,602.0,64.0,197.0,1,1,1.0
108,1,940.0,602.0,64.0,197.0,1,1,1.0
109,1,940.0,603.0,64.0,195.0,1,1,1.0
110,1,939.0,602.0,63.0,195.0,1,1,1.0
111,1,939.0,600.0,63.0,194.0,1,1,1.0
112,1,938.0,599.0,62.0,192.0,1,1,1.0
113,1,937.0,597.0,61.0,186.0,1,1,1.0
114,1,936.0,595.0,60.0,184.0,1,1,1.0
115,1,933.0,593.0,63.0,185.0,1,1,1.0
116,1,931.0,592.0,65.0,185.0,1,1,1.0
117,1,929.0,592.0,67.0,185.0,1,1,1.0
118,1,928.0,593.0,69.0,184.0,1,1,1.0
119,1,927.0,594.0,69.0,181.0,1,1,1.0
120,1,926.0,595.0,70.0,179.0,1,1,1.0
121,1,927.0,594.0,67.0,178.0,1,1,1.0
122,1,928.0,593.0,65.0,176.0,1,1,1.0
123,1,930.0,592.0,63.0,171.0,1,1,1.0
124,1,932.0,591.0,61.0,169.0,1,1,1.0
125,1,933.0,589.0,60.0,169.0,1,1,1.0
126,1,934.0,588.0,59.0,170.0,1,1,1.0
127,1,934.0,588.0,58.0,170.0,1,1,1.0
128,1,935.0,587.0,56.0,170.0,1,1,1.0
129,1,936.0,587.0,55.0,169.0,1,1,1.0
130,1,936.0,587.0,56.0,168.0,1,1,1.0
131,1,936.0,586.0,56.0,167.0,1,1,1.0
132,1,936.0,585.0,56.0,164.0,1,1,1.0
133,1,936.0,584.0,56.0,160.0,1,1,1.0
134,1,937.0,583.0,55.0,159.0,1,1,1.0
135,1,935.0,580.0,56.0,161.0,1,1,1.0
136,1,933.0,578.0,57.0,162.0,1,1,1.0
137,1,931.0,577.0,58.0,163.0,1,1,1.0
138,1,930.0,577.0,59.0,163.0,1,1,1.0
139,1,928.0,576.0,59.0,163.0,1,1,1.0
140,1,927.0,576.0,61.0,163.0,1,1,1.0
141,1,926.0,576.0,62.0,162.0,1,1,1.0
142,1,926.0,575.0,62.0,160.0,1,1,1.0
143,1,926.0,573.0,59.0,156.0,1,1,1.0
144,1,927.0,572.0,58.0,155.0,1,1,1.0
145,1,929.0,570.0,55.0,155.0,1,1,1.0
146,1,930.0,569.0,53.0,156.0,1,1,1.0
147,1,930.0,568.0,52.0,157.0,1,1,1.0
148,1,930.0,568.0,52.0,158.0,1,1,1.0
149,1,930.0,567.0,52.0,157.0,1,1,1.0
150,1,930.0,568.0,51.0,156.0,1,1,1.0
151,1,930.0,567.0,50.0,156.0,1,1,1.0
152,1,928.0,565.0,51.0,155.0,1,1,1.0
153,1,928.0,564.0,52.0,152.0,1,1,1.0
154,1,928.0,563.0,52.0,150.0,1,1,1.0
155,1,926.0,561.0,53.0,152.0,1,1,1.0
156,1,923.0,560.0,55.0,153.0,1,1,1.0
157,1,920.0,559.0,57.0,152.0,1,1,1.0
158,1,917.0,559.0,58.0,152.0,1,1,1.0
159,1,915.0,560.0,60.0,152.0,1,1,1.0
160,1,912.0,560.0,60.0,152.0,1,1,1.0
161,1,911.0,560.0,61.0,151.0,1,1,1.0
162,1,910.0,559.0,58.0,149.0,1,1,1.0
163,1,911.0,559.0,55.0,145.0,1,1,1.0
164,1,913.0,557.0,52.0,144.0,1,1,1.0
165,1,914.0,556.0,50.0,145.0,1,1,1.0
166,1,916.0,555.0,48.0,146.0,1,1,1.0
167,1,917.0,555.0,45.0,145.0,1,1,1.0
168,1,916.0,555.0,44.0,145.0,1,1,1.0
169,1,916.0,556.0,44.0,144.0,1,1,1.0
170,1,916.0,557.0,44.0,143.0,1,1,1.0
171,1,915.0,557.0,44.0,142.0,1,1,1.0
172,1,914.0,556.0,45.0,142.0,1,1,1.0
173,1,913.0,554.0,46.0,138.0,1,1,1.0
174,1,913.0,553.0,45.0,137.0,1,1,1.0
175,1,912.0,551.0,46.0,138.0,1,1,1.0
176,1,909.0,550.0,48.0,139.0,1,1,1.0
177,1,906.0,549.0,51.0,140.0,1,1,1.0
178,1,903.0,549.0,52.0,139.0,1,1,1.0
179,1,902.0,550.0,53.0,139.0,1,1,1.0
180,1,901.0,550.0,53.0,137.0,1,1,1.0
181,1,900.0,550.0,49.0,137.0,1,1,1.0
182,1,900.0,550.0,49.0,136.0,1,1,1.0
183,1,900.0,549.0,47.0,133.0,1,1,1.0
184,1,901.0,548.0,46.0,132.0,1,1,1.0
185,1,902.0,546.0,45.0,132.0,1,1,1.0
186,1,903.0,545.0,44.0,133.0,1,1,1.0
187,1,903.0,545.0,43.0,133.0,1,1,1.0
188,1,903.0,546.0,43.0,133.0,1,1,1.0
189,1,903.0,546.0,43.0,132.0,1,1,1.0
190,1,903.0,547.0,43.0,131.0,1,1,1.0
191,1,903.0,547.0,43.0,130.0,1,1,1.0
192,1,903.0,546.0,43.0,130.0,1,1,1.0
193,1,903.0,545.0,42.0,128.0,1,1,1.0
194,1,903.0,543.0,41.0,127.0,1,1,1.0
195,1,902.0,542.0,41.0,127.0,1,1,1.0
196,1,899.0,541.0,41.0,127.0,1,1,1.0
197,1,896.0,541.0,41.0,128.0,1,1,1.0
198,1,894.0,541.0,42.0,127.0,1,1,1.0
199,1,892.0,541.0,44.0,127.0,1,1,1.0
200,1,891.0,541.0,44.0,127.0,1,1,1.0
201,1,890.0,542.0,45.0,126.0,1,1,1.0
202,1,890.0,541.0,44.0,126.0,1,1,1.0
203,1,891.0,540.0,42.0,123.0,1,1,1.0
204,1,893.0,539.0,41.0,122.0,1,1,1.0
205,1,894.0,538.0,41.0,123.0,1,1,1.0
206,1,895.0,537.0,40.0,123.0,1,1,1.0
207,1,895.0,537.0,41.0,124.0,1,1,1.0
208,1,895.0,537.0,41.0,124.0,1,1,1.0
209,1,895.0,538.0,41.0,123.0,1,1,1.0
210,1,895.0,538.0,40.0,122.0,1,1,1.0
211,1,896.0,538.0,39.0,120.0,1,1,1.0
212,1,897.0,538.0,38.0,120.0,1,1,1.0
213,1,898.0,537.0,37.0,117.0,1,1,1.0
214,1,899.0,537.0,37.0,116.0,1,1,1.0
215,1,899.0,536.0,36.0,116.0,1,1,1.0
216,1,900.0,535.0,36.0,117.0,1,1,1.0
217,1,900.0,534.0,34.0,117.0,1,1,1.0
218,1,900.0,534.0,32.0,117.0,1,1,1.0
219,1,900.0,534.0,32.0,117.0,1,1,1.0
220,1,900.0,535.0,32.0,116.0,1,1,1.0
221,1,900.0,535.0,32.0,115.0,1,1,1.0
222,1,900.0,535.0,32.0,115.0,1,1,1.0
223,1,900.0,534.0,32.0,113.0,1,1,1.0
224,1,900.0,533.0,33.0,113.0,1,1,1.0
225,1,899.0,532.0,33.0,113.0,1,1,1.0
226,1,900.0,531.0,33.0,114.0,1,1,1.0
227,1,900.0,530.0,33.0,114.0,1,1,1.0
228,1,901.0,531.0,33.0,114.0,1,1,1.0
229,1,901.0,531.0,33.0,114.0,1,1,1.0
230,1,901.0,531.0,34.0,113.0,1,1,1.0
231,1,902.0,531.0,36.0,112.0,1,1,1.0
232,1,902.0,531.0,37.0,112.0,1,1,1.0
233,1,903.0,530.0,36.0,110.0,1,1,1.0
234,1,904.0,530.0,35.0,109.0,1,1,1.0
235,1,904.0,529.0,34.0,110.0,1,1,1.0
236,1,904.0,528.0,32.0,110.0,1,1,1.0
237,1,904.0,527.0,31.0,111.0,1,1,1.0
238,1,904.0,527.0,31.0,110.0,1,1,1.0
239,1,904.0,527.0,31.0,110.0,1,1,1.0
240,1,904.0,528.0,30.0,110.0,1,1,1.0
241,1,904.0,528.0,29.0,108.0,1,1,1.0
242,1,904.0,528.0,29.0,108.0,1,1,1.0
243,1,903.0,528.0,29.0,106.0,1,1,1.0
244,1,902.0,527.0,29.0,106.0,1,1,1.0
245,1,903.0,526.0,29.0,106.0,1,1,1.0
246,1,903.0,525.0,29.0,107.0,1,1,1.0
247,1,903.0,525.0,29.0,107.0,1,1,1.0
248,1,903.0,525.0,32.0,107.0,1,1,1.0
249,1,903.0,525.0,33.0,106.0,1,1,1.0
250,1,903.0,526.0,34.0,105.0,1,1,1.0
251,1,903.0,526.0,34.0,105.0,1,1,1.0
252,1,904.0,525.0,33.0,105.0,1,1,1.0
253,1,904.0,525.0,32.0,104.0,1,1,1.0
254,1,905.0,524.0,31.0,103.0,1,1,1.0
255,1,905.0,523.0,31.0,103.0,1,1,1.0
256,1,904.0,522.0,32.0,103.0,1,1,1.0
257,1,903.0,521.0,33.0,104.0,1,1,1.0
258,1,904.0,521.0,32.0,104.0,1,1,1.0
259,1,902.0,521.0,33.0,104.0,1,1,1.0
260,1,900.0,521.0,35.0,104.0,1,1,1.0
261,1,898.0,522.0,37.0,103.0,1,1,1.0
262,1,897.0,522.0,38.0,102.0,1,1,1.0
263,1,897.0,521.0,39.0,102.0,1,1,1.0
264,1,897.0,520.0,39.0,100.0,1,1,1.0
265,1,898.0,519.0,38.0,100.0,1,1,1.0
266,1,900.0,519.0,38.0,100.0,1,1,1.0
267,1,902.0,518.0,36.0,101.0,1,1,1.0
268,1,904.0,517.0,33.0,101.0,1,1,1.0
269,1,906.0,517.0,31.0,101.0,1,1,1.0
270,1,907.0,518.0,30.0,101.0,1,1,1.0
271,1,908.0,518.0,28.0,100.0,1,1,1.0
272,1,909.0,518.0,29.0,99.0,1,1,1.0
273,1,910.0,518.0,29.0,99.0,1,1,1.0
274,1,911.0,517.0,29.0,99.0,1,1,1.0
275,1,912.0,517.0,30.0,98.0,1,1,1.0
276,1,912.0,516.0,30.0,98.0,1,1,1.0
277,1,913.0,515.0,29.0,99.0,1,1,1.0
278,1,912.0,515.0,30.0,99.0,1,1,1.0
279,1,912.0,515.0,31.0,99.0,1,1,1.0
280,1,913.0,515.0,31.0,98.0,1,1,1.0
281,1,914.0,516.0,30.0,98.0,1,1,1.0
282,1,913.0,516.0,32.0,97.0,1,1,1.0
283,1,914.0,516.0,32.0,97.0,1,1,1.0
284,1,916.0,516.0,31.0,97.0,1,1,1.0
285,1,917.0,516.0,29.0,96.0,1,1,1.0
286,1,918.0,515.0,29.0,96.0,1,1,1.0
287,1,919.0,515.0,28.0,95.0,1,1,1.0
288,1,921.0,514.0,27.0,94.0,1,1,1.0
289,1,922.0,514.0,27.0,95.0,1,1,1.0
290,1,923.0,514.0,28.0,95.0,1,1,1.0
291,1,923.0,514.0,30.0,96.0,1,1,1.0
292,1,922.0,514.0,35.0,96.0,1,1,1.0
293,1,922.0,514.0,37.0,96.0,1,1,1.0
294,1,923.0,515.0,38.0,95.0,1,1,1.0
295,1,923.0,515.0,39.0,95.0,1,1,1.0
296,1,925.0,515.0,39.0,94.0,1,1,1.0
297,1,935.0,515.0,31.0,93.0,1,1,1.0
298,1,940.0,516.0,29.0,93.0,1,1,1.0
299,1,944.0,515.0,27.0,94.0,1,1,1.0
300,1,947.0,515.0,27.0,95.0,1,1,1.0
301,1,950.0,516.0,29.0,94.0,1,1,1.0
302,1,951.0,516.0,32.0,94.0,1,1,1.0
303,1,952.0,517.0,40.0,93.0,1,1,1.0
304,1,952.0,518.0,45.0,93.0,1,1,1.0
305,1,953.0,518.0,47.0,94.0,1,1,1.0
306,1,954.0,518.0,48.0,95.0,1,1,1.0
307,1,958.0,518.0,45.0,95.0,1,1,1.0
308,1,962.0,517.0,41.0,97.0,1,1,1.0
309,1,967.0,517.0,38.0,93.0,1,1,1.0
310,1,974.0,517.0,34.0,94.0,1,1,1.0
311,1,977.0,517.0,38.0,96.0,1,1,1.0
312,1,978.0,518.0,40.0,97.0,1,1,1.0
313,1,979.0,518.0,42.0,97.0,1,1,1.0
314,1,980.0,519.0,44.0,97.0,1,1,1.0
315,1,982.0,520.0,44.0,97.0,1,1,1.0
316,1,985.0,520.0,43.0,97.0,1,1,1.0
317,1,989.0,521.0,42.0,98.0,1,1,1.0
318,1,994.0,520.0,38.0,98.0,1,1,1.0
319,1,999.0,520.0,35.0,99.0,1,1,1.0
320,1,1002.0,519.0,33.0,99.0,1,1,1.0
321,1,1004.0,519.0,32.0,100.0,1,1,1.0
322,1,1007.0,520.0,31.0,99.0,1,1,1.0
323,1,1008.0,520.0,34.0,100.0,1,1,1.0
324,1,1010.0,521.0,37.0,99.0,1,1,1.0
325,1,1011.0,522.0,40.0,99.0,1,1,1.0
326,1,1012.0,523.0,40.0,99.0,1,1,1.0
327,1,1013.0,523.0,40.0,100.0,1,1,1.0
328,1,1016.0,523.0,38.0,101.0,1,1,1.0
329,1,1021.0,523.0,35.0,101.0,1,1,1.0
330,1,1025.0,523.0,33.0,102.0,1,1,1.0
331,1,1029.0,522.0,33.0,102.0,1,1,1.0
332,1,1031.0,522.0,35.0,103.0,1,1,1.0
333,1,1032.0,523.0,38.0,103.0,1,1,1.0
334,1,1033.0,524.0,40.0,103.0,1,1,1.0
335,1,1034.0,525.0,40.0,102.0,1,1,1.0
336,1,1036.0,526.0,41.0,103.0,1,1,1.0
337,1,1039.0,526.0,40.0,103.0,1,1,1.0
338,1,1043.0,526.0,39.0,104.0,1,1,1.0
339,1,1048.0,526.0,36.0,105.0,1,1,1.0
340,1,1052.0,525.0,33.0,105.0,1,1,1.0
341,1,1056.0,525.0,31.0,106.0,1,1,1.0
342,1,1058.0,525.0,31.0,105.0,1,1,1.0
343,1,1059.0,526.0,35.0,105.0,1,1,1.0
344,1,1061.0,527.0,40.0,105.0,1,1,1.0
345,1,1061.0,527.0,45.0,105.0,1,1,1.0
346,1,1062.0,528.0,47.0,105.0,1,1,1.0
347,1,1064.0,528.0,47.0,106.0,1,1,1.0
348,1,1067.0,528.0,44.0,106.0,1,1,1.0
349,1,1070.0,528.0,42.0,107.0,1,1,1.0
350,1,1076.0,528.0,38.0,108.0,1,1,1.0
351,1,1082.0,528.0,36.0,108.0,1,1,1.0
352,1,1085.0,528.0,36.0,109.0,1,1,1.0
353,1,1086.0,528.0,41.0,109.0,1,1,1.0
354,1,1087.0,529.0,43.0,109.0,1,1,1.0
355,1,1090.0,530.0,44.0,109.0,1,1,1.0
356,1,1092.0,531.0,45.0,108.0,1,1,1.0
357,1,1096.0,531.0,43.0,109.0,1,1,1.0
358,1,1100.0,532.0,41.0,109.0,1,1,1.0
359,1,1105.0,531.0,40.0,110.0,1,1,1.0
360,1,1111.0,531.0,37.0,111.0,1,1,1.0
361,1,1115.0,530.0,34.0,111.0,1,1,1.0
362,1,1118.0,530.0,33.0,111.0,1,1,1.0
363,1,1120.0,530.0,36.0,111.0,1,1,1.0
364,1,1121.0,531.0,44.0,112.0,1,1,1.0
365,1,1122.0,532.0,51.0,112.0,1,1,1.0
366,1,1122.0,533.0,54.0,112.0,1,1,1.0
367,1,1124.0,533.0,54.0,115.0,1,1,1.0
368,1,1127.0,534.0,52.0,120.0,1,1,1.0
369,1,1131.0,533.0,48.0,123.0,1,1,1.0
370,1,1138.0,532.0,43.0,125.0,1,1,1.0
371,1,1146.0,532.0,38.0,126.0,1,1,1.0
372,1,1153.0,532.0,37.0,127.0,1,1,1.0
373,1,1156.0,532.0,42.0,127.0,1,1,1.0
374,1,1157.0,533.0,45.0,125.0,1,1,1.0
375,1,1158.0,535.0,49.0,125.0,1,1,1.0
376,1,1160.0,536.0,52.0,124.0,1,1,1.0
377,1,1163.0,537.0,54.0,123.0,1,1,1.0
378,1,1167.0,537.0,52.0,122.0,1,1,1.0
379,1,1168.0,537.0,53.0,121.0,1,1,1.0
380,1,1179.0,538.0,45.0,117.0,1,1,1.0
381,1,1186.0,537.0,38.0,117.0,1,1,1.0
382,1,1191.0,537.0,35.0,116.0,1,1,1.0
383,1,1195.0,536.0,35.0,116.0,1,1,1.0
384,1,1198.0,538.0,38.0,116.0,1,1,1.0
385,1,1200.0,539.0,44.0,115.0,1,1,1.0
386,1,1200.0,540.0,52.0,115.0,1,1,1.0
387,1,1200.0,541.0,56.0,116.0,1,1,1.0
388,1,1201.0,541.0,56.0,116.0,1,1,1.0
389,1,1206.0,541.0,53.0,117.0,1,1,1.0
390,1,1211.0,540.0,49.0,118.0,1,1,1.0
391,1,1218.0,539.0,46.0,119.0,1,1,1.0
392,1,1224.0,539.0,45.0,119.0,1,1,1.0
393,1,1228.0,539.0,46.0,119.0,1,1,1.0
394,1,1230.0,540.0,48.0,120.0,1,1,1.0
395,1,1233.0,542.0,50.0,120.0,1,1,1.0
396,1,1235.0,542.0,53.0,120.0,1,1,1.0
397,1,1238.0,543.0,54.0,121.0,1,1,1.0
398,1,1240.0,546.0,56.0,119.0,1,1,1.0
399,1,1245.0,545.0,54.0,121.0,1,1,1.0
400,1,1253.0,545.0,49.0,121.0,1,1,1.0
401,1,1259.0,548.0,44.0,118.0,1,1,1.0
402,1,1264.0,546.0,40.0,120.0,1,1,1.0
403,1,1268.0,545.0,37.0,121.0,1,1,1.0
404,1,1271.0,545.0,39.0,121.0,1,1,1.0
405,1,1273.0,545.0,45.0,122.0,1,1,1.0
406,1,1274.0,545.0,52.0,123.0,1,1,1.0
407,1,1275.0,547.0,59.0,122.0,1,1,1.0
408,1,1275.0,548.0,62.0,122.0,1,1,1.0
409,1,1276.0,549.0,62.0,122.0,1,1,1.0
410,1,1279.0,549.0,60.0,122.0,1,1,1.0
411,1,1286.0,549.0,54.0,123.0,1,1,1.0
412,1,1294.0,549.0,47.0,123.0,1,1,1.0
413,1,1302.0,549.0,44.0,122.0,1,1,1.0
414,1,1305.0,549.0,47.0,123.0,1,1,1.0
415,1,1308.0,549.0,50.0,125.0,1,1,1.0
416,1,1311.0,549.0,53.0,126.0,1,1,1.0
417,1,1313.0,551.0,55.0,124.0,1,1,1.0
418,1,1316.0,553.0,56.0,124.0,1,1,1.0
419,1,1319.0,553.0,55.0,125.0,1,1,1.0
420,1,1322.0,553.0,53.0,125.0,1,1,1.0
421,1,1327.0,553.0,49.0,126.0,1,1,1.0
422,1,1330.0,553.0,47.0,126.0,1,1,1.0
423,1,1332.0,553.0,45.0,126.0,1,1,1.0
424,1,1334.0,553.0,43.0,126.0,1,1,1.0
425,1,1335.0,554.0,43.0,126.0,1,1,1.0
426,1,1336.0,554.0,45.0,126.0,1,1,1.0
427,1,1337.0,554.0,46.0,127.0,1,1,1.0
428,1,1337.0,554.0,45.0,127.0,1,1,1.0
429,1,1338.0,555.0,45.0,128.0,1,1,1.0
430,1,1338.0,555.0,46.0,130.0,1,1,1.0
431,1,1338.0,554.0,48.0,131.0,1,1,1.0
432,1,1338.0,554.0,50.0,132.0,1,1,1.0
433,1,1336.0,554.0,51.0,133.0,1,1,1.0
434,1,1336.0,554.0,52.0,133.0,1,1,1.0
435,1,1336.0,555.0,50.0,134.0,1,1,1.0
436,1,1336.0,556.0,47.0,132.0,1,1,1.0
437,1,1337.0,557.0,45.0,132.0,1,1,1.0
438,1,1336.0,558.0,45.0,131.0,1,1,1.0
439,1,1332.0,559.0,49.0,131.0,1,1,1.0
440,1,1331.0,559.0,47.0,131.0,1,1,1.0
441,1,1328.0,560.0,50.0,131.0,1,1,1.0
442,1,1326.0,559.0,51.0,132.0,1,1,1.0
443,1,1324.0,559.0,50.0,133.0,1,1,1.0
444,1,1321.0,558.0,48.0,135.0,1,1,1.0
445,1,1316.0,557.0,49.0,135.0,1,1,1.0
446,1,1310.0,557.0,51.0,136.0,1,1,1.0
447,1,1304.0,557.0,56.0,138.0,1,1,1.0
448,1,1299.0,558.0,61.0,137.0,1,1,1.0
449,1,1294.0,560.0,66.0,136.0,1,1,1.0
450,1,1289.0,561.0,70.0,136.0,1,1,1.0
451,1,1285.0,562.0,71.0,137.0,1,1,1.0
452,1,1282.0,562.0,68.0,138.0,1,1,1.0
453,1,1279.0,562.0,64.0,139.0,1,1,1.0
454,1,1277.0,561.0,58.0,139.0,1,1,1.0
455,1,1277.0,561.0,53.0,139.0,1,1,1.0
456,1,1276.0,561.0,49.0,139.0,1,1,1.0
457,1,1272.0,561.0,49.0,140.0,1,1,1.0
458,1,1264.0,562.0,54.0,139.0,1,1,1.0
459,1,1257.0,564.0,58.0,139.0,1,1,1.0
460,1,1251.0,565.0,61.0,140.0,1,1,1.0
461,1,1249.0,566.0,61.0,139.0,1,1,1.0
462,1,1247.0,566.0,62.0,140.0,1,1,1.0
463,1,1246.0,566.0,58.0,140.0,1,1,1.0
464,1,1245.0,565.0,53.0,141.0,1,1,1.0
465,1,1239.0,564.0,52.0,142.0,1,1,1.0
466,1,1231.0,564.0,56.0,143.0,1,1,1.0
467,1,1224.0,564.0,59.0,145.0,1,1,1.0
468,1,1217.0,564.0,63.0,144.0,1,1,1.0
469,1,1211.0,566.0,67.0,143.0,1,1,1.0
470,1,1205.0,568.0,75.0,143.0,1,1,1.0
471,1,1200.0,569.0,79.0,143.0,1,1,1.0
472,1,1197.0,570.0,75.0,146.0,1,1,1.0
473,1,1195.0,569.0,73.0,147.0,1,1,1.0
474,1,1194.0,569.0,63.0,148.0,1,1,1.0
475,1,1195.0,568.0,55.0,149.0,1,1,1.0
476,1,1194.0,568.0,50.0,148.0,1,1,1.0
477,1,1186.0,568.0,54.0,148.0,1,1,1.0
478,1,1175.0,570.0,61.0,149.0,1,1,1.0
479,1,1166.0,571.0,66.0,149.0,1,1,1.0
480,1,1160.0,573.0,71.0,148.0,1,1,1.0
481,1,1155.0,574.0,74.0,148.0,1,1,1.0
482,1,1154.0,574.0,72.0,148.0,1,1,1.0
483,1,1153.0,573.0,68.0,149.0,1,1,1.0
484,1,1150.0,572.0,61.0,149.0,1,1,1.0
485,1,1142.0,571.0,61.0,151.0,1,1,1.0
486,1,1133.0,570.0,64.0,153.0,1,1,1.0
487,1,1125.0,570.0,69.0,157.0,1,1,1.0
488,1,1118.0,571.0,76.0,157.0,1,1,1.0
489,1,1111.0,573.0,83.0,156.0,1,1,1.0
490,1,1106.0,575.0,86.0,155.0,1,1,1.0
491,1,1101.0,576.0,86.0,156.0,1,1,1.0
492,1,1097.0,576.0,82.0,157.0,1,1,1.0
493,1,1096.0,575.0,74.0,158.0,1,1,1.0
494,1,1096.0,575.0,64.0,158.0,1,1,1.0
495,1,1096.0,575.0,57.0,159.0,1,1,1.0
496,1,1093.0,575.0,55.0,159.0,1,1,1.0
497,1,1085.0,575.0,59.0,159.0,1,1,1.0
498,1,1071.0,575.0,67.0,160.0,1,1,1.0
499,1,1062.0,577.0,73.0,159.0,1,1,1.0
500,1,1057.0,579.0,75.0,159.0,1,1,1.0
501,1,1054.0,580.0,76.0,160.0,1,1,1.0
502,1,1053.0,579.0,74.0,161.0,1,1,1.0
503,1,1052.0,578.0,69.0,161.0,1,1,1.0
504,1,1051.0,577.0,60.0,163.0,1,1,1.0
505,1,1043.0,577.0,59.0,163.0,1,1,1.0
506,1,1033.0,577.0,63.0,166.0,1,1,1.0
507,1,1023.0,577.0,69.0,167.0,1,1,1.0
508,1,1013.0,579.0,77.0,168.0,1,1,1.0
509,1,1005.0,581.0,84.0,167.0,1,1,1.0
510,1,998.0,582.0,89.0,167.0,1,1,1.0
511,1,992.0,582.0,89.0,168.0,1,1,1.0
512,1,988.0,582.0,84.0,170.0,1,1,1.0
513,1,985.0,581.0,76.0,171.0,1,1,1.0
514,1,985.0,580.0,65.0,172.0,1,1,1.0
515,1,985.0,579.0,59.0,173.0,1,1,1.0
516,1,981.0,579.0,56.0,174.0,1,1,1.0
517,1,968.0,579.0,64.0,174.0,1,1,1.0
518,1,951.0,581.0,77.0,173.0,1,1,1.0
519,1,940.0,584.0,85.0,171.0,1,1,1.0
520,1,934.0,586.0,90.0,172.0,1,1,1.0
521,1,930.0,586.0,91.0,173.0,1,1,1.0
522,1,928.0,586.0,89.0,174.0,1,1,1.0
523,1,926.0,586.0,83.0,174.0,1,1,1.0
524,1,924.0,586.0,73.0,175.0,1,1,1.0
525,1,915.0,585.0,69.0,177.0,1,1,1.0
526,1,904.0,584.0,72.0,178.0,1,1,1.0
527,1,893.0,584.0,77.0,182.0,1,1,1.0
528,1,883.0,586.0,84.0,184.0,1,1,1.0
529,1,874.0,589.0,91.0,183.0,1,1,1.0
530,1,865.0,591.0,96.0,183.0,1,1,1.0
531,1,857.0,593.0,98.0,183.0,1,1,1.0
532,1,851.0,593.0,96.0,185.0,1,1,1.0
533,1,849.0,594.0,88.0,185.0,1,1,1.0
534,1,849.0,594.0,76.0,186.0,1,1,1.0
535,1,851.0,594.0,66.0,186.0,1,1,1.0
536,1,851.0,594.0,60.0,186.0,1,1,1.0
537,1,842.0,595.0,63.0,186.0,1,1,1.0
538,1,826.0,597.0,74.0,186.0,1,1,1.0
539,1,811.0,599.0,87.0,187.0,1,1,1.0
540,1,802.0,602.0,95.0,186.0,1,1,1.0
541,1,797.0,603.0,98.0,187.0,1,1,1.0
542,1,795.0,604.0,94.0,187.0,1,1,1.0
543,1,787.0,604.0,93.0,188.0,1,1,1.0
544,1,785.0,604.0,82.0,188.0,1,1,1.0
545,1,779.0,603.0,74.0,189.0,1,1,1.0
546,1,768.0,603.0,76.0,191.0,1,1,1.0
547,1,755.0,603.0,80.0,196.0,1,1,1.0
548,1,743.0,605.0,88.0,195.0,1,1,1.0
549,1,731.0,608.0,98.0,197.0,1,1,1.0
550,1,722.0,611.0,103.0,195.0,1,1,1.0
551,1,714.0,614.0,106.0,196.0,1,1,1.0
552,1,708.0,615.0,102.0,196.0,1,1,1.0
553,1,706.0,615.0,92.0,197.0,1,1,1.0
554,1,706.0,615.0,76.0,197.0,1,1,1.0
555,1,707.0,615.0,66.0,197.0,1,1,1.0
556,1,700.0,615.0,64.0,197.0,1,1,1.0
557,1,688.0,616.0,71.0,198.0,1,1,1.0
558,1,665.0,618.0,91.0,199.0,1,1,1.0
559,1,652.0,620.0,101.0,200.0,1,1,1.0
560,1,649.0,622.0,102.0,199.0,1,1,1.0
561,1,643.0,624.0,102.0,199.0,1,1,1.0
562,1,640.0,625.0,95.0,199.0,1,1,1.0
563,1,637.0,624.0,84.0,200.0,1,1,1.0
564,1,630.0,623.0,79.0,201.0,1,1,1.0
565,1,617.0,622.0,78.0,203.0,1,1,1.0
566,1,604.0,622.0,82.0,208.0,1,1,1.0
567,1,591.0,623.0,88.0,211.0,1,1,1.0
568,1,579.0,626.0,97.0,211.0,1,1,1.0
569,1,568.0,629.0,104.0,210.0,1,1,1.0
570,1,560.0,631.0,107.0,211.0,1,1,1.0
