1,1,1029.0,782.0,132.0,297.0,1,1,1.0
2,1,1027.0,776.0,130.0,303.0,1,1,1.0
3,1,1024.0,769.0,130.0,309.0,1,1,1.0
4,1,1024.0,762.0,127.0,316.0,1,1,1.0
5,1,1022.0,757.0,124.0,321.0,1,1,1.0
6,1,1019.0,753.0,123.0,325.0,1,1,1.0
7,1,1015.0,751.0,122.0,327.0,1,1,1.0
8,1,1012.0,751.0,121.0,328.0,1,1,1.0
9,1,1009.0,750.0,121.0,329.0,1,1,1.0
10,1,1007.0,748.0,120.0,330.0,1,1,1.0
11,1,1004.0,744.0,121.0,330.0,1,1,1.0
12,1,1000.0,739.0,121.0,318.0,1,1,1.0
13,1,996.0,734.0,119.0,312.0,1,1,1.0
14,1,992.0,729.0,118.0,308.0,1,1,1.0
15,1,988.0,724.0,117.0,309.0,1,1,1.0
16,1,984.0,720.0,116.0,311.0,1,1,1.0
17,1,980.0,719.0,114.0,313.0,1,1,1.0
18,1,979.0,719.0,110.0,311.0,1,1,1.0
19,1,977.0,719.0,107.0,307.0,1,1,1.0
20,1,976.0,717.0,105.0,306.0,1,1,1.0
21,1,974.0,713.0,104.0,306.0,1,1,1.0
22,1,972.0,708.0,102.0,299.0,1,1,1.0
23,1,971.0,703.0,100.0,291.0,1,1,1.0
24,1,969.0,700.0,100.0,283.0,1,1,1.0
25,1,965.0,694.0,101.0,285.0,1,1,1.0
26,1,962.0,691.0,102.0,287.0,1,1,1.0
27,1,959.0,690.0,101.0,287.0,1,1,1.0
28,1,956.0,689.0,100.0,287.0,1,1,1.0
29,1,953.0,690.0,101.0,282.0,1,1,1.0
30,1,951.0,688.0,107.0,278.0,1,1,1.0
31,1,949.0,685.0,106.0,278.0,1,1,1.0
32,1,948.0,681.0,100.0,271.0,1,1,1.0
33,1,946.0,678.0,93.0,263.0,1,1,1.0
34,1,943.0,674.0,93.0,262.0,1,1,1.0
35,1,941.0,671.0,92.0,263.0,1,1,1.0
36,1,940.0,669.0,91.0,265.0,1,1,1.0
37,1,938.0,668.0,88.0,265.0,1,1,1.0
38,1,937.0,669.0,85.0,263.0,1,1,1.0
39,1,937.0,669.0,85.0,260.0,1,1,1.0
40,1,937.0,667.0,86.0,260.0,1,1,1.0
41,1,936.0,665.0,89.0,257.0,1,1,1.0
42,1,936.0,661.0,88.0,250.0,1,1,1.0
43,1,935.0,657.0,86.0,244.0,1,1,1.0
44,1,934.0,652.0,85.0,245.0,1,1,1.0
45,1,932.0,650.0,86.0,245.0,1,1,1.0
46,1,930.0,649.0,86.0,246.0,1,1,1.0
47,1,928.0,648.0,87.0,246.0,1,1,1.0
48,1,926.0,649.0,88.0,242.0,1,1,1.0
49,1,925.0,648.0,88.0,240.0,1,1,1.0
50,1,923.0,647.0,87.0,239.0,1,1,1.0
51,1,922.0,645.0,86.0,235.0,1,1,1.0
52,1,920.0,641.0,84.0,229.0,1,1,1.0
53,1,919.0,638.0,81.0,226.0,1,1,1.0
54,1,918.0,635.0,80.0,227.0,1,1,1.0
55,1,917.0,633.0,79.0,228.0,1,1,1.0
56,1,916.0,632.0,78.0,229.0,1,1,1.0
57,1,915.0,632.0,77.0,229.0,1,1,1.0
58,1,915.0,632.0,77.0,227.0,1,1,1.0
59,1,915.0,631.0,78.0,226.0,1,1,1.0
60,1,914.0,629.0,78.0,225.0,1,1,1.0
61,1,915.0,627.0,78.0,220.0,1,1,1.0
62,1,914.0,625.0,77.0,214.0,1,1,1.0
63,1,913.0,622.0,76.0,211.0,1,1,1.0
64,1,911.0,619.0,77.0,212.0,1,1,1.0
65,1,909.0,617.0,77.0,213.0,1,1,1.0
66,1,908.0,616.0,77.0,214.0,1,1,1.0
67,1,907.0,617.0,78.0,213.0,1,1,1.0
68,1,905.0,618.0,78.0,212.0,1,1,1.0
69,1,904.0,617.0,78.0,211.0,1,1,1.0
70,1,904.0,616.0,75.0,210.0,1,1,1.0
71,1,902.0,613.0,74.0,206.0,1,1,1.0
72,1,902.0,611.0,73.0,201.0,1,1,1.0
73,1,902.0,609.0,71.0,199.0,1,1,1.0
74,1,902.0,607.0,70.0,199.0,1,1,1.0
75,1,903.0,606.0,69.0,200.0,1,1,1.0
76,1,903.0,605.0,68.0,200.0,1,1,1.0
77,1,902.0,605.0,68.0,200.0,1,1,1.0
78,1,902.0,605.0,67.0,198.0,1,1,1.0
79,1,902.0,605.0,67.0,197.0,1,1,1.0
80,1,902.0,604.0,64.0,196.0,1,1,1.0
81,1,901.0,603.0,62.0,191.0,1,1,1.0
82,1,900.0,600.0,62.0,188.0,1,1,1.0
83,1,898.0,598.0,62.0,186.0,1,1,1.0
84,1,896.0,595.0,64.0,187.0,1,1,1.0
85,1,894.0,593.0,68.0,188.0,1,1,1.0
86,1,891.0,593.0,72.0,188.0,1,1,1.0
87,1,889.0,593.0,74.0,187.0,1,1,1.0
88,1,888.0,593.0,76.0,185.0,1,1,1.0
89,1,887.0,593.0,78.0,185.0,1,1,1.0
90,1,886.0,593.0,79.0,183.0,1,1,1.0
92,1,884.0,590.0,64.0,176.0,1,1,1.0
93,1,883.0,587.0,70.0,176.0,1,1,1.0
94,1,883.0,585.0,70.0,177.0,1,1,1.0
95,1,883.0,585.0,68.0,178.0,1,1,1.0
96,1,883.0,585.0,65.0,178.0,1,1,1.0
97,1,883.0,585.0,62.0,177.0,1,1,1.0
98,1,882.0,585.0,60.0,175.0,1,1,1.0
99,1,881.0,584.0,59.0,175.0,1,1,1.0
100,1,881.0,583.0,59.0,175.0,1,1,1.0
101,1,880.0,580.0,60.0,172.0,1,1,1.0
102,1,880.0,577.0,60.0,169.0,1,1,1.0
103,1,879.0,575.0,62.0,170.0,1,1,1.0
104,1,877.0,574.0,63.0,170.0,1,1,1.0
105,1,875.0,572.0,65.0,171.0,1,1,1.0
106,1,874.0,572.0,67.0,171.0,1,1,1.0
107,1,872.0,573.0,69.0,170.0,1,1,1.0
108,1,872.0,574.0,70.0,167.0,1,1,1.0
109,1,872.0,574.0,70.0,166.0,1,1,1.0
110,1,872.0,572.0,70.0,166.0,1,1,1.0
111,1,873.0,571.0,68.0,163.0,1,1,1.0
112,1,873.0,569.0,65.0,160.0,1,1,1.0
113,1,873.0,567.0,62.0,160.0,1,1,1.0
114,1,873.0,566.0,59.0,161.0,1,1,1.0
115,1,874.0,566.0,56.0,161.0,1,1,1.0
116,1,874.0,566.0,54.0,161.0,1,1,1.0
117,1,874.0,567.0,53.0,160.0,1,1,1.0
118,1,874.0,567.0,53.0,158.0,1,1,1.0
119,1,874.0,567.0,54.0,158.0,1,1,1.0
120,1,874.0,567.0,54.0,155.0,1,1,1.0
121,1,875.0,565.0,54.0,152.0,1,1,1.0
122,1,875.0,564.0,54.0,151.0,1,1,1.0
123,1,874.0,561.0,56.0,152.0,1,1,1.0
124,1,873.0,560.0,59.0,153.0,1,1,1.0
125,1,871.0,559.0,61.0,153.0,1,1,1.0
126,1,870.0,560.0,61.0,153.0,1,1,1.0
127,1,870.0,561.0,60.0,152.0,1,1,1.0
128,1,869.0,561.0,59.0,151.0,1,1,1.0
129,1,869.0,560.0,59.0,151.0,1,1,1.0
130,1,870.0,560.0,58.0,148.0,1,1,1.0
131,1,871.0,559.0,54.0,145.0,1,1,1.0
132,1,872.0,557.0,51.0,145.0,1,1,1.0
133,1,872.0,555.0,48.0,146.0,1,1,1.0
134,1,872.0,554.0,47.0,147.0,1,1,1.0
135,1,872.0,554.0,46.0,147.0,1,1,1.0
136,1,872.0,554.0,46.0,146.0,1,1,1.0
137,1,872.0,555.0,47.0,144.0,1,1,1.0
138,1,872.0,556.0,48.0,144.0,1,1,1.0
139,1,872.0,555.0,49.0,143.0,1,1,1.0
140,1,872.0,555.0,50.0,140.0,1,1,1.0
141,1,872.0,553.0,51.0,139.0,1,1,1.0
142,1,872.0,551.0,51.0,139.0,1,1,1.0
143,1,871.0,550.0,51.0,139.0,1,1,1.0
144,1,869.0,549.0,53.0,140.0,1,1,1.0
145,1,868.0,549.0,54.0,140.0,1,1,1.0
146,1,868.0,550.0,56.0,140.0,1,1,1.0
147,1,868.0,550.0,57.0,139.0,1,1,1.0
148,1,867.0,550.0,56.0,139.0,1,1,1.0
149,1,868.0,550.0,55.0,138.0,1,1,1.0
150,1,868.0,549.0,52.0,134.0,1,1,1.0
151,1,868.0,548.0,49.0,133.0,1,1,1.0
152,1,868.0,547.0,48.0,133.0,1,1,1.0
153,1,868.0,546.0,47.0,134.0,1,1,1.0
154,1,870.0,546.0,47.0,134.0,1,1,1.0
155,1,871.0,546.0,46.0,134.0,1,1,1.0
156,1,871.0,546.0,44.0,134.0,1,1,1.0
157,1,872.0,546.0,43.0,132.0,1,1,1.0
158,1,873.0,546.0,43.0,132.0,1,1,1.0
159,1,873.0,546.0,43.0,130.0,1,1,1.0
160,1,874.0,545.0,43.0,127.0,1,1,1.0
161,1,873.0,543.0,44.0,127.0,1,1,1.0
162,1,873.0,542.0,46.0,128.0,1,1,1.0
163,1,872.0,541.0,47.0,128.0,1,1,1.0
164,1,870.0,541.0,50.0,129.0,1,1,1.0
165,1,869.0,541.0,53.0,129.0,1,1,1.0
166,1,868.0,541.0,54.0,129.0,1,1,1.0
167,1,869.0,541.0,53.0,128.0,1,1,1.0
168,1,871.0,542.0,51.0,127.0,1,1,1.0
169,1,873.0,541.0,50.0,125.0,1,1,1.0
170,1,876.0,540.0,47.0,123.0,1,1,1.0
171,1,878.0,540.0,44.0,122.0,1,1,1.0
172,1,878.0,539.0,43.0,122.0,1,1,1.0
173,1,880.0,538.0,42.0,123.0,1,1,1.0
174,1,881.0,538.0,39.0,123.0,1,1,1.0
175,1,882.0,539.0,38.0,122.0,1,1,1.0
176,1,883.0,539.0,38.0,122.0,1,1,1.0
177,1,884.0,540.0,39.0,121.0,1,1,1.0
178,1,885.0,539.0,40.0,120.0,1,1,1.0
179,1,886.0,538.0,42.0,118.0,1,1,1.0
180,1,887.0,537.0,43.0,118.0,1,1,1.0
181,1,887.0,535.0,44.0,118.0,1,1,1.0
182,1,886.0,534.0,46.0,119.0,1,1,1.0
183,1,886.0,534.0,47.0,119.0,1,1,1.0
184,1,886.0,534.0,47.0,119.0,1,1,1.0
185,1,885.0,534.0,47.0,119.0,1,1,1.0
186,1,885.0,535.0,48.0,118.0,1,1,1.0
187,1,885.0,535.0,48.0,117.0,1,1,1.0
188,1,885.0,535.0,48.0,116.0,1,1,1.0
189,1,886.0,533.0,48.0,114.0,1,1,1.0
190,1,889.0,532.0,46.0,114.0,1,1,1.0
191,1,890.0,531.0,44.0,115.0,1,1,1.0
192,1,891.0,530.0,41.0,115.0,1,1,1.0
193,1,892.0,530.0,39.0,116.0,1,1,1.0
194,1,893.0,530.0,37.0,116.0,1,1,1.0
195,1,893.0,530.0,37.0,115.0,1,1,1.0
196,1,893.0,531.0,38.0,114.0,1,1,1.0
197,1,893.0,531.0,40.0,113.0,1,1,1.0
198,1,894.0,530.0,40.0,112.0,1,1,1.0
199,1,895.0,530.0,41.0,110.0,1,1,1.0
200,1,895.0,529.0,40.0,110.0,1,1,1.0
201,1,894.0,528.0,42.0,110.0,1,1,1.0
202,1,892.0,527.0,43.0,111.0,1,1,1.0
203,1,891.0,527.0,44.0,111.0,1,1,1.0
204,1,890.0,527.0,44.0,110.0,1,1,1.0
205,1,890.0,527.0,45.0,110.0,1,1,1.0
206,1,890.0,528.0,45.0,110.0,1,1,1.0
207,1,891.0,528.0,46.0,109.0,1,1,1.0
208,1,892.0,528.0,45.0,108.0,1,1,1.0
209,1,894.0,527.0,44.0,106.0,1,1,1.0
210,1,895.0,525.0,42.0,107.0,1,1,1.0
211,1,896.0,524.0,38.0,107.0,1,1,1.0
212,1,896.0,524.0,36.0,108.0,1,1,1.0
213,1,896.0,524.0,35.0,108.0,1,1,1.0
214,1,896.0,524.0,35.0,107.0,1,1,1.0
215,1,897.0,525.0,36.0,106.0,1,1,1.0
216,1,897.0,525.0,36.0,106.0,1,1,1.0
217,1,897.0,525.0,36.0,105.0,1,1,1.0
218,1,898.0,524.0,37.0,103.0,1,1,1.0
219,1,898.0,524.0,37.0,102.0,1,1,1.0
220,1,898.0,523.0,38.0,102.0,1,1,1.0
221,1,898.0,521.0,40.0,103.0,1,1,1.0
222,1,897.0,521.0,41.0,103.0,1,1,1.0
223,1,896.0,520.0,42.0,104.0,1,1,1.0
224,1,896.0,521.0,42.0,103.0,1,1,1.0
225,1,895.0,522.0,43.0,102.0,1,1,1.0
226,1,895.0,522.0,43.0,101.0,1,1,1.0
227,1,895.0,522.0,43.0,100.0,1,1,1.0
228,1,896.0,522.0,42.0,100.0,1,1,1.0
229,1,897.0,521.0,41.0,99.0,1,1,1.0
230,1,899.0,519.0,37.0,99.0,1,1,1.0
231,1,901.0,519.0,34.0,100.0,1,1,1.0
232,1,903.0,518.0,32.0,100.0,1,1,1.0
233,1,903.0,518.0,31.0,101.0,1,1,1.0
234,1,904.0,518.0,31.0,101.0,1,1,1.0
235,1,905.0,518.0,31.0,100.0,1,1,1.0
236,1,906.0,518.0,30.0,99.0,1,1,1.0
237,1,907.0,518.0,30.0,99.0,1,1,1.0
238,1,907.0,518.0,31.0,98.0,1,1,1.0
239,1,908.0,518.0,32.0,97.0,1,1,1.0
240,1,908.0,517.0,34.0,98.0,1,1,1.0
241,1,909.0,516.0,36.0,99.0,1,1,1.0
242,1,909.0,516.0,38.0,99.0,1,1,1.0
243,1,909.0,516.0,39.0,99.0,1,1,1.0
244,1,909.0,516.0,40.0,99.0,1,1,1.0
245,1,910.0,517.0,41.0,98.0,1,1,1.0
246,1,912.0,517.0,41.0,98.0,1,1,1.0
247,1,914.0,517.0,42.0,97.0,1,1,1.0
248,1,916.0,517.0,42.0,97.0,1,1,1.0
249,1,917.0,516.0,41.0,96.0,1,1,1.0
250,1,919.0,516.0,40.0,95.0,1,1,1.0
251,1,923.0,515.0,37.0,95.0,1,1,1.0
252,1,926.0,515.0,34.0,96.0,1,1,1.0
253,1,927.0,514.0,34.0,97.0,1,1,1.0
254,1,927.0,515.0,38.0,96.0,1,1,1.0
255,1,927.0,515.0,43.0,96.0,1,1,1.0
256,1,927.0,516.0,46.0,96.0,1,1,1.0
257,1,928.0,517.0,50.0,95.0,1,1,1.0
258,1,933.0,517.0,48.0,95.0,1,1,1.0
259,1,937.0,516.0,46.0,96.0,1,1,1.0
260,1,944.0,516.0,39.0,96.0,1,1,1.0
261,1,948.0,516.0,34.0,97.0,1,1,1.0
262,1,951.0,516.0,31.0,96.0,1,1,1.0
263,1,954.0,516.0,30.0,96.0,1,1,1.0
264,1,955.0,517.0,36.0,96.0,1,1,1.0
265,1,956.0,517.0,42.0,95.0,1,1,1.0
266,1,957.0,518.0,48.0,95.0,1,1,1.0
267,1,958.0,518.0,50.0,96.0,1,1,1.0
268,1,960.0,519.0,50.0,97.0,1,1,1.0
269,1,962.0,519.0,47.0,98.0,1,1,1.0
270,1,967.0,519.0,43.0,98.0,1,1,1.0
271,1,974.0,519.0,38.0,98.0,1,1,1.0
272,1,981.0,518.0,35.0,98.0,1,1,1.0
273,1,984.0,518.0,38.0,98.0,1,1,1.0
274,1,987.0,519.0,40.0,98.0,1,1,1.0
275,1,989.0,520.0,43.0,98.0,1,1,1.0
276,1,991.0,521.0,43.0,97.0,1,1,1.0
277,1,993.0,521.0,43.0,98.0,1,1,1.0
278,1,996.0,522.0,41.0,99.0,1,1,1.0
279,1,1000.0,522.0,38.0,99.0,1,1,1.0
280,1,1004.0,522.0,35.0,99.0,1,1,1.0
281,1,1007.0,522.0,33.0,100.0,1,1,1.0
282,1,1009.0,521.0,32.0,100.0,1,1,1.0
283,1,1011.0,520.0,33.0,101.0,1,1,1.0
284,1,1013.0,521.0,35.0,101.0,1,1,1.0
285,1,1015.0,522.0,40.0,100.0,1,1,1.0
286,1,1017.0,523.0,42.0,101.0,1,1,1.0
287,1,1019.0,524.0,43.0,101.0,1,1,1.0
288,1,1021.0,524.0,43.0,102.0,1,1,1.0
289,1,1024.0,524.0,41.0,103.0,1,1,1.0
290,1,1029.0,524.0,39.0,103.0,1,1,1.0
291,1,1034.0,524.0,37.0,104.0,1,1,1.0
292,1,1039.0,523.0,37.0,104.0,1,1,1.0
293,1,1040.0,523.0,40.0,105.0,1,1,1.0
294,1,1042.0,524.0,41.0,105.0,1,1,1.0
295,1,1044.0,525.0,42.0,105.0,1,1,1.0
296,1,1047.0,526.0,45.0,104.0,1,1,1.0
297,1,1048.0,527.0,48.0,104.0,1,1,1.0
298,1,1052.0,527.0,47.0,105.0,1,1,1.0
299,1,1058.0,527.0,44.0,106.0,1,1,1.0
300,1,1063.0,527.0,39.0,106.0,1,1,1.0
301,1,1066.0,527.0,37.0,106.0,1,1,1.0
302,1,1069.0,527.0,35.0,107.0,1,1,1.0
303,1,1072.0,527.0,34.0,107.0,1,1,1.0
304,1,1074.0,527.0,39.0,107.0,1,1,1.0
305,1,1076.0,528.0,44.0,107.0,1,1,1.0
306,1,1077.0,529.0,48.0,107.0,1,1,1.0
307,1,1078.0,530.0,49.0,107.0,1,1,1.0
308,1,1080.0,529.0,48.0,108.0,1,1,1.0
309,1,1085.0,529.0,44.0,109.0,1,1,1.0
310,1,1091.0,529.0,40.0,109.0,1,1,1.0
311,1,1097.0,529.0,38.0,109.0,1,1,1.0
312,1,1100.0,528.0,39.0,110.0,1,1,1.0
313,1,1103.0,529.0,42.0,110.0,1,1,1.0
314,1,1105.0,530.0,44.0,110.0,1,1,1.0
315,1,1106.0,532.0,47.0,109.0,1,1,1.0
316,1,1108.0,533.0,49.0,109.0,1,1,1.0
317,1,1111.0,534.0,50.0,109.0,1,1,1.0
318,1,1115.0,534.0,50.0,110.0,1,1,1.0
319,1,1120.0,533.0,47.0,111.0,1,1,1.0
320,1,1125.0,533.0,41.0,111.0,1,1,1.0
321,1,1129.0,532.0,37.0,112.0,1,1,1.0
322,1,1131.0,532.0,35.0,113.0,1,1,1.0
324,1,1135.0,534.0,44.0,121.0,1,1,1.0
325,1,1136.0,535.0,48.0,122.0,1,1,1.0
326,1,1137.0,536.0,53.0,122.0,1,1,1.0
327,1,1138.0,536.0,54.0,121.0,1,1,1.0
328,1,1142.0,536.0,52.0,122.0,1,1,1.0
329,1,1147.0,536.0,48.0,122.0,1,1,1.0
330,1,1155.0,536.0,42.0,123.0,1,1,1.0
331,1,1162.0,536.0,39.0,123.0,1,1,1.0
332,1,1165.0,536.0,43.0,122.0,1,1,1.0
333,1,1168.0,536.0,45.0,121.0,1,1,1.0
334,1,1169.0,537.0,51.0,120.0,1,1,1.0
335,1,1170.0,539.0,54.0,119.0,1,1,1.0
336,1,1173.0,540.0,56.0,117.0,1,1,1.0
337,1,1177.0,541.0,56.0,116.0,1,1,1.0
338,1,1184.0,541.0,52.0,116.0,1,1,1.0
339,1,1190.0,542.0,47.0,116.0,1,1,1.0
340,1,1197.0,541.0,42.0,116.0,1,1,1.0
341,1,1202.0,541.0,38.0,116.0,1,1,1.0
342,1,1205.0,541.0,37.0,117.0,1,1,1.0
343,1,1207.0,540.0,40.0,118.0,1,1,1.0
344,1,1209.0,540.0,47.0,118.0,1,1,1.0
345,1,1211.0,542.0,54.0,118.0,1,1,1.0
346,1,1212.0,543.0,57.0,118.0,1,1,1.0
347,1,1214.0,543.0,57.0,119.0,1,1,1.0
348,1,1218.0,543.0,54.0,120.0,1,1,1.0
349,1,1224.0,543.0,51.0,120.0,1,1,1.0
350,1,1231.0,543.0,46.0,120.0,1,1,1.0
351,1,1238.0,542.0,44.0,121.0,1,1,1.0
352,1,1243.0,543.0,46.0,120.0,1,1,1.0
353,1,1246.0,545.0,49.0,119.0,1,1,1.0
354,1,1249.0,545.0,52.0,121.0,1,1,1.0
355,1,1251.0,545.0,56.0,121.0,1,1,1.0
356,1,1253.0,548.0,59.0,120.0,1,1,1.0
357,1,1255.0,548.0,59.0,122.0,1,1,1.0
358,1,1262.0,548.0,54.0,122.0,1,1,1.0
359,1,1271.0,549.0,47.0,123.0,1,1,1.0
360,1,1277.0,547.0,40.0,125.0,1,1,1.0
361,1,1282.0,547.0,38.0,124.0,1,1,1.0
362,1,1284.0,547.0,39.0,124.0,1,1,1.0
363,1,1285.0,547.0,42.0,123.0,1,1,1.0
364,1,1288.0,548.0,50.0,123.0,1,1,1.0
365,1,1290.0,549.0,58.0,123.0,1,1,1.0
366,1,1290.0,550.0,63.0,124.0,1,1,1.0
367,1,1292.0,551.0,65.0,125.0,1,1,1.0
368,1,1295.0,552.0,63.0,125.0,1,1,1.0
369,1,1300.0,552.0,58.0,125.0,1,1,1.0
370,1,1306.0,553.0,53.0,124.0,1,1,1.0
371,1,1312.0,552.0,52.0,125.0,1,1,1.0
372,1,1317.0,553.0,50.0,125.0,1,1,1.0
373,1,1318.0,554.0,53.0,124.0,1,1,1.0
374,1,1319.0,554.0,55.0,125.0,1,1,1.0
375,1,1321.0,554.0,56.0,125.0,1,1,1.0
376,1,1322.0,554.0,54.0,125.0,1,1,1.0
377,1,1324.0,554.0,54.0,128.0,1,1,1.0
378,1,1326.0,554.0,53.0,131.0,1,1,1.0
379,1,1329.0,554.0,49.0,133.0,1,1,1.0
380,1,1330.0,554.0,46.0,132.0,1,1,1.0
381,1,1331.0,554.0,47.0,132.0,1,1,1.0
382,1,1331.0,553.0,47.0,132.0,1,1,1.0
383,1,1331.0,554.0,48.0,131.0,1,1,1.0
384,1,1330.0,554.0,49.0,133.0,1,1,1.0
385,1,1329.0,555.0,51.0,133.0,1,1,1.0
386,1,1327.0,556.0,54.0,133.0,1,1,1.0
387,1,1324.0,557.0,59.0,134.0,1,1,1.0
388,1,1321.0,558.0,62.0,134.0,1,1,1.0
389,1,1319.0,558.0,64.0,134.0,1,1,1.0
390,1,1318.0,558.0,62.0,135.0,1,1,1.0
391,1,1317.0,559.0,60.0,134.0,1,1,1.0
392,1,1317.0,559.0,56.0,134.0,1,1,1.0
393,1,1317.0,559.0,52.0,133.0,1,1,1.0
394,1,1317.0,560.0,48.0,133.0,1,1,1.0
395,1,1313.0,561.0,51.0,132.0,1,1,1.0
396,1,1305.0,562.0,59.0,132.0,1,1,1.0
397,1,1299.0,564.0,66.0,132.0,1,1,1.0
398,1,1295.0,564.0,69.0,132.0,1,1,1.0
399,1,1293.0,565.0,69.0,132.0,1,1,1.0
400,1,1292.0,564.0,66.0,134.0,1,1,1.0
401,1,1288.0,563.0,61.0,135.0,1,1,1.0
402,1,1283.0,562.0,56.0,136.0,1,1,1.0
403,1,1277.0,561.0,55.0,137.0,1,1,1.0
404,1,1271.0,561.0,56.0,139.0,1,1,1.0
405,1,1264.0,561.0,61.0,140.0,1,1,1.0
406,1,1256.0,562.0,67.0,139.0,1,1,1.0
407,1,1251.0,563.0,71.0,140.0,1,1,1.0
408,1,1246.0,564.0,73.0,141.0,1,1,1.0
409,1,1242.0,565.0,73.0,141.0,1,1,1.0
410,1,1241.0,565.0,70.0,142.0,1,1,1.0
411,1,1240.0,564.0,62.0,143.0,1,1,1.0
412,1,1240.0,564.0,56.0,143.0,1,1,1.0
413,1,1239.0,564.0,53.0,143.0,1,1,1.0
414,1,1235.0,563.0,53.0,144.0,1,1,1.0
415,1,1227.0,564.0,58.0,143.0,1,1,1.0
416,1,1219.0,566.0,61.0,144.0,1,1,1.0
417,1,1214.0,567.0,63.0,143.0,1,1,1.0
418,1,1212.0,569.0,64.0,144.0,1,1,1.0
419,1,1211.0,569.0,62.0,144.0,1,1,1.0
420,1,1210.0,568.0,60.0,145.0,1,1,1.0
421,1,1206.0,566.0,55.0,147.0,1,1,1.0
422,1,1199.0,566.0,55.0,147.0,1,1,1.0
423,1,1192.0,565.0,57.0,149.0,1,1,1.0
424,1,1186.0,566.0,60.0,150.0,1,1,1.0
425,1,1179.0,567.0,67.0,150.0,1,1,1.0
426,1,1170.0,569.0,75.0,149.0,1,1,1.0
427,1,1166.0,571.0,78.0,149.0,1,1,1.0
428,1,1161.0,572.0,79.0,150.0,1,1,1.0
429,1,1158.0,572.0,76.0,151.0,1,1,1.0
430,1,1157.0,572.0,69.0,151.0,1,1,1.0
431,1,1158.0,571.0,59.0,152.0,1,1,1.0
432,1,1157.0,571.0,53.0,153.0,1,1,1.0
433,1,1155.0,571.0,52.0,153.0,1,1,1.0
434,1,1145.0,571.0,58.0,153.0,1,1,1.0
435,1,1135.0,573.0,68.0,152.0,1,1,1.0
436,1,1125.0,575.0,73.0,152.0,1,1,1.0
437,1,1120.0,575.0,75.0,153.0,1,1,1.0
438,1,1117.0,575.0,77.0,154.0,1,1,1.0
439,1,1116.0,576.0,72.0,154.0,1,1,1.0
440,1,1115.0,575.0,66.0,154.0,1,1,1.0
441,1,1113.0,575.0,59.0,155.0,1,1,1.0
442,1,1107.0,573.0,56.0,157.0,1,1,1.0
443,1,1099.0,574.0,61.0,158.0,1,1,1.0
444,1,1091.0,574.0,68.0,161.0,1,1,1.0
445,1,1084.0,575.0,75.0,162.0,1,1,1.0
446,1,1077.0,577.0,80.0,161.0,1,1,1.0
447,1,1071.0,579.0,81.0,160.0,1,1,1.0
448,1,1067.0,579.0,79.0,162.0,1,1,1.0
449,1,1063.0,579.0,75.0,162.0,1,1,1.0
450,1,1061.0,579.0,67.0,163.0,1,1,1.0
451,1,1059.0,578.0,60.0,164.0,1,1,1.0
452,1,1057.0,577.0,57.0,165.0,1,1,1.0
453,1,1053.0,577.0,56.0,165.0,1,1,1.0
454,1,1040.0,578.0,64.0,165.0,1,1,1.0
455,1,1027.0,580.0,75.0,165.0,1,1,1.0
456,1,1018.0,582.0,82.0,164.0,1,1,1.0
457,1,1013.0,583.0,85.0,164.0,1,1,1.0
458,1,1010.0,583.0,85.0,164.0,1,1,1.0
459,1,1008.0,583.0,82.0,165.0,1,1,1.0
460,1,1007.0,583.0,75.0,166.0,1,1,1.0
461,1,1005.0,582.0,66.0,167.0,1,1,1.0
462,1,997.0,581.0,64.0,167.0,1,1,1.0
463,1,988.0,581.0,68.0,168.0,1,1,1.0
464,1,979.0,582.0,75.0,168.0,1,1,1.0
465,1,971.0,583.0,81.0,170.0,1,1,1.0
466,1,963.0,585.0,85.0,170.0,1,1,1.0
467,1,957.0,586.0,86.0,171.0,1,1,1.0
468,1,952.0,586.0,84.0,173.0,1,1,1.0
469,1,946.0,586.0,79.0,174.0,1,1,1.0
470,1,945.0,586.0,71.0,174.0,1,1,1.0
471,1,945.0,585.0,62.0,175.0,1,1,1.0
472,1,943.0,585.0,57.0,176.0,1,1,1.0
473,1,937.0,585.0,58.0,176.0,1,1,1.0
474,1,922.0,586.0,67.0,176.0,1,1,1.0
475,1,907.0,588.0,79.0,178.0,1,1,1.0
476,1,897.0,591.0,87.0,177.0,1,1,1.0
477,1,891.0,593.0,92.0,177.0,1,1,1.0
478,1,889.0,594.0,91.0,177.0,1,1,1.0
479,1,888.0,594.0,86.0,178.0,1,1,1.0
480,1,887.0,594.0,77.0,178.0,1,1,1.0
481,1,882.0,593.0,69.0,180.0,1,1,1.0
482,1,872.0,592.0,66.0,180.0,1,1,1.0
483,1,861.0,591.0,70.0,184.0,1,1,1.0
484,1,850.0,592.0,78.0,188.0,1,1,1.0
485,1,840.0,594.0,85.0,188.0,1,1,1.0
486,1,829.0,597.0,92.0,188.0,1,1,1.0
487,1,821.0,599.0,95.0,187.0,1,1,1.0
488,1,815.0,601.0,96.0,189.0,1,1,1.0
489,1,810.0,601.0,89.0,190.0,1,1,1.0
490,1,810.0,601.0,75.0,191.0,1,1,1.0
491,1,810.0,600.0,63.0,192.0,1,1,1.0
492,1,805.0,600.0,61.0,192.0,1,1,1.0
493,1,795.0,600.0,64.0,192.0,1,1,1.0
494,1,777.0,602.0,76.0,192.0,1,1,1.0
495,1,760.0,605.0,92.0,191.0,1,1,1.0
496,1,750.0,608.0,100.0,191.0,1,1,1.0
497,1,745.0,609.0,103.0,191.0,1,1,1.0
498,1,742.0,610.0,101.0,192.0,1,1,1.0
499,1,740.0,611.0,92.0,192.0,1,1,1.0
500,1,739.0,610.0,80.0,192.0,1,1,1.0
501,1,730.0,610.0,71.0,193.0,1,1,1.0
502,1,717.0,609.0,76.0,196.0,1,1,1.0
503,1,705.0,610.0,82.0,200.0,1,1,1.0
504,1,693.0,612.0,92.0,202.0,1,1,1.0
505,1,683.0,615.0,100.0,201.0,1,1,1.0
506,1,674.0,618.0,104.0,200.0,1,1,1.0
507,1,667.0,620.0,104.0,202.0,1,1,1.0
508,1,663.0,621.0,100.0,203.0,1,1,1.0
509,1,662.0,621.0,88.0,203.0,1,1,1.0
510,1,663.0,620.0,71.0,204.0,1,1,1.0
511,1,661.0,620.0,64.0,204.0,1,1,1.0
512,1,654.0,620.0,65.0,204.0,1,1,1.0
513,1,641.0,622.0,75.0,203.0,1,1,1.0
514,1,618.0,624.0,97.0,204.0,1,1,1.0
515,1,605.0,627.0,109.0,204.0,1,1,1.0
516,1,597.0,630.0,116.0,203.0,1,1,1.0
517,1,593.0,630.0,113.0,203.0,1,1,1.0
518,1,592.0,631.0,104.0,202.0,1,1,1.0
519,1,590.0,631.0,87.0,203.0,1,1,1.0
520,1,583.0,630.0,78.0,204.0,1,1,1.0
521,1,572.0,630.0,74.0,206.0,1,1,1.0
522,1,559.0,631.0,78.0,209.0,1,1,1.0
523,1,547.0,632.0,85.0,212.0,1,1,1.0
524,1,534.0,634.0,95.0,213.0,1,1,1.0
525,1,523.0,637.0,102.0,209.0,1,1,1.0
526,1,516.0,639.0,107.0,212.0,1,1,1.0
527,1,510.0,640.0,107.0,213.0,1,1,1.0
528,1,506.0,641.0,98.0,214.0,1,1,1.0
529,1,505.0,641.0,84.0,214.0,1,1,1.0
530,1,504.0,641.0,69.0,214.0,1,1,1.0
531,1,497.0,641.0,66.0,214.0,1,1,1.0
532,1,488.0,642.0,69.0,214.0,1,1,1.0
533,1,468.0,643.0,86.0,214.0,1,1,1.0
534,1,451.0,646.0,102.0,215.0,1,1,1.0
535,1,445.0,648.0,104.0,216.0,1,1,1.0
536,1,437.0,649.0,110.0,216.0,1,1,1.0
537,1,433.0,650.0,108.0,215.0,1,1,1.0
538,1,430.0,650.0,99.0,216.0,1,1,1.0
539,1,423.0,650.0,87.0,216.0,1,1,1.0
540,1,415.0,650.0,76.0,216.0,1,1,1.0
