1,1,949.0,226.0,38.0,116.0,1,1,1.0
1,2,985.0,215.0,43.0,127.0,1,1,1.0
2,1,948.0,226.0,38.0,118.0,1,1,1.0
2,2,985.0,216.0,42.0,128.0,1,1,1.0
3,1,948.0,227.0,39.0,117.0,1,1,1.0
3,2,985.0,217.0,42.0,127.0,1,1,1.0
4,1,948.0,228.0,41.0,117.0,1,1,1.0
4,2,986.0,218.0,41.0,127.0,1,1,1.0
5,1,947.0,229.0,43.0,119.0,1,1,1.0
5,2,987.0,218.0,42.0,130.0,1,1,1.0
6,1,947.0,229.0,44.0,120.0,1,1,1.0
6,2,988.0,218.0,44.0,131.0,1,1,1.0
7,1,947.0,229.0,44.0,121.0,1,1,1.0
7,2,988.0,218.0,45.0,132.0,1,1,1.0
8,1,948.0,229.0,43.0,121.0,1,1,1.0
8,2,989.0,218.0,48.0,133.0,1,1,1.0
9,1,948.0,229.0,42.0,121.0,1,1,1.0
9,2,989.0,217.0,49.0,133.0,1,1,1.0
10,1,948.0,229.0,42.0,122.0,1,1,1.0
10,2,989.0,216.0,51.0,133.0,1,1,1.0
11,1,948.0,230.0,42.0,122.0,1,1,1.0
11,2,989.0,217.0,52.0,134.0,1,1,1.0
12,1,949.0,231.0,43.0,122.0,1,1,1.0
12,2,990.0,217.0,52.0,135.0,1,1,1.0
13,1,949.0,233.0,43.0,122.0,1,1,1.0
13,2,990.0,218.0,54.0,135.0,1,1,1.0
14,1,948.0,234.0,43.0,123.0,1,1,1.0
14,2,989.0,219.0,55.0,136.0,1,1,1.0
15,1,947.0,235.0,42.0,123.0,1,1,1.0
15,2,988.0,220.0,54.0,136.0,1,1,1.0
16,1,946.0,235.0,42.0,124.0,1,1,1.0
16,2,988.0,221.0,54.0,138.0,1,1,1.0
17,1,946.0,235.0,42.0,124.0,1,1,1.0
17,2,988.0,221.0,53.0,138.0,1,1,1.0
18,1,944.0,234.0,44.0,125.0,1,1,1.0
18,2,986.0,221.0,52.0,137.0,1,1,1.0
19,1,943.0,234.0,44.0,125.0,1,1,1.0
19,2,986.0,221.0,51.0,138.0,1,1,1.0
20,1,942.0,234.0,44.0,125.0,1,1,1.0
20,2,985.0,220.0,50.0,138.0,1,1,1.0
21,1,942.0,235.0,44.0,126.0,1,1,1.0
21,2,985.0,221.0,49.0,138.0,1,1,1.0
22,1,943.0,235.0,44.0,126.0,1,1,1.0
22,2,985.0,221.0,48.0,140.0,1,1,1.0
23,1,942.0,236.0,44.0,126.0,1,1,1.0
23,2,985.0,222.0,46.0,141.0,1,1,1.0
24,1,943.0,238.0,45.0,127.0,1,1,1.0
24,2,985.0,223.0,46.0,140.0,1,1,1.0
25,1,943.0,239.0,45.0,127.0,1,1,1.0
25,2,986.0,225.0,45.0,140.0,1,1,1.0
26,1,945.0,239.0,44.0,128.0,1,1,1.0
26,2,987.0,226.0,45.0,140.0,1,1,1.0
27,1,946.0,239.0,43.0,129.0,1,1,1.0
27,2,987.0,227.0,46.0,142.0,1,1,1.0
28,1,946.0,239.0,43.0,129.0,1,1,1.0
28,2,987.0,227.0,47.0,142.0,1,1,1.0
29,1,946.0,239.0,43.0,129.0,1,1,1.0
29,2,987.0,226.0,49.0,143.0,1,1,1.0
30,1,946.0,239.0,44.0,129.0,1,1,1.0
30,2,988.0,226.0,50.0,143.0,1,1,1.0
31,1,947.0,239.0,45.0,130.0,1,1,1.0
31,2,989.0,226.0,50.0,143.0,1,1,1.0
32,1,946.0,239.0,46.0,132.0,1,1,1.0
32,2,988.0,225.0,51.0,144.0,1,1,1.0
33,1,947.0,240.0,45.0,132.0,1,1,1.0
33,2,988.0,226.0,52.0,145.0,1,1,1.0
34,1,947.0,242.0,45.0,132.0,1,1,1.0
34,2,988.0,228.0,53.0,145.0,1,1,1.0
35,1,948.0,243.0,45.0,133.0,1,1,1.0
35,2,988.0,230.0,54.0,145.0,1,1,1.0
36,1,948.0,243.0,45.0,134.0,1,1,1.0
36,2,989.0,230.0,55.0,146.0,1,1,1.0
37,1,946.0,243.0,44.0,135.0,1,1,1.0
37,2,988.0,231.0,55.0,146.0,1,1,1.0
38,1,946.0,243.0,44.0,135.0,1,1,1.0
38,2,987.0,232.0,55.0,147.0,1,1,1.0
39,1,945.0,243.0,45.0,135.0,1,1,1.0
39,2,987.0,232.0,55.0,147.0,1,1,1.0
40,1,945.0,244.0,45.0,135.0,1,1,1.0
40,2,987.0,231.0,55.0,147.0,1,1,1.0
41,1,943.0,244.0,46.0,135.0,1,1,1.0
41,2,986.0,231.0,53.0,148.0,1,1,1.0
42,1,941.0,244.0,47.0,135.0,1,1,1.0
42,2,986.0,231.0,52.0,149.0,1,1,1.0
43,1,941.0,246.0,49.0,136.0,1,1,1.0
43,2,986.0,231.0,51.0,151.0,1,1,1.0
44,1,940.0,247.0,48.0,136.0,1,1,1.0
44,2,986.0,233.0,50.0,150.0,1,1,1.0
45,1,941.0,249.0,49.0,136.0,1,1,1.0
45,2,987.0,235.0,49.0,150.0,1,1,1.0
46,1,941.0,250.0,49.0,136.0,1,1,1.0
46,2,987.0,236.0,48.0,151.0,1,1,1.0
47,1,941.0,251.0,49.0,138.0,1,1,1.0
47,2,988.0,237.0,49.0,153.0,1,1,1.0
48,1,942.0,251.0,50.0,139.0,1,1,1.0
48,2,989.0,238.0,49.0,153.0,1,1,1.0
49,1,944.0,251.0,50.0,139.0,1,1,1.0
49,2,992.0,238.0,51.0,153.0,1,1,1.0
50,1,946.0,250.0,49.0,139.0,1,1,1.0
50,2,993.0,237.0,53.0,153.0,1,1,1.0
51,1,947.0,250.0,48.0,139.0,1,1,1.0
51,2,993.0,237.0,54.0,153.0,1,1,1.0
52,1,947.0,251.0,48.0,139.0,1,1,1.0
52,2,992.0,237.0,57.0,153.0,1,1,1.0
53,1,947.0,252.0,48.0,139.0,1,1,1.0
53,2,993.0,238.0,59.0,153.0,1,1,1.0
54,1,949.0,251.0,49.0,139.0,1,1,1.0
54,2,994.0,237.0,61.0,154.0,1,1,1.0
55,1,946.0,254.0,49.0,142.0,1,1,1.0
55,2,992.0,239.0,62.0,156.0,1,1,1.0
56,1,947.0,255.0,48.0,143.0,1,1,1.0
56,2,992.0,240.0,63.0,157.0,1,1,1.0
57,1,945.0,256.0,49.0,143.0,1,1,1.0
57,2,991.0,242.0,64.0,158.0,1,1,1.0
58,1,945.0,257.0,50.0,144.0,1,1,1.0
58,2,993.0,243.0,64.0,158.0,1,1,1.0
59,1,945.0,255.0,51.0,144.0,1,1,1.0
59,2,995.0,241.0,64.0,159.0,1,1,1.0
60,1,942.0,258.0,50.0,144.0,1,1,1.0
60,2,992.0,245.0,62.0,158.0,1,1,1.0
61,1,942.0,258.0,51.0,145.0,1,1,1.0
61,2,993.0,245.0,62.0,158.0,1,1,1.0
62,1,941.0,257.0,52.0,145.0,1,1,1.0
62,2,993.0,244.0,60.0,159.0,1,1,1.0
63,1,942.0,256.0,53.0,145.0,1,1,1.0
63,2,995.0,242.0,60.0,159.0,1,1,1.0
64,1,941.0,256.0,54.0,147.0,1,1,1.0
64,2,994.0,242.0,58.0,161.0,1,1,1.0
65,1,941.0,258.0,54.0,148.0,1,1,1.0
65,2,995.0,243.0,57.0,163.0,1,1,1.0
66,1,939.0,261.0,55.0,148.0,1,1,1.0
66,2,993.0,247.0,56.0,162.0,1,1,1.0
67,1,940.0,264.0,54.0,149.0,1,1,1.0
67,2,995.0,250.0,56.0,162.0,1,1,1.0
68,1,941.0,262.0,54.0,150.0,1,1,1.0
68,2,997.0,249.0,56.0,164.0,1,1,1.0
69,1,938.0,264.0,55.0,151.0,1,1,1.0
69,2,995.0,252.0,56.0,165.0,1,1,1.0
70,1,940.0,265.0,55.0,151.0,1,1,1.0
70,2,997.0,253.0,58.0,165.0,1,1,1.0
71,1,940.0,265.0,55.0,151.0,1,1,1.0
71,2,998.0,252.0,60.0,166.0,1,1,1.0
72,1,943.0,264.0,56.0,150.0,1,1,1.0
72,2,1001.0,250.0,62.0,166.0,1,1,1.0
73,1,943.0,264.0,56.0,150.0,1,1,1.0
73,2,1001.0,249.0,65.0,167.0,1,1,1.0
74,1,943.0,264.0,55.0,153.0,1,1,1.0
74,2,1002.0,250.0,67.0,167.0,1,1,1.0
75,1,941.0,266.0,55.0,154.0,1,1,1.0
75,2,1001.0,251.0,69.0,168.0,1,1,1.0
76,1,942.0,269.0,56.0,154.0,1,1,1.0
76,2,1002.0,253.0,71.0,171.0,1,1,1.0
77,1,942.0,269.0,56.0,155.0,1,1,1.0
77,2,1003.0,253.0,72.0,172.0,1,1,1.0
78,1,939.0,272.0,55.0,156.0,1,1,1.0
78,2,999.0,256.0,73.0,172.0,1,1,1.0
79,1,940.0,273.0,54.0,157.0,1,1,1.0
79,2,1000.0,258.0,73.0,173.0,1,1,1.0
80,1,939.0,273.0,55.0,157.0,1,1,1.0
80,2,999.0,258.0,73.0,173.0,1,1,1.0
81,1,940.0,273.0,55.0,157.0,1,1,1.0
81,2,999.0,259.0,72.0,173.0,1,1,1.0
82,1,939.0,272.0,55.0,157.0,1,1,1.0
82,2,998.0,258.0,71.0,173.0,1,1,1.0
83,1,937.0,272.0,56.0,158.0,1,1,1.0
83,2,996.0,258.0,69.0,173.0,1,1,1.0
84,1,937.0,272.0,57.0,160.0,1,1,1.0
84,2,995.0,258.0,67.0,173.0,1,1,1.0
85,1,936.0,273.0,58.0,163.0,1,1,1.0
85,2,995.0,259.0,64.0,176.0,1,1,1.0
86,1,937.0,276.0,58.0,162.0,1,1,1.0
86,2,996.0,260.0,63.0,178.0,1,1,1.0
87,1,936.0,278.0,58.0,162.0,1,1,1.0
87,2,996.0,262.0,61.0,178.0,1,1,1.0
88,1,936.0,280.0,57.0,163.0,1,1,1.0
88,2,996.0,264.0,60.0,178.0,1,1,1.0
89,1,937.0,281.0,57.0,164.0,1,1,1.0
89,2,997.0,265.0,60.0,180.0,1,1,1.0
90,1,938.0,282.0,57.0,164.0,1,1,1.0
90,2,999.0,266.0,60.0,182.0,1,1,1.0
91,1,940.0,281.0,58.0,165.0,1,1,1.0
91,2,1002.0,266.0,61.0,182.0,1,1,1.0
92,1,938.0,282.0,58.0,165.0,1,1,1.0
92,2,1000.0,266.0,64.0,182.0,1,1,1.0
93,1,939.0,282.0,58.0,164.0,1,1,1.0
93,2,1001.0,266.0,67.0,183.0,1,1,1.0
94,1,939.0,282.0,59.0,165.0,1,1,1.0
94,2,1002.0,265.0,69.0,183.0,1,1,1.0
95,1,940.0,282.0,59.0,168.0,1,1,1.0
95,2,1002.0,265.0,73.0,183.0,1,1,1.0
96,1,939.0,284.0,59.0,169.0,1,1,1.0
96,2,1001.0,266.0,76.0,185.0,1,1,1.0
97,1,938.0,286.0,59.0,169.0,1,1,1.0
97,2,1000.0,268.0,78.0,185.0,1,1,1.0
98,1,937.0,287.0,59.0,171.0,1,1,1.0
98,2,1000.0,270.0,80.0,186.0,1,1,1.0
99,1,937.0,289.0,60.0,173.0,1,1,1.0
99,2,1000.0,272.0,81.0,187.0,1,1,1.0
100,1,936.0,290.0,60.0,173.0,1,1,1.0
100,2,1000.0,273.0,81.0,189.0,1,1,1.0
101,1,934.0,290.0,62.0,174.0,1,1,1.0
101,2,999.0,275.0,81.0,189.0,1,1,1.0
102,1,932.0,290.0,64.0,174.0,1,1,1.0
102,2,998.0,275.0,79.0,189.0,1,1,1.0
103,1,931.0,290.0,66.0,175.0,1,1,1.0
103,2,998.0,276.0,78.0,188.0,1,1,1.0
104,1,931.0,290.0,67.0,175.0,1,1,1.0
104,2,997.0,276.0,76.0,188.0,1,1,1.0
105,1,932.0,290.0,67.0,176.0,1,1,1.0
105,2,998.0,276.0,74.0,188.0,1,1,1.0
106,1,929.0,290.0,67.0,180.0,1,1,1.0
106,2,996.0,276.0,71.0,190.0,1,1,1.0
107,1,930.0,292.0,66.0,181.0,1,1,1.0
107,2,996.0,278.0,70.0,193.0,1,1,1.0
108,1,930.0,294.0,65.0,182.0,1,1,1.0
108,2,996.0,281.0,68.0,192.0,1,1,1.0
109,1,930.0,297.0,65.0,182.0,1,1,1.0
109,2,997.0,283.0,67.0,192.0,1,1,1.0
110,1,931.0,299.0,65.0,183.0,1,1,1.0
110,2,997.0,285.0,67.0,194.0,1,1,1.0
111,1,931.0,299.0,65.0,183.0,1,1,1.0
111,2,998.0,287.0,67.0,197.0,1,1,1.0
112,1,930.0,300.0,66.0,183.0,1,1,1.0
112,2,999.0,287.0,69.0,197.0,1,1,1.0
113,1,930.0,300.0,66.0,184.0,1,1,1.0
113,2,999.0,288.0,72.0,197.0,1,1,1.0
114,1,932.0,298.0,67.0,184.0,1,1,1.0
114,2,1000.0,286.0,75.0,198.0,1,1,1.0
115,1,930.0,299.0,66.0,186.0,1,1,1.0
115,2,998.0,286.0,79.0,199.0,1,1,1.0
116,1,931.0,300.0,65.0,189.0,1,1,1.0
116,2,998.0,286.0,82.0,199.0,1,1,1.0
117,1,931.0,302.0,64.0,190.0,1,1,1.0
117,2,998.0,286.0,85.0,199.0,1,1,1.0
118,1,932.0,304.0,62.0,191.0,1,1,1.0
118,2,998.0,287.0,87.0,202.0,1,1,1.0
119,1,934.0,305.0,61.0,192.0,1,1,1.0
119,2,999.0,286.0,89.0,205.0,1,1,1.0
120,1,930.0,309.0,61.0,193.0,1,1,1.0
120,2,995.0,290.0,90.0,207.0,1,1,1.0
121,1,931.0,312.0,61.0,194.0,1,1,1.0
121,2,995.0,291.0,90.0,210.0,1,1,1.0
122,1,930.0,311.0,62.0,196.0,1,1,1.0
122,2,994.0,291.0,90.0,212.0,1,1,1.0
123,1,930.0,310.0,65.0,196.0,1,1,1.0
123,2,995.0,289.0,90.0,213.0,1,1,1.0
124,1,926.0,312.0,67.0,196.0,1,1,1.0
124,2,991.0,291.0,88.0,213.0,1,1,1.0
125,1,925.0,312.0,68.0,197.0,1,1,1.0
125,2,991.0,291.0,86.0,213.0,1,1,1.0
126,1,924.0,311.0,68.0,197.0,1,1,1.0
126,2,990.0,291.0,83.0,213.0,1,1,1.0
127,1,925.0,312.0,69.0,200.0,1,1,1.0
127,2,991.0,292.0,79.0,213.0,1,1,1.0
128,1,925.0,312.0,72.0,203.0,1,1,1.0
128,2,992.0,290.0,75.0,218.0,1,1,1.0
129,1,921.0,317.0,73.0,204.0,1,1,1.0
129,2,988.0,294.0,71.0,221.0,1,1,1.0
130,1,923.0,321.0,74.0,203.0,1,1,1.0
130,2,990.0,298.0,69.0,221.0,1,1,1.0
131,1,923.0,324.0,75.0,204.0,1,1,1.0
131,2,991.0,299.0,69.0,223.0,1,1,1.0
132,1,924.0,325.0,74.0,205.0,1,1,1.0
132,2,992.0,301.0,70.0,226.0,1,1,1.0
133,1,924.0,325.0,75.0,205.0,1,1,1.0
133,2,993.0,302.0,72.0,227.0,1,1,1.0
134,1,922.0,325.0,75.0,207.0,1,1,1.0
134,2,992.0,302.0,75.0,227.0,1,1,1.0
135,1,922.0,325.0,74.0,207.0,1,1,1.0
135,2,992.0,303.0,79.0,227.0,1,1,1.0
136,1,921.0,326.0,74.0,206.0,1,1,1.0
136,2,992.0,303.0,83.0,227.0,1,1,1.0
137,1,922.0,326.0,74.0,210.0,1,1,1.0
137,2,994.0,303.0,87.0,227.0,1,1,1.0
138,1,922.0,329.0,74.0,213.0,1,1,1.0
138,2,993.0,304.0,91.0,228.0,1,1,1.0
139,1,922.0,332.0,73.0,214.0,1,1,1.0
139,2,992.0,305.0,94.0,232.0,1,1,1.0
140,1,921.0,335.0,74.0,214.0,1,1,1.0
140,2,992.0,307.0,96.0,235.0,1,1,1.0
141,1,920.0,338.0,73.0,215.0,1,1,1.0
141,2,992.0,309.0,98.0,237.0,1,1,1.0
142,1,919.0,341.0,74.0,218.0,1,1,1.0
142,2,992.0,311.0,99.0,240.0,1,1,1.0
143,1,917.0,342.0,74.0,219.0,1,1,1.0
143,2,990.0,313.0,99.0,244.0,1,1,1.0
144,1,914.0,343.0,76.0,218.0,1,1,1.0
144,2,990.0,315.0,99.0,244.0,1,1,1.0
145,1,912.0,344.0,80.0,218.0,1,1,1.0
145,2,989.0,317.0,98.0,244.0,1,1,1.0
146,1,909.0,345.0,84.0,217.0,1,1,1.0
146,2,989.0,317.0,96.0,244.0,1,1,1.0
147,1,907.0,345.0,85.0,217.0,1,1,1.0
147,2,988.0,317.0,93.0,244.0,1,1,1.0
148,1,905.0,347.0,86.0,219.0,1,1,1.0
148,2,988.0,318.0,90.0,243.0,1,1,1.0
149,1,905.0,350.0,87.0,223.0,1,1,1.0
149,2,987.0,320.0,87.0,248.0,1,1,1.0
150,1,905.0,354.0,87.0,225.0,1,1,1.0
150,2,987.0,323.0,84.0,251.0,1,1,1.0
151,1,905.0,358.0,87.0,226.0,1,1,1.0
151,2,988.0,326.0,82.0,251.0,1,1,1.0
152,1,906.0,361.0,88.0,227.0,1,1,1.0
152,2,990.0,329.0,80.0,254.0,1,1,1.0
153,1,906.0,363.0,88.0,228.0,1,1,1.0
153,2,991.0,333.0,80.0,257.0,1,1,1.0
154,1,907.0,364.0,88.0,228.0,1,1,1.0
154,2,993.0,336.0,81.0,258.0,1,1,1.0
155,1,907.0,365.0,88.0,228.0,1,1,1.0
155,2,994.0,338.0,84.0,257.0,1,1,1.0
156,1,907.0,366.0,87.0,228.0,1,1,1.0
156,2,995.0,338.0,88.0,257.0,1,1,1.0
157,1,907.0,366.0,87.0,227.0,1,1,1.0
157,2,995.0,338.0,93.0,257.0,1,1,1.0
158,1,908.0,367.0,85.0,232.0,1,1,1.0
158,2,995.0,338.0,98.0,257.0,1,1,1.0
159,1,908.0,370.0,83.0,238.0,1,1,1.0
159,2,995.0,340.0,103.0,258.0,1,1,1.0
160,1,908.0,373.0,83.0,238.0,1,1,1.0
160,2,995.0,341.0,107.0,264.0,1,1,1.0
161,1,907.0,377.0,84.0,239.0,1,1,1.0
161,2,996.0,344.0,109.0,266.0,1,1,1.0
162,1,907.0,380.0,84.0,241.0,1,1,1.0
162,2,996.0,347.0,111.0,268.0,1,1,1.0
163,1,908.0,383.0,83.0,244.0,1,1,1.0
163,2,996.0,350.0,113.0,271.0,1,1,1.0
164,1,907.0,384.0,83.0,245.0,1,1,1.0
164,2,996.0,353.0,114.0,275.0,1,1,1.0
165,1,904.0,386.0,89.0,245.0,1,1,1.0
165,2,996.0,356.0,113.0,276.0,1,1,1.0
166,1,902.0,387.0,92.0,245.0,1,1,1.0
166,2,997.0,357.0,110.0,275.0,1,1,1.0
167,1,902.0,388.0,93.0,244.0,1,1,1.0
167,2,997.0,358.0,107.0,275.0,1,1,1.0
168,1,901.0,389.0,92.0,249.0,1,1,1.0
168,2,996.0,358.0,103.0,275.0,1,1,1.0
169,1,900.0,392.0,91.0,256.0,1,1,1.0
169,2,996.0,360.0,100.0,280.0,1,1,1.0
170,1,899.0,395.0,90.0,257.0,1,1,1.0
170,2,995.0,362.0,98.0,287.0,1,1,1.0
171,1,899.0,401.0,89.0,258.0,1,1,1.0
171,2,995.0,366.0,96.0,287.0,1,1,1.0
172,1,899.0,405.0,89.0,260.0,1,1,1.0
172,2,996.0,371.0,95.0,288.0,1,1,1.0
173,1,899.0,407.0,89.0,262.0,1,1,1.0
173,2,997.0,375.0,95.0,294.0,1,1,1.0
174,1,898.0,409.0,92.0,263.0,1,1,1.0
174,2,999.0,379.0,95.0,296.0,1,1,1.0
175,1,896.0,409.0,96.0,263.0,1,1,1.0
175,2,1000.0,381.0,98.0,295.0,1,1,1.0
176,1,896.0,410.0,98.0,262.0,1,1,1.0
176,2,1000.0,383.0,102.0,295.0,1,1,1.0
177,1,896.0,411.0,98.0,261.0,1,1,1.0
177,2,1000.0,383.0,107.0,295.0,1,1,1.0
178,1,894.0,413.0,99.0,266.0,1,1,1.0
178,2,1000.0,383.0,113.0,294.0,1,1,1.0
179,1,893.0,416.0,100.0,275.0,1,1,1.0
179,2,999.0,384.0,118.0,293.0,1,1,1.0
180,1,892.0,420.0,100.0,277.0,1,1,1.0
180,2,998.0,386.0,122.0,299.0,1,1,1.0
181,1,893.0,425.0,99.0,278.0,1,1,1.0
181,2,998.0,389.0,126.0,305.0,1,1,1.0
182,1,892.0,430.0,99.0,283.0,1,1,1.0
182,2,998.0,391.0,128.0,309.0,1,1,1.0
183,1,892.0,433.0,99.0,284.0,1,1,1.0
183,2,998.0,395.0,130.0,312.0,1,1,1.0
184,1,891.0,435.0,99.0,284.0,1,1,1.0
184,2,997.0,398.0,131.0,317.0,1,1,1.0
185,1,889.0,437.0,102.0,283.0,1,1,1.0
185,2,996.0,401.0,130.0,323.0,1,1,1.0
186,1,888.0,438.0,104.0,283.0,1,1,1.0
186,2,996.0,406.0,129.0,322.0,1,1,1.0
187,1,887.0,439.0,107.0,283.0,1,1,1.0
187,2,995.0,407.0,126.0,322.0,1,1,1.0
188,1,888.0,440.0,109.0,281.0,1,1,1.0
188,2,996.0,407.0,124.0,321.0,1,1,1.0
189,1,888.0,442.0,112.0,288.0,1,1,1.0
189,2,996.0,406.0,121.0,321.0,1,1,1.0
190,1,884.0,447.0,113.0,294.0,1,1,1.0
190,2,992.0,410.0,117.0,320.0,1,1,1.0
191,1,884.0,453.0,113.0,296.0,1,1,1.0
191,2,992.0,414.0,115.0,327.0,1,1,1.0
192,1,883.0,458.0,113.0,297.0,1,1,1.0
192,2,992.0,419.0,112.0,334.0,1,1,1.0
193,1,885.0,463.0,112.0,301.0,1,1,1.0
193,2,994.0,422.0,110.0,335.0,1,1,1.0
194,1,885.0,466.0,112.0,304.0,1,1,1.0
194,2,995.0,427.0,109.0,339.0,1,1,1.0
195,1,886.0,468.0,113.0,305.0,1,1,1.0
195,2,996.0,434.0,110.0,345.0,1,1,1.0
196,1,888.0,470.0,115.0,304.0,1,1,1.0
196,2,998.0,438.0,112.0,348.0,1,1,1.0
197,1,891.0,472.0,117.0,303.0,1,1,1.0
197,2,1001.0,442.0,115.0,346.0,1,1,1.0
198,1,892.0,473.0,115.0,302.0,1,1,1.0
198,2,1003.0,444.0,120.0,345.0,1,1,1.0
199,1,891.0,475.0,114.0,305.0,1,1,1.0
199,2,1003.0,444.0,126.0,345.0,1,1,1.0
200,1,891.0,479.0,115.0,316.0,1,1,1.0
200,2,1004.0,446.0,133.0,343.0,1,1,1.0
201,1,891.0,485.0,113.0,321.0,1,1,1.0
201,2,1004.0,447.0,139.0,343.0,1,1,1.0
202,1,894.0,490.0,108.0,322.0,1,1,1.0
202,2,1004.0,449.0,145.0,354.0,1,1,1.0
203,1,895.0,496.0,106.0,325.0,1,1,1.0
203,2,1004.0,453.0,150.0,362.0,1,1,1.0
204,1,894.0,500.0,105.0,330.0,1,1,1.0
204,2,1003.0,459.0,153.0,364.0,1,1,1.0
205,1,891.0,503.0,107.0,332.0,1,1,1.0
205,2,1003.0,465.0,155.0,368.0,1,1,1.0
206,1,889.0,507.0,111.0,331.0,1,1,1.0
206,2,1002.0,472.0,157.0,375.0,1,1,1.0
207,1,885.0,509.0,118.0,328.0,1,1,1.0
207,2,1002.0,476.0,157.0,376.0,1,1,1.0
208,1,883.0,511.0,123.0,327.0,1,1,1.0
208,2,1001.0,479.0,156.0,375.0,1,1,1.0
209,1,880.0,514.0,126.0,325.0,1,1,1.0
209,2,1001.0,482.0,153.0,373.0,1,1,1.0
210,1,878.0,517.0,127.0,331.0,1,1,1.0
210,2,1000.0,484.0,149.0,371.0,1,1,1.0
211,1,876.0,521.0,129.0,344.0,1,1,1.0
211,2,1001.0,486.0,144.0,370.0,1,1,1.0
212,1,873.0,528.0,129.0,351.0,1,1,1.0
212,2,1001.0,489.0,139.0,371.0,1,1,1.0
213,1,872.0,534.0,130.0,353.0,1,1,1.0
213,2,1000.0,493.0,136.0,385.0,1,1,1.0
214,1,872.0,542.0,130.0,355.0,1,1,1.0
214,2,1001.0,499.0,133.0,394.0,1,1,1.0
215,1,871.0,547.0,132.0,360.0,1,1,1.0
215,2,1002.0,506.0,132.0,397.0,1,1,1.0
216,1,872.0,552.0,132.0,360.0,1,1,1.0
216,2,1004.0,513.0,133.0,403.0,1,1,1.0
217,1,872.0,556.0,134.0,358.0,1,1,1.0
217,2,1007.0,519.0,134.0,407.0,1,1,1.0
218,1,872.0,559.0,135.0,356.0,1,1,1.0
218,2,1008.0,524.0,138.0,406.0,1,1,1.0
219,1,873.0,561.0,136.0,355.0,1,1,1.0
219,2,1010.0,526.0,143.0,406.0,1,1,1.0
220,1,876.0,564.0,134.0,353.0,1,1,1.0
220,2,1012.0,529.0,149.0,403.0,1,1,1.0
221,1,877.0,569.0,130.0,368.0,1,1,1.0
221,2,1014.0,532.0,156.0,400.0,1,1,1.0
222,1,878.0,576.0,130.0,380.0,1,1,1.0
222,2,1015.0,535.0,163.0,397.0,1,1,1.0
223,1,877.0,585.0,131.0,381.0,1,1,1.0
223,2,1017.0,539.0,170.0,402.0,1,1,1.0
224,1,875.0,594.0,133.0,382.0,1,1,1.0
224,2,1017.0,543.0,177.0,418.0,1,1,1.0
225,1,873.0,602.0,135.0,389.0,1,1,1.0
225,2,1016.0,549.0,182.0,429.0,1,1,1.0
226,1,871.0,609.0,136.0,391.0,1,1,1.0
226,2,1015.0,555.0,186.0,434.0,1,1,1.0
227,1,867.0,617.0,139.0,388.0,1,1,1.0
227,2,1014.0,562.0,189.0,442.0,1,1,1.0
228,1,863.0,623.0,146.0,384.0,1,1,1.0
228,2,1013.0,569.0,190.0,449.0,1,1,1.0
229,1,859.0,627.0,153.0,380.0,1,1,1.0
229,2,1011.0,576.0,188.0,448.0,1,1,1.0
230,1,855.0,631.0,158.0,377.0,1,1,1.0
230,2,1010.0,580.0,185.0,446.0,1,1,1.0
231,1,852.0,635.0,161.0,374.0,1,1,1.0
231,2,1008.0,584.0,181.0,442.0,1,1,1.0
232,1,849.0,638.0,162.0,391.0,1,1,1.0
232,2,1007.0,588.0,176.0,438.0,1,1,1.0
233,1,846.0,643.0,163.0,409.0,1,1,1.0
233,2,1006.0,590.0,173.0,435.0,1,1,1.0
234,1,843.0,652.0,163.0,414.0,1,1,1.0
234,2,1005.0,596.0,169.0,439.0,1,1,1.0
235,1,844.0,662.0,163.0,415.0,1,1,1.0
235,2,1007.0,605.0,165.0,454.0,1,1,1.0
236,1,845.0,672.0,164.0,410.0,1,1,1.0
236,2,1007.0,613.0,163.0,462.0,1,1,1.0
237,1,845.0,680.0,164.0,402.0,1,1,1.0
237,2,1008.0,624.0,162.0,456.0,1,1,1.0
238,1,845.0,687.0,166.0,395.0,1,1,1.0
238,2,1009.0,634.0,164.0,448.0,1,1,1.0
239,1,844.0,692.0,171.0,391.0,1,1,1.0
239,2,1011.0,644.0,167.0,439.0,1,1,1.0
240,1,842.0,695.0,176.0,387.0,1,1,1.0
240,2,1015.0,650.0,170.0,432.0,1,1,1.0
241,1,847.0,699.0,173.0,382.0,1,1,1.0
241,2,1019.0,657.0,176.0,425.0,1,1,1.0
242,1,847.0,706.0,167.0,375.0,1,1,1.0
242,2,1017.0,662.0,183.0,420.0,1,1,1.0
243,1,849.0,714.0,165.0,367.0,1,1,1.0
243,2,1019.0,667.0,192.0,414.0,1,1,1.0
244,1,845.0,726.0,168.0,355.0,1,1,1.0
244,2,1020.0,672.0,201.0,409.0,1,1,1.0
245,1,843.0,738.0,171.0,342.0,1,1,1.0
245,2,1022.0,675.0,210.0,406.0,1,1,1.0
246,1,839.0,750.0,174.0,329.0,1,1,1.0
246,2,1020.0,682.0,219.0,398.0,1,1,1.0
247,1,833.0,761.0,176.0,318.0,1,1,1.0
247,2,1018.0,692.0,226.0,388.0,1,1,1.0
248,1,829.0,771.0,178.0,309.0,1,1,1.0
248,2,1018.0,704.0,231.0,376.0,1,1,1.0
249,1,824.0,780.0,183.0,299.0,1,1,1.0
249,2,1016.0,715.0,234.0,364.0,1,1,1.0
250,1,820.0,789.0,189.0,291.0,1,1,1.0
250,2,1015.0,727.0,235.0,353.0,1,1,1.0
251,1,817.0,796.0,193.0,283.0,1,1,1.0
251,2,1014.0,737.0,232.0,343.0,1,1,1.0
252,1,816.0,802.0,194.0,276.0,1,1,1.0
252,2,1012.0,744.0,229.0,335.0,1,1,1.0
253,1,815.0,810.0,196.0,269.0,1,1,1.0
253,2,1010.0,751.0,227.0,328.0,1,1,1.0
254,1,812.0,819.0,201.0,259.0,1,1,1.0
254,2,1008.0,759.0,225.0,320.0,1,1,1.0
255,1,808.0,830.0,207.0,249.0,1,1,1.0
255,2,1006.0,768.0,222.0,311.0,1,1,1.0
256,1,803.0,842.0,212.0,236.0,1,1,1.0
256,2,1003.0,776.0,218.0,302.0,1,1,1.0
257,1,802.0,856.0,213.0,223.0,1,1,1.0
257,2,1004.0,788.0,214.0,291.0,1,1,1.0
258,1,803.0,868.0,210.0,211.0,1,1,1.0
258,2,1005.0,800.0,212.0,279.0,1,1,1.0
259,1,804.0,878.0,207.0,200.0,1,1,1.0
259,2,1006.0,812.0,212.0,266.0,1,1,1.0
260,1,807.0,890.0,201.0,189.0,1,1,1.0
260,2,1008.0,827.0,213.0,252.0,1,1,1.0
261,1,806.0,899.0,196.0,180.0,1,1,1.0
261,2,1010.0,839.0,218.0,239.0,1,1,1.0
262,1,807.0,909.0,191.0,169.0,1,1,1.0
262,2,1013.0,850.0,222.0,229.0,1,1,1.0
263,1,806.0,917.0,189.0,161.0,1,1,1.0
263,2,1016.0,858.0,229.0,220.0,1,1,1.0
264,1,801.0,926.0,190.0,152.0,1,1,1.0
264,2,1017.0,866.0,237.0,213.0,1,1,1.0
265,1,797.0,937.0,189.0,141.0,1,1,1.0
265,2,1018.0,872.0,246.0,207.0,1,1,1.0
266,1,794.0,951.0,184.0,128.0,1,1,1.0
266,2,1018.0,879.0,254.0,200.0,1,1,1.0
267,1,796.0,966.0,169.0,113.0,1,1,1.0
267,2,1019.0,888.0,258.0,191.0,1,1,1.0
268,1,802.0,982.0,140.0,97.0,1,1,1.0
268,2,1021.0,897.0,259.0,181.0,1,1,1.0
269,1,802.0,1001.0,115.0,78.0,1,1,1.0
269,2,1022.0,910.0,253.0,169.0,1,1,1.0
270,2,1023.0,922.0,244.0,157.0,1,1,1.0
271,2,1024.0,933.0,233.0,145.0,1,1,1.0
272,2,1023.0,947.0,223.0,132.0,1,1,1.0
273,2,1020.0,959.0,214.0,120.0,1,1,1.0
274,2,1020.0,970.0,204.0,108.0,1,1,1.0
275,2,1020.0,981.0,191.0,97.0,1,1,1.0
277,2,1014.0,1001.0,164.0,79.0,1,1,1.0
278,2,1010.0,1012.0,144.0,68.0,1,1,1.0
319,3,536.0,988.0,101.0,90.0,1,1,1.0
320,3,530.0,981.0,99.0,97.0,1,1,1.0
321,3,521.0,974.0,110.0,105.0,1,1,1.0
322,3,510.0,963.0,139.0,115.0,1,1,1.0
323,3,499.0,952.0,160.0,127.0,1,1,1.0
323,4,183.0,1012.0,78.0,67.0,1,1,1.0
324,3,488.0,941.0,174.0,137.0,1,1,1.0
324,4,173.0,1001.0,78.0,78.0,1,1,1.0
325,3,476.0,930.0,184.0,148.0,1,1,1.0
325,4,161.0,986.0,89.0,92.0,1,1,1.0
326,3,460.0,915.0,194.0,164.0,1,1,1.0
326,4,149.0,968.0,118.0,111.0,1,1,1.0
327,3,449.0,904.0,202.0,174.0,1,1,1.0
327,4,145.0,954.0,137.0,125.0,1,1,1.0
328,3,441.0,895.0,206.0,183.0,1,1,1.0
328,4,143.0,944.0,151.0,135.0,1,1,1.0
329,3,432.0,887.0,209.0,192.0,1,1,1.0
329,4,135.0,934.0,167.0,145.0,1,1,1.0
330,3,424.0,878.0,211.0,200.0,1,1,1.0
330,4,129.0,923.0,181.0,156.0,1,1,1.0
331,3,420.0,868.0,210.0,210.0,1,1,1.0
331,4,126.0,911.0,193.0,168.0,1,1,1.0
332,3,415.0,857.0,211.0,222.0,1,1,1.0
332,4,122.0,897.0,204.0,181.0,1,1,1.0
333,3,408.0,844.0,211.0,234.0,1,1,1.0
333,4,120.0,882.0,213.0,196.0,1,1,1.0
334,3,404.0,833.0,208.0,245.0,1,1,1.0
334,4,121.0,868.0,217.0,211.0,1,1,1.0
335,3,397.0,822.0,202.0,256.0,1,1,1.0
335,4,123.0,853.0,219.0,225.0,1,1,1.0
336,3,389.0,811.0,196.0,267.0,1,1,1.0
336,4,124.0,838.0,218.0,240.0,1,1,1.0
337,3,382.0,807.0,191.0,271.0,1,1,1.0
337,4,127.0,827.0,215.0,251.0,1,1,1.0
338,3,374.0,800.0,193.0,278.0,1,1,1.0
338,4,126.0,817.0,213.0,262.0,1,1,1.0
339,3,367.0,794.0,198.0,284.0,1,1,1.0
339,4,125.0,809.0,208.0,269.0,1,1,1.0
340,3,362.0,789.0,206.0,289.0,1,1,1.0
340,4,124.0,804.0,205.0,275.0,1,1,1.0
341,3,357.0,785.0,209.0,294.0,1,1,1.0
341,4,122.0,797.0,202.0,281.0,1,1,1.0
342,3,352.0,777.0,211.0,301.0,1,1,1.0
342,4,118.0,790.0,199.0,288.0,1,1,1.0
343,3,346.0,769.0,207.0,309.0,1,1,1.0
343,4,115.0,782.0,197.0,296.0,1,1,1.0
344,3,340.0,759.0,196.0,319.0,1,1,1.0
344,4,111.0,772.0,197.0,306.0,1,1,1.0
345,3,333.0,749.0,180.0,329.0,1,1,1.0
345,4,108.0,761.0,202.0,317.0,1,1,1.0
346,3,328.0,740.0,178.0,338.0,1,1,1.0
346,4,104.0,750.0,204.0,328.0,1,1,1.0
347,3,324.0,731.0,178.0,347.0,1,1,1.0
347,4,99.0,740.0,205.0,338.0,1,1,1.0
348,3,320.0,726.0,179.0,352.0,1,1,1.0
348,4,94.0,730.0,207.0,348.0,1,1,1.0
349,3,317.0,720.0,179.0,358.0,1,1,1.0
349,4,90.0,723.0,210.0,355.0,1,1,1.0
350,3,315.0,716.0,189.0,362.0,1,1,1.0
350,4,88.0,717.0,212.0,361.0,1,1,1.0
351,3,313.0,711.0,197.0,367.0,1,1,1.0
351,4,89.0,708.0,209.0,370.0,1,1,1.0
352,3,313.0,704.0,191.0,375.0,1,1,1.0
352,4,91.0,702.0,204.0,376.0,1,1,1.0
353,3,311.0,695.0,182.0,384.0,1,1,1.0
353,4,93.0,694.0,198.0,384.0,1,1,1.0
354,3,312.0,686.0,174.0,393.0,1,1,1.0
354,4,97.0,685.0,192.0,393.0,1,1,1.0
355,3,313.0,677.0,168.0,391.0,1,1,1.0
355,4,101.0,677.0,187.0,401.0,1,1,1.0
356,3,312.0,670.0,169.0,382.0,1,1,1.0
356,4,104.0,666.0,183.0,412.0,1,1,1.0
357,3,311.0,662.0,170.0,383.0,1,1,1.0
357,4,107.0,655.0,181.0,423.0,1,1,1.0
358,3,308.0,656.0,168.0,387.0,1,1,1.0
358,4,109.0,647.0,179.0,431.0,1,1,1.0
359,3,306.0,650.0,165.0,391.0,1,1,1.0
359,4,109.0,639.0,178.0,439.0,1,1,1.0
360,3,306.0,647.0,157.0,392.0,1,1,1.0
360,4,111.0,635.0,176.0,443.0,1,1,1.0
361,3,306.0,645.0,152.0,391.0,1,1,1.0
361,4,99.0,633.0,188.0,445.0,1,1,1.0
362,3,305.0,642.0,153.0,385.0,1,1,1.0
362,4,94.0,631.0,193.0,447.0,1,1,1.0
363,3,301.0,637.0,161.0,380.0,1,1,1.0
363,4,101.0,628.0,185.0,444.0,1,1,1.0
364,3,300.0,630.0,164.0,369.0,1,1,1.0
364,4,102.0,625.0,179.0,436.0,1,1,1.0
365,3,299.0,624.0,163.0,356.0,1,1,1.0
365,4,103.0,619.0,173.0,427.0,1,1,1.0
366,3,298.0,617.0,160.0,350.0,1,1,1.0
366,4,103.0,614.0,170.0,410.0,1,1,1.0
367,3,295.0,612.0,157.0,350.0,1,1,1.0
367,4,101.0,608.0,169.0,403.0,1,1,1.0
368,3,293.0,607.0,151.0,354.0,1,1,1.0
368,4,100.0,602.0,168.0,404.0,1,1,1.0
369,3,293.0,604.0,149.0,358.0,1,1,1.0
369,4,98.0,597.0,172.0,408.0,1,1,1.0
370,3,292.0,601.0,152.0,360.0,1,1,1.0
370,4,97.0,592.0,176.0,412.0,1,1,1.0
371,3,291.0,599.0,149.0,361.0,1,1,1.0
371,4,98.0,589.0,178.0,413.0,1,1,1.0
372,3,291.0,595.0,146.0,360.0,1,1,1.0
372,4,101.0,586.0,175.0,412.0,1,1,1.0
373,3,291.0,590.0,143.0,357.0,1,1,1.0
373,4,103.0,582.0,172.0,407.0,1,1,1.0
374,3,291.0,583.0,142.0,351.0,1,1,1.0
374,4,108.0,576.0,168.0,393.0,1,1,1.0
375,3,292.0,576.0,144.0,342.0,1,1,1.0
375,4,112.0,569.0,165.0,394.0,1,1,1.0
376,3,292.0,570.0,143.0,335.0,1,1,1.0
376,4,115.0,563.0,161.0,374.0,1,1,1.0
377,3,293.0,564.0,140.0,328.0,1,1,1.0
377,4,119.0,556.0,157.0,370.0,1,1,1.0
378,3,293.0,559.0,139.0,329.0,1,1,1.0
378,4,123.0,550.0,153.0,373.0,1,1,1.0
379,3,293.0,555.0,136.0,331.0,1,1,1.0
379,4,126.0,546.0,150.0,375.0,1,1,1.0
380,3,292.0,552.0,133.0,333.0,1,1,1.0
380,4,130.0,543.0,146.0,378.0,1,1,1.0
381,3,292.0,550.0,134.0,333.0,1,1,1.0
381,4,132.0,541.0,144.0,379.0,1,1,1.0
382,3,291.0,549.0,131.0,330.0,1,1,1.0
382,4,131.0,540.0,144.0,378.0,1,1,1.0
383,3,290.0,547.0,131.0,326.0,1,1,1.0
383,4,131.0,540.0,144.0,371.0,1,1,1.0
384,3,288.0,543.0,137.0,319.0,1,1,1.0
384,4,130.0,538.0,143.0,361.0,1,1,1.0
385,3,284.0,538.0,142.0,309.0,1,1,1.0
385,4,128.0,533.0,142.0,359.0,1,1,1.0
386,3,281.0,534.0,140.0,301.0,1,1,1.0
386,4,127.0,528.0,140.0,348.0,1,1,1.0
387,3,279.0,530.0,132.0,300.0,1,1,1.0
387,4,126.0,523.0,139.0,343.0,1,1,1.0
388,3,277.0,525.0,124.0,303.0,1,1,1.0
388,4,125.0,518.0,137.0,345.0,1,1,1.0
389,3,276.0,522.0,121.0,306.0,1,1,1.0
389,4,124.0,514.0,137.0,349.0,1,1,1.0
390,3,275.0,519.0,118.0,308.0,1,1,1.0
390,4,123.0,511.0,140.0,351.0,1,1,1.0
391,3,275.0,517.0,115.0,309.0,1,1,1.0
391,4,123.0,510.0,142.0,353.0,1,1,1.0
392,3,274.0,517.0,114.0,308.0,1,1,1.0
392,4,123.0,508.0,142.0,353.0,1,1,1.0
393,3,274.0,515.0,115.0,306.0,1,1,1.0
393,4,125.0,506.0,138.0,351.0,1,1,1.0
394,3,274.0,512.0,114.0,305.0,1,1,1.0
394,4,127.0,502.0,136.0,346.0,1,1,1.0
395,3,273.0,507.0,114.0,298.0,1,1,1.0
395,4,129.0,498.0,134.0,326.0,1,1,1.0
396,3,272.0,503.0,113.0,285.0,1,1,1.0
396,4,132.0,494.0,131.0,323.0,1,1,1.0
397,3,272.0,499.0,112.0,281.0,1,1,1.0
397,4,135.0,491.0,128.0,319.0,1,1,1.0
398,3,271.0,495.0,111.0,280.0,1,1,1.0
398,4,138.0,487.0,126.0,318.0,1,1,1.0
399,3,271.0,491.0,109.0,283.0,1,1,1.0
399,4,140.0,485.0,123.0,320.0,1,1,1.0
400,3,270.0,488.0,112.0,285.0,1,1,1.0
400,4,143.0,483.0,120.0,321.0,1,1,1.0
401,3,269.0,486.0,112.0,285.0,1,1,1.0
401,4,145.0,481.0,118.0,323.0,1,1,1.0
402,3,268.0,486.0,112.0,284.0,1,1,1.0
402,4,146.0,481.0,117.0,323.0,1,1,1.0
403,3,268.0,486.0,114.0,280.0,1,1,1.0
403,4,145.0,481.0,118.0,322.0,1,1,1.0
404,3,267.0,485.0,113.0,279.0,1,1,1.0
404,4,144.0,480.0,119.0,318.0,1,1,1.0
405,3,264.0,480.0,115.0,266.0,1,1,1.0
405,4,141.0,475.0,118.0,312.0,1,1,1.0
406,3,261.0,477.0,114.0,261.0,1,1,1.0
406,4,139.0,470.0,118.0,307.0,1,1,1.0
407,3,258.0,473.0,111.0,261.0,1,1,1.0
407,4,136.0,466.0,117.0,299.0,1,1,1.0
408,3,257.0,470.0,106.0,263.0,1,1,1.0
408,4,134.0,463.0,116.0,297.0,1,1,1.0
409,3,256.0,467.0,102.0,265.0,1,1,1.0
409,4,132.0,460.0,115.0,299.0,1,1,1.0
410,3,254.0,466.0,100.0,266.0,1,1,1.0
410,4,131.0,457.0,114.0,301.0,1,1,1.0
411,3,254.0,465.0,98.0,267.0,1,1,1.0
411,4,131.0,455.0,115.0,302.0,1,1,1.0
412,3,254.0,465.0,98.0,267.0,1,1,1.0
412,4,131.0,454.0,114.0,304.0,1,1,1.0
413,3,254.0,464.0,97.0,266.0,1,1,1.0
413,4,133.0,453.0,113.0,303.0,1,1,1.0
414,3,254.0,461.0,96.0,262.0,1,1,1.0
414,4,134.0,452.0,111.0,300.0,1,1,1.0
415,3,255.0,458.0,94.0,261.0,1,1,1.0
415,4,137.0,450.0,108.0,293.0,1,1,1.0
416,3,256.0,455.0,93.0,250.0,1,1,1.0
416,4,139.0,448.0,106.0,279.0,1,1,1.0
417,3,256.0,451.0,93.0,247.0,1,1,1.0
417,4,141.0,444.0,104.0,277.0,1,1,1.0
418,3,256.0,448.0,94.0,247.0,1,1,1.0
418,4,143.0,441.0,102.0,279.0,1,1,1.0
419,3,256.0,445.0,93.0,249.0,1,1,1.0
419,4,146.0,438.0,100.0,281.0,1,1,1.0
420,3,256.0,444.0,93.0,250.0,1,1,1.0
420,4,148.0,435.0,99.0,283.0,1,1,1.0
421,3,255.0,442.0,94.0,252.0,1,1,1.0
421,4,150.0,434.0,97.0,285.0,1,1,1.0
422,3,254.0,441.0,96.0,253.0,1,1,1.0
422,4,151.0,433.0,97.0,286.0,1,1,1.0
423,3,253.0,441.0,98.0,253.0,1,1,1.0
423,4,151.0,433.0,97.0,286.0,1,1,1.0
424,3,252.0,440.0,99.0,251.0,1,1,1.0
424,4,151.0,432.0,97.0,284.0,1,1,1.0
425,3,253.0,438.0,97.0,249.0,1,1,1.0
425,4,150.0,431.0,97.0,277.0,1,1,1.0
426,3,254.0,436.0,92.0,245.0,1,1,1.0
426,4,150.0,429.0,96.0,270.0,1,1,1.0
427,3,255.0,433.0,86.0,241.0,1,1,1.0
427,4,149.0,425.0,95.0,268.0,1,1,1.0
428,3,257.0,430.0,82.0,238.0,1,1,1.0
428,4,150.0,422.0,95.0,264.0,1,1,1.0
429,3,260.0,428.0,79.0,237.0,1,1,1.0
429,4,151.0,420.0,94.0,264.0,1,1,1.0
430,3,262.0,426.0,77.0,237.0,1,1,1.0
430,4,153.0,418.0,94.0,265.0,1,1,1.0
431,3,264.0,425.0,77.0,237.0,1,1,1.0
431,4,156.0,417.0,96.0,266.0,1,1,1.0
432,3,266.0,424.0,80.0,237.0,1,1,1.0
432,4,159.0,416.0,96.0,267.0,1,1,1.0
433,3,268.0,423.0,85.0,237.0,1,1,1.0
433,4,162.0,415.0,100.0,268.0,1,1,1.0
434,3,270.0,423.0,86.0,236.0,1,1,1.0
434,4,166.0,413.0,99.0,268.0,1,1,1.0
435,3,273.0,423.0,85.0,234.0,1,1,1.0
435,4,170.0,412.0,95.0,266.0,1,1,1.0
436,3,276.0,422.0,82.0,234.0,1,1,1.0
436,4,175.0,410.0,91.0,263.0,1,1,1.0
437,3,280.0,421.0,78.0,232.0,1,1,1.0
437,4,179.0,408.0,87.0,250.0,1,1,1.0
438,3,285.0,421.0,74.0,230.0,1,1,1.0
438,4,184.0,406.0,84.0,246.0,1,1,1.0
439,3,288.0,420.0,75.0,230.0,1,1,1.0
439,4,188.0,403.0,83.0,246.0,1,1,1.0
440,3,290.0,419.0,79.0,230.0,1,1,1.0
440,4,192.0,400.0,82.0,248.0,1,1,1.0
441,3,293.0,419.0,83.0,230.0,1,1,1.0
441,4,197.0,398.0,82.0,250.0,1,1,1.0
442,3,295.0,419.0,84.0,230.0,1,1,1.0
442,4,202.0,396.0,82.0,251.0,1,1,1.0
443,3,297.0,419.0,84.0,230.0,1,1,1.0
443,4,207.0,395.0,82.0,253.0,1,1,1.0
444,3,299.0,418.0,83.0,231.0,1,1,1.0
444,4,213.0,394.0,91.0,253.0,1,1,1.0
445,3,302.0,417.0,75.0,232.0,1,1,1.0
445,4,223.0,393.0,93.0,252.0,1,1,1.0
446,3,303.0,417.0,71.0,233.0,1,1,1.0
446,4,232.0,391.0,89.0,251.0,1,1,1.0
447,3,306.0,418.0,71.0,232.0,1,1,1.0
447,4,240.0,388.0,83.0,250.0,1,1,1.0
448,3,307.0,419.0,76.0,231.0,1,1,1.0
448,4,250.0,385.0,73.0,248.0,1,1,1.0
449,3,305.0,419.0,86.0,231.0,1,1,1.0
449,4,260.0,382.0,63.0,241.0,1,1,1.0
450,3,305.0,419.0,96.0,232.0,1,1,1.0
450,4,267.0,380.0,57.0,239.0,1,1,1.0
451,3,310.0,418.0,100.0,232.0,1,1,1.0
451,4,274.0,377.0,55.0,239.0,1,1,1.0
452,3,312.0,418.0,107.0,232.0,1,1,1.0
452,4,281.0,376.0,53.0,239.0,1,1,1.0
453,3,316.0,417.0,112.0,232.0,1,1,1.0
453,4,287.0,375.0,53.0,240.0,1,1,1.0
454,3,318.0,417.0,116.0,231.0,1,1,1.0
455,3,320.0,415.0,119.0,232.0,1,1,1.0
456,3,323.0,413.0,118.0,234.0,1,1,1.0
457,3,328.0,410.0,113.0,235.0,1,1,1.0
458,3,338.0,407.0,104.0,235.0,1,1,1.0
458,4,302.0,372.0,75.0,237.0,1,1,1.0
459,3,353.0,404.0,89.0,232.0,1,1,1.0
459,4,312.0,371.0,74.0,235.0,1,1,1.0
460,3,364.0,401.0,77.0,230.0,1,1,1.0
460,4,324.0,369.0,73.0,232.0,1,1,1.0
461,3,376.0,400.0,71.0,228.0,1,1,1.0
461,4,338.0,366.0,65.0,235.0,1,1,1.0
462,3,390.0,400.0,72.0,226.0,1,1,1.0
462,4,347.0,364.0,60.0,237.0,1,1,1.0
463,3,397.0,399.0,88.0,226.0,1,1,1.0
463,4,354.0,363.0,60.0,239.0,1,1,1.0
464,3,403.0,398.0,103.0,226.0,1,1,1.0
464,4,358.0,362.0,77.0,240.0,1,1,1.0
465,3,408.0,398.0,118.0,224.0,1,1,1.0
465,4,365.0,362.0,75.0,241.0,1,1,1.0
466,3,411.0,397.0,124.0,222.0,1,1,1.0
466,4,372.0,361.0,74.0,241.0,1,1,1.0
467,3,416.0,396.0,124.0,221.0,1,1,1.0
467,4,376.0,360.0,78.0,242.0,1,1,1.0
468,3,427.0,393.0,114.0,220.0,1,1,1.0
468,4,383.0,357.0,79.0,242.0,1,1,1.0
469,3,441.0,390.0,101.0,221.0,1,1,1.0
469,4,397.0,355.0,73.0,241.0,1,1,1.0
470,3,459.0,388.0,83.0,223.0,1,1,1.0
470,4,412.0,352.0,72.0,246.0,1,1,1.0
471,3,474.0,386.0,75.0,225.0,1,1,1.0
471,4,429.0,349.0,66.0,237.0,1,1,1.0
472,3,484.0,384.0,72.0,226.0,1,1,1.0
472,4,440.0,347.0,58.0,235.0,1,1,1.0
473,3,493.0,384.0,75.0,227.0,1,1,1.0
473,4,449.0,345.0,56.0,235.0,1,1,1.0
474,3,499.0,384.0,90.0,227.0,1,1,1.0
475,3,501.0,384.0,103.0,226.0,1,1,1.0
475,4,460.0,344.0,57.0,236.0,1,1,1.0
476,3,503.0,383.0,110.0,226.0,1,1,1.0
477,3,507.0,381.0,113.0,227.0,1,1,1.0
478,3,516.0,379.0,107.0,228.0,1,1,1.0
478,4,466.0,342.0,84.0,233.0,1,1,1.0
479,3,530.0,376.0,93.0,224.0,1,1,1.0
479,4,474.0,341.0,87.0,229.0,1,1,1.0
480,3,545.0,374.0,79.0,221.0,1,1,1.0
480,4,488.0,340.0,82.0,226.0,1,1,1.0
481,3,556.0,371.0,73.0,218.0,1,1,1.0
481,4,506.0,338.0,71.0,229.0,1,1,1.0
482,3,566.0,369.0,72.0,219.0,1,1,1.0
482,4,520.0,336.0,65.0,232.0,1,1,1.0
483,3,576.0,368.0,76.0,220.0,1,1,1.0
483,4,529.0,334.0,61.0,234.0,1,1,1.0
484,3,583.0,367.0,91.0,221.0,1,1,1.0
484,4,535.0,333.0,61.0,236.0,1,1,1.0
485,3,588.0,368.0,107.0,218.0,1,1,1.0
486,3,590.0,367.0,115.0,217.0,1,1,1.0
487,3,593.0,365.0,118.0,216.0,1,1,1.0
488,3,602.0,364.0,111.0,213.0,1,1,1.0
488,4,561.0,328.0,83.0,236.0,1,1,1.0
489,3,616.0,362.0,97.0,210.0,1,1,1.0
489,4,573.0,326.0,76.0,233.0,1,1,1.0
490,3,635.0,360.0,78.0,210.0,1,1,1.0
490,4,586.0,323.0,71.0,237.0,1,1,1.0
491,3,649.0,357.0,69.0,212.0,1,1,1.0
491,4,600.0,321.0,65.0,229.0,1,1,1.0
492,3,658.0,355.0,70.0,214.0,1,1,1.0
492,4,609.0,319.0,60.0,228.0,1,1,1.0
493,3,665.0,354.0,74.0,215.0,1,1,1.0
493,4,617.0,318.0,61.0,226.0,1,1,1.0
494,3,671.0,354.0,82.0,215.0,1,1,1.0
495,3,673.0,355.0,93.0,214.0,1,1,1.0
496,3,675.0,354.0,100.0,214.0,1,1,1.0
497,3,678.0,354.0,103.0,214.0,1,1,1.0
498,3,685.0,351.0,101.0,215.0,1,1,1.0
499,3,696.0,349.0,92.0,213.0,1,1,1.0
499,4,642.0,315.0,85.0,218.0,1,1,1.0
500,3,712.0,346.0,78.0,211.0,1,1,1.0
500,4,653.0,314.0,81.0,218.0,1,1,1.0
501,3,725.0,344.0,67.0,210.0,1,1,1.0
501,4,668.0,312.0,70.0,219.0,1,1,1.0
502,3,733.0,342.0,67.0,210.0,1,1,1.0
502,4,683.0,310.0,68.0,221.0,1,1,1.0
503,3,741.0,341.0,70.0,210.0,1,1,1.0
503,4,691.0,309.0,63.0,223.0,1,1,1.0
504,3,746.0,340.0,84.0,210.0,1,1,1.0
504,4,697.0,308.0,61.0,223.0,1,1,1.0
505,3,750.0,341.0,97.0,210.0,1,1,1.0
505,4,701.0,308.0,72.0,223.0,1,1,1.0
507,3,755.0,341.0,107.0,206.0,1,1,1.0
507,4,707.0,309.0,77.0,222.0,1,1,1.0
508,3,757.0,340.0,108.0,204.0,1,1,1.0
508,4,710.0,308.0,89.0,222.0,1,1,1.0
509,3,765.0,339.0,102.0,202.0,1,1,1.0
509,4,716.0,307.0,85.0,223.0,1,1,1.0
510,3,778.0,336.0,89.0,202.0,1,1,1.0
510,4,728.0,305.0,76.0,225.0,1,1,1.0
511,3,793.0,333.0,76.0,202.0,1,1,1.0
511,4,740.0,302.0,68.0,218.0,1,1,1.0
512,3,808.0,331.0,68.0,204.0,1,1,1.0
512,4,755.0,300.0,60.0,215.0,1,1,1.0
513,3,817.0,330.0,70.0,205.0,1,1,1.0
513,4,764.0,298.0,59.0,214.0,1,1,1.0
514,3,824.0,329.0,76.0,206.0,1,1,1.0
514,4,770.0,297.0,65.0,215.0,1,1,1.0
515,3,827.0,330.0,85.0,205.0,1,1,1.0
515,4,775.0,297.0,67.0,214.0,1,1,1.0
516,3,830.0,329.0,93.0,204.0,1,1,1.0
516,4,776.0,297.0,79.0,215.0,1,1,1.0
517,3,832.0,330.0,97.0,203.0,1,1,1.0
517,4,778.0,298.0,84.0,214.0,1,1,1.0
518,3,836.0,329.0,98.0,203.0,1,1,1.0
518,4,777.0,298.0,110.0,213.0,1,1,1.0
519,3,846.0,326.0,93.0,203.0,1,1,1.0
519,4,783.0,297.0,100.0,212.0,1,1,1.0
520,3,856.0,323.0,83.0,200.0,1,1,1.0
520,4,788.0,295.0,94.0,214.0,1,1,1.0
521,3,868.0,321.0,75.0,198.0,1,1,1.0
521,4,801.0,295.0,81.0,209.0,1,1,1.0
522,3,876.0,319.0,67.0,197.0,1,1,1.0
522,4,815.0,293.0,73.0,209.0,1,1,1.0
523,3,883.0,318.0,64.0,197.0,1,1,1.0
523,4,829.0,291.0,63.0,210.0,1,1,1.0
524,3,888.0,318.0,73.0,196.0,1,1,1.0
524,4,835.0,290.0,61.0,211.0,1,1,1.0
525,3,892.0,318.0,85.0,197.0,1,1,1.0
525,4,838.0,290.0,64.0,212.0,1,1,1.0
526,3,894.0,318.0,93.0,196.0,1,1,1.0
526,4,841.0,289.0,73.0,213.0,1,1,1.0
527,3,897.0,319.0,97.0,193.0,1,1,1.0
527,4,846.0,289.0,73.0,213.0,1,1,1.0
528,3,898.0,318.0,100.0,193.0,1,1,1.0
528,4,850.0,289.0,74.0,212.0,1,1,1.0
529,3,903.0,316.0,98.0,191.0,1,1,1.0
529,4,855.0,288.0,74.0,214.0,1,1,1.0
530,3,919.0,313.0,83.0,189.0,1,1,1.0
530,4,861.0,287.0,73.0,214.0,1,1,1.0
531,3,926.0,312.0,77.0,190.0,1,1,1.0
531,4,867.0,286.0,73.0,211.0,1,1,1.0
532,3,938.0,310.0,69.0,191.0,1,1,1.0
532,4,878.0,285.0,66.0,206.0,1,1,1.0
533,3,950.0,308.0,67.0,193.0,1,1,1.0
533,4,891.0,283.0,58.0,203.0,1,1,1.0
534,3,954.0,306.0,73.0,194.0,1,1,1.0
534,4,900.0,282.0,57.0,203.0,1,1,1.0
535,3,958.0,306.0,78.0,194.0,1,1,1.0
535,4,906.0,280.0,57.0,203.0,1,1,1.0
536,3,962.0,306.0,84.0,194.0,1,1,1.0
536,4,911.0,280.0,61.0,203.0,1,1,1.0
537,3,965.0,307.0,89.0,193.0,1,1,1.0
537,4,915.0,280.0,69.0,203.0,1,1,1.0
538,3,968.0,307.0,92.0,193.0,1,1,1.0
538,4,917.0,280.0,74.0,202.0,1,1,1.0
539,3,971.0,305.0,93.0,193.0,1,1,1.0
539,4,916.0,280.0,80.0,201.0,1,1,1.0
540,3,980.0,304.0,87.0,190.0,1,1,1.0
540,4,919.0,281.0,82.0,201.0,1,1,1.0
541,3,990.0,303.0,79.0,188.0,1,1,1.0
541,4,923.0,280.0,83.0,200.0,1,1,1.0
542,3,1001.0,302.0,69.0,186.0,1,1,1.0
542,4,934.0,276.0,76.0,199.0,1,1,1.0
543,3,1008.0,300.0,63.0,187.0,1,1,1.0
543,4,945.0,275.0,71.0,199.0,1,1,1.0
544,3,1012.0,298.0,61.0,188.0,1,1,1.0
544,4,956.0,275.0,64.0,199.0,1,1,1.0
545,3,1016.0,298.0,63.0,188.0,1,1,1.0
545,4,962.0,273.0,61.0,199.0,1,1,1.0
546,3,1019.0,298.0,73.0,187.0,1,1,1.0
546,4,965.0,273.0,64.0,200.0,1,1,1.0
547,3,1022.0,299.0,82.0,186.0,1,1,1.0
547,4,967.0,273.0,67.0,201.0,1,1,1.0
548,3,1024.0,299.0,86.0,184.0,1,1,1.0
548,4,968.0,273.0,72.0,201.0,1,1,1.0
549,3,1026.0,299.0,87.0,183.0,1,1,1.0
549,4,971.0,273.0,75.0,200.0,1,1,1.0
550,3,1029.0,300.0,85.0,181.0,1,1,1.0
550,4,975.0,274.0,75.0,199.0,1,1,1.0
551,3,1037.0,299.0,82.0,178.0,1,1,1.0
551,4,982.0,274.0,74.0,200.0,1,1,1.0
552,3,1044.0,299.0,79.0,177.0,1,1,1.0
552,4,989.0,274.0,71.0,195.0,1,1,1.0
553,3,1055.0,298.0,73.0,177.0,1,1,1.0
553,4,997.0,272.0,65.0,191.0,1,1,1.0
554,3,1067.0,296.0,67.0,179.0,1,1,1.0
554,4,1006.0,271.0,60.0,188.0,1,1,1.0
555,3,1074.0,294.0,68.0,180.0,1,1,1.0
555,4,1015.0,269.0,57.0,189.0,1,1,1.0
556,3,1077.0,294.0,72.0,181.0,1,1,1.0
556,4,1021.0,268.0,57.0,189.0,1,1,1.0
557,3,1080.0,295.0,78.0,180.0,1,1,1.0
557,4,1024.0,267.0,63.0,190.0,1,1,1.0
558,3,1083.0,296.0,84.0,179.0,1,1,1.0
558,4,1026.0,267.0,70.0,189.0,1,1,1.0
559,3,1085.0,297.0,88.0,178.0,1,1,1.0
559,4,1027.0,268.0,74.0,188.0,1,1,1.0
560,3,1089.0,297.0,89.0,177.0,1,1,1.0
560,4,1028.0,269.0,78.0,187.0,1,1,1.0
561,3,1096.0,295.0,85.0,177.0,1,1,1.0
561,4,1030.0,269.0,81.0,187.0,1,1,1.0
562,3,1107.0,294.0,75.0,175.0,1,1,1.0
562,4,1036.0,269.0,76.0,185.0,1,1,1.0
563,3,1119.0,293.0,65.0,174.0,1,1,1.0
563,4,1045.0,268.0,70.0,184.0,1,1,1.0
564,3,1127.0,292.0,59.0,174.0,1,1,1.0
564,4,1057.0,266.0,65.0,185.0,1,1,1.0
565,3,1131.0,291.0,54.0,174.0,1,1,1.0
565,4,1065.0,263.0,62.0,187.0,1,1,1.0
566,3,1135.0,292.0,59.0,173.0,1,1,1.0
566,4,1070.0,263.0,64.0,188.0,1,1,1.0
567,3,1136.0,292.0,69.0,173.0,1,1,1.0
567,4,1072.0,263.0,68.0,188.0,1,1,1.0
567,5,1164.0,231.0,29.0,51.0,1,1,1.0
567,6,1165.0,253.0,50.0,57.0,1,1,1.0
568,3,1138.0,292.0,76.0,172.0,1,1,1.0
568,4,1075.0,263.0,72.0,188.0,1,1,1.0
569,3,1139.0,288.0,80.0,175.0,1,1,1.0
569,4,1077.0,264.0,76.0,186.0,1,1,1.0
570,3,1141.0,288.0,81.0,175.0,1,1,1.0
570,4,1080.0,265.0,78.0,185.0,1,1,1.0
571,3,1145.0,288.0,77.0,172.0,1,1,1.0
571,4,1084.0,265.0,78.0,184.0,1,1,1.0
572,3,1151.0,291.0,73.0,167.0,1,1,1.0
572,4,1090.0,265.0,77.0,184.0,1,1,1.0
573,3,1160.0,294.0,70.0,163.0,1,1,1.0
573,4,1098.0,264.0,73.0,181.0,1,1,1.0
574,3,1171.0,292.0,66.0,165.0,1,1,1.0
574,4,1106.0,263.0,67.0,178.0,1,1,1.0
575,3,1182.0,290.0,64.0,166.0,1,1,1.0
575,4,1114.0,262.0,62.0,178.0,1,1,1.0
576,3,1187.0,289.0,68.0,167.0,1,1,1.0
576,4,1122.0,261.0,58.0,179.0,1,1,1.0
577,3,1190.0,288.0,74.0,169.0,1,1,1.0
577,4,1125.0,261.0,60.0,178.0,1,1,1.0
578,3,1192.0,288.0,79.0,169.0,1,1,1.0
578,4,1126.0,271.0,67.0,168.0,1,1,1.0
579,3,1194.0,287.0,83.0,169.0,1,1,1.0
579,4,1126.0,276.0,75.0,162.0,1,1,1.0
580,3,1196.0,289.0,85.0,168.0,1,1,1.0
580,4,1127.0,273.0,81.0,165.0,1,1,1.0
581,3,1198.0,287.0,86.0,168.0,1,1,1.0
581,4,1129.0,269.0,82.0,168.0,1,1,1.0
582,3,1206.0,287.0,79.0,166.0,1,1,1.0
582,4,1134.0,267.0,80.0,170.0,1,1,1.0
583,3,1217.0,287.0,70.0,163.0,1,1,1.0
583,4,1143.0,267.0,74.0,169.0,1,1,1.0
584,3,1226.0,286.0,61.0,162.0,1,1,1.0
584,4,1153.0,265.0,68.0,170.0,1,1,1.0
585,3,1231.0,285.0,54.0,163.0,1,1,1.0
585,4,1165.0,263.0,60.0,173.0,1,1,1.0
586,3,1236.0,285.0,55.0,163.0,1,1,1.0
586,4,1170.0,262.0,61.0,174.0,1,1,1.0
587,3,1239.0,285.0,58.0,163.0,1,1,1.0
587,4,1178.0,261.0,59.0,175.0,1,1,1.0
588,3,1239.0,284.0,64.0,162.0,1,1,1.0
588,4,1181.0,261.0,60.0,175.0,1,1,1.0
589,3,1240.0,286.0,68.0,161.0,1,1,1.0
589,4,1184.0,263.0,63.0,174.0,1,1,1.0
590,3,1241.0,286.0,71.0,160.0,1,1,1.0
590,4,1186.0,274.0,66.0,163.0,1,1,1.0
591,3,1243.0,286.0,71.0,158.0,1,1,1.0
591,4,1189.0,276.0,66.0,160.0,1,1,1.0
592,3,1249.0,284.0,69.0,157.0,1,1,1.0
592,4,1194.0,266.0,67.0,170.0,1,1,1.0
593,3,1253.0,285.0,66.0,155.0,1,1,1.0
593,4,1197.0,263.0,65.0,171.0,1,1,1.0
594,3,1262.0,283.0,62.0,156.0,1,1,1.0
594,4,1204.0,261.0,62.0,171.0,1,1,1.0
595,3,1273.0,282.0,57.0,157.0,1,1,1.0
595,4,1211.0,259.0,58.0,169.0,1,1,1.0
596,3,1280.0,280.0,59.0,157.0,1,1,1.0
596,4,1218.0,257.0,55.0,169.0,1,1,1.0
597,3,1282.0,280.0,63.0,158.0,1,1,1.0
597,4,1223.0,257.0,53.0,170.0,1,1,1.0
598,4,1225.0,257.0,53.0,169.0,1,1,1.0
599,3,1285.0,281.0,70.0,156.0,1,1,1.0
599,4,1227.0,257.0,57.0,169.0,1,1,1.0
600,3,1287.0,282.0,75.0,156.0,1,1,1.0
600,4,1228.0,258.0,62.0,168.0,1,1,1.0
601,3,1293.0,282.0,75.0,155.0,1,1,1.0
601,4,1230.0,258.0,67.0,167.0,1,1,1.0
602,3,1295.0,282.0,72.0,154.0,1,1,1.0
602,4,1230.0,259.0,67.0,166.0,1,1,1.0
603,3,1302.0,281.0,66.0,152.0,1,1,1.0
603,4,1232.0,259.0,67.0,165.0,1,1,1.0
604,3,1309.0,280.0,59.0,151.0,1,1,1.0
604,4,1239.0,258.0,64.0,163.0,1,1,1.0
605,3,1315.0,279.0,53.0,152.0,1,1,1.0
605,4,1247.0,258.0,61.0,163.0,1,1,1.0
606,3,1319.0,279.0,49.0,152.0,1,1,1.0
606,4,1256.0,256.0,57.0,164.0,1,1,1.0
607,3,1322.0,278.0,50.0,152.0,1,1,1.0
607,4,1261.0,255.0,58.0,166.0,1,1,1.0
608,3,1323.0,278.0,53.0,152.0,1,1,1.0
608,4,1264.0,254.0,59.0,167.0,1,1,1.0
609,3,1324.0,279.0,58.0,151.0,1,1,1.0
609,4,1266.0,254.0,60.0,167.0,1,1,1.0
610,3,1325.0,280.0,60.0,149.0,1,1,1.0
610,4,1269.0,256.0,62.0,166.0,1,1,1.0
611,3,1327.0,281.0,60.0,148.0,1,1,1.0
611,4,1271.0,257.0,65.0,164.0,1,1,1.0
612,3,1329.0,281.0,59.0,147.0,1,1,1.0
612,4,1272.0,257.0,66.0,164.0,1,1,1.0
613,3,1333.0,280.0,58.0,146.0,1,1,1.0
613,4,1276.0,257.0,64.0,163.0,1,1,1.0
614,3,1338.0,279.0,58.0,146.0,1,1,1.0
614,4,1281.0,256.0,62.0,161.0,1,1,1.0
615,3,1346.0,278.0,55.0,147.0,1,1,1.0
615,4,1287.0,255.0,59.0,159.0,1,1,1.0
616,3,1352.0,277.0,55.0,147.0,1,1,1.0
616,4,1294.0,255.0,54.0,158.0,1,1,1.0
617,3,1354.0,277.0,58.0,148.0,1,1,1.0
617,4,1299.0,254.0,51.0,157.0,1,1,1.0
618,3,1356.0,277.0,60.0,148.0,1,1,1.0
618,4,1304.0,253.0,48.0,156.0,1,1,1.0
619,3,1357.0,277.0,64.0,148.0,1,1,1.0
619,4,1307.0,253.0,48.0,157.0,1,1,1.0
620,3,1359.0,278.0,67.0,146.0,1,1,1.0
620,4,1307.0,253.0,54.0,157.0,1,1,1.0
